4.463857
4.463857
4.463857
4.463857
4.463857
4.463857
4.463857
4.463857
4.463953
4.464366
4.464921
4.465586
4.466389
4.467357
4.468423
4.469676
4.471098
4.472678
4.474262
4.475934
4.477786
4.479811
4.481947
4.484164
4.486588
4.489195
4.491891
4.494650
4.497599
4.500688
4.503911
4.507315
4.510734
4.514383
4.518152
4.522091
4.526011
4.530208
4.534447
4.538842
4.543436
4.548121
4.552990
4.557951
4.563059
4.568384
4.573771
4.579361
4.584982
4.590833
4.596816
4.602928
4.609202
4.615574
4.622091
4.628733
4.635549
4.642389
4.649490
4.656641
4.663931
4.671409
4.678947
4.686830
4.694628
4.702541
4.710879
4.719229
4.727492
4.736058
4.744896
4.753714
4.762663
4.771939
4.781167
4.790634
4.800284
4.810012
4.819795
4.829969
4.840111
4.850489
4.860958
4.871629
4.882373
4.893357
4.904305
4.915803
4.926928
4.938466
4.949958
4.961964
4.973876
4.985839
4.998204
5.010592
5.023095
5.035888
5.048639
5.061591
5.074789
5.087972
5.101277
5.115002
5.128664
5.142497
5.156470
5.170022
5.183977
5.197903
5.211592
5.225853
5.239719
5.253770
5.267387
5.281568
5.295592
5.309308
5.323258
5.337202
5.350861
5.364771
5.378679
5.392401
5.406332
5.419947
5.433935
5.447840
5.461313
5.475218
5.489069
5.502790
5.516512
5.530351
5.544175
5.557693
5.571724
5.585317
5.599063
5.612988
5.626759
5.640229
5.654121
5.667562
5.681439
5.695161
5.708817
5.722563
5.736399
5.750028
5.763702
5.777589
5.791317
5.804937
5.818851
5.832312
5.846166
5.859699
5.873382
5.887044
5.900811
5.914431
5.928039
5.941797
5.955270
5.968890
5.982678
5.996238
6.009634
6.023349
6.036924
6.050413
6.064108
6.077530
6.091000
6.104824
6.118103
6.131435
6.144995
6.158283
6.171750
6.185101
6.198469
6.211873
6.225205
6.238454
6.251796
6.265137
6.278454
0.008536
0.021919
0.034997
0.048240
0.061716
0.074701
0.088096
0.101420
0.114599
0.127929
0.141264
0.154471
0.167737
0.181007
0.194201
0.207753
0.220938
0.234145
0.247579
0.260759
0.273825
0.287373
0.300600
0.313876
0.327310
0.340400
0.353765
0.366984
0.380092
0.393430
0.406694
0.419879
0.433110
0.446367
0.459517
0.472769
0.486116
0.499230
0.512191
0.525562
0.538919
0.551640
0.565086
0.578131
0.591149
0.604281
0.617313
0.630496
0.643538
0.656529
0.669702
0.682810
0.695693
0.708660
0.721735
0.734600
0.747660
0.760896
0.773654
0.786618
0.799737
0.812662
0.825440
0.838617
0.851422
0.864413
0.877659
0.890533
0.903410
0.916455
0.929505
0.942409
0.955613
0.968571
0.981490
0.994676
1.007643
1.020682
1.033840
1.046678
1.059744
1.073020
1.085948
1.098977
1.112064
1.125124
1.138226
1.151402
1.164456
1.177483
1.190570
1.203735
1.216668
1.229833
1.242866
1.255971
1.269073
1.282174
1.295261
1.308294
1.321174
1.334422
1.347404
1.360686
1.373473
1.386793
1.399593
1.412620
1.425730
1.438598
1.451703
1.464733
1.477601
1.490628
1.503667
1.516685
1.529702
1.542511
1.555633
1.568492
1.581507
1.594435
1.607441
1.620471
1.633483
1.646498
1.659528
1.672480
1.685476
1.698587
1.711605
1.724644
1.737722
1.750763
1.763862
1.776916
1.789877
1.802949
1.816119
1.829194
1.842167
1.855323
1.868446
1.881541
1.894673
1.907628
1.920697
1.934197
1.946954
1.960122
1.973215
1.986358
1.999367
2.012619
2.025652
2.038651
2.051768
2.064882
2.077936
2.090882
2.103906
2.117001
2.130121
2.143001
2.156013
2.169187
2.182025
2.195085
2.208061
2.220896
2.233976
2.246805
2.259868
2.272604
2.285625
2.298383
2.311370
2.324191
2.336978
2.349996
2.362852
2.375633
2.388372
2.401285
2.414033
2.426862
2.439826
2.452512
2.465383
2.478464
2.491002
2.503939
2.516837
2.529633
2.542372
2.555276
2.567956
2.580926
2.593902
2.606551
2.619386
2.632341
2.644972
2.658149
2.670837
2.683589
2.696424
2.709388
2.722028
2.734881
2.747830
2.760476
2.773263
2.786123
2.798730
2.811619
2.824439
2.837196
2.849780
2.862669
2.875234
2.888087
2.900839
2.913506
2.926191
2.938900
2.951550
2.964109
2.977031
2.989498
3.002009
3.014707
3.027224
3.039796
3.052778
3.065007
3.077555
3.090174
3.102641
3.115102
3.127598
3.140184
3.152591
3.165258
3.177587
3.190126
3.202697
3.215155
3.227546
3.240040
3.252510
3.265033
3.277563
3.289966
3.302379
3.315022
3.327351
3.340007
3.352473
3.364952
3.377379
3.389969
3.402333
3.414941
3.427563
3.439733
3.452487
3.464726
3.477268
3.489686
3.502303
3.514629
3.527083
3.539595
3.552148
3.564489
3.576866
3.589251
3.601688
3.614128
3.626468
3.638872
3.651174
3.663620
3.676086
3.688268
3.700815
3.713012
3.725332
3.737655
3.749918
3.762265
3.774450
3.786704
3.799098
3.811214
3.823516
3.835704
3.847781
3.859978
3.872481
3.884420
3.896743
3.908877
3.921092
3.933136
3.945345
3.957587
3.969649
3.981909
3.994070
4.006186
4.018383
4.030576
4.042752
4.055024
4.066981
4.079280
4.091591
4.103734
4.115835
4.128134
4.140307
4.152492
4.164758
4.177042
4.189329
4.201546
4.213728
4.226102
4.238194
4.250556
4.262552
4.275049
4.287263
4.299422
4.311759
4.323848
4.336198
4.348500
4.360676
4.373013
4.385231
4.397677
4.409637
4.421924
4.434112
4.446351
4.458716
4.470775
4.483077
4.495181
4.507369
4.519506
4.531778
4.543873
4.556108
4.568384
4.580497
4.592823
4.604756
4.616923
4.629261
4.641253
4.653378
4.665599
4.677787
4.689930
4.702065
4.714049
4.726414
4.738443
4.750517
4.762561
4.774935
4.787027
4.799086
4.811289
4.823524
4.835662
4.847832
4.860032
4.872247
4.884447
4.896554
4.908858
4.921049
4.933303
4.945506
4.957670
4.970080
4.982220
4.994477
5.006608
5.018898
5.031298
5.043366
5.055668
5.067925
5.080113
5.092487
5.104692
5.116785
5.129003
5.141394
5.153411
5.165557
5.178069
5.190056
5.202274
5.214672
5.226650
5.238808
5.251047
5.263244
5.275324
5.287554
5.299646
5.311666
5.323887
5.335937
5.348041
5.360112
5.372162
5.384042
5.396407
5.408379
5.420309
5.432326
5.444295
5.456289
5.468300
5.480200
5.492185
5.504169
5.516063
5.528039
5.540031
5.551845
5.563802
5.575927
5.587609
5.599716
5.611578
5.623598
5.635273
5.647296
5.659391
5.671118
5.683324
5.694967
5.706993
5.718926
5.730796
5.742688
5.754852
5.766653
5.778481
5.790469
5.802289
5.814200
5.826149
5.837956
5.849916
5.861844
5.873687
5.885519
5.897443
5.909331
5.921040
5.933210
5.944814
5.956828
5.968594
5.980212
5.992041
6.004103
6.015646
6.027667
6.039240
6.051060
6.062789
6.074759
6.086195
6.098095
6.109737
6.121476
6.133092
6.144864
6.156419
6.168173
6.179761
6.191389
6.202981
6.214782
6.226248
6.237987
6.249497
6.261008
6.272600
0.000965
0.012550
0.024031
0.035719
0.047194
0.058750
0.070270
0.081756
0.093357
0.104946
0.116490
0.128078
0.139559
0.151139
0.162707
0.174254
0.185738
0.197392
0.209086
0.220504
0.231991
0.243723
0.255117
0.266688
0.278190
0.289713
0.301499
0.313016
0.324425
0.335948
0.347638
0.359068
0.370600
0.382081
0.393661
0.405166
0.416760
0.428166
0.439716
0.451227
0.462735
0.474162
0.485837
0.497145
0.508646
0.520139
0.531578
0.542891
0.554552
0.565808
0.577346
0.588740
0.600074
0.611471
0.622925
0.634241
0.645668
0.657050
0.668408
0.679709
0.691187
0.702389
0.713834
0.725192
0.736326
0.747669
0.759042
0.770286
0.781572
0.792900
0.804156
0.815437
0.826747
0.838036
0.849298
0.860632
0.871903
0.883207
0.894452
0.905915
0.917123
0.928559
0.939806
0.951092
0.962435
0.973619
0.985040
0.996449
1.007730
1.019070
1.030431
1.041675
1.053258
1.064550
1.075929
1.087242
1.098645
1.110006
1.121469
1.132797
1.144110
1.155513
1.166928
1.178226
1.189728
1.201080
1.212393
1.223616
1.235100
1.246635
1.257783
1.269267
1.280532
1.291891
1.303365
1.314643
1.326004
1.337517
1.348603
1.359946
1.371472
1.382653
1.393978
1.405363
1.416595
1.427971
1.439255
1.450520
1.461713
1.473065
1.484600
1.495667
1.507088
1.518260
1.529547
1.540875
1.552029
1.563318
1.574592
1.585774
1.597069
1.608406
1.619539
1.631107
1.642201
1.653616
1.664881
1.676174
1.687391
1.698755
1.710158
1.721399
1.732637
1.744028
1.755413
1.766837
1.778174
1.789454
1.800816
1.812234
1.823717
1.835003
1.846299
1.857765
1.869150
1.880580
1.891944
1.903206
1.914621
1.925832
1.937466
1.948842
1.960092
1.971504
1.982868
1.994313
2.005590
2.017080
2.028420
2.039853
2.051172
2.062602
2.073882
2.085270
2.096517
2.107869
2.119147
2.130520
2.141716
2.152963
2.164177
2.175556
2.186759
2.198176
2.209382
2.220569
2.231828
2.243105
2.254251
2.265603
2.276631
2.287860
2.299018
2.310232
2.321392
2.332514
2.343758
2.354795
2.365935
2.377155
2.388318
2.399371
2.410552
2.421664
2.432792
2.443976
2.455043
2.466198
2.477505
2.488401
2.499727
2.510656
2.521822
2.533019
2.544101
2.555196
2.566347
2.577489
2.588569
2.599699
2.610907
2.621990
2.633096
2.644376
2.655294
2.666403
2.677770
2.688637
2.699899
2.710877
2.722157
2.733125
2.744265
2.755374
2.766448
2.777665
2.788633
2.799650
2.810900
2.821881
2.832738
2.844027
2.854981
2.865920
2.877023
2.888016
2.898960
2.910093
2.920951
2.931899
2.942927
2.953998
2.964924
2.975842
2.986696
2.997659
3.008613
3.019398
3.030325
3.041270
3.051987
3.062979
3.073735
3.084883
3.095456
3.106470
3.117133
3.128000
3.138665
3.149643
3.160384
3.171215
3.181935
3.192726
3.203605
3.214331
3.225090
3.235870
3.246709
3.257492
3.268227
3.279037
3.289745
3.300629
3.311400
3.322186
3.333020
3.343665
3.354435
3.365344
3.376112
3.386805
3.397692
3.408367
3.419171
3.429960
3.440752
3.451520
3.462314
3.473031
3.483793
3.494687
3.505317
3.516070
3.526874
3.537608
3.548400
3.558994
3.569831
3.580482
3.591193
3.601919
3.612588
3.623275
3.633986
3.644615
3.655377
3.666019
3.676607
3.687369
3.697867
3.708554
3.719244
3.729805
3.740319
3.750957
3.761525
3.772182
3.782671
3.793385
3.803754
3.814243
3.824780
3.835392
3.845849
3.856488
3.866959
3.877616
3.887847
3.898510
3.908850
3.919492
3.929714
3.940392
3.950735
3.961272
3.971716
3.982133
3.992655
4.003120
4.013556
4.024027
4.034567
4.044991
4.055449
4.065996
4.076530
4.087094
4.097520
4.107872
4.118361
4.128985
4.139372
4.149865
4.160524
4.170903
4.181389
4.191914
4.202388
4.212898
4.223477
4.233949
4.244507
4.254996
4.265548
4.276058
4.286607
4.297022
4.307592
4.318078
4.328585
4.339015
4.349669
4.360002
4.370701
4.381055
4.391760
4.402117
4.412631
4.423039
4.433489
4.444083
4.454441
4.464948
4.475473
4.485914
4.496331
4.506845
4.517193
4.527604
4.538073
4.548481
4.558910
4.569372
4.579823
4.590171
4.600705
4.610949
4.621417
4.631768
4.642117
4.652477
4.662804
4.673245
4.683597
4.694056
4.704311
4.714714
4.725104
4.735425
4.745891
4.756215
4.766567
4.776999
4.787312
4.797693
4.808080
4.818485
4.828672
4.839245
4.849599
4.859945
4.870326
4.880791
4.891235
4.901560
4.912001
4.922403
4.932881
4.943313
4.953715
4.964087
4.974517
4.984892
4.995297
5.005679
5.016147
5.026615
5.037030
5.047438
5.057792
5.068374
5.078738
5.089074
5.099599
5.110008
5.120401
5.130779
5.141140
5.151542
5.161995
5.172403
5.182755
5.193139
5.203512
5.213803
5.224274
5.234524
5.244878
5.255283
5.265578
5.275860
5.286269
5.296467
5.306744
5.317086
5.327389
5.337570
5.347858
5.358138
5.368321
5.378583
5.388961
5.399061
5.409164
5.419314
5.429654
5.439726
5.449835
5.460172
5.470202
5.480362
5.490501
5.500672
5.510835
5.520895
5.530953
5.541113
5.551345
5.561339
5.571496
5.581527
5.591582
5.601789
5.611940
5.622102
5.632169
5.642218
5.652213
5.662382
5.672496
5.682542
5.692621
5.702780
5.712835
5.722991
5.733082
5.743125
5.753222
5.763400
5.773433
5.783353
5.793453
5.803588
5.813739
5.823665
5.833876
5.843787
5.853950
5.863920
5.874068
5.884000
5.894070
5.904043
5.914110
5.924108
5.934073
5.944116
5.954153
5.963992
5.974241
5.983996
5.993973
6.004043
6.013867
6.023838
6.033833
6.043630
6.053634
6.063586
6.073458
6.083322
6.093340
6.102970
6.113063
6.122749
6.132717
6.142473
6.152287
6.162070
6.171909
6.181736
6.191524
6.201249
6.211094
6.220915
6.230587
6.240386
6.250094
6.259894
6.269649
6.279347
0.005836
0.015606
0.025395
0.034964
0.044722
0.054318
0.064053
0.073844
0.083479
0.093216
0.102986
0.112622
0.122479
0.132003
0.141872
0.151469
0.161254
0.170814
0.180545
0.190286
0.200038
0.209691
0.219428
0.229090
0.238756
0.248472
0.258182
0.267799
0.277627
0.287226
0.296966
0.306712
0.316318
0.325998
0.335771
0.345370
0.355081
0.364632
0.374381
0.383990
0.393718
0.403380
0.412967
0.422660
0.432301
0.441954
0.451572
0.461231
0.470839
0.480522
0.490014
0.499613
0.509288
0.518848
0.528408
0.538128
0.547595
0.557227
0.566764
0.576291
0.585843
0.595409
0.604940
0.614554
0.624064
0.633552
0.643121
0.652616
0.662089
0.671734
0.681150
0.690633
0.700038
0.709529
0.719056
0.728383
0.737929
0.747390
0.756804
0.766337
0.775703
0.785269
0.794569
0.804094
0.813489
0.822981
0.832376
0.841742
0.851257
0.860533
0.870046
0.879579
0.888981
0.898418
0.907952
0.917240
0.926794
0.936208
0.945711
0.955083
0.964634
0.974117
0.983437
0.993115
1.002313
1.011852
1.021290
1.030907
1.040324
1.049716
1.059208
1.068693
1.078269
1.087670
1.097183
1.106737
1.116142
1.125708
1.135149
1.144577
1.154045
1.163587
1.173076
1.182480
1.192020
1.201473
1.211066
1.220432
1.230073
1.239400
1.248945
1.258251
1.267886
1.277327
1.286758
1.296187
1.305765
1.315089
1.324452
1.334042
1.343417
1.352782
1.362331
1.371639
1.381143
1.390661
1.399973
1.409489
1.418866
1.428280
1.437619
1.447065
1.456476
1.465824
1.475294
1.484705
1.493986
1.503475
1.512706
1.522158
1.531500
1.540875
1.550180
1.559588
1.568906
1.578262
1.587721
1.597048
1.606413
1.615788
1.625127
1.634441
1.643843
1.653140
1.662604
1.672039
1.681303
1.690770
1.700175
1.709616
1.718852
1.728350
1.737793
1.746994
1.756624
1.765864
1.775190
1.784918
1.794152
1.803605
1.813054
1.822447
1.831837
1.841310
1.850688
1.860161
1.869518
1.878980
1.888444
1.897828
1.907271
1.916571
1.926266
1.935419
1.944980
1.954387
1.963744
1.973134
1.982655
1.991988
2.001435
2.010830
2.020265
2.029567
2.039101
2.048389
2.057751
2.067192
2.076581
2.085947
2.095331
2.104517
2.113900
2.123329
2.132659
2.141968
2.151492
2.160705
2.170118
2.179319
2.188517
2.198057
2.207311
2.216486
2.225773
2.235202
2.244397
2.253577
2.262990
2.272065
2.281431
2.290635
2.299830
2.309057
2.318375
2.327474
2.336789
2.345834
2.355158
2.364245
2.373461
2.382623
2.391728
2.401069
2.410252
2.419246
2.428633
2.437612
2.446888
2.456035
2.465170
2.474368
2.483647
2.492656
2.501884
2.511178
2.520256
2.529418
2.538478
2.547729
2.556906
2.566050
2.575200
2.584431
2.593527
2.602698
2.611908
2.621022
2.630187
2.639544
2.648442
2.657768
2.666892
2.676092
2.685147
2.694305
2.703404
2.712605
2.721719
2.730722
2.739830
2.748992
2.758229
2.767244
2.776496
2.785517
2.794565
2.803718
2.812880
2.821820
2.831007
2.840055
2.849106
2.858169
2.867337
2.876214
2.885304
2.894451
2.903409
2.912409
2.921443
2.930511
2.939572
2.948536
2.957503
2.966497
2.975443
2.984387
2.993495
3.002267
3.011417
3.020234
3.029145
3.038067
3.047031
3.055882
3.064855
3.073750
3.082591
3.091457
3.100376
3.109208
3.118092
3.127026
3.135840
3.144643
3.153547
3.162343
3.171212
3.180017
3.188802
3.197664
3.206559
3.215412
3.224122
3.232990
3.241778
3.250679
3.259475
3.268341
3.277017
3.285949
3.294745
3.303545
3.312470
3.321245
3.330018
3.338844
3.347622
3.356434
3.365383
3.374036
3.382856
3.391706
3.400404
3.409290
3.418147
3.426883
3.435665
3.444548
3.453311
3.462033
3.470946
3.479596
3.488437
3.497198
3.505817
3.514641
3.523440
3.532245
3.540850
3.549880
3.558407
3.567218
3.575976
3.584673
3.593263
3.602003
3.610817
3.619512
3.628191
3.636826
3.645532
3.654290
3.662912
3.671613
3.680305
3.688867
3.697436
3.706187
3.714750
3.723436
3.732049
3.740666
3.749205
3.757854
3.766390
3.775049
3.783576
3.792096
3.800656
3.809270
3.817838
3.826299
3.834886
3.843293
3.851856
3.860353
3.868885
3.877331
3.885933
3.894418
3.902909
3.911390
3.919935
3.928333
3.936839
3.945267
3.953769
3.962329
3.970667
3.979230
3.987688
3.996131
4.004574
4.013076
4.021516
4.029953
4.038471
4.046890
4.055318
4.063896
4.072344
4.080758
4.089200
4.097769
4.106209
4.114691
4.123077
4.131537
4.140079
4.148468
4.156923
4.165468
4.173839
4.182303
4.190863
4.199285
4.207709
4.216248
4.224721
4.233035
4.241721
4.250062
4.258585
4.267034
4.275420
4.284037
4.292465
4.300806
4.309294
4.317791
4.326185
4.334598
4.343155
4.351598
4.359912
4.368346
4.376846
4.385208
4.393732
4.402063
4.410503
4.418931
4.427404
4.435790
4.444209
4.452697
4.460936
4.469472
4.477678
4.486088
4.494522
4.502833
4.511252
4.519617
4.528003
4.536269
4.544744
4.553061
4.561328
4.569708
4.577944
4.586423
4.594617
4.603030
4.611212
4.619766
4.627885
4.636175
4.644564
4.652827
4.661150
4.669390
4.677617
4.685775
4.694206
4.702352
4.710684
4.718917
4.727129
4.735402
4.743677
4.751925
4.760122
4.768460
4.776645
4.784980
4.793271
4.801548
4.809752
4.818162
4.826221
4.834547
4.842888
4.851157
4.859280
4.867746
4.875920
4.884243
4.892494
4.900757
4.909005
4.917364
4.925487
4.933768
4.942207
4.950300
4.958599
4.966829
4.975104
4.983406
4.991732
4.999966
5.008148
5.016471
5.024650
5.032949
5.041269
5.049496
5.057693
5.065999
5.074178
5.082396
5.090743
5.098907
5.107200
5.115442
5.123684
5.131834
5.140070
5.148261
5.156497
5.164733
5.172898
5.181089
5.189481
5.197546
5.205738
5.213962
5.222153
5.230221
5.238407
5.246568
5.254681
5.262860
5.270977
5.279054
5.287221
5.295284
5.303415
5.311534
5.319468
5.327704
5.335754
5.343766
5.351864
5.359900
5.367971
5.376057
5.384045
5.392047
5.400062
5.408079
5.416106
5.424138
5.432060
5.440014
5.448086
5.455983
5.463998
5.471928
5.479910
5.487891
5.495843
5.503752
5.511695
5.519629
5.527559
5.535439
5.543384
5.551285
5.559176
5.567116
5.574960
5.582845
5.590767
5.598622
5.606595
5.614483
5.622366
5.630204
5.638200
5.646050
5.653893
5.661770
5.669638
5.677524
5.685349
5.693250
5.701103
5.708940
5.716757
5.724637
5.732525
5.740381
5.748221
5.756059
5.763876
5.771698
5.779605
5.787374
5.795266
5.803067
5.810839
5.818677
5.826577
5.834289
5.842220
5.850004
5.857724
5.865556
5.873385
5.881135
5.888898
5.896724
5.904427
5.912271
5.920120
5.927790
5.935565
5.943343
5.951036
5.958727
5.966574
5.974259
5.981953
5.989730
5.997413
6.005142
6.012743
6.020512
6.028158
6.035870
6.043567
6.051198
6.058879
6.066481
6.074135
6.081820
6.089448
6.097076
6.104719
6.112323
6.120047
6.127507
6.135081
6.142688
6.150313
6.157848
6.165443
6.173035
6.180654
6.188157
6.195757
6.203295
6.210824
6.218338
6.225868
6.233418
6.240896
6.248374
6.255891
6.263447
6.270988
6.278400
0.002675
0.010256
0.017731
0.025248
0.032684
0.040153
0.047694
0.055082
0.062597
0.070138
0.077490
0.084971
0.092467
0.099960
0.107439
0.114872
0.122419
0.129762
0.137342
0.144754
0.152215
0.159708
0.167087
0.174529
0.182037
0.189462
0.196850
0.204484
0.211836
0.219266
0.226780
0.234154
0.241686
0.249104
0.256546
0.263986
0.271434
0.278849
0.286291
0.293832
0.301146
0.308696
0.316078
0.323457
0.330854
0.338318
0.345721
0.353175
0.360554
0.367943
0.375391
0.382779
0.390176
0.397586
0.404980
0.412371
0.419810
0.427103
0.434524
0.441828
0.449274
0.456662
0.464059
0.471471
0.478722
0.486083
0.493495
0.500830
0.508173
0.515462
0.522809
0.530131
0.537549
0.544764
0.552080
0.559427
0.566647
0.573996
0.581343
0.588680
0.595940
0.603259
0.610542
0.617784
0.625046
0.632204
0.639535
0.646819
0.654063
0.661406
0.668576
0.675775
0.682999
0.690294
0.697431
0.704720
0.711926
0.719101
0.726370
0.733563
0.740727
0.747921
0.755126
0.762299
0.769465
0.776734
0.783882
0.791031
0.798245
0.805361
0.812608
0.819745
0.826885
0.834033
0.841350
0.848411
0.855536
0.862690
0.869974
0.876991
0.884154
0.891330
0.898463
0.905795
0.912829
0.919996
0.927222
0.934338
0.941499
0.948692
0.955811
0.962918
0.970204
0.977296
0.984429
0.991749
0.998768
1.006022
1.013308
1.020328
1.027441
1.034751
1.041840
1.048988
1.056200
1.063366
1.070530
1.077690
1.084941
1.092006
1.099355
1.106372
1.113610
1.120672
1.127949
1.135023
1.142234
1.149410
1.156514
1.163698
1.170817
1.177950
1.185129
1.192275
1.199468
1.206659
1.213771
1.220926
1.228134
1.235232
1.242288
1.249391
1.256612
1.263722
1.270903
1.277974
1.285122
1.292286
1.299399
1.306526
1.313645
1.320716
1.327879
1.335079
1.342065
1.349193
1.356354
1.363445
1.370480
1.377563
1.384696
1.391689
1.398868
1.405854
1.412961
1.420074
1.427123
1.434086
1.441319
1.448309
1.455319
1.462339
1.469497
1.476424
1.483569
1.490511
1.497537
1.504598
1.511660
1.518704
1.525739
1.532716
1.539775
1.546738
1.553770
1.560867
1.567800
1.574763
1.581831
1.588830
1.595795
1.602788
1.609748
1.616798
1.623836
1.630795
1.637827
1.644871
1.651864
1.658829
1.665843
1.672935
1.679937
1.686986
1.693889
1.701047
1.707980
1.715029
1.722106
1.729111
1.736065
1.743067
1.750146
1.757178
1.764123
1.771203
1.778207
1.785221
1.792268
1.799320
1.806340
1.813348
1.820287
1.827355
1.834410
1.841340
1.848348
1.855458
1.862450
1.869464
1.876475
1.883453
1.890491
1.897531
1.904497
1.911598
1.918629
1.925511
1.932438
1.939578
1.946565
1.953599
1.960445
1.967468
1.974515
1.981604
1.988396
1.995544
2.002471
2.009455
2.016391
2.023432
2.030352
2.037369
2.044377
2.051289
2.058198
2.065235
2.072117
2.079089
2.085962
2.093009
2.099900
2.106809
2.113733
2.120603
2.127601
2.134486
2.141392
2.148334
2.155204
2.162035
2.168932
2.175775
2.182759
2.189545
2.196451
2.203207
2.210149
2.216923
2.223817
2.230735
2.237614
2.244376
2.251174
2.258092
2.264869
2.271712
2.278444
2.285353
2.292070
2.298961
2.305684
2.312443
2.319241
2.326042
2.332861
2.339623
2.346361
2.353178
2.359838
2.366762
2.373443
2.380196
2.386934
2.393717
2.400377
2.407169
2.413923
2.420700
2.427342
2.434215
2.440881
2.447574
2.454444
2.461053
2.467858
2.474608
2.481313
2.488003
2.494822
2.501398
2.508274
2.514944
2.521604
2.528339
2.535092
2.541872
2.548532
2.555187
2.562009
2.568666
2.575383
2.582118
2.588781
2.595537
2.602234
2.608960
2.615656
2.622334
2.629021
2.635697
2.642375
2.649194
2.655848
2.662553
2.669210
2.675955
2.682588
2.689281
2.695959
2.702614
2.709313
2.716027
2.722645
2.729320
2.736062
2.742650
2.749343
2.755985
2.762648
2.769264
2.775954
2.782551
2.789181
2.795890
2.802391
2.809189
2.815757
2.822336
2.828942
2.835605
2.842185
2.848830
2.855382
2.862013
2.868616
2.875204
2.881784
2.888330
2.894960
2.901489
2.908065
2.914668
2.921086
2.927698
2.934272
2.940776
2.947304
2.953908
2.960406
2.966938
2.973454
2.979949
2.986499
2.992970
2.999508
3.005970
3.012511
3.018889
3.025370
3.031985
3.038405
3.044877
3.051327
3.057781
3.064246
3.070712
3.077106
3.083496
3.090001
3.096340
3.102866
3.109217
3.115614
3.122007
3.128521
3.134792
3.141224
3.147600
3.154032
3.160444
3.166858
3.173207
3.179538
3.185985
3.192334
3.198700
3.205103
3.211449
3.217824
3.224209
3.230528
3.236930
3.243273
3.249630
3.256012
3.262418
3.268757
3.275094
3.281428
3.287758
3.294110
3.300467
3.306792
3.313198
3.319546
3.325898
3.332184
3.338542
3.344833
3.351182
3.357560
3.363897
3.370180
3.376534
3.382832
3.389157
3.395494
3.401833
3.408233
3.414417
3.420669
3.427015
3.433271
3.439694
3.445911
3.452230
3.458498
3.464771
3.471057
3.477364
3.483602
3.489914
3.496116
3.502399
3.508696
3.514874
3.521136
3.527404
3.533633
3.539906
3.546171
3.552367
3.558521
3.564878
3.571023
3.577303
3.583448
3.589617
3.595822
3.602039
3.608166
3.614358
3.620584
3.626705
3.632868
3.639058
3.645206
3.651432
3.657547
3.663667
3.669869
3.675975
3.682069
3.688259
3.694251
3.700426
3.706652
3.712584
3.718768
3.724781
3.730947
3.736954
3.743021
3.749061
3.755158
3.761267
3.767304
3.773323
3.779384
3.785391
3.791440
3.797498
3.803475
3.809432
3.815514
3.821500
3.827432
3.833481
3.839434
3.845408
3.851427
3.857392
3.863316
3.869320
3.875234
3.881226
3.887245
3.893081
3.898996
3.905015
3.910923
3.916909
3.922868
3.928720
3.934646
3.940593
3.946471
3.952379
3.958330
3.964208
3.970107
3.976009
3.981953
3.987874
3.993764
3.999630
4.005538
4.011453
4.017340
4.023200
4.029118
4.034993
4.040877
4.046767
4.052696
4.058587
4.064444
4.070301
4.076206
4.082064
4.087909
4.093817
4.099617
4.105490
4.111377
4.117270
4.123062
4.128916
4.134815
4.140652
4.146476
4.152354
4.158154
4.164003
4.169869
4.175766
4.181581
4.187405
4.193208
4.199021
4.204932
4.210744
4.216545
4.222405
4.228199
4.233979
4.239875
4.245657
4.251470
4.257306
4.263062
4.268868
4.274701
4.280510
4.286335
4.292147
4.297909
4.303700
4.309474
4.315253
4.321092
4.326859
4.332603
4.338358
4.344162
4.349974
4.355711
4.361515
4.367276
4.373026
4.378820
4.384486
4.390241
4.396018
4.401776
4.407498
4.413269
4.418934
4.424651
4.430367
4.436131
4.441857
4.447523
4.453215
4.458952
4.464699
4.470362
4.476042
4.481750
4.487358
4.493048
4.498779
4.504388
4.510077
4.515701
4.521375
4.526978
4.532724
4.538252
4.543840
4.549610
4.555132
4.560752
4.566382
4.571967
4.577549
4.583172
4.588733
4.594353
4.599977
4.605481
4.611098
4.616695
4.622271
4.627852
4.633419
4.638914
4.644471
4.650071
4.655617
4.661177
4.666765
4.672236
4.677800
4.683315
4.688825
4.694407
4.699937
4.705363
4.710885
4.716445
4.721925
4.727414
4.732978
4.738389
4.743931
4.749459
4.754897
4.760404
4.765913
4.771399
4.776864
4.782329
4.787770
4.793372
4.798762
4.804263
4.809728
4.815232
4.820682
4.826152
4.831692
4.837025
4.842588
4.848011
4.853419
4.858824
4.864337
4.869805
4.875177
4.880704
4.886124
4.891553
4.897060
4.902450
4.907810
4.913301
4.918679
4.924225
4.929594
4.934984
4.940443
4.945887
4.951238
4.956666
4.962179
4.967479
4.972884
4.978310
4.983667
4.989078
4.994503
4.999873
5.005257
5.010664
5.016039
5.021423
5.026825
5.032164
5.037569
5.042908
5.048238
5.053595
5.058979
5.064306
5.069651
5.075020
5.080353
5.085680
5.091049
5.096417
5.101678
5.107048
5.112294
5.117651
5.122962
5.128191
5.133482
5.138875
5.144121
5.149412
5.154718
5.159961
5.165279
5.170564
5.175801
5.181101
5.186356
5.191605
5.196851
5.202095
5.207311
5.212539
5.217740
5.222995
5.228238
5.233523
5.238584
5.243862
5.249075
5.254235
5.259367
5.264619
5.269754
5.274913
5.280103
5.285265
5.290412
5.295565
5.300694
5.305857
5.310980
5.316076
5.321241
5.326350
5.331473
5.336506
5.341639
5.346714
5.351786
5.356898
5.361964
5.367039
5.372078
5.377202
5.382193
5.387239
5.392251
5.397299
5.402333
5.407348
5.412385
5.417379
5.422406
5.427392
5.432431
5.437419
5.442372
5.447375
5.452376
5.457307
5.462275
5.467167
5.472114
5.477189
5.482010
5.487025
5.491972
5.496879
5.501832
5.506710
5.511653
5.516578
5.521489
5.526384
5.531409
5.536214
5.541095
5.546003
5.550889
5.555818
5.560710
5.565627
5.570385
5.575367
5.580122
5.585101
5.589964
5.594818
5.599686
5.604573
5.609408
5.614244
5.619112
5.623957
5.628844
5.633626
5.638533
5.643255
5.648195
5.652905
5.657771
5.662645
5.667409
5.672221
5.677077
5.681820
5.686691
5.691461
5.696252
5.701025
5.705908
5.710627
5.715424
5.720214
5.724912
5.729787
5.734523
5.739266
5.743997
5.748809
5.753512
5.758246
5.763034
5.767759
5.772412
5.777262
5.781921
5.786652
5.791350
5.796078
5.800790
5.805497
5.810183
5.814911
5.819668
5.824330
5.829019
5.833708
5.838433
5.843035
5.847849
5.852412
5.857143
5.861751
5.866446
5.871135
5.875893
5.880416
5.885099
5.889767
5.894408
5.898992
5.903663
5.908307
5.912915
5.917603
5.922226
5.926856
5.931475
5.936065
5.940667
5.945293
5.949913
5.954476
5.959096
5.963719
5.968315
5.972863
5.977465
5.982019
5.986654
5.991166
5.995678
6.000328
6.004888
6.009400
6.013972
6.018475
6.023038
6.027571
6.032050
6.036538
6.041083
6.045646
6.050077
6.054637
6.059083
6.063613
6.068116
6.072526
6.077107
6.081545
6.085991
6.090452
6.094949
6.099401
6.103829
6.108294
6.112704
6.117120
6.121629
6.125982
6.130437
6.134860
6.139282
6.143671
6.148072
6.152521
6.156863
6.161228
6.165671
6.169985
6.174498
6.178827
6.183174
6.187596
6.191926
6.196270
6.200677
6.205027
6.209383
6.213749
6.218099
6.222461
6.226823
6.231117
6.235455
6.239811
6.244093
6.248410
6.252718
6.257123
6.261425
6.265721
6.270006
6.274308
6.278634
6.282913
0.004021
0.008332
0.012628
0.016922
0.021194
0.025478
0.029772
0.034056
0.038278
0.042544
0.046849
0.051104
0.055355
0.059634
0.063882
0.068166
0.072451
0.076681
0.080926
0.085130
0.089402
0.093654
0.097980
0.102097
0.106435
0.110644
0.114878
0.119099
0.123339
0.127518
0.131749
0.135997
0.140191
0.144428
0.148655
0.152907
0.157095
0.161302
0.165508
0.169733
0.173975
0.178181
0.182286
0.186567
0.190732
0.194935
0.199151
0.203309
0.207519
0.211707
0.215884
0.220093
0.224300
0.228443
0.232644
0.236814
0.240982
0.245170
0.249341
0.253478
0.257682
0.261849
0.265999
0.270148
0.274343
0.278522
0.282633
0.286818
0.290962
0.295091
0.299204
0.303354
0.307533
0.311653
0.315802
0.319916
0.324092
0.328188
0.332299
0.336493
0.340541
0.344687
0.348801
0.352911
0.357019
0.361169
0.365249
0.369357
0.373494
0.377545
0.381614
0.385766
0.389844
0.393883
0.398029
0.402098
0.406169
0.410271
0.414316
0.418390
0.422465
0.426528
0.430596
0.434677
0.438760
0.442790
0.446820
0.450885
0.454888
0.458996
0.462972
0.467055
0.471124
0.475103
0.479171
0.483231
0.487261
0.491338
0.495284
0.499374
0.503316
0.507415
0.511343
0.515373
0.519423
0.523426
0.527441
0.531404
0.535431
0.539383
0.543413
0.547394
0.551382
0.555349
0.559334
0.563300
0.567300
0.571294
0.575216
0.579186
0.583155
0.587086
0.591050
0.594981
0.598936
0.602941
0.606866
0.610764
0.614755
0.618644
0.622577
0.626535
0.630457
0.634385
0.638334
0.642190
0.646097
0.650057
0.653937
0.657853
0.661772
0.665637
0.669589
0.673418
0.677297
0.681237
0.685132
0.689021
0.692937
0.696739
0.700640
0.704553
0.708405
0.712279
0.716144
0.719967
0.723838
0.727691
0.731586
0.735358
0.739265
0.743052
0.746932
0.750899
0.754656
0.758476
0.762332
0.766187
0.769951
0.773785
0.777551
0.781413
0.785266
0.789056
0.792912
0.796762
0.800528
0.804333
0.808165
0.811958
0.815778
0.819595
0.823373
0.827169
0.830977
0.834758
0.838560
0.842395
0.846158
0.849948
0.853708
0.857513
0.861291
0.865081
0.868841
0.872637
0.876430
0.880199
0.883977
0.887791
0.891557
0.895332
0.899104
0.902859
0.906616
0.910385
0.914124
0.917902
0.921647
0.925407
0.929167
0.932906
0.936687
0.940402
0.944186
0.947940
0.951640
0.955406
0.959217
0.962891
0.966654
0.970366
0.974087
0.977868
0.981559
0.985295
0.989043
0.992773
0.996500
1.000200
1.003930
1.007649
1.011370
1.015067
1.018806
1.022512
1.026245
1.029963
1.033666
1.037351
1.041016
1.044782
1.048461
1.052149
1.055861
1.059591
1.063303
1.066991
1.070671
1.074371
1.078041
1.081723
1.085375
1.089105
1.092770
1.096422
1.100134
1.103795
1.107465
1.111132
1.114806
1.118479
1.122170
1.125774
1.129453
1.133108
1.136785
1.140443
1.144128
1.147780
1.151441
1.155064
1.158692
1.162341
1.165990
1.169615
1.173286
1.176938
1.180578
1.184203
1.187876
1.191523
1.195166
1.198758
1.202371
1.205976
1.209616
1.213211
1.216830
1.220467
1.224045
1.227688
1.231310
1.234890
1.238483
1.242117
1.245709
1.249326
1.252906
1.256501
1.260096
1.263677
1.267248
1.270873
1.274438
1.278016
1.281533
1.285140
1.288658
1.292283
1.295866
1.299443
1.302991
1.306595
1.310136
1.313633
1.317225
1.320808
1.324347
1.327864
1.331453
1.334941
1.338536
1.342032
1.345613
1.349133
1.352576
1.356195
1.359727
1.363209
1.366717
1.370246
1.373722
1.377299
1.380792
1.384301
1.387824
1.391321
1.394808
1.398274
1.401774
1.405258
1.408764
1.412257
1.415717
1.419190
1.422752
1.426156
1.429697
1.433190
1.436636
1.440099
1.443581
1.447044
1.450493
1.454028
1.457468
1.460892
1.464400
1.467786
1.471249
1.474689
1.478170
1.481580
1.485025
1.488495
1.491916
1.495356
1.498753
1.502163
1.505602
1.509036
1.512484
1.515858
1.519300
1.522722
1.526164
1.529541
1.532953
1.536363
1.539739
1.543176
1.546540
1.549986
1.553320
1.556718
1.560073
1.563450
1.566841
1.570200
1.573583
1.576953
1.580378
1.583688
1.587113
1.590480
1.593902
1.597216
1.600586
1.603933
1.607306
1.610617
1.613997
1.617364
1.620684
1.624048
1.627374
1.630768
1.634076
1.637405
1.640754
1.644086
1.647474
1.650776
1.654120
1.657454
1.660798
1.664117
1.667449
1.670814
1.674076
1.677480
1.680704
1.684080
1.687379
1.690704
1.694063
1.697362
1.700672
1.703929
1.707333
1.710586
1.713909
1.717211
1.720467
1.723787
1.727071
1.730408
1.733680
1.736949
1.740286
1.743621
1.746860
1.750137
1.753442
1.756752
1.760030
1.763341
1.766631
1.769884
1.773138
1.776476
1.779681
1.782977
1.786258
1.789511
1.792780
1.796073
1.799365
1.802613
1.805858
1.809160
1.812434
1.815658
1.818888
1.822180
1.825434
1.828634
1.831951
1.835138
1.838383
1.841664
1.844890
1.848114
1.851380
1.854610
1.857852
1.861054
1.864293
1.867517
1.870803
1.873964
1.877188
1.880427
1.883609
1.886823
1.890092
1.893277
1.896480
1.899667
1.902864
1.906103
1.909300
1.912490
1.915678
1.918890
1.922084
1.925275
1.928499
1.931623
1.934778
1.938062
1.941205
1.944336
1.947532
1.950726
1.953863
1.957093
1.960188
1.963364
1.966575
1.969721
1.972837
1.976022
1.979171
1.982359
1.985495
1.988668
1.991766
1.994960
1.998058
2.001192
2.004362
2.007463
2.010572
2.013682
2.016852
2.020001
2.023084
2.026233
2.029340
2.032510
2.035578
2.038663
2.041824
2.044934
2.048041
2.051154
2.054213
2.057329
2.060433
2.063462
2.066548
2.069694
2.072717
2.075797
2.078918
2.082001
2.085087
2.088185
2.091169
2.094318
2.097383
2.100427
2.103456
2.106533
2.109568
2.112603
2.115665
2.118655
2.121786
2.124845
2.127841
2.130837
2.133911
2.136940
2.139960
2.143004
2.146015
2.148993
2.151977
2.155006
2.158038
2.161052
2.164033
2.167015
2.170035
2.173054
2.175994
2.179035
2.182001
2.184964
2.187954
2.190926
2.193895
2.196855
2.199830
2.202787
2.205724
2.208684
2.211632
2.214589
2.217531
2.220461
2.223388
2.226331
2.229258
2.232233
2.235151
2.238069
2.241008
2.243938
2.246799
2.249748
2.252609
2.255521
2.258466
2.261330
2.264204
2.267119
2.270010
2.272901
2.275795
2.278672
2.281581
2.284493
2.287327
2.290194
2.293107
2.295950
2.298808
2.301657
2.304516
2.307419
2.310259
2.313141
2.315972
2.318867
2.321671
2.324517
2.327393
2.330231
2.333068
2.335869
2.338691
2.341556
2.344393
2.347197
2.350023
2.352890
2.355688
2.358469
2.361303
2.364134
2.366941
2.369773
2.372565
2.375399
2.378216
2.380948
2.383806
2.386605
2.389364
2.392168
2.394958
2.397747
2.400527
2.403355
2.406091
2.408880
2.411666
2.414414
2.417182
2.419984
2.422767
2.425550
2.428303
2.431060
2.433822
2.436576
2.439299
2.442073
2.444887
2.447592
2.450334
2.453081
2.455834
2.458591
2.461329
2.464082
2.466836
2.469604
2.472301
2.475030
2.477783
2.480504
2.483203
2.485954
2.488626
2.491356
2.494058
2.496760
2.499493
2.502189
2.504913
2.507603
2.510371
2.513041
2.515717
2.518419
2.521115
2.523824
2.526475
2.529142
2.531865
2.534556
2.537246
2.539925
2.542609
2.545252
2.547921
2.550609
2.553281
2.555936
2.558647
2.561263
2.563911
2.566598
2.569232
2.571890
2.574535
2.577211
2.579805
2.582472
2.585081
2.587748
2.590396
2.593033
2.595633
2.598240
2.600882
2.603534
2.606153
2.608744
2.611390
2.614017
2.616591
2.619200
2.621801
2.624398
2.627005
2.629653
2.632236
2.634828
2.637428
2.640017
2.642593
2.645194
2.647786
2.650353
2.652933
2.655515
2.658098
2.660693
2.663245
2.665807
2.668405
2.670960
2.673501
2.676054
2.678624
2.681198
2.683714
2.686258
2.688859
2.691372
2.693937
2.696469
2.698985
2.701505
2.704061
2.706607
2.709106
2.711662
2.714205
2.716719
2.719227
2.721779
2.724275
2.726783
2.729284
2.731801
2.734318
2.736843
2.739300
2.741838
2.744339
2.746844
2.749340
2.751821
2.754310
2.756794
2.759296
2.761732
2.764263
2.766708
2.769252
2.771733
2.774198
2.776670
2.779136
2.781584
2.784055
2.786518
2.788978
2.791429
2.793888
2.796345
2.798778
2.801235
2.803664
2.806145
2.808599
2.811026
2.813488
2.815924
2.818342
2.820739
2.823193
2.825608
2.828019
2.830494
2.832864
2.835297
2.837739
2.840129
2.842556
2.844983
2.847380
2.849711
2.852177
2.854553
2.856943
2.859334
2.861728
2.864098
2.866525
2.868898
2.871270
2.873649
2.876040
2.878428
2.880780
2.883120
2.885499
2.887887
2.890244
2.892605
2.894984
2.897309
2.899652
2.902013
2.904326
2.906678
2.909084
2.911343
2.913704
2.916047
2.918375
2.920687
2.923006
2.925334
2.927674
2.929981
2.932291
2.934631
2.936908
2.939245
2.941501
2.943802
2.946142
2.948380
2.950735
2.952991
2.955274
2.957557
2.959807
2.962093
2.964400
2.966683
2.968957
2.971240
2.973493
2.975746
2.978023
2.980279
2.982538
2.984773
2.987023
2.989282
2.991511
2.993743
2.995990
2.998285
3.000487
3.002738
3.004982
3.007169
3.009419
3.011660
3.013865
3.016091
3.018278
3.020483
3.022664
3.024914
3.027083
3.029327
3.031523
3.033714
3.035916
3.038139
3.040323
3.042495
3.044706
3.046893
3.049083
3.051268
3.053434
3.055603
3.057781
3.059941
3.062086
3.064250
3.066404
3.068570
3.070757
3.072893
3.075044
3.077219
3.079370
3.081504
3.083655
3.085776
3.087972
3.090087
3.092233
3.094351
3.096490
3.098614
3.100714
3.102872
3.104963
3.107075
3.109235
3.111341
3.113448
3.115593
3.117648
3.119733
3.121881
3.123973
3.126082
3.128179
3.130238
3.132341
3.134438
3.136496
3.138576
3.140676
3.142755
3.144864
3.146923
3.148981
3.151063
3.153148
3.155201
3.157286
3.159338
3.161385
3.163431
3.165525
3.167547
3.169597
3.171643
3.173689
3.175724
3.177785
3.179801
3.181845
3.183900
3.185961
3.188008
3.190045
3.192103
3.194111
3.196151
3.198122
3.200118
3.202158
3.204138
3.206167
3.208198
3.210214
3.212240
3.214250
3.216269
3.218259
3.220242
3.222217
3.224209
3.226219
3.228191
3.230174
3.232169
3.234186
3.236193
3.238194
3.240130
3.242116
3.244070
3.246026
3.248010
3.249984
3.251979
3.253942
3.255922
3.257890
3.259832
3.261767
3.263679
3.265626
3.267565
3.269497
3.271448
3.273431
3.275376
3.277293
3.279232
3.281161
3.283108
3.285014
3.286919
3.288834
3.290793
3.292723
3.294616
3.296564
3.298457
3.300354
3.302253
3.304141
3.306040
3.307898
3.309767
3.311643
3.313548
3.315451
3.317350
3.319220
3.321101
3.322947
3.324841
3.326650
3.328516
3.330356
3.332190
3.334020
3.335875
3.337723
3.339584
3.341415
3.343254
3.345049
3.346918
3.348695
3.350511
3.352305
3.354145
3.355883
3.357710
3.359544
3.361359
3.363226
3.364958
3.366752
3.368526
3.370294
3.372037
3.373850
3.375579
3.377367
3.379120
3.380885
3.382670
3.384435
3.386146
3.387877
3.389582
3.391293
3.393055
3.394763
3.396509
3.398262
3.399961
3.401716
3.403433
3.405162
3.406890
3.408553
3.410255
3.411933
3.413620
3.415315
3.417017
3.418716
3.420388
3.422041
3.423716
3.425388
3.427075
3.428720
3.430409
3.432039
3.433744
3.435392
3.437049
3.438726
3.440326
3.441980
3.443574
3.445174
3.446816
3.448437
3.450085
3.451723
3.453362
3.454983
3.456580
3.458174
3.459780
3.461407
3.463022
3.464601
3.466185
3.467797
3.469361
3.470982
3.472606
3.474164
3.475761
3.477298
3.478841
3.480408
3.481978
3.483553
3.485121
3.486687
3.488233
3.489749
3.491307
3.492847
3.494390
3.495936
3.497464
3.498983
3.500508
3.502030
3.503561
3.505107
3.506635
3.508148
3.509649
3.511126
3.512597
3.514092
3.515596
3.517091
3.518571
3.520021
3.521490
3.522973
3.524447
3.525933
3.527407
3.528884
3.530295
3.531763
3.533162
3.534615
3.536057
3.537509
3.538954
3.540413
3.541851
3.543286
3.544715
3.546126
3.547531
3.548939
3.550333
3.551729
3.553080
3.554473
3.555851
3.557241
3.558614
3.560001
3.561370
3.562721
3.564096
3.565448
3.566778
3.568132
3.569504
3.570847
3.572201
3.573525
3.574867
3.576162
3.577471
3.578798
3.580113
3.581423
3.582735
3.584026
3.585333
3.586615
3.587900
3.589191
3.590471
3.591750
3.593011
3.594261
3.595528
3.596781
3.598015
3.599282
3.600502
3.601697
3.602901
3.604130
3.605361
3.606616
3.607866
3.609106
3.610329
3.611536
3.612710
3.613894
3.615083
3.616264
3.617450
3.618616
3.619766
3.620914
3.622034
3.623176
3.624314
3.625450
3.626594
3.627763
3.628913
3.630037
3.631178
3.632323
3.633464
3.634603
3.635753
3.636838
3.637940
3.639031
3.640103
3.641161
3.642219
3.643270
3.644313
3.645355
3.646380
3.647420
3.648465
3.649535
3.650593
3.651632
3.652678
3.653750
3.654766
3.655806
3.656827
3.657870
3.658898
3.659931
3.660938
3.661924
3.662906
3.663880
3.664836
3.665765
3.666690
3.667613
3.668545
3.669507
3.670475
3.671448
3.672422
3.673381
3.674327
3.675271
3.676188
3.677108
3.678061
3.679013
3.679957
3.680922
3.681859
3.682758
3.683636
3.684487
3.685329
3.686159
3.687004
3.687855
3.688699
3.689544
3.690416
3.691303
3.692187
3.693044
3.693877
3.694671
3.695471
3.696282
3.697083
3.697924
3.698796
3.699641
3.700489
3.701319
3.702140
3.702949
3.703728
3.704516
3.705289
3.706050
3.706799
3.707551
3.708312
3.709049
3.709774
3.710493
3.711230
3.711967
3.712701
3.713438
3.714178
3.714918
3.715646
3.716356
3.717069
3.717752
3.718453
3.719154
3.719841
3.720518
3.721216
3.721902
3.722615
3.723331
3.724029
3.724730
3.725422
3.726087
3.726725
3.727364
3.728002
3.728628
3.729248
3.729865
3.730468
3.731046
3.731636
3.732253
3.732870
3.733479
3.734078
3.734665
3.735240
3.735816
3.736382
3.736960
3.737529
3.738090
3.738617
3.739150
3.739698
3.740235
3.740780
3.741301
3.741822
3.742362
3.742907
3.743459
3.743995
3.744546
3.745097
3.745649
3.746191
3.746736
3.747252
3.747761
3.748264
3.748752
3.749235
3.749708
3.750175
3.750655
3.751119
3.751578
3.752015
3.752434
3.752854
3.753283
3.753696
3.754106
3.754517
3.754927
3.755338
3.755733
3.756132
3.756512
3.756902
3.757282
3.757660
3.758037
3.758412
3.758786
3.759164
3.759544
3.759901
3.760254
3.760599
3.760943
3.761273
3.761590
3.761917
3.762223
3.762519
3.762819
3.763128
3.763433
3.763775
3.764107
3.764434
3.764766
3.765096
3.765431
3.765767
3.766103
3.766429
3.766759
3.767100
3.767460
3.767810
3.768143
3.768481
3.768820
3.769135
3.769452
3.769752
3.770046
3.770345
3.770633
3.770911
3.771181
3.771441
3.771687
3.771918
3.772140
3.772343
3.772535
3.772721
3.772895
3.773062
3.773218
3.773371
3.773524
3.773668
3.773787
3.773895
3.773994
3.774099
3.774192
3.774270
3.774339
3.774411
3.774474
3.774522
3.774560
3.774587
3.774606
3.774626
3.774644
3.774650
3.774659
3.774671
3.774680
3.774689
3.774692
3.774692
3.774692
3.774692
3.774692
3.774692
3.774692
3.774692
3.774692
3.774692
3.774692
3.774692
3.774692
3.774692
3.774692
3.774692
3.774692
3.774692
3.774692
3.774692
3.774680
3.774653
3.774626
3.774602
3.774581
3.774549
3.774522
3.774498
3.774480
3.774456
3.774429
3.774399
3.774369
3.774345
3.774333
3.774306
3.774279
3.774258
3.774234
3.774204
3.774171
3.774132
3.774099
3.774072
3.774042
3.774003
3.773964
3.773937
3.773910
3.773886
3.773856
3.773818
3.773782
3.773751
3.773721
3.773674
3.773617
3.773569
3.773527
3.773485
3.773437
3.773377
3.773317
3.773257
3.773194
3.773134
3.773065
3.772996
3.772922
3.772841
3.772757
3.772664
3.772565
3.772463
3.772379
3.772277
3.772176
3.772071
3.771963
3.771852
3.771735
3.771606
3.771472
3.771343
3.771223
3.771094
3.770959
3.770827
3.770693
3.770552
3.770411
3.770264
3.770117
3.769976
3.769836
3.769686
3.769548
3.769419
3.769293
3.769165
3.769039
3.768907
3.768778
3.768667
3.768553
3.768440
3.768332
3.768239
3.768152
3.768068
3.767987
3.767909
3.767831
3.767771
3.767724
3.767684
3.767652
3.767634
3.767622
3.767610
3.767606
3.767601
3.767589
3.767589
3.767589
3.767589
3.767589
3.767589
3.767589
3.767589
3.767589
3.767589
3.767589
3.767589
3.767589
3.767589
3.767589
3.767634
3.767688
3.767741
3.767795
3.767843
3.767882
3.767936
3.767987
3.768032
3.768074
3.768122
3.768167
3.768218
3.768266
3.768308
3.768344
3.768380
3.768419
3.768445
3.768466
3.768493
3.768514
3.768538
3.768559
3.768574
3.768577
3.768589
3.768601
3.768613
3.768622
3.768628
3.768634
3.768634
3.768637
3.768637
3.768637
3.768637
3.768637
3.768637
3.768637
3.768637
3.768637
3.768637
3.768637
3.768637
3.768637
3.768637
3.768637
3.768637
3.768637
3.768637
3.768637
3.768637
3.768637
3.768637
3.768637
3.768637
3.768637
3.768637
3.768637
3.768637
3.768637
3.768637
3.768637
3.768637
3.768637
3.768637
3.768637
3.768637
3.768637
3.768637
3.768637
3.768637
3.768637
3.768637
3.768637
3.768637
3.768637
3.768637
3.768637
3.768637
3.768637
3.768637
3.768637
3.768637
3.768637
3.768637
3.768637
3.768637
3.768637
3.768637
3.768637
3.768637
3.768637
3.768637
3.768637
3.768637
3.768637
3.768637
3.768637
3.768637
3.768637
3.768637
3.768637
3.768637
3.768637
3.768637
3.768637
3.768637
3.768637
3.768637
3.768637
3.768637
3.768637
3.768637
3.768637
3.768637
3.768637
3.768637
3.768637
3.768637
3.768637
3.768637
3.768637
3.768637
3.768637
3.768637
3.768637
3.768637
3.768637
3.768637
3.768637
3.768637