3.768637
3.768637
3.768637
3.768637
3.768637
3.768637
3.768637
3.768637
3.768646
3.768883
3.769266
3.769755
3.770330
3.770995
3.771837
3.772862
3.774063
3.775408
3.776894
3.778503
3.780118
3.781826
3.783642
3.785583
3.787689
3.789939
3.792408
3.795063
3.797816
3.800728
3.803790
3.806948
3.810216
3.813623
3.817090
3.820697
3.824523
3.828391
3.832477
3.836786
3.841097
3.845630
3.850310
3.855056
3.859942
3.865002
3.870147
3.875459
3.880974
3.886580
3.892425
3.898232
3.904326
3.910447
3.916789
3.923246
3.929672
3.936383
3.943197
3.950090
3.957152
3.964432
3.971767
3.979320
3.986957
3.994738
4.002716
4.010734
4.018868
4.027320
4.035805
4.044334
4.053161
4.061969
4.070912
4.080098
4.089479
4.098943
4.108534
4.118262
4.128092
4.138276
4.148402
4.158688
4.169297
4.179840
4.190587
4.201445
4.212476
4.223645
4.234980
4.246442
4.258010
4.269725
4.281514
4.293522
4.305731
4.317910
4.330563
4.343095
4.356020
4.368750
4.381888
4.394969
4.408229
4.421861
4.435266
4.448904
4.462680
4.476279
4.490025
4.503956
4.517631
4.531397
4.545245
4.558979
4.572848
4.586689
4.600420
4.614166
4.628014
4.641859
4.655506
4.669558
4.683189
4.696935
4.710903
4.724619
4.738461
4.752236
4.765913
4.779989
4.793879
4.807586
4.821443
4.835419
4.849318
4.863135
4.877256
4.891077
4.904865
4.918889
4.932713
4.946639
4.960639
4.974382
4.988421
5.002185
5.016189
5.030082
5.043960
5.057822
5.071841
5.085566
5.099617
5.113387
5.127487
5.141214
5.155074
5.169021
5.182950
5.196836
5.210648
5.224442
5.238266
5.252152
5.265889
5.279743
5.293588
5.307391
5.321035
5.334892
5.348652
5.362213
5.375974
5.389482
5.403283
5.417073
5.430532
5.444227
5.457829
5.471389
5.484979
5.498731
5.512180
5.525774
5.539303
5.552798
5.566406
5.579879
5.593421
5.606880
5.620502
5.634069
5.647458
5.660995
5.674558
5.688276
5.701618
5.715175
5.728825
5.742316
5.755763
5.769308
5.782805
5.796287
5.809940
5.823467
5.836851
5.850366
5.864004
5.877477
5.890939
5.904448
5.917825
5.931179
5.944802
5.958269
5.971763
5.985198
5.998530
6.011976
6.025240
6.038635
6.051941
6.065324
6.078588
6.091935
6.105387
6.118528
6.131789
6.145166
6.158322
6.171552
6.184807
6.197843
6.211049
6.224367
6.237486
6.250726
6.263744
6.276875
0.006825
0.020265
0.033073
0.046202
0.059373
0.072460
0.085627
0.098714
0.111825
0.124939
0.138160
0.151268
0.164292
0.177591
0.190591
0.203684
0.216873
0.229977
0.243145
0.256352
0.269456
0.282525
0.295672
0.308798
0.322007
0.335235
0.348184
0.361279
0.374534
0.387621
0.400746
0.413785
0.426815
0.439998
0.453136
0.466219
0.479255
0.492312
0.505339
0.518339
0.531407
0.544401
0.557395
0.570428
0.583368
0.596374
0.609386
0.622179
0.635278
0.648323
0.661032
0.674056
0.686954
0.699768
0.712642
0.725690
0.738531
0.751342
0.764267
0.777084
0.789907
0.802856
0.815467
0.828308
0.841323
0.854155
0.867020
0.879894
0.892702
0.905612
0.918558
0.931456
0.944261
0.957285
0.970096
0.983009
0.996072
1.008895
1.021799
1.034934
1.047658
1.060634
1.073469
1.086628
1.099445
1.112454
1.125343
1.138364
1.151360
1.164279
1.177363
1.190354
1.203264
1.216102
1.229282
1.241967
1.255168
1.268042
1.281021
1.294042
1.307009
1.319898
1.332856
1.345775
1.358658
1.371466
1.384558
1.397531
1.410513
1.423381
1.436246
1.449153
1.462039
1.474910
1.487868
1.500653
1.513491
1.526491
1.539314
1.552218
1.565029
1.577843
1.590729
1.603708
1.616588
1.629366
1.642309
1.655264
1.668093
1.681096
1.693940
1.706976
1.719877
1.732877
1.745757
1.758754
1.771538
1.784628
1.797637
1.810556
1.823586
1.836741
1.849534
1.862576
1.875612
1.888693
1.901585
1.914723
1.927752
1.940639
1.953743
1.966722
1.979686
1.992851
2.005725
2.018728
2.031794
2.044901
2.057607
2.070772
2.083580
2.096535
2.109769
2.122559
2.135517
2.148469
2.161250
2.174160
2.187334
2.200091
2.212851
2.226016
2.238794
2.251452
2.264494
2.277227
2.290021
2.302969
2.315775
2.328448
2.341283
2.354034
2.366854
2.379654
2.392273
2.405168
2.417988
2.430533
2.443338
2.456161
2.468852
2.481597
2.494507
2.507280
2.519893
2.532917
2.545527
2.558195
2.571081
2.583724
2.596667
2.609307
2.622010
2.634876
2.647798
2.660312
2.673117
2.685800
2.698704
2.711356
2.724260
2.736856
2.749676
2.762412
2.775124
2.787758
2.800539
2.813189
2.825910
2.838589
2.851293
2.863843
2.876582
2.889193
2.901806
2.914483
2.927084
2.939775
2.952299
2.964831
2.977439
2.990106
3.002486
3.015027
3.027745
3.040173
3.052634
3.065076
3.077486
3.089878
3.102629
3.114790
3.127301
3.139909
3.152220
3.164635
3.176997
3.189413
3.201753
3.214346
3.226495
3.238982
3.251473
3.263805
3.276187
3.288726
3.301043
3.313569
3.325925
3.338416
3.350786
3.363307
3.375678
3.388006
3.400566
3.412814
3.425217
3.437720
3.450124
3.462503
3.475009
3.487263
3.499624
3.512073
3.524450
3.536698
3.549275
3.561460
3.573846
3.586441
3.598752
3.611015
3.623466
3.635612
3.647920
3.660366
3.672584
3.684874
3.697166
3.709453
3.721602
3.733925
3.746137
3.758322
3.770642
3.782629
3.795080
3.807277
3.819187
3.831506
3.843637
3.855718
3.868007
3.880075
3.892132
3.904236
3.916400
3.928558
3.940467
3.952826
3.964885
3.976956
3.988937
4.001081
4.013298
4.025390
4.037488
4.049530
4.061774
4.073932
4.086040
4.098311
4.110287
4.122415
4.134528
4.146755
4.158781
4.170957
4.183285
4.195342
4.207553
4.219583
4.232004
4.244079
4.256284
4.268421
4.280741
4.292857
4.305072
4.317275
4.329502
4.341600
4.354054
4.365892
4.378359
4.390406
4.402651
4.414713
4.426931
4.439020
4.451208
4.463426
4.475578
4.487712
4.499873
4.512046
4.524069
4.536164
4.548334
4.560591
4.572785
4.584715
4.596858
4.609028
4.621081
4.633060
4.645110
4.657226
4.669596
4.681557
4.693445
4.705579
4.717608
4.729691
4.741792
4.753902
4.765848
4.778024
4.790068
4.802235
4.814324
4.826410
4.838511
4.850585
4.862650
4.874778
4.887101
4.899037
4.911312
4.923455
4.935679
4.947777
4.959926
4.972150
4.984377
4.996331
5.008738
5.020791
5.032979
5.045080
5.057244
5.069384
5.081581
5.093667
5.105846
5.118076
5.130192
5.142455
5.154499
5.166600
5.178941
5.191054
5.203125
5.215235
5.227363
5.239533
5.251562
5.263684
5.275707
5.287782
5.299882
5.311948
5.323959
5.336027
5.347978
5.360011
5.372061
5.384054
5.395933
5.407962
5.419968
5.431865
5.443753
5.455647
5.467551
5.479388
5.491331
5.503228
5.515251
5.527089
5.538821
5.550697
5.562733
5.574726
5.586378
5.598224
5.610124
5.621962
5.633826
5.645888
5.657597
5.669467
5.681397
5.693151
5.704952
5.716874
5.728681
5.740626
5.752542
5.764355
5.776178
5.788048
5.799952
5.811714
5.823539
5.835323
5.847112
5.859199
5.870772
5.882514
5.894573
5.906312
5.918026
5.930076
5.941623
5.953568
5.965259
5.976962
5.988730
6.000561
6.012090
6.023921
6.035666
6.047285
6.058984
6.070645
6.082407
6.094083
6.105651
6.117294
6.128912
6.140486
6.152255
6.163765
6.175378
6.186937
6.198475
6.210156
6.221569
6.233097
6.244707
6.256191
6.267723
6.279296
0.007457
0.018860
0.030554
0.042128
0.053408
0.064975
0.076468
0.087859
0.099379
0.110824
0.122323
0.133813
0.145315
0.156706
0.168232
0.179709
0.191271
0.202722
0.214164
0.225669
0.237258
0.248613
0.260079
0.271721
0.283094
0.294644
0.306125
0.317513
0.328976
0.340388
0.351872
0.363377
0.375034
0.386371
0.397744
0.409330
0.420559
0.432124
0.443635
0.454999
0.466498
0.477919
0.489244
0.500617
0.512053
0.523486
0.534793
0.546196
0.557560
0.568756
0.580324
0.591625
0.602863
0.614308
0.625580
0.636815
0.648218
0.659405
0.670769
0.682043
0.693272
0.704526
0.715809
0.727017
0.738174
0.749523
0.760756
0.771958
0.783190
0.794353
0.805535
0.816821
0.827957
0.839183
0.850520
0.861789
0.872883
0.884121
0.895285
0.906502
0.917857
0.928918
0.940153
0.951640
0.962783
0.974003
0.985265
0.996479
1.007882
1.019145
1.030311
1.041609
1.052991
1.064244
1.075566
1.086774
1.098091
1.109299
1.120822
1.132003
1.143199
1.154740
1.165745
1.177255
1.188422
1.199702
1.211165
1.222355
1.233788
1.244870
1.256267
1.267529
1.278729
1.289964
1.301343
1.312704
1.323888
1.335207
1.346368
1.357693
1.368913
1.380178
1.391548
1.402757
1.413911
1.425317
1.436486
1.447790
1.458897
1.470072
1.481280
1.492551
1.503718
1.514950
1.526167
1.537324
1.548656
1.559933
1.570886
1.582253
1.593441
1.604508
1.615665
1.627047
1.638226
1.649224
1.660696
1.671674
1.683166
1.694255
1.705496
1.716749
1.728107
1.739247
1.750503
1.761846
1.773225
1.784388
1.795767
1.807134
1.818262
1.829656
1.840822
1.852150
1.863592
1.874860
1.886029
1.897405
1.908677
1.919978
1.931300
1.942559
1.953881
1.965218
1.976447
1.987838
1.999208
2.010354
2.021631
2.032932
2.044296
2.055480
2.066734
2.078020
2.089444
2.100691
2.111944
2.123056
2.134300
2.145539
2.156807
2.167931
2.179169
2.190354
2.201493
2.212579
2.223751
2.235043
2.246042
2.257166
2.268398
2.279436
2.290542
2.301639
2.312779
2.323777
2.334929
2.345903
2.356985
2.368140
2.379249
2.390143
2.401324
2.412338
2.423294
2.434407
2.445360
2.456443
2.467522
2.478487
2.489600
2.500592
2.511684
2.522811
2.533801
2.544835
2.555951
2.566964
2.577929
2.588994
2.600172
2.610988
2.622151
2.633096
2.644130
2.655330
2.666322
2.677294
2.688412
2.699483
2.710412
2.721519
2.732544
2.743546
2.754466
2.765522
2.776520
2.787438
2.798571
2.809525
2.820361
2.831315
2.842448
2.853237
2.864439
2.875219
2.886152
2.897219
2.907987
2.918878
2.929819
2.940695
2.951568
2.962482
2.973259
2.984261
2.994864
3.005713
3.016744
3.027419
3.038247
3.048982
3.059914
3.070523
3.081345
3.092092
3.102920
3.113616
3.124279
3.135028
3.145808
3.156480
3.167254
3.178004
3.188598
3.199315
3.210113
3.220767
3.231546
3.242185
3.252791
3.263694
3.274378
3.284984
3.295689
3.306355
3.317198
3.327831
3.338464
3.349210
3.359936
3.370692
3.381364
3.392045
3.402822
3.413539
3.424220
3.434904
3.445531
3.456328
3.466982
3.477687
3.488299
3.499025
3.509655
3.520363
3.530954
3.541653
3.552322
3.563042
3.573642
3.584350
3.595025
3.605448
3.616297
3.626915
3.637365
3.647935
3.658574
3.669147
3.679735
3.690251
3.700935
3.711371
3.721998
3.732394
3.742895
3.753528
3.764050
3.774462
3.784987
3.795461
3.805914
3.816496
3.826713
3.837379
3.847766
3.858126
3.868547
3.878964
3.889399
3.899796
3.910210
3.920507
3.930988
3.941471
3.951750
3.962108
3.972510
3.982864
3.993165
4.003810
4.014014
4.024372
4.034819
4.045236
4.055596
4.066020
4.076431
4.086827
4.097301
4.107638
4.117974
4.128443
4.138797
4.149334
4.159679
4.170109
4.180448
4.190886
4.201352
4.211715
4.222171
4.232520
4.243039
4.253459
4.263918
4.274267
4.284738
4.295113
4.305573
4.316133
4.326377
4.336743
4.347185
4.357491
4.367956
4.378602
4.388746
4.399316
4.409661
4.420049
4.430436
4.440880
4.451268
4.461607
4.471917
4.482211
4.492664
4.503144
4.513280
4.523790
4.534148
4.544478
4.554739
4.565106
4.575412
4.585788
4.596136
4.606386
4.616638
4.627022
4.637260
4.647545
4.657846
4.668125
4.678399
4.688756
4.698811
4.709147
4.719499
4.729757
4.739998
4.750238
4.760518
4.770824
4.781088
4.791338
4.801641
4.811975
4.822128
4.832432
4.842861
4.853179
4.863408
4.873765
4.884111
4.894447
4.904679
4.914952
4.925277
4.935655
4.945992
4.956241
4.966619
4.976929
4.987331
4.997613
5.007890
5.018346
5.028605
5.038842
5.049212
5.059644
5.069921
5.080197
5.090656
5.100891
5.111227
5.121533
5.131912
5.142107
5.152489
5.162807
5.173087
5.183375
5.193618
5.203889
5.214153
5.224385
5.234664
5.244971
5.255104
5.265380
5.275725
5.285786
5.296062
5.306510
5.316358
5.326616
5.336875
5.346978
5.357098
5.367318
5.377411
5.387538
5.397602
5.407759
5.417897
5.427979
5.438115
5.448107
5.458206
5.468255
5.478394
5.488374
5.498377
5.508333
5.518577
5.528356
5.538572
5.548543
5.558526
5.568506
5.578627
5.588598
5.598437
5.608629
5.618564
5.628604
5.638644
5.648546
5.658591
5.668706
5.678605
5.688612
5.698571
5.708650
5.718459
5.728684
5.738410
5.748647
5.758414
5.768553
5.778416
5.788435
5.798355
5.808304
5.818323
5.828297
5.838169
5.848152
5.858330
5.867998
5.877984
5.888083
5.897779
5.907899
5.917657
5.927673
5.937449
5.947525
5.957283
5.967230
5.977063
5.986938
5.996858
6.006655
6.016473
6.026435
6.036172
6.046062
6.055815
6.065540
6.075397
6.085245
6.095063
6.104767
6.114642
6.124292
6.133943
6.143905
6.153471
6.163202
6.172934
6.182587
6.192288
6.202016
6.211625
6.221224
6.231093
6.240654
6.250253
6.259942
6.269628
6.279210
0.005731
0.015253
0.024978
0.034586
0.044141
0.053764
0.063501
0.073056
0.082637
0.092416
0.101887
0.111519
0.121074
0.130700
0.140395
0.149866
0.159471
0.169073
0.178712
0.188248
0.197931
0.207477
0.217142
0.226742
0.236275
0.245946
0.255558
0.265139
0.274735
0.284425
0.293931
0.303542
0.313175
0.322639
0.332424
0.342018
0.351494
0.361130
0.370687
0.380370
0.389751
0.399485
0.408998
0.418525
0.428166
0.437646
0.447164
0.456689
0.466126
0.475729
0.485400
0.494709
0.504434
0.513857
0.523387
0.532741
0.542331
0.551775
0.561245
0.570848
0.580261
0.589741
0.599199
0.608571
0.618095
0.627491
0.636902
0.646357
0.655843
0.665172
0.674583
0.683976
0.693287
0.702773
0.712163
0.721474
0.730825
0.740215
0.749535
0.758904
0.768294
0.777650
0.787019
0.796334
0.805601
0.815122
0.824287
0.833746
0.843006
0.852393
0.861768
0.871049
0.880421
0.889709
0.899200
0.908530
0.917851
0.927064
0.936561
0.945921
0.955305
0.964691
0.973985
0.983372
0.992764
1.002139
1.011460
1.020846
1.030314
1.039584
1.049117
1.058354
1.067654
1.077235
1.086511
1.095882
1.105239
1.114656
1.124108
1.133477
1.142831
1.152196
1.161508
1.170958
1.180359
1.189779
1.199106
1.208486
1.217849
1.227244
1.236544
1.245964
1.255312
1.264611
1.274109
1.283493
1.292834
1.302173
1.311589
1.320865
1.330303
1.339582
1.348875
1.358268
1.367568
1.376880
1.386215
1.395542
1.404818
1.414258
1.423456
1.432735
1.442101
1.451359
1.460664
1.469961
1.479219
1.488585
1.497845
1.507112
1.516322
1.525709
1.534886
1.544143
1.553488
1.562677
1.571947
1.581288
1.590436
1.599720
1.609056
1.618365
1.627566
1.636889
1.646105
1.655432
1.664642
1.673879
1.683256
1.692592
1.701865
1.711138
1.720485
1.729749
1.739094
1.748435
1.757657
1.767077
1.776290
1.785709
1.794946
1.804333
1.813552
1.822902
1.832160
1.841580
1.850826
1.860284
1.869512
1.878833
1.888229
1.897441
1.906762
1.916379
1.925463
1.934874
1.944240
1.953587
1.962872
1.972211
1.981502
1.990825
2.000149
2.009443
2.018656
2.028060
2.037243
2.046720
2.055903
2.065337
2.074517
2.083886
2.093105
2.102428
2.111650
2.120911
2.130139
2.139472
2.148595
2.157820
2.167134
2.176440
2.185617
2.194803
2.203995
2.213217
2.222441
2.231514
2.240721
2.250011
2.259116
2.268215
2.277434
2.286536
2.295638
2.304815
2.313875
2.323010
2.332163
2.341298
2.350355
2.359475
2.368535
2.377679
2.386757
2.395874
2.404820
2.414001
2.423045
2.432130
2.441231
2.450286
2.459370
2.468526
2.477535
2.486601
2.495733
2.504742
2.513826
2.522949
2.532003
2.541144
2.550183
2.559117
2.568276
2.577447
2.586375
2.595541
2.604606
2.613622
2.622661
2.631691
2.640937
2.649844
2.658970
2.667910
2.677165
2.686111
2.695180
2.704252
2.713178
2.722253
2.731274
2.740397
2.749322
2.758340
2.767382
2.776361
2.785383
2.794329
2.803419
2.812368
2.821404
2.830365
2.839324
2.848468
2.857279
2.866378
2.875288
2.884198
2.893118
2.902070
2.910974
2.919903
2.928885
2.937729
2.946618
2.955633
2.964463
2.973391
2.982277
2.991074
2.999864
3.008811
3.017586
3.026499
3.035278
3.044143
3.052915
3.061808
3.070517
3.079302
3.088065
3.096895
3.105763
3.114475
3.123212
3.131966
3.140760
3.149523
3.158245
3.167065
3.175691
3.184433
3.193299
3.201927
3.210679
3.219436
3.228113
3.236849
3.245667
3.254412
3.263080
3.271921
3.280550
3.289328
3.298011
3.306744
3.315520
3.324220
3.332975
3.341711
3.350448
3.359035
3.367873
3.376543
3.385259
3.394040
3.402732
3.411510
3.420214
3.428839
3.437537
3.446256
3.454914
3.463621
3.472387
3.481025
3.489758
3.498348
3.507100
3.515734
3.524423
3.533045
3.541740
3.550428
3.558973
3.567725
3.576305
3.584964
3.593623
3.602302
3.610820
3.619461
3.628059
3.636694
3.645284
3.653903
3.662460
3.671047
3.679660
3.688217
3.696795
3.705301
3.713747
3.722267
3.730899
3.739291
3.747895
3.756365
3.764919
3.773377
3.781859
3.790341
3.798799
3.807266
3.815648
3.824124
3.832594
3.840989
3.849405
3.857881
3.866306
3.874752
3.883147
3.891536
3.899864
3.908280
3.916633
3.925031
3.933546
3.941779
3.950156
3.958572
3.966940
3.975365
3.983697
3.992056
4.000454
4.008891
4.017157
4.025591
4.033935
4.042273
4.050638
4.059033
4.067380
4.075658
4.084125
4.092463
4.100918
4.109307
4.117600
4.126031
4.134336
4.142677
4.151165
4.159428
4.167835
4.176110
4.184511
4.192861
4.201274
4.209606
4.218076
4.226393
4.234785
4.243117
4.251497
4.259871
4.268262
4.276604
4.285070
4.293310
4.301603
4.309988
4.318360
4.326799
4.335114
4.343362
4.351757
4.360137
4.368379
4.376747
4.385109
4.393390
4.401755
4.410099
4.418386
4.426670
4.435002
4.443319
4.451531
4.459857
4.468243
4.476396
4.484794
4.492970
4.501374
4.509586
4.517813
4.526073
4.534405
4.542633
4.550842
4.559105
4.567314
4.575586
4.583810
4.592037
4.600339
4.608477
4.616611
4.624883
4.633116
4.641239
4.649487
4.657720
4.665893
4.674004
4.682195
4.690371
4.698505
4.706655
4.714783
4.722938
4.731183
4.739224
4.747419
4.755553
4.763772
4.771795
4.780112
4.788165
4.796386
4.804542
4.812784
4.820753
4.829142
4.837097
4.845453
4.853506
4.861631
4.869811
4.878032
4.886199
4.894354
4.902566
4.910653
4.918862
4.927143
4.935197
4.943346
4.951576
4.959723
4.967884
4.976162
4.984191
4.992311
5.000525
5.008681
5.016779
5.024940
5.033075
5.041278
5.049403
5.057582
5.065588
5.073893
5.081988
5.090132
5.098257
5.106347
5.114457
5.122651
5.130716
5.138842
5.146979
5.155044
5.163185
5.171367
5.179286
5.187435
5.195509
5.203554
5.211781
5.219783
5.227804
5.235866
5.243949
5.251940
5.259948
5.268011
5.275968
5.283967
5.291922
5.299979
5.307939
5.315987
5.323935
5.331860
5.339892
5.347793
5.355669
5.363729
5.371671
5.379476
5.387343
5.395304
5.403175
5.411114
5.419009
5.426858
5.434729
5.442612
5.450459
5.458287
5.466041
5.473897
5.481770
5.489689
5.497458
5.505322
5.513136
5.520884
5.528716
5.536523
5.544259
5.552055
5.559928
5.567682
5.575550
5.583231
5.591036
5.598844
5.606592
5.614439
5.622211
5.629907
5.637682
5.645481
5.653199
5.661003
5.668640
5.676484
5.684190
5.691949
5.699598
5.707406
5.715181
5.723010
5.730581
5.738382
5.746089
5.753821
5.761575
5.769290
5.776966
5.784794
5.792419
5.800107
5.807903
5.815567
5.823228
5.830955
5.838610
5.846220
5.853950
5.861661
5.869406
5.877088
5.884707
5.892452
5.900059
5.907732
5.915449
5.922943
5.930762
5.938351
5.945934
5.953634
5.961169
5.968827
5.976437
5.984152
5.991675
5.999261
6.006847
6.014460
6.022052
6.029626
6.037131
6.044615
6.052288
6.059790
6.067259
6.074861
6.082327
6.089910
6.097394
6.104869
6.112404
6.119888
6.127304
6.134866
6.142326
6.149840
6.157276
6.164808
6.172182
6.179621
6.187093
6.194517
6.201926
6.209381
6.216781
6.224115
6.231641
6.238945
6.246403
6.253842
6.261164
6.268519
6.276109
0.000141
0.007502
0.014923
0.022210
0.029667
0.036989
0.044294
0.051712
0.059031
0.066402
0.073727
0.081121
0.088435
0.095766
0.103145
0.110516
0.117841
0.125241
0.132474
0.139826
0.147250
0.154483
0.161898
0.169214
0.176558
0.183832
0.191145
0.198630
0.205826
0.213250
0.220573
0.227790
0.235095
0.242438
0.249757
0.257098
0.264393
0.271652
0.279173
0.286309
0.293685
0.301002
0.308369
0.315569
0.322933
0.330249
0.337515
0.344852
0.351989
0.359347
0.366783
0.373839
0.381224
0.388409
0.395734
0.402964
0.410274
0.417527
0.424781
0.432067
0.439282
0.446484
0.453753
0.461024
0.468314
0.475516
0.482671
0.489882
0.497118
0.504275
0.511690
0.518797
0.525994
0.533175
0.540432
0.547538
0.554729
0.561961
0.569098
0.576219
0.583482
0.590574
0.597659
0.604877
0.611983
0.619141
0.626308
0.633384
0.640500
0.647714
0.654797
0.661850
0.669001
0.676072
0.683185
0.690303
0.697374
0.704424
0.711518
0.718649
0.725720
0.732877
0.739843
0.746902
0.754068
0.761040
0.768066
0.775146
0.782150
0.789185
0.796334
0.803348
0.810322
0.817432
0.824410
0.831490
0.838554
0.845550
0.852573
0.859667
0.866660
0.873683
0.880736
0.887702
0.894784
0.901801
0.908929
0.915781
0.923013
0.929862
0.937062
0.944015
0.950990
0.958061
0.965147
0.972100
0.979168
0.986194
0.993265
1.000251
1.007379
1.014357
1.021365
1.028483
1.035464
1.042424
1.049489
1.056499
1.063648
1.070746
1.077589
1.084740
1.091775
1.098696
1.105889
1.112846
1.119902
1.126940
1.133965
1.140955
1.147981
1.155094
1.161966
1.169046
1.176108
1.183155
1.190165
1.197122
1.204166
1.211231
1.218226
1.225312
1.232191
1.239298
1.246207
1.253274
1.260366
1.267287
1.274274
1.281269
1.288295
1.295231
1.302272
1.309229
1.316242
1.323175
1.330162
1.337032
1.344103
1.351039
1.358025
1.365021
1.371927
1.378935
1.385871
1.392837
1.399698
1.406672
1.413587
1.420547
1.427624
1.434407
1.441307
1.448434
1.455265
1.462174
1.469038
1.475929
1.482940
1.489735
1.496680
1.503571
1.510504
1.517404
1.524178
1.531206
1.538073
1.544829
1.551723
1.558602
1.565553
1.572432
1.579248
1.586115
1.592991
1.599894
1.606671
1.613604
1.620426
1.627347
1.634256
1.641084
1.647954
1.654875
1.661784
1.668546
1.675482
1.682301
1.689186
1.696070
1.702994
1.709858
1.716635
1.723580
1.730432
1.737344
1.744223
1.751099
1.758008
1.764905
1.771682
1.778621
1.785464
1.792283
1.799285
1.806038
1.812935
1.819870
1.826666
1.833571
1.840453
1.847368
1.854190
1.861114
1.867939
1.874818
1.881661
1.888564
1.895353
1.902178
1.909135
1.915945
1.922812
1.929685
1.936531
1.943464
1.950319
1.957102
1.963987
1.970803
1.977664
1.984549
1.991404
1.998235
2.005057
2.011810
2.018656
2.025451
2.032306
2.039140
2.046025
2.052775
2.059585
2.066461
2.073220
2.080090
2.086822
2.093581
2.100343
2.107150
2.114056
2.120734
2.127407
2.134199
2.141138
2.147780
2.154566
2.161283
2.168042
2.174747
2.181566
2.188224
2.194953
2.201724
2.208369
2.215014
2.221794
2.228503
2.235103
2.241862
2.248642
2.255263
2.261909
2.268608
2.275268
2.281982
2.288574
2.295228
2.301912
2.308521
2.315172
2.321857
2.328526
2.335051
2.341807
2.348366
2.355005
2.361527
2.368287
2.374836
2.381466
2.388007
2.394661
2.401225
2.407775
2.414381
2.421071
2.427635
2.434323
2.440956
2.447367
2.454004
2.460625
2.467237
2.473709
2.480339
2.486984
2.493513
2.500125
2.506620
2.513299
2.519929
2.526428
2.532998
2.539601
2.546162
2.552754
2.559246
2.565823
2.572381
2.578999
2.585585
2.592152
2.598701
2.605206
2.611821
2.618346
2.624911
2.631475
2.638016
2.644535
2.651075
2.657652
2.664180
2.670727
2.677279
2.683798
2.690297
2.696831
2.703309
2.709849
2.716413
2.722936
2.729455
2.736005
2.742494
2.748950
2.755467
2.762022
2.768452
2.774980
2.781392
2.787878
2.794482
2.800896
2.807413
2.813833
2.820275
2.826776
2.833251
2.839671
2.846083
2.852536
2.859005
2.865458
2.871873
2.878284
2.884726
2.891167
2.897537
2.904014
2.910405
2.916780
2.923159
2.929685
2.935955
2.942373
2.948787
2.955121
2.961461
2.967869
2.974206
2.980555
2.986930
2.993246
2.999643
3.006003
3.012265
3.018625
3.024935
3.031239
3.037555
3.043882
3.050183
3.056505
3.062838
3.069088
3.075374
3.081675
3.087927
3.094198
3.100535
3.106776
3.112980
3.119224
3.125504
3.131766
3.138057
3.144223
3.150455
3.156735
3.162964
3.169219
3.175538
3.181641
3.187819
3.194197
3.200276
3.206592
3.212779
3.218972
3.225147
3.231411
3.237613
3.243869
3.250053
3.256291
3.262486
3.268703
3.274911
3.281026
3.287417
3.293472
3.299670
3.305890
3.312095
3.318264
3.324469
3.330569
3.336801
3.343035
3.349123
3.355427
3.361575
3.367699
3.373955
3.380040
3.386242
3.392443
3.398636
3.404793
3.410911
3.417050
3.423240
3.429406
3.435518
3.441663
3.447796
3.454015
3.460016
3.466272
3.472396
3.478445
3.484590
3.490696
3.496748
3.502896
3.509092
3.515102
3.521151
3.527413
3.533378
3.539469
3.545554
3.551624
3.557739
3.563839
3.569810
3.575898
3.581989
3.588014
3.594012
3.600058
3.606182
3.612159
3.618157
3.624197
3.630166
3.636199
3.642168
3.648160
3.654203
3.660120
3.666061
3.672206
3.678046
3.684080
3.689979
3.696001
3.701885
3.707940
3.713789
3.719727
3.725725
3.731528
3.737415
3.743461
3.749313
3.755197
3.761141
3.766999
3.772886
3.778821
3.784615
3.790452
3.796369
3.802163
3.808098
3.813905
3.819732
3.825520
3.831434
3.837178
3.843065
3.848845
3.854663
3.860487
3.866276
3.872043
3.877846
3.883695
3.889363
3.895212
3.900997
3.906666
3.912490
3.918239
3.923965
3.929741
3.935476
3.941222
3.947007
3.952706
3.958572
3.964244
3.969999
3.975824
3.981489
3.987286
3.992907
3.998740
4.004358
4.010131
4.015830
4.021627
4.027221
4.032982
4.038815
4.044439
4.050174
4.055893
4.061711
4.067305
4.073019
4.078729
4.084461
4.090102
4.095834
4.101547
4.107152
4.112875
4.118538
4.124200
4.129872
4.135663
4.141302
4.146964
4.152627
4.158361
4.164033
4.169695
4.175340
4.180994
4.186719
4.192309
4.198032
4.203712
4.209300
4.214957
4.220658
4.226240
4.231945
4.237619
4.243141
4.248935
4.254535
4.260125
4.265854
4.271472
4.277068
4.282754
4.288366
4.293954
4.299565
4.305207
4.310771
4.316430
4.322015
4.327698
4.333199
4.338886
4.344450
4.350091
4.355660
4.361260
4.366881
4.372495
4.378056
4.383617
4.389222
4.394759
4.400338
4.405931
4.411477
4.417101
4.422616
4.428126
4.433684
4.439209
4.444790
4.450282
4.455840
4.461343
4.466847
4.472357
4.477927
4.483367
4.488859
4.494366
4.499828
4.505341
4.510826
4.516288
4.521774
4.527266
4.532682
4.538195
4.543609
4.549050
4.554494
4.559920
4.565358
4.570822
4.576248
4.581632
4.587073
4.592454
4.597892
4.603264
4.608696
4.614106
4.619538
4.624847
4.630345
4.635726
4.641107
4.646467
4.651830
4.657198
4.662531
4.667924
4.673248
4.678587
4.683965
4.689274
4.694611
4.699970
4.705276
4.710606
4.715936
4.721263
4.726560
4.731923
4.737166
4.742485
4.747850
4.753081
4.758381
4.763709
4.769002
4.774293
4.779609
4.784891
4.790233
4.795527
4.800766
4.806070
4.811394
4.816646
4.821886
4.827195
4.832435
4.837663
4.842987
4.848275
4.853506
4.858779
4.863998
4.869352
4.874538
4.879806
4.885108
4.890277
4.895571
4.900763
4.906126
4.911270
4.916453
4.921655
4.927000
4.932137
4.937450
4.942597
4.947816
4.953047
4.958317
4.963461
4.968699
4.973894
4.979104
4.984347
4.989473
4.994731
4.999920
5.005041
5.010263
5.015521
5.020686
5.025846
5.030953
5.036209
5.041329
5.046524
5.051695
5.056876
5.062044
5.067164
5.072323
5.077503
5.082614
5.087792
5.092918
5.098014
5.103135
5.108300
5.113432
5.118522
5.123610
5.128742
5.133877
5.138970
5.144055
5.149214
5.154235
5.159359
5.164461
5.169527
5.174531
5.179540
5.184714
5.189730
5.194808
5.199779
5.204845
5.209959
5.214939
5.220011
5.224948
5.230062
5.235045
5.240027
5.245046
5.250016
5.255002
5.260023
5.265036
5.269997
5.274938
5.279851
5.284869
5.289843
5.294754
5.299727
5.304706
5.309593
5.314545
5.319492
5.324402
5.329274
5.334271
5.339053
5.344012
5.348901
5.353737
5.358668
5.363477
5.368382
5.373178
5.378080
5.382918
5.387766
5.392704
5.397464
5.402282
5.407150
5.411965
5.416762
5.421553
5.426313
5.431098
5.435919
5.440673
5.445446
5.450303
5.454998
5.459779
5.464552
5.469271
5.474025
5.478804
5.483526
5.488281
5.493030
5.497667
5.502431
5.507174
5.511838
5.516587
5.521294
5.525992
5.530708
5.535412
5.540071
5.544765
5.549475
5.554140
5.558844
5.563569
5.568231
5.572910
5.577524
5.582195
5.586923
5.591558
5.596180
5.600819
5.605486
5.610065
5.614747
5.619406
5.624017
5.628754
5.633311
5.637928
5.642550
5.647180
5.651856
5.656404
5.661048
5.665638
5.670177
5.674815
5.679495
5.684010
5.688597
5.693175
5.697783
5.702400
5.706864
5.711487
5.716077
5.720634
5.725152
5.729721
5.734251
5.738916
5.743407
5.747898
5.752434
5.757048
5.761518
5.766090
5.770557
5.775132
5.779632
5.784117
5.788605
5.793156
5.797704
5.802130
5.806663
5.811162
5.815657
5.820187
5.824621
5.829106
5.833618
5.838064
5.842486
5.846990
5.851433
5.855882
5.860355
5.864765
5.869262
5.873672
5.878133
5.882562
5.887038
5.891418
5.895825
5.900265
5.904745
5.909122
5.913544
5.917933
5.922400
5.926835
5.931202
5.935571
5.940032
5.944466
5.948757
5.953194
5.957565
5.961924
5.966295
5.970643
5.975041
5.979451
5.983787
5.988125
5.992490
5.996852
6.001203
6.005610
6.009891
6.014205
6.018535
6.022834
6.027145
6.031433
6.035765
6.040073
6.044391
6.048651
6.052974
6.057349
6.061543
6.065825
6.070172
6.074432
6.078660
6.082929
6.087147
6.091429
6.095725
6.099877
6.104114
6.108396
6.112626
6.116862
6.121147
6.125218
6.129578
6.133733
6.137921
6.142122
6.146293
6.150466
6.154696
6.158876
6.163025
6.167220
6.171456
6.175606
6.179782
6.183935
6.188025
6.192210
6.196381
6.200509
6.204647
6.208904
6.212958
6.217134
6.221287
6.225400
6.229535
6.233666
6.237771
6.241894
6.245974
6.250094
6.254175
6.258288
6.262420
6.266494
6.270593
6.274757
6.278814
6.282886
0.003763
0.007844
0.011936
0.016044
0.020101
0.024157
0.028190
0.032271
0.036351
0.040423
0.044452
0.048503
0.052554
0.056709
0.060742
0.064763
0.068843
0.072882
0.076912
0.080938
0.084989
0.089010
0.093049
0.097084
0.101120
0.105138
0.109203
0.113218
0.117236
0.121253
0.125286
0.129274
0.133322
0.137318
0.141303
0.145408
0.149332
0.153368
0.157413
0.161368
0.165355
0.169364
0.173349
0.177376
0.181363
0.185387
0.189297
0.193333
0.197284
0.201263
0.205293
0.209266
0.213211
0.217202
0.221157
0.225166
0.229120
0.233063
0.237054
0.241006
0.244943
0.248933
0.252867
0.256831
0.260843
0.264779
0.268719
0.272662
0.276638
0.280533
0.284476
0.288424
0.292334
0.296268
0.300193
0.304139
0.308075
0.311991
0.315886
0.319868
0.323784
0.327715
0.331651
0.335525
0.339501
0.343351
0.347249
0.351171
0.355024
0.358916
0.362864
0.366693
0.370642
0.374513
0.378393
0.382282
0.386162
0.390072
0.393957
0.397831
0.401672
0.405603
0.409396
0.413282
0.417168
0.421003
0.424799
0.428706
0.432619
0.436367
0.440285
0.444075
0.447922
0.451784
0.455613
0.459472
0.463328
0.467109
0.470932
0.474770
0.478614
0.482404
0.486224
0.490029
0.493843
0.497663
0.501444
0.505219
0.509072
0.512826
0.516658
0.520469
0.524259
0.528022
0.531839
0.535548
0.539425
0.543149
0.546891
0.550672
0.554420
0.558174
0.561940
0.565685
0.569454
0.573205
0.576951
0.580669
0.584426
0.588177
0.591889
0.595652
0.599373
0.603085
0.606776
0.610518
0.614189
0.617958
0.621652
0.625328
0.629037
0.632761
0.636452
0.640167
0.643820
0.647580
0.651211
0.654905
0.658575
0.662248
0.665942
0.669553
0.673280
0.676950
0.680593
0.684209
0.687936
0.691550
0.695229
0.698863
0.702491
0.706123
0.709856
0.713433
0.717064
0.720698
0.724324
0.727958
0.731583
0.735193
0.738795
0.742447
0.746015
0.749622
0.753268
0.756852
0.760417
0.764042
0.767632
0.771281
0.774867
0.778459
0.781995
0.785620
0.789191
0.792822
0.796403
0.799887
0.803503
0.807081
0.810676
0.814178
0.817827
0.821315
0.824886
0.828520
0.832008
0.835576
0.839213
0.842719
0.846299
0.849819
0.853379
0.856968
0.860494
0.864012
0.867568
0.871091
0.874696
0.878201
0.881718
0.885257
0.888819
0.892375
0.895884
0.899452
0.902921
0.906451
0.909992
0.913578
0.917006
0.920541
0.924059
0.927630
0.931165
0.934605
0.938119
0.941630
0.945202
0.948671
0.952186
0.955682
0.959199
0.962711
0.966189
0.969698
0.973188
0.976687
0.980214
0.983683
0.987153
0.990646
0.994145
0.997624
1.001162
1.004641
1.008107
1.011597
1.015100
1.018551
1.022024
1.025517
1.028978
1.032450
1.035934
1.039398
1.042846
1.046352
1.049782
1.053264
1.056715
1.060113
1.063666
1.067057
1.070539
1.073945
1.077424
1.080881
1.084312
1.087766
1.091194
1.094624
1.098088
1.101482
1.104913
1.108382
1.111773
1.115198
1.118670
1.122125
1.125513
1.128959
1.132365
1.135805
1.139202
1.142576
1.145992
1.149422
1.152858
1.156202
1.159678
1.163039
1.166443
1.169846
1.173259
1.176644
1.180063
1.183424
1.186834
1.190225
1.193587
1.196969
1.200403
1.203743
1.207081
1.210458
1.213834
1.217202
1.220608
1.223946
1.227314
1.230705
1.234064
1.237413
1.240790
1.244154
1.247483
1.250847
1.254158
1.257484
1.260869
1.264165
1.267524
1.270858
1.274199
1.277500
1.280850
1.284149
1.287477
1.290812
1.294126
1.297415
1.300777
1.304036
1.307368
1.310646
1.313932
1.317240
1.320527
1.323768
1.327097
1.330378
1.333655
1.336948
1.340241
1.343527
1.346763
1.350035
1.353325
1.356620
1.359910
1.363107
1.366393
1.369698
1.372925
1.376158
1.379393
1.382650
1.385895
1.389130
1.392357
1.395614
1.398889
1.402076
1.405312
1.408554
1.411748
1.414971
1.418207
1.421410
1.424628
1.427872
1.431057
1.434272
1.437523
1.440714
1.443925
1.447128
1.450340
1.453591
1.456742
1.459939
1.463124
1.466345
1.469491
1.472649
1.475833
1.479048
1.482197
1.485382
1.488552
1.491724
1.494921
1.498097
1.501222
1.504428
1.507565
1.510695
1.513901
1.517050
1.520208
1.523369
1.526494
1.529678
1.532791
1.535892
1.539020
1.542175
1.545345
1.548464
1.551559
1.554669
1.557835
1.560975
1.564076
1.567192
1.570317
1.573415
1.576510
1.579611
1.582703
1.585837
1.588940
1.592077
1.595094
1.598246
1.601302
1.604397
1.607513
1.610620
1.613715
1.616822
1.619896
1.622964
1.626059
1.629135
1.632236
1.635334
1.638393
1.641440
1.644520
1.647597
1.650650
1.653724
1.656795
1.659833
1.662943
1.665993
1.669073
1.672081
1.675146
1.678211
1.681279
1.684311
1.687364
1.690426
1.693464
1.696502
1.699552
1.702587
1.705625
1.708654
1.711710
1.714718
1.717777
1.720800
1.723799
1.726861
1.729860
1.732898
1.735900
1.738917
1.741952
1.744969
1.747995
1.751030
1.754038
1.757025
1.760036
1.763062
1.766040
1.769054
1.772080
1.775046
1.778057
1.781030
1.784005
1.786986
1.790000
1.792996
1.795965
1.798946
1.801909
1.804890
1.807904
1.810861
1.813857
1.816853
1.819826
1.822756
1.825746
1.828730
1.831666
1.834632
1.837604
1.840543
1.843512
1.846410
1.849388
1.852330
1.855260
1.858214
1.861165
1.864113
1.867058
1.870021
1.872982
1.875843
1.878803
1.881730
1.884612
1.887623
1.890467
1.893424
1.896330
1.899227
1.902154
1.905045
1.907990
1.910933
1.913830
1.916706
1.919651
1.922506
1.925398
1.928328
1.931195
1.934074
1.936965
1.939815
1.942691
1.945612
1.948467
1.951322
1.954232
1.957138
1.959978
1.962887
1.965721
1.968616
1.971474
1.974377
1.977193
1.980076
1.982898
1.985750
1.988599
1.991449
1.994289
1.997159
1.999966
2.002804
2.005701
2.008541
2.011318
2.014198
2.017014
2.019857
2.022644
2.025490
2.028252
2.031110
2.033921
2.036725
2.039532
2.042387
2.045171
2.047993
2.050780
2.053545
2.056385
2.059171
2.061991
2.064771
2.067543
2.070365
2.073115
2.075871
2.078667
2.081453
2.084198
2.086981
2.089761
2.092527
2.095316
2.098048
2.100793
2.103627
2.106356
2.109116
2.111830
2.114616
2.117373
2.120099
2.122832
2.125573
2.128278
2.131029
2.133728
2.136479
2.139223
2.141979
2.144649
2.147384
2.150090
2.152822
2.155531
2.158239
2.160942
2.163647
2.166317
2.168977
2.171718
2.174358
2.177033
2.179739
2.182399
2.185057
2.187753
2.190474
2.193110
2.195825
2.198488
2.201110
2.203779
2.206422
2.209049
2.211695
2.214340
2.216977
2.219604
2.222217
2.224850
2.227508
2.230126
2.232739
2.235390
2.237967
2.240631
2.243204
2.245784
2.248384
2.251033
2.253597
2.256174
2.258778
2.261360
2.263946
2.266516
2.269114
2.271679
2.274285
2.276844
2.279438
2.282024
2.284559
2.287144
2.289715
2.292268
2.294775
2.297349
2.299887
2.302427
2.304986
2.307544
2.310100
2.312617
2.315122
2.317668
2.320242
2.322750
2.325248
2.327846
2.330357
2.332861
2.335381
2.337859
2.340372
2.342901
2.345409
2.347895
2.350403
2.352914
2.355418
2.357920
2.360407
2.362927
2.365443
2.367921
2.370402
2.372912
2.375375
2.377841
2.380328
2.382814
2.385250
2.387728
2.390194
2.392632
2.395125
2.397591
2.400093
2.402588
2.405009
2.407472
2.409950
2.412380
2.414836
2.417299
2.419711
2.422177
2.424609
2.427066
2.429502
2.431962
2.434365
2.436791
2.439239
2.441678
2.444135
2.446573
2.448976
2.451391
2.453833
2.456254
2.458642
2.461083
2.463501
2.465901
2.468310
2.470698
2.473134
2.475545
2.477951
2.480342
2.482769
2.485127
2.487527
2.489947
2.492323
2.494723
2.497066
2.499481
2.501821
2.504263
2.506567
2.508969
2.511363
2.513736
2.516082
2.518458
2.520819
2.523174
2.525517
2.527880
2.530250
2.532614
2.535002
2.537300
2.539646
2.542028
2.544323
2.546690
2.549018
2.551346
2.553700
2.555984
2.558338
2.560696
2.563009
2.565334
2.567686
2.569981
2.572327
2.574628
2.576938
2.579227
2.581540
2.583838
2.586124
2.588461
2.590783
2.593060
2.595346
2.597647
2.599954
2.602288
2.604547
2.606827
2.609149
2.611413
2.613661
2.615937
2.618224
2.620468
2.622760
2.624992
2.627284
2.629567
2.631820
2.634061
2.636320
2.638576
2.640841
2.643076
2.645323
2.647567
2.649838
2.652076
2.654284
2.656531
2.658772
2.660986
2.663233
2.665459
2.667665
2.669867
2.672090
2.674316
2.676551
2.678771
2.680982
2.683229
2.685374
2.687594
2.689770
2.691951
2.694153
2.696370
2.698551
2.700747
2.702940
2.705130
2.707293
2.709486
2.711650
2.713816
2.716027
2.718178
2.720401
2.722519
2.724739
2.726876
2.729030
2.731163
2.733323
2.735471
2.737598
2.739747
2.741898
2.744058
2.746221
2.748366
2.750499
2.752666
2.754790
2.756941
2.759026
2.761159
2.763266
2.765402
2.767508
2.769656
2.771801
2.773911
2.776014
2.778141
2.780232
2.782297
2.784439
2.786509
2.788636
2.790725
2.792834
2.794931
2.797031
2.799131
2.801193
2.803269
2.805330
2.807404
2.809483
2.811562
2.813629
2.815736
2.817815
2.819870
2.821934
2.823999
2.826054
2.828091
2.830132
2.832178
2.834257
2.836303
2.838365
2.840426
2.842469
2.844507
2.846541
2.848545
2.850583
2.852635
2.854666
2.856689
2.858711
2.860727
2.862753
2.864793
2.866791
2.868802
2.870836
2.872813
2.874803
2.876807
2.878793
2.880795
2.882805
2.884828
2.886847
2.888848
2.890793
2.892785
2.894753
2.896707
2.898690
2.900668
2.902642
2.904596
2.906636
2.908571
2.910552
2.912511
2.914471
2.916427
2.918350
2.920283
2.922212
2.924190
2.926152
2.928109
2.930086
2.932028
2.933972
2.935871
2.937786
2.939679
2.941588
2.943505
2.945438
2.947358
2.949303
2.951244
2.953195
2.955112
2.957009
2.958893
2.960787
2.962662
2.964520
2.966380
2.968277
2.970185
2.972106
2.974032
2.975929
2.977798
2.979683
2.981555
2.983401
2.985231
2.987095
2.988926
2.990816
2.992740
2.994555
2.996458
2.998321
3.000170
3.002009
3.003822
3.005656
3.007480
3.009311
3.011135
3.012981
3.014836
3.016711
3.018578
3.020423
3.022227
3.024054
3.025840
3.027626
3.029387
3.031179
3.032962
3.034759
3.036599
3.038418
3.040224
3.042076
3.043882
3.045680
3.047462
3.049191
3.050947
3.052715
3.054503
3.056268
3.058051
3.059830
3.061634
3.063435
3.065184
3.066967
3.068708
3.070451
3.072195
3.073951
3.075706
3.077465
3.079203
3.080961
3.082708
3.084458
3.086166
3.087912
3.089683
3.091391
3.093107
3.094821
3.096541
3.098276
3.100001
3.101691
3.103405
3.105155
3.106871
3.108579
3.110311
3.112034
3.113720
3.115422
3.117130
3.118793
3.120500
3.122184
3.123868
3.125567
3.127242
3.128955
3.130639
3.132365
3.134048
3.135717
3.137386
3.139037
3.140709
3.142330
3.143969
3.145658
3.147297
3.148948
3.150647
3.152297
3.153972
3.155641
3.157307
3.158952
3.160591
3.162235
3.163865
3.165492
3.167113
3.168728
3.170352
3.171988
3.173645
3.175286
3.176922
3.178555
3.180182
3.181773
3.183421
3.185003
3.186584
3.188193
3.189805
3.191402
3.192996
3.194629
3.196226
3.197855
3.199465
3.201049
3.202610
3.204198
3.205780
3.207332
3.208932
3.210496
3.212081
3.213639
3.215215
3.216806
3.218388
3.219990
3.221545
3.223133
3.224661
3.226210
3.227756
3.229284
3.230812
3.232361
3.233895
3.235426
3.236984
3.238524
3.240058
3.241625
3.243180
3.244738
3.246287
3.247779
3.249271
3.250790
3.252288
3.253792
3.255299
3.256803
3.258301
3.259805
3.261309
3.262831
3.264338
3.265842
3.267334
3.268823
3.270312
3.271792
3.273275
3.274773
3.276256
3.277733
3.279190
3.280658
3.282123
3.283582
3.285038
3.286530
3.288001
3.289478
3.290925
3.292378
3.293798
3.295266
3.296716
3.298167
3.299572
3.301013
3.302415
3.303814
3.305231
3.306648
3.308105
3.309543
3.310993
3.312371
3.313806
3.315214
3.316586
3.317994
3.319403
3.320760
3.322108
3.323483
3.324858
3.326228
3.327609
3.328984
3.330368
3.331773
3.333139
3.334500
3.335881
3.337235
3.338580
3.339935
3.341265
3.342592
3.343922
3.345226
3.346529
3.347826
3.349138
3.350451
3.351796
3.353102
3.354426
3.355772
3.357084
3.358393
3.359703
3.360991
3.362261
3.363549
3.364823
3.366075
3.367310
3.368568
3.369826
3.371103
3.372337
3.373577
3.374821
3.376088
3.377355
3.378629
3.379860
3.381106
3.382350
3.383575
3.384792
3.385990
3.387167
3.388354
3.389546
3.390721
3.391901
3.393082
3.394271
3.395458
3.396659
3.397842
3.399041
3.400266
3.401441
3.402603
3.403772
3.404931
3.406073
3.407238
3.408386
3.409512
3.410654
3.411756
3.412862
3.413931
3.415046
3.416181
3.417314
3.418437
3.419552
3.420675
3.421778
3.422871
3.423986
3.425082
3.426188
3.427288
3.428378
3.429457
3.430529
3.431587
3.432653
3.433726
3.434754
3.435766
3.436800
3.437846
3.438888
3.439934
3.440983
3.442034
3.443071
3.444098
3.445132
3.446169
3.447211
3.448248
3.449297
3.450327
3.451361
3.452356
3.453359
3.454348
3.455343
3.456275
3.457221
3.458177
3.459136
3.460103
3.461098
3.462066
3.463054
3.464034
3.464993
3.465949
3.466908
3.467857
3.468828
3.469793
3.470739
3.471728
3.472690
3.473643
3.474586
3.475509
3.476387
3.477268
3.478140
3.479042
3.479940
3.480842
3.481711
3.482622
3.483536
3.484440
3.485333
3.486226
3.487104
3.487967
3.488857
3.489752
3.490624
3.491535
3.492440
3.493333
3.494214
3.495094
3.495945
3.496775
3.497608
3.498411
3.499211
3.500020
3.500853
3.501665
3.502462
3.503289
3.504107
3.504918
3.505748
3.506581
3.507384
3.508184
3.508984
3.509769
3.510551
3.511360
3.512157
3.512945
3.513730
3.514524
3.515309
3.516097
3.516885
3.517640
3.518401
3.519141
3.519875
3.520612
3.521334
3.522044
3.522748
3.523449
3.524150
3.524860
3.525585
3.526316
3.527053
3.527769
3.528479
3.529145
3.529813
3.530475
3.531149
3.531796
3.532476
3.533144
3.533821
3.534504
3.535212
3.535898
3.536587
3.537273
3.537956
3.538633
3.539307
3.539975
3.540628
3.541287
3.541917
3.542531
3.543136
3.543732
3.544334
3.544913
3.545494
3.546099
3.546707
3.547325
3.547927
3.548505
3.549071
3.549626
3.550174
3.550701
3.551240
3.551789
3.552325
3.552855
3.553385
3.553910
3.554434
3.554974
3.555495
3.556004
3.556514
3.557038
3.557574
3.558110
3.558656
3.559189
3.559719
3.560253
3.560798
3.561313
3.561822
3.562344
3.562832
3.563318
3.563800
3.564270
3.564741
3.565223
3.565699
3.566140
3.566559
3.566970
3.567359
3.567752
3.568144
3.568531
3.568932
3.569337
3.569735
3.570125
3.570514
3.570904
3.571287
3.571667
3.572024
3.572384
3.572725
3.573091
3.573450
3.573801
3.574142
3.574478
3.574804
3.575119
3.575425
3.575736
3.576030
3.576344
3.576641
3.576935
3.577222
3.577522
3.577803
3.578094
3.578373
3.578627
3.578888
3.579173
3.579469
3.579760
3.580056
3.580356
3.580668
3.580979
3.581300
3.581614
3.581941
3.582262
3.582567
3.582858
3.583151
3.583445
3.583736
3.584026
3.584314
3.584580
3.584832
3.585084
3.585330
3.585554
3.585785
3.586010
3.586219
3.586411
3.586579
3.586735
3.586890
3.587040
3.587169
3.587274
3.587370
3.587451
3.587526
3.587598
3.587661
3.587711
3.587744
3.587783
3.587819
3.587834
3.587840
3.587843
3.587846
3.587846
3.587846
3.587846
3.587846
3.587846
3.587846
3.587846
3.587846
3.587846
3.587846
3.587846
3.587846
3.587825
3.587759
3.587711
3.587669
3.587613
3.587553
3.587496
3.587427
3.587361
3.587283
3.587196
3.587118
3.587046
3.586974
3.586888
3.586810
3.586741
3.586669
3.586588
3.586498
3.586405
3.586303
3.586210
3.586121
3.586022
3.585923
3.585830
3.585740
3.585647
3.585548
3.585437
3.585335
3.585240
3.585150
3.585051
3.584961
3.584883
3.584796
3.584706
3.584625
3.584530
3.584437
3.584353
3.584293
3.584218
3.584152
3.584095
3.584035
3.583978
3.583930
3.583879
3.583832
3.583793
3.583754
3.583712
3.583691
3.583670
3.583640
3.583619
3.583604
3.583577
3.583556
3.583550
3.583550
3.583550
3.583550
3.583550
3.583550
3.583550
3.583550
3.583550
3.583550
3.583550
3.583550
3.583550
3.583550
3.583550
3.583550
3.583550
3.583550
3.583550
3.583550
3.583550
3.583550
3.583550
3.583550
3.583550
3.583550
3.583550
3.583550
3.583550
3.583550
3.583550
3.583550
3.583550
3.583550
3.583550
3.583550
3.583550
3.583550
3.583550
3.583550
3.583550
3.583550
3.583550
3.583550
3.583550
3.583550
3.583550
3.583550
3.583550
3.583550
3.583550
3.583550
3.583550
3.583550
3.583550
3.583550
3.583550
3.583550
3.583550
3.583550
3.583550
3.583550
3.583550
3.583550
3.583550
3.583550
3.583550
3.583550
3.583550
3.583550
3.583550
3.583550
3.583550
3.583550
3.583550
3.583550
3.583550
3.583550
3.583550
3.583550
3.583550
3.583550
3.583550
3.583550
3.583550
3.583550
3.583550
3.583550
3.583550
3.583550
3.583550
3.583550
3.583550
3.583550
3.583550
3.583550
3.583550
3.583550
3.583550
3.583550