0.820497
0.820497
0.820497
0.820497
0.820497
0.820497
0.820497
0.820497
0.820497
0.820497
0.820497
0.820497
0.820497
0.820572
0.820716
0.820889
0.821090
0.821336
0.821617
0.821929
0.822286
0.822672
0.823059
0.823472
0.823900
0.824389
0.824913
0.825482
0.826061
0.826693
0.827355
0.828044
0.828763
0.829515
0.830303
0.831148
0.832053
0.832994
0.833952
0.834941
0.835963
0.837050
0.838183
0.839354
0.840591
0.841841
0.843117
0.844429
0.845784
0.847126
0.848549
0.850038
0.851560
0.853112
0.854709
0.856336
0.857990
0.859694
0.861405
0.863185
0.865018
0.866876
0.868757
0.870672
0.872613
0.874600
0.876673
0.878764
0.880885
0.883058
0.885269
0.887507
0.889802
0.892082
0.894467
0.896827
0.899254
0.901723
0.904210
0.906744
0.909327
0.911952
0.914621
0.917309
0.920008
0.922740
0.925560
0.928430
0.931315
0.934254
0.937235
0.940210
0.943218
0.946304
0.949375
0.952536
0.955748
0.958960
0.962282
0.965575
0.968919
0.972292
0.975705
0.979204
0.982650
0.986269
0.989861
0.993417
0.997049
1.000671
1.004302
1.007942
1.011534
1.015169
1.018803
1.022407
1.026134
1.029855
1.033484
1.037106
1.040812
1.044428
1.048059
1.051724
1.055391
1.059010
1.062734
1.066374
1.070038
1.073700
1.077268
1.080980
1.084569
1.088237
1.091859
1.095490
1.099229
1.102851
1.106519
1.110147
1.113790
1.117484
1.121073
1.124711
1.128360
1.131976
1.135604
1.139226
1.142819
1.146468
1.150081
1.153670
1.157281
1.160957
1.164501
1.168060
1.171680
1.175248
1.178897
1.182459
1.186034
1.189635
1.193203
1.196769
1.200325
1.203902
1.207462
1.211039
1.214601
1.218148
1.221723
1.225345
1.228841
1.232395
1.235957
1.239465
1.243016
1.246572
1.250095
1.253652
1.257127
1.260710
1.264204
1.267766
1.271248
1.274747
1.278294
1.281818
1.285296
1.288810
1.292337
1.295854
1.299333
1.302823
1.306307
1.309783
1.313234
1.316740
1.320185
1.323676
1.327190
1.330603
1.334087
1.337505
1.341002
1.344393
1.347869
1.351395
1.354805
1.358241
1.361672
1.365123
1.368551
1.371978
1.375376
1.378803
1.382201
1.385604
1.389020
1.392414
1.395848
1.399227
1.402613
1.406019
1.409408
1.412772
1.416176
1.419543
1.422926
1.426285
1.429679
1.433047
1.436384
1.439782
1.443086
1.446442
1.449816
1.453180
1.456488
1.459882
1.463196
1.466525
1.469871
1.473167
1.476528
1.479854
1.483159
1.486505
1.489792
1.493052
1.496413
1.499739
1.503038
1.506342
1.509650
1.512936
1.516256
1.519534
1.522823
1.526113
1.529391
1.532660
1.535952
1.539242
1.542475
1.545770
1.549024
1.552293
1.555573
1.558815
1.562069
1.565331
1.568600
1.571857
1.575075
1.578364
1.581588
1.584824
1.588093
1.591298
1.594552
1.597770
1.601048
1.604229
1.607534
1.610707
1.613928
1.617166
1.620378
1.623608
1.626850
1.630052
1.633282
1.636491
1.639649
1.642864
1.646150
1.649302
1.652526
1.655717
1.658886
1.662086
1.665301
1.668492
1.671703
1.674864
1.678064
1.681222
1.684398
1.687618
1.690815
1.693973
1.697134
1.700289
1.703459
1.706608
1.709780
1.712968
1.716102
1.719242
1.722508
1.725597
1.728724
1.731897
1.735043
1.738174
1.741335
1.744463
1.747588
1.750724
1.753846
1.756995
1.760150
1.763266
1.766382
1.769528
1.772602
1.775730
1.778872
1.782015
1.785104
1.788214
1.791309
1.794467
1.797604
1.800636
1.803731
1.806862
1.809891
1.812997
1.816113
1.819181
1.822288
1.825374
1.828442
1.831492
1.834593
1.837664
1.840744
1.843797
1.846856
1.849912
1.852998
1.856042
1.859080
1.862148
1.865231
1.868224
1.871316
1.874360
1.877422
1.880448
1.883495
1.886536
1.889565
1.892561
1.895641
1.898658
1.901648
1.904677
1.907718
1.910681
1.913704
1.916757
1.919747
1.922785
1.925748
1.928717
1.931746
1.934754
1.937756
1.940740
1.943727
1.946697
1.949669
1.952638
1.955604
1.958540
1.961563
1.964484
1.967519
1.970458
1.973418
1.976372
1.979312
1.982251
1.985202
1.988165
1.991095
1.994022
1.996979
1.999886
2.002813
2.005764
2.008655
2.011576
2.014515
2.017437
2.020396
2.023276
2.026224
2.029109
2.032039
2.034933
2.037804
2.040707
2.043598
2.046501
2.049383
2.052257
2.055100
2.058030
2.060921
2.063788
2.066638
2.069472
2.072342
2.075239
2.078077
2.080941
2.083829
2.086669
2.089509
2.092359
2.095178
2.098051
2.100850
2.103732
2.106497
2.109346
2.112205
2.115003
2.117867
2.120597
2.123467
2.126250
2.129084
2.131892
2.134681
2.137455
2.140275
2.143079
2.145865
2.148658
2.151429
2.154194
2.156957
2.159824
2.162520
2.165301
2.168075
2.170864
2.173627
2.176413
2.179140
2.181857
2.184631
2.187373
2.190123
2.192841
2.195630
2.198362
2.201110
2.203818
2.206517
2.209331
2.211967
2.214658
2.217423
2.220123
2.222828
2.225533
2.228248
2.230974
2.233662
2.236340
2.238968
2.241748
2.244355
2.247030
2.249712
2.252390
2.255072
2.257729
2.260333
2.263032
2.265738
2.268374
2.271023
2.273695
2.276344
2.278971
2.281590
2.284211
2.286878
2.289487
2.292088
2.294766
2.297385
2.299991
2.302613
2.305193
2.307838
2.310439
2.313018
2.315586
2.318192
2.320811
2.323391
2.325988
2.328550
2.331159
2.333739
2.336328
2.338838
2.341502
2.344033
2.346583
2.349094
2.351697
2.354223
2.356806
2.359331
2.361866
2.364449
2.367004
2.369482
2.372061
2.374551
2.377086
2.379666
2.382149
2.384705
2.387288
2.389726
2.392246
2.394787
2.397306
2.399766
2.402331
2.404776
2.407313
2.409809
2.412272
2.414764
2.417272
2.419759
2.422264
2.424738
2.427216
2.429721
2.432193
2.434658
2.437148
2.439623
2.442031
2.444503
2.447008
2.449432
2.451874
2.454342
2.456823
2.459280
2.461719
2.464136
2.466590
2.469035
2.471447
2.473880
2.476345
2.478805
2.481205
2.483647
2.486023
2.488494
2.490864
2.493228
2.495670
2.498094
2.500505
2.502899
2.505356
2.507738
2.510135
2.512529
2.514917
2.517308
2.519743
2.522080
2.524438
2.526877
2.529229
2.531602
2.533980
2.536356
2.538750
2.541090
2.543451
2.545824
2.548182
2.550549
2.552874
2.555249
2.557575
2.559914
2.562263
2.564606
2.566979
2.569331
2.571662
2.573981
2.576294
2.578619
2.580914
2.583245
2.585557
2.587877
2.590231
2.592532
2.594860
2.597170
2.599465
2.601769
2.604094
2.606353
2.608636
2.610949
2.613205
2.615503
2.617783
2.620054
2.622355
2.624653
2.626912
2.629180
2.631442
2.633728
2.635981
2.638255
2.640514
2.642776
2.645020
2.647234
2.649487
2.651755
2.653994
2.656208
2.658458
2.660684
2.662940
2.665178
2.667401
2.669624
2.671868
2.674079
2.676245
2.678480
2.680667
2.682869
2.685078
2.687295
2.689497
2.691678
2.693856
2.696049
2.698269
2.700402
2.702622
2.704801
2.706967
2.709145
2.711332
2.713522
2.715703
2.717836
2.719949
2.722127
2.724284
2.726408
2.728535
2.730720
2.732841
2.735010
2.737170
2.739267
2.741433
2.743582
2.745706
2.747818
2.749948
2.752064
2.754188
2.756321
2.758397
2.760518
2.762621
2.764689
2.766813
2.768907
2.770974
2.773087
2.775181
2.777263
2.779357
2.781452
2.783534
2.785637
2.787708
2.789754
2.791797
2.793849
2.795911
2.797957
2.800030
2.802073
2.804138
2.806205
2.808266
2.810325
2.812362
2.814390
2.816413
2.818441
2.820439
2.822462
2.824514
2.826575
2.828604
2.830635
2.832618
2.834644
2.836672
2.838637
2.840654
2.842640
2.844609
2.846640
2.848656
2.850664
2.852656
2.854678
2.856638
2.858603
2.860578
2.862477
2.864472
2.866420
2.868391
2.870393
2.872379
2.874344
2.876346
2.878302
2.880247
2.882170
2.884097
2.886005
2.887938
2.889903
2.891847
2.893798
2.895769
2.897693
2.899676
2.901558
2.903448
2.905342
2.907262
2.909162
2.911073
2.913042
2.914935
2.916883
2.918836
2.920696
2.922569
2.924448
2.926308
2.928160
2.930047
2.931887
2.933786
2.935722
2.937591
2.939488
2.941408
2.943278
2.945153
2.947005
2.948812
2.950666
2.952500
2.954324
2.956173
2.958051
2.959897
2.961775
2.963696
2.965482
2.967315
2.969098
2.970919
2.972705
2.974566
2.976318
2.978167
2.979997
2.981864
2.983668
2.985507
2.987305
2.989099
2.990885
2.992659
2.994423
2.996197
2.997974
2.999795
3.001560
3.003415
3.005176
3.006983
3.008748
3.010536
3.012277
3.014033
3.015737
3.017532
3.019273
3.021013
3.022772
3.024525
3.026278
3.028060
3.029798
3.031538
3.033291
3.034996
3.036713
3.038432
3.040146
3.041851
3.043562
3.045258
3.046965
3.048688
3.050426
3.052121
3.053844
3.055543
3.057248
3.058938
3.060591
3.062278
3.063995
3.065607
3.067312
3.068983
3.070628
3.072351
3.074014
3.075733
3.077366
3.079047
3.080683
3.082292
3.083951
3.085623
3.087241
3.088856
3.090507
3.092149
3.093821
3.095462
3.097110
3.098737
3.100358
3.101994
3.103579
3.105173
3.106791
3.108384
3.110005
3.111596
3.113193
3.114790
3.116423
3.118029
3.119647
3.121261
3.122849
3.124428
3.125971
3.127562
3.129117
3.130696
3.132236
3.133785
3.135337
3.136901
3.138489
3.140086
3.141662
3.143231
3.144780
3.146326
3.147875
3.149412
3.150910
3.152459
3.153990
3.155485
3.157004
3.158541
3.160069
3.161579
3.163164
3.164683
3.166226
3.167745
3.169267
3.170753
3.172260
3.173794
3.175268
3.176742
3.178222
3.179714
3.181183
3.182666
3.184175
3.185701
3.187166
3.188661
3.190141
3.191606
3.193107
3.194578
3.196037
3.197520
3.198973
3.200414
3.201870
3.203321
3.204762
3.206221
3.207680
3.209166
3.210589
3.212036
3.213489
3.214927
3.216359
3.217791
3.219229
3.220649
3.222046
3.223475
3.224889
3.226291
3.227711
3.229134
3.230543
3.231993
3.233392
3.234806
3.236190
3.237577
3.238991
3.240358
3.241736
3.243120
3.244486
3.245849
3.247162
3.248537
3.249942
3.251335
3.252752
3.254152
3.255521
3.256860
3.258205
3.259565
3.260893
3.262241
3.263583
3.264913
3.266232
3.267535
3.268862
3.270189
3.271526
3.272877
3.274219
3.275528
3.276844
3.278183
3.279480
3.280804
3.282141
3.283432
3.284741
3.286053
3.287309
3.288552
3.289808
3.291054
3.292342
3.293625
3.294922
3.296207
3.297534
3.298811
3.300099
3.301372
3.302649
3.303913
3.305159
3.306388
3.307631
3.308872
3.310094
3.311310
3.312539
3.313749
3.314971
3.316224
3.317413
3.318671
3.319936
3.321155
3.322375
3.323603
3.324826
3.326018
3.327231
3.328424
3.329640
3.330817
3.331983
3.333133
3.334293
3.335470
3.336612
3.337792
3.338979
3.340168
3.341346
3.342511
3.343698
3.344872
3.346035
3.347188
3.348320
3.349450
3.350585
3.351712
3.352809
3.353926
3.355053
3.356155
3.357252
3.358372
3.359475
3.360589
3.361701
3.362818
3.363933
3.365057
3.366138
3.367226
3.368292
3.369386
3.370404
3.371489
3.372535
3.373610
3.374653
3.375680
3.376744
3.377742
3.378733
3.379749
3.380795
3.381816
3.382856
3.383890
3.384905
3.385918
3.386913
3.387910
3.388914
3.389903
3.390879
3.391874
3.392881
3.393893
3.394861
3.395838
3.396797
3.397726
3.398645
3.399544
3.400437
3.401360
3.402261
3.403205
3.404131
3.405060
3.406013
3.406917
3.407825
3.408724
3.409611
3.410495
3.411406
3.412328
3.413221
3.414156
3.415052
3.415947
3.416804
3.417670
3.418479
3.419282
3.420085
3.420882
3.421682
3.422491
3.423306
3.424130
3.424963
3.425790
3.426578
3.427381
3.428159
3.428941
3.429714
3.430505
3.431293
3.432096
3.432884
3.433705
3.434496
3.435290
3.436090
3.436878
3.437621
3.438367
3.439080
3.439781
3.440476
3.441174
3.441866
3.442544
3.443230
3.443916
3.444602
3.445294
3.445986
3.446678
3.447367
3.448035
3.448691
3.449357
3.450004
3.450669
3.451316
3.451972
3.452616
3.453263
3.453878
3.454507
3.455127
3.455744
3.456376
3.457015
3.457641
3.458282
3.458929
3.459561
3.460199
3.460795
3.461362
3.461916
3.462464
3.463004
3.463537
3.464082
3.464633
3.465185
3.465730
3.466272
3.466818
3.467345
3.467854
3.468367
3.468858
3.469361
3.469871
3.470389
3.470910
3.471422
3.471914
3.472396
3.472872
3.473340
3.473771
3.474212
3.474667
3.475105
3.475554
3.475988
3.476417
3.476860
3.477322
3.477786
3.478239
3.478703
3.479167
3.479626
3.480099
3.480572
3.481052
3.481504
3.481945
3.482376
3.482784
3.483173
3.483566
3.483949
3.484329
3.484704
3.485060
3.485411
3.485762
3.486103
3.486424
3.486756
3.487083
3.487395
3.487706
3.488027
3.488332
3.488647
3.488955
3.489264
3.489555
3.489845
3.490136
3.490435
3.490714
3.491002
3.491280
3.491544
3.491811
3.492074
3.492299
3.492530
3.492760
3.492991
3.493210
3.493420
3.493617
3.493824
3.494037
3.494243
3.494441
3.494639
3.494822
3.494987
3.495148
3.495316
3.495469
3.495616
3.495775
3.495927
3.496053
3.496176
3.496305
3.496437
3.496565
3.496688
3.496799
3.496928
3.497054
3.497180
3.497299
3.497431
3.497557
3.497671
3.497779
3.497893
3.498000
3.498117
3.498258
3.498408
3.498549
3.498693
3.498833
3.498980
3.499127
3.499265
3.499403
3.499547
3.499693
3.499843
3.499981
3.500128
3.500293
3.500454
3.500610
3.500763
3.500907
3.501056
3.501212
3.501389
3.501560
3.501724
3.501895
3.502063
3.502219
3.502387
3.502533
3.502680
3.502830
3.502968
3.503100
3.503241
3.503381
3.503525
3.503675
3.503819
3.503948
3.504067
3.504187
3.504310
3.504409
3.504508
3.504607
3.504709
3.504792
3.504868
3.504930
3.504993
3.505041
3.505083
3.505116
3.505158
3.505206
3.505239
3.505260
3.505278
3.505281
3.505281
3.505281
3.505281
3.505281
3.505281
3.505281
3.505281
3.505281
3.505281
3.505281
3.505281
3.505281
3.505281
3.505269
3.505221
3.505176
3.505128
3.505083
3.505032
3.504969
3.504900
3.504847
3.504799
3.504742
3.504694
3.504652
3.504607
3.504565
3.504526
3.504487
3.504451
3.504415
3.504385
3.504346
3.504319
3.504292
3.504262
3.504232
3.504211
3.504187
3.504169
3.504164
3.504157
3.504143
3.504124
3.504124
3.504124
3.504124
3.504124
3.504124
3.504124
3.504124
3.504124
3.504124
3.504124
3.504124
3.504124
3.504124
3.504124
3.504124
3.504124
3.504124
3.504124
3.504124
3.504124
3.504124
3.504124
3.504124
3.504124
3.504124
3.504124
3.504124
3.504124
3.504124
3.504124
3.504124
3.504124
3.504124
3.504124
3.504124
3.504124
3.504124
3.504124
3.504124
3.504124
3.504124
3.504124
3.504124
3.504124
3.504124
3.504124
3.504124
3.504124
3.504124
3.504124
3.504124
3.504124
3.504124
3.504124
3.504124
3.504124
3.504124
3.504124
3.504124
3.504124
3.504124
3.504124
3.504124
3.504124
3.504124
3.504124
3.504124
3.504124
3.504124
3.504124
3.504124
3.504124
3.504124
3.504124
3.504124
3.504124
3.504124
3.504124
3.504124
3.504124
3.504124
3.504124
3.504124
3.504124
3.504124
3.504124
3.504124
3.504124
3.504124
3.504124
3.504124
3.504124
3.504124
3.504124
3.504124
3.504124
3.504124
3.504124
3.504124