1.133950
1.133950
1.133950
1.133950
1.133950
1.133950
1.133950
1.133950
1.133950
1.133950
1.133950
1.134049
1.134229
1.134436
1.134663
1.134921
1.135194
1.135502
1.135838
1.136209
1.136599
1.137027
1.137504
1.138007
1.138540
1.139131
1.139757
1.140392
1.141066
1.141797
1.142552
1.143346
1.144176
1.145039
1.145950
1.146896
1.147855
1.148850
1.149910
1.151004
1.152136
1.153338
1.154575
1.155885
1.157188
1.158533
1.159920
1.161286
1.162727
1.164217
1.165733
1.167279
1.168908
1.170538
1.172222
1.173948
1.175694
1.177465
1.179329
1.181225
1.183155
1.185066
1.187046
1.189102
1.191190
1.193251
1.195385
1.197623
1.199843
1.202111
1.204361
1.206674
1.209059
1.211494
1.213936
1.216426
1.218966
1.221534
1.224111
1.226786
1.229495
1.232209
1.234926
1.237752
1.240541
1.243456
1.246368
1.249299
1.252298
1.255351
1.258356
1.261436
1.264563
1.267778
1.271008
1.274283
1.277557
1.280901
1.284268
1.287639
1.291093
1.294566
1.298089
1.301640
1.305223
1.308896
1.312527
1.316198
1.319820
1.323514
1.327220
1.330881
1.334545
1.338186
1.341904
1.345628
1.349283
1.352896
1.356695
1.360326
1.364119
1.367757
1.371448
1.375172
1.378821
1.382479
1.386143
1.389808
1.393547
1.397190
1.400851
1.404518
1.408176
1.411844
1.415574
1.419172
1.422893
1.426497
1.430146
1.433874
1.437505
1.441136
1.444791
1.448449
1.452033
1.455739
1.459313
1.462935
1.466581
1.470186
1.473784
1.477403
1.481014
1.484624
1.488228
1.491814
1.495419
1.499017
1.502591
1.506201
1.509818
1.513398
1.516975
1.520528
1.524106
1.527641
1.531275
1.534748
1.538361
1.541920
1.545435
1.548991
1.552532
1.556077
1.559660
1.563180
1.566707
1.570236
1.573777
1.577259
1.580785
1.584368
1.587856
1.591406
1.594912
1.598486
1.601913
1.605503
1.608960
1.612498
1.616013
1.619503
1.623027
1.626544
1.630031
1.633531
1.637030
1.640497
1.644002
1.647501
1.650962
1.654431
1.657934
1.661445
1.664935
1.668423
1.671874
1.675371
1.678825
1.682289
1.685767
1.689260
1.692775
1.696178
1.699651
1.703072
1.706509
1.710050
1.713385
1.716884
1.720348
1.723778
1.727196
1.730660
1.734108
1.737551
1.740981
1.744376
1.747794
1.751246
1.754679
1.758086
1.761525
1.764926
1.768317
1.771733
1.775103
1.778510
1.781946
1.785332
1.788684
1.792079
1.795474
1.798865
1.802275
1.805669
1.809004
1.812380
1.815769
1.819091
1.822525
1.825845
1.829173
1.832553
1.835902
1.839252
1.842610
1.845966
1.849319
1.852674
1.855979
1.859323
1.862696
1.866016
1.869332
1.872664
1.875975
1.879315
1.882620
1.885913
1.889250
1.892600
1.895847
1.899149
1.902469
1.905788
1.909063
1.912374
1.915678
1.918986
1.922297
1.925502
1.928789
1.932109
1.935422
1.938622
1.941939
1.945150
1.948401
1.951730
1.955008
1.958207
1.961533
1.964781
1.968022
1.971273
1.974524
1.977718
1.980983
1.984210
1.987443
1.990679
1.993905
1.997129
2.000395
2.003535
2.006833
2.010054
2.013239
2.016445
2.019660
2.022862
2.026077
2.029322
2.032485
2.035673
2.038897
2.042040
2.045198
2.048431
2.051582
2.054764
2.057976
2.061104
2.064259
2.067453
2.070569
2.073729
2.076935
2.080096
2.083236
2.086370
2.089521
2.092661
2.095783
2.098887
2.102009
2.105158
2.108241
2.111357
2.114476
2.117594
2.120692
2.123820
2.126921
2.130028
2.133105
2.136179
2.139259
2.142378
2.145446
2.148511
2.151570
2.154635
2.157715
2.160774
2.163809
2.166823
2.169906
2.172974
2.175982
2.179035
2.182082
2.185093
2.188140
2.191181
2.194222
2.197218
2.200247
2.203282
2.206272
2.209250
2.212249
2.215296
2.218262
2.221252
2.224209
2.227202
2.230201
2.233197
2.236187
2.239192
2.242177
2.245143
2.248052
2.251009
2.253996
2.256974
2.259871
2.262789
2.265749
2.268701
2.271646
2.274630
2.277572
2.280478
2.283411
2.286318
2.289266
2.292157
2.295045
2.297939
2.300848
2.303734
2.306649
2.309588
2.312467
2.315370
2.318255
2.321126
2.324011
2.326902
2.329787
2.332639
2.335525
2.338371
2.341208
2.344069
2.346898
2.349795
2.352668
2.355479
2.358316
2.361174
2.364002
2.366833
2.369689
2.372496
2.375357
2.378206
2.381017
2.383836
2.386673
2.389496
2.392255
2.395113
2.397864
2.400701
2.403445
2.406265
2.409057
2.411858
2.414585
2.417431
2.420238
2.423012
2.425808
2.428579
2.431342
2.434107
2.436857
2.439662
2.442379
2.445186
2.447901
2.450666
2.453408
2.456137
2.458920
2.461656
2.464409
2.467150
2.469928
2.472618
2.475393
2.478134
2.480878
2.483524
2.486304
2.488998
2.491706
2.494409
2.497135
2.499855
2.502555
2.505260
2.507954
2.510647
2.513311
2.516043
2.518760
2.521433
2.524120
2.526820
2.529471
2.532153
2.534852
2.537528
2.540194
2.542861
2.545506
2.548167
2.550827
2.553491
2.556193
2.558839
2.561466
2.564115
2.566748
2.569409
2.572039
2.574649
2.577318
2.579949
2.582592
2.585198
2.587820
2.590468
2.593084
2.595705
2.598363
2.600954
2.603549
2.606140
2.608753
2.611366
2.613990
2.616543
2.619131
2.621753
2.624326
2.626894
2.629495
2.632065
2.634654
2.637245
2.639813
2.642366
2.644951
2.647501
2.650066
2.652657
2.655213
2.657763
2.660324
2.662862
2.665394
2.667937
2.670448
2.673015
2.675541
2.678061
2.680595
2.683178
2.685671
2.688179
2.690698
2.693209
2.695725
2.698233
2.700735
2.703234
2.705750
2.708240
2.710724
2.713232
2.715724
2.718169
2.720695
2.723176
2.725641
2.728140
2.730609
2.733083
2.735561
2.738018
2.740466
2.742916
2.745364
2.747824
2.750263
2.752702
2.755137
2.757642
2.760036
2.762448
2.764901
2.767316
2.769734
2.772179
2.774570
2.776988
2.779405
2.781778
2.784241
2.786647
2.789056
2.791432
2.793882
2.796255
2.798607
2.800998
2.803383
2.805771
2.808161
2.810510
2.812856
2.815253
2.817608
2.819972
2.822333
2.824685
2.827055
2.829427
2.831747
2.834090
2.836435
2.838772
2.841094
2.843449
2.845789
2.848108
2.850439
2.852773
2.855068
2.857408
2.859703
2.861980
2.864305
2.866645
2.868886
2.871226
2.873502
2.875807
2.878125
2.880403
2.882694
2.884980
2.887245
2.889544
2.891799
2.894049
2.896323
2.898622
2.900877
2.903136
2.905393
2.907619
2.909857
2.912116
2.914354
2.916595
2.918860
2.921098
2.923354
2.925553
2.927785
2.929957
2.932240
2.934421
2.936671
2.938864
2.941085
2.943284
2.945501
2.947685
2.949893
2.952080
2.954252
2.956460
2.958653
2.960844
2.963046
2.965251
2.967390
2.969604
2.971770
2.973909
2.976058
2.978257
2.980381
2.982538
2.984665
2.986849
2.989012
2.991167
2.993291
2.995451
2.997587
2.999699
3.001830
3.003960
3.006093
3.008226
3.010365
3.012493
3.014599
3.016720
3.018793
3.020915
3.023006
3.025088
3.027203
3.029318
3.031425
3.033534
3.035625
3.037695
3.039751
3.041839
3.043891
3.045959
3.048026
3.050093
3.052199
3.054279
3.056325
3.058389
3.060441
3.062485
3.064498
3.066545
3.068588
3.070640
3.072641
3.074706
3.076764
3.078807
3.080818
3.082852
3.084847
3.086867
3.088847
3.090890
3.092850
3.094896
3.096900
3.098929
3.100942
3.102935
3.104924
3.106922
3.108843
3.110823
3.112792
3.114766
3.116716
3.118709
3.120671
3.122667
3.124641
3.126606
3.128542
3.130513
3.132419
3.134393
3.136317
3.138267
3.140232
3.142198
3.144127
3.146060
3.147956
3.149895
3.151764
3.153676
3.155542
3.157439
3.159371
3.161316
3.163239
3.165193
3.167116
3.169024
3.170921
3.172800
3.174669
3.176515
3.178396
3.180266
3.182156
3.184053
3.185973
3.187864
3.189721
3.191591
3.193427
3.195255
3.197107
3.198970
3.200822
3.202661
3.204555
3.206448
3.208333
3.210169
3.211970
3.213828
3.215640
3.217447
3.219235
3.221036
3.222885
3.224715
3.226570
3.228395
3.230252
3.232070
3.233832
3.235627
3.237463
3.239219
3.241020
3.242808
3.244597
3.246386
3.248213
3.250011
3.251817
3.253612
3.255356
3.257115
3.258882
3.260626
3.262415
3.264149
3.265914
3.267655
3.269440
3.271202
3.272958
3.274737
3.276436
3.278183
3.279885
3.281643
3.283363
3.285131
3.286850
3.288594
3.290293
3.291992
3.293735
3.295461
3.297142
3.298826
3.300506
3.302211
3.303895
3.305633
3.307296
3.308982
3.310687
3.312329
3.314040
3.315691
3.317371
3.319061
3.320718
3.322381
3.324028
3.325721
3.327366
3.329026
3.330647
3.332265
3.333883
3.335509
3.337139
3.338841
3.340495
3.342128
3.343785
3.345381
3.346999
3.348587
3.350199
3.351811
3.353366
3.354981
3.356581
3.358184
3.359804
3.361425
3.363019
3.364634
3.366192
3.367729
3.369323
3.370887
3.372457
3.374036
3.375591
3.377164
3.378740
3.380265
3.381814
3.383374
3.384923
3.386457
3.387979
3.389489
3.391020
3.392584
3.394112
3.395658
3.397183
3.398651
3.400104
3.401623
3.403070
3.404593
3.406100
3.407613
3.409107
3.410603
3.412112
3.413593
3.415091
3.416559
3.418000
3.419420
3.420846
3.422254
3.423674
3.425133
3.426589
3.428051
3.429502
3.430982
3.432450
3.433843
3.435245
3.436674
3.438070
3.439464
3.440863
3.442235
3.443643
3.445024
3.446388
3.447769
3.449171
3.450561
3.451924
3.453299
3.454645
3.455996
3.457359
3.458746
3.460100
3.461464
3.462812
3.464133
3.465445
3.466743
3.468049
3.469367
3.470670
3.471977
3.473307
3.474604
3.475917
3.477250
3.478574
3.479836
3.481121
3.482352
3.483629
3.484908
3.486148
3.487401
3.488653
3.489875
3.491104
3.492377
3.493602
3.494873
3.496113
3.497374
3.498591
3.499798
3.500999
3.502237
3.503417
3.504622
3.505841
3.507031
3.508199
3.509350
3.510488
3.511618
3.512768
3.513937
3.515090
3.516282
3.517445
3.518601
3.519779
3.520935
3.522071
3.523215
3.524354
3.525495
3.526589
3.527694
3.528770
3.529837
3.530918
3.531988
3.533045
3.534100
3.535134
3.536188
3.537267
3.538321
3.539394
3.540485
3.541566
3.542630
3.543702
3.544742
3.545788
3.546833
3.547834
3.548835
3.549826
3.550785
3.551756
3.552732
3.553691
3.554638
3.555573
3.556529
3.557493
3.558485
3.559435
3.560402
3.561364
3.562311
3.563234
3.564162
3.565088
3.566020
3.566961
3.567914
3.568851
3.569777
3.570673
3.571554
3.572423
3.573249
3.574073
3.574912
3.575757
3.576605
3.577456
3.578322
3.579191
3.580075
3.580901
3.581731
3.582519
3.583328
3.584110
3.584904
3.585707
3.586528
3.587373
3.588218
3.589042
3.589827
3.590624
3.591427
3.592179
3.592925
3.593659
3.594387
3.595136
3.595861
3.596574
3.597251
3.597949
3.598641
3.599345
3.600070
3.600771
3.601475
3.602179
3.602877
3.603573
3.604259
3.604933
3.605601
3.606257
3.606907
3.607527
3.608183
3.608822
3.609478
3.610131
3.610793
3.611464
3.612126
3.612782
3.613441
3.614080
3.614673
3.615275
3.615853
3.616396
3.616950
3.617516
3.618068
3.618598
3.619149
3.619685
3.620237
3.620818
3.621384
3.621938
3.622478
3.622984
3.623502
3.624009
3.624506
3.625000
3.625477
3.625947
3.626411
3.626867
3.627316
3.627781
3.628236
3.628682
3.629141
3.629590
3.630043
3.630519
3.631004
3.631481
3.631963
3.632448
3.632922
3.633377
3.633821
3.634255
3.634693
3.635151
3.635592
3.636023
3.636454
3.636877
3.637293
3.637695
3.638087
3.638459
3.638815
3.639175
3.639519
3.639846
3.640175
3.640511
3.640852
3.641191
3.641491
3.641787
3.642063
3.642342
3.642635
3.642914
3.643192
3.643471
3.643750
3.644010
3.644274
3.644520
3.644765
3.645014
3.645236
3.645451
3.645655
3.645856
3.646066
3.646266
3.646476
3.646671
3.646863
3.647066
3.647270
3.647462
3.647660
3.647857
3.648034
3.648205
3.648364
3.648513
3.648669
3.648822
3.648966
3.649092
3.649209
3.649319
3.649439
3.649562
3.649679
3.649781
3.649873
3.649963
3.650050
3.650119
3.650188
3.650263
3.650335
3.650395
3.650452
3.650503
3.650554
3.650614
3.650674
3.650703
3.650737
3.650764
3.650787
3.650808
3.650829
3.650841
3.650853
3.650859
3.650862
3.650862
3.650862
3.650862
3.650862
3.650862
3.650862
3.650862
3.650862
3.650862
3.650862
3.650862
3.650862
3.650862
3.650862
3.650862
3.650862
3.650862
3.650862
3.650862
3.650862
3.650862
3.650862
3.650862
3.650862
3.650862
3.650862
3.650862
3.650862
3.650862
3.650862
3.650862
3.650862
3.650862
3.650862
3.650862
3.650862
3.650862
3.650862
3.650862
3.650862
3.650862
3.650862
3.650862
3.650862
3.650862
3.650862
3.650862
3.650862
3.650862
3.650862
3.650862
3.650862
3.650862
3.650862
3.650862
3.650862
3.650862
3.650862
3.650862
3.650862
3.650862
3.650862
3.650862
3.650862
3.650862
3.650862
3.650862
3.650862
3.650862
3.650862
3.650862
3.650862
3.650862
3.650862
3.650862
3.650862
3.650862
3.650862
3.650862
3.650862
3.650862
3.650862
3.650862
3.650862
3.650862
3.650862
3.650862
3.650862
3.650862
3.650862
3.650862
3.650862
3.650862
3.650862
3.650862
3.650862
3.650862
3.650862
3.650862