3.650862
3.650862
3.650862
3.650862
3.650862
3.650862
3.650862
3.650862
3.650862
3.650889
3.650961
3.651048
3.651168
3.651312
3.651500
3.651737
3.652019
3.652327
3.652687
3.653082
3.653493
3.653948
3.654433
3.654955
3.655521
3.656156
3.656803
3.657478
3.658200
3.658925
3.659695
3.660486
3.661294
3.662124
3.663002
3.663925
3.664890
3.665911
3.666954
3.668075
3.669243
3.670388
3.671592
3.672814
3.674109
3.675430
3.676793
3.678189
3.679591
3.681054
3.682537
3.684086
3.685685
3.687279
3.688927
3.690602
3.692289
3.693979
3.695782
3.697589
3.699473
3.701403
3.703362
3.705325
3.707311
3.709342
3.711446
3.713534
3.715649
3.717824
3.720047
3.722315
3.724634
3.726947
3.729302
3.731774
3.734165
3.736645
3.739159
3.741709
3.744258
3.746862
3.749486
3.752162
3.754921
3.757705
3.760488
3.763352
3.766234
3.769114
3.772029
3.775010
3.777997
3.781062
3.784127
3.787291
3.790473
3.793612
3.796860
3.800105
3.803389
3.806690
3.810040
3.813413
3.816868
3.820355
3.823840
3.827339
3.830910
3.834443
3.838011
3.841564
3.845058
3.848515
3.852095
3.855595
3.859094
3.862671
3.866150
3.869679
3.873269
3.876783
3.880297
3.883824
3.887341
3.890843
3.894382
3.897875
3.901330
3.904880
3.908397
3.911981
3.915465
3.918916
3.922416
3.925954
3.929421
3.932932
3.936383
3.939844
3.943355
3.946879
3.950330
3.953803
3.957227
3.960664
3.964118
3.967572
3.971003
3.974427
3.977864
3.981303
3.984692
3.988206
3.991604
3.995031
3.998477
4.001907
4.005299
4.008735
4.012139
4.015620
4.019018
4.022391
4.025801
4.029210
4.032593
4.035978
4.039394
4.042791
4.046111
4.049539
4.052876
4.056252
4.059650
4.063015
4.066380
4.069750
4.073049
4.076416
4.079736
4.083142
4.086465
4.089776
4.093053
4.096442
4.099761
4.103063
4.106368
4.109726
4.112977
4.116267
4.119565
4.122858
4.126148
4.129434
4.132709
4.135987
4.139270
4.142524
4.145826
4.149091
4.152324
4.155563
4.158834
4.162065
4.165303
4.168581
4.171811
4.175043
4.178312
4.181536
4.184739
4.187932
4.191165
4.194359
4.197565
4.200728
4.203916
4.207128
4.210280
4.213462
4.216668
4.219807
4.222968
4.226150
4.229278
4.232460
4.235623
4.238766
4.241882
4.245073
4.248186
4.251308
4.254451
4.257570
4.260727
4.263840
4.266974
4.270090
4.273245
4.276349
4.279447
4.282554
4.285661
4.288768
4.291893
4.294928
4.297984
4.301111
4.304176
4.307280
4.310378
4.313419
4.316460
4.319543
4.322578
4.325661
4.328774
4.331803
4.334841
4.337882
4.340887
4.343934
4.346942
4.349965
4.352958
4.355969
4.358968
4.361976
4.364975
4.367971
4.370937
4.373933
4.376938
4.379959
4.382936
4.385846
4.388827
4.391793
4.394723
4.397740
4.400688
4.403583
4.406476
4.409446
4.412364
4.415270
4.418227
4.421157
4.424043
4.426949
4.429840
4.432752
4.435652
4.438529
4.441438
4.444269
4.447133
4.449965
4.452853
4.455678
4.458530
4.461368
4.464180
4.467036
4.469861
4.472681
4.475536
4.478349
4.481142
4.483922
4.486717
4.489480
4.492311
4.495085
4.497811
4.500598
4.503363
4.506090
4.508864
4.511653
4.514412
4.517124
4.519889
4.522532
4.525303
4.527979
4.530741
4.533464
4.536119
4.538797
4.541458
4.544172
4.546836
4.549490
4.552181
4.554851
4.557481
4.560184
4.562814
4.565475
4.568117
4.570747
4.573381
4.575979
4.578591
4.581198
4.583882
4.586480
4.589119
4.591693
4.594245
4.596840
4.599468
4.602044
4.604651
4.607203
4.609753
4.612350
4.614913
4.617450
4.620032
4.622609
4.625129
4.627655
4.630222
4.632679
4.635208
4.637781
4.640307
4.642791
4.645316
4.647788
4.650287
4.652801
4.655305
4.657771
4.660273
4.662732
4.665177
4.667646
4.670088
4.672554
4.674986
4.677446
4.679900
4.682342
4.684756
4.687165
4.689616
4.692040
4.694455
4.696867
4.699269
4.701648
4.704054
4.706466
4.708848
4.711224
4.713596
4.716011
4.718330
4.720670
4.723094
4.725461
4.727783
4.730155
4.732502
4.734865
4.737226
4.739554
4.741897
4.744180
4.746568
4.748854
4.751182
4.753471
4.755826
4.758094
4.760392
4.762705
4.765012
4.767289
4.769584
4.771918
4.774137
4.776409
4.778704
4.780951
4.783213
4.785448
4.787707
4.789969
4.792225
4.794460
4.796674
4.798909
4.801108
4.803340
4.805569
4.807801
4.809991
4.812170
4.814363
4.816574
4.818761
4.820906
4.823048
4.825247
4.827444
4.829576
4.831740
4.833843
4.835976
4.838178
4.840258
4.842397
4.844473
4.846615
4.848722
4.850822
4.852952
4.855034
4.857096
4.859169
4.861272
4.863369
4.865418
4.867528
4.869616
4.871675
4.873744
4.875800
4.877840
4.879880
4.881936
4.883961
4.886019
4.888012
4.890040
4.892047
4.894049
4.896047
4.898055
4.900038
4.902021
4.904008
4.906018
4.907990
4.909973
4.911998
4.913925
4.915896
4.917831
4.919809
4.921760
4.923713
4.925666
4.927575
4.929525
4.931446
4.933369
4.935260
4.937156
4.939067
4.940988
4.942884
4.944787
4.946699
4.948583
4.950453
4.952352
4.954185
4.956046
4.957907
4.959764
4.961601
4.963464
4.965334
4.967167
4.969016
4.970850
4.972635
4.974475
4.976321
4.978169
4.979988
4.981794
4.983574
4.985399
4.987163
4.988964
4.990744
4.992508
4.994273
4.996037
4.997820
4.999609
5.001365
5.003132
5.004867
5.006647
5.008325
5.010086
5.011857
5.013553
5.015263
5.016992
5.018697
5.020401
5.022127
5.023844
5.025516
5.027194
5.028893
5.030543
5.032221
5.033905
5.035604
5.037299
5.038929
5.040580
5.042228
5.043873
5.045524
5.047180
5.048798
5.050440
5.052049
5.053667
5.055254
5.056905
5.058494
5.060117
5.061711
5.063284
5.064857
5.066448
5.068036
5.069621
5.071194
5.072746
5.074276
5.075826
5.077374
5.078941
5.080487
5.082027
5.083559
5.085086
5.086611
5.088094
5.089622
5.091117
5.092625
5.094143
5.095612
5.097068
5.098545
5.100034
5.101508
5.102970
5.104408
5.105849
5.107299
5.108725
5.110146
5.111580
5.113055
5.114472
5.115919
5.117333
5.118750
5.120164
5.121561
5.122972
5.124362
5.125716
5.127112
5.128478
5.129815
5.131163
5.132514
5.133850
5.135199
5.136523
5.137829
5.139177
5.140528
5.141850
5.143189
5.144474
5.145774
5.147057
5.148366
5.149657
5.150946
5.152216
5.153474
5.154730
5.155973
5.157222
5.158457
5.159706
5.160937
5.162190
5.163415
5.164647
5.165887
5.167112
5.168314
5.169539
5.170747
5.171948
5.173134
5.174306
5.175454
5.176640
5.177803
5.178965
5.180112
5.181257
5.182365
5.183474
5.184630
5.185793
5.186923
5.188106
5.189214
5.190347
5.191464
5.192558
5.193643
5.194745
5.195815
5.196902
5.197951
5.199039
5.200087
5.201138
5.202160
5.203161
5.204192
5.205195
5.206235
5.207265
5.208290
5.209312
5.210354
5.211379
5.212395
5.213413
5.214381
5.215397
5.216377
5.217332
5.218279
5.219247
5.220191
5.221131
5.222054
5.222965
5.223870
5.224774
5.225679
5.226611
5.227513
5.228418
5.229320
5.230227
5.231126
5.232016
5.232885
5.233766
5.234653
5.235545
5.236405
5.237289
5.238158
5.239006
5.239824
5.240651
5.241442
5.242253
5.243051
5.243845
5.244627
5.245405
5.246166
5.246936
5.247715
5.248491
5.249234
5.249990
5.250732
5.251487
5.252227
5.252955
5.253705
5.254450
5.255199
5.255951
5.256673
5.257425
5.258165
5.258900
5.259615
5.260314
5.260991
5.261653
5.262321
5.262965
5.263570
5.264221
5.264829
5.265458
5.266051
5.266644
5.267264
5.267876
5.268457
5.269035
5.269613
5.270186
5.270758
5.271330
5.271894
5.272463
5.273029
5.273568
5.274117
5.274656
5.275183
5.275723
5.276256
5.276786
5.277296
5.277820
5.278356
5.278889
5.279423
5.279938
5.280438
5.280957
5.281478
5.282002
5.282520
5.283048
5.283563
5.284042
5.284513
5.284966
5.285400
5.285822
5.286257
5.286688
5.287086
5.287482
5.287866
5.288249
5.288623
5.288992
5.289342
5.289702
5.290052
5.290394
5.290739
5.291098
5.291449
5.291796
5.292138
5.292470
5.292782
5.293099
5.293423
5.293747
5.294052
5.294361
5.294666
5.294966
5.295257
5.295544
5.295808
5.296069
5.296344
5.296599
5.296827
5.297066
5.297303
5.297519
5.297726
5.297911
5.298085
5.298271
5.298460
5.298639
5.298807
5.298984
5.299155
5.299325
5.299493
5.299640
5.299784
5.299933
5.300080
5.300221
5.300344
5.300479
5.300614
5.300745
5.300880
5.301012
5.301138
5.301279
5.301432
5.301575
5.301719
5.301881
5.302037
5.302196
5.302351
5.302507
5.302648
5.302795
5.302954
5.303103
5.303259
5.303415
5.303574
5.303720
5.303862
5.303999
5.304128
5.304266
5.304407
5.304539
5.304667
5.304799
5.304922
5.305039
5.305144
5.305243
5.305333
5.305438
5.305530
5.305620
5.305680
5.305758
5.305836
5.305911
5.305983
5.306036
5.306078
5.306129
5.306169
5.306195
5.306204
5.306225
5.306237
5.306246
5.306246
5.306246
5.306246
5.306246
5.306246
5.306246
5.306246
5.306246
5.306246
5.306246
5.306246
5.306246
5.306246
5.306246
5.306246
5.306246
5.306246
5.306246
5.306246
5.306246
5.306246
5.306246
5.306246
5.306246
5.306246
5.306246
5.306246
5.306246
5.306246
5.306246
5.306246
5.306234
5.306216
5.306213
5.306213
5.306213
5.306201
5.306201
5.306201
5.306201
5.306201
5.306201
5.306201
5.306201
5.306201
5.306201
5.306201
5.306201
5.306201
5.306201
5.306201
5.306201
5.306201
5.306201
5.306201
5.306201
5.306201
5.306201
5.306201
5.306201
5.306201
5.306201
5.306201
5.306201
5.306201
5.306201
5.306201
5.306201
5.306201
5.306201
5.306201
5.306201
5.306201
5.306201
5.306201
5.306201
5.306201
5.306201
5.306201
5.306201
5.306201
5.306201
5.306201
5.306201
5.306201
5.306201
5.306201
5.306201
5.306201
5.306201
5.306201
5.306201
5.306201
5.306201
5.306201
5.306201
5.306201
5.306201
5.306201
5.306201
5.306201
5.306201
5.306201
5.306201
5.306201
5.306201
5.306201
5.306201
5.306201
5.306201
5.306201
5.306201
5.306201
5.306201
5.306201
5.306201
5.306201
5.306201
5.306201
5.306201
5.306201
5.306201
5.306201
5.306201
5.306201
5.306201
5.306201
5.306201
5.306201
5.306201
5.306201
5.306201
5.306201
5.306201
5.306201
5.306201