4.942726
4.942726
4.942726
4.942726
4.942726
4.942726
4.942726
4.942726
4.942726
4.942726
4.942744
4.942875
4.943031
4.943223
4.943451
4.943708
4.943993
4.944302
4.944625
4.944973
4.945359
4.945785
4.946234
4.946711
4.947229
4.947771
4.948338
4.948948
4.949581
4.950246
4.950962
4.951732
4.952502
4.953323
4.954198
4.955121
4.956049
4.957047
4.958051
4.959123
4.960211
4.961367
4.962584
4.963800
4.965091
4.966403
4.967755
4.969121
4.970517
4.971979
4.973468
4.975017
4.976572
4.978148
4.979820
4.981507
4.983235
4.985000
4.986825
4.988658
4.990501
4.992445
4.994363
4.996364
4.998411
5.000472
5.002584
5.004780
5.006896
5.009121
5.011416
5.013714
5.016087
5.018445
5.020854
5.023296
5.025792
5.028335
5.030861
5.033527
5.036146
5.038833
5.041512
5.044283
5.047087
5.049919
5.052792
5.055749
5.058706
5.061687
5.064716
5.067772
5.070861
5.074022
5.077228
5.080449
5.083702
5.086965
5.090261
5.093622
5.097068
5.100519
5.103982
5.107512
5.111077
5.114673
5.118316
5.121989
5.125623
5.129401
5.133071
5.136813
5.140558
5.144273
5.148010
5.151716
5.155533
5.159215
5.162945
5.166606
5.170348
5.174081
5.177794
5.181497
5.185238
5.188948
5.192705
5.196378
5.200078
5.203742
5.207469
5.211106
5.214777
5.218474
5.222126
5.225769
5.229451
5.233070
5.236726
5.240375
5.243970
5.247604
5.251287
5.254912
5.258510
5.262075
5.265692
5.269248
5.272846
5.276384
5.279977
5.283524
5.287051
5.290607
5.294205
5.297717
5.301213
5.304793
5.308305
5.311870
5.315381
5.318866
5.322356
5.325873
5.329295
5.332777
5.336329
5.339745
5.343215
5.346687
5.350151
5.353614
5.357057
5.360496
5.363935
5.367384
5.370781
5.374179
5.377573
5.380974
5.384324
5.387793
5.391146
5.394462
5.397866
5.401239
5.404598
5.407965
5.411294
5.414665
5.417957
5.421298
5.424635
5.427949
5.431293
5.434600
5.437866
5.441159
5.444445
5.447723
5.451025
5.454293
5.457565
5.460840
5.464136
5.467386
5.470670
5.473878
5.477111
5.480350
5.483604
5.486834
5.490025
5.493248
5.496454
5.499669
5.502892
5.506059
5.509214
5.512393
5.515557
5.518730
5.521945
5.525090
5.528266
5.531382
5.534519
5.537706
5.540858
5.543977
5.547123
5.550221
5.553310
5.556408
5.559572
5.562679
5.565773
5.568857
5.571937
5.575005
5.578115
5.581203
5.584277
5.587357
5.590434
5.593514
5.596624
5.599653
5.602697
5.605735
5.608800
5.611853
5.614957
5.617914
5.620940
5.623951
5.626971
5.629994
5.633053
5.636055
5.639033
5.642035
5.645010
5.648006
5.651005
5.654002
5.656998
5.659973
5.662915
5.665881
5.668865
5.671804
5.674806
5.677751
5.680696
5.683627
5.686566
5.689508
5.692444
5.695362
5.698253
5.701213
5.704087
5.706960
5.709914
5.712847
5.715741
5.718569
5.721482
5.724370
5.727291
5.730200
5.733031
5.735911
5.738760
5.741600
5.744506
5.747355
5.750175
5.753015
5.755858
5.758669
5.761524
5.764364
5.767166
5.770036
5.772843
5.775630
5.778431
5.781250
5.784021
5.786826
5.789642
5.792419
5.795224
5.797983
5.800760
5.803553
5.806321
5.809107
5.811849
5.814599
5.817344
5.820091
5.822886
5.825610
5.828342
5.831057
5.833759
5.836479
5.839215
5.841920
5.844635
5.847334
5.850007
5.852685
5.855384
5.858087
5.860754
5.863447
5.866140
5.868798
5.871464
5.874119
5.876803
5.879446
5.882136
5.884794
5.887376
5.889986
5.892625
5.895298
5.897902
5.900583
5.903174
5.905814
5.908436
5.911045
5.913631
5.916237
5.918868
5.921426
5.924018
5.926592
5.929144
5.931709
5.934325
5.936907
5.939490
5.942028
5.944568
5.947114
5.949673
5.952223
5.954821
5.957367
5.959950
5.962461
5.964983
5.967482
5.969998
5.972521
5.975029
5.977561
5.980083
5.982558
5.985084
5.987553
5.990081
5.992535
5.995067
5.997559
6.000010
6.002464
6.004888
6.007386
6.009873
6.012363
6.014778
6.017241
6.019691
6.022133
6.024599
6.026963
6.029404
6.031915
6.034321
6.036763
6.039172
6.041568
6.043995
6.046410
6.048804
6.051228
6.053642
6.056000
6.058397
6.060767
6.063131
6.065528
6.067961
6.070292
6.072724
6.075064
6.077425
6.079801
6.082132
6.084490
6.086839
6.089179
6.091537
6.093874
6.096187
6.098517
6.100836
6.103188
6.105495
6.107787
6.110094
6.112392
6.114693
6.116997
6.119283
6.121596
6.123900
6.126183
6.128469
6.130713
6.132966
6.135243
6.137511
6.139758
6.141987
6.144300
6.146535
6.148779
6.151032
6.153265
6.155457
6.157701
6.159927
6.162163
6.164398
6.166597
6.168832
6.171025
6.173206
6.175402
6.177586
6.179764
6.181961
6.184156
6.186332
6.188516
6.190700
6.192908
6.195089
6.197256
6.199400
6.201573
6.203760
6.205902
6.208029
6.210201
6.212284
6.214492
6.216631
6.218761
6.220873
6.223024
6.225149
6.227276
6.229391
6.231518
6.233636
6.235758
6.237879
6.240012
6.242088
6.244177
6.246265
6.248392
6.250484
6.252584
6.254690
6.256772
6.258866
6.260975
6.263052
6.265098
6.267174
6.269230
6.271294
6.273367
6.275432
6.277502
6.279572
6.281606
0.000470
0.002517
0.004557
0.006603
0.008656
0.010675
0.012742
0.014798
0.016832
0.018881
0.020912
0.022914
0.024969
0.026956
0.028960
0.030970
0.032984
0.035012
0.037031
0.039024
0.041028
0.043029
0.045019
0.047038
0.049042
0.051047
0.053018
0.055023
0.057018
0.058950
0.060949
0.062902
0.064868
0.066857
0.068807
0.070785
0.072780
0.074719
0.076693
0.078634
0.080558
0.082517
0.084519
0.086433
0.088381
0.090331
0.092276
0.094223
0.096161
0.098082
0.100005
0.101926
0.103849
0.105800
0.107723
0.109626
0.111552
0.113485
0.115387
0.117302
0.119180
0.121059
0.122964
0.124861
0.126778
0.128651
0.130538
0.132414
0.134337
0.136216
0.138085
0.139955
0.141860
0.143730
0.145620
0.147463
0.149335
0.151193
0.153066
0.154908
0.156754
0.158644
0.160496
0.162335
0.164199
0.166020
0.167860
0.169694
0.171503
0.173343
0.175161
0.177001
0.178853
0.180689
0.182505
0.184329
0.186154
0.187931
0.189749
0.191529
0.193297
0.195109
0.196925
0.198722
0.200517
0.202312
0.204097
0.205925
0.207714
0.209496
0.211258
0.213032
0.214787
0.216546
0.218332
0.220078
0.221828
0.223584
0.225351
0.227098
0.228878
0.230639
0.232401
0.234154
0.235894
0.237587
0.239361
0.241066
0.242800
0.244532
0.246246
0.247960
0.249685
0.251414
0.253134
0.254874
0.256582
0.258287
0.259983
0.261691
0.263374
0.265043
0.266748
0.268447
0.270151
0.271853
0.273558
0.275263
0.276943
0.278612
0.280305
0.281929
0.283574
0.285260
0.286917
0.288580
0.290252
0.291903
0.293560
0.295222
0.296867
0.298542
0.300205
0.301835
0.303441
0.305058
0.306688
0.308345
0.309978
0.311593
0.313205
0.314829
0.316455
0.318079
0.319700
0.321321
0.322948
0.324560
0.326145
0.327715
0.329294
0.330884
0.332445
0.334069
0.335645
0.337233
0.338800
0.340415
0.341985
0.343621
0.345182
0.346761
0.348307
0.349864
0.351404
0.352953
0.354463
0.356051
0.357603
0.359155
0.360680
0.362235
0.363778
0.365324
0.366867
0.368416
0.369947
0.371460
0.372997
0.374507
0.376020
0.377524
0.379049
0.380559
0.382054
0.383549
0.385068
0.386566
0.388070
0.389595
0.391108
0.392585
0.394077
0.395542
0.397001
0.398481
0.399962
0.401442
0.402946
0.404402
0.405849
0.407323
0.408785
0.410235
0.411733
0.413171
0.414648
0.416098
0.417515
0.418972
0.420401
0.421830
0.423277
0.424718
0.426147
0.427564
0.428990
0.430407
0.431822
0.433269
0.434686
0.436112
0.437520
0.438916
0.440312
0.441709
0.443111
0.444522
0.445927
0.447317
0.448698
0.450059
0.451431
0.452812
0.454190
0.455568
0.456973
0.458334
0.459724
0.461066
0.462426
0.463787
0.465144
0.466495
0.467861
0.469179
0.470555
0.471876
0.473209
0.474560
0.475876
0.477197
0.478545
0.479896
0.481233
0.482569
0.483899
0.485223
0.486533
0.487836
0.489118
0.490421
0.491719
0.493034
0.494316
0.495623
0.496902
0.498193
0.499485
0.500788
0.502082
0.503370
0.504647
0.505968
0.507211
0.508470
0.509743
0.510983
0.512236
0.513536
0.514734
0.515990
0.517239
0.518497
0.519741
0.520987
0.522219
0.523477
0.524705
0.525961
0.527186
0.528438
0.529667
0.530886
0.532058
0.533280
0.534481
0.535695
0.536896
0.538098
0.539287
0.540486
0.541684
0.542879
0.544048
0.545246
0.546433
0.547634
0.548851
0.550076
0.551235
0.552413
0.553560
0.554717
0.555846
0.557003
0.558153
0.559343
0.560490
0.561653
0.562812
0.563936
0.565074
0.566213
0.567348
0.568472
0.569625
0.570779
0.571917
0.573089
0.574209
0.575330
0.576441
0.577538
0.578637
0.579737
0.580863
0.581984
0.583077
0.584201
0.585286
0.586391
0.587479
0.588563
0.589648
0.590723
0.591817
0.592920
0.594022
0.595095
0.596194
0.597258
0.598324
0.599400
0.600449
0.601503
0.602567
0.603642
0.604703
0.605782
0.606827
0.607855
0.608918
0.609934
0.610956
0.612001
0.613044
0.614066
0.615114
0.616166
0.617203
0.618236
0.619276
0.620318
0.621331
0.622326
0.623342
0.624339
0.625355
0.626352
0.627353
0.628339
0.629355
0.630352
0.631332
0.632291
0.633270
0.634259
0.635236
0.636228
0.637195
0.638190
0.639194
0.640188
0.641171
0.642157
0.643118
0.644062
0.645012
0.645956
0.646885
0.647831
0.648796
0.649722
0.650663
0.651591
0.652514
0.653452
0.654372
0.655303
0.656217
0.657131
0.658054
0.659004
0.659896
0.660816
0.661751
0.662674
0.663599
0.664534
0.665427
0.666311
0.667204
0.668079
0.668953
0.669837
0.670712
0.671590
0.672459
0.673328
0.674200
0.675044
0.675904
0.676752
0.677600
0.678445
0.679299
0.680156
0.681001
0.681845
0.682705
0.683550
0.684422
0.685303
0.686160
0.687017
0.687871
0.688709
0.689533
0.690330
0.691121
0.691933
0.692754
0.693551
0.694336
0.695124
0.695924
0.696703
0.697500
0.698273
0.699061
0.699837
0.700613
0.701380
0.702159
0.702935
0.703699
0.704472
0.705257
0.706048
0.706845
0.707615
0.708423
0.709226
0.709984
0.710772
0.711536
0.712267
0.713004
0.713721
0.714449
0.715180
0.715890
0.716606
0.717343
0.718047
0.718769
0.719476
0.720204
0.720896
0.721579
0.722271
0.722969
0.723676
0.724362
0.725052
0.725765
0.726478
0.727182
0.727883
0.728590
0.729294
0.729998
0.730708
0.731409
0.732107
0.732805
0.733494
0.734163
0.734834
0.735454
0.736089
0.736763
0.737419
0.738066
0.738714
0.739349
0.740002
0.740616
0.741230
0.741850
0.742468
0.743070
0.743690
0.744310
0.744927
0.745551
0.746159
0.746767
0.747381
0.747968
0.748556
0.749161
0.749784
0.750398
0.751024
0.751660
0.752292
0.752906
0.753520
0.754113
0.754731
0.755351
0.755938
0.756528
0.757091
0.757646
0.758218
0.758793
0.759356
0.759893
0.760447
0.760998
0.761532
0.762059
0.762589
0.763131
0.763671
0.764201
0.764719
0.765238
0.765756
0.766274
0.766805
0.767320
0.767835
0.768348
0.768848
0.769360
0.769861
0.770349
0.770852
0.771365
0.771871
0.772368
0.772890
0.773420
0.773956
0.774487
0.774999
0.775514
0.776033
0.776545
0.777048
0.777543
0.778034
0.778528
0.779011
0.779478
0.779933
0.780380
0.780823
0.781273
0.781722
0.782144
0.782573
0.782992
0.783403
0.783810
0.784218
0.784613
0.785021
0.785428
0.785845
0.786255
0.786665
0.787061
0.787468
0.787867
0.788262
0.788649
0.789041
0.789443
0.789841
0.790213
0.790578
0.790947
0.791294
0.791654
0.792001
0.792352
0.792709
0.793077
0.793428
0.793793
0.794159
0.794539
0.794920
0.795315
0.795702
0.796079
0.796454
0.796846
0.797239
0.797625
0.798021
0.798410
0.798811
0.799198
0.799585
0.799959
0.800331
0.800681
0.801017
0.801328
0.801637
0.801942
0.802236
0.802530
0.802805
0.803066
0.803321
0.803581
0.803833
0.804076
0.804321
0.804570
0.804813
0.805055
0.805289
0.805517
0.805747
0.805978
0.806209
0.806436
0.806661
0.806892
0.807126
0.807350
0.807578
0.807791
0.808000
0.808225
0.808459
0.808663
0.808881
0.809103
0.809325
0.809537
0.809756
0.809963
0.810170
0.810376
0.810583
0.810778
0.810973
0.811173
0.811377
0.811575
0.811766
0.811943
0.812132
0.812315
0.812500
0.812662
0.812824
0.812980
0.813136
0.813282
0.813417
0.813552
0.813690
0.813831
0.813969
0.814094
0.814223
0.814358
0.814493
0.814640
0.814783
0.814906
0.815026
0.815161
0.815296
0.815425
0.815559
0.815706
0.815847
0.815991
0.816132
0.816264
0.816413
0.816575
0.816734
0.816893
0.817057
0.817237
0.817432
0.817621
0.817815
0.818013
0.818226
0.818436
0.818642
0.818849
0.819059
0.819278
0.819490
0.819703
0.819925
0.820128
0.820347
0.820563
0.820767
0.820958
0.821159
0.821366
0.821564
0.821761
0.821944
0.822106
0.822268
0.822441
0.822618
0.822777
0.822930
0.823077
0.823217
0.823343
0.823466
0.823565
0.823658
0.823745
0.823814
0.823859
0.823892
0.823918
0.823942
0.823957
0.823957
0.823957
0.823957
0.823957
0.823957
0.823957
0.823957
0.823957
0.823957
0.823883
0.823784
0.823667
0.823556
0.823433
0.823310
0.823169
0.823044
0.822915
0.822783
0.822642
0.822504
0.822361
0.822220
0.822094
0.821971
0.821842
0.821713
0.821591
0.821468
0.821342
0.821216
0.821090
0.820967
0.820853
0.820737
0.820614
0.820500
0.820398
0.820305
0.820215
0.820119
0.820018
0.819928
0.819844
0.819763
0.819673
0.819595
0.819529
0.819460
0.819394
0.819337
0.819281
0.819236
0.819203
0.819176
0.819149
0.819137
0.819137
0.819137
0.819137
0.819137
0.819137
0.819137
0.819137
0.819137
0.819137
0.819137
0.819137
0.819137
0.819137
0.819137
0.819137
0.819194
0.819263
0.819331
0.819388
0.819439
0.819505
0.819574
0.819640
0.819697
0.819751
0.819808
0.819871
0.819931
0.819979
0.820036
0.820092
0.820149
0.820203
0.820260
0.820299
0.820347
0.820389
0.820425
0.820449
0.820482
0.820512
0.820542
0.820566
0.820593
0.820611
0.820617
0.820641
0.820662
0.820674
0.820695
0.820716
0.820731
0.820740
0.820746
0.820749
0.820749
0.820749
0.820749
0.820749
0.820749
0.820749
0.820749
0.820749
0.820749
0.820749
0.820749
0.820749
0.820749
0.820749
0.820749
0.820749
0.820749
0.820749
0.820749
0.820749
0.820749
0.820749
0.820749
0.820749
0.820749
0.820749
0.820749
0.820749
0.820749
0.820749
0.820749
0.820749
0.820743
0.820722
0.820704
0.820692
0.820677
0.820665
0.820653
0.820635
0.820623
0.820617
0.820608
0.820593
0.820578
0.820572
0.820572
0.820572
0.820572
0.820560
0.820554
0.820548
0.820542
0.820527
0.820515
0.820515
0.820515
0.820515
0.820512
0.820503
0.820497
0.820497
0.820497
0.820497
0.820497
0.820497
0.820497
0.820497
0.820497
0.820497
0.820497
0.820497
0.820497
0.820497
0.820497
0.820497
0.820497
0.820497
0.820497
0.820497
0.820497
0.820497
0.820497
0.820497
0.820497
0.820497
0.820497
0.820497
0.820497
0.820497
0.820497
0.820497
0.820497
0.820497
0.820497
0.820497
0.820497
0.820497
0.820497
0.820497
0.820497
0.820497
0.820497
0.820497
0.820497
0.820497
0.820497
0.820497
0.820497
0.820497
0.820497
0.820497
0.820497
0.820497
0.820497
0.820497
0.820497
0.820497
0.820497
0.820497
0.820497
0.820497
0.820497
0.820497
0.820497
0.820497
0.820497
0.820497
0.820497
0.820497
0.820497
0.820497
0.820497
0.820497
0.820497
0.820497
0.820497
0.820497
0.820497
0.820497
0.820497
0.820497
0.820497
0.820497
0.820497
0.820497
0.820497
0.820497
0.820497
0.820497
0.820497
0.820497
0.820497
0.820497
0.820497
0.820497
0.820497
0.820497
0.820497
0.820497