3.504124
3.504124
3.504124
3.504124
3.504124
3.504124
3.504124
3.504124
3.504124
3.504124
3.504124
3.504124
3.504172
3.504343
3.504556
3.504792
3.505071
3.505392
3.505733
3.506081
3.506444
3.506818
3.507240
3.507696
3.508181
3.508720
3.509296
3.509904
3.510542
3.511210
3.511914
3.512654
3.513439
3.514275
3.515147
3.516025
3.516959
3.517972
3.519000
3.520048
3.521145
3.522263
3.523422
3.524632
3.525882
3.527182
3.528521
3.529885
3.531293
3.532746
3.534205
3.535691
3.537237
3.538786
3.540374
3.542010
3.543717
3.545461
3.547256
3.549053
3.550905
3.552750
3.554674
3.556606
3.558581
3.560591
3.562679
3.564789
3.566901
3.569076
3.571311
3.573543
3.575838
3.578184
3.580494
3.582873
3.585285
3.587732
3.590240
3.592766
3.595345
3.597928
3.600610
3.603240
3.605993
3.608765
3.611539
3.614367
3.617261
3.620093
3.623008
3.626010
3.628991
3.632071
3.635163
3.638267
3.641422
3.644562
3.647815
3.651024
3.654362
3.657636
3.661037
3.664467
3.667829
3.671373
3.674876
3.678372
3.681976
3.685563
3.689101
3.692705
3.696270
3.699878
3.703482
3.707119
3.710711
3.714226
3.717800
3.721333
3.724985
3.728544
3.732124
3.735744
3.739330
3.742889
3.746469
3.750089
3.753618
3.757252
3.760782
3.764266
3.767876
3.771460
3.775010
3.778524
3.782108
3.785637
3.789196
3.792648
3.796195
3.799697
3.803170
3.806648
3.810151
3.813662
3.817092
3.820601
3.824151
3.827603
3.831033
3.834481
3.837906
3.841355
3.844875
3.848287
3.851739
3.855214
3.858627
3.862147
3.865572
3.868963
3.872394
3.875794
3.879189
3.882607
3.886050
3.889453
3.892875
3.896299
3.899670
3.903022
3.906435
3.909838
3.913176
3.916543
3.919893
3.923267
3.926706
3.930056
3.933411
3.936779
3.940135
3.943469
3.946819
3.950147
3.953509
3.956882
3.960196
3.963489
3.966850
3.970131
3.973424
3.976815
3.980057
3.983347
3.986684
3.989920
3.993246
3.996523
3.999798
4.003078
4.006386
4.009691
4.012912
4.016201
4.019461
4.022715
4.025969
4.029202
4.032461
4.035685
4.038929
4.042210
4.045521
4.048676
4.051864
4.055096
4.058290
4.061529
4.064779
4.067949
4.071134
4.074373
4.077516
4.080682
4.083891
4.087103
4.090273
4.093434
4.096556
4.099738
4.102934
4.106062
4.109229
4.112417
4.115583
4.118651
4.121833
4.124946
4.128068
4.131187
4.134324
4.137428
4.140535
4.143636
4.146728
4.149879
4.152998
4.156081
4.159230
4.162280
4.165330
4.168458
4.171502
4.174681
4.177719
4.180808
4.183903
4.186920
4.189988
4.193061
4.196121
4.199210
4.202257
4.205297
4.208351
4.211389
4.214429
4.217453
4.220488
4.223514
4.226503
4.229575
4.232541
4.235555
4.238595
4.241604
4.244606
4.247620
4.250655
4.253615
4.256584
4.259601
4.262564
4.265608
4.268553
4.271537
4.274494
4.277449
4.280358
4.283324
4.286296
4.289223
4.292201
4.295116
4.298017
4.300935
4.303880
4.306831
4.309803
4.312673
4.315588
4.318491
4.321419
4.324295
4.327222
4.330110
4.332983
4.335881
4.338751
4.341651
4.344536
4.347383
4.350226
4.353087
4.355972
4.358845
4.361703
4.364538
4.367360
4.370203
4.372978
4.375830
4.378691
4.381495
4.384264
4.387074
4.389861
4.392632
4.395430
4.398217
4.401069
4.403807
4.406581
4.409323
4.412103
4.414875
4.417661
4.420408
4.423120
4.425855
4.428578
4.431314
4.434094
4.436800
4.439520
4.442204
4.444931
4.447628
4.450339
4.453044
4.455738
4.458431
4.461110
4.463719
4.466386
4.469085
4.471740
4.474451
4.477061
4.479676
4.482310
4.484976
4.487601
4.490237
4.492913
4.495520
4.498114
4.500732
4.503330
4.505943
4.508540
4.511162
4.513756
4.516354
4.518880
4.521483
4.524093
4.526690
4.529231
4.531802
4.534345
4.536913
4.539484
4.541994
4.544517
4.547130
4.549643
4.552157
4.554679
4.557145
4.559668
4.562181
4.564672
4.567155
4.569648
4.572125
4.574597
4.577051
4.579508
4.581974
4.584445
4.586899
4.589326
4.591771
4.594227
4.596666
4.599111
4.601535
4.603959
4.606380
4.608764
4.611197
4.613576
4.616009
4.618430
4.620862
4.623190
4.625632
4.627990
4.630324
4.632706
4.635070
4.637422
4.639744
4.642128
4.644433
4.646760
4.649100
4.651404
4.653702
4.656078
4.658388
4.660695
4.662969
4.665276
4.667568
4.669869
4.672128
4.674402
4.676658
4.678920
4.681164
4.683435
4.685658
4.687899
4.690131
4.692354
4.694562
4.696825
4.699018
4.701214
4.703431
4.705639
4.707817
4.710025
4.712167
4.714366
4.716568
4.718744
4.720892
4.723079
4.725245
4.727420
4.729610
4.731743
4.733924
4.736073
4.738212
4.740351
4.742508
4.744620
4.746736
4.748851
4.750954
4.753099
4.755199
4.757309
4.759412
4.761507
4.763556
4.765656
4.767759
4.769838
4.771924
4.774030
4.776091
4.778167
4.780229
4.782257
4.784324
4.786397
4.788417
4.790502
4.792531
4.794565
4.796638
4.798697
4.800713
4.802759
4.804754
4.806825
4.808796
4.810852
4.812826
4.814836
4.816846
4.818842
4.820813
4.822812
4.824810
4.826772
4.828765
4.830733
4.832707
4.834700
4.836648
4.838637
4.840563
4.842505
4.844458
4.846391
4.848308
4.850220
4.852170
4.854082
4.855978
4.857919
4.859780
4.861670
4.863576
4.865481
4.867357
4.869263
4.871138
4.873004
4.874883
4.876738
4.878601
4.880462
4.882277
4.884114
4.885981
4.887805
4.889654
4.891517
4.893309
4.895133
4.896970
4.898732
4.900580
4.902387
4.904184
4.905964
4.907741
4.909496
4.911279
4.913077
4.914821
4.916573
4.918314
4.920025
4.921793
4.923542
4.925274
4.927026
4.928740
4.930457
4.932177
4.933885
4.935586
4.937288
4.939008
4.940670
4.942348
4.944056
4.945749
4.947421
4.949099
4.950764
4.952409
4.954087
4.955726
4.957374
4.959039
4.960681
4.962305
4.963923
4.965526
4.967138
4.968764
4.970361
4.971955
4.973558
4.975113
4.976692
4.978286
4.979880
4.981465
4.983038
4.984581
4.986145
4.987697
4.989233
4.990791
4.992329
4.993868
4.995358
4.996864
4.998384
4.999894
5.001410
5.002923
5.004433
5.005949
5.007438
5.008914
5.010398
5.011866
5.013340
5.014793
5.016249
5.017693
5.019119
5.020534
5.021954
5.023392
5.024821
5.026256
5.027676
5.029099
5.030495
5.031886
5.033299
5.034672
5.036059
5.037446
5.038845
5.040175
5.041530
5.042878
5.044232
5.045595
5.046958
5.048304
5.049661
5.051000
5.052370
5.053706
5.055036
5.056339
5.057673
5.058985
5.060291
5.061582
5.062886
5.064186
5.065483
5.066786
5.068051
5.069318
5.070589
5.071859
5.073135
5.074406
5.075685
5.076940
5.078189
5.079424
5.080667
5.081890
5.083139
5.084358
5.085566
5.086773
5.087948
5.089182
5.090363
5.091555
5.092762
5.093940
5.095129
5.096328
5.097511
5.098677
5.099875
5.101052
5.102203
5.103383
5.104507
5.105636
5.106781
5.107913
5.109052
5.110178
5.111287
5.112422
5.113561
5.114666
5.115784
5.116889
5.117977
5.119071
5.120179
5.121261
5.122351
5.123457
5.124527
5.125593
5.126657
5.127697
5.128760
5.129832
5.130869
5.131918
5.132969
5.133982
5.135027
5.136040
5.137047
5.138062
5.139049
5.140049
5.141053
5.142054
5.143057
5.144052
5.145046
5.146029
5.147015
5.147995
5.148989
5.149972
5.150964
5.151889
5.152836
5.153765
5.154685
5.155590
5.156497
5.157411
5.158310
5.159236
5.160110
5.161013
5.161929
5.162819
5.163712
5.164614
5.165504
5.166358
5.167250
5.168146
5.169018
5.169881
5.170755
5.171600
5.172484
5.173335
5.174180
5.175010
5.175849
5.176679
5.177500
5.178294
5.179100
5.179903
5.180687
5.181460
5.182240
5.182989
5.183759
5.184514
5.185251
5.185982
5.186718
5.187456
5.188193
5.188936
5.189667
5.190404
5.191180
5.191932
5.192675
5.193412
5.194149
5.194892
5.195635
5.196348
5.197034
5.197729
5.198388
5.199059
5.199691
5.200342
5.200968
5.201606
5.202235
5.202843
5.203457
5.204057
5.204656
5.205261
5.205842
5.206427
5.207014
5.207595
5.208168
5.208728
5.209270
5.209800
5.210342
5.210882
5.211409
5.211942
5.212464
5.213009
5.213552
5.214087
5.214621
5.215139
5.215661
5.216191
5.216718
5.217246
5.217782
5.218321
5.218833
5.219334
5.219828
5.220319
5.220787
5.221224
5.221653
5.222066
5.222479
5.222866
5.223247
5.223609
5.223959
5.224283
5.224622
5.224969
5.225305
5.225637
5.225970
5.226312
5.226653
5.226985
5.227306
5.227630
5.227947
5.228262
5.228556
5.228828
5.229101
5.229383
5.229652
5.229925
5.230179
5.230419
5.230653
5.230889
5.231117
5.231336
5.231552
5.231764
5.231956
5.232127
5.232276
5.232414
5.232555
5.232690
5.232813
5.232921
5.233026
5.233125
5.233229
5.233325
5.233400
5.233463
5.233532
5.233610
5.233664
5.233709
5.233763
5.233808
5.233847
5.233861
5.233877
5.233882
5.233891
5.233912
5.233922
5.233922
5.233922
5.233922
5.233922
5.233924
5.233927
5.233927
5.233927
5.233927
5.233927
5.233927
5.233927
5.233927
5.233927
5.233927
5.233927
5.233927
5.233927
5.233927
5.233927
5.233927
5.233927
5.233927
5.233927
5.233927
5.233927
5.233927
5.233927
5.233927
5.233927
5.233927
5.233927
5.233927
5.233927
5.233927
5.233927
5.233927
5.233927
5.233927
5.233927
5.233927
5.233927
5.233927
5.233927
5.233927
5.233927
5.233927
5.233927
5.233927
5.233927
5.233927
5.233927
5.233927
5.233927
5.233927
5.233927
5.233927
5.233927
5.233927
5.233927
5.233927
5.233927
5.233927
5.233927
5.233927
5.233927
5.233927
5.233927
5.233927
5.233927
5.233927
5.233927
5.233927
5.233927
5.233927
5.233927
5.233927
5.233927
5.233927
5.233927
5.233927
5.233927
5.233927
5.233927
5.233927
5.233927
5.233927
5.233927
5.233927
5.233927
5.233927
5.233927
5.233927
5.233927
5.233927
5.233927
5.233927
5.233927
5.233927
5.233927
5.233927
5.233927
5.233927
5.233927
5.233927