2.064103
2.064103
2.064103
2.064103
2.064103
2.064103
2.064103
2.064109
2.064325
2.064726
2.065289
2.066051
2.067000
2.068118
2.069376
2.070787
2.072384
2.074206
2.076111
2.078161
2.080380
2.082813
2.085396
2.088110
2.091160
2.094321
2.097647
2.101164
2.105011
2.108852
2.112981
2.117331
2.121729
2.126406
2.131274
2.136314
2.141398
2.146845
2.152460
2.158251
2.164141
2.170178
2.176710
2.183190
2.189979
2.196687
2.203857
2.211155
2.218544
2.226178
2.233967
2.242048
2.250365
2.258679
2.267281
2.276176
2.285098
2.294191
2.303590
2.313087
2.322758
2.332630
2.342649
2.352947
2.363526
2.374009
2.384765
2.396072
2.407058
2.418542
2.430164
2.441921
2.453935
2.466243
2.478539
2.491161
2.503702
2.516684
2.529822
2.543184
2.556724
2.570446
2.584314
2.598381
2.612633
2.627137
2.641731
2.656558
2.671658
2.686926
2.702212
2.717834
2.733533
2.749526
2.765734
2.782069
2.798508
2.815151
2.832160
2.848950
2.866336
2.883590
2.901156
2.918791
2.936752
2.954881
2.973098
2.991385
3.010195
3.028653
3.047175
3.065780
3.084536
3.103084
3.121807
3.140385
3.159156
3.177971
3.196525
3.215056
3.233949
3.252761
3.271466
3.290281
3.309213
3.328364
3.346897
3.365749
3.384411
3.403481
3.421892
3.440680
3.459546
3.478292
3.497269
3.515719
3.534639
3.553119
3.572126
3.590887
3.609478
3.628257
3.646985
3.665516
3.684241
3.702871
3.721327
3.740172
3.758331
3.776802
3.795164
3.813626
3.831845
3.850307
3.868709
3.887020
3.905248
3.923815
3.941974
3.960451
3.978769
3.996973
4.015347
4.033791
4.052046
4.070604
4.088808
4.107243
4.125506
4.144019
4.162502
4.180700
4.199269
4.217378
4.236109
4.254631
4.273224
4.291491
4.309896
4.328241
4.346786
4.365170
4.383578
4.402051
4.420453
4.438909
4.457392
4.475754
4.494309
4.512576
4.530849
4.549215
4.567670
4.585928
4.604061
4.622687
4.640924
4.659239
4.677533
4.695833
4.713965
4.732432
4.750658
4.768820
4.787207
4.805614
4.823848
4.842247
4.860670
4.879156
4.897569
4.915779
4.934268
4.952831
4.971377
4.989770
5.008375
5.026927
5.045445
5.063925
5.082186
5.100945
5.119418
5.137994
5.156423
5.175094
5.193592
5.212086
5.230467
5.248824
5.267324
5.285741
5.304170
5.322380
5.340809
5.359208
5.377604
5.395897
5.413921
5.432293
5.450428
5.468668
5.486603
5.505340
5.523179
5.541266
5.559686
5.577584
5.595563
5.613917
5.632052
5.650343
5.668598
5.686539
5.704749
5.722986
5.741070
5.759313
5.777499
5.795562
5.813769
5.831925
5.849916
5.868417
5.886424
5.904508
5.922712
5.940628
5.958617
5.976913
5.995144
6.013076
6.031151
6.049098
6.066981
6.085041
6.103005
6.120883
6.138700
6.156665
6.174575
6.192093
6.210306
6.227932
6.245738
6.263540
6.281157
0.015684
0.033379
0.051020
0.068736
0.086583
0.104311
0.122122
0.139763
0.157482
0.175057
0.192943
0.210632
0.228255
0.245946
0.263626
0.281566
0.299381
0.317139
0.334797
0.352780
0.370480
0.387989
0.405774
0.423400
0.441145
0.458924
0.476460
0.493996
0.511852
0.529298
0.546936
0.564616
0.582134
0.599795
0.617454
0.634840
0.652577
0.670044
0.687340
0.705155
0.722472
0.739759
0.757352
0.774849
0.792163
0.809582
0.827127
0.844504
0.861947
0.879438
0.896696
0.914235
0.931797
0.949270
0.966749
0.984237
1.002007
1.019255
1.036869
1.054816
1.071938
1.089914
1.107282
1.124875
1.142468
1.160070
1.177579
1.195172
1.212873
1.230327
1.248151
1.265906
1.283193
1.301154
1.318540
1.336238
1.353954
1.371364
1.388954
1.406577
1.424169
1.441759
1.459241
1.476693
1.494253
1.511978
1.529424
1.546816
1.564636
1.581897
1.599594
1.617070
1.634558
1.652208
1.670032
1.687289
1.705059
1.722759
1.740184
1.757999
1.775607
1.793242
1.811107
1.828930
1.846538
1.864029
1.881964
1.899679
1.917437
1.935228
1.952788
1.970560
1.988524
2.006381
2.023950
2.041938
2.059615
2.077196
2.095136
2.112705
2.130247
2.147974
2.165696
2.183268
2.200873
2.218616
2.235960
2.253774
2.271137
2.288598
2.306475
2.323544
2.341559
2.358457
2.376214
2.393534
2.411031
2.428552
2.446013
2.463321
2.480917
2.498315
2.515815
2.533216
2.550887
2.568267
2.585950
2.603267
2.620683
2.638237
2.655803
2.673162
2.690863
2.707985
2.725698
2.743033
2.760527
2.777889
2.795512
2.812976
2.830200
2.847817
2.864907
2.882389
2.899937
2.917113
2.934239
2.951664
2.969068
2.986190
3.003438
3.020861
3.037884
3.054992
3.072237
3.089297
3.106443
3.123586
3.140718
3.157691
3.174930
3.191971
3.209025
3.225920
3.242928
3.260362
3.277296
3.294482
3.311637
3.328735
3.345609
3.362720
3.380028
3.396950
3.413895
3.431090
3.448293
3.465490
3.482574
3.499630
3.516666
3.533884
3.551013
3.567997
3.585183
3.602170
3.619080
3.636289
3.653283
3.670193
3.687088
3.704489
3.721195
3.738320
3.755041
3.771948
3.788984
3.805845
3.822578
3.839458
3.856167
3.872993
3.889962
3.906675
3.923473
3.940221
3.956942
3.973690
3.990639
4.007414
4.024162
4.041239
4.057861
4.074499
4.091708
4.108354
4.125249
4.142186
4.159155
4.175873
4.192717
4.209734
4.226570
4.243722
4.260613
4.277538
4.294460
4.311643
4.328414
4.345465
4.362390
4.379509
4.396458
4.413299
4.430307
4.447313
4.464178
4.481150
4.498213
4.515108
4.531946
4.549011
4.565852
4.582833
4.599719
4.616521
4.633452
4.650559
4.667163
4.684190
4.701004
4.717773
4.734725
4.751844
4.768721
4.785397
4.802400
4.819345
4.836126
4.853485
4.870149
4.887419
4.904343
4.921514
4.938252
4.955657
4.972600
4.989590
5.006611
5.024039
5.041011
5.058068
5.075095
5.092109
5.109687
5.126306
5.143653
5.160710
5.177988
5.194865
5.211976
5.229014
5.246142
5.263145
5.280028
5.297060
5.314138
5.331021
5.348128
5.365011
5.381792
5.399037
5.415836
5.432725
5.449437
5.466275
5.483107
5.499809
5.516692
5.533578
5.550473
5.567137
5.583948
5.600719
5.617471
5.634275
5.651011
5.668026
5.684657
5.701303
5.718222
5.735048
5.752029
5.768807
5.785579
5.802504
5.819162
5.836150
5.852883
5.869652
5.886484
5.903139
5.919947
5.936820
5.953556
5.970262
5.986914
6.003773
6.020239
6.037098
6.053454
6.070175
6.086782
6.103641
6.120125
6.136576
6.153240
6.169892
6.186128
6.202795
6.219288
6.235830
6.251913
6.268729
0.001624
0.018042
0.034601
0.050810
0.067324
0.083500
0.100233
0.116217
0.133004
0.149045
0.165814
0.182178
0.198390
0.214850
0.231421
0.247630
0.264144
0.280560
0.296981
0.313352
0.329947
0.346191
0.362664
0.379013
0.395324
0.411742
0.428316
0.444495
0.460811
0.477278
0.493564
0.509866
0.526272
0.542607
0.558645
0.575060
0.591128
0.607369
0.623902
0.639952
0.656223
0.672504
0.688530
0.704765
0.721040
0.736901
0.753143
0.769243
0.785281
0.801355
0.817585
0.833755
0.849852
0.865977
0.881952
0.898355
0.914393
0.930551
0.946805
0.962938
0.979054
0.995293
1.011528
1.027614
1.043952
1.060265
1.076336
1.092665
1.108999
1.125223
1.141524
1.157751
1.174119
1.190285
1.206722
1.222697
1.239337
1.255434
1.271748
1.287960
1.304249
1.320500
1.336717
1.353013
1.369231
1.385535
1.401762
1.417863
1.434143
1.450517
1.466612
1.482955
1.499131
1.515324
1.531389
1.547469
1.563810
1.579901
1.596305
1.612370
1.628662
1.644832
1.661283
1.677525
1.693611
1.709756
1.726289
1.742413
1.758808
1.775091
1.791435
1.807826
1.824275
1.840501
1.856929
1.873503
1.889795
1.906088
1.922689
1.938970
1.955322
1.971753
1.987967
2.004436
2.020996
2.037270
2.053659
2.069993
2.086474
2.102788
2.119033
2.135310
2.151884
2.168144
2.184281
2.200516
2.216830
2.233015
2.249229
2.265336
2.281614
2.297709
2.313992
2.329940
2.346302
2.362339
2.378440
2.394430
2.410702
2.426773
2.442763
2.458941
2.474973
2.491158
2.507343
2.523389
2.539556
2.555669
2.571725
2.587847
2.604070
2.620135
2.636371
2.652468
2.668656
2.684748
2.700831
2.716746
2.733104
2.749136
2.765183
2.781377
2.797430
2.813494
2.829392
2.845726
2.861683
2.877571
2.893705
2.909740
2.925394
2.941714
2.957536
2.973352
2.989276
3.005128
3.021052
3.037018
3.052724
3.068294
3.084185
3.099995
3.115913
3.131472
3.147153
3.163020
3.178846
3.194455
3.210256
3.226025
3.241769
3.257576
3.273098
3.289088
3.304569
3.320505
3.335923
3.351763
3.367558
3.383276
3.399134
3.414815
3.430643
3.446522
3.462186
3.477816
3.493524
3.509595
3.524878
3.540958
3.556627
3.572024
3.587927
3.603600
3.619272
3.635103
3.650569
3.666040
3.681946
3.697331
3.712976
3.728562
3.744192
3.759700
3.775528
3.790712
3.806430
3.821802
3.837388
3.852602
3.868319
3.883587
3.899097
3.914407
3.930143
3.945357
3.960672
3.976336
3.991742
4.007228
4.022745
4.038082
4.053505
4.068899
4.084338
4.099959
4.115634
4.130801
4.146749
4.162035
4.177710
4.193142
4.208683
4.224077
4.239995
4.255427
4.271037
4.286497
4.302148
4.317707
4.333346
4.349030
4.364655
4.379842
4.395766
4.411099
4.426571
4.442346
4.458081
4.473283
4.489198
4.504648
4.520138
4.535748
4.551219
4.566844
4.582399
4.597844
4.613429
4.629006
4.644486
4.659874
4.675417
4.690820
4.706319
4.721878
4.737313
4.752887
4.768463
4.783950
4.799433
4.815043
4.830484
4.846031
4.861685
4.877094
4.892946
4.908463
4.924009
4.939742
4.955471
4.970979
4.986687
5.002252
5.018206
5.033686
5.049544
5.065142
5.080796
5.096630
5.112213
5.127783
5.143581
5.159206
5.174848
5.190538
5.206256
5.221799
5.237588
5.253171
5.268595
5.284375
5.299793
5.315324
5.331008
5.346489
5.361916
5.377441
5.392958
5.408427
5.423934
5.439041
5.454485
5.470188
5.485414
5.500801
5.516285
5.531729
5.546898
5.562340
5.577701
5.593065
5.608449
5.623834
5.639165
5.654478
5.669833
5.685194
5.700599
5.715879
5.731417
5.746690
5.762039
5.777448
5.792983
5.808229
5.823692
5.839071
5.854324
5.869765
5.885042
5.900280
5.915647
5.931113
5.946237
5.961580
5.976934
5.992127
6.007255
6.022564
6.037784
6.053001
6.068203
6.083402
6.098634
6.113717
6.128847
6.143848
6.159047
6.174057
6.189214
6.204203
6.219216
6.234317
6.249147
6.264265
6.279084
0.011175
0.025868
0.040920
0.055861
0.070617
0.085651
0.100826
0.115507
0.130751
0.145500
0.160523
0.175593
0.190558
0.205416
0.220546
0.235541
0.250407
0.265433
0.280662
0.295348
0.310391
0.325545
0.340295
0.355437
0.370411
0.385353
0.400030
0.415280
0.430138
0.445079
0.460065
0.474794
0.489828
0.504806
0.519492
0.534413
0.549216
0.564074
0.579042
0.593722
0.608628
0.623380
0.638295
0.653086
0.667722
0.682591
0.697380
0.712160
0.726801
0.741539
0.756342
0.770735
0.785686
0.800456
0.815035
0.829779
0.844438
0.859101
0.873899
0.888537
0.903263
0.917968
0.932819
0.947404
0.962273
0.977143
0.991755
1.006543
1.021371
1.036246
1.050963
1.065844
1.080686
1.095511
1.110219
1.125121
1.140038
1.154860
1.169627
1.184476
1.199480
1.214143
1.229093
1.244067
1.258805
1.273576
1.288538
1.303210
1.318322
1.333062
1.347695
1.362642
1.377506
1.392243
1.406954
1.421844
1.436813
1.451290
1.466291
1.480825
1.495850
1.510516
1.525214
1.539988
1.554743
1.569424
1.584216
1.599091
1.613691
1.628348
1.643238
1.658194
1.672878
1.687750
1.702494
1.717312
1.732347
1.746955
1.762029
1.776787
1.791654
1.806547
1.821536
1.836271
1.851263
1.866171
1.881044
1.896072
1.910921
1.925781
1.940851
1.955754
1.970692
1.985528
2.000661
2.015561
2.030310
2.045417
2.060127
2.074955
2.089974
2.104753
2.119575
2.134471
2.149242
2.164111
2.178963
2.193778
2.208462
2.223352
2.238156
2.252765
2.267568
2.282246
2.296831
2.311841
2.326204
2.341094
2.355661
2.370261
2.385031
2.399658
2.414285
2.428930
2.443634
2.458045
2.472918
2.487497
2.502195
2.516789
2.531512
2.546135
2.560867
2.575494
2.590052
2.604858
2.619512
2.634085
2.648711
2.663416
2.678055
2.692760
2.707518
2.722022
2.736673
2.751467
2.765941
2.780640
2.795225
2.809762
2.824334
2.838964
2.853588
2.868023
2.882922
2.897058
2.911963
2.926179
2.940845
2.955193
2.969835
2.984150
2.998561
3.013059
3.027428
3.041833
3.056358
3.070610
3.084916
3.099465
3.113520
3.127958
3.142369
3.156525
3.170711
3.185062
3.199321
3.213672
3.228020
3.242206
3.256524
3.270860
3.285200
3.299380
3.313764
3.328094
3.342370
3.356725
3.370887
3.385172
3.399526
3.413673
3.428204
3.442481
3.456727
3.471111
3.485405
3.499684
3.513901
3.528267
3.542498
3.556849
3.571035
3.585476
3.599381
3.614011
3.627939
3.642255
3.656453
3.670418
3.684832
3.698952
3.713204
3.727226
3.741400
3.755533
3.769590
3.783758
3.797807
3.811805
3.825985
3.840036
3.853971
3.868019
3.881969
3.895940
3.910117
3.924058
3.937927
3.952041
3.966029
3.979769
3.994049
4.007866
4.022002
4.035960
4.049787
4.064150
4.077968
4.092145
4.106026
4.120051
4.134213
4.148043
4.162400
4.176206
4.190632
4.204429
4.218564
4.232648
4.246769
4.260850
4.274809
4.289241
4.303047
4.317422
4.331321
4.345441
4.359729
4.373715
4.387919
4.401928
4.415956
4.430133
4.444338
4.458279
4.472408
4.486504
4.500499
4.514524
4.528823
4.542722
4.556888
4.570858
4.585111
4.598794
4.613064
4.627151
4.641056
4.655050
4.669096
4.683054
4.697073
4.711161
4.724927
4.739057
4.753004
4.766923
4.780936
4.795035
4.809030
4.823135
4.837234
4.851301
4.865407
4.879296
4.893429
4.907687
4.921576
4.935778
4.949872
4.964070
4.978169
4.992311
5.006506
5.020572
5.034857
5.048975
5.063017
5.077171
5.091426
5.105540
5.119682
5.133937
5.147947
5.162172
5.176269
5.190335
5.204506
5.218606
5.232597
5.246586
5.260829
5.274901
5.288848
5.302879
5.316834
5.331084
5.345033
5.359037
5.372816
5.386981
5.400930
5.414790
5.428962
5.442660
5.456585
5.470457
5.484278
5.498291
5.511976
5.526031
5.539771
5.553532
5.567403
5.581317
5.595084
5.608914
5.622860
5.636690
5.650418
5.664311
5.678111
5.691991
5.705731
5.719510
5.733592
5.747260
5.761009
5.774958
5.788914
5.802687
5.816301
5.830517
5.844182
5.857781
5.871740
5.885507
5.899462
5.913109
5.927089
5.940643
5.954530
5.968165
5.981971
5.995654
6.009292
6.023038
6.036787
6.050392
6.064033
6.077796
6.091447
6.104779
6.118744
6.132112
6.145768
6.159266
6.172888
6.186200
6.200030
6.213362
6.226844
6.240411
6.253779
6.267279
6.280812
0.011008
0.024523
0.037906
0.051376
0.064586
0.078185
0.091556
0.104883
0.118548
0.131862
0.145183
0.158788
0.172234
0.185639
0.199142
0.212528
0.225960
0.239472
0.252852
0.266182
0.279850
0.293221
0.306550
0.319967
0.333599
0.346880
0.360474
0.373734
0.387213
0.400800
0.414076
0.427378
0.440891
0.454214
0.467618
0.481143
0.494217
0.507586
0.521212
0.534194
0.547619
0.561086
0.574239
0.587679
0.600928
0.614033
0.627239
0.640785
0.653904
0.667039
0.680458
0.693458
0.706881
0.720012
0.733108
0.746255
0.759440
0.772779
0.785731
0.798955
0.812138
0.825213
0.838557
0.851524
0.864704
0.878030
0.891069
0.904129
0.917398
0.930602
0.943803
0.957096
0.970246
0.983428
0.996899
1.009827
1.023219
1.036366
1.049626
1.062734
1.076207
1.089444
1.102818
1.115998
1.129271
1.142366
1.155759
1.169154
1.182259
1.195846
1.208930
1.222178
1.235550
1.248759
1.262023
1.275433
1.288523
1.301730
1.314957
1.328382
1.341487
1.354882
1.368074
1.381197
1.394428
1.407544
1.420973
1.434275
1.447254
1.460631
1.473826
1.486970
1.500329
1.513398
1.526640
1.539826
1.552973
1.566081
1.579233
1.592404
1.605712
1.618826
1.632030
1.645299
1.658434
1.671868
1.684817
1.698081
1.711392
1.724656
1.737832
1.751282
1.764446
1.777797
1.791048
1.804321
1.817629
1.830944
1.844228
1.857540
1.870977
1.884352
1.897492
1.910855
1.924136
1.937448
1.950894
1.964172
1.977601
1.990804
2.004035
2.017340
2.030766
2.043990
2.057326
2.070658
2.083838
2.097101
2.110311
2.123703
2.136766
2.150264
2.163401
2.176542
2.189671
2.203099
2.216198
2.229392
2.242437
2.255536
2.268746
2.281865
2.294862
2.308009
2.321072
2.334293
2.347335
2.360350
2.373419
2.386626
2.399463
2.412496
2.425799
2.438676
2.451676
2.464736
2.477774
2.490795
2.503870
2.517086
2.530026
2.543136
2.556094
2.569145
2.582214
2.595196
2.608337
2.621444
2.634399
2.647435
2.660510
2.673516
2.686654
2.699704
2.712614
2.725647
2.738770
2.751878
2.764698
2.777979
2.790802
2.803847
2.816811
2.829691
2.842673
2.855769
2.868646
2.881463
2.894526
2.907442
2.920286
2.933268
2.946064
2.959196
2.971911
2.984545
2.997572
3.010392
3.023113
3.035925
3.048763
3.061493
3.074223
3.087023
3.099678
3.112462
3.125042
3.137938
3.150563
3.163335
3.175921
3.188544
3.201301
3.213974
3.226758
3.239405
3.252024
3.264770
3.277518
3.290128
3.302837
3.315589
3.328193
3.340851
3.353606
3.366261
3.378976
3.391871
3.404509
3.417074
3.429843
3.442508
3.455208
3.467875
3.480525
3.493141
3.505904
3.518517
3.531092
3.544008
3.556460
3.569271
3.581905
3.594572
3.607072
3.619571
3.632125
3.644981
3.657585
3.670133
3.682749
3.695135
3.707670
3.720320
3.732798
3.745280
3.757818
3.770180
3.782749
3.795293
3.807703
3.820002
3.832612
3.845085
3.857428
3.870012
3.882206
3.894747
3.907097
3.919408
3.931793
3.944086
3.956499
3.969025
3.981381
3.993617
4.006033
4.018514
4.030801
4.043145
4.055617
4.067976
4.080353
4.092876
4.105274
4.117690
4.130052
4.142503
4.154907
4.167265
4.179876
4.192166
4.204755
4.217267
4.229722
4.242164
4.254553
4.267019
4.279507
4.291904
4.304329
4.316853
4.329208
4.341783
4.354234
4.366701
4.379051
4.391547
4.403939
4.416430
4.428986
4.441270
4.453790
4.466224
4.478598
4.491002
4.503552
4.515854
4.528359
4.540664
4.553133
4.565396
4.577872
4.590195
4.602683
4.614789
4.627277
4.639606
4.652117
4.664132
4.676565
4.688972
4.701306
4.713435
4.726039
4.738164
4.750559
4.762953
4.775243
4.787590
4.799940
4.812202
4.824627
4.836968
4.849309
4.861680
4.874116
4.886325
4.898972
4.911288
4.923626
4.936069
4.948592
4.960861
4.973319
4.985755
4.998260
5.010592
5.023050
5.035328
5.047869
5.060573
5.072784
5.085107
5.097811
5.109954
5.122474
5.134878
5.147315
5.159661
5.172191
5.184477
5.196917
5.209309
5.221494
5.233910
5.246364
5.258696
5.271093
5.283362
5.295724
5.307939
5.320283
5.332623
5.344811
5.357131
5.369307
5.381687
5.393974
5.406060
5.418254
5.430442
5.442726
5.454779
5.467015
5.479020
5.491292
5.503273
5.515638
5.527625
5.539732
5.551761
5.564105
5.575981
5.588322
5.600147
5.612386
5.624532
5.636568
5.648707
5.660851
5.672945
5.685040
5.697004
5.709234
5.721401
5.733424
5.745609
5.757779
5.769778
5.781825
5.794160
5.805967
5.818206
5.830298
5.842442
5.854372
5.866449
5.878505
5.890546
5.902680
5.914659
5.926679
5.938741
5.950806
5.962751
5.974751
5.986701
5.998599
6.010622
6.022516
6.034662
6.046536
6.058325
6.070193
6.082123
6.093963
6.105924
6.117779
6.129817
6.141661
6.153363
6.165248
6.177041
6.188998
6.200731
6.212433
6.224331
6.236078
6.247757
6.259513
6.271234
6.282918
0.011574
0.023234
0.035126
0.046694
0.058357
0.070048
0.081762
0.093423
0.105102
0.116882
0.128540
0.140233
0.152038
0.163690
0.175383
0.187116
0.198830
0.210464
0.222298
0.234052
0.245557
0.257529
0.268920
0.280775
0.292499
0.304196
0.315871
0.327790
0.339300
0.351012
0.362694
0.374366
0.385976
0.397708
0.409438
0.421072
0.432693
0.444462
0.455949
0.467615
0.479198
0.490865
0.502618
0.513991
0.525559
0.537400
0.548937
0.560532
0.572013
0.583629
0.594990
0.606731
0.618290
0.629738
0.641294
0.652814
0.664304
0.675925
0.687259
0.698926
0.710329
0.721576
0.733291
0.744598
0.756139
0.767461
0.778963
0.790506
0.801858
0.813276
0.824703
0.836127
0.847656
0.858900
0.870366
0.881859
0.893448
0.904725
0.916230
0.927621
0.939048
0.950670
0.962001
0.973485
0.985004
0.996518
1.008005
1.019573
1.030898
1.042472
1.054046
1.065436
1.076869
1.088413
1.100035
1.111444
1.123012
1.134645
1.146177
1.157583
1.169046
1.180551
1.192304
1.203588
1.215087
1.226663
1.238174
1.249721
1.261142
1.272773
1.284110
1.295833
1.307281
1.318684
1.330222
1.341769
1.353292
1.364671
1.376241
1.387617
1.399245
1.410639
1.422183
1.433487
1.444854
1.456347
1.467744
1.479252
1.490544
1.501965
1.513311
1.524969
1.536156
1.547577
1.559229
1.570515
1.581909
1.593309
1.604688
1.616199
1.627712
1.639181
1.650473
1.661870
1.673258
1.684796
1.696307
1.707752
1.719188
1.730756
1.742144
1.753679
1.765154
1.776724
1.788094
1.799752
1.811146
1.822627
1.834219
1.845667
1.857105
1.868727
1.880229
1.891713
1.903260
1.914750
1.926269
1.937909
1.949402
1.960841
1.972259
1.984006
1.995463
2.006926
2.018335
2.029849
2.041393
2.052751
2.064208
2.075719
2.087364
2.098701
2.110188
2.121624
2.133171
2.144643
2.155905
2.167332
2.178852
2.190192
2.201574
2.212971
2.224416
2.235555
2.247015
2.258307
2.269692
2.280940
2.292175
2.303575
2.314882
2.326159
2.337487
2.348920
2.360068
2.371259
2.382548
2.393768
2.405015
2.416268
2.427591
2.438751
2.450061
2.461314
2.472588
2.483809
2.495256
2.506255
2.517466
2.528788
2.540035
2.551474
2.562551
2.573789
2.585078
2.596308
2.607498
2.618835
2.630034
2.641272
2.652588
2.663776
2.675089
2.686201
2.697553
2.708651
2.719964
2.731190
2.742398
2.753681
2.764809
2.775975
2.787216
2.798385
2.809624
2.820811
2.831950
2.843093
2.854289
2.865401
2.876576
2.887755
2.898819
2.909926
2.921098
2.932112
2.943257
2.954360
2.965320
2.976396
2.987476
2.998519
3.009610
3.020525
3.031487
3.042555
3.053556
3.064555
3.075494
3.086435
3.097437
3.108393
3.119335
3.130190
3.141188
3.152040
3.163041
3.173806
3.184742
3.195665
3.206571
3.217534
3.228385
3.239222
3.250152
3.261159
3.271939
3.282884
3.293768
3.304806
3.315706
3.326575
3.337352
3.348383
3.359244
3.370123
3.381068
3.391859
3.402822
3.413742
3.424525
3.435485
3.446319
3.457167
3.468037
3.479155
3.489896
3.500685
3.511636
3.522487
3.533162
3.544167
3.555043
3.565681
3.576743
3.587412
3.598395
3.609121
3.619769
3.630645
3.641482
3.652220
3.662996
3.673788
3.684511
3.695261
3.706110
3.716620
3.727495
3.738155
3.748878
3.759541
3.770198
3.780879
3.791551
3.802208
3.812742
3.823468
3.834086
3.844707
3.855310
3.865910
3.876471
3.887143
3.897686
3.908274
3.918905
3.929277
3.939928
3.950591
3.961128
3.971566
3.982193
3.992640
4.003264
4.013820
4.024608
4.035038
4.045584
4.056193
4.066676
4.077306
4.087840
4.098428
4.109028
4.119679
4.130222
4.140778
4.151423
4.161948
4.172530
4.183226
4.193709
4.204345
4.214879
4.225608
4.236025
4.246841
4.257228
4.267924
4.278632
4.289127
4.299679
4.310327
4.320915
4.331470
4.342059
4.352683
4.363342
4.373912
4.384579
4.395059
4.405722
4.416199
4.426700
4.437399
4.447762
4.458485
4.469127
4.479664
4.490036
4.500721
4.511168
4.521651
4.532380
4.542710
4.553145
4.563992
4.574217
4.584736
4.595243
4.605711
4.616242
4.626603
4.637167
4.647593
4.658103
4.668518
4.678941
4.689439
4.699856
4.710301
4.720769
4.731225
4.741628
4.752147
4.762603
4.773065
4.783492
4.793900
4.804347
4.814851
4.825343
4.835746
4.846238
4.856682
4.867195
4.877777
4.888195
4.898765
4.909065
4.919695
4.930094
4.940661
4.951100
4.961505
4.972126
4.982603
4.993083
5.003630
5.014074
5.024623
5.035082
5.045592
5.056061
5.066652
5.077072
5.087735
5.098125
5.108537
5.119124
5.129677
5.139968
5.150463
5.160985
5.171364
5.181928
5.192267
5.202684
5.213159
5.223594
5.233969
5.244422
5.254783
5.265230
5.275657
5.286011
5.296371
5.306684
5.317035
5.327435
5.337678
5.348047
5.358207
5.368621
5.378958
5.389267
5.399580
5.409700
5.419938
5.430232
5.440413
5.450704
5.461010
5.471158
5.481252
5.491471
5.501625
5.511854
5.522001
5.532185
5.542375
5.552507
5.562694
5.572778
5.583019
5.593212
5.603302
5.613495
5.623511
5.633916
5.643836
5.654077
5.664209
5.674303
5.684384
5.694541
5.704793
5.714807
5.725005
5.734991
5.745267
5.755184
5.765449
5.775516
5.785543
5.795715
5.806036
5.815864
5.826023
5.836234
5.846208
5.856304
5.866542
5.876375
5.886654
5.896514
5.906740
5.916770
5.926751
5.936784
5.947049
5.956867
5.966859
5.976970
5.986899
5.996888
6.007033
6.016917
6.026917
6.036844
6.046812
6.056686
6.066595
6.076499
6.086686
6.096462
6.106325
6.116206
6.126132
6.135950
6.145888
6.155793
6.165542
6.175381
6.185238
6.195131
6.204940
6.214644
6.224627
6.234254
6.244099
6.253791
6.263582
6.273547
6.283161
0.009740
0.019483
0.029155
0.038874
0.048734
0.058411
0.068031
0.077996
0.087506
0.097408
0.107127
0.116825
0.126514
0.136389
0.146040
0.155861
0.165532
0.175341
0.184884
0.194759
0.204340
0.214083
0.223868
0.233564
0.243262
0.253032
0.262715
0.272515
0.282357
0.291987
0.301796
0.311476
0.321165
0.330840
0.340619
0.350359
0.359952
0.369701
0.379355
0.389212
0.398835
0.408440
0.418196
0.427837
0.437406
0.447344
0.456914
0.466483
0.476109
0.486005
0.495491
0.505081
0.514821
0.524403
0.533993
0.543646
0.553150
0.562812
0.572426
0.581906
0.591562
0.601264
0.610581
0.620303
0.629762
0.639424
0.648799
0.658416
0.667932
0.677405
0.686942
0.696412
0.705886
0.715359
0.724812
0.734357
0.743810
0.753268
0.762730
0.772245
0.781785
0.791279
0.800690
0.810155
0.819571
0.829072
0.838440
0.848028
0.857396
0.867002
0.876322
0.885850
0.895177
0.904632
0.914142
0.923537
0.933173
0.942532
0.952018
0.961416
0.970959
0.980441
0.989825
0.999350
1.008808
1.018315
1.027806
1.037259
1.046816
1.056302
1.065742
1.075240
1.084857
1.094352
1.103726
1.113296
1.122838
1.132276
1.141734
1.151345
1.160669
1.170173
1.179616
1.189126
1.198776
1.208073
1.217612
1.227080
1.236607
1.246075
1.255545
1.264998
1.274465
1.283954
1.293475
1.302754
1.312422
1.321725
1.331277
1.340801
1.350104
1.359538
1.369003
1.378438
1.387791
1.397310
1.406690
1.416140
1.425575
1.434940
1.444396
1.453776
1.463148
1.472526
1.481948
1.491290
1.500754
1.510177
1.519441
1.528798
1.538235
1.547580
1.556898
1.566410
1.575626
1.585046
1.594417
1.603750
1.613092
1.622442
1.631838
1.641138
1.650530
1.659983
1.669358
1.678822
1.688035
1.697392
1.706973
1.716330
1.725650
1.735115
1.744535
1.753957
1.763482
1.772766
1.782210
1.791612
1.801013
1.810445
1.819918
1.829230
1.838608
1.848012
1.857540
1.866948
1.876352
1.885769
1.895176
1.904650
1.914049
1.923438
1.932909
1.942244
1.951775
1.961173
1.970566
1.979995
1.989432
1.998798
2.008214
2.017691
2.026997
2.036398
2.045896
2.055223
2.064630
2.073987
2.083371
2.092733
2.102072
2.111411
2.120782
2.130094
2.139454
2.148810
2.158125
2.167323
2.176677
2.186177
2.195372
2.204651
2.213792
2.223146
2.232568
2.241646
2.250931
2.260174
2.269534
2.278522
2.287848
2.297019
2.306364
2.315541
2.324643
2.333895
2.343201
2.352201
2.361384
2.370630
2.379761
2.388971
2.398142
2.407199
2.416520
2.425658
2.434748
2.443790
2.453165
2.462276
2.471429
2.480600
2.489750
2.498780
2.508146
2.517041
2.526325
2.535535
2.544479
2.553692
2.562946
2.571967
2.581048
2.590408
2.599319
2.608627
2.617645
2.626984
2.635957
2.645191
2.654248
2.663422
2.672539
2.681632
2.690743
2.699896
2.708974
2.718100
2.727265
2.736265
2.745373
2.754646
2.763667
2.772634
2.781691
2.790964
2.799946
2.808991
2.818067
2.827097
2.836178
2.845184
2.854208
2.863277
2.872256
2.881355
2.890328
2.899281
2.908281
2.917350
2.926356
2.935260
2.944308
2.953195
2.962159
2.971138
2.980030
2.989075
2.997962
3.006845
3.015755
3.024714
3.033564
3.042441
3.051363
3.060229
3.069235
3.077980
3.086831
3.095699
3.104561
3.113376
3.122187
3.131109
3.139828
3.148675
3.157529
3.166295
3.175050
3.183924
3.192684
3.201571
3.210364
3.219062
3.227891
3.236864
3.245439
3.254256
3.263155
3.271966
3.280634
3.289523
3.298265
3.307032
3.315822
3.324568
3.333337
3.342128
3.350915
3.359783
3.368529
3.377286
3.386062
3.394924
3.403571
3.412541
3.421131
3.430026
3.438691
3.447493
3.456218
3.464963
3.473711
3.482508
3.491184
3.499924
3.508621
3.517421
3.526145
3.534828
3.543499
3.552247
3.560912
3.569687
3.578340
3.587010
3.595681
3.604450
3.613007
3.621675
3.630417
3.638995
3.647681
3.656396
3.664947
3.673522
3.682168
3.690845
3.699431
3.707994
3.716548
3.725122
3.733784
3.742221
3.750796
3.759392
3.767864
3.776343
3.785026
3.793460
3.801986
3.810498
3.818956
3.827456
3.836030
3.844467
3.852919
3.861341
3.869796
3.878248
3.886748
3.895167
3.903511
3.912010
3.920328
3.928756
3.937258
3.945671
3.954078
3.962536
3.970868
3.979260
3.987790
3.996071
4.004475
4.012954
4.021334
4.029609
4.038198
4.046551
4.054937
4.063446
4.071715
4.080140
4.088589
4.097005
4.105358
4.113780
4.122085
4.130555
4.139034
4.147459
4.155815
4.164216
4.172652
4.181059
4.189463
4.197772
4.206208
4.214648
4.223001
4.231366
4.239854
4.248162
4.256491
4.265048
4.273311
4.281637
4.290110
4.298586
4.306858
4.315325
4.323537
4.332145
4.340342
4.348782
4.357135
4.365527
4.373942
4.382275
4.390622
4.398995
4.407342
4.415773
4.423950
4.432318
4.440670
4.448964
4.457320
4.465655
4.474038
4.482172
4.490744
4.498761
4.507258
4.515491
4.523704
4.531925
4.540343
4.548585
4.556855
4.565088
4.573186
4.581545
4.589722
4.598074
4.606194
4.614466
4.622678
4.630890
4.639135
4.647326
4.655560
4.663799
4.671966
4.680112
4.688340
4.696555
4.704656
4.712823
4.720946
4.729146
4.737478
4.745534
4.753702
4.761932
4.770063
4.778248
4.786502
4.794616
4.802783
4.811016
4.819150
4.827294
4.835497
4.843721
4.851831
4.860013
4.868250
4.876378
4.884587
4.892701
4.900934
4.909137
4.917256
4.925466
4.933612
4.941722
4.949988
4.958084
4.966278
4.974508
4.982609
4.990723
4.998914
5.007093
5.015275
5.023404
5.031580
5.039711
5.047959
5.055998
5.064210
5.072302
5.080419
5.088643
5.096897
5.104825
5.112959
5.121090
5.129323
5.137242
5.145523
5.153513
5.161609
5.169734
5.177862
5.185894
5.193933
5.202097
5.210043
5.218186
5.226333
5.234251
5.242385
5.250238
5.258390
5.266423
5.274392
5.282353
5.290316
5.298397
5.306363
5.314344
5.322284
5.330227
5.338292
5.346112
5.354022
5.362003
5.369951
5.377855
5.385735
5.393584
5.401533
5.409520
5.417166
5.425088
5.432971
5.440802
5.448655
5.456541
5.464309
5.472204
5.480069
5.487774
5.495648
5.503456
5.511344
5.518966
5.526849
5.534528
5.542345
5.550161
5.557906
5.565690
5.573405
5.581218
5.588984
5.596729
5.604501
5.612206
5.620002
5.627660
5.635474
5.643135
5.651026
5.658693
5.666462
5.674111
5.681835
5.689598
5.697337
5.705028
5.712763
5.720454
5.728181
5.735905
5.743568
5.751296
5.759067
5.766623
5.774329
5.782158
5.789729
5.797411
5.805110
5.812805
5.820417
5.828171
5.835829
5.843442
5.851094
5.858707
5.866302
5.874047
5.881660
5.889294
5.896952
5.904553
5.912172
5.919838
5.927403
5.934996
5.942617
5.950219
5.957709
5.965361
5.973028
5.980539
5.988221
5.995684
6.003246
6.010790
6.018361
6.025893
6.033503
6.040924
6.048474
6.056072
6.063464
6.071008
6.078543
6.085991
6.093445
6.100959
6.108380
6.115891
6.123322
6.130740
6.138197
6.145654
6.153102
6.160443
6.167909
6.175282
6.182710
6.190101
6.197471
6.204859
6.212323
6.219630
6.227027
6.234418
6.241684
6.249069
6.256431
6.263738
6.271114
6.278484
0.002586
0.009881
0.017254
0.024508
0.031821
0.039158
0.046535
0.053791
0.061144
0.068421
0.075788
0.083027
0.090262
0.097555
0.104949
0.112175
0.119423
0.126700
0.133963
0.141306
0.148637
0.155894
0.163171
0.170464
0.177744
0.185051
0.192326
0.199657
0.206806
0.214314
0.221424
0.228725
0.235999
0.243286
0.250494
0.257799
0.265052
0.272300
0.279592
0.286944
0.294093
0.301382
0.308699
0.315880
0.323119
0.330342
0.337623
0.344903
0.352079
0.359299
0.366633
0.373767
0.380925
0.388166
0.395375
0.402583
0.409807
0.417054
0.424218
0.431558
0.438617
0.445864
0.452962
0.460185
0.467391
0.474611
0.481775
0.488911
0.496084
0.503179
0.510345
0.517506
0.524639
0.531746
0.538967
0.546016
0.553261
0.560248
0.567513
0.574509
0.581594
0.588818
0.595823
0.602929
0.609967
0.617182
0.624180
0.631266
0.638367
0.645422
0.652448
0.659522
0.666587
0.673615
0.680638
0.687709
0.694717
0.701793
0.708789
0.715785
0.722817
0.729881
0.736832
0.743783
0.750875
0.757843
0.764818
0.771847
0.778828
0.785779
0.792810
0.799815
0.806664
0.813783
0.820599
0.827631
0.834611
0.841634
0.848612
0.855656
0.862604
0.869479
0.876574
0.883528
0.890494
0.897460
0.904399
0.911382
0.918363
0.925302
0.932274
0.939276
0.946217
0.953243
0.960254
0.967070
0.974090
0.981059
0.987983
0.995074
1.002007
1.008997
1.015963
1.022976
1.029867
1.036842
1.043829
1.050768
1.057788
1.064759
1.071674
1.078685
1.085669
1.092542
1.099577
1.106569
1.113433
1.120411
1.127416
1.134388
1.141336
1.148272
1.155231
1.162206
1.169058
1.176018
1.183062
1.189968
1.196966
1.203962
1.210832
1.217780
1.224782
1.231628
1.238594
1.245535
1.252543
1.259380
1.266301
1.273201
1.280128
1.287205
1.294000
1.300980
1.307788
1.314783
1.321551
1.328607
1.335384
1.342269
1.349253
1.356108
1.363002
1.369911
1.376757
1.383669
1.390590
1.397421
1.404213
1.411145
1.417943
1.424793
1.431641
1.438485
1.445351
1.452245
1.458998
1.465835
1.472714
1.479530
1.486359
1.493330
1.500018
1.506801
1.513760
1.520460
1.527261
1.534146
1.540920
1.547739
1.554543
1.561209
1.568031
1.574892
1.581690
1.588491
1.595247
1.602012
1.608885
1.615644
1.622347
1.629228
1.636050
1.642783
1.649578
1.656391
1.663141
1.670014
1.676710
1.683571
1.690318
1.697119
1.703854
1.710691
1.717471
1.724236
1.731049
1.737862
1.744663
1.751396
1.758218
1.764989
1.771823
1.778612
1.785416
1.792154
1.799012
1.805750
1.812590
1.819415
1.826195
1.832975
1.839782
1.846553
1.853393
1.860155
1.866959
1.873683
1.880505
1.887261
1.894062
1.900860
1.907616
1.914363
1.921215
1.927950
1.934730
1.941456
1.948272
1.955038
1.961773
1.968514
1.975258
1.982092
1.988827
1.995517
2.002342
2.009071
2.015729
2.022587
2.029226
2.036129
2.042762
2.049464
2.056217
2.063000
2.069652
2.076375
2.083116
2.089794
2.096478
2.103214
2.109910
2.116615
2.123338
2.130004
2.136620
2.143388
2.150003
2.156666
2.163362
2.169999
2.176689
2.183286
2.189937
2.196565
2.203297
2.209819
2.216470
2.223101
2.229617
2.236277
2.242920
2.249487
2.256066
2.262688
2.269213
2.275810
2.282447
2.288981
2.295602
2.302032
2.308599
2.315140
2.321713
2.328241
2.334773
2.341343
2.347878
2.354391
2.360943
2.367469
2.373958
2.380448
2.387042
2.393456
2.400012
2.406507
2.412979
2.419474
2.425946
2.432477
2.438972
2.445417
2.451948
2.458465
2.464924
2.471429
2.477933
2.484408
2.490888
2.497426
2.503828
2.510354
2.516834
2.523278
2.529720
2.536239
2.542744
2.549144
2.555642
2.562083
2.568534
2.575071
2.581543
2.587930
2.594399
2.600894
2.607312
2.613807
2.620225
2.626598
2.633108
2.639517
2.645946
2.652415
2.658865
2.665253
2.671718
2.678115
2.684583
2.691001
2.697385
2.703806
2.710283
2.716629
2.723026
2.729479
2.735828
2.742266
2.748660
2.755021
2.761381
2.767859
2.774249
2.780556
2.786973
2.793328
2.799734
2.806073
2.812470
2.818878
2.825143
2.831507
2.837799
2.844279
2.850481
2.856770
2.863280
2.869509
2.875809
2.882164
2.888468
2.894736
2.901018
2.907280
2.913662
2.919890
2.926281
2.932513
2.938832
2.945132
2.951238
2.957647
2.963795
2.970078
2.976321
2.982547
2.988779
2.995074
3.001311
3.007492
3.013760
3.019857
3.026077
3.032422
3.038549
3.044739
3.050941
3.057149
3.063225
3.069463
3.075604
3.081800
3.088047
3.094147
3.100286
3.106491
3.112621
3.118679
3.124893
3.131005
3.137173
3.143273
3.149370
3.155467
3.161615
3.167703
3.173851
3.180005
3.186042
3.192178
3.198266
3.204363
3.210487
3.216605
3.222633
3.228835
3.234905
3.240984
3.247072
3.253211
3.259158
3.265315
3.271445
3.277461
3.283543
3.289643
3.295707
3.301804
3.307841
3.313935
3.319981
3.326102
3.332160
3.338224
3.344258
3.350385
3.356395
3.362429
3.368496
3.374530
3.380552
3.386535
3.392641
3.398642
3.404616
3.410707
3.416768
3.422671
3.428858
3.434736
3.440788
3.446762
3.452718
3.458815
3.464669
3.470775
3.476684
3.482724
3.488707
3.494570
3.500655
3.506554
3.512528
3.518512
3.524429
3.530475
3.536407
3.542306
3.548256
3.554188
3.560019
3.566041
3.571925
3.577854
3.583652
3.589728
3.595507
3.601490
3.607351
3.613226
3.619038
3.624985
3.630795
3.636655
3.642602
3.648292
3.654236
3.659967
3.665852
3.671637
3.677500
3.683256
3.689083
3.694862
3.700699
3.706433
3.712228
3.718088
3.723783
3.729635
3.735336
3.741032
3.746856
3.752542
3.758265
3.764008
3.769809
3.775522
3.781188
3.786976
3.792582
3.798301
3.804057
3.809707
3.815367
3.821029
3.826890
3.832441
3.838122
3.843814
3.849450
3.855103
3.860706
3.866390
3.871995
3.877622
3.883251
3.888917
3.894508
3.900143
3.905803
3.911306
3.917002
3.922572
3.928210
3.933753
3.939430
3.944928
3.950573
3.956121
3.961697
3.967321
3.972833
3.978424
3.984021
3.989575
3.995127
4.000724
4.006248
4.011806
4.017370
4.022931
4.028533
4.034031
4.039505
4.045110
4.050770
4.056130
4.061769
4.067239
4.072842
4.078256
4.083906
4.089395
4.094962
4.100448
4.105945
4.111470
4.117001
4.122480
4.128014
4.133536
4.139031
4.144498
4.150110
4.155518
4.161022
4.166583
4.171978
4.177542
4.183061
4.188559
4.194065
4.199593
4.204962
4.210549
4.216050
4.221485
4.226941
4.232427
4.237888
4.243341
4.248821
4.254262
4.259733
4.265182
4.270632
4.276073
4.281586
4.287000
4.292444
4.297909
4.303296
4.308722
4.314135
4.319582
4.325047
4.330467
4.335793
4.341205
4.346642
4.351994
4.357413
4.362842
4.368187
4.373592
4.379009
4.384369
4.389816
4.395098
4.400562
4.405820
4.411232
4.416543
4.421930
4.427308
4.432623
4.437962
4.443301
4.448661
4.453964
4.459336
4.464645
4.469948
4.475308
4.480584
4.485887
4.491199
4.496466
4.501778
4.507069
4.512324
4.517597
4.522876
4.528113
4.533366
4.538657
4.543885
4.549152
4.554386
4.559599
4.564854
4.570070
4.575289
4.580497
4.585755
4.590935
4.596145
4.601382
4.606487
4.611748
4.616914
4.622067
4.627220
4.632403
4.637541
4.642665
4.647830
4.652902
4.658080
4.663260
4.668392
4.673536
4.678564
4.683747
4.688825
4.693948
4.699029
4.704132
4.709264
4.714313
4.719412
4.724517
4.729580
4.734698
4.739800
4.744803
4.749987
4.754921
4.760053
4.765036
4.770192
4.775240
4.780292
4.785382
4.790439
4.795529
4.800581
4.805620
4.810710
4.815759
4.820771
4.825829
4.830880
4.835863
4.840953
4.845998
4.850986
4.856032
4.861104
4.866072
4.871063
4.876088
4.881082
4.886091
4.891158
4.896140
4.901134
4.906135
4.911132
4.916031
4.921103
4.926062
4.931083
4.936038
4.940997
4.945922
4.950926
4.955866
4.960858
4.965826
4.970793
4.975728
4.980674
4.985623
4.990543
4.995474
5.000430
5.005280
5.010266
5.015176
5.020066
5.025052
5.029869
5.034854
5.039735
5.044628
5.049538
5.054467
5.059311
5.064159
5.069162
5.073992
5.078873
5.083723
5.088577
5.093466
5.098344
5.103179
5.107994
5.112896
5.117737
5.122663
5.127457
5.132257
5.137113
5.141940
5.146736
5.151557
5.156381
5.161186
5.165956
5.170806
5.175550
5.180340
5.185194
5.189960
5.194754
5.199476
5.204246
5.209039
5.213731
5.218513
5.223286
5.227959
5.232723
5.237442
5.242131
5.246868
5.251562
5.256218
5.260907
5.265656
5.270276
5.274926
5.279680
5.284324
5.288935
5.293603
5.298247
5.302879
5.307519
5.312121
5.316781
5.321397
5.326002
5.330628
5.335200
5.339781
5.344347
5.348940
5.353503
5.358090
5.362644
5.367183
5.371767
5.376387
5.380863
5.385432
5.389986
5.394450
5.398968
5.403483
5.407978
5.412483
5.417077
5.421439
5.426034
5.430469
5.434942
5.439394
5.443921
5.448298
5.452840
5.457209
5.461715
5.466149
5.470607
5.475002
5.479460
5.483880
5.488302
5.492667
5.497113
5.501526
5.505924
5.510413
5.514781
5.519116
5.523496
5.527946
5.532254
5.536700
5.541011
5.545364
5.549706
5.554077
5.558367
5.562850
5.567131
5.571436
5.575801
5.580137
5.584478
5.588810
5.593080
5.597388
5.601783
5.606056
5.610331
5.614615
5.618924
5.623193
5.627558
5.631738
5.636085
5.640330
5.644618
5.648830
5.653148
5.657390
5.661638
5.665899
5.670073
5.674351
5.678614
5.682824
5.687048
5.691320
5.695473
5.699754
5.703934
5.708161
5.712344
5.716643
5.720745
5.724975
5.729167
5.733442
5.737556
5.741795
5.745963
5.750127
5.754315
5.758474
5.762653
5.766821
5.770958
5.775162
5.779282
5.783422
5.787599
5.791784
5.795928
5.800023
5.804182
5.808236
5.812478
5.816556
5.820648
5.824774
5.828893
5.833001
5.837130
5.841237
5.845282
5.849413
5.853557
5.857605
5.861670
5.865736
5.869864
5.873903
5.877999
5.882050
5.886139
5.890178
5.894210
5.898279
5.902315
5.906404
5.910368
5.914419
5.918493
5.922496
5.926559
5.930538
5.934531
5.938555
5.942543
5.946518
5.950509
5.954458
5.958458
5.962505
5.966412
5.970448
5.974409
5.978340
5.982274
5.986249
5.990207
5.994117
5.998102
6.002044
6.005957
6.009867
6.013801
6.017729
6.021642
6.025521
6.029419
6.033302
6.037164
6.041110
6.045005
6.048867
6.052684
6.056651
6.060485
6.064338
6.068213
6.072086
6.075927
6.079795
6.083600
6.087522
6.091309
6.095156
6.098976
6.102775
6.106577
6.110466
6.114310
6.118052
6.121824
6.125674
6.129494
6.133286
6.137092
6.140828
6.144579
6.148417
6.152213
6.155931
6.159688
6.163406
6.167250
6.171004
6.174707
6.178455
6.182227
6.185966
6.189735
6.193460
6.197205
6.200967
6.204670
6.208353
6.212044
6.215783
6.219495
6.223210
6.226940
6.230572
6.234287
6.238005
6.241696
6.245396
6.249087
6.252748
6.256424
6.260110
6.263756
6.267417
6.271141
6.274769
6.278433
6.282068
0.002514
0.006160
0.009836
0.013497
0.017072
0.020751
0.024412
0.028022
0.031677
0.035338
0.038892
0.042598
0.046130
0.049759
0.053390
0.056997
0.060613
0.064235
0.067825
0.071420
0.075087
0.078646
0.082260
0.085873
0.089453
0.093055
0.096596
0.100185
0.103801
0.107406
0.111019
0.114548
0.118146
0.121703
0.125277
0.128875
0.132432
0.136006
0.139562
0.143143
0.146639
0.150282
0.153761
0.157338
0.160876
0.164430
0.167962
0.171539
0.175051
0.178625
0.182187
0.185699
0.189213
0.192763
0.196287
0.199804
0.203324
0.206827
0.210419
0.213897
0.217385
0.220947
0.224435
0.227946
0.231502
0.234927
0.238411
0.241979
0.245476
0.248942
0.252415
0.255944
0.259402
0.262895
0.266385
0.269843
0.273357
0.276827
0.280311
0.283774
0.287244
0.290686
0.294159
0.297604
0.301065
0.304537
0.307983
0.311455
0.314915
0.318379
0.321797
0.325252
0.328661
0.332122
0.335606
0.338986
0.342419
0.345895
0.349289
0.352696
0.356129
0.359542
0.362966
0.366397
0.369767
0.373222
0.376595
0.380005
0.383390
0.386800
0.390167
0.393550
0.396962
0.400345
0.403728
0.407098
0.410487
0.413845
0.417213
0.420592
0.423966
0.427336
0.430728
0.434003
0.437436
0.440747
0.444117
0.447449
0.450778
0.454145
0.457459
0.460802
0.464122
0.467487
0.470800
0.474084
0.477401
0.480714
0.484067
0.487404
0.490679
0.493975
0.497267
0.500560
0.503892
0.507223
0.510462
0.513791
0.517071
0.520316
0.523582
0.526871
0.530140
0.533421
0.536705
0.539952
0.543227
0.546493
0.549731
0.553000
0.556248
0.559469
0.562770
0.566003
0.569221
0.572429
0.575686
0.578916
0.582149
0.585390
0.588620
0.591793
0.595092
0.598261
0.601500
0.604709
0.607888
0.611064
0.614275
0.617517
0.620648
0.623869
0.627081
0.630256
0.633471
0.636587
0.639790
0.642969
0.646186
0.649356
0.652529
0.655696
0.658842
0.662045
0.665175
0.668321
0.671497
0.674661
0.677777
0.680971
0.684098
0.687160
0.690363
0.693464
0.696601
0.699738
0.702848
0.705958
0.709155
0.712210
0.715404
0.718451
0.721549
0.724713
0.727799
0.730840
0.733977
0.737096
0.740197
0.743298
0.746390
0.749481
0.752543
0.755677
0.758709
0.761777
0.764872
0.767919
0.771005
0.774145
0.777186
0.780209
0.783283
0.786345
0.789386
0.792454
0.795489
0.798554
0.801595
0.804669
0.807668
0.810736
0.813741
0.816779
0.819805
0.822816
0.825872
0.828949
0.831936
0.834986
0.837979
0.840960
0.843971
0.847027
0.850002
0.853028
0.856078
0.859050
0.862052
0.865060
0.868032
0.871010
0.874022
0.877030
0.879978
0.882983
0.885964
0.888963
0.891938
0.894931
0.897921
0.900890
0.903847
0.906837
0.909791
0.912737
0.915724
0.918699
0.921710
0.924625
0.927588
0.930509
0.933463
0.936429
0.939336
0.942284
0.945259
0.948189
0.951131
0.954091
0.957006
0.959960
0.962885
0.965797
0.968733
0.971687
0.974644
0.977541
0.980486
0.983384
0.986317
0.989238
0.992153
0.995068
0.997983
1.000839
1.003766
1.006675
1.009593
1.012469
1.015387
1.018276
1.021179
1.024073
1.026952
1.029813
1.032711
1.035596
1.038487
1.041384
1.044263
1.047140
1.050058
1.052919
1.055810
1.058668
1.061545
1.064424
1.067279
1.070113
1.072963
1.075821
1.078673
1.081543
1.084414
1.087221
1.090079
1.092916
1.095757
1.098633
1.101473
1.104343
1.107160
1.109982
1.112798
1.115573
1.118467
1.121250
1.124090
1.126937
1.129738
1.132545
1.135373
1.138160
1.140982
1.143744
1.146588
1.149338
1.152172
1.154959
1.157754
1.160552
1.163360
1.166101
1.168887
1.171656
1.174469
1.177237
1.180033
1.182762
1.185578
1.188308
1.191085
1.193859
1.196598
1.199417
1.202144
1.204921
1.207689
1.210416
1.213154
1.215896
1.218661
1.221363
1.224102
1.226828
1.229555
1.232284
1.235007
1.237746
1.240484
1.243225
1.245940
1.248636
1.251381
1.254068
1.256783
1.259503
1.262223
1.264905
1.267652
1.270370
1.273009
1.275709
1.278375
1.281078
1.283798
1.286495
1.289179
1.291863
1.294536
1.297179
1.299818
1.302541
1.305205
1.307868
1.310511
1.313192
1.315859
1.318498
1.321147
1.323825
1.326486
1.329182
1.331795
1.334419
1.337119
1.339758
1.342353
1.344984
1.347608
1.350254
1.352875
1.355491
1.358097
1.360770
1.363313
1.365914
1.368542
1.371169
1.373773
1.376370
1.378980
1.381595
1.384202
1.386740
1.389313
1.391893
1.394469
1.397022
1.399602
1.402148
1.404707
1.407284
1.409806
1.412356
1.414971
1.417476
1.420077
1.422611
1.425164
1.427669
1.430206
1.432750
1.435276
1.437822
1.440351
1.442874
1.445423
1.447925
1.450466
1.452988
1.455499
1.457983
1.460500
1.462992
1.465506
1.467981
1.470497
1.473014
1.475510
1.477952
1.480423
1.482928
1.485421
1.487895
1.490358
1.492833
1.495338
1.497791
1.500221
1.502681
1.505168
1.507639
1.510090
1.512547
1.515025
1.517455
1.519887
1.522383
1.524765
1.527207
1.529624
1.532072
1.534517
1.536935
1.539365
1.541806
1.544212
1.546633
1.549057
1.551472
1.553893
1.556340
1.558689
1.561080
1.563531
1.565901
1.568286
1.570688
1.573085
1.575467
1.577864
1.580237
1.582679
1.585061
1.587433
1.589833
1.592215
1.594564
1.596916
1.599271
1.601653
1.604032
1.606416
1.608735
1.611111
1.613457
1.615782
1.618161
1.620501
1.622871
1.625247
1.627596
1.629936
1.632275
1.634657
1.636970
1.639292
1.641686
1.644017
1.646318
1.648658
1.650998
1.653326
1.655636
1.657940
1.660259
1.662583
1.664932
1.667206
1.669549
1.671886
1.674169
1.676479
1.678765
1.681111
1.683379
1.685671
1.687939
1.690258
1.692535
1.694779
1.697104
1.699423
1.701676
1.703944
1.706203
1.708459
1.710778
1.713028
1.715248
1.717558
1.719808
1.722037
1.724290
1.726504
1.728778
1.731049
1.733287
1.735520
1.737787
1.739993
1.742267
1.744478
1.746686
1.748924
1.751168
1.753376
1.755608
1.757843
1.760084
1.762289
1.764494
1.766753
1.768950
1.771152
1.773324
1.775541
1.777743
1.779927
1.782084
1.784256
1.786458
1.788661
1.790839
1.793002
1.795213
1.797406
1.799545
1.801705
1.803916
1.806059
1.808270
1.810430
1.812587
1.814762
1.816943
1.819088
1.821240
1.823427
1.825527
1.827681
1.829832
1.831960
1.834099
1.836250
1.838383
1.840507
1.842697
1.844792
1.846916
1.849094
1.851185
1.853339
1.855434
1.857552
1.859700
1.861821
1.863915
1.866019
1.868113
1.870219
1.872325
1.874411
1.876502
1.878662
1.880729
1.882800
1.884903
1.887018
1.889085
1.891144
1.893235
1.895326
1.897411
1.899446
1.901522
1.903631
1.905707
1.907775
1.909812
1.911912
1.913974
1.916011
1.918045
1.920089
1.922159
1.924229
1.926248
1.928316
1.930368
1.932381
1.934431
1.936507
1.938469
1.940510
1.942547
1.944599
1.946625
1.948671
1.950675
1.952686
1.954717
1.956757
1.958750
1.960775
1.962764
1.964763
1.966749
1.968756
1.970767
1.972750
1.974719
1.976708
1.978724
1.980723
1.982706
1.984720
1.986709
1.988674
1.990673
1.992638
1.994612
1.996560
1.998531
2.000539
2.002516
2.004454
2.006390
2.008349
2.010285
2.012253
2.014204
2.016145
2.018084
2.020058
2.021978
2.023917
2.025867
2.027758
2.029693
2.031602
2.033528
2.035440
2.037384
2.039272
2.041234
2.043098
2.045045
2.046966
2.048853
2.050726
2.052646
2.054519
2.056451
2.058318
2.060199
2.062075
2.063980
2.065859
2.067758
2.069637
2.071527
2.073349
2.075212
2.077079
2.078936
2.080818
2.082616
2.084503
2.086328
2.088197
2.090070
2.091924
2.093752
2.095613
2.097419
2.099247
2.101050
2.102857
2.104645
2.106455
2.108298
2.110146
2.111938
2.113778
2.115635
2.117406
2.119236
2.121022
2.122799
2.124566
2.126331
2.128096
2.129872
2.131634
2.133435
2.135250
2.137012
2.138828
2.140598
2.142372
2.144107
2.145883
2.147594
2.149380
2.151099
2.152810
2.154527
2.156289
2.158044
2.159803
2.161574
2.163314
2.165040
2.166784
2.168483
2.170181
2.171886
2.173588
2.175278
2.176994
2.178711
2.180443
2.182168
2.183870
2.185602
2.187322
2.189003
2.190647
2.192304
2.193964
2.195651
2.197320
2.198964
2.200654
2.202362
2.204055
2.205729
2.207422
2.209085
2.210748
2.212396
2.214011
2.215637
2.217261
2.218894
2.220494
2.222148
2.223802
2.225461
2.227103
2.228760
2.230408
2.232044
2.233635
2.235256
2.236886
2.238497
2.240070
2.241658
2.243261
2.244852
2.246455
2.248043
2.249679
2.251300
2.252911
2.254514
2.256090
2.257663
2.259251
2.260833
2.262397
2.263982
2.265543
2.267113
2.268647
2.270232
2.271780
2.273333
2.274909
2.276469
2.278066
2.279612
2.281152
2.282698
2.284259
2.285772
2.287285
2.288810
2.290326
2.291830
2.293373
2.294898
2.296459
2.298020
2.299536
2.301031
2.302574
2.304066
2.305588
2.307110
2.308590
2.310088
2.311580
2.313051
2.314558
2.316032
2.317503
2.318992
2.320499
2.321991
2.323483
2.324994
2.326456
2.327930
2.329404
2.330821
2.332262
2.333721
2.335168
2.336597
2.338062
2.339519
2.340956
2.342434
2.343905
2.345349
2.346796
2.348213
2.349636
2.351074
2.352482
2.353863
2.355293
2.356704
2.358109
2.359535
2.360910
2.362330
2.363765
2.365171
2.366567
2.367981
2.369386
2.370776
2.372185
2.373557
2.374956
2.376331
2.377691
2.379057
2.380430
2.381769
2.383126
2.384498
2.385876
2.387252
2.388630
2.389990
2.391386
2.392764
2.394095
2.395437
2.396806
2.398148
2.399449
2.400773
2.402082
2.403403
2.404737
2.406052
2.407394
2.408736
2.410067
2.411391
2.412739
2.414084
2.415403
2.416688
2.417997
2.419342
2.420625
2.421886
2.423177
2.424487
2.425763
2.427030
2.428307
2.429583
2.430880
2.432172
2.433460
2.434766
2.436090
2.437358
2.438616
2.439922
2.441178
2.442412
2.443652
2.444926
2.446172
2.447397
2.448620
2.449878
2.451160
2.452392
2.453647
2.454879
2.456140
2.457383
2.458612
2.459840
2.461107
2.462360
2.463561
2.464769
2.465997
2.467192
2.468373
2.469574
2.470773
2.472001
2.473197
2.474380
2.475593
2.476810
2.478005
2.479216
2.480435
2.481654
2.482829
2.484006
2.485193
2.486379
2.487542
2.488695
2.489857
2.491017
2.492165
2.493312
2.494472
2.495643
2.496794
2.497953
2.499112
2.500278
2.501428
2.502555
2.503720
2.504877
2.506036
2.507184
2.508322
2.509449
2.510572
2.511666
2.512765
2.513868
2.514971
2.516094
2.517176
2.518296
2.519417
2.520516
2.521616
2.522712
2.523821
2.524915
2.526005
2.527128
2.528240
2.529325
2.530412
2.531500
2.532590
2.533663
2.534714
2.535769
2.536848
2.537893
2.538936
2.539976
2.541030
2.542088
2.543139
2.544194
2.545243
2.546291
2.547334
2.548365
2.549431
2.550486
2.551546
2.552592
2.553647
2.554695
2.555720
2.556726
2.557733
2.558740
2.559717
2.560708
2.561703
2.562710
2.563713
2.564723
2.565715
2.566718
2.567695
2.568684
2.569658
2.570643
2.571659
2.572657
2.573678
2.574667
2.575670
2.576632
2.577621
2.578595
2.579547
2.580482
2.581438
2.582349
2.583290
2.584203
2.585150
2.586103
2.587044
2.588008
2.588970
2.589899
2.590837
2.591744
2.592670
2.593590
2.594495
2.595406
2.596337
2.597320
2.598255
2.599193
2.600124
2.601059
2.601952
2.602827
2.603690
2.604562
2.605436
2.606290
2.607177
2.608070
2.608987
2.609871
2.610757
2.611644
2.612504
2.613343
2.614200
2.615048
2.615932
2.616771
2.617645
2.618541
2.619461
2.620363
2.621217
2.622073
2.622948
2.623781
2.624572
2.625378
2.626196
2.627038
2.627835
2.628665
2.629501
2.630328
2.631131
2.631954
2.632787
2.633602
2.634423
2.635211
2.636014
2.636841
2.637635
2.638408
2.639205
2.640029
2.640820
2.641611
2.642435
2.643259
2.644068
2.644871
2.645653
2.646431
2.647213
2.647962
2.648708
2.649463
2.650207
2.650940
2.651690
2.652439
2.653191
2.653931
2.654689
2.655447
2.656190
2.656915
2.657661
2.658389
2.659120
2.659842
2.660552
2.661280
2.662014
2.662748
2.663461
2.664201
2.664941
2.665669
2.666403
2.667158
2.667877
2.668593
2.669303
2.670016
2.670708
2.671380
2.672042
2.672716
2.673393
2.674064
2.674708
2.675379
2.676062
2.676737
2.677381
2.678046
2.678708
2.679385
2.680017
2.680673
2.681327
2.681983
2.682612
2.683253
2.683888
2.684535
2.685168
2.685806
2.686453
2.687112
2.687747
2.688388
2.689044
2.689715
2.690369
2.691019
2.691651
2.692304
2.692930
2.693532
2.694123
2.694716
2.695309
2.695881
2.696451
2.697035
2.697622
2.698200
2.698779
2.699366
2.699935
2.700489
2.701052
2.701628
2.702188
2.702721
2.703270
2.703821
2.704363
2.704908
2.705418
2.705945
2.706472
2.706991
2.707521
2.708063
2.708611
2.709163
2.709723
2.710289
2.710856
2.711407
2.711985
2.712563
2.713124
2.713663
2.714211
2.714751
2.715269
2.715778
2.716287
2.716782
2.717279
2.717759
2.718238
2.718705
2.719191
2.719664
2.720146
2.720635
2.721111
2.721585
2.722055
2.722519
2.722975
2.723412
2.723855
2.724320
2.724781
2.725216
2.725650
2.726079
2.726519
2.726938
2.727352
2.727771
2.728188
2.728598
2.729018
2.729434
2.729836
2.730228
2.730642
2.731079
2.731493
2.731921
2.732364
2.732814
2.733254
2.733716
2.734150
2.734611
2.735067
2.735510
2.735954
2.736385
2.736816
2.737239
2.737646
2.738057
2.738458
2.738851
2.739243
2.739633
2.740010
2.740382
2.740750
2.741122
2.741481
2.741838
2.742185
2.742521
2.742868
2.743201
2.743519
2.743830
2.744157
2.744474
2.744798
2.745100
2.745388
2.745694
2.746008
2.746314
2.746605
2.746910
2.747225
2.747515
2.747800
2.748088
2.748378
2.748660
2.748930
2.749205
2.749490
2.749759
2.750023
2.750293
2.750571
2.750850
2.751090
2.751317
2.751575
2.751830
2.752051
2.752270
2.752504
2.752734
2.752956
2.753175
2.753406
2.753654
2.753897
2.754131
2.754370
2.754625
2.754880
2.755128
2.755386
2.755656
2.755925
2.756174
2.756444
2.756734
2.757010
2.757288
2.757576
2.757873
2.758169
2.758454
2.758724
2.759008
2.759296
2.759583
2.759859
2.760129
2.760398
2.760668
2.760920
2.761163
2.761396
2.761612
2.761822
2.762034
2.762238
2.762433
2.762625
2.762804
2.762975
2.763143
2.763299
2.763443
2.763586
2.763721
2.763835
2.763955
2.764069
2.764168
2.764266
2.764356
2.764437
2.764509
2.764584
2.764659
2.764719
2.764776
2.764842
2.764904
2.764952
2.764994
2.765030
2.765063
2.765099
2.765126
2.765135
2.765144
2.765156
2.765183
2.765201
2.765213
2.765219
2.765219
2.765222
2.765234
2.765234
2.765234
2.765234
2.765234
2.765234
2.765234
2.765234
2.765234
2.765234
2.765234
2.765234
2.765234
2.765234
2.765234
2.765234
2.765234
2.765234
2.765216
2.765180
2.765147
2.765096
2.765051
2.765012
2.764964
2.764908
2.764853
2.764791
2.764734
2.764680
2.764620
2.764548
2.764476
2.764416
2.764350
2.764278
2.764203
2.764120
2.764036
2.763949
2.763859
2.763754
2.763646
2.763544
2.763436
2.763329
2.763218
2.763095
2.762975
2.762861
2.762741
2.762609
2.762487
2.762355
2.762217
2.762079
2.761930
2.761768
2.761594
2.761429
2.761273
2.761102
2.760935
2.760782
2.760620
2.760455
2.760291
2.760120
2.759961
2.759802
2.759643
2.759476
2.759308
2.759146
2.758984
2.758832
2.758688
2.758541
2.758412
2.758292
2.758175
2.758055
2.757939
2.757843
2.757765
2.757687
2.757612
2.757534
2.757474
2.757420
2.757370
2.757315
2.757282
2.757265
2.757252
2.757241
2.757241
2.757232
2.757229
2.757226
2.757226
2.757226
2.757226
2.757226
2.757226
2.757226
2.757226
2.757226
2.757246
2.757321
2.757396
2.757462
2.757540
2.757639
2.757738
2.757825
2.757921
2.758017
2.758118
2.758220
2.758319
2.758415
2.758508
2.758610
2.758706
2.758799
2.758888
2.758978
2.759068
2.759167
2.759260
2.759344
2.759425
2.759518
2.759601
2.759679
2.759742
2.759799
2.759847
2.759904
2.759964
2.760000
2.760039
2.760075
2.760105
2.760129
2.760147
2.760159
2.760165
2.760171
2.760180
2.760186
2.760186
2.760186
2.760186
2.760186
2.760186
2.760186
2.760186
2.760186
2.760186
2.760186
2.760186
2.760186
2.760186
2.760180
2.760141
2.760096
2.760042
2.759997
2.759952
2.759895
2.759841
2.759796
2.759745
2.759697
2.759652
2.759598
2.759551
2.759506
2.759470
2.759434
2.759392
2.759368
2.759353
2.759332
2.759308
2.759281
2.759263
2.759254
2.759245
2.759215
2.759200
2.759185
2.759185
2.759185
2.759185
2.759185
2.759182
2.759182
2.759182
2.759182
2.759182
2.759182
2.759182
2.759182
2.759182
2.759182
2.759182
2.759182
2.759182
2.759182
2.759182
2.759182
2.759182
2.759182
2.759182
2.759182
2.759182
2.759182
2.759182
2.759182
2.759182
2.759191
2.759203
2.759218
2.759227
2.759233
2.759236
2.759248
2.759251
2.759260
2.759260
2.759263
2.759278
2.759281
2.759281
2.759281
2.759281
2.759281
2.759281
2.759281
2.759281
2.759281
2.759281
2.759281
2.759281
2.759281
2.759281
2.759281
2.759281
2.759281
2.759281
2.759281
2.759281
2.759281
2.759281
2.759281
2.759281
2.759281
2.759281
2.759281
2.759281
2.759281
2.759281
2.759281
2.759281
2.759281
2.759281
2.759281
2.759281
2.759281
2.759281
2.759281
2.759281
2.759281
2.759281
2.759281
2.759281
2.759281
2.759281
2.759281
2.759281
2.759281
2.759281
2.759281
2.759281
2.759281
2.759281
2.759281
2.759281
2.759281
2.759281
2.759281
2.759281
2.759281
2.759281
2.759281
2.759281
2.759281
2.759281
2.759281
2.759281
2.759281
2.759281
2.759281
2.759281
2.759281
2.759281
2.759281
2.759281
2.759281
2.759281
2.759281
2.759281
2.759281
2.759281
2.759281
2.759281
2.759281
2.759281
2.759281
2.759281
2.759281
2.759281
2.759281
2.759281
2.759281
2.759281
2.759281
2.759281
2.759281
2.759281
2.759281
2.759281