5.815297
5.815297
5.815297
5.815297
5.815297
5.815297
5.815312
5.815465
5.815789
5.816289
5.816963
5.817748
5.818656
5.819665
5.820897
5.822260
5.823860
5.825649
5.827683
5.829912
5.832333
5.834891
5.837627
5.840626
5.843736
5.847088
5.850579
5.854294
5.858141
5.862167
5.866356
5.870688
5.875224
5.880006
5.884941
5.890091
5.895600
5.900933
5.906632
5.912672
5.918571
5.924935
5.931523
5.937980
5.944952
5.951941
5.959042
5.966586
5.974253
5.982013
5.990006
5.998245
6.006613
6.014934
6.023757
6.032697
6.041757
6.051078
6.060438
6.070175
6.080065
6.089886
6.100213
6.110531
6.121206
6.131672
6.142802
6.153825
6.164958
6.176493
6.188111
6.199838
6.211621
6.223722
6.236111
6.248659
6.261218
6.274182
0.003928
0.017248
0.030470
0.044249
0.057842
0.071965
0.086182
0.100437
0.114941
0.129717
0.144602
0.159642
0.175015
0.190363
0.206039
0.222155
0.238040
0.254308
0.270583
0.287232
0.304253
0.321297
0.338458
0.355674
0.373521
0.391063
0.409007
0.427142
0.445445
0.463727
0.482254
0.500395
0.518764
0.537220
0.555595
0.574002
0.592545
0.610836
0.629420
0.647969
0.666227
0.684818
0.703318
0.721657
0.740005
0.758464
0.776910
0.794944
0.813801
0.831651
0.850080
0.868533
0.887099
0.905142
0.923996
0.942167
0.960548
0.979150
0.997399
1.015846
1.034457
1.052700
1.071171
1.089579
1.108346
1.126829
1.145210
1.163644
1.182142
1.200888
1.218915
1.237713
1.256184
1.274567
1.292882
1.311895
1.330144
1.348255
1.366744
1.385233
1.403619
1.422252
1.440498
1.458846
1.477259
1.495628
1.514144
1.532435
1.550780
1.569074
1.587379
1.605644
1.623985
1.642441
1.660855
1.679173
1.697760
1.716222
1.734342
1.753235
1.771595
1.789916
1.808626
1.827070
1.845747
1.864200
1.882611
1.901070
1.919819
1.938068
1.956530
1.975234
1.993564
2.012097
2.030721
2.049033
2.067480
2.086016
2.104394
2.122781
2.141069
2.159860
2.177923
2.196370
2.214733
2.233036
2.251287
2.269507
2.287803
2.305882
2.324119
2.342251
2.360335
2.378437
2.396782
2.414768
2.433061
2.451014
2.469457
2.487503
2.505734
2.523938
2.542049
2.560289
2.578319
2.596439
2.614724
2.632895
2.650902
2.669157
2.687097
2.705553
2.723580
2.742054
2.759922
2.778138
2.796174
2.814196
2.832319
2.850295
2.868331
2.886323
2.904248
2.922287
2.940318
2.958270
2.976130
2.994154
3.012001
3.029597
3.047690
3.065244
3.083050
3.100744
3.118607
3.136412
3.153883
3.171718
3.189362
3.207080
3.224691
3.242275
3.259973
3.277620
3.295123
3.313312
3.330647
3.348518
3.366405
3.384088
3.401824
3.419426
3.437073
3.454767
3.472477
3.490079
3.507881
3.525456
3.543142
3.560831
3.578717
3.596115
3.613756
3.631424
3.648945
3.666642
3.684155
3.701675
3.719190
3.736906
3.754400
3.771732
3.789169
3.806711
3.824007
3.841624
3.859022
3.876214
3.893863
3.911100
3.928525
3.945962
3.963219
3.980623
3.998099
4.015497
4.032775
4.050351
4.067605
4.085021
4.102521
4.120000
4.137443
4.155003
4.172392
4.189925
4.207551
4.224838
4.242578
4.260104
4.277596
4.295212
4.313102
4.330329
4.347931
4.365565
4.383122
4.400470
4.418449
4.435886
4.453182
4.471102
4.488443
4.505960
4.523620
4.540985
4.558826
4.576146
4.593895
4.611044
4.628493
4.646155
4.663646
4.681203
4.698436
4.716203
4.733550
4.751029
4.768529
4.786260
4.803592
4.821271
4.838838
4.856349
4.873826
4.891562
4.909461
4.926928
4.944820
4.962176
4.979952
4.998072
5.015536
5.033222
5.050913
5.068701
5.086300
5.104078
5.121893
5.139645
5.157312
5.174965
5.192606
5.210486
5.227971
5.245624
5.263402
5.281145
5.298795
5.316430
5.333921
5.351460
5.368968
5.386612
5.403948
5.421607
5.439016
5.456232
5.474052
5.491124
5.508870
5.526166
5.543492
5.560848
5.578465
5.595707
5.613138
5.630599
5.648057
5.665417
5.682862
5.700291
5.717814
5.735255
5.752617
5.770072
5.787596
5.804961
5.822455
5.839862
5.857386
5.874625
5.892071
5.909389
5.926793
5.944247
5.961517
5.978879
5.996283
6.013576
6.030825
6.048229
6.065306
6.082582
6.099728
6.116964
6.134059
6.151302
6.168376
6.185481
6.202741
6.219813
6.236905
6.253830
6.270875
0.004536
0.021691
0.038673
0.055580
0.072726
0.089555
0.106684
0.123659
0.140569
0.157587
0.174886
0.191742
0.208750
0.225711
0.242824
0.259629
0.276967
0.293997
0.310904
0.327912
0.344861
0.362019
0.379088
0.395992
0.413033
0.430102
0.447018
0.463993
0.480987
0.497951
0.514803
0.531788
0.548515
0.565521
0.582382
0.599133
0.615983
0.632968
0.649698
0.666635
0.683532
0.700127
0.716762
0.733701
0.750401
0.767002
0.783762
0.800393
0.817294
0.833976
0.850808
0.867226
0.884172
0.900995
0.917701
0.934485
0.951173
0.968146
0.984992
1.001633
1.018713
1.035467
1.052329
1.069026
1.085966
1.102791
1.119791
1.136767
1.153607
1.170538
1.187547
1.204148
1.221450
1.238270
1.254955
1.271727
1.288972
1.305837
1.322603
1.339561
1.356366
1.373323
1.390344
1.407002
1.424112
1.440681
1.457803
1.474476
1.491287
1.508095
1.525002
1.541759
1.558650
1.575341
1.592302
1.609050
1.625837
1.642878
1.659668
1.676488
1.693473
1.710422
1.727271
1.744262
1.761307
1.778174
1.795309
1.812240
1.829188
1.846374
1.863152
1.880163
1.897381
1.914324
1.931465
1.948329
1.965437
1.982679
1.999364
2.016684
2.033591
2.050732
2.067605
2.084809
2.101769
2.118697
2.135550
2.152765
2.169369
2.186513
2.203177
2.220243
2.237026
2.253927
2.270498
2.287687
2.304390
2.321126
2.337972
2.354613
2.371376
2.388168
2.404820
2.421598
2.438394
2.455061
2.471773
2.488800
2.505353
2.522092
2.539026
2.555618
2.572528
2.589384
2.605952
2.622826
2.639555
2.656280
2.672992
2.689877
2.706637
2.723328
2.740175
2.756764
2.773626
2.790296
2.806933
2.823645
2.840417
2.857069
2.873640
2.890346
2.906945
2.923561
2.940189
2.956658
2.973100
2.989830
3.006303
3.022634
3.039337
3.055729
3.072192
3.088838
3.105128
3.121279
3.137925
3.154287
3.170771
3.186932
3.203497
3.219835
3.235995
3.252285
3.268641
3.285074
3.301528
3.317976
3.334446
3.350633
3.366941
3.383395
3.399826
3.416088
3.432597
3.448787
3.465305
3.481864
3.498070
3.514470
3.530942
3.547079
3.563422
3.580056
3.596223
3.612429
3.629153
3.645116
3.661283
3.677632
3.694068
3.710220
3.726378
3.742635
3.758963
3.775145
3.791183
3.807328
3.823558
3.839827
3.855661
3.872064
3.888006
3.904077
3.920196
3.936165
3.952250
3.968411
3.984425
4.000496
4.016630
4.032712
4.048769
4.064923
4.080973
4.097185
4.113555
4.129426
4.145625
4.161881
4.177989
4.194185
4.210660
4.226605
4.242808
4.259065
4.275351
4.291581
4.307868
4.323959
4.340183
4.356403
4.372726
4.388992
4.405269
4.421448
4.437600
4.454030
4.470413
4.486291
4.502962
4.518972
4.535026
4.551486
4.567431
4.583873
4.600013
4.616000
4.632152
4.648459
4.664509
4.680691
4.696947
4.712940
4.728981
4.745220
4.761323
4.777517
4.793906
4.810016
4.826491
4.842583
4.858752
4.875066
4.891559
4.907687
4.923853
4.940260
4.956645
4.972842
4.989254
5.005523
5.021891
5.038243
5.054419
5.070762
5.087202
5.103734
5.119957
5.136505
5.152771
5.169006
5.185562
5.201717
5.217986
5.234347
5.250672
5.266899
5.283204
5.299370
5.315645
5.332033
5.348032
5.364265
5.380474
5.396404
5.412642
5.429093
5.444862
5.460972
5.477156
5.493194
5.509280
5.525288
5.541284
5.557262
5.573354
5.589481
5.605393
5.621578
5.637526
5.653597
5.669590
5.685799
5.701699
5.717826
5.733843
5.749995
5.766006
5.781993
5.798064
5.814069
5.830221
5.846222
5.862288
5.878139
5.894207
5.910422
5.926160
5.942126
5.958317
5.974112
5.990054
6.006026
6.021986
6.037940
6.053855
6.069788
6.085431
6.101328
6.117051
6.133014
6.148791
6.164580
6.180280
6.196000
6.211487
6.227213
6.243089
6.258561
6.274308
0.006963
0.022366
0.038080
0.053713
0.069119
0.084935
0.100691
0.116310
0.131665
0.147757
0.162982
0.178901
0.194456
0.210188
0.225654
0.241629
0.257008
0.272527
0.288475
0.304112
0.319700
0.335400
0.350955
0.366702
0.382483
0.397963
0.413704
0.429299
0.444726
0.460320
0.476091
0.491557
0.506993
0.523007
0.538289
0.553833
0.569382
0.584920
0.600377
0.615926
0.631380
0.646786
0.662233
0.677723
0.693036
0.708507
0.723829
0.739214
0.754671
0.769956
0.785320
0.800789
0.816099
0.831594
0.847072
0.862274
0.877587
0.893121
0.908365
0.923786
0.939264
0.954627
0.970156
0.985670
1.001060
1.016409
1.031962
1.047520
1.062911
1.078364
1.093752
1.109287
1.124986
1.140485
1.155920
1.171497
1.187169
1.202503
1.218086
1.233602
1.249260
1.264683
1.280230
1.295794
1.311227
1.326917
1.342221
1.357642
1.373371
1.388651
1.404213
1.419582
1.435267
1.450466
1.465835
1.481562
1.496731
1.512430
1.527728
1.543308
1.558650
1.574056
1.589519
1.604870
1.620498
1.635778
1.651297
1.666889
1.682253
1.697739
1.713448
1.728781
1.744445
1.759994
1.775424
1.791117
1.806670
1.822318
1.837757
1.853528
1.869039
1.884630
1.900315
1.915903
1.931536
1.947164
1.962869
1.978497
1.994130
2.009545
2.025301
2.040890
2.056298
2.072034
2.087652
2.103225
2.118745
2.134351
2.149805
2.165472
2.180766
2.196439
2.211776
2.227349
2.242725
2.258137
2.273453
2.288918
2.304306
2.319813
2.335105
2.350346
2.366051
2.381257
2.396563
2.411867
2.427315
2.442469
2.457902
2.473187
2.488545
2.503945
2.519237
2.534583
2.549985
2.565283
2.580779
2.596116
2.611474
2.626843
2.642375
2.657505
2.672872
2.688385
2.703572
2.719017
2.734396
2.749574
2.764922
2.780439
2.795518
2.810837
2.826279
2.841301
2.856808
2.872085
2.887111
2.902333
2.917742
2.932872
2.948209
2.963504
2.978389
2.993587
3.008625
3.023950
3.038723
3.053949
3.069088
3.084146
3.099121
3.113954
3.129105
3.144238
3.159177
3.173911
3.189227
3.204021
3.219005
3.233997
3.248968
3.263976
3.279034
3.293951
3.308908
3.324059
3.338865
3.353959
3.368966
3.383887
3.398861
3.413925
3.429052
3.444074
3.458911
3.473852
3.488830
3.503837
3.518772
3.533710
3.548871
3.563539
3.578744
3.593632
3.608609
3.623448
3.638435
3.653295
3.668180
3.683079
3.697844
3.712857
3.727744
3.742374
3.757120
3.772212
3.786752
3.801579
3.816197
3.831117
3.845864
3.860553
3.875261
3.889948
3.904625
3.919393
3.934079
3.948709
3.963459
3.978041
3.992676
4.007315
4.022121
4.036997
4.051483
4.066224
4.080883
4.095546
4.110262
4.125132
4.139801
4.154445
4.169279
4.184193
4.198868
4.213731
4.228400
4.243192
4.258103
4.272847
4.287638
4.302484
4.317302
4.332160
4.346951
4.361778
4.376528
4.391535
4.406123
4.420978
4.435832
4.450542
4.465367
4.480306
4.494932
4.509685
4.524542
4.539253
4.554008
4.568800
4.583493
4.598272
4.613046
4.627690
4.642503
4.657253
4.671927
4.686563
4.701453
4.715984
4.730806
4.745460
4.760182
4.774914
4.789816
4.804419
4.819384
4.834047
4.848841
4.863546
4.878439
4.893228
4.908118
4.922892
4.937740
4.952634
4.967575
4.982250
4.997281
5.012282
5.026975
5.041677
5.056732
5.071532
5.086462
5.101427
5.116314
5.131118
5.146035
5.160764
5.175987
5.190673
5.205573
5.220281
5.235174
5.250001
5.264880
5.279489
5.294370
5.309030
5.323962
5.338595
5.353389
5.368067
5.382787
5.397491
5.412190
5.426798
5.441491
5.456100
5.470550
5.485123
5.499794
5.514163
5.528874
5.543639
5.558182
5.572584
5.587318
5.601664
5.616377
5.630917
5.645409
5.659976
5.674788
5.689292
5.703814
5.718318
5.733002
5.747490
5.762186
5.776552
5.791458
5.805871
5.820483
5.835026
5.849677
5.864148
5.878700
5.893279
5.907764
5.922296
5.936787
5.951177
5.965534
5.980395
5.994497
6.009055
6.023559
6.037892
6.052330
6.066825
6.081128
6.095510
6.110034
6.124274
6.138521
6.152905
6.167112
6.181538
6.195713
6.209968
6.224154
6.238284
6.252523
6.266887
6.280893
0.012059
0.026356
0.040228
0.054453
0.068634
0.082874
0.096770
0.111088
0.125211
0.139505
0.153725
0.167743
0.182127
0.196242
0.210242
0.224366
0.238672
0.252810
0.267027
0.281354
0.295267
0.309684
0.323793
0.338054
0.352177
0.366322
0.380403
0.394679
0.408833
0.422875
0.437053
0.451020
0.465186
0.479297
0.493483
0.507622
0.521604
0.535836
0.549761
0.563882
0.577945
0.591904
0.605928
0.620208
0.633804
0.648092
0.661784
0.675925
0.689632
0.703672
0.717576
0.731691
0.745563
0.759434
0.773324
0.787178
0.801032
0.814861
0.828955
0.842800
0.856605
0.870759
0.884475
0.898397
0.912317
0.926273
0.940150
0.954145
0.968143
0.981978
0.996048
1.010060
1.023890
1.037966
1.051993
1.065943
1.079994
1.093899
1.107927
1.121927
1.136012
1.150057
1.164136
1.178208
1.192071
1.206419
1.220216
1.234348
1.248472
1.262352
1.276419
1.290437
1.304414
1.318421
1.332562
1.346775
1.360479
1.374477
1.388408
1.402526
1.416466
1.430362
1.444357
1.458504
1.472346
1.486233
1.500242
1.514147
1.528076
1.542028
1.555969
1.569945
1.583835
1.597830
1.611875
1.625537
1.639685
1.653520
1.667581
1.681599
1.695585
1.709661
1.723673
1.737587
1.751794
1.765669
1.779711
1.793760
1.808003
1.821914
1.836316
1.849999
1.864134
1.878497
1.892204
1.906537
1.920433
1.934790
1.948653
1.962929
1.976837
1.991023
2.005239
2.019156
2.033273
2.047409
2.061455
2.075416
2.089555
2.103642
2.117538
2.131790
2.145515
2.159680
2.173588
2.187535
2.201481
2.215473
2.229336
2.243396
2.257244
2.271158
2.285086
2.298937
2.312773
2.326540
2.340462
2.354268
2.368203
2.381844
2.395817
2.409512
2.423378
2.437127
2.450864
2.464933
2.478637
2.492446
2.506375
2.520082
2.533993
2.547759
2.561535
2.575404
2.589506
2.603237
2.616983
2.630975
2.644664
2.658478
2.672509
2.686216
2.700064
2.713903
2.727553
2.741481
2.755311
2.769036
2.782806
2.796588
2.810385
2.824038
2.837987
2.851532
2.865443
2.879036
2.892830
2.906507
2.920130
2.933738
2.947430
2.961113
2.974823
2.988305
3.001985
3.015527
3.029079
3.042690
3.056217
3.069750
3.083316
3.096757
3.110299
3.123826
3.137329
3.150746
3.164249
3.177653
3.191105
3.204720
3.218067
3.231513
3.245017
3.258433
3.271996
3.285442
3.298844
3.312293
3.325841
3.339162
3.352859
3.366228
3.379647
3.393288
3.406654
3.420127
3.433684
3.447109
3.460532
3.473978
3.487538
3.501104
3.514431
3.528039
3.541401
3.554809
3.568204
3.581554
3.595001
3.608471
3.621798
3.635304
3.648726
3.662068
3.675316
3.688810
3.702002
3.715271
3.728619
3.742062
3.755221
3.768580
3.781868
3.795110
3.808467
3.821392
3.834835
3.847943
3.860991
3.874368
3.887527
3.900766
3.913931
3.927015
3.940138
3.953317
3.966754
3.979604
3.992802
4.006027
4.019111
4.032165
4.045503
4.058752
4.071865
4.085111
4.098377
4.111446
4.124686
4.137883
4.151135
4.164386
4.177563
4.190886
4.204216
4.217399
4.230611
4.243911
4.257135
4.270360
4.283677
4.296938
4.310153
4.323381
4.336657
4.349956
4.363183
4.376456
4.389690
4.402926
4.416235
4.429510
4.442636
4.456043
4.469169
4.482352
4.495541
4.508837
4.521972
4.535271
4.548694
4.561646
4.574762
4.588079
4.601103
4.614181
4.627364
4.640630
4.653735
4.666897
4.680017
4.693211
4.706394
4.719289
4.732702
4.745804
4.758900
4.771912
4.785340
4.798253
4.811453
4.824717
4.837840
4.851161
4.864310
4.877439
4.890660
4.903807
4.916996
4.930355
4.943508
4.956837
4.970080
4.983442
4.996451
5.009993
5.023140
5.036430
5.049643
5.062961
5.076137
5.089622
5.102712
5.116128
5.129093
5.142476
5.155692
5.168958
5.182527
5.195389
5.208617
5.221952
5.234988
5.248291
5.261479
5.274575
5.287752
5.300931
5.314015
5.327147
5.340374
5.353305
5.366425
5.379578
5.392529
5.405613
5.418727
5.431712
5.444634
5.457751
5.470619
5.483780
5.496508
5.509627
5.522520
5.535630
5.548357
5.561582
5.574288
5.587324
5.600237
5.613231
5.626177
5.639111
5.652108
5.664973
5.677937
5.690859
5.703796
5.716751
5.729772
5.742685
5.755523
5.768523
5.781517
5.794355
5.807310
5.820175
5.833163
5.846192
5.859010
5.871845
5.884950
5.897677
5.910674
5.923443
5.936464
5.949200
5.962101
5.974936
5.987819
6.000633
6.013270
6.026135
6.038983
6.051728
6.064488
6.077275
6.089952
6.102832
6.115460
6.128184
6.140903
6.153657
6.166273
6.178869
6.191470
6.204293
6.216667
6.229235
6.241888
6.254561
6.267111
6.279686
0.008955
0.021596
0.034191
0.046616
0.059145
0.071729
0.084372
0.097123
0.109320
0.122101
0.134637
0.147052
0.159606
0.172222
0.184713
0.197275
0.209799
0.222394
0.234963
0.247600
0.260061
0.272599
0.285225
0.297805
0.310239
0.322867
0.335352
0.347884
0.360453
0.372946
0.385541
0.398014
0.410487
0.423028
0.435639
0.448015
0.460422
0.472984
0.485592
0.497975
0.510480
0.522866
0.535386
0.547721
0.560203
0.572424
0.585043
0.597306
0.609697
0.622179
0.634355
0.646732
0.659126
0.671410
0.683751
0.696119
0.708355
0.720785
0.733108
0.745356
0.757742
0.770007
0.782270
0.794467
0.806700
0.819143
0.831184
0.843603
0.855955
0.868167
0.880484
0.892702
0.905031
0.917347
0.929625
0.941885
0.954277
0.966585
0.978848
0.991248
1.003526
1.015870
1.028244
1.040437
1.052856
1.065290
1.077669
1.089965
1.102357
1.114820
1.127380
1.139592
1.151864
1.164225
1.176539
1.189078
1.201401
1.213789
1.226097
1.238522
1.250943
1.263200
1.275568
1.287984
1.300357
1.312749
1.325129
1.337344
1.349765
1.362118
1.374390
1.386737
1.399095
1.411409
1.423648
1.436088
1.448372
1.460592
1.472966
1.485199
1.497585
1.509923
1.522134
1.534478
1.546618
1.559082
1.571192
1.583589
1.595744
1.608154
1.620486
1.632614
1.644961
1.657301
1.669630
1.681827
1.694234
1.706542
1.718933
1.731283
1.743486
1.756051
1.768395
1.780691
1.793083
1.805558
1.817881
1.830243
1.842712
1.855143
1.867559
1.879819
1.892372
1.904692
1.917140
1.929574
1.941900
1.954387
1.966812
1.979201
1.991661
2.004020
2.016376
2.028726
2.041060
2.053644
2.066023
2.078235
2.090528
2.102965
2.115407
2.127592
2.140020
2.152268
2.164696
2.177018
2.189179
2.201490
2.213777
2.225920
2.238171
2.250581
2.262619
2.274822
2.287060
2.299218
2.311383
2.323735
2.335650
2.348012
2.360026
2.372211
2.384402
2.396557
2.408718
2.420786
2.432998
2.445159
2.457225
2.469436
2.481606
2.493770
2.505776
2.517987
2.530131
2.542405
2.554396
2.566431
2.578730
2.590807
2.602977
2.615099
2.627218
2.639439
2.651465
2.663596
2.675859
2.687936
2.699974
2.712141
2.724140
2.736403
2.748549
2.760596
2.772769
2.784738
2.796899
2.808989
2.821080
2.833176
2.845202
2.857381
2.869260
2.881289
2.893214
2.905375
2.917371
2.929454
2.941237
2.953243
2.965332
2.977154
2.989060
3.001117
3.012936
3.024926
3.036770
3.048700
3.060367
3.072396
3.084266
3.096041
3.107908
3.119698
3.131619
3.143420
3.155117
3.166930
3.178953
3.190500
3.202326
3.214160
3.225797
3.237649
3.249496
3.261363
3.273063
3.284849
3.296609
3.308413
3.320266
3.331905
3.343680
3.355505
3.367346
3.379240
3.391032
3.402891
3.414459
3.426542
3.438056
3.450013
3.461739
3.473433
3.485324
3.496940
3.508777
3.520423
3.532323
3.544128
3.555818
3.567695
3.579257
3.590983
3.602835
3.614376
3.626277
3.637794
3.649370
3.661121
3.672859
3.684676
3.696004
3.707964
3.719448
3.731049
3.742610
3.754244
3.765791
3.777365
3.788935
3.800422
3.812227
3.823594
3.835135
3.846768
3.858135
3.869751
3.881259
3.892638
3.904089
3.915684
3.927060
3.938607
3.950027
3.961463
3.973007
3.984431
3.995936
4.007447
4.018862
4.030417
4.041803
4.053377
4.064755
4.076437
4.087900
4.099252
4.110766
4.122366
4.133919
4.145301
4.156884
4.168296
4.179828
4.191441
4.202909
4.214382
4.225958
4.237442
4.248962
4.260571
4.272032
4.283627
4.295176
4.306699
4.318144
4.329730
4.341261
4.352757
4.364289
4.375734
4.387254
4.398837
4.410312
4.421799
4.433352
4.444955
4.456265
4.467923
4.479347
4.490956
4.502287
4.513732
4.525187
4.536751
4.548103
4.559659
4.571173
4.582489
4.594036
4.605469
4.616779
4.628131
4.639429
4.650949
4.662361
4.673779
4.685137
4.696525
4.708035
4.719292
4.730779
4.742014
4.753528
4.764733
4.776283
4.787623
4.798990
4.810486
4.821892
4.833298
4.844866
4.856119
4.867573
4.879102
4.890391
4.901902
4.913362
4.924761
4.936213
4.947771
4.959132
4.970661
4.982070
4.993692
5.004867
5.016551
5.027906
5.039456
5.051012
5.062328
5.073833
5.085263
5.096726
5.108189
5.119661
5.131145
5.142446
5.154028
5.165497
5.176721
5.188387
5.199775
5.211148
5.222516
5.233975
5.245204
5.256832
5.268127
5.279315
5.290930
5.302103
5.313479
5.324861
5.336057
5.347400
5.358671
5.369972
5.381177
5.392571
5.403672
5.414928
5.426244
5.437327
5.448547
5.459875
5.471024
5.482166
5.493323
5.504522
5.515718
5.526939
5.537958
5.549005
5.560225
5.571379
5.582441
5.593730
5.604650
5.616035
5.627079
5.638179
5.649322
5.660578
5.671576
5.682745
5.693978
5.704998
5.716122
5.727414
5.738344
5.749369
5.760721
5.771761
5.782817
5.793938
5.805150
5.816136
5.827431
5.838367
5.849518
5.860642
5.871602
5.882816
5.893878
5.904921
5.915959
5.926999
5.938034
5.949083
5.960103
5.970924
5.982223
5.993077
6.004189
6.015029
6.026070
6.036999
6.047944
6.058979
6.069818
6.080856
6.091695
6.102652
6.113447
6.124544
6.135336
6.146170
6.157018
6.167894
6.178707
6.189544
6.200303
6.211106
6.221970
6.232768
6.243428
6.254273
6.264990
6.275785
0.003311
0.014156
0.024696
0.035569
0.046331
0.057063
0.067756
0.078449
0.089205
0.100062
0.110713
0.121559
0.132147
0.142930
0.153662
0.164310
0.175051
0.185711
0.196559
0.207117
0.217987
0.228698
0.239400
0.250249
0.260822
0.271592
0.282351
0.293002
0.303800
0.314511
0.325192
0.335942
0.346620
0.357283
0.368075
0.378725
0.389373
0.400078
0.410834
0.421443
0.432247
0.442868
0.453588
0.464122
0.474740
0.485337
0.496189
0.506801
0.517305
0.527908
0.538781
0.549150
0.559738
0.570401
0.580956
0.591511
0.602183
0.612735
0.623195
0.633780
0.644299
0.654827
0.665442
0.675835
0.686334
0.696814
0.707333
0.717768
0.728503
0.738821
0.749374
0.759824
0.770205
0.780655
0.791232
0.801601
0.812192
0.822465
0.832946
0.843405
0.853999
0.864320
0.874839
0.885269
0.895725
0.906172
0.916688
0.927112
0.937625
0.948153
0.958582
0.969074
0.979626
0.990071
1.000542
1.011151
1.021559
1.032084
1.042684
1.053129
1.063591
1.074170
1.084662
1.095208
1.105781
1.116160
1.126712
1.137270
1.147804
1.158284
1.168881
1.179317
1.189896
1.200364
1.210826
1.221342
1.231915
1.242429
1.252888
1.263425
1.273995
1.284382
1.294931
1.305394
1.315970
1.326429
1.336951
1.347419
1.357882
1.368299
1.378839
1.389307
1.399763
1.410214
1.420613
1.431084
1.441528
1.452009
1.462390
1.472747
1.483240
1.493666
1.504092
1.514485
1.525002
1.535302
1.545671
1.556218
1.566419
1.576923
1.587161
1.597563
1.608232
1.618505
1.628875
1.639439
1.649769
1.660193
1.670697
1.681081
1.691465
1.701901
1.712390
1.722846
1.733219
1.743615
1.754167
1.764593
1.775002
1.785455
1.796043
1.806385
1.816883
1.827364
1.837862
1.848285
1.858858
1.869249
1.879711
1.890236
1.900662
1.911202
1.921656
1.932058
1.942532
1.953156
1.963501
1.973988
1.984567
1.994933
2.005494
2.015893
2.026350
2.036671
2.047316
2.057670
2.068190
2.078565
2.089090
2.099429
2.109808
2.120162
2.130570
2.141027
2.151408
2.161736
2.172204
2.182552
2.192811
2.203213
2.213531
2.223802
2.234135
2.244570
2.254745
2.265168
2.275403
2.285637
2.295938
2.306181
2.316476
2.326716
2.337059
2.347299
2.357513
2.367702
2.377928
2.388189
2.398283
2.408596
2.418866
2.429020
2.439149
2.449396
2.459576
2.469790
2.480255
2.490265
2.500616
2.510839
2.520963
2.531224
2.541399
2.551648
2.561817
2.571970
2.582241
2.592439
2.602767
2.612876
2.623011
2.633482
2.643531
2.653727
2.663967
2.674121
2.684361
2.694716
2.704735
2.715026
2.725171
2.735244
2.745652
2.755671
2.765854
2.776026
2.786188
2.796351
2.806436
2.816613
2.826761
2.836903
2.847071
2.857120
2.867184
2.877356
2.887497
2.897567
2.907676
2.917614
2.927734
2.937930
2.947946
2.957967
2.968007
2.977891
2.988084
2.998037
3.008065
3.018017
3.028093
3.037896
3.047903
3.057949
3.067788
3.077702
3.087712
3.097631
3.107524
3.117409
3.127349
3.137045
3.147033
3.156903
3.166831
3.176841
3.186450
3.196576
3.206388
3.216165
3.226132
3.236046
3.245915
3.255692
3.265537
3.275465
3.285433
3.295188
3.305048
3.314822
3.324811
3.334602
3.344477
3.354349
3.364293
3.374033
3.383848
3.393804
3.403628
3.413533
3.423336
3.433154
3.443056
3.452979
3.462584
3.472519
3.482343
3.492161
3.502093
3.511806
3.521672
3.531415
3.541249
3.550998
3.560855
3.570637
3.580401
3.590177
3.599836
3.609711
3.619434
3.629159
3.638836
3.648549
3.658283
3.668027
3.677767
3.687465
3.697145
3.706838
3.716533
3.726177
3.735789
3.745364
3.755065
3.764620
3.774219
3.783857
3.793439
3.803038
3.812661
3.822216
3.831860
3.841468
3.851014
3.860658
3.870153
3.879719
3.889250
3.898807
3.908170
3.917691
3.927356
3.936761
3.946288
3.955924
3.965239
3.974958
3.984446
3.993848
4.003300
4.012900
4.022394
4.032044
4.041425
4.050950
4.060324
4.069900
4.079463
4.088987
4.098482
4.108048
4.117474
4.126954
4.136523
4.146020
4.155749
4.165045
4.174663
4.184136
4.193778
4.203191
4.212722
4.222192
4.231801
4.241295
4.250795
4.260284
4.269910
4.279384
4.288944
4.298505
4.307919
4.317536
4.327093
4.336399
4.346073
4.355646
4.364999
4.374506
4.384168
4.393555
4.402977
4.412409
4.422023
4.431398
4.440883
4.450432
4.459860
4.469289
4.478705
4.488380
4.497727
4.507141
4.516579
4.526079
4.535442
4.544877
4.554293
4.563694
4.573084
4.582573
4.591840
4.601161
4.610661
4.620036
4.629410
4.638782
4.648057
4.657507
4.667002
4.676161
4.685499
4.694886
4.704291
4.713584
4.722953
4.732247
4.741654
4.751077
4.760146
4.769640
4.778856
4.788171
4.797624
4.806983
4.816253
4.825688
4.835009
4.844347
4.853659
4.863052
4.872393
4.881693
4.891092
4.900487
4.909712
4.919353
4.928506
4.937911
4.947331
4.956645
4.966017
4.975371
4.984748
4.993955
5.003354
5.012642
5.022005
5.031394
5.040868
5.050143
5.059512
5.068803
5.078163
5.087534
5.096888
5.106086
5.115589
5.124808
5.134195
5.143432
5.152666
5.162058
5.171343
5.180532
5.189865
5.199203
5.208434
5.217626
5.227004
5.236210
5.245384
5.254651
5.263948
5.273035
5.282475
5.291548
5.300689
5.309914
5.319099
5.328187
5.337396
5.346528
5.355621
5.364783
5.373876
5.383017
5.392191
5.401245
5.410413
5.419363
5.428464
5.437570
5.446581
5.455588
5.464549
5.473834
5.482582
5.491681
5.500645
5.509738
5.518693
5.527730
5.536700
5.545736
5.554709
5.563667
5.572614
5.581764
5.590680
5.599617
5.608635
5.617579
5.626549
5.635528
5.644480
5.653450
5.662466
5.671364
5.680322
5.689328
5.698226
5.707160
5.716206
5.725071
5.734005
5.742963
5.751936
5.760874
5.769853
5.778749
5.787599
5.796533
5.805464
5.814342
5.823300
5.832207
5.841201
5.849988
5.859001
5.867812
5.876678
5.885576
5.894474
5.903225
5.912184
5.921028
5.929873
5.938699
5.947540
5.956393
5.965199
5.974157
5.982897
5.991654
6.000546
6.009331
6.018034
6.026849
6.035765
6.044475
6.053091
6.062014
6.070675
6.079418
6.088184
6.096830
6.105579
6.114316
6.123025
6.131633
6.140375
6.149019
6.157753
6.166306
6.175076
6.183719
6.192396
6.200943
6.209677
6.218174
6.226697
6.235461
6.244126
6.252563
6.261077
6.269691
6.278358
0.003748
0.012338
0.020930
0.029430
0.037963
0.046592
0.055085
0.063666
0.072136
0.080753
0.089327
0.097848
0.106291
0.114938
0.123420
0.131946
0.140557
0.148928
0.157533
0.166251
0.174694
0.183215
0.191769
0.200331
0.208792
0.217301
0.225795
0.234378
0.242899
0.251369
0.259911
0.268572
0.276887
0.285494
0.294096
0.302587
0.311078
0.319733
0.328017
0.336538
0.345077
0.353574
0.362133
0.370615
0.379025
0.387540
0.395992
0.404519
0.412922
0.421482
0.429886
0.438419
0.446808
0.455260
0.463843
0.472169
0.480591
0.489040
0.497444
0.505875
0.514348
0.522725
0.531105
0.539530
0.547901
0.556281
0.564757
0.573113
0.581520
0.589894
0.598157
0.606600
0.614968
0.623189
0.631548
0.639934
0.648248
0.656508
0.664918
0.673205
0.681603
0.689791
0.698042
0.706458
0.714703
0.722987
0.731202
0.739588
0.747777
0.756148
0.764345
0.772617
0.780799
0.789071
0.797328
0.805616
0.813936
0.822085
0.830309
0.838689
0.846835
0.855047
0.863332
0.871472
0.879861
0.888067
0.896354
0.904512
0.912898
0.921078
0.929356
0.937673
0.945795
0.954070
0.962465
0.970608
0.978731
0.987177
0.995335
1.003610
1.011954
1.020133
1.028336
1.036707
1.045096
1.053222
1.061479
1.069748
1.077960
1.086328
1.094534
1.102806
1.111207
1.119518
1.127748
1.136027
1.144227
1.152559
1.160816
1.169031
1.177309
1.185530
1.193830
1.202063
1.210224
1.218547
1.226858
1.234992
1.243405
1.251582
1.259827
1.268027
1.276284
1.284568
1.292780
1.300963
1.309196
1.317390
1.325602
1.333880
1.342080
1.350260
1.358523
1.366648
1.374860
1.383102
1.391252
1.399437
1.407730
1.415885
1.424016
1.432256
1.440432
1.448515
1.456814
1.464883
1.473011
1.481193
1.489337
1.497483
1.505650
1.513808
1.521955
1.530068
1.538148
1.546283
1.554444
1.562536
1.570563
1.578793
1.586918
1.594930
1.603211
1.611231
1.619395
1.627494
1.635589
1.643825
1.651909
1.659968
1.668123
1.676347
1.684356
1.692511
1.700705
1.708813
1.716938
1.725120
1.733308
1.741392
1.749619
1.757702
1.765897
1.774025
1.782168
1.790281
1.798467
1.806586
1.814777
1.822929
1.831058
1.839189
1.847491
1.855464
1.863637
1.871747
1.879858
1.888133
1.896234
1.904533
1.912601
1.920787
1.928798
1.936908
1.945237
1.953402
1.961464
1.969616
1.977742
1.985879
1.994010
2.002156
2.010183
2.018332
2.026452
2.034463
2.042648
2.050875
2.058851
2.067048
2.075083
2.083287
2.091307
2.099402
2.107426
2.115512
2.123542
2.131676
2.139711
2.147804
2.155806
2.163893
2.171820
2.179817
2.187891
2.195890
2.203881
2.211946
2.219880
2.227888
2.235906
2.243896
2.251845
2.259904
2.267757
2.275697
2.283690
2.291641
2.299584
2.307533
2.315397
2.323379
2.331261
2.339126
2.347063
2.355134
2.362894
2.370815
2.378782
2.386575
2.394511
2.402349
2.410267
2.418159
2.426113
2.433894
2.441804
2.449680
2.457566
2.465542
2.473346
2.481157
2.489180
2.497015
2.504793
2.512813
2.520633
2.528477
2.536341
2.544251
2.552035
2.559911
2.567833
2.575695
2.583508
2.591454
2.599334
2.607036
2.615075
2.622826
2.630738
2.638504
2.646446
2.654212
2.662107
2.669971
2.677812
2.685560
2.693425
2.701241
2.709121
2.716914
2.724760
2.732616
2.740313
2.748183
2.756048
2.763832
2.771613
2.779513
2.787165
2.795090
2.802805
2.810552
2.818321
2.826117
2.833874
2.841630
2.849444
2.857117
2.864823
2.872739
2.880438
2.888105
2.895862
2.903601
2.911310
2.919028
2.926653
2.934289
2.942103
2.949752
2.957401
2.965104
2.972762
2.980489
2.988093
2.995727
3.003367
3.011049
3.018688
3.026343
3.034046
3.041429
3.049224
3.056741
3.064321
3.071898
3.079553
3.087046
3.094651
3.102252
3.109796
3.117376
3.124893
3.132431
3.140014
3.147519
3.155072
3.162580
3.170160
3.177674
3.185161
3.192585
3.200333
3.207752
3.215185
3.222711
3.230270
3.237850
3.245196
3.252929
3.260341
3.267790
3.275378
3.282854
3.290344
3.297828
3.305303
3.312859
3.320328
3.327833
3.335255
3.342901
3.350355
3.357821
3.365317
3.372810
3.380309
3.387761
3.395203
3.402648
3.410186
3.417553
3.425035
3.432534
3.439988
3.447475
3.454821
3.462392
3.469793
3.477286
3.484689
3.492077
3.499585
3.507016
3.514440
3.521864
3.529202
3.536647
3.544068
3.551447
3.558937
3.566194
3.573642
3.581006
3.588344
3.595672
3.603096
3.610434
3.617780
3.625072
3.632571
3.639801
3.647186
3.654481
3.661780
3.669108
3.676476
3.683612
3.690914
3.698338
3.705576
3.712812
3.720152
3.727337
3.734509
3.741939
3.749136
3.756315
3.763622
3.770777
3.777985
3.785277
3.792441
3.799652
3.806864
3.813938
3.821203
3.828400
3.835614
3.842619
3.849917
3.856991
3.864065
3.871354
3.878398
3.885582
3.892716
3.899769
3.906884
3.914042
3.921134
3.928180
3.935425
3.942334
3.949536
3.956574
3.963663
3.970748
3.977831
3.984935
3.992026
3.999151
4.006159
4.013274
4.020474
4.027479
4.034501
4.041671
4.048655
4.055696
4.062811
4.069846
4.076950
4.083990
4.091025
4.098021
4.105220
4.112300
4.119293
4.126358
4.133395
4.140454
4.147521
4.154490
4.161642
4.168656
4.175678
4.182737
4.189805
4.196804
4.203805
4.210945
4.217989
4.224982
4.232040
4.239066
4.246167
4.253109
4.260164
4.267133
4.274222
4.281325
4.288258
4.295293
4.302271
4.309255
4.316298
4.323348
4.330290
4.337327
4.344350
4.351274
4.358417
4.365236
4.372271
4.379237
4.386253
4.393180
4.400170
4.407115
4.414066
4.421073
4.428018
4.434960
4.441893
4.448892
4.455702
4.462644
4.469810
4.476510
4.483565
4.490381
4.497410
4.504271
4.511150
4.518032
4.524917
4.531799
4.538720
4.545571
4.552435
4.559293
4.566169
4.573040
4.579823
4.586731
4.593598
4.600414
4.607243
4.614040
4.620862
4.627771
4.634512
4.641272
4.648099
4.654883
4.661663
4.668476
4.675235
4.682015
4.688879
4.695566
4.702367
4.709117
4.715898
4.722656
4.729392
4.736154
4.742874
4.749669
4.756374
4.763157
4.769853
4.776649
4.783387
4.790200
4.796848
4.803754
4.810426
4.817146
4.823869
4.830655
4.837423
4.844099
4.850882
4.857572
4.864349
4.871069
4.877819
4.884569
4.891295
4.897950
4.904727
4.911468
4.918185
4.924845
4.931598
4.938336
4.945075
4.951669
4.958461
4.965097
4.971853
4.978472
4.985267
4.991966
4.998620
5.005328
5.012036
5.018697
5.025330
5.032101
5.038764
5.045434
5.052064
5.058703
5.065459
5.072170
5.078783
5.085452
5.092097
5.098745
5.105400
5.112012
5.118681
5.125306
5.131966
5.138581
5.145202
5.151856
5.158400
5.165045
5.171667
5.178219
5.184801
5.191441
5.198017
5.204569
5.211122
5.217656
5.224205
5.230788
5.237367
5.243737
5.250430
5.256829
5.263325
5.269868
5.276370
5.282844
5.289349
5.295790
5.302282
5.308841
5.315219
5.321694
5.328166
5.334643
5.341087
5.347460
5.353899
5.360334
5.366799
5.373163
5.379551
5.385965
5.392335
5.398711
5.405140
5.411429
5.417801
5.424174
5.430496
5.436880
5.443253
5.449500
5.455852
5.462137
5.468513
5.474816
5.481078
5.487376
5.493649
5.499983
5.506185
5.512438
5.518747
5.524929
5.531295
5.537470
5.543786
5.549991
5.556261
5.562469
5.568788
5.574954
5.581122
5.587384
5.593670
5.599788
5.606086
5.612305
5.618408
5.624703
5.630830
5.637089
5.643309
5.649543
5.655700
5.661944
5.668080
5.674291
5.680445
5.686632
5.692752
5.699005
5.705144
5.711301
5.717476
5.723669
5.729730
5.735898
5.742017
5.748200
5.754366
5.760458
5.766575
5.772729
5.778880
5.784971
5.791125
5.797201
5.803298
5.809446
5.815528
5.821550
5.827809
5.833819
5.839988
5.846007
5.852137
5.858096
5.864298
5.870299
5.876339
5.882421
5.888500
5.894582
5.900622
5.906605
5.912681
5.918745
5.924704
5.930732
5.936778
5.942815
5.948813
5.954823
5.960843
5.966817
5.972863
5.978786
5.984784
5.990833
5.996789
6.002671
6.008666
6.014613
6.020581
6.026618
6.032466
6.038444
6.044480
6.050326
6.056249
6.062205
6.068083
6.073997
6.079948
6.085826
6.091728
6.097604
6.103479
6.109297
6.115158
6.121006
6.126893
6.132768
6.138584
6.144462
6.150271
6.156048
6.161950
6.167762
6.173536
6.179345
6.185232
6.190973
6.196767
6.202573
6.208344
6.214111
6.219933
6.225679
6.231420
6.237196
6.242972
6.248734
6.254510
6.260209
6.265985
6.271722
6.277415
6.283149
0.005740
0.011487
0.017122
0.022854
0.028606
0.034290
0.039988
0.045699
0.051415
0.057099
0.062797
0.068484
0.074206
0.079911
0.085606
0.091308
0.096997
0.102657
0.108343
0.114009
0.119662
0.125388
0.131018
0.136734
0.142373
0.148056
0.153692
0.159423
0.165038
0.170703
0.176399
0.182043
0.187700
0.193443
0.199004
0.204655
0.210299
0.215989
0.221573
0.227269
0.232895
0.238483
0.244161
0.249781
0.255414
0.261070
0.266718
0.272303
0.278016
0.283535
0.289167
0.294872
0.300409
0.306026
0.311659
0.317240
0.322819
0.328422
0.334033
0.339597
0.345236
0.350817
0.356426
0.362040
0.367604
0.373150
0.378812
0.384361
0.389928
0.395548
0.401052
0.406685
0.412227
0.417746
0.423343
0.428909
0.434431
0.439944
0.445520
0.451035
0.456572
0.462172
0.467639
0.473209
0.478746
0.484244
0.489717
0.495263
0.500710
0.506283
0.511792
0.517215
0.522683
0.528193
0.533795
0.539155
0.544692
0.550157
0.555664
0.561110
0.566602
0.572031
0.577475
0.582994
0.588392
0.593860
0.599286
0.604748
0.610195
0.615582
0.621002
0.626427
0.631841
0.637384
0.642717
0.648116
0.653515
0.658959
0.664316
0.669711
0.675083
0.680497
0.685878
0.691241
0.696625
0.701952
0.707342
0.712705
0.718089
0.723524
0.728836
0.734148
0.739591
0.744874
0.750206
0.755557
0.760896
0.766211
0.771511
0.776817
0.782153
0.787555
0.792747
0.798128
0.803521
0.808755
0.814052
0.819379
0.824614
0.829949
0.835276
0.840547
0.845898
0.851213
0.856408
0.861750
0.867014
0.872320
0.877611
0.882935
0.888238
0.893496
0.898841
0.904096
0.909360
0.914672
0.919933
0.925230
0.930509
0.935806
0.941037
0.946373
0.951589
0.956847
0.962147
0.967364
0.972655
0.977955
0.983207
0.988441
0.993747
0.998957
1.004254
1.009575
1.014833
1.020100
1.025349
1.030580
1.035886
1.041106
1.046316
1.051601
1.056829
1.062039
1.067390
1.072624
1.077828
1.083086
1.088308
1.093581
1.098819
1.104050
1.109299
1.114533
1.119755
1.124971
1.130196
1.135424
1.140676
1.145872
1.151148
1.156304
1.161565
1.166775
1.172009
1.177183
1.182397
1.187610
1.192820
1.198009
1.203180
1.208408
1.213606
1.218811
1.224051
1.229276
1.234333
1.239642
1.244766
1.250006
1.255183
1.260378
1.265540
1.270753
1.275892
1.281096
1.286300
1.291378
1.296570
1.301777
1.306874
1.312054
1.317213
1.322324
1.327520
1.332679
1.337757
1.342949
1.348076
1.353154
1.358343
1.363499
1.368577
1.373641
1.378884
1.383899
1.389101
1.394155
1.399233
1.404341
1.409498
1.414543
1.419648
1.424757
1.429832
1.434874
1.440108
1.445019
1.450238
1.455226
1.460380
1.465383
1.470506
1.475561
1.480522
1.485660
1.490658
1.495673
1.500764
1.505875
1.510896
1.515975
1.520963
1.526005
1.531134
1.536015
1.541123
1.546121
1.551103
1.556191
1.561215
1.566173
1.571177
1.576252
1.581247
1.586289
1.591349
1.596212
1.601227
1.606312
1.611273
1.616277
1.621325
1.626295
1.631368
1.636290
1.641320
1.646249
1.651327
1.656319
1.661289
1.666350
1.671317
1.676287
1.681378
1.686225
1.691256
1.696262
1.701278
1.706218
1.711200
1.716174
1.721213
1.726130
1.731106
1.736194
1.741077
1.745997
1.751033
1.756010
1.761001
1.766028
1.771002
1.775960
1.780898
1.785850
1.790779
1.795785
1.800732
1.805702
1.810616
1.815604
1.820539
1.825527
1.830554
1.835495
1.840328
1.845358
1.850274
1.855239
1.860188
1.865147
1.870063
1.875058
1.880025
1.884903
1.889846
1.894754
1.899730
1.904638
1.909605
1.914480
1.919444
1.924352
1.929265
1.934203
1.939129
1.944033
1.948953
1.953830
1.958732
1.963669
1.968583
1.973418
1.978356
1.983191
1.988156
1.993019
1.997878
2.002822
2.007714
2.012574
2.017445
2.022374
2.027225
2.032060
2.036908
2.041764
2.046630
2.051547
2.056295
2.061152
2.066026
2.070817
2.075686
2.080575
2.085390
2.090250
2.095052
2.099864
2.104748
2.109577
2.114335
2.119174
2.124012
2.128782
2.133548
2.138369
2.143163
2.147974
2.152741
2.157565
2.162335
2.167131
2.171913
2.176674
2.181456
2.186201
2.190968
2.195786
2.200463
2.205205
2.210023
2.214679
2.219440
2.224155
2.228910
2.233656
2.238425
2.243135
2.247818
2.252576
2.257301
2.261939
2.266705
2.271397
2.276086
2.280763
2.285431
2.290134
2.294814
2.299476
2.304117
2.308893
2.313450
2.318219
2.322872
2.327483
2.332124
2.336789
2.341415
2.346071
2.350787
2.355338
2.359982
2.364655
2.369218
2.373835
2.378506
2.383084
2.387710
2.392333
2.396899
2.401582
2.406259
2.410795
2.415382
2.419975
2.424588
2.429175
2.433792
2.438364
2.442999
2.447634
2.452167
2.456754
2.461362
2.465919
2.470464
2.475105
2.479689
2.484186
2.488830
2.493384
2.497908
2.502588
2.507094
2.511609
2.516241
2.520720
2.525283
2.529912
2.534382
2.539023
2.543568
2.548035
2.552664
2.557236
2.561736
2.566206
2.570805
2.575323
2.579850
2.584365
2.588913
2.593425
2.597973
2.602443
2.607081
2.611530
2.616051
2.620581
2.625087
2.629624
2.634124
2.638636
2.643079
2.647636
2.652115
2.656645
2.661094
2.665585
2.670076
2.674558
2.679082
2.683484
2.688038
2.692433
2.696963
2.701406
2.705918
2.710301
2.714804
2.719284
2.723745
2.728194
2.732676
2.737068
2.741598
2.745999
2.750448
2.754892
2.759317
2.763781
2.768152
2.772655
2.777033
2.781482
2.785904
2.790284
2.794775
2.799102
2.803491
2.807889
2.812359
2.816742
2.821167
2.825554
2.829931
2.834368
2.838748
2.843081
2.847530
2.851871
2.856200
2.860626
2.864952
2.869320
2.873766
2.878039
2.882407
2.886781
2.891116
2.895494
2.899808
2.904188
2.908446
2.912889
2.917116
2.921511
2.925847
2.930143
2.934439
2.938781
2.943095
2.947454
2.951718
2.955978
2.960286
2.964595
2.968870
2.973142
2.977445
2.981717
2.986058
2.990307
2.994576
2.998816
3.003094
3.007378
3.011630
3.015887
3.020094
3.024339
3.028635
3.032821
3.037048
3.041309
3.045509
3.049757
3.053985
3.058177
3.062407
3.066640
3.070850
3.075080
3.079290
3.083412
3.087643
3.091864
3.096061
3.100214
3.104427
3.108582
3.112729
3.116926
3.121085
3.125243
3.129450
3.133581
3.137755
3.141916
3.146039
3.150218
3.154353
3.158502
3.162613
3.166801
3.170930
3.175023
3.179178
3.183292
3.187438
3.191579
3.195657
3.199809
3.203964
3.208027
3.212138
3.216254
3.220413
3.224482
3.228610
3.232733
3.236834
3.240915
3.245013
3.249097
3.253229
3.257273
3.261357
3.265486
3.269542
3.273620
3.277725
3.281778
3.285877
3.289915
3.294020
3.298035
3.302184
3.306181
3.310277
3.314333
3.318387
3.322477
3.326503
3.330548
3.334602
3.338661
3.342670
3.346757
3.350789
3.354813
3.358819
3.362863
3.366854
3.370854
3.374887
3.378937
3.382940
3.386976
3.390934
3.394903
3.398945
3.402957
3.406932
3.410950
3.414872
3.418854
3.422850
3.426742
3.430745
3.434733
3.438667
3.442585
3.446522
3.450441
3.454390
3.458321
3.462264
3.466209
3.470200
3.474059
3.477969
3.481930
3.485819
3.489722
3.493620
3.497521
3.501404
3.505368
3.509212
3.513113
3.517020
3.520843
3.524725
3.528599
3.532506
3.536335
3.540224
3.544071
3.547951
3.551789
3.555639
3.559438
3.563270
3.567072
3.570847
3.574756
3.578532
3.582330
3.586163
3.589991
3.593757
3.597613
3.601322
3.605163
3.608915
3.612666
3.616453
3.620234
3.623967
3.627736
3.631523
3.635271
3.639001
3.642728
3.646449
3.650173
3.653888
3.657624
3.661294
3.665013
3.668740
3.672434
3.676131
3.679813
3.683432
3.687183
3.690812
3.694506
3.698146
3.701816
3.705462
3.709177
3.712770
3.716428
3.720041
3.723664
3.727274
3.730899
3.734494
3.738071
3.741694
3.745286
3.748836
3.752429
3.755979
3.759571
3.763214
3.766669
3.770303
3.773832
3.777413
3.781008
3.784531
3.788106
3.791623
3.795110
3.798586
3.802151
3.805639
3.809117
3.812661
3.816116
3.819654
3.823144
3.826620
3.830080
3.833526
3.837067
3.840588
3.844036
3.847505
3.850993
3.854423
3.857878
3.861308
3.864793
3.868241
3.871711
3.875105
3.878541
3.882029
3.885402
3.888896
3.892270
3.895712
3.899223
3.902561
3.906003
3.909419
3.912786
3.916163
3.919549
3.922895
3.926311
3.929723
3.933109
3.936458
3.939865
3.943187
3.946561
3.949959
3.953344
3.956691
3.960097
3.963357
3.966787
3.970077
3.973448
3.976773
3.980174
3.983410
3.986735
3.990136
3.993398
3.996757
4.000044
4.003426
4.006644
4.009987
4.013292
4.016624
4.019928
4.023212
4.026502
4.029770
4.033021
4.036287
4.039609
4.042827
4.046171
4.049416
4.052645
4.055881
4.059123
4.062404
4.065675
4.068911
4.072174
4.075316
4.078597
4.081839
4.085045
4.088244
4.091426
4.094641
4.097880
4.101035
4.104247
4.107473
4.110685
4.113870
4.117115
4.120197
4.123421
4.126567
4.129809
4.132946
4.136122
4.139270
4.142431
4.145607
4.148768
4.151902
4.155045
4.158226
4.161378
4.164434
4.167592
4.170777
4.173863
4.177063
4.180182
4.183321
4.186387
4.189550
4.192630
4.195749
4.198892
4.201993
4.205112
4.208258
4.211347
4.214411
4.217530
4.220604
4.223720
4.226827
4.229910
4.232984
4.236094
4.239141
4.242239
4.245259
4.248384
4.251434
4.254519
4.257507
4.260563
4.263652
4.266723
4.269779
4.272850
4.275885
4.278862
4.281970
4.284981
4.287992
4.291027
4.294029
4.297022
4.300030
4.303005
4.305995
4.308997
4.311972
4.314992
4.318015
4.320963
4.323953
4.326964
4.329951
4.332905
4.335851
4.338751
4.341804
4.344728
4.347592
4.350534
4.353479
4.356484
4.359391
4.362366
4.365245
4.368148
4.371081
4.373930
4.376882
4.379836
4.382721
4.385609
4.388494
4.391353
4.394235
4.397111
4.399981
4.402882
4.405740
4.408571
4.411456
4.414335
4.417193
4.420028
4.422865
4.425756
4.428552
4.431392
4.434235
4.437021
4.439909
4.442654
4.445435
4.448296
4.451040
4.453824
4.456649
4.459429
4.462183
4.464927
4.467689
4.470469
4.473283
4.476027
4.478751
4.481504
4.484233
4.486948
4.489710
4.492439
4.495202
4.497913
4.500613
4.503348
4.506074
4.508759
4.511497
4.514257
4.516899
4.519572
4.522280
4.524989
4.527643
4.530352
4.532967
4.535598
4.538246
4.540904
4.543540
4.546198
4.548828
4.551462
4.554074
4.556675
4.559309
4.561897
4.564579
4.567155
4.569771
4.572347
4.574924
4.577507
4.580077
4.582672
4.585290
4.587813
4.590378
4.592945
4.595501
4.598044
4.600609
4.603150
4.605700
4.608237
4.610742
4.613274
4.615802
4.618304
4.620793
4.623343
4.625845
4.628337
4.630836
4.633335
4.635819
4.638294
4.640822
4.643285
4.645757
4.648213
4.650670
4.653163
4.655584
4.658038
4.660476
4.662885
4.665288
4.667733
4.670109
4.672521
4.674953
4.677344
4.679756
4.682186
4.684550
4.686932
4.689307
4.691674
4.694038
4.696420
4.698784
4.701130
4.703515
4.705837
4.708195
4.710549
4.712874
4.715235
4.717566
4.719876
4.722213
4.724535
4.726869
4.729200
4.731519
4.733832
4.736115
4.738470
4.740695
4.743015
4.745334
4.747617
4.749906
4.752222
4.754498
4.756758
4.759040
4.761309
4.763583
4.765895
4.768118
4.770390
4.772634
4.774872
4.777104
4.779342
4.781565
4.783809
4.786032
4.788270
4.790484
4.792716
4.794921
4.797153
4.799367
4.801560
4.803760
4.805971
4.808149
4.810345
4.812556
4.814719
4.816909
4.819057
4.821245
4.823408
4.825577
4.827713
4.829867
4.832051
4.834199
4.836333
4.838460
4.840620
4.842721
4.844853
4.846960
4.849051
4.851161
4.853263
4.855397
4.857500
4.859564
4.861640
4.863735
4.865799
4.867902
4.869969
4.872013
4.874089
4.876153
4.878188
4.880243
4.882308
4.884305
4.886355
4.888381
4.890420
4.892425
4.894433
4.896476
4.898468
4.900478
4.902489
4.904484
4.906483
4.908460
4.910449
4.912418
4.914377
4.916330
4.918272
4.920226
4.922170
4.924114
4.926053
4.928012
4.929947
4.931853
4.933806
4.935715
4.937668
4.939559
4.941488
4.943373
4.945272
4.947184
4.949053
4.950935
4.952823
4.954671
4.956541
4.958431
4.960298
4.962167
4.964025
4.965891
4.967743
4.969564
4.971407
4.973223
4.975071
4.976869
4.978696
4.980488
4.982301
4.984113
4.985935
4.987688
4.989476
4.991268
4.993051
4.994836
4.996643
4.998365
5.000148
5.001895
5.003677
5.005445
5.007225
5.008960
5.010676
5.012396
5.014158
5.015890
5.017627
5.019356
5.021076
5.022771
5.024437
5.026193
5.027868
5.029591
5.031286
5.032922
5.034576
5.036263
5.037917
5.039591
5.041254
5.042893
5.044526
5.046171
5.047815
5.049457
5.051111
5.052747
5.054401
5.056055
5.057654
5.059281
5.060917
5.062523
5.064144
5.065735
5.067296
5.068881
5.070468
5.072027
5.073620
5.075221
5.076793
5.078354
5.079927
5.081443
5.083010
5.084628
5.086150
5.087684
5.089242
5.090740
5.092277
5.093835
5.095345
5.096876
5.098407
5.099914
5.101424
5.102925
5.104429
5.105924
5.107458
5.108938
5.110415
5.111883
5.113357
5.114807
5.116299
5.117720
5.119194
5.120658
5.122127
5.123556
5.125027
5.126438
5.127843
5.129293
5.130723
5.132140
5.133569
5.134959
5.136379
5.137757
5.139162
5.140549
5.141943
5.143327
5.144723
5.146107
5.147473
5.148839
5.150206
5.151590
5.152965
5.154289
5.155653
5.157016
5.158343
5.159691
5.160997
5.162346
5.163646
5.164955
5.166265
5.167571
5.168880
5.170198
5.171504
5.172802
5.174129
5.175417
5.176697
5.178003
5.179261
5.180529
5.181763
5.182994
5.184241
5.185475
5.186722
5.187950
5.189178
5.190419
5.191662
5.192896
5.194122
5.195368
5.196569
5.197768
5.198978
5.200171
5.201369
5.202520
5.203671
5.204794
5.205947
5.207086
5.208218
5.209348
5.210480
5.211607
5.212733
5.213893
5.215034
5.216167
5.217323
5.218450
5.219555
5.220661
5.221757
5.222839
5.223921
5.225002
5.226054
5.227102
5.228154
5.229218
5.230251
5.231276
5.232292
5.233346
5.234347
5.235374
5.236417
5.237421
5.238449
5.239482
5.240486
5.241496
5.242505
5.243503
5.244492
5.245474
5.246433
5.247392
5.248333
5.249291
5.250220
5.251167
5.252075
5.253018
5.253932
5.254861
5.255774
5.256677
5.257581
5.258489
5.259400
5.260269
5.261149
5.262045
5.262920
5.263795
5.264673
5.265524
5.266381
5.267250
5.268083
5.268895
5.269724
5.270521
5.271318
5.272112
5.272900
5.273679
5.274449
5.275231
5.275995
5.276759
5.277553
5.278311
5.279066
5.279821
5.280567
5.281304
5.282032
5.282772
5.283509
5.284228
5.284938
5.285672
5.286403
5.287147
5.287887
5.288576
5.289298
5.289984
5.290643
5.291281
5.291940
5.292581
5.293213
5.293843
5.294460
5.295041
5.295643
5.296248
5.296860
5.297435
5.298016
5.298597
5.299185
5.299766
5.300332
5.300883
5.301446
5.301992
5.302528
5.303041
5.303595
5.304119
5.304637
5.305147
5.305662
5.306162
5.306674
5.307202
5.307726
5.308218
5.308721
5.309239
5.309770
5.310291
5.310791
5.311271
5.311762
5.312250
5.312712
5.313146
5.313599
5.314039
5.314456
5.314848
5.315243
5.315624
5.315989
5.316361
5.316723
5.317050
5.317379
5.317703
5.318027
5.318347
5.318647
5.318917
5.319201
5.319489
5.319761
5.320031
5.320307
5.320582
5.320840
5.321101
5.321346
5.321583
5.321832
5.322074
5.322311
5.322524
5.322733
5.322943
5.323159
5.323366
5.323575
5.323773
5.323977
5.324175
5.324367
5.324534
5.324717
5.324900
5.325068
5.325220
5.325373
5.325502
5.325622
5.325754
5.325876
5.325984
5.326101
5.326206
5.326308
5.326407
5.326494
5.326571
5.326662
5.326751
5.326829
5.326883
5.326943
5.327003
5.327060
5.327117
5.327165
5.327195
5.327237
5.327270
5.327297
5.327312
5.327326
5.327351
5.327374
5.327393
5.327407
5.327407
5.327407
5.327410
5.327414
5.327414
5.327414
5.327414
5.327414
5.327414
5.327414
5.327414
5.327414
5.327414
5.327414
5.327414
5.327414
5.327414
5.327414
5.327414
5.327414
5.327414
5.327414
5.327414
5.327414
5.327414
5.327414
5.327414
5.327414
5.327414
5.327414
5.327414
5.327414
5.327414
5.327414
5.327414
5.327414
5.327414
5.327414
5.327414
5.327414
5.327414
5.327414
5.327414
5.327414
5.327414
5.327414
5.327414
5.327414
5.327414
5.327414
5.327414
5.327414
5.327414
5.327414
5.327414
5.327414
5.327414
5.327414
5.327414
5.327414
5.327414
5.327414
5.327414
5.327414
5.327414
5.327414
5.327414
5.327414
5.327414
5.327414
5.327414
5.327414
5.327414
5.327414
5.327414
5.327414
5.327414
5.327414
5.327414
5.327414
5.327414
5.327414
5.327414
5.327414
5.327414
5.327414
5.327414
5.327414
5.327414
5.327414
5.327414
5.327414
5.327414
5.327414
5.327414
5.327414
5.327414
5.327414
5.327414
5.327414
5.327414
5.327414
5.327414