2.848557
2.848557
2.848557
2.848557
2.848557
2.848557
2.848557
2.848557
2.848557
2.848557
2.848605
2.848995
2.849585
2.850358
2.851272
2.852389
2.853675
2.855176
2.856931
2.858756
2.860769
2.862881
2.865113
2.867540
2.870051
2.872724
2.875621
2.878848
2.882134
2.885720
2.889546
2.893555
2.897765
2.902004
2.906483
2.911124
2.915912
2.920900
2.926083
2.931467
2.937064
2.942804
2.948847
2.954995
2.961401
2.967947
2.974581
2.981546
2.988677
2.995930
3.003316
3.011019
3.018787
3.026775
3.035020
3.043442
3.051891
3.060810
3.069460
3.078705
3.087876
3.097179
3.106761
3.116791
3.126675
3.136742
3.147111
3.157624
3.168485
3.179475
3.190596
3.201882
3.213561
3.224898
3.236930
3.249034
3.261147
3.273425
3.286068
3.298874
3.311772
3.324936
3.338245
3.351781
3.365587
3.379411
3.393510
3.407948
3.422392
3.437076
3.452050
3.467153
3.482328
3.497773
3.513334
3.529088
3.545156
3.561376
3.577693
3.594114
3.610778
3.627670
3.644768
3.662053
3.679547
3.697154
3.714582
3.732346
3.750158
3.767759
3.785535
3.803475
3.821278
3.839155
3.856997
3.874548
3.892446
3.910009
3.927758
3.945728
3.963549
3.981294
3.999268
4.017286
4.035091
4.052933
4.070898
4.088646
4.106544
4.124374
4.142203
4.160291
4.178222
4.196052
4.214142
4.232253
4.250115
4.268158
4.286299
4.304086
4.322285
4.340255
4.358435
4.376219
4.394430
4.412298
4.430502
4.448424
4.466446
4.484185
4.502261
4.519875
4.537910
4.555746
4.573575
4.591130
4.609103
4.626977
4.644648
4.662573
4.680274
4.698017
4.715930
4.733514
4.751571
4.769140
4.787138
4.804853
4.822758
4.840623
4.858477
4.876294
4.894157
4.912124
4.930157
4.948131
4.966089
4.984182
5.002027
5.019967
5.038192
5.055995
5.074031
5.092115
5.109933
5.127855
5.146239
5.163850
5.181928
5.199940
5.217881
5.235764
5.253701
5.271534
5.289279
5.307184
5.325292
5.343059
5.360754
5.378598
5.396209
5.413867
5.431760
5.449305
5.467081
5.484569
5.502206
5.519934
5.537530
5.555228
5.572925
5.590515
5.608030
5.625865
5.643587
5.661057
5.678629
5.696270
5.713824
5.731617
5.749057
5.766740
5.784554
5.802049
5.819818
5.837366
5.854875
5.872510
5.890244
5.907641
5.925360
5.943067
5.960450
5.977914
5.995765
6.012881
6.030372
6.048193
6.065483
6.082929
6.100216
6.117497
6.135072
6.152231
6.169569
6.186997
6.204062
6.221236
6.238688
6.255826
6.273067
0.007286
0.024388
0.041385
0.058926
0.075839
0.093198
0.110171
0.127455
0.144623
0.161772
0.178853
0.195969
0.213682
0.230606
0.247699
0.265130
0.282106
0.299273
0.316695
0.333545
0.350961
0.368149
0.385335
0.402361
0.419598
0.436678
0.453771
0.470986
0.487983
0.505360
0.522299
0.539302
0.556371
0.573607
0.590508
0.607444
0.624435
0.641438
0.658282
0.675281
0.692302
0.709092
0.726043
0.742896
0.759920
0.776958
0.793380
0.810382
0.827193
0.844402
0.861040
0.878024
0.894853
0.911745
0.928733
0.945813
0.962387
0.979713
0.996491
1.013416
1.030344
1.047415
1.064424
1.081379
1.098294
1.115306
1.132446
1.149377
1.166413
1.183595
1.200487
1.217621
1.234735
1.251770
1.268914
1.285784
1.302730
1.319898
1.336882
1.353789
1.370717
1.387767
1.404875
1.421925
1.438937
1.455930
1.472840
1.489864
1.506863
1.523635
1.540647
1.557389
1.574472
1.591445
1.608577
1.625322
1.642429
1.659333
1.676347
1.693446
1.710556
1.727487
1.744609
1.761462
1.778795
1.795797
1.812914
1.830012
1.847206
1.864218
1.881409
1.898598
1.915744
1.932918
1.950199
1.967201
1.984507
2.001596
2.019069
2.035928
2.053033
2.070128
2.087364
2.104412
2.121492
2.138489
2.155629
2.172737
2.189626
2.206724
2.223670
2.240661
2.257843
2.274813
2.291668
2.308539
2.325311
2.342185
2.359158
2.375942
2.392914
2.409905
2.426554
2.443413
2.460457
2.477142
2.494163
2.511261
2.527779
2.544838
2.561694
2.578475
2.595253
2.612459
2.629306
2.646129
2.663033
2.680002
2.696795
2.713750
2.730630
2.747437
2.764404
2.781191
2.797987
2.814978
2.831675
2.848489
2.865437
2.882068
2.898798
2.915657
2.932279
2.949267
2.965859
2.982442
2.998989
3.015590
3.032237
3.048748
3.065493
3.081959
3.098560
3.115278
3.131646
3.148136
3.164581
3.181048
3.197508
3.214187
3.230716
3.247243
3.263526
3.280073
3.296474
3.313420
3.329382
3.345915
3.362744
3.379213
3.395622
3.412041
3.428513
3.445123
3.461955
3.478268
3.494789
3.511261
3.527617
3.544026
3.560660
3.577378
3.593578
3.610176
3.626471
3.643010
3.659392
3.675727
3.692136
3.708677
3.724889
3.741071
3.757735
3.773982
3.790017
3.806645
3.822527
3.839203
3.855262
3.871477
3.887599
3.903939
3.920037
3.936180
3.952475
3.968588
3.984887
4.001143
4.017259
4.033420
4.049703
4.065855
4.082091
4.098311
4.114655
4.131049
4.147419
4.163652
4.179897
4.196273
4.212572
4.228909
4.245388
4.261584
4.278066
4.294197
4.310642
4.327021
4.343442
4.359597
4.376097
4.392509
4.408937
4.425235
4.441632
4.457904
4.474296
4.490786
4.506989
4.523490
4.539798
4.555947
4.572272
4.588616
4.604920
4.621051
4.637496
4.653642
4.670022
4.686377
4.702496
4.718773
4.735084
4.751293
4.767744
4.783839
4.800383
4.816442
4.832860
4.849273
4.865673
4.882238
4.898549
4.915006
4.931359
4.947744
4.964169
4.980584
4.997002
5.013511
5.030130
5.046527
5.063107
5.079541
5.095971
5.112467
5.129009
5.145400
5.161911
5.178608
5.194769
5.211418
5.227846
5.244033
5.260443
5.276915
5.293414
5.309844
5.326140
5.342474
5.358830
5.375083
5.391394
5.407762
5.423904
5.440128
5.456474
5.472602
5.488910
5.505122
5.521234
5.537410
5.553639
5.569786
5.585928
5.602278
5.618414
5.634506
5.650814
5.666645
5.683207
5.699377
5.715456
5.731543
5.747823
5.763945
5.780108
5.796467
5.812595
5.828792
5.845042
5.861191
5.877241
5.893389
5.909625
5.925600
5.941809
5.957891
5.974079
5.990192
6.006233
6.022322
6.038395
6.054430
6.070373
6.086339
6.102179
6.118165
6.134278
6.149975
6.165988
6.181706
6.197594
6.213329
6.229451
6.245147
6.260972
6.276816
0.009267
0.025170
0.040845
0.056628
0.072412
0.088396
0.103708
0.119839
0.135479
0.151022
0.166883
0.182691
0.198432
0.214479
0.230070
0.245976
0.261532
0.277414
0.293278
0.308974
0.324689
0.340388
0.356483
0.372071
0.387684
0.403425
0.419526
0.435006
0.450990
0.466558
0.482371
0.497885
0.513952
0.529499
0.545040
0.560727
0.576438
0.591958
0.607633
0.623024
0.638597
0.654153
0.669732
0.685465
0.700888
0.716483
0.731895
0.747390
0.763084
0.778202
0.793994
0.809289
0.824901
0.840397
0.855820
0.871427
0.886905
0.902631
0.917725
0.933586
0.948971
0.964475
0.979965
0.995745
1.011301
1.026853
1.042358
1.058099
1.073682
1.089189
1.104868
1.120666
1.136233
1.151816
1.167599
1.183116
1.198836
1.214308
1.230043
1.245646
1.261250
1.276808
1.292699
1.308531
1.323730
1.339743
1.355173
1.370765
1.386347
1.402038
1.417653
1.433187
1.448707
1.464224
1.480040
1.495643
1.511037
1.526628
1.542268
1.557886
1.573163
1.588800
1.604652
1.619947
1.635691
1.651276
1.666775
1.682492
1.698186
1.713696
1.729468
1.745041
1.760716
1.776643
1.792256
1.807934
1.823648
1.839423
1.855116
1.870744
1.886557
1.902385
1.918108
1.933819
1.949696
1.965245
1.981208
1.996866
2.012721
2.028426
2.044077
2.059986
2.075506
2.091211
2.107054
2.122676
2.138148
2.154099
2.169609
2.185350
2.201026
2.216431
2.232011
2.247689
2.263167
2.278782
2.294281
2.309750
2.325245
2.340663
2.356218
2.371744
2.387093
2.402765
2.418228
2.433672
2.449060
2.464775
2.479964
2.495619
2.510827
2.526589
2.541995
2.557533
2.573133
2.588323
2.603953
2.619377
2.634795
2.650198
2.665720
2.681257
2.696984
2.712420
2.727705
2.743279
2.758763
2.774195
2.789466
2.805094
2.820439
2.835812
2.851293
2.866633
2.882017
2.897357
2.912562
2.927896
2.943395
2.958390
2.973757
2.989345
3.004325
3.019464
3.034933
3.049964
3.065235
3.080455
3.095522
3.110557
3.125818
3.140757
3.155986
3.171083
3.186099
3.201160
3.216200
3.231352
3.246452
3.261567
3.276730
3.291686
3.307005
3.322039
3.337061
3.352266
3.367244
3.382350
3.397570
3.412643
3.427737
3.442921
3.458159
3.473259
3.488263
3.503348
3.518431
3.533582
3.548637
3.563659
3.578798
3.593772
3.608881
3.623970
3.638932
3.653912
3.669036
3.684047
3.698922
3.714028
3.728814
3.743767
3.758801
3.773584
3.788579
3.803418
3.818510
3.833226
3.848176
3.862818
3.877724
3.892515
3.907271
3.922224
3.936989
3.951732
3.966581
3.981549
3.996239
4.010967
4.025855
4.040616
4.055668
4.070271
4.085132
4.100082
4.114880
4.129884
4.144870
4.159551
4.174549
4.189439
4.204348
4.219250
4.234332
4.249175
4.264098
4.279075
4.293957
4.308823
4.323887
4.338835
4.353752
4.368511
4.383545
4.398453
4.413460
4.428327
4.443250
4.458254
4.473205
4.488176
4.502992
4.517852
4.532754
4.547750
4.562529
4.577500
4.592334
4.607003
4.622187
4.636919
4.651716
4.666576
4.681479
4.696279
4.711238
4.725994
4.740926
4.755547
4.770788
4.785364
4.800308
4.815261
4.830188
4.845006
4.859996
4.875027
4.889806
4.904933
4.919728
4.934711
4.949751
4.964672
4.979667
4.994695
5.009717
5.024599
5.039687
5.054656
5.069513
5.084718
5.099791
5.114741
5.129910
5.144756
5.160006
5.175025
5.189754
5.204821
5.219657
5.234769
5.249696
5.264568
5.279444
5.294361
5.309419
5.324190
5.338996
5.353770
5.368663
5.383572
5.398327
5.413092
5.427883
5.442714
5.457352
5.472099
5.486902
5.501766
5.516204
5.530885
5.545940
5.560372
5.575238
5.589853
5.604456
5.619247
5.633973
5.648588
5.663250
5.678042
5.692729
5.707466
5.722207
5.736929
5.751736
5.766377
5.780932
5.795790
5.810366
5.825016
5.839868
5.854462
5.869241
5.883943
5.898521
5.913244
5.927805
5.942552
5.957112
5.971799
5.986468
6.000933
6.015578
6.029989
6.044597
6.059218
6.073698
6.088280
6.102727
6.117129
6.131633
6.146146
6.160623
6.175043
6.189259
6.203805
6.218063
6.232555
6.246711
6.261098
6.275393
0.006492
0.020984
0.035036
0.049603
0.063687
0.078206
0.092291
0.106591
0.121158
0.135197
0.149641
0.163935
0.178271
0.192539
0.206827
0.221118
0.235433
0.249907
0.264054
0.278406
0.292811
0.307120
0.321450
0.335822
0.350077
0.364383
0.378815
0.392894
0.407275
0.421584
0.435800
0.450092
0.464335
0.478581
0.492788
0.507121
0.521230
0.535386
0.549671
0.563894
0.578092
0.592266
0.606294
0.620534
0.634676
0.648787
0.662913
0.677061
0.691127
0.705158
0.719290
0.733258
0.747255
0.761313
0.775391
0.789440
0.803533
0.817387
0.831421
0.845403
0.859619
0.873647
0.887651
0.901663
0.915834
0.929976
0.943836
0.957902
0.971981
0.986122
1.000248
1.014531
1.028363
1.042684
1.056688
1.070916
1.085097
1.099226
1.113379
1.127662
1.141734
1.155795
1.170086
1.184062
1.198416
1.212444
1.226774
1.240853
1.254910
1.269147
1.283376
1.297604
1.311733
1.325701
1.339962
1.354071
1.368191
1.382308
1.396438
1.410504
1.424670
1.438805
1.452845
1.466788
1.480939
1.495242
1.509111
1.523234
1.537309
1.551301
1.565502
1.579470
1.593575
1.607696
1.621675
1.635778
1.649949
1.663998
1.678193
1.692223
1.706476
1.720500
1.734764
1.748858
1.762912
1.777084
1.791480
1.805621
1.819855
1.833913
1.848090
1.862552
1.876763
1.890811
1.905099
1.919381
1.933640
1.947907
1.961985
1.976277
1.990568
2.004784
2.018833
2.033324
2.047454
2.061565
2.075830
2.090061
2.104133
2.118361
2.132488
2.146596
2.160849
2.174846
2.189008
2.203411
2.217192
2.231295
2.245412
2.259296
2.273413
2.287390
2.301382
2.315445
2.329398
2.343458
2.357474
2.371531
2.385439
2.399392
2.413206
2.427210
2.441160
2.455238
2.469194
2.483137
2.497075
2.511040
2.525073
2.538978
2.552984
2.566976
2.580917
2.594830
2.608861
2.622849
2.637006
2.650851
2.664755
2.678744
2.692649
2.706634
2.720593
2.734638
2.748513
2.762406
2.776565
2.790236
2.804374
2.818120
2.832079
2.845963
2.860113
2.873691
2.887593
2.901396
2.915262
2.929013
2.942894
2.956595
2.970425
2.984165
2.997869
3.011648
3.025439
3.039083
3.052721
3.066448
3.080111
3.093650
3.107408
3.120977
3.134675
3.148328
3.161684
3.175283
3.189083
3.202745
3.216197
3.230009
3.243515
3.256980
3.270657
3.284193
3.297768
3.311499
3.324978
3.338613
3.352359
3.365826
3.379417
3.393106
3.406627
3.420370
3.433834
3.447580
3.461107
3.474718
3.488221
3.501946
3.515372
3.529034
3.542573
3.556409
3.569609
3.583364
3.596798
3.610383
3.623934
3.637446
3.650871
3.664345
3.677896
3.691288
3.704731
3.718333
3.731744
3.745145
3.758621
3.772083
3.785208
3.798888
3.812074
3.825361
3.838979
3.852086
3.865401
3.878709
3.892132
3.905236
3.918865
3.931862
3.945270
3.958380
3.971851
3.984818
3.998417
4.011614
4.024872
4.038312
4.051573
4.064681
4.078241
4.091412
4.104771
4.118169
4.131436
4.144756
4.158229
4.171718
4.184834
4.198547
4.211706
4.224856
4.238458
4.251757
4.265203
4.278623
4.291949
4.305372
4.318770
4.332141
4.345753
4.358860
4.372385
4.385792
4.399124
4.412394
4.425774
4.439241
4.452640
4.466032
4.479350
4.492676
4.506081
4.519494
4.532689
4.546240
4.559494
4.572865
4.586138
4.599534
4.612719
4.626022
4.639402
4.652534
4.665974
4.679307
4.692678
4.705849
4.719094
4.732418
4.745651
4.759068
4.772166
4.785496
4.798831
4.811978
4.825550
4.838801
4.852107
4.865332
4.878748
4.892138
4.905599
4.918817
4.932425
4.945731
4.959111
4.972429
4.985944
4.999339
5.012755
5.026034
5.039594
5.052951
5.066253
5.079823
5.093077
5.106625
5.120080
5.133395
5.146748
5.160264
5.173626
5.186973
5.200384
5.213614
5.227046
5.240459
5.253770
5.266974
5.280348
5.293639
5.306830
5.320202
5.333429
5.346615
5.359993
5.373115
5.386490
5.399717
5.412768
5.425918
5.439106
5.452184
5.465385
5.478373
5.491684
5.504660
5.517720
5.530738
5.543944
5.557076
5.570106
5.583331
5.596324
5.609501
5.622384
5.635567
5.648669
5.661776
5.674800
5.687797
5.701015
5.714048
5.727138
5.740210
5.753407
5.766330
5.779545
5.792590
5.805629
5.818629
5.831617
5.844718
5.857760
5.870889
5.883883
5.896952
5.909961
5.922829
5.935939
5.949059
5.961909
5.975026
5.987924
6.000804
6.013768
6.026786
6.039660
6.052573
6.065561
6.078378
6.091237
6.104174
6.117018
6.129784
6.142709
6.155406
6.168200
6.181155
6.193819
6.206516
6.219459
6.232060
6.244770
6.257542
6.270153
6.282901
0.012538
0.025077
0.037765
0.050585
0.063223
0.075689
0.088647
0.101153
0.113739
0.126580
0.139326
0.152026
0.164765
0.177376
0.189950
0.202806
0.215443
0.228186
0.240877
0.253589
0.266221
0.278936
0.291570
0.304357
0.317034
0.329704
0.342305
0.355057
0.367700
0.380328
0.393184
0.405810
0.418420
0.431055
0.443656
0.456299
0.468970
0.481499
0.494155
0.506801
0.519384
0.531992
0.544422
0.557201
0.569637
0.582215
0.594762
0.607259
0.619803
0.632243
0.644808
0.657344
0.669870
0.682253
0.694618
0.707180
0.719620
0.731973
0.744325
0.756897
0.769321
0.781749
0.794216
0.806676
0.818990
0.831454
0.843857
0.856321
0.868847
0.881098
0.893598
0.906046
0.918411
0.930827
0.943464
0.955766
0.968089
0.980711
0.993109
1.005593
1.018270
1.030766
1.043059
1.055711
1.068091
1.080660
1.093144
1.105620
1.118221
1.130790
1.143247
1.155804
1.168393
1.180830
1.193329
1.205856
1.218199
1.230897
1.243381
1.255875
1.268299
1.280787
1.293248
1.305912
1.318241
1.330893
1.343195
1.355967
1.368248
1.380741
1.393259
1.405800
1.418165
1.430689
1.443053
1.455607
1.468023
1.480366
1.492803
1.505276
1.517646
1.530053
1.542555
1.554878
1.567300
1.579617
1.592239
1.604562
1.616951
1.629270
1.641881
1.654180
1.666784
1.679023
1.691600
1.704091
1.716420
1.729111
1.741590
1.753975
1.766523
1.779013
1.791402
1.804132
1.816629
1.829101
1.841694
1.854163
1.866711
1.879264
1.891788
1.904212
1.916970
1.929349
1.941933
1.954516
1.967037
1.979602
1.992048
2.004688
2.017071
2.029879
2.042346
2.054692
2.067270
2.079731
2.092221
2.104834
2.117247
2.129854
2.142207
2.154518
2.166904
2.179505
2.191807
2.204106
2.216647
2.229129
2.241410
2.253897
2.266166
2.278624
2.290895
2.303374
2.315556
2.327879
2.340189
2.352411
2.364766
2.377089
2.389280
2.401627
2.413902
2.426212
2.438502
2.450813
2.463052
2.475435
2.487586
2.499891
2.512211
2.524546
2.536782
2.548937
2.561167
2.573675
2.585938
2.598138
2.610416
2.622670
2.634903
2.647309
2.659737
2.671880
2.684056
2.696618
2.708719
2.720952
2.733275
2.745514
2.757867
2.770055
2.782330
2.794482
2.806798
2.818983
2.831033
2.843494
2.855586
2.867801
2.879971
2.892084
2.904455
2.916469
2.928477
2.940740
2.952952
2.964777
2.976980
2.989186
3.001122
3.013376
3.025403
3.037159
3.049293
3.061352
3.073370
3.085228
3.097389
3.109280
3.121420
3.133285
3.145191
3.157040
3.169138
3.181024
3.192933
3.204854
3.216770
3.228688
3.240747
3.252516
3.264497
3.276544
3.288310
3.300261
3.312362
3.324013
3.336052
3.348057
3.359921
3.371887
3.383860
3.395712
3.407672
3.419645
3.431572
3.443383
3.455537
3.467360
3.479260
3.491301
3.503064
3.514970
3.526924
3.538741
3.550620
3.562629
3.574349
3.586216
3.598243
3.609933
3.621884
3.633560
3.645604
3.657349
3.669156
3.680967
3.692702
3.704543
3.716260
3.728023
3.739887
3.751545
3.763238
3.774917
3.786829
3.798436
3.810055
3.821673
3.833370
3.845177
3.856781
3.868415
3.880007
3.891658
3.903307
3.914977
3.926550
3.938088
3.949767
3.961308
3.972983
3.984614
3.996179
4.007740
4.019578
4.030867
4.042672
4.054326
4.065948
4.077611
4.089209
4.100849
4.112417
4.124032
4.135795
4.147321
4.158981
4.170702
4.182267
4.194185
4.205666
4.217437
4.229125
4.240747
4.252443
4.264248
4.275864
4.287374
4.299359
4.310761
4.322440
4.334338
4.345900
4.357623
4.369194
4.380905
4.392740
4.404388
4.415989
4.427683
4.439463
4.450920
4.462638
4.474157
4.486091
4.497464
4.509244
4.520830
4.532614
4.544062
4.555593
4.567239
4.578816
4.590378
4.601999
4.613612
4.625294
4.636819
4.648283
4.659844
4.671439
4.683003
4.694434
4.706160
4.717432
4.729056
4.740561
4.752123
4.763762
4.775363
4.786982
4.798445
4.810042
4.821592
4.833169
4.844707
4.856293
4.867935
4.879671
4.890993
4.902647
4.914212
4.925855
4.937542
4.949107
4.960858
4.972300
4.984170
4.995570
5.007252
5.018951
5.030465
5.042078
5.053754
5.065465
5.077045
5.088631
5.100198
5.111985
5.123418
5.135153
5.146748
5.158397
5.169940
5.181556
5.193109
5.204626
5.216266
5.227854
5.239285
5.250819
5.262426
5.273904
5.285346
5.296830
5.308451
5.319842
5.331539
5.342936
5.354288
5.365619
5.377211
5.388560
5.400032
5.411345
5.422736
5.434139
5.445515
5.456831
5.468246
5.479499
5.490815
5.502171
5.513435
5.524731
5.536139
5.547339
5.558658
5.570154
5.581197
5.592687
5.603836
5.615202
5.626396
5.637892
5.648974
5.660293
5.671558
5.682821
5.694110
5.705453
5.716730
5.728046
5.739359
5.750502
5.761698
5.773215
5.784258
5.795727
5.806902
5.818209
5.829442
5.840749
5.851852
5.863147
5.874514
5.885537
5.896733
5.907899
5.919173
5.930361
5.941488
5.952696
5.963815
5.975209
5.986243
5.997395
6.008594
6.019718
6.030863
6.042012
6.053037
6.064150
6.075289
6.086335
6.097472
6.108620
6.119508
6.130566
6.141544
6.152443
6.163700
6.174653
6.185571
6.196524
6.207409
6.218524
6.229277
6.240330
6.251208
6.262054
6.273107
0.000827
0.011742
0.022650
0.033499
0.044417
0.055307
0.066159
0.077056
0.087877
0.098876
0.109629
0.120645
0.131491
0.142325
0.153359
0.163992
0.174964
0.185896
0.196748
0.207516
0.218712
0.229315
0.240377
0.251240
0.262032
0.272935
0.283900
0.294698
0.305616
0.316587
0.327247
0.338261
0.349112
0.359928
0.370861
0.381614
0.392516
0.403338
0.414256
0.425206
0.435782
0.446835
0.457522
0.468424
0.479288
0.489879
0.500710
0.511675
0.522311
0.533277
0.543916
0.554708
0.565527
0.576303
0.586912
0.597791
0.608514
0.619111
0.629879
0.640731
0.651235
0.661889
0.672687
0.683128
0.694033
0.704666
0.715147
0.725807
0.736580
0.747001
0.757730
0.768461
0.778984
0.789575
0.800247
0.810877
0.821426
0.831984
0.842707
0.853247
0.863985
0.874525
0.885083
0.895815
0.906421
0.917027
0.927843
0.938245
0.948953
0.959514
0.970195
0.980771
0.991458
1.002118
1.012826
1.023468
1.034029
1.044701
1.055427
1.066033
1.076675
1.087398
1.098064
1.108700
1.119398
1.130250
1.140689
1.151582
1.162131
1.172836
1.183514
1.194135
1.204903
1.215503
1.226127
1.236835
1.247516
1.258125
1.268803
1.279580
1.290021
1.300867
1.311476
1.322070
1.332712
1.343534
1.354041
1.364623
1.375268
1.385883
1.396534
1.407095
1.417668
1.428343
1.438943
1.449498
1.460089
1.470704
1.481283
1.491727
1.502531
1.513044
1.523584
1.534176
1.544698
1.555289
1.565871
1.576462
1.586972
1.597497
1.608064
1.618721
1.629294
1.639724
1.650372
1.661017
1.671578
1.682250
1.692931
1.703372
1.714068
1.724575
1.735214
1.745874
1.756459
1.767002
1.777854
1.788364
1.799006
1.809684
1.820185
1.830770
1.841484
1.852240
1.862900
1.873512
1.884217
1.894883
1.905546
1.916086
1.926794
1.937439
1.948057
1.958591
1.969428
1.980150
1.990712
2.001378
2.011867
2.022437
2.033214
2.043790
2.054483
2.065116
2.075596
2.086211
2.096928
2.107465
2.118131
2.128620
2.139217
2.149793
2.160357
2.170951
2.181339
2.191915
2.202434
2.212929
2.223565
2.233949
2.244516
2.254997
2.265438
2.275939
2.286345
2.296693
2.307212
2.317617
2.327990
2.338515
2.348848
2.359236
2.369710
2.380067
2.390508
2.400860
2.411331
2.421682
2.432079
2.442550
2.452751
2.463133
2.473586
2.483928
2.494376
2.504820
2.515102
2.525633
2.535922
2.546411
2.556726
2.567153
2.577411
2.587892
2.598222
2.608543
2.618934
2.629408
2.639765
2.650069
2.660468
2.670900
2.681255
2.691591
2.701868
2.712264
2.722660
2.732939
2.743288
2.753747
2.763886
2.774393
2.784598
2.795027
2.805246
2.815685
2.825868
2.836190
2.846526
2.856713
2.867277
2.877412
2.887569
2.897807
2.908167
2.918369
2.928522
2.938843
2.948988
2.959157
2.969385
2.979518
2.989686
2.999942
3.010105
3.020231
3.030430
3.040542
3.050632
3.060726
3.070874
3.080910
3.091046
3.100993
3.111246
3.121190
3.131451
3.141389
3.151507
3.161499
3.171553
3.181614
3.191690
3.201682
3.211763
3.221761
3.231720
3.241907
3.251916
3.261953
3.271906
3.282111
3.292037
3.302082
3.312095
3.322036
3.332163
3.342224
3.352165
3.362222
3.372256
3.382278
3.392339
3.402292
3.412325
3.422395
3.432369
3.442397
3.452502
3.462383
3.472351
3.482454
3.492407
3.502273
3.512391
3.522421
3.532308
3.542510
3.552256
3.562413
3.572174
3.582253
3.592095
3.602152
3.611949
3.621983
3.631918
3.641844
3.651644
3.661645
3.671391
3.681299
3.691264
3.701034
3.710927
3.720820
3.730563
3.740334
3.750370
3.760087
3.769836
3.779666
3.789673
3.799242
3.808988
3.818734
3.828496
3.838289
3.848048
3.857779
3.867522
3.877256
3.886877
3.896641
3.906330
3.916007
3.925756
3.935422
3.945123
3.954878
3.964516
3.974191
3.983904
3.993506
4.003120
4.012843
4.022493
4.032329
4.042069
4.051645
4.061421
4.071101
4.080763
4.090441
4.100181
4.109825
4.119577
4.129261
4.138932
4.148585
4.158400
4.167991
4.177773
4.187453
4.197178
4.206846
4.216572
4.226252
4.236010
4.245738
4.255445
4.265150
4.274797
4.284543
4.294185
4.304015
4.313698
4.323327
4.333028
4.342723
4.352323
4.362090
4.371902
4.381382
4.391236
4.400775
4.410429
4.420037
4.429885
4.439373
4.449227
4.458686
4.468486
4.478061
4.487577
4.497281
4.506991
4.516492
4.526040
4.535843
4.545413
4.554928
4.564497
4.574328
4.583628
4.593328
4.602856
4.612429
4.622022
4.631615
4.641158
4.650664
4.660087
4.669866
4.679204
4.688738
4.698373
4.707937
4.717353
4.726848
4.736408
4.745906
4.755484
4.764955
4.774461
4.783929
4.793672
4.802978
4.812661
4.822149
4.831608
4.841096
4.850708
4.860188
4.869733
4.879347
4.888827
4.898519
4.908001
4.917535
4.927137
4.936656
4.946168
4.955698
4.965412
4.974862
4.984518
4.993892
5.003579
5.013118
5.022594
5.032065
5.041721
5.051294
5.060815
5.070361
5.079999
5.089476
5.098970
5.108438
5.117953
5.127450
5.136909
5.146643
5.156111
5.165510
5.175049
5.184507
5.194182
5.203473
5.213105
5.222465
5.231974
5.241382
5.250696
5.260353
5.269685
5.279225
5.288527
5.297968
5.307286
5.316706
5.326146
5.335347
5.344931
5.354225
5.363549
5.372890
5.382193
5.391472
5.400760
5.410176
5.419330
5.428542
5.438004
5.447115
5.456450
5.465726
5.474846
5.484059
5.493485
5.502671
5.511896
5.521058
5.530241
5.539504
5.548657
5.557888
5.567059
5.576239
5.585467
5.594742
5.603787
5.612926
5.622123
5.631351
5.640531
5.649687
5.658879
5.668095
5.677254
5.686329
5.695536
5.704686
5.713794
5.722842
5.732073
5.741273
5.750448
5.759490
5.768688
5.777867
5.786957
5.796081
5.805236
5.814312
5.823534
5.832561
5.841653
5.850696
5.859972
5.868971
5.878104
5.887014
5.896197
5.905287
5.914395
5.923329
5.932617
5.941581
5.950569
5.959701
5.968704
5.977728
5.986725
5.995756
6.004717
6.013798
6.022747
6.031708
6.040697
6.049565
6.058619
6.067577
6.076448
6.085443
6.094281
6.103266
6.112155
6.121150
6.129994
6.138910
6.147848
6.156593
6.165563
6.174440
6.183264
6.192051
6.200934
6.209743
6.218557
6.227402
6.236237
6.245007
6.253794
6.262602
6.271417
6.280267
0.005698
0.014459
0.023279
0.032010
0.040710
0.049495
0.058282
0.067202
0.075788
0.084666
0.093324
0.102172
0.110851
0.119549
0.128456
0.137174
0.145875
0.154641
0.163411
0.172123
0.180896
0.189620
0.198252
0.207048
0.215830
0.224599
0.233390
0.242129
0.250860
0.259650
0.268222
0.277189
0.285731
0.294590
0.303207
0.312033
0.320728
0.329434
0.338156
0.346928
0.355530
0.364353
0.372967
0.381734
0.390488
0.399177
0.407826
0.416578
0.425107
0.434003
0.442640
0.451314
0.459892
0.468676
0.477191
0.485963
0.494541
0.503122
0.511768
0.520499
0.529106
0.537810
0.546292
0.554885
0.563534
0.572223
0.580639
0.589360
0.597893
0.606591
0.615003
0.623659
0.632186
0.640731
0.649320
0.657850
0.666392
0.674964
0.683448
0.691906
0.700535
0.709011
0.717454
0.726037
0.734510
0.742905
0.751525
0.759887
0.768440
0.776979
0.785392
0.793835
0.802287
0.810820
0.819272
0.827738
0.836154
0.844654
0.853187
0.861528
0.870112
0.878483
0.886878
0.895302
0.903853
0.912371
0.920778
0.929332
0.937846
0.946217
0.954714
0.963190
0.971630
0.980073
0.988675
0.996977
1.005548
1.014099
1.022485
1.030964
1.039461
1.047862
1.056439
1.065041
1.073469
1.082020
1.090364
1.098941
1.107393
1.115836
1.124384
1.132965
1.141279
1.149814
1.158248
1.166700
1.175185
1.183688
1.192113
1.200610
1.209130
1.217603
1.226013
1.234531
1.242968
1.251498
1.259988
1.268338
1.276778
1.285275
1.293715
1.302158
1.310610
1.319053
1.327520
1.336001
1.344375
1.352758
1.361300
1.369713
1.377985
1.386599
1.394802
1.403290
1.411715
1.420077
1.428466
1.436897
1.445265
1.453731
1.462034
1.470431
1.478814
1.487245
1.495571
1.503990
1.512286
1.520591
1.528998
1.537369
1.545683
1.554042
1.562305
1.570736
1.578946
1.587448
1.595589
1.604059
1.612301
1.620726
1.629103
1.637512
1.645764
1.654183
1.662500
1.670984
1.679343
1.687660
1.696031
1.704363
1.712702
1.720995
1.729473
1.737832
1.746188
1.754574
1.762927
1.771430
1.779705
1.788064
1.796450
1.804914
1.813276
1.821653
1.830027
1.838410
1.846733
1.855290
1.863490
1.871861
1.880298
1.888687
1.897043
1.905459
1.913764
1.922219
1.930632
1.938919
1.947317
1.955757
1.964059
1.972511
1.980831
1.989205
1.997504
2.005955
2.014228
2.022566
2.030955
2.039403
2.047693
2.056086
2.064361
2.072705
2.081043
2.089354
2.097617
2.106036
2.114227
2.122523
2.130813
2.139097
2.147366
2.155689
2.163896
2.172141
2.180428
2.188643
2.196942
2.205178
2.213378
2.221639
2.229848
2.238099
2.246200
2.254613
2.262769
2.270909
2.279145
2.287201
2.295381
2.303653
2.311769
2.319879
2.328043
2.336160
2.344315
2.352482
2.360605
2.368751
2.376894
2.384966
2.393115
2.401279
2.409413
2.417449
2.425598
2.433676
2.441783
2.449947
2.457962
2.466186
2.474278
2.482284
2.490463
2.498657
2.506695
2.514824
2.522958
2.531014
2.539122
2.547274
2.555207
2.563471
2.571563
2.579556
2.587646
2.595723
2.603863
2.611938
2.620051
2.628096
2.636203
2.644334
2.652316
2.660456
2.668635
2.676662
2.684706
2.692754
2.700810
2.708887
2.716962
2.724958
2.732973
2.741080
2.749142
2.757148
2.765249
2.773201
2.781233
2.789370
2.797337
2.805345
2.813417
2.821350
2.829341
2.837388
2.845345
2.853384
2.861288
2.869302
2.877140
2.885265
2.893127
2.901111
2.909096
2.917002
2.924996
2.932902
2.940815
2.948781
2.956772
2.964553
2.972513
2.980408
2.988291
2.996143
3.004122
3.012016
3.019806
3.027689
3.035514
3.043355
3.051229
3.059045
3.066910
3.074718
3.082492
3.090330
3.098204
3.105904
3.113705
3.121630
3.129366
3.137120
3.144912
3.152693
3.160399
3.168204
3.175946
3.183747
3.191534
3.199222
3.207026
3.214765
3.222534
3.230252
3.238063
3.245795
3.253570
3.261297
3.269036
3.276787
3.284642
3.292318
3.300114
3.307934
3.315538
3.323271
3.331084
3.338796
3.346463
3.354247
3.361998
3.369739
3.377409
3.385208
3.392881
3.400674
3.408361
3.416076
3.423776
3.431494
3.439191
3.446870
3.454552
3.462359
3.469972
3.477639
3.485375
3.493015
3.500694
3.508307
3.516043
3.523764
3.531302
3.539007
3.546680
3.554260
3.561981
3.569471
3.577222
3.584874
3.592439
3.600055
3.607629
3.615245
3.622783
3.630492
3.638003
3.645553
3.653172
3.660725
3.668293
3.675846
3.683348
3.690911
3.698467
3.705960
3.713468
3.721015
3.728490
3.735935
3.743524
3.750901
3.758367
3.765914
3.773290
3.780765
3.788238
3.795611
3.803065
3.810537
3.817952
3.825359
3.832792
3.840237
3.847592
3.855041
3.862372
3.869739
3.877127
3.884525
3.891877
3.899325
3.906489
3.914027
3.921289
3.928636
3.935973
3.943358
3.950585
3.957982
3.965403
3.972651
3.979982
3.987352
3.994687
4.002057
4.009373
4.016702
4.024006
4.031355
4.038651
4.046114
4.053356
4.060684
4.067976
4.075325
4.082627
4.089970
4.097215
4.104465
4.111817
4.119161
4.126435
4.133749
4.141089
4.148351
4.155683
4.162942
4.170312
4.177578
4.184918
4.192118
4.199491
4.206708
4.214076
4.221377
4.228526
4.235893
4.243111
4.250436
4.257666
4.265027
4.272340
4.279614
4.287009
4.294185
4.301450
4.308766
4.315963
4.323240
4.330584
4.337816
4.345219
4.352389
4.359663
4.366902
4.374191
4.381423
4.388677
4.395916
4.403166
4.410359
4.417613
4.424851
4.432087
4.439283
4.446516
4.453635
4.460903
4.468025
4.475209
4.482424
4.489506
4.496861
4.503938
4.511081
4.518245
4.525465
4.532542
4.539684
4.546872
4.553969
4.561079
4.568246
4.575349
4.582579
4.589617
4.596717
4.603710
4.611005
4.617947
4.625141
4.632103
4.639279
4.646296
4.653478
4.660459
4.667499
4.674591
4.681670
4.688735
4.695806
4.702748
4.709800
4.716940
4.723819
4.731024
4.737897
4.744887
4.752078
4.758993
4.766114
4.773032
4.780136
4.787072
4.794091
4.801276
4.808137
4.815169
4.822317
4.829160
4.836234
4.843277
4.850267
4.857203
4.864256
4.871303
4.878302
4.885318
4.892278
4.899304
4.906273
4.913275
4.920252
4.927347
4.934259
4.941246
4.948221
4.955168
4.962218
4.969208
4.976195
4.983071
4.990144
4.997101
5.004085
5.011132
5.018002
5.025022
5.032053
5.038806
5.045880
5.052795
5.059689
5.066580
5.073662
5.080568
5.087372
5.094440
5.101247
5.108339
5.115158
5.122129
5.128954
5.135905
5.142776
5.149615
5.156566
5.163430
5.170426
5.177176
5.184133
5.190952
5.197858
5.204716
5.211574
5.218363
5.225221
5.232046
5.238982
5.245708
5.252557
5.259349
5.266135
5.272939
5.279749
5.286490
5.293250
5.300050
5.306774
5.313515
5.320316
5.327063
5.333756
5.340494
5.347283
5.353940
5.360628
5.367336
5.374068
5.380761
5.387413
5.394070
5.400787
5.407486
5.414131
5.420743
5.427281
5.433905
5.440650
5.447160
5.453892
5.460450
5.467066
5.473624
5.480245
5.486813
5.493320
5.500037
5.506545
5.512989
5.519682
5.526106
5.532838
5.539328
5.545898
5.552429
5.559060
5.565459
5.572074
5.578624
5.585134
5.591722
5.598221
5.604695
5.611278
5.617749
5.624194
5.630746
5.637215
5.643731
5.650232
5.656722
5.663172
5.669713
5.676190
5.682731
5.689112
5.695599
5.702085
5.708533
5.714914
5.721443
5.727854
5.734329
5.740735
5.747185
5.753641
5.760062
5.766452
5.773041
5.779305
5.785765
5.792362
5.798621
5.805033
5.811474
5.817880
5.824219
5.830679
5.837013
5.843388
5.849740
5.856194
5.862533
5.868948
5.875347
5.881684
5.888104
5.894402
5.900703
5.907159
5.913541
5.919808
5.926190
5.932491
5.938816
5.945188
5.951474
5.957724
5.964076
5.970352
5.976605
5.982924
5.989200
5.995501
6.001906
6.008111
6.014400
6.020647
6.026858
6.033125
6.039348
6.045574
6.051815
6.058071
6.064267
6.070438
6.076685
6.082902
6.089143
6.095312
6.101436
6.107682
6.113827
6.120002
6.126129
6.132301
6.138410
6.144579
6.150778
6.156880
6.163013
6.169156
6.175264
6.181361
6.187524
6.193597
6.199727
6.205854
6.211918
6.218000
6.224118
6.230191
6.236207
6.242298
6.248368
6.254432
6.260442
6.266518
6.272540
6.278598
0.001435
0.007499
0.013557
0.019588
0.025595
0.031626
0.037618
0.043715
0.049699
0.055664
0.061719
0.067747
0.073655
0.079794
0.085771
0.091745
0.097782
0.103735
0.109781
0.115771
0.121781
0.127770
0.133861
0.139748
0.145773
0.151744
0.157727
0.163719
0.169733
0.175629
0.181780
0.187691
0.193668
0.199612
0.205571
0.211552
0.217544
0.223560
0.229498
0.235427
0.241488
0.247462
0.253451
0.259405
0.265358
0.271281
0.277189
0.283211
0.289164
0.295135
0.301065
0.307027
0.312956
0.318882
0.324817
0.330789
0.336772
0.342566
0.348525
0.354520
0.360426
0.366340
0.372221
0.378138
0.384076
0.389892
0.395848
0.401786
0.407715
0.413573
0.419484
0.425368
0.431249
0.437164
0.443039
0.448830
0.454753
0.460614
0.466528
0.472373
0.478242
0.483998
0.489915
0.495805
0.501651
0.507496
0.513341
0.519127
0.525026
0.530793
0.536609
0.542460
0.548296
0.554085
0.559969
0.565652
0.571435
0.577319
0.583033
0.588830
0.594633
0.600389
0.606171
0.611980
0.617703
0.623446
0.629244
0.634987
0.640764
0.646426
0.652283
0.657988
0.663710
0.669373
0.675122
0.680869
0.686561
0.692299
0.698039
0.703717
0.709448
0.715156
0.720836
0.726583
0.732293
0.737836
0.743609
0.749236
0.754967
0.760519
0.766346
0.771982
0.777611
0.783274
0.788877
0.794587
0.800262
0.805900
0.811542
0.817147
0.822834
0.828484
0.834108
0.839795
0.845409
0.851072
0.856680
0.862355
0.867978
0.873599
0.879262
0.884963
0.890563
0.896186
0.901807
0.907443
0.913036
0.918753
0.924292
0.929937
0.935557
0.941199
0.946817
0.952431
0.958040
0.963646
0.969275
0.974923
0.980561
0.986164
0.991746
0.997372
1.003032
1.008673
1.014252
1.019831
1.025370
1.031051
1.036665
1.042241
1.047871
1.053485
1.059067
1.064652
1.070302
1.075884
1.081504
1.087146
1.092701
1.098291
1.103951
1.109488
1.115090
1.120744
1.126259
1.131853
1.137474
1.143010
1.148601
1.154285
1.159800
1.165376
1.171054
1.176557
1.182154
1.187700
1.193248
1.198833
1.204364
1.209996
1.215506
1.221163
1.226654
1.232215
1.237773
1.243294
1.248873
1.254566
1.259959
1.265510
1.271101
1.276635
1.282123
1.287717
1.293209
1.298751
1.304258
1.309753
1.315281
1.320835
1.326348
1.331837
1.337380
1.342874
1.348429
1.353837
1.359401
1.364856
1.370438
1.375876
1.381365
1.386859
1.392354
1.397762
1.403347
1.408668
1.414231
1.419678
1.425110
1.430575
1.436082
1.441519
1.447002
1.452497
1.457860
1.463328
1.468799
1.474218
1.479710
1.485094
1.490499
1.495994
1.501444
1.506848
1.512164
1.517700
1.523051
1.528474
1.533891
1.539266
1.544686
1.550142
1.555522
1.560873
1.566290
1.571737
1.576959
1.582412
1.587799
1.593186
1.598579
1.603942
1.609365
1.614835
1.620102
1.625465
1.630888
1.636317
1.641605
1.647010
1.652361
1.657796
1.663144
1.668453
1.673858
1.679245
1.684605
1.689940
1.695351
1.700720
1.706041
1.711458
1.716776
1.722190
1.727580
1.732820
1.738225
1.743636
1.748960
1.754266
1.759731
1.764998
1.770364
1.775801
1.781146
1.786399
1.791869
1.797142
1.802562
1.807904
1.813237
1.818579
1.823891
1.829287
1.834665
1.839956
1.845205
1.850628
1.855949
1.861267
1.866627
1.871960
1.877278
1.882644
1.888022
1.893196
1.898529
1.903841
1.909243
1.914561
1.919819
1.925149
1.930518
1.935776
1.941079
1.946394
1.951715
1.957018
1.962312
1.967582
1.972885
1.978179
1.983455
1.988800
1.994085
1.999358
2.004607
2.009937
2.015231
2.020468
2.025771
2.031054
2.036240
2.041531
2.046774
2.052074
2.057332
2.062542
2.067797
2.073085
2.078283
2.083520
2.088817
2.094025
2.099280
2.104481
2.109706
2.114889
2.120204
2.125351
2.130585
2.135739
2.140913
2.146198
2.151324
2.156612
2.161774
2.166952
2.172093
2.177351
2.182456
2.187648
2.192760
2.197901
2.203117
2.208231
2.213393
2.218499
2.223628
2.228778
2.233904
2.238968
2.244148
2.249337
2.254406
2.259488
2.264593
2.269683
2.274848
2.279873
2.284969
2.290077
2.295204
2.300213
2.305366
2.310289
2.315454
2.320497
2.325545
2.330578
2.335690
2.340690
2.345804
2.350811
2.355865
2.360844
2.365902
2.370944
2.375962
2.381023
2.386020
2.391042
2.396081
2.401084
2.406115
2.411148
2.416116
2.421140
2.426176
2.431126
2.436111
2.441256
2.446196
2.451187
2.456155
2.461164
2.466288
2.471135
2.476187
2.481097
2.486140
2.491161
2.496107
2.501081
2.506078
2.511013
2.516070
2.521008
2.525933
2.530940
2.535853
2.540868
2.545839
2.550740
2.555708
2.560711
2.565607
2.570601
2.575596
2.580455
2.585444
2.590450
2.595316
2.600316
2.605182
2.610125
2.615111
2.620021
2.624914
2.629794
2.634762
2.639738
2.644685
2.649583
2.654482
2.659416
2.664366
2.669270
2.674148
2.679080
2.683966
2.688856
2.693772
2.698692
2.703536
2.708438
2.713289
2.718202
2.723130
2.727999
2.732877
2.737775
2.742671
2.747494
2.752402
2.757250
2.762127
2.766981
2.771807
2.776658
2.781569
2.786395
2.791201
2.796067
2.800902
2.805750
2.810597
2.815394
2.820221
2.825038
2.829949
2.834737
2.839557
2.844321
2.849190
2.853977
2.858792
2.863511
2.868361
2.873173
2.877934
2.882766
2.887500
2.892303
2.897180
2.901809
2.906588
2.911478
2.916202
2.920927
2.925685
2.930452
2.935170
2.939973
2.944677
2.949384
2.954139
2.958857
2.963594
2.968331
2.973056
2.977816
2.982505
2.987197
2.991910
2.996640
3.001320
3.006090
3.010752
3.015366
3.020064
3.024776
3.029441
3.034139
3.038795
3.043490
3.048146
3.052823
3.057431
3.062098
3.066817
3.071401
3.076066
3.080731
3.085333
3.089974
3.094599
3.099219
3.103830
3.108501
3.113061
3.117717
3.122289
3.126882
3.131493
3.136101
3.140673
3.145266
3.149886
3.154500
3.159066
3.163644
3.168236
3.172782
3.177413
3.181914
3.186507
3.191093
3.195611
3.200163
3.204786
3.209399
3.213881
3.218474
3.222996
3.227552
3.232133
3.236592
3.241176
3.245718
3.250293
3.254826
3.259347
3.263862
3.268392
3.272967
3.277446
3.282024
3.286515
3.291057
3.295545
3.300129
3.304575
3.309072
3.313593
3.318072
3.322563
3.327075
3.331537
3.336031
3.340534
3.345037
3.349576
3.354031
3.358483
3.362953
3.367378
3.371870
3.376364
3.380852
3.385193
3.389681
3.394151
3.398603
3.403005
3.407424
3.411891
3.416319
3.420729
3.425145
3.429619
3.434020
3.438460
3.442861
3.447259
3.451673
3.456053
3.460463
3.464882
3.469226
3.473592
3.477984
3.482469
3.486822
3.491137
3.495556
3.499909
3.504265
3.508640
3.513011
3.517388
3.521720
3.526109
3.530403
3.534714
3.539016
3.543364
3.547693
3.551962
3.556301
3.560609
3.564903
3.569196
3.573516
3.577801
3.582085
3.586384
3.590645
3.594923
3.599231
3.603456
3.607710
3.612075
3.616207
3.620500
3.624695
3.628910
3.633159
3.637353
3.641568
3.645790
3.650026
3.654209
3.658403
3.662571
3.666753
3.670951
3.675148
3.679301
3.683432
3.687615
3.691737
3.695962
3.700042
3.704249
3.708372
3.712482
3.716593
3.720706
3.724880
3.728984
3.733020
3.737191
3.741277
3.745367
3.749471
3.753519
3.757594
3.761698
3.765767
3.769830
3.773874
3.777949
3.782012
3.786110
3.790047
3.794116
3.798178
3.802175
3.806199
3.810237
3.814288
3.818279
3.822327
3.826296
3.830269
3.834284
3.838299
3.842280
3.846265
3.850238
3.854220
3.858243
3.862180
3.866141
3.870066
3.874027
3.878104
3.881954
3.885936
3.889858
3.893854
3.897758
3.901686
3.905641
3.909533
3.913500
3.917424
3.921277
3.925178
3.929166
3.933016
3.936902
3.940788
3.944725
3.948553
3.952481
3.956316
3.960196
3.964022
3.967935
3.971767
3.975635
3.979503
3.983347
3.987245
3.991080
3.994890
3.998797
4.002680
4.006485
4.010305
4.014098
4.017927
4.021801
4.025636
4.029396
4.033216
4.037000
4.040859
4.044646
4.048448
4.052238
4.056088
4.059839
4.063653
4.067425
4.071188
4.074951
4.078780
4.082531
4.086291
4.090069
4.093877
4.097613
4.101361
4.105130
4.108875
4.112665
4.116368
4.120129
4.123874
4.127565
4.131340
4.135031
4.138803
4.142500
4.146278
4.149942
4.153657
4.157463
4.161118
4.164848
4.168590
4.172272
4.175942
4.179678
4.183382
4.187067
4.190782
4.194431
4.198107
4.201810
4.205495
4.209120
4.212794
4.216467
4.220131
4.223810
4.227504
4.231123
4.234818
4.238467
4.242098
4.245768
4.249387
4.253013
4.256656
4.260254
4.263900
4.267535
4.271184
4.274713
4.278419
4.281955
4.285547
4.289205
4.292789
4.296369
4.299973
4.303535
4.307116
4.310717
4.314294
4.317874
4.321464
4.324996
4.328564
4.332192
4.335665
4.339284
4.342811
4.346355
4.349884
4.353405
4.356946
4.360511
4.364047
4.367537
4.371037
4.374547
4.378080
4.381609
4.385127
4.388623
4.392084
4.395607
4.399070
4.402582
4.406084
4.409514
4.413008
4.416579
4.419959
4.423446
4.426916
4.430322
4.433786
4.437213
4.440659
4.444134
4.447505
4.450965
4.454350
4.457805
4.461209
4.464576
4.468016
4.471380
4.474826
4.478232
4.481597
4.484964
4.488353
4.491703
4.495112
4.498477
4.501802
4.505125
4.508570
4.511827
4.515189
4.518562
4.521891
4.525201
4.528563
4.531823
4.535142
4.538480
4.541739
4.545053
4.548310
4.551590
4.554907
4.558155
4.561391
4.564674
4.567979
4.571182
4.574415
4.577665
4.580907
4.584152
4.587423
4.590665
4.593838
4.597026
4.600199
4.603452
4.606652
4.609846
4.613037
4.616246
4.619376
4.622567
4.625752
4.628904
4.632119
4.635247
4.638386
4.641571
4.644693
4.647845
4.651024
4.654088
4.657232
4.660371
4.663511
4.666606
4.669731
4.672838
4.675945
4.679079
4.682174
4.685290
4.688385
4.691480
4.694527
4.697598
4.700656
4.703760
4.706801
4.709785
4.712895
4.715915
4.718980
4.721992
4.725053
4.728046
4.731070
4.734119
4.737190
4.740255
4.743281
4.746256
4.749270
4.752317
4.755308
4.758313
4.761333
4.764335
4.767289
4.770297
4.773320
4.776325
4.779327
4.782287
4.785304
4.788282
4.791260
4.794265
4.797237
4.800266
4.803194
4.806159
4.809099
4.812071
4.815058
4.817991
4.820903
4.823815
4.826764
4.829700
4.832648
4.835560
4.838427
4.841393
4.844239
4.847164
4.850082
4.852994
4.855858
4.858752
4.861598
4.864472
4.867366
4.870251
4.873091
4.875988
4.878838
4.881708
4.884599
4.887461
4.890298
4.893132
4.895978
4.898753
4.901590
4.904403
4.907196
4.910036
4.912813
4.915576
4.918347
4.921100
4.923887
4.926751
4.929510
4.932246
4.934996
4.937791
4.940533
4.943355
4.946069
4.948808
4.951558
4.954290
4.957035
4.959749
4.962518
4.965172
4.967953
4.970613
4.973316
4.976012
4.978684
4.981408
4.984125
4.986786
4.989437
4.992167
4.994782
4.997455
5.000175
5.002845
5.005436
5.008136
5.010733
5.013367
5.016016
5.018661
5.021324
5.023985
5.026600
5.029225
5.031840
5.034432
5.037077
5.039696
5.042291
5.044891
5.047492
5.050075
5.052693
5.055279
5.057855
5.060447
5.063045
5.065588
5.068132
5.070703
5.073249
5.075901
5.078408
5.080937
5.083450
5.085991
5.088499
5.091040
5.093571
5.096094
5.098617
5.101145
5.103620
5.106122
5.108624
5.111119
5.113654
5.116138
5.118630
5.121117
5.123583
5.126037
5.128505
5.130977
5.133455
5.135944
5.138368
5.140795
5.143261
5.145723
5.148169
5.150583
5.153034
5.155419
5.157819
5.160224
5.162624
5.165018
5.167427
5.169842
5.172248
5.174584
5.176988
5.179345
5.181742
5.184073
5.186449
5.188837
5.191171
5.193499
5.195878
5.198187
5.200533
5.202847
5.205126
5.207454
5.209791
5.212104
5.214378
5.216679
5.218920
5.221257
5.223507
5.225781
5.228028
5.230317
5.232552
5.234781
5.237025
5.239264
5.241475
5.243728
5.245867
5.248105
5.250322
5.252512
5.254702
5.256892
5.259106
5.261291
5.263519
5.265644
5.267864
5.270030
5.272160
5.274329
5.276481
5.278637
5.280726
5.282907
5.285010
5.287135
5.289249
5.291332
5.293432
5.295553
5.297666
5.299712
5.301821
5.303918
5.306006
5.308122
5.310177
5.312223
5.314315
5.316361
5.318395
5.320457
5.322491
5.324528
5.326587
5.328600
5.330631
5.332663
5.334646
5.336644
5.338664
5.340662
5.342645
5.344647
5.346609
5.348613
5.350573
5.352580
5.354516
5.356502
5.358428
5.360373
5.362332
5.364295
5.366254
5.368217
5.370119
5.372046
5.373978
5.375896
5.377804
5.379719
5.381600
5.383488
5.385405
5.387275
5.389165
5.391088
5.392910
5.394771
5.396667
5.398525
5.400406
5.402261
5.404116
5.405955
5.407804
5.409631
5.411441
5.413274
5.415123
5.416914
5.418739
5.420582
5.422389
5.424204
5.425990
5.427796
5.429552
5.431334
5.433138
5.434891
5.436653
5.438420
5.440179
5.441950
5.443702
5.445458
5.447196
5.448946
5.450677
5.452397
5.454125
5.455866
5.457598
5.459351
5.461026
5.462757
5.464438
5.466161
5.467847
5.469585
5.471245
5.472908
5.474595
5.476266
5.477971
5.479631
5.481279
5.482960
5.484608
5.486252
5.487885
5.489563
5.491181
5.492811
5.494452
5.496056
5.497649
5.499273
5.500909
5.502500
5.504091
5.505679
5.507246
5.508863
5.510430
5.512033
5.513609
5.515209
5.516797
5.518343
5.519892
5.521420
5.522996
5.524542
5.526082
5.527601
5.529108
5.530654
5.532176
5.533668
5.535220
5.536745
5.538270
5.539792
5.541302
5.542779
5.544274
5.545778
5.547225
5.548711
5.550158
5.551602
5.553058
5.554523
5.555988
5.557418
5.558862
5.560321
5.561780
5.563233
5.564638
5.566070
5.567512
5.568920
5.570331
5.571745
5.573147
5.574528
5.575924
5.577281
5.578663
5.580074
5.581449
5.582818
5.584218
5.585557
5.586905
5.588280
5.589664
5.590991
5.592330
5.593649
5.594964
5.596285
5.597595
5.598913
5.600228
5.601526
5.602823
5.604105
5.605391
5.606694
5.608033
5.609324
5.610628
5.611925
5.613177
5.614433
5.615691
5.616937
5.618186
5.619433
5.620661
5.621884
5.623121
5.624296
5.625509
5.626746
5.627975
5.629188
5.630395
5.631597
5.632813
5.634015
5.635207
5.636403
5.637586
5.638752
5.639917
5.641065
5.642221
5.643363
5.644522
5.645655
5.646808
5.647929
5.649046
5.650182
5.651311
5.652450
5.653588
5.654727
5.655853
5.656956
5.658073
5.659167
5.660245
5.661336
5.662429
5.663484
5.664536
5.665611
5.666669
5.667736
5.668760
5.669782
5.670821
5.671858
5.672906
5.673946
5.674986
5.676046
5.677095
5.678138
5.679151
5.680175
5.681188
5.682170
5.683210
5.684184
5.685166
5.686149
5.687120
5.688103
5.689082
5.690002
5.690946
5.691895
5.692857
5.693786
5.694757
5.695710
5.696677
5.697627
5.698574
5.699512
5.700461
5.701408
5.702352
5.703280
5.704197
5.705117
5.706013
5.706873
5.707763
5.708638
5.709504
5.710405
5.711298
5.712170
5.713021
5.713892
5.714774
5.715621
5.716463
5.717305
5.718156
5.719007
5.719855
5.720697
5.721562
5.722425
5.723279
5.724103
5.724960
5.725769
5.726584
5.727375
5.728208
5.729032
5.729832
5.730635
5.731429
5.732208
5.732977
5.733729
5.734481
5.735242
5.736001
5.736743
5.737487
5.738235
5.738961
5.739689
5.740429
5.741151
5.741879
5.742616
5.743359
5.744108
5.744857
5.745612
5.746352
5.747095
5.747844
5.748572
5.749300
5.750007
5.750708
5.751397
5.752071
5.752769
5.753456
5.754121
5.754795
5.755439
5.756065
5.756701
5.757341
5.757959
5.758594
5.759235
5.759855
5.760469
5.761089
5.761695
5.762297
5.762920
5.763519
5.764098
5.764685
5.765287
5.765883
5.766512
5.767118
5.767717
5.768322
5.768927
5.769526
5.770126
5.770725
5.771336
5.771944
5.772538
5.773118
5.773688
5.774236
5.774782
5.775321
5.775830
5.776330
5.776831
5.777340
5.777843
5.778338
5.778814
5.779288
5.779776
5.780262
5.780729
5.781208
5.781693
5.782182
5.782661
5.783144
5.783608
5.784075
5.784537
5.784983
5.785415
5.785840
5.786272
5.786700
5.787119
5.787551
5.787955
5.788360
5.788767
5.789196
5.789618
5.790040
5.790475
5.790921
5.791371
5.791820
5.792245
5.792677
5.793114
5.793543
5.793968
5.794394
5.794819
5.795224
5.795616
5.796002
5.796377
5.796728
5.797084
5.797435
5.797755
5.798073
5.798390
5.798696
5.798995
5.799298
5.799574
5.799856
5.800137
5.800410
5.800673
5.800946
5.801225
5.801507
5.801773
5.802025
5.802279
5.802531
5.802789
5.803041
5.803283
5.803517
5.803760
5.804005
5.804236
5.804475
5.804685
5.804898
5.805110
5.805332
5.805524
5.805734
5.805943
5.806141
5.806318
5.806504
5.806677
5.806842
5.807019
5.807196
5.807367
5.807534
5.807687
5.807837
5.807981
5.808125
5.808253
5.808385
5.808514
5.808637
5.808736
5.808832
5.808928
5.809026
5.809110
5.809191
5.809260
5.809326
5.809404
5.809479
5.809545
5.809623
5.809703
5.809775
5.809844
5.809907
5.809961
5.810012
5.810072
5.810129
5.810165
5.810207
5.810258
5.810306
5.810354
5.810396
5.810435
5.810483
5.810539
5.810606
5.810653
5.810707
5.810758
5.810806
5.810860
5.810920
5.810953
5.810989
5.811028
5.811076
5.811112
5.811151
5.811199
5.811244
5.811285
5.811325
5.811354
5.811396
5.811444
5.811492
5.811528
5.811549
5.811585
5.811621
5.811648
5.811684
5.811711
5.811735
5.811768
5.811804
5.811822
5.811849
5.811888
5.811924
5.811956
5.811981
5.812002
5.812016
5.812044
5.812073
5.812088
5.812107
5.812133
5.812154
5.812178
5.812202
5.812217
5.812238
5.812265
5.812298
5.812316
5.812328
5.812358
5.812385
5.812415
5.812445
5.812463
5.812478
5.812505
5.812532
5.812550
5.812574
5.812610
5.812649
5.812679
5.812717
5.812750
5.812792
5.812840
5.812888
5.812924
5.812972
5.813023
5.813068
5.813119
5.813173
5.813224
5.813266
5.813329
5.813398
5.813467
5.813536
5.813613
5.813697
5.813775
5.813850
5.813919
5.814000
5.814078
5.814156
5.814225
5.814293
5.814374
5.814452
5.814530
5.814602
5.814665
5.814716
5.814782
5.814860
5.814911
5.814970
5.815033
5.815084
5.815129
5.815166
5.815189
5.815207
5.815234
5.815252
5.815261
5.815270
5.815282
5.815288
5.815288
5.815291
5.815294
5.815294
5.815294
5.815294
5.815294
5.815294
5.815294
5.815294
5.815294
5.815294
5.815294
5.815294
5.815294
5.815294
5.815294
5.815294
5.815294
5.815294
5.815294
5.815294
5.815294
5.815294
5.815294
5.815294
5.815294
5.815294
5.815294
5.815294
5.815294
5.815294
5.815294
5.815294
5.815294
5.815294
5.815294
5.815294
5.815294
5.815294
5.815294
5.815294
5.815294
5.815294
5.815294
5.815294
5.815294
5.815294
5.815294
5.815294
5.815294
5.815294
5.815294
5.815294
5.815294
5.815294
5.815294
5.815294
5.815294
5.815294
5.815294
5.815294
5.815294
5.815294
5.815294
5.815294
5.815294
5.815294
5.815294
5.815294
5.815294
5.815294
5.815294
5.815294
5.815294
5.815294
5.815294
5.815294
5.815294
5.815294
5.815294
5.815294
5.815294
5.815294
5.815294
5.815294
5.815294
5.815294
5.815294
5.815294
5.815294
5.815294
5.815294
5.815294
5.815294
5.815294
5.815294
5.815294
5.815294
5.815294
5.815294
5.815294