5.162331
5.162331
5.162331
5.162331
5.162331
5.162331
5.162331
5.162331
5.162331
5.162331
5.162331
5.162531
5.163077
5.163766
5.164596
5.165543
5.166651
5.167930
5.169443
5.171166
5.173087
5.175172
5.177395
5.179810
5.182437
5.185152
5.188148
5.191360
5.194712
5.198187
5.201867
5.205689
5.209707
5.213926
5.218342
5.222827
5.227618
5.232594
5.237741
5.243140
5.248560
5.254226
5.260131
5.266126
5.272501
5.278955
5.285520
5.292389
5.299412
5.306705
5.313985
5.321577
5.329301
5.337348
5.345426
5.353737
5.362252
5.370994
5.379734
5.388814
5.398015
5.407366
5.416891
5.426816
5.436779
5.446860
5.457314
5.467749
5.478438
5.489434
5.500490
5.511482
5.523221
5.534615
5.546542
5.558703
5.570663
5.583282
5.595767
5.608470
5.621428
5.634614
5.648096
5.661477
5.675327
5.689334
5.703308
5.717665
5.732118
5.746831
5.761817
5.776882
5.791988
5.807753
5.823354
5.839062
5.855169
5.871273
5.887676
5.904319
5.921253
5.937911
5.955078
5.972431
5.989785
6.007521
6.025237
6.043168
6.061144
6.079286
6.097142
6.115217
6.133254
6.151299
6.169545
6.187734
6.205585
6.223743
6.241720
6.259801
6.277828
0.012503
0.030530
0.048611
0.066381
0.084258
0.102303
0.120148
0.137980
0.156098
0.173966
0.191909
0.209826
0.227757
0.245704
0.263689
0.281707
0.299408
0.317789
0.335417
0.353313
0.371355
0.389029
0.407050
0.425068
0.442772
0.460695
0.478647
0.496285
0.514180
0.532028
0.549603
0.567426
0.585241
0.602875
0.620702
0.638325
0.655963
0.673513
0.691208
0.709002
0.726511
0.744190
0.761816
0.779229
0.796714
0.814394
0.831900
0.849637
0.866828
0.884550
0.902178
0.919843
0.937253
0.954831
0.972777
0.989969
1.007846
1.025292
1.043200
1.060996
1.078490
1.096203
1.114275
1.131392
1.149347
1.166919
1.184623
1.202266
1.219895
1.237389
1.255315
1.272815
1.290662
1.308309
1.325911
1.343575
1.361195
1.378923
1.396279
1.414043
1.431743
1.449264
1.466824
1.484657
1.501818
1.519684
1.537049
1.554890
1.572276
1.589767
1.607258
1.624815
1.642777
1.660199
1.677944
1.695504
1.713049
1.730693
1.748462
1.766190
1.783543
1.801630
1.819148
1.836870
1.854607
1.872448
1.890089
1.907751
1.925568
1.943458
1.961221
1.979111
1.996650
2.014494
2.032165
2.050051
2.067522
2.085300
2.102989
2.120579
2.138216
2.156115
2.173774
2.191109
2.208974
2.226291
2.243857
2.261573
2.278857
2.296570
2.314136
2.331492
2.348731
2.366519
2.383579
2.401279
2.418623
2.436039
2.453261
2.471009
2.488330
2.505952
2.523150
2.540419
2.557862
2.575689
2.592826
2.610434
2.628051
2.645278
2.662652
2.680215
2.697538
2.715020
2.732454
2.749999
2.767236
2.784879
2.802038
2.819436
2.836924
2.854274
2.871489
2.888833
2.906360
2.923234
2.940881
2.957904
2.975135
2.992461
3.009559
3.026691
3.043927
3.061059
3.078046
3.095364
3.112252
3.129321
3.146428
3.163482
3.180430
3.197613
3.214553
3.231498
3.248624
3.265662
3.282590
3.299752
3.316700
3.333826
3.350900
3.367717
3.384806
3.402360
3.418908
3.436183
3.453218
3.470284
3.487215
3.504337
3.521361
3.538531
3.555501
3.572563
3.589257
3.606683
3.623559
3.640547
3.657526
3.674297
3.691330
3.708285
3.725198
3.742068
3.758954
3.775681
3.792540
3.809464
3.826176
3.842897
3.859699
3.876720
3.893222
3.910081
3.926589
3.943379
3.960277
3.976914
3.993530
4.010419
4.027101
4.043942
4.060630
4.077602
4.094153
4.111012
4.127741
4.144609
4.161588
4.178360
4.195165
4.212117
4.228751
4.245948
4.262726
4.279663
4.296315
4.313464
4.330371
4.347176
4.364128
4.381322
4.398010
4.414973
4.431706
4.448694
4.465526
4.482391
4.499079
4.516027
4.533156
4.549799
4.566859
4.583628
4.600462
4.617213
4.633946
4.650817
4.667727
4.684469
4.701336
4.718198
4.734820
4.751694
4.768565
4.785289
4.802148
4.819027
4.835961
4.852874
4.869868
4.886649
4.903654
4.920669
4.937626
4.954617
4.971782
4.988526
5.005553
5.022645
5.039594
5.056594
5.073737
5.090650
5.107611
5.124772
5.141796
5.158690
5.175696
5.192672
5.209548
5.226698
5.243620
5.260592
5.277595
5.294457
5.311250
5.328411
5.344965
5.361991
5.378877
5.395625
5.412387
5.429336
5.446063
5.462665
5.479589
5.496262
5.512965
5.529812
5.546383
5.563044
5.579810
5.596420
5.613150
5.629874
5.646619
5.663328
5.680058
5.696974
5.713494
5.730227
5.746870
5.763498
5.780558
5.797126
5.813814
5.830622
5.847379
5.863929
5.880695
5.897386
5.914023
5.930861
5.947447
5.963962
5.980647
5.997170
6.013816
6.030276
6.046907
6.063556
6.080140
6.096465
6.112947
6.129599
6.146205
6.162192
6.178928
6.195101
6.211373
6.228076
6.244185
6.260535
6.276879
0.010013
0.026212
0.042595
0.058947
0.075114
0.091488
0.107564
0.124172
0.140611
0.156655
0.173214
0.189492
0.205718
0.221930
0.238324
0.254662
0.270876
0.287301
0.303536
0.320003
0.336241
0.352612
0.368949
0.385173
0.401454
0.417734
0.434105
0.450307
0.466771
0.482910
0.499197
0.515415
0.531587
0.547877
0.563975
0.580016
0.596275
0.612301
0.628668
0.644572
0.660726
0.676800
0.692862
0.709095
0.725052
0.741095
0.757217
0.772914
0.789092
0.805064
0.821138
0.836882
0.853214
0.869153
0.885239
0.901184
0.917303
0.933293
0.949459
0.965524
0.981580
0.997795
1.013800
1.029912
1.046064
1.062300
1.078293
1.094489
1.110746
1.126832
1.143097
1.159267
1.175374
1.191708
1.207713
1.224003
1.240346
1.256240
1.272683
1.288574
1.304836
1.320967
1.337206
1.353322
1.369300
1.385718
1.401732
1.417860
1.434104
1.450139
1.466234
1.482455
1.498466
1.514557
1.530721
1.546762
1.562782
1.578984
1.595025
1.611087
1.627356
1.643313
1.659357
1.675817
1.691738
1.708055
1.724218
1.740334
1.756561
1.772886
1.789233
1.805160
1.821824
1.837814
1.854274
1.870441
1.886853
1.903059
1.919310
1.935500
1.951871
1.968223
1.984390
2.000724
2.017119
2.033345
2.049560
2.065988
2.082064
2.098441
2.114763
2.130768
2.147100
2.163374
2.179649
2.195432
2.211985
2.227966
2.243953
2.260099
2.275993
2.292346
2.308461
2.324475
2.340345
2.356437
2.372364
2.388372
2.404584
2.420388
2.436387
2.452443
2.468517
2.484551
2.500595
2.516472
2.532518
2.548559
2.564549
2.580707
2.596703
2.612645
2.628671
2.644790
2.660758
2.676760
2.693098
2.708803
2.724790
2.740864
2.756800
2.772811
2.788867
2.804731
2.820769
2.836792
2.852725
2.868577
2.884540
2.900362
2.916358
2.932414
2.947898
2.963750
2.979581
2.995328
3.011306
3.026910
3.042609
3.058545
3.074100
3.089779
3.105550
3.121234
3.136736
3.152474
3.168060
3.183657
3.199270
3.214942
3.230555
3.246461
3.261923
3.277386
3.293109
3.308830
3.324421
3.340024
3.355631
3.371336
3.386961
3.402579
3.418377
3.433768
3.449800
3.465200
3.480878
3.496544
3.512130
3.527580
3.543304
3.558985
3.574496
3.590165
3.605691
3.621369
3.637002
3.652477
3.667967
3.683537
3.698853
3.714355
3.729979
3.745562
3.760964
3.776400
3.791758
3.807205
3.822647
3.837990
3.853477
3.868813
3.884087
3.899364
3.914728
3.929933
3.945261
3.960774
3.976051
3.991475
4.006752
4.021969
4.037419
4.052696
4.068174
4.083667
4.099033
4.114460
4.129680
4.145205
4.160575
4.176311
4.191557
4.206945
4.222423
4.238065
4.253306
4.268811
4.284369
4.299769
4.315181
4.330970
4.346247
4.361877
4.377313
4.392869
4.408268
4.423758
4.439328
4.454743
4.470257
4.485618
4.501146
4.516719
4.532017
4.547501
4.562766
4.578370
4.593778
4.609361
4.624551
4.639903
4.655209
4.670873
4.686141
4.701534
4.716937
4.732235
4.747725
4.763148
4.778653
4.793921
4.809416
4.824729
4.840405
4.855813
4.871318
4.886810
4.902378
4.917700
4.933681
4.948766
4.964513
4.980066
4.995573
5.011096
5.026720
5.042276
5.057909
5.073477
5.088969
5.104561
5.120071
5.135834
5.151299
5.166956
5.182482
5.197975
5.213581
5.229050
5.244617
5.260080
5.275636
5.291092
5.306576
5.321856
5.337396
5.352895
5.368295
5.383598
5.399127
5.414431
5.429648
5.444925
5.460279
5.475547
5.490815
5.506134
5.521309
5.536694
5.551869
5.567137
5.582411
5.597828
5.613049
5.628274
5.643458
5.658621
5.674051
5.689190
5.704503
5.719768
5.735111
5.750435
5.765683
5.780863
5.796018
5.811483
5.826703
5.841782
5.857083
5.872414
5.887553
5.902941
5.917975
5.933066
5.948646
5.963458
5.978954
5.993979
6.009049
6.024200
6.039468
6.054386
6.069483
6.084580
6.099695
6.114630
6.129700
6.144615
6.159739
6.174782
6.189556
6.204593
6.219588
6.234397
6.249294
6.264133
6.279021
0.010540
0.025649
0.040252
0.055139
0.070174
0.084734
0.099742
0.114596
0.129316
0.144245
0.159130
0.174101
0.188949
0.203759
0.218484
0.233444
0.248460
0.263251
0.278280
0.293062
0.307845
0.322813
0.337724
0.352444
0.367409
0.382198
0.397037
0.411910
0.426683
0.441544
0.456512
0.471250
0.486023
0.501027
0.515717
0.530341
0.545135
0.559789
0.574404
0.589324
0.603918
0.618671
0.633405
0.648113
0.662653
0.677510
0.692032
0.706542
0.721202
0.735954
0.750461
0.765175
0.779514
0.794240
0.808914
0.823220
0.837928
0.852456
0.867116
0.881745
0.896534
0.911194
0.925497
0.940453
0.954876
0.969497
0.984270
0.999008
1.013671
1.028265
1.042882
1.057698
1.072519
1.086978
1.101677
1.116504
1.131257
1.145863
1.160654
1.175245
1.190090
1.204879
1.219515
1.234228
1.249059
1.263838
1.278498
1.293329
1.307755
1.322681
1.337433
1.351982
1.366744
1.381541
1.396303
1.410825
1.425452
1.440186
1.454870
1.469320
1.484087
1.498774
1.513494
1.528022
1.542552
1.557269
1.572010
1.586636
1.601320
1.615806
1.630418
1.645155
1.659803
1.674478
1.689272
1.703890
1.718568
1.733395
1.747944
1.762745
1.777518
1.792205
1.806874
1.821854
1.836603
1.851509
1.866225
1.880873
1.895779
1.910741
1.925400
1.940186
1.955172
1.969682
1.984716
1.999409
2.014219
2.028986
2.043799
2.058485
2.073301
2.088113
2.102767
2.117502
2.132299
2.146995
2.161661
2.176563
2.191088
2.205718
2.220431
2.235016
2.249658
2.264542
2.278887
2.293406
2.307991
2.322642
2.337163
2.351707
2.366013
2.380660
2.395110
2.409617
2.424322
2.438712
2.453497
2.467798
2.482451
2.496868
2.511483
2.525978
2.540440
2.555079
2.569616
2.584146
2.598722
2.613445
2.627814
2.642303
2.656930
2.671538
2.685973
2.700525
2.714990
2.729440
2.744088
2.758661
2.773066
2.787468
2.801813
2.816617
2.831066
2.845408
2.859805
2.874326
2.888794
2.903178
2.917524
2.931869
2.946307
2.960703
2.974958
2.989294
3.003606
3.017820
3.032126
3.046360
3.060822
3.074919
3.089057
3.103432
3.117609
3.131819
3.145880
3.160051
3.174277
3.188454
3.202523
3.216776
3.230962
3.245124
3.259371
3.273248
3.287414
3.301927
3.315873
3.330140
3.344243
3.358477
3.372652
3.387024
3.401000
3.415052
3.429481
3.443541
3.457695
3.471923
3.485995
3.500074
3.514389
3.528491
3.542507
3.556852
3.570942
3.585081
3.599336
3.613391
3.627406
3.641470
3.655713
3.669704
3.683744
3.697736
3.711766
3.725740
3.739734
3.753729
3.767876
3.781694
3.795767
3.809716
3.823519
3.837472
3.851400
3.865203
3.879123
3.893028
3.906959
3.920846
3.934598
3.948413
3.962344
3.976159
3.989959
4.003989
4.017897
4.031673
4.045626
4.059413
4.073252
4.087163
4.101002
4.115023
4.128958
4.142875
4.156785
4.170708
4.184760
4.198676
4.212500
4.226677
4.240507
4.254379
4.268400
4.282440
4.296404
4.310417
4.324346
4.338352
4.352380
4.366270
4.380258
4.394321
4.408211
4.422188
4.436177
4.449883
4.463986
4.478103
4.491843
4.506078
4.519814
4.533653
4.547465
4.561546
4.575535
4.589416
4.603302
4.617201
4.631031
4.644882
4.658709
4.672622
4.686581
4.700372
4.714217
4.728154
4.741897
4.755796
4.769680
4.783545
4.797492
4.811450
4.825230
4.839083
4.853102
4.867003
4.881007
4.894927
4.908936
4.923012
4.936734
4.950983
4.964860
4.978750
4.992844
5.006838
5.020938
5.034866
5.048957
5.062733
5.077027
5.090947
5.104914
5.119065
5.133053
5.146949
5.160992
5.174992
5.188906
5.202885
5.216922
5.230830
5.244821
5.258819
5.272592
5.286529
5.300491
5.314300
5.328252
5.342100
5.355918
5.369757
5.383706
5.397419
5.411252
5.425070
5.438603
5.452466
5.466352
5.480083
5.493719
5.507515
5.521135
5.534818
5.548579
5.562283
5.575957
5.589598
5.603230
5.617000
5.630791
5.644492
5.658160
5.671951
5.685478
5.699191
5.712958
5.726647
5.740258
5.754031
5.767792
5.781412
5.795128
5.808757
5.822518
5.836236
5.850030
5.863582
5.877196
5.890780
5.904472
5.918194
5.931757
5.945395
5.959192
5.972620
5.986249
5.999878
6.013337
6.026870
6.040490
6.053933
6.067472
6.081053
6.094374
6.108042
6.121356
6.134764
6.148306
6.161938
6.175175
6.188657
6.202013
6.215283
6.228660
6.242062
6.255334
6.268607
6.281951
0.012155
0.025443
0.038760
0.051889
0.065446
0.078679
0.091835
0.105135
0.118677
0.131755
0.144958
0.158357
0.171707
0.184920
0.198399
0.211522
0.224941
0.238198
0.251639
0.264893
0.278178
0.291492
0.304774
0.318127
0.331292
0.344660
0.357888
0.371172
0.384523
0.397918
0.411053
0.424346
0.437676
0.450832
0.464023
0.477323
0.490637
0.503667
0.517107
0.530188
0.543389
0.556544
0.569616
0.582766
0.596002
0.609188
0.622347
0.635452
0.648541
0.661637
0.674706
0.687706
0.700933
0.714011
0.726948
0.739993
0.753227
0.766086
0.779082
0.792337
0.805139
0.818397
0.831238
0.844298
0.857277
0.870381
0.883354
0.896453
0.909510
0.922501
0.935546
0.948566
0.961818
0.974809
0.988039
1.000994
1.014129
1.027258
1.040270
1.053386
1.066596
1.079701
1.092773
1.105865
1.119039
1.132246
1.145443
1.158509
1.171674
1.184844
1.197937
1.211063
1.224239
1.237329
1.250518
1.263698
1.276784
1.290012
1.303270
1.316009
1.329119
1.342440
1.355614
1.368664
1.381775
1.395009
1.407901
1.420949
1.433972
1.447311
1.460368
1.473305
1.486308
1.499688
1.512424
1.525649
1.538727
1.551630
1.564816
1.577831
1.590711
1.603819
1.616885
1.629950
1.643022
1.656073
1.669184
1.682187
1.695336
1.708582
1.721402
1.734794
1.747755
1.760989
1.774055
1.787312
1.800366
1.813612
1.826674
1.839878
1.852953
1.866297
1.879351
1.892738
1.905725
1.919016
1.932151
1.945363
1.958456
1.971696
1.984728
1.998166
2.011205
2.024372
2.037540
2.050902
2.063824
2.077079
2.090154
2.103163
2.116483
2.129522
2.142561
2.155710
2.168767
2.181788
2.194821
2.207809
2.220800
2.233985
2.246862
2.260018
2.272952
2.285937
2.298832
2.311802
2.324751
2.337634
2.350580
2.363586
2.376331
2.389130
2.402385
2.415076
2.427872
2.441055
2.453731
2.466854
2.479773
2.492515
2.505437
2.518509
2.531284
2.544161
2.557125
2.570074
2.582960
2.596011
2.608630
2.621873
2.634534
2.647477
2.660411
2.673402
2.686267
2.699150
2.712099
2.724973
2.737952
2.750631
2.763640
2.776460
2.789376
2.802247
2.815032
2.827891
2.840804
2.853555
2.866513
2.879141
2.891976
2.904931
2.917476
2.930437
2.943107
2.955738
2.968483
2.981247
2.993995
3.006557
3.019402
3.031931
3.044718
3.057212
3.069918
3.082621
3.095172
3.107728
3.120393
3.132829
3.145511
3.158044
3.170612
3.183157
3.195695
3.208078
3.220727
3.233407
3.245927
3.258508
3.270998
3.283411
3.296150
3.308692
3.321224
3.333772
3.346526
3.358951
3.371579
3.384102
3.396608
3.409176
3.421883
3.434370
3.446867
3.459504
3.472037
3.484593
3.497219
3.509703
3.522248
3.534723
3.547298
3.559716
3.572264
3.584796
3.597332
3.609810
3.622268
3.634597
3.647333
3.659587
3.672089
3.684478
3.696873
3.709291
3.721824
3.734150
3.746508
3.758861
3.771313
3.783570
3.795919
3.808245
3.820550
3.832897
3.845207
3.857458
3.869814
3.881975
3.894238
3.906435
3.918749
3.930973
3.943259
3.955483
3.967665
3.979958
3.992203
4.004439
4.016758
4.028974
4.041150
4.053535
4.065750
4.078085
4.090261
4.102688
4.114918
4.127136
4.139450
4.151773
4.164057
4.176248
4.188561
4.200914
4.213183
4.225512
4.237892
4.250097
4.262588
4.274716
4.287117
4.299409
4.311718
4.323983
4.336438
4.348638
4.360984
4.373286
4.385729
4.397920
4.410213
4.422628
4.434870
4.447112
4.459456
4.471680
4.483925
4.496268
4.508597
4.520671
4.533066
4.545533
4.557553
4.569834
4.581995
4.594254
4.606613
4.618780
4.630881
4.643114
4.655308
4.667499
4.679717
4.691851
4.704117
4.716452
4.728313
4.740839
4.752890
4.764955
4.777143
4.789481
4.801672
4.813766
4.826041
4.838247
4.850567
4.862725
4.874952
4.887266
4.899684
4.911758
4.924051
4.936206
4.948637
4.960972
4.973235
4.985390
4.997727
5.010026
5.022325
5.034522
5.046770
5.059251
5.071601
5.083846
5.096088
5.108456
5.120704
5.132976
5.145202
5.157465
5.169767
5.182012
5.194209
5.206403
5.218647
5.231015
5.243158
5.255307
5.267528
5.279665
5.291814
5.304041
5.316103
5.328339
5.340617
5.352571
5.364747
5.376768
5.388926
5.400981
5.413116
5.425199
5.437150
5.449290
5.461172
5.473186
5.485258
5.497221
5.509172
5.521186
5.533150
5.545238
5.557232
5.569090
5.581122
5.593077
5.605004
5.617015
5.628996
5.640879
5.652857
5.664904
5.676844
5.688738
5.700740
5.712775
5.724730
5.736630
5.748470
5.760676
5.772597
5.784465
5.796401
5.808448
5.820157
5.832138
5.844107
5.855984
5.867890
5.879946
5.891717
5.903842
5.915674
5.927557
5.939439
5.951351
5.963129
5.974963
5.986911
5.998680
6.010454
6.022378
6.034012
6.045793
6.057609
6.069495
6.081119
6.092915
6.104605
6.116356
6.128133
6.139794
6.151533
6.163259
6.174872
6.186488
6.198277
6.209809
6.221446
6.233073
6.244677
6.256335
6.267893
6.279443
0.007949
0.019585
0.030841
0.042619
0.054085
0.065859
0.077247
0.088890
0.100320
0.111900
0.123545
0.134963
0.146546
0.158159
0.169655
0.181285
0.192850
0.204367
0.215911
0.227697
0.238953
0.250656
0.262245
0.273905
0.285365
0.296969
0.308321
0.319955
0.331657
0.343162
0.354592
0.366268
0.377758
0.389194
0.400812
0.412287
0.423849
0.435393
0.446871
0.458307
0.469848
0.481337
0.492740
0.504293
0.515702
0.527207
0.538748
0.549944
0.561614
0.572984
0.584369
0.595814
0.607205
0.618515
0.629951
0.641441
0.652766
0.664154
0.675446
0.686816
0.698153
0.709502
0.720782
0.732017
0.743426
0.754599
0.766002
0.777216
0.788502
0.799914
0.811122
0.822558
0.833701
0.844999
0.856261
0.867664
0.878845
0.890170
0.901531
0.912877
0.924137
0.935510
0.946712
0.958046
0.969410
0.980777
0.992045
1.003499
1.014779
1.026065
1.037651
1.048751
1.060122
1.071611
1.082877
1.094163
1.105671
1.116993
1.128267
1.139862
1.151103
1.162461
1.173894
1.185183
1.196637
1.207956
1.219392
1.230564
1.242261
1.253376
1.264815
1.276161
1.287498
1.298844
1.310253
1.321563
1.333017
1.344178
1.355554
1.366834
1.378162
1.389433
1.400779
1.412134
1.423450
1.434823
1.446056
1.457315
1.468544
1.479956
1.491218
1.502498
1.513799
1.524948
1.536219
1.547541
1.558779
1.570011
1.581214
1.592644
1.603699
1.615144
1.626283
1.637635
1.648939
1.660154
1.671320
1.682873
1.693898
1.705274
1.716662
1.727981
1.739331
1.750641
1.762041
1.773336
1.784628
1.796061
1.807368
1.818756
1.830069
1.841301
1.852767
1.864101
1.875552
1.886874
1.898151
1.909474
1.920972
1.932289
1.943623
1.955121
1.966243
1.977694
1.989016
2.000368
2.011666
2.023126
2.034406
2.045725
2.057077
2.068444
2.079733
2.091026
2.102282
2.113469
2.124974
2.136149
2.147420
2.158623
2.169903
2.181144
2.192478
2.203584
2.214820
2.226001
2.237245
2.248471
2.259554
2.270861
2.281751
2.293050
2.304126
2.315268
2.326477
2.337550
2.348662
2.359871
2.371022
2.382018
2.393118
2.404149
2.415292
2.426584
2.437457
2.448572
2.459801
2.470758
2.481951
2.493069
2.504161
2.515306
2.526365
2.537528
2.548523
2.559639
2.570715
2.581813
2.593009
2.604055
2.615132
2.626274
2.637269
2.648349
2.659476
2.670427
2.681644
2.692780
2.703815
2.714808
2.726130
2.737089
2.748097
2.759248
2.770205
2.781266
2.792297
2.803251
2.814327
2.825404
2.836435
2.847530
2.858477
2.869458
2.880435
2.891449
2.902367
2.913359
2.924385
2.935251
2.946073
2.957215
2.968079
2.978913
2.989905
3.000646
3.011534
3.022443
3.033300
3.044098
3.054995
3.065822
3.076638
3.087523
3.098369
3.108989
3.119928
3.130639
3.141356
3.152142
3.162856
3.173645
3.184376
3.195105
3.205858
3.216737
3.227424
3.238225
3.248854
3.259658
3.270579
3.281173
3.292022
3.302816
3.313455
3.324124
3.334997
3.345816
3.356482
3.367115
3.377934
3.388638
3.399349
3.410123
3.420846
3.431596
3.442337
3.453209
3.463777
3.474556
3.485204
3.495975
3.506725
3.517430
3.528069
3.538855
3.549437
3.560031
3.570784
3.581474
3.592158
3.602818
3.613394
3.624120
3.634789
3.645460
3.656099
3.666672
3.677222
3.687900
3.698524
3.709100
3.719568
3.730219
3.740735
3.751185
3.761770
3.772334
3.782854
3.793355
3.803856
3.814474
3.824882
3.835273
3.845717
3.856224
3.866662
3.877083
3.887629
3.897818
3.908257
3.918886
3.929070
3.939502
3.950084
3.960385
3.970706
3.981342
3.991631
4.001934
4.012429
4.022814
4.033360
4.043642
4.054129
4.064417
4.074942
4.085344
4.095758
4.106251
4.116728
4.126981
4.137638
4.147857
4.158493
4.168841
4.179331
4.189763
4.200168
4.210490
4.221111
4.231501
4.241930
4.252279
4.262873
4.273257
4.283719
4.294319
4.304707
4.314998
4.325727
4.335989
4.346418
4.356889
4.367369
4.377771
4.388213
4.398570
4.409071
4.419446
4.429906
4.440206
4.450791
4.461026
4.471566
4.481884
4.492317
4.502689
4.513172
4.523476
4.533776
4.544106
4.554611
4.564863
4.575155
4.585509
4.595884
4.606356
4.616608
4.626983
4.637161
4.647614
4.657915
4.668083
4.678543
4.688951
4.699078
4.709327
4.719714
4.729916
4.740204
4.750424
4.760742
4.771049
4.781421
4.791746
4.801992
4.812490
4.822761
4.832923
4.843197
4.853647
4.863954
4.874248
4.884605
4.894840
4.905260
4.915674
4.925876
4.936341
4.946537
4.956963
4.967335
4.977705
4.987921
4.998435
5.008576
5.019017
5.029351
5.039690
5.049937
5.060456
5.070570
5.081030
5.091261
5.101708
5.111862
5.122345
5.132631
5.142919
5.153199
5.163568
5.173797
5.184148
5.194323
5.204698
5.215025
5.225149
5.235395
5.245690
5.255963
5.266123
5.276337
5.286604
5.296800
5.306917
5.317194
5.327363
5.337480
5.347598
5.357802
5.367911
5.378023
5.388093
5.398249
5.408277
5.418329
5.428479
5.438519
5.448577
5.458745
5.468641
5.478673
5.488940
5.498653
5.508887
5.518814
5.528677
5.538881
5.548750
5.558820
5.568725
5.578732
5.588694
5.598703
5.608719
5.618642
5.628628
5.638644
5.648579
5.658558
5.668539
5.678392
5.688357
5.698358
5.708455
5.718348
5.728312
5.738314
5.748212
5.758072
5.767974
5.778014
5.787994
5.797929
5.807981
5.817871
5.827737
5.837821
5.847670
5.857488
5.867399
5.877369
5.887194
5.897084
5.907054
5.916903
5.926765
5.936707
5.946387
5.956289
5.966107
5.976066
5.985910
5.995699
6.005562
6.015290
6.025225
6.034983
6.044675
6.054565
6.064293
6.074034
6.083798
6.093613
6.103179
6.112994
6.122830
6.132499
6.142242
6.151847
6.161479
6.171235
6.180873
6.190430
6.200173
6.209842
6.219474
6.229085
6.238697
6.248240
6.257928
6.267564
6.276999
0.003493
0.012982
0.022716
0.032271
0.041816
0.051415
0.061009
0.070599
0.080118
0.089708
0.099286
0.108862
0.118488
0.127992
0.137618
0.147187
0.156682
0.166200
0.175809
0.185255
0.194995
0.204496
0.214005
0.223623
0.233249
0.242711
0.252259
0.261831
0.271395
0.280931
0.290531
0.299980
0.309609
0.319203
0.328703
0.338183
0.347842
0.357331
0.366843
0.376359
0.385844
0.395363
0.404971
0.414364
0.423912
0.433427
0.443009
0.452386
0.461935
0.471399
0.480762
0.490272
0.499703
0.509189
0.518641
0.528040
0.537484
0.546990
0.556467
0.565946
0.575291
0.584647
0.594037
0.603571
0.612915
0.622248
0.631680
0.641000
0.650423
0.659833
0.669139
0.678406
0.687880
0.697086
0.706461
0.715851
0.725156
0.734345
0.743768
0.752936
0.762278
0.771589
0.780787
0.790036
0.799507
0.808594
0.818091
0.827160
0.836511
0.845793
0.855074
0.864314
0.873575
0.882953
0.892214
0.901495
0.910792
0.919981
0.929305
0.938634
0.947796
0.957153
0.966516
0.975723
0.985088
0.994436
1.003670
1.012988
1.022326
1.031599
1.040938
1.050229
1.059555
1.068834
1.078242
1.087458
1.096778
1.106093
1.115405
1.124714
1.134049
1.143391
1.152637
1.162053
1.171368
1.180539
1.190084
1.199264
1.208525
1.217810
1.227101
1.236472
1.245781
1.254976
1.264390
1.273630
1.283007
1.292202
1.301511
1.310742
1.320092
1.329350
1.338683
1.347890
1.357136
1.366438
1.375783
1.384894
1.394155
1.403470
1.412632
1.421901
1.431123
1.440333
1.449561
1.458828
1.467975
1.477190
1.486418
1.495586
1.504787
1.514018
1.523186
1.532381
1.541621
1.550822
1.559927
1.569193
1.578406
1.587514
1.596805
1.605925
1.615102
1.624342
1.633519
1.642699
1.651903
1.661091
1.670268
1.679613
1.688679
1.697982
1.707177
1.716321
1.725644
1.734872
1.744010
1.753238
1.762544
1.771793
1.781003
1.790183
1.799407
1.808662
1.817974
1.827193
1.836331
1.845735
1.854900
1.864155
1.873350
1.882548
1.891797
1.901088
1.910280
1.919540
1.928810
1.938026
1.947161
1.956643
1.965650
1.975003
1.984204
1.993390
2.002534
2.011986
2.020963
2.030319
2.039502
2.048691
2.057907
2.067096
2.076363
2.085417
2.094582
2.103759
2.113019
2.122056
2.131284
2.140377
2.149586
2.158653
2.167740
2.176982
2.186051
2.195081
2.204243
2.213310
2.222573
2.231478
2.240685
2.249622
2.258637
2.267781
2.276667
2.285988
2.294886
2.303865
2.312949
2.321917
2.330986
2.339935
2.348989
2.357917
2.366947
2.375888
2.384861
2.393849
2.402810
2.411664
2.420631
2.429556
2.438682
2.447676
2.456595
2.465506
2.474596
2.483602
2.492467
2.501365
2.510443
2.519333
2.528375
2.537237
2.546240
2.555234
2.564091
2.573055
2.582124
2.590947
2.599906
2.608972
2.617834
2.626765
2.635694
2.644595
2.653604
2.662592
2.671496
2.680407
2.689473
2.698203
2.707129
2.716084
2.724985
2.734009
2.742833
2.751695
2.760647
2.769602
2.778384
2.787276
2.796207
2.805127
2.814028
2.822929
2.831684
2.840732
2.849567
2.858321
2.867187
2.876100
2.884843
2.893621
2.902573
2.911283
2.920154
2.928906
2.937687
2.946618
2.955289
2.964034
2.972843
2.981672
2.990328
2.999073
3.007846
3.016594
3.025250
3.034112
3.042726
3.051411
3.060097
3.068747
3.077495
3.086214
3.094857
3.103441
3.112201
3.120815
3.129399
3.138123
3.146761
3.155291
3.163943
3.172605
3.181129
3.189895
3.198443
3.207045
3.215694
3.224281
3.232888
3.241586
3.250116
3.258712
3.267379
3.275999
3.284636
3.293184
3.301816
3.310354
3.318980
3.327555
3.336237
3.344854
3.353354
3.361992
3.370644
3.379171
3.387677
3.396299
3.405003
3.413614
3.422152
3.430709
3.439221
3.447870
3.456415
3.464984
3.473544
3.482032
3.490579
3.499151
3.507651
3.516228
3.524899
3.533195
3.541851
3.550483
3.558805
3.567314
3.575985
3.584308
3.592862
3.601322
3.609759
3.618247
3.626858
3.635148
3.643708
3.652180
3.660567
3.668947
3.677551
3.685880
3.694284
3.702700
3.711083
3.719409
3.727972
3.736178
3.744690
3.753016
3.761330
3.769584
3.778099
3.786281
3.794664
3.802981
3.811235
3.819525
3.827839
3.836099
3.844440
3.852835
3.860850
3.869173
3.877463
3.885702
3.893950
3.902189
3.910465
3.918662
3.927024
3.935068
3.943430
3.951651
3.959747
3.968109
3.976318
3.984476
3.992742
4.000937
4.009143
4.017358
4.025600
4.033713
4.042016
4.050105
4.058452
4.066565
4.074780
4.083011
4.091163
4.099444
4.107650
4.115767
4.124068
4.132245
4.140409
4.148549
4.156821
4.165016
4.173240
4.181365
4.189643
4.197831
4.206002
4.214271
4.222423
4.230587
4.238832
4.246970
4.255218
4.263448
4.271666
4.279788
4.288103
4.296207
4.304368
4.312514
4.320763
4.328954
4.337166
4.345294
4.353482
4.361701
4.369805
4.377960
4.386142
4.394361
4.402468
4.410530
4.418790
4.426784
4.435161
4.443154
4.451328
4.459369
4.467441
4.475554
4.483721
4.491789
4.499831
4.508073
4.516006
4.524156
4.532275
4.540289
4.548367
4.556441
4.564483
4.572527
4.580656
4.588667
4.596786
4.604750
4.612713
4.620758
4.628859
4.636810
4.644873
4.652920
4.660881
4.668886
4.676925
4.684768
4.692825
4.700872
4.708859
4.716667
4.724724
4.732717
4.740636
4.748656
4.756653
4.764613
4.772607
4.780591
4.788537
4.796530
4.804353
4.812508
4.820415
4.828319
4.836273
4.844272
4.852203
4.860155
4.868157
4.876079
4.884036
4.892003
4.899990
4.907950
4.915956
4.923872
4.931865
4.939858
4.947759
4.955648
4.963770
4.971539
4.979574
4.987679
4.995468
5.003444
5.011372
5.019296
5.027238
5.035202
5.043106
5.051120
5.059024
5.066984
5.074870
5.082782
5.090692
5.098682
5.106517
5.114409
5.122306
5.130234
5.138102
5.145939
5.154047
5.161800
5.169689
5.177572
5.185391
5.193223
5.201166
5.208937
5.216790
5.224627
5.232397
5.240228
5.248000
5.255853
5.263649
5.271453
5.279335
5.287066
5.294796
5.302540
5.310321
5.318069
5.325759
5.333489
5.341255
5.348976
5.356652
5.364379
5.372097
5.379806
5.387430
5.395109
5.402779
5.410431
5.418086
5.425759
5.433441
5.441015
5.448598
5.456283
5.463812
5.471479
5.479017
5.486597
5.494237
5.501787
5.509343
5.516920
5.524539
5.532026
5.539555
5.547147
5.554730
5.562286
5.569809
5.577321
5.584877
5.592502
5.600009
5.607533
5.615035
5.622486
5.629994
5.637583
5.645061
5.652566
5.660182
5.667627
5.675117
5.682644
5.690095
5.697618
5.705132
5.712622
5.720037
5.727498
5.735105
5.742499
5.749977
5.757404
5.764922
5.772420
5.779836
5.787311
5.794738
5.802175
5.809545
5.817026
5.824447
5.831874
5.839395
5.846848
5.854219
5.861706
5.869055
5.876473
5.883895
5.891358
5.898701
5.906321
5.913571
5.920884
5.928311
5.935720
5.943088
5.950464
5.957772
5.965109
5.972435
5.979912
5.987160
5.994476
6.001751
6.009139
6.016497
6.023754
6.031034
6.038342
6.045682
6.052953
6.060165
6.067436
6.074708
6.081913
6.089170
6.096399
6.103731
6.110819
6.118205
6.125344
6.132448
6.139764
6.146898
6.154217
6.161405
6.168547
6.175720
6.182844
6.190029
6.197231
6.204299
6.211442
6.218596
6.225808
6.232875
6.239994
6.247200
6.254241
6.261368
6.268442
6.275509
6.282670
0.006552
0.013656
0.020709
0.027824
0.034895
0.041942
0.048941
0.056092
0.063133
0.070198
0.077301
0.084315
0.091464
0.098408
0.105527
0.112571
0.119710
0.126790
0.133783
0.140842
0.147831
0.154899
0.161970
0.169032
0.176015
0.183122
0.190091
0.197167
0.204232
0.211270
0.218230
0.225244
0.232242
0.239292
0.246384
0.253391
0.260528
0.267488
0.274556
0.281494
0.288565
0.295474
0.302509
0.309529
0.316560
0.323586
0.330630
0.337524
0.344663
0.351500
0.358586
0.365585
0.372500
0.379471
0.386461
0.393430
0.400456
0.407416
0.414325
0.421326
0.428358
0.435243
0.442146
0.449223
0.456066
0.463052
0.470093
0.476939
0.483860
0.490799
0.497696
0.504629
0.511589
0.518429
0.525349
0.532255
0.539098
0.546100
0.552925
0.559783
0.566623
0.573553
0.580351
0.587224
0.594121
0.600976
0.607777
0.614683
0.621460
0.628291
0.635179
0.642004
0.648829
0.655630
0.662422
0.669259
0.676111
0.682831
0.689623
0.696433
0.703201
0.710005
0.716753
0.723545
0.730298
0.737087
0.743816
0.750572
0.757430
0.764117
0.770861
0.777692
0.784368
0.791124
0.797883
0.804627
0.811356
0.818169
0.824814
0.831546
0.838315
0.845023
0.851767
0.858586
0.865198
0.871960
0.878689
0.885442
0.892121
0.898868
0.905555
0.912296
0.919043
0.925775
0.932454
0.939240
0.945924
0.952701
0.959421
0.966117
0.972849
0.979585
0.986233
0.992965
0.999742
1.006426
1.013104
1.019879
1.026605
1.033259
1.040030
1.046711
1.053461
1.060166
1.066899
1.073571
1.080321
1.087065
1.093794
1.100505
1.107217
1.113898
1.120723
1.127242
1.134100
1.140742
1.147424
1.154126
1.160900
1.167494
1.174172
1.180905
1.187589
1.194273
1.200996
1.207653
1.214299
1.220977
1.227661
1.234300
1.241038
1.247654
1.254266
1.260965
1.267622
1.274337
1.281015
1.287747
1.294287
1.300954
1.307581
1.314265
1.320871
1.327499
1.334162
1.340753
1.347431
1.354059
1.360746
1.367238
1.373970
1.380565
1.387150
1.393792
1.400414
1.406996
1.413620
1.420137
1.426791
1.433322
1.439890
1.446610
1.453012
1.459733
1.466174
1.472873
1.479423
1.485930
1.492554
1.499089
1.505602
1.512190
1.518659
1.525178
1.531914
1.538322
1.544803
1.551436
1.557946
1.564427
1.570937
1.577510
1.584012
1.590537
1.597030
1.603549
1.610126
1.616774
1.623089
1.629663
1.636146
1.642654
1.649209
1.655788
1.662305
1.668809
1.675401
1.681848
1.688427
1.694995
1.701451
1.708010
1.714526
1.721061
1.727574
1.734108
1.740652
1.747090
1.753670
1.760192
1.766723
1.773321
1.779783
1.786357
1.792864
1.799476
1.805837
1.812548
1.818933
1.825446
1.832040
1.838506
1.845022
1.851536
1.858076
1.864611
1.871148
1.877595
1.884166
1.890625
1.897157
1.903652
1.910181
1.916571
1.923094
1.929667
1.936129
1.942568
1.949207
1.955574
1.962090
1.968661
1.974997
1.981562
1.988033
1.994502
2.000940
2.007489
2.013931
2.020358
2.026967
2.033292
2.039790
2.046330
2.052760
2.059148
2.065697
2.072042
2.078475
2.084929
2.091322
2.097839
2.104274
2.110587
2.116968
2.123416
2.129839
2.136257
2.142699
2.149020
2.155507
2.161870
2.168135
2.174508
2.180892
2.187229
2.193587
2.200124
2.206263
2.212728
2.219008
2.225321
2.231663
2.238012
2.244307
2.250619
2.256923
2.263197
2.269477
2.275765
2.282192
2.288346
2.294698
2.300839
2.307122
2.313531
2.319685
2.325913
2.332289
2.338407
2.344821
2.350993
2.357195
2.363457
2.369716
2.375900
2.382143
2.388408
2.394592
2.400770
2.407020
2.413206
2.419492
2.425673
2.431950
2.438182
2.444386
2.450549
2.456706
2.463031
2.469164
2.475375
2.481576
2.487748
2.493959
2.500188
2.506345
2.512490
2.518823
2.524915
2.531125
2.537306
2.543475
2.549683
2.555846
2.561976
2.568192
2.574403
2.580548
2.586762
2.592970
2.599001
2.605194
2.611426
2.617547
2.623745
2.629836
2.636047
2.642258
2.648385
2.654503
2.660717
2.666831
2.672932
2.679116
2.685239
2.691369
2.697559
2.703734
2.709771
2.715943
2.722010
2.728143
2.734297
2.740379
2.746536
2.752657
2.758733
2.764809
2.770951
2.776988
2.783180
2.789202
2.795296
2.801361
2.807461
2.813596
2.819544
2.825716
2.831728
2.837807
2.843901
2.849894
2.855991
2.862019
2.868056
2.874111
2.880226
2.886194
2.892225
2.898220
2.904215
2.910243
2.916235
2.922305
2.928270
2.934293
2.940270
2.946232
2.952239
2.958192
2.964256
2.970137
2.976115
2.982080
2.988036
2.993986
2.999906
3.005901
3.011797
3.017709
3.023611
3.029597
3.035538
3.041467
3.047343
3.053245
3.059186
3.065053
3.071015
3.076860
3.082786
3.088598
3.094504
3.100313
3.106212
3.112076
3.117957
3.123835
3.129680
3.135529
3.141344
3.147183
3.153008
3.158841
3.164719
3.170537
3.176329
3.182159
3.187960
3.193805
3.199605
3.205415
3.211206
3.217015
3.222795
3.228622
3.234497
3.240229
3.246032
3.251863
3.257642
3.263427
3.269264
3.275067
3.280762
3.286590
3.292363
3.298136
3.304012
3.309689
3.315463
3.321284
3.326953
3.332855
3.338571
3.344345
3.350088
3.355850
3.361566
3.367348
3.373086
3.378778
3.384567
3.390328
3.396039
3.401767
3.407531
3.413173
3.418950
3.424693
3.430344
3.436111
3.441866
3.447550
3.453275
3.458953
3.464630
3.470305
3.476105
3.481696
3.487433
3.493075
3.498702
3.504502
3.510099
3.515722
3.521457
3.527185
3.532728
3.538390
3.543999
3.549554
3.555231
3.560855
3.566463
3.572123
3.577705
3.583319
3.588928
3.594545
3.600124
3.605793
3.611341
3.616875
3.622418
3.628107
3.633653
3.639178
3.644783
3.650368
3.655836
3.661387
3.666900
3.672404
3.677938
3.683388
3.688948
3.694491
3.699947
3.705441
3.710945
3.716416
3.721875
3.727376
3.732807
3.738320
3.743806
3.749223
3.754571
3.760155
3.765500
3.770950
3.776361
3.781769
3.787198
3.792666
3.797990
3.803391
3.808889
3.814252
3.819567
3.824963
3.830422
3.835728
3.841172
3.846460
3.851835
3.857207
3.862552
3.867846
3.873298
3.878491
3.883938
3.889187
3.894535
3.899811
3.905195
3.910417
3.915708
3.921118
3.926398
3.931719
3.936959
3.942241
3.947496
3.952862
3.958099
3.963327
3.968642
3.973852
3.979134
3.984425
3.989698
3.994932
4.000226
4.005404
4.010748
4.015917
4.021217
4.026448
4.031754
4.036892
4.042222
4.047435
4.052607
4.057945
4.063177
4.068330
4.073540
4.078840
4.084038
4.089242
4.094467
4.099662
4.104891
4.110107
4.115284
4.120473
4.125722
4.130869
4.136137
4.141230
4.146542
4.151662
4.156866
4.162028
4.167242
4.172416
4.177509
4.182746
4.187914
4.193077
4.198239
4.203380
4.208548
4.213717
4.218879
4.223975
4.229122
4.234365
4.239477
4.244564
4.249723
4.254858
4.260017
4.265120
4.270252
4.275312
4.280513
4.285565
4.290688
4.295808
4.300845
4.306004
4.311109
4.316206
4.321329
4.326353
4.331491
4.336510
4.341717
4.346726
4.351847
4.356970
4.361958
4.367033
4.372160
4.377151
4.382154
4.387239
4.392344
4.397368
4.402378
4.407396
4.412535
4.417430
4.422488
4.427503
4.432498
4.437549
4.442543
4.447604
4.452610
4.457583
4.462551
4.467545
4.472543
4.477537
4.482430
4.487481
4.492352
4.497341
4.502320
4.507231
4.512166
4.517139
4.522070
4.526891
4.531891
4.536790
4.541707
4.546581
4.551456
4.556318
4.561307
4.566140
4.571092
4.575954
4.580751
4.585644
4.590608
4.595327
4.600283
4.605136
4.609951
4.614762
4.619622
4.624434
4.629261
4.634090
4.638848
4.643665
4.648543
4.653337
4.658169
4.663002
4.667799
4.672571
4.677398
4.682126
4.686866
4.691683
4.696408
4.701184
4.705968
4.710774
4.715400
4.720164
4.724936
4.729646
4.734416
4.739237
4.743943
4.748674
4.753396
4.758085
4.762869
4.767597
4.772310
4.777020
4.781751
4.786467
4.791158
4.795874
4.800635
4.805300
4.810099
4.814668
4.819402
4.824133
4.828789
4.833519
4.838158
4.842849
4.847538
4.852143
4.856847
4.861488
4.866105
4.870776
4.875416
4.880117
4.884695
4.889417
4.894022
4.898648
4.903298
4.907908
4.912477
4.917205
4.921786
4.926373
4.931035
4.935595
4.940215
4.944817
4.949437
4.954015
4.958611
4.963153
4.967782
4.972345
4.976983
4.981543
4.986118
4.990681
4.995288
4.999780
5.004370
5.008921
5.013514
5.018059
5.022556
5.027107
5.031691
5.036173
5.040733
5.045281
5.049787
5.054332
5.058805
5.063362
5.067883
5.072326
5.076829
5.081353
5.085841
5.090335
5.094890
5.099308
5.103764
5.108267
5.112731
5.117186
5.121683
5.126150
5.130597
5.135031
5.139468
5.143923
5.148351
5.152731
5.157156
5.161609
5.166022
5.170369
5.174842
5.179202
5.183609
5.188025
5.192384
5.196743
5.201154
5.205498
5.209875
5.214267
5.218575
5.222911
5.227288
5.231608
5.235941
5.240267
5.244536
5.248884
5.253201
5.257483
5.261847
5.266075
5.270345
5.274674
5.278970
5.283218
5.287515
5.291770
5.296000
5.300260
5.304497
5.308721
5.312975
5.317224
5.321409
5.325616
5.329858
5.334050
5.338283
5.342505
5.346669
5.350887
5.355058
5.359213
5.363363
5.367665
5.371716
5.375884
5.380018
5.384177
5.388275
5.392494
5.396586
5.400673
5.404834
5.408924
5.413043
5.417172
5.421187
5.425357
5.429420
5.433471
5.437549
5.441632
5.445680
5.449754
5.453829
5.457838
5.461888
5.465981
5.469984
5.474008
5.478016
5.482052
5.486121
5.490054
5.494114
5.498057
5.502116
5.506092
5.510065
5.514020
5.517992
5.521962
5.525983
5.529845
5.533844
5.537806
5.541757
5.545715
5.549667
5.553580
5.557510
5.561495
5.565387
5.569306
5.573246
5.577114
5.581164
5.585023
5.588882
5.592771
5.596648
5.600531
5.604438
5.608389
5.612192
5.616059
5.620044
5.623807
5.627714
5.631576
5.635420
5.639312
5.643156
5.646955
5.650805
5.654691
5.658490
5.662292
5.666160
5.669980
5.673779
5.677605
5.681383
5.685224
5.689028
5.692824
5.696614
5.700413
5.704165
5.708020
5.711715
5.715540
5.719255
5.722974
5.726752
5.730581
5.734338
5.738053
5.741783
5.745567
5.749279
5.753021
5.756757
5.760458
5.764187
5.767951
5.771624
5.775339
5.779072
5.782757
5.786448
5.790169
5.793833
5.797507
5.801216
5.804907
5.808598
5.812283
5.815860
5.819513
5.823228
5.826883
5.830532
5.834163
5.837782
5.841465
5.845135
5.848754
5.852367
5.856043
5.859594
5.863228
5.866841
5.870428
5.874029
5.877597
5.881217
5.884824
5.888380
5.891951
5.895588
5.899169
5.902731
5.906323
5.909862
5.913433
5.916989
5.920552
5.924138
5.927652
5.931158
5.934702
5.938294
5.941821
5.945335
5.948867
5.952373
5.955938
5.959446
5.962985
5.966469
5.970005
5.973498
5.976983
5.980488
5.983948
5.987430
5.990938
5.994429
5.997904
6.001373
6.004837
6.008288
6.011770
6.015182
6.018679
6.022121
6.025471
6.028982
6.032364
6.035858
6.039279
6.042689
6.046102
6.049499
6.052962
6.056342
6.059757
6.063119
6.066469
6.069854
6.073282
6.076616
6.079993
6.083366
6.086707
6.090093
6.093475
6.096818
6.100183
6.103491
6.106912
6.110187
6.113554
6.116805
6.120161
6.123498
6.126782
6.130114
6.133442
6.136672
6.139971
6.143314
6.146586
6.149879
6.153162
6.156416
6.159676
6.162957
6.166201
6.169470
6.172754
6.175977
6.179219
6.182446
6.185694
6.188989
6.192174
6.195422
6.198690
6.201875
6.205090
6.208296
6.211583
6.214777
6.218018
6.221170
6.224364
6.227567
6.230769
6.233945
6.237136
6.240366
6.243545
6.246672
6.249890
6.253069
6.256260
6.259415
6.262567
6.265748
6.268930
6.272124
6.275201
6.278365
6.281484
0.001465
0.004623
0.007745
0.010867
0.014037
0.017125
0.020271
0.023411
0.026539
0.029646
0.032798
0.035884
0.038982
0.042077
0.045127
0.048299
0.051409
0.054495
0.057596
0.060703
0.063780
0.066929
0.069973
0.073083
0.076157
0.079303
0.082341
0.085424
0.088518
0.091568
0.094603
0.097683
0.100733
0.103804
0.106836
0.109934
0.112999
0.116043
0.119066
0.122152
0.125211
0.128261
0.131266
0.134364
0.137348
0.140455
0.143457
0.146531
0.149512
0.152553
0.155579
0.158587
0.161652
0.164645
0.167674
0.170691
0.173723
0.176695
0.179733
0.182738
0.185746
0.188755
0.191751
0.194738
0.197758
0.200718
0.203720
0.206728
0.209715
0.212711
0.215698
0.218658
0.221606
0.224596
0.227574
0.230538
0.233534
0.236497
0.239490
0.242420
0.245350
0.248346
0.251282
0.254218
0.257152
0.260145
0.263114
0.266002
0.268950
0.271949
0.274870
0.277824
0.280745
0.283667
0.286603
0.289551
0.292475
0.295399
0.298311
0.301200
0.304205
0.307081
0.310020
0.312935
0.315838
0.318750
0.321660
0.324563
0.327463
0.330375
0.333260
0.336158
0.339055
0.341907
0.344819
0.347707
0.350596
0.353460
0.356333
0.359194
0.362064
0.364932
0.367805
0.370717
0.373569
0.376442
0.379259
0.382120
0.384966
0.387810
0.390698
0.393490
0.396324
0.399189
0.402014
0.404857
0.407709
0.410550
0.413366
0.416176
0.419052
0.421803
0.424697
0.427453
0.430282
0.433095
0.435902
0.438695
0.441508
0.444303
0.447101
0.449912
0.452683
0.455463
0.458289
0.461093
0.463858
0.466639
0.469407
0.472184
0.474968
0.477718
0.480511
0.483270
0.486017
0.488777
0.491575
0.494298
0.497016
0.499775
0.502514
0.505267
0.508023
0.510738
0.513464
0.516268
0.518974
0.521685
0.524424
0.527147
0.529835
0.532540
0.535341
0.537993
0.540692
0.543410
0.546100
0.548800
0.551520
0.554204
0.556964
0.559579
0.562327
0.564963
0.567645
0.570314
0.573017
0.575674
0.578338
0.581019
0.583680
0.586337
0.589028
0.591682
0.594361
0.597006
0.599655
0.602312
0.604946
0.607585
0.610246
0.612864
0.615525
0.618140
0.620732
0.623365
0.626026
0.628639
0.631251
0.633906
0.636515
0.639137
0.641740
0.644347
0.647001
0.649605
0.652200
0.654782
0.657368
0.659959
0.662557
0.665154
0.667743
0.670320
0.672893
0.675476
0.678029
0.680614
0.683164
0.685785
0.688371
0.690926
0.693491
0.696059
0.698587
0.701131
0.703696
0.706194
0.708762
0.711354
0.713852
0.716396
0.718955
0.721498
0.723991
0.726529
0.729081
0.731598
0.734151
0.736667
0.739172
0.741698
0.744190
0.746698
0.749179
0.751678
0.754197
0.756690
0.759207
0.761714
0.764240
0.766715
0.769189
0.771679
0.774157
0.776662
0.779160
0.781623
0.784101
0.786594
0.789053
0.791501
0.793961
0.796409
0.798895
0.801403
0.803818
0.806275
0.808728
0.811209
0.813657
0.816120
0.818559
0.820997
0.823439
0.825893
0.828347
0.830725
0.833197
0.835609
0.838051
0.840469
0.842887
0.845313
0.847710
0.850179
0.852588
0.854967
0.857429
0.859847
0.862238
0.864632
0.867065
0.869447
0.871840
0.874264
0.876643
0.879070
0.881425
0.883795
0.886180
0.888594
0.890985
0.893385
0.895749
0.898167
0.900540
0.902903
0.905228
0.907595
0.909980
0.912326
0.914687
0.917042
0.919379
0.921707
0.924095
0.926393
0.928756
0.931126
0.933493
0.935833
0.938215
0.940507
0.942841
0.945160
0.947521
0.949813
0.952147
0.954445
0.956773
0.959109
0.961428
0.963753
0.966066
0.968400
0.970659
0.972972
0.975276
0.977592
0.979920
0.982203
0.984570
0.986844
0.989109
0.991371
0.993627
0.995898
0.998193
1.000488
1.002795
1.005051
1.007352
1.009602
1.011861
1.014171
1.016382
1.018629
1.020915
1.023180
1.025445
1.027725
1.029960
1.032231
1.034475
1.036686
1.038924
1.041154
1.043392
1.045639
1.047904
1.050145
1.052398
1.054660
1.056886
1.059136
1.061350
1.063519
1.065712
1.067920
1.070128
1.072351
1.074598
1.076840
1.079018
1.081265
1.083455
1.085585
1.087772
1.089962
1.092173
1.094435
1.096628
1.098792
1.100973
1.103157
1.105335
1.107474
1.109628
1.111818
1.114003
1.116160
1.118341
1.120534
1.122721
1.124875
1.127015
1.129142
1.131296
1.133459
1.135571
1.137734
1.139930
1.142043
1.144185
1.146327
1.148469
1.150611
1.152739
1.154824
1.157008
1.159141
1.161235
1.163348
1.165505
1.167650
1.169747
1.171836
1.173957
1.176036
1.178154
1.180200
1.182298
1.184410
1.186498
1.188613
1.190759
1.192841
1.194938
1.197011
1.199031
1.201146
1.203225
1.205266
1.207378
1.209469
1.211545
1.213603
1.215683
1.217726
1.219772
1.221834
1.223895
1.225908
1.227964
1.230001
1.232092
1.234138
1.236158
1.238195
1.240223
1.242234
1.244262
1.246279
1.248307
1.250317
1.252384
1.254380
1.256396
1.258448
1.260414
1.262466
1.264450
1.266448
1.268470
1.270466
1.272449
1.274471
1.276476
1.278444
1.280442
1.282432
1.284388
1.286330
1.288307
1.290285
1.292259
1.294215
1.296187
1.298170
1.300154
1.302092
1.304066
1.306035
1.307982
1.309915
1.311835
1.313777
1.315733
1.317672
1.319592
1.321525
1.323478
1.325407
1.327319
1.329233
1.331139
1.333041
1.334962
1.336846
1.338773
1.340690
1.342593
1.344438
1.346326
1.348234
1.350167
1.352060
1.353951
1.355844
1.357738
1.359628
1.361507
1.363370
1.365234
1.367118
1.368943
1.370819
1.372679
1.374540
1.376400
1.378291
1.380109
1.381943
1.383803
1.385610
1.387453
1.389292
1.391138
1.392995
1.394826
1.396648
1.398502
1.400318
1.402118
1.403922
1.405753
1.407565
1.409360
1.411163
1.412970
1.414783
1.416601
1.418378
1.420170
1.421982
1.423765
1.425545
1.427336
1.429119
1.430898
1.432699
1.434467
1.436243
1.438029
1.439791
1.441567
1.443338
1.445115
1.446876
1.448650
1.450403
1.452186
1.453923
1.455685
1.457423
1.459172
1.460877
1.462633
1.464388
1.466141
1.467849
1.469604
1.471279
1.473008
1.474749
1.476468
1.478188
1.479929
1.481622
1.483377
1.485085
1.486799
1.488510
1.490229
1.491910
1.493606
1.495287
1.496979
1.498669
1.500356
1.502043
1.503736
1.505401
1.507088
1.508754
1.510474
1.512137
1.513820
1.515489
1.517131
1.518785
1.520433
1.522077
1.523740
1.525415
1.527075
1.528720
1.530395
1.532024
1.533669
1.535344
1.536971
1.538601
1.540234
1.541818
1.543484
1.545099
1.546687
1.548299
1.549935
1.551562
1.553164
1.554764
1.556373
1.558000
1.559609
1.561191
1.562779
1.564418
1.565973
1.567585
1.569175
1.570742
1.572309
1.573897
1.575458
1.577031
1.578637
1.580222
1.581765
1.583362
1.584878
1.586442
1.588015
1.589597
1.591179
1.592680
1.594261
1.595768
1.597305
1.598848
1.600403
1.601949
1.603492
1.605005
1.606536
1.608040
1.609562
1.611102
1.612621
1.614161
1.615659
1.617160
1.618667
1.620213
1.621708
1.623212
1.624734
1.626253
1.627757
1.629240
1.630711
1.632210
1.633693
1.635185
1.636680
1.638172
1.639652
1.641123
1.642609
1.644086
1.645569
1.647040
1.648499
1.649964
1.651432
1.652867
1.654314
1.655788
1.657248
1.658692
1.660166
1.661598
1.663063
1.664507
1.665951
1.667401
1.668860
1.670322
1.671745
1.673208
1.674589
1.675985
1.677396
1.678813
1.680221
1.681620
1.683035
1.684443
1.685845
1.687232
1.688649
1.690078
1.691489
1.692904
1.694327
1.695696
1.697083
1.698470
1.699854
1.701218
1.702581
1.703932
1.705283
1.706638
1.707977
1.709340
1.710769
1.712123
1.713504
1.714862
1.716258
1.717618
1.718939
1.720258
1.721621
1.722969
1.724284
1.725567
1.726918
1.728254
1.729572
1.730867
1.732176
1.733533
1.734887
1.736182
1.737518
1.738875
1.740199
1.741488
1.742782
1.744067
1.745341
1.746647
1.747884
1.749155
1.750452
1.751719
1.752987
1.754275
1.755587
1.756860
1.758131
1.759401
1.760713
1.762005
1.763260
1.764518
1.765792
1.767041
1.768260
1.769459
1.770672
1.771946
1.773171
1.774375
1.775604
1.776877
1.778129
1.779352
1.780559
1.781788
1.783031
1.784268
1.785458
1.786656
1.787897
1.789107
1.790284
1.791468
1.792678
1.793841
1.795009
1.796181
1.797394
1.798589
1.799758
1.800932
1.802143
1.803335
1.804471
1.805630
1.806838
1.808042
1.809204
1.810337
1.811553
1.812716
1.813848
1.814963
1.816107
1.817258
1.818378
1.819502
1.820640
1.821773
1.822899
1.824011
1.825164
1.826279
1.827409
1.828541
1.829662
1.830779
1.831918
1.833041
1.834156
1.835246
1.836349
1.837472
1.838563
1.839644
1.840699
1.841805
1.842907
1.843962
1.845016
1.846089
1.847180
1.848255
1.849328
1.850367
1.851458
1.852545
1.853621
1.854676
1.855781
1.856854
1.857914
1.858966
1.860042
1.861060
1.862127
1.863137
1.864164
1.865186
1.866210
1.867235
1.868260
1.869311
1.870345
1.871346
1.872352
1.873401
1.874435
1.875447
1.876460
1.877476
1.878527
1.879528
1.880505
1.881511
1.882539
1.883549
1.884522
1.885493
1.886512
1.887503
1.888456
1.889412
1.890410
1.891383
1.892309
1.893256
1.894253
1.895227
1.896171
1.897121
1.898124
1.899134
1.900090
1.901028
1.902022
1.903032
1.903976
1.904893
1.905845
1.906792
1.907691
1.908578
1.909492
1.910411
1.911313
1.912200
1.913099
1.914069
1.914968
1.915852
1.916775
1.917722
1.918620
1.919477
1.920361
1.921320
1.922222
1.923100
1.923965
1.924912
1.925817
1.926683
1.927555
1.928433
1.929337
1.930185
1.931030
1.931908
1.932798
1.933637
1.934449
1.935315
1.936165
1.936962
1.937771
1.938622
1.939491
1.940315
1.941112
1.941948
1.942826
1.943673
1.944485
1.945306
1.946163
1.947035
1.947853
1.948647
1.949498
1.950343
1.951134
1.951919
1.952743
1.953542
1.954330
1.955094
1.955885
1.956655
1.957419
1.958168
1.958932
1.959711
1.960484
1.961242
1.962021
1.962785
1.963543
1.964289
1.965044
1.965775
1.966533
1.967276
1.968031
1.968771
1.969523
1.970293
1.971078
1.971824
1.972612
1.973358
1.974113
1.974820
1.975555
1.976220
1.976870
1.977550
1.978245
1.978922
1.979599
1.980285
1.981019
1.981747
1.982419
1.983093
1.983785
1.984498
1.985151
1.985771
1.986454
1.987119
1.987757
1.988372
1.989025
1.989699
1.990361
1.991011
1.991682
1.992371
1.993075
1.993741
1.994406
1.995095
1.995778
1.996398
1.997009
1.997659
1.998295
1.998900
1.999496
2.000095
2.000721
2.001351
2.001932
2.002504
2.003121
2.003747
2.004356
2.004928
2.005497
2.006102
2.006665
2.007220
2.007783
2.008352
2.008910
2.009446
2.009988
2.010540
2.011118
2.011663
2.012214
2.012772
2.013338
2.013871
2.014437
2.015007
2.015585
2.016130
2.016687
2.017260
2.017841
2.018398
2.018958
2.019516
2.020073
2.020603
2.021110
2.021616
2.022158
2.022680
2.023180
2.023677
2.024204
2.024702
2.025151
2.025637
2.026155
2.026637
2.027102
2.027560
2.028051
2.028525
2.028977
2.029403
2.029864
2.030358
2.030820
2.031245
2.031704
2.032168
2.032617
2.033049
2.033492
2.033933
2.034355
2.034786
2.035224
2.035667
2.036105
2.036545
2.036986
2.037438
2.037884
2.038316
2.038771
2.039257
2.039721
2.040147
2.040605
2.041090
2.041546
2.041971
2.042393
2.042828
2.043262
2.043685
2.044074
2.044470
2.044907
2.045294
2.045659
2.046040
2.046432
2.046786
2.047130
2.047475
2.047840
2.048173
2.048491
2.048817
2.049174
2.049509
2.049833
2.050138
2.050477
2.050818
2.051130
2.051427
2.051750
2.052083
2.052400
2.052718
2.053045
2.053365
2.053677
2.053976
2.054276
2.054564
2.054863
2.055142
2.055420
2.055708
2.055990
2.056259
2.056517
2.056799
2.057068
2.057323
2.057584
2.057838
2.058096
2.058339
2.058581
2.058818
2.059070
2.059327
2.059588
2.059846
2.060109
2.060391
2.060663
2.060957
2.061239
2.061508
2.061790
2.062111
2.062419
2.062713
2.063021
2.063336
2.063648
2.063944
2.064238
2.064531
2.064831
2.065128
2.065424
2.065706
2.065996
2.066275
2.066545
2.066797
2.067033
2.067246
2.067446
2.067662
2.067863
2.068046
2.068228
2.068399
2.068564
2.068726
2.068879
2.069010
2.069151
2.069286
2.069403
2.069496
2.069604
2.069703
2.069798
2.069882
2.069957
2.070020
2.070080
2.070143
2.070197
2.070245
2.070305
2.070356
2.070401
2.070440
2.070470
2.070485
2.070506
2.070524
2.070539
2.070539
2.070539
2.070539
2.070539
2.070539
2.070539
2.070539
2.070539
2.070539
2.070539
2.070539
2.070539
2.070539
2.070539
2.070539
2.070539
2.070539
2.070539
2.070535
2.070487
2.070425
2.070371
2.070317
2.070269
2.070212
2.070158
2.070092
2.070032
2.069972
2.069912
2.069834
2.069766
2.069700
2.069625
2.069538
2.069445
2.069343
2.069256
2.069166
2.069070
2.068959
2.068864
2.068765
2.068657
2.068546
2.068426
2.068289
2.068151
2.068016
2.067869
2.067707
2.067557
2.067402
2.067237
2.067072
2.066898
2.066715
2.066542
2.066374
2.066194
2.066005
2.065817
2.065640
2.065463
2.065284
2.065098
2.064903
2.064711
2.064528
2.064355
2.064163
2.063995
2.063830
2.063668
2.063507
2.063348
2.063195
2.063072
2.062947
2.062821
2.062692
2.062596
2.062503
2.062407
2.062326
2.062251
2.062186
2.062132
2.062108
2.062090
2.062066
2.062063
2.062063
2.062063
2.062063
2.062063
2.062063
2.062063
2.062063
2.062063
2.062063
2.062102
2.062197
2.062290
2.062389
2.062494
2.062593
2.062695
2.062821
2.062953
2.063069
2.063201
2.063327
2.063453
2.063573
2.063695
2.063791
2.063911
2.064028
2.064139
2.064238
2.064358
2.064466
2.064576
2.064681
2.064780
2.064867
2.064945
2.065047
2.065134
2.065191
2.065259
2.065337
2.065400
2.065448
2.065496
2.065529
2.065574
2.065616
2.065643
2.065658
2.065685
2.065709
2.065724
2.065736
2.065742
2.065742
2.065742
2.065742
2.065742
2.065742
2.065742
2.065742
2.065742
2.065742
2.065742
2.065742
2.065742
2.065742
2.065709
2.065649
2.065601
2.065550
2.065490
2.065436
2.065385
2.065316
2.065248
2.065191
2.065134
2.065074
2.065026
2.064972
2.064918
2.064870
2.064813
2.064756
2.064714
2.064678
2.064636
2.064573
2.064537
2.064498
2.064456
2.064412
2.064367
2.064322
2.064286
2.064262
2.064235
2.064205
2.064190
2.064181
2.064166
2.064160
2.064148
2.064124
2.064115
2.064109
2.064109
2.064097
2.064094
2.064094
2.064094
2.064094
2.064094
2.064094
2.064094
2.064094
2.064094
2.064094
2.064094
2.064094
2.064094
2.064094
2.064094
2.064094
2.064094
2.064094
2.064094
2.064094
2.064094
2.064094
2.064094
2.064094
2.064094
2.064094
2.064094
2.064094
2.064094
2.064094
2.064094
2.064094
2.064094
2.064094
2.064094
2.064094
2.064094
2.064094
2.064094
2.064094
2.064094
2.064094
2.064097
2.064103
2.064103
2.064103
2.064103
2.064103
2.064103
2.064103
2.064103
2.064103
2.064103
2.064103
2.064103
2.064103
2.064103
2.064103
2.064103
2.064103
2.064103
2.064103
2.064103
2.064103
2.064103
2.064103
2.064103
2.064103
2.064103
2.064103
2.064103
2.064103
2.064103
2.064103
2.064103
2.064103
2.064103
2.064103
2.064103
2.064103
2.064103
2.064103
2.064103
2.064103
2.064103
2.064103
2.064103
2.064103
2.064103
2.064103
2.064103
2.064103
2.064103
2.064103
2.064103
2.064103
2.064103
2.064103
2.064103
2.064103
2.064103
2.064103
2.064103
2.064103
2.064103
2.064103
2.064103
2.064103
2.064103
2.064103
2.064103
2.064103
2.064103
2.064103
2.064103
2.064103
2.064103
2.064103
2.064103
2.064103
2.064103
2.064103
2.064103
2.064103
2.064103
2.064103
2.064103
2.064103
2.064103
2.064103
2.064103
2.064103
2.064103
2.064103
2.064103
2.064103
2.064103
2.064103
2.064103
2.064103
2.064103
2.064103
2.064103