2.759281
2.759281
2.759281
2.759281
2.759281
2.759281
2.759281
2.759281
2.759383
2.759709
2.760216
2.760923
2.761798
2.762852
2.764057
2.765477
2.767131
2.768943
2.770879
2.772952
2.775148
2.777503
2.780002
2.782599
2.785493
2.788639
2.791917
2.795419
2.799140
2.803056
2.807113
2.811397
2.815808
2.820296
2.825194
2.830054
2.835120
2.840510
2.845981
2.851658
2.857677
2.863780
2.870075
2.876466
2.883207
2.890059
2.897123
2.904227
2.911660
2.919324
2.927048
2.934991
2.943329
2.951508
2.960136
2.968735
2.977678
2.986792
2.996065
3.005458
3.014982
3.024989
3.034792
3.045051
3.055435
3.065795
3.076614
3.087517
3.098509
3.109637
3.121094
3.132754
3.144457
3.156399
3.168476
3.180790
3.193335
3.205888
3.218849
3.231867
3.245002
3.258412
3.272092
3.285811
3.299862
3.314004
3.328316
3.342922
3.357638
3.372565
3.387485
3.402975
3.418566
3.434274
3.450282
3.466072
3.482235
3.498992
3.515461
3.532209
3.549335
3.566230
3.583796
3.601343
3.619020
3.636928
3.654838
3.672814
3.691588
3.709831
3.728265
3.746799
3.765650
3.784019
3.802720
3.821401
3.839901
3.858396
3.876792
3.895236
3.913610
3.932207
3.950747
3.969421
3.988128
4.006743
4.025699
4.044029
4.063033
4.081090
4.099911
4.118283
4.136979
4.155761
4.174582
4.192954
4.211742
4.230761
4.249316
4.268077
4.286859
4.305654
4.324370
4.343317
4.361650
4.380651
4.399418
4.418131
4.437072
4.455483
4.474367
4.493087
4.511551
4.530100
4.549023
4.567476
4.585977
4.604714
4.623139
4.641811
4.660261
4.678734
4.697298
4.715921
4.734290
4.752668
4.771696
4.789909
4.808547
4.827180
4.845723
4.864286
4.882993
4.901572
4.920238
4.938834
4.957673
4.976300
4.995160
5.013660
5.032512
5.051330
5.070358
5.088424
5.107542
5.125893
5.144915
5.163508
5.182189
5.200839
5.219532
5.238137
5.256925
5.275432
5.293981
5.312643
5.331326
5.349611
5.368543
5.386568
5.405215
5.423629
5.442093
5.460319
5.478966
5.496972
5.515671
5.533731
5.552384
5.570538
5.588933
5.607134
5.625599
5.643833
5.662178
5.680454
5.698699
5.717104
5.735437
5.753896
5.772166
5.790469
5.808880
5.827263
5.845335
5.863869
5.881959
5.900565
5.918589
5.936868
5.955081
5.973555
5.991594
6.009696
6.027825
6.046056
6.064344
6.082219
6.100273
6.118576
6.136396
6.154448
6.172445
6.190329
6.208499
6.226254
6.244413
6.262369
6.279938
0.014693
0.032354
0.050499
0.068322
0.085963
0.103888
0.121907
0.139892
0.157416
0.175656
0.193380
0.211144
0.229102
0.246902
0.264767
0.282789
0.300600
0.318526
0.336403
0.354332
0.372089
0.389991
0.407742
0.425659
0.443548
0.461135
0.479189
0.497067
0.514690
0.532591
0.550109
0.567929
0.585627
0.603463
0.620984
0.638639
0.656517
0.674026
0.691550
0.709307
0.726846
0.744406
0.761936
0.779532
0.797113
0.814792
0.832152
0.849834
0.867532
0.885107
0.902508
0.920505
0.937897
0.955388
0.973134
0.990703
1.008269
1.026065
1.043859
1.061605
1.079284
1.096910
1.114671
1.132605
1.150312
1.167989
1.185848
1.203558
1.221169
1.239016
1.256927
1.274417
1.292406
1.310130
1.327789
1.345457
1.363158
1.380888
1.398673
1.416472
1.433879
1.452033
1.469455
1.486928
1.504949
1.522563
1.540111
1.558042
1.575503
1.593054
1.610821
1.628386
1.646117
1.663992
1.681561
1.699312
1.717187
1.735010
1.752684
1.770696
1.788181
1.806319
1.824119
1.841909
1.859784
1.877871
1.895596
1.913479
1.931441
1.949357
1.967198
1.985118
2.003055
2.020759
2.038963
2.056364
2.074613
2.092140
2.110077
2.127961
2.145704
2.163551
2.181476
2.198967
2.216827
2.234462
2.252088
2.269576
2.287330
2.305342
2.322483
2.340276
2.357854
2.375600
2.393070
2.410864
2.428250
2.445935
2.463519
2.481148
2.498696
2.516253
2.533938
2.551295
2.569277
2.586660
2.604262
2.621999
2.639624
2.657118
2.674960
2.692397
2.709996
2.727774
2.745199
2.763053
2.780415
2.797972
2.815610
2.833206
2.850625
2.868104
2.885628
2.902996
2.920550
2.937936
2.955475
2.972828
2.990145
3.007693
3.024803
3.042192
3.059387
3.076950
3.094126
3.111198
3.128245
3.145685
3.162829
3.179996
3.197223
3.214208
3.231411
3.248998
3.266001
3.283186
3.300659
3.317593
3.334886
3.352287
3.369284
3.386550
3.403733
3.421068
3.438187
3.455594
3.472663
3.489872
3.507129
3.524270
3.541518
3.558784
3.575916
3.592927
3.610359
3.627484
3.644226
3.661792
3.678618
3.696010
3.712806
3.729898
3.746850
3.764161
3.780783
3.797915
3.814971
3.831827
3.849057
3.865527
3.882523
3.899475
3.916331
3.933289
3.950144
3.967156
3.983823
4.000859
4.017759
4.034567
4.051507
4.068653
4.085392
4.102365
4.119269
4.136223
4.153295
4.170352
4.187423
4.204177
4.221527
4.238335
4.255385
4.272487
4.289415
4.306489
4.323633
4.340815
4.357644
4.374952
4.391634
4.409041
4.425849
4.443178
4.460055
4.477201
4.494138
4.511135
4.528320
4.545170
4.562242
4.579349
4.596178
4.613144
4.630303
4.647144
4.664335
4.681056
4.698221
4.715148
4.731995
4.748962
4.766009
4.782997
4.799994
4.817101
4.834065
4.851142
4.868298
4.885324
4.902444
4.919617
4.936710
4.953904
4.971050
4.988299
5.005484
5.022801
5.039846
5.056977
5.074232
5.091318
5.108770
5.125818
5.142910
5.160075
5.177344
5.194496
5.211771
5.228690
5.246019
5.263055
5.280364
5.297261
5.314306
5.331587
5.348494
5.365586
5.382724
5.399508
5.416525
5.433573
5.450506
5.467350
5.484305
5.501134
5.517983
5.535022
5.551797
5.568695
5.585820
5.602383
5.619316
5.636265
5.653058
5.669952
5.686967
5.703799
5.720667
5.737646
5.754313
5.771219
5.788539
5.805039
5.822146
5.839173
5.855996
5.872762
5.889779
5.906623
5.923335
5.940326
5.957058
5.973771
5.990644
6.007497
6.024200
6.041074
6.057852
6.074342
6.091096
6.107778
6.124334
6.141130
6.157599
6.174183
6.190832
6.207448
6.223962
6.240584
6.256943
6.273370
0.006861
0.023094
0.039668
0.056164
0.072660
0.089184
0.105596
0.122038
0.138484
0.155019
0.171428
0.187946
0.204478
0.221010
0.237518
0.253913
0.270523
0.286732
0.303572
0.319760
0.336538
0.353028
0.369306
0.385682
0.402400
0.418795
0.435357
0.451916
0.468245
0.484507
0.500962
0.517323
0.533702
0.550274
0.566527
0.582784
0.599277
0.615435
0.631802
0.648191
0.664411
0.680656
0.696916
0.712861
0.729108
0.745482
0.761618
0.778034
0.794048
0.810346
0.826276
0.842683
0.858861
0.874851
0.891213
0.907362
0.923474
0.940103
0.956113
0.972577
0.988857
1.005138
1.021362
1.037660
1.053908
1.070386
1.086607
1.103151
1.119207
1.135655
1.152017
1.168321
1.184728
1.201032
1.217507
1.233977
1.250152
1.266373
1.282914
1.299075
1.315529
1.332116
1.348381
1.364811
1.380975
1.397241
1.413596
1.429949
1.446211
1.462453
1.478808
1.494921
1.511480
1.527614
1.543787
1.560199
1.576411
1.592602
1.608879
1.625277
1.641641
1.657970
1.674232
1.690564
1.706937
1.723379
1.739714
1.756108
1.772772
1.788810
1.805636
1.821917
1.838275
1.854637
1.871322
1.887863
1.904362
1.920694
1.937349
1.953821
1.970398
1.986862
2.003172
2.019614
2.036288
2.052571
2.069010
2.085642
2.101958
2.118287
2.134897
2.151198
2.167859
2.183885
2.200340
2.216641
2.233203
2.249094
2.265812
2.281674
2.297942
2.314480
2.330644
2.346718
2.363073
2.379012
2.395182
2.411714
2.427710
2.444009
2.460244
2.476363
2.492548
2.508816
2.524959
2.541177
2.557461
2.573594
2.589788
2.606105
2.622340
2.638561
2.654889
2.670948
2.687190
2.703393
2.719478
2.735849
2.751887
2.768017
2.784343
2.800581
2.816643
2.832723
2.848977
2.864928
2.881020
2.897201
2.913230
2.929226
2.945405
2.961248
2.977256
2.993405
3.009278
3.025136
3.041273
3.057113
3.072881
3.088976
3.104720
3.120632
3.136475
3.152265
3.167940
3.183789
3.199548
3.215379
3.231241
3.247117
3.262951
3.278728
3.294538
3.310369
3.326365
3.342047
3.357842
3.373676
3.389447
3.405267
3.421403
3.436935
3.452886
3.468543
3.484443
3.500316
3.516175
3.532045
3.547831
3.563425
3.579158
3.595201
3.610772
3.626639
3.642377
3.658125
3.673956
3.689556
3.705367
3.720931
3.736765
3.752081
3.767972
3.783561
3.799197
3.814860
3.830188
3.845831
3.861350
3.876933
3.892674
3.908086
3.923419
3.938918
3.954528
3.970383
3.985555
4.001338
4.016687
4.032156
4.047756
4.063488
4.078933
4.094450
4.110239
4.125734
4.141251
4.156932
4.172626
4.188211
4.203946
4.219556
4.235129
4.251056
4.266336
4.282323
4.297678
4.313563
4.329073
4.345123
4.360353
4.376169
4.392159
4.407408
4.423215
4.439220
4.454614
4.470245
4.485998
4.501565
4.517459
4.532976
4.548511
4.564255
4.579804
4.595420
4.611009
4.626543
4.642305
4.657837
4.673485
4.689085
4.704416
4.720179
4.735731
4.751400
4.766941
4.782521
4.798097
4.813869
4.829466
4.845088
4.860960
4.876306
4.892284
4.907897
4.923455
4.939466
4.955118
4.970760
4.986426
5.002344
5.017930
5.034102
5.049577
5.065654
5.081222
5.097055
5.112749
5.128580
5.144342
5.160069
5.175927
5.191629
5.207290
5.223175
5.238865
5.254375
5.270039
5.285888
5.301611
5.317158
5.333001
5.348670
5.363899
5.379955
5.395113
5.411016
5.426367
5.441833
5.457445
5.472929
5.488410
5.503854
5.519449
5.534735
5.550188
5.565843
5.581218
5.596654
5.612075
5.627540
5.642946
5.658424
5.673737
5.689256
5.704994
5.720280
5.735761
5.751553
5.766593
5.782305
5.797647
5.813278
5.828561
5.844038
5.859519
5.875195
5.890501
5.905787
5.921229
5.936691
5.951998
5.967365
5.982840
5.998383
6.013381
6.029051
6.044136
6.059413
6.074774
6.090068
6.105277
6.120628
6.135785
6.150840
6.166138
6.181376
6.196453
6.211718
6.226785
6.241903
6.256913
6.271941
0.003970
0.018998
0.034047
0.049000
0.064023
0.078952
0.094055
0.109248
0.124525
0.139230
0.154387
0.169439
0.184596
0.199735
0.214739
0.229741
0.244880
0.259950
0.275074
0.290213
0.305157
0.320350
0.335492
0.350533
0.365495
0.380670
0.395590
0.410687
0.425808
0.441154
0.456051
0.471052
0.486113
0.501120
0.516047
0.530967
0.545950
0.561062
0.575824
0.590753
0.605865
0.620597
0.635476
0.650462
0.665340
0.680344
0.695028
0.709927
0.724665
0.739547
0.754302
0.769103
0.783993
0.798788
0.813516
0.828362
0.843135
0.858047
0.872790
0.887570
0.902385
0.917288
0.932034
0.946934
0.961857
0.976633
0.991644
1.006570
1.021463
1.036072
1.051020
1.066180
1.080830
1.095948
1.111027
1.125753
1.140808
1.155657
1.170595
1.185737
1.200523
1.215329
1.230693
1.245389
1.260273
1.275295
1.290126
1.305013
1.320059
1.334956
1.349891
1.364841
1.379711
1.394616
1.409677
1.424421
1.439617
1.454166
1.469290
1.483998
1.499047
1.513790
1.528501
1.543496
1.558177
1.573103
1.587889
1.602803
1.617487
1.632563
1.647340
1.662302
1.677393
1.692164
1.706970
1.722001
1.736925
1.751992
1.766879
1.781860
1.796798
1.811853
1.826869
1.841903
1.856797
1.871924
1.886895
1.901998
1.916892
1.932019
1.947002
1.962111
1.977121
1.992254
2.006950
2.022209
2.037246
2.052170
2.067078
2.082139
2.097078
2.111989
2.127095
2.141937
2.157026
2.171904
2.186860
2.201673
2.216719
2.231316
2.246179
2.261103
2.275951
2.290692
2.305444
2.320212
2.335126
2.349753
2.364652
2.379318
2.394020
2.408655
2.423588
2.438364
2.453057
2.467866
2.482538
2.497165
2.512301
2.526682
2.541686
2.556418
2.571156
2.585893
2.600685
2.615494
2.630253
2.645119
2.659908
2.674469
2.689368
2.704055
2.718879
2.733491
2.748267
2.763071
2.778000
2.792459
2.807290
2.821944
2.836555
2.851266
2.866033
2.880609
2.895317
2.910054
2.924636
2.939155
2.953902
2.968331
2.982895
2.997536
3.012001
3.026613
3.041054
3.055450
3.069912
3.084452
3.098806
3.113316
3.127679
3.142063
3.156501
3.170936
3.185377
3.199725
3.214091
3.228409
3.242808
3.257303
3.271858
3.286143
3.300402
3.315109
3.329329
3.343779
3.358109
3.372514
3.387045
3.401378
3.415822
3.430338
3.444509
3.458953
3.473598
3.487844
3.502270
3.516675
3.530921
3.545332
3.559845
3.574112
3.588415
3.602719
3.617208
3.631643
3.645793
3.659949
3.674618
3.688792
3.703006
3.717303
3.731519
3.745684
3.759850
3.774180
3.788315
3.802307
3.816529
3.830952
3.844911
3.859106
3.873256
3.887257
3.901428
3.915471
3.929528
3.943571
3.957784
3.971914
3.985971
4.000005
4.014131
4.028407
4.042321
4.056564
4.070622
4.084835
4.098979
4.113151
4.127157
4.141421
4.155551
4.169653
4.183933
4.198167
4.212314
4.226398
4.240642
4.254870
4.269245
4.283300
4.297555
4.311672
4.326042
4.340195
4.354399
4.368679
4.382760
4.397078
4.411186
4.425591
4.439469
4.454045
4.468076
4.482346
4.496520
4.510739
4.524689
4.539082
4.553266
4.567329
4.581470
4.595426
4.609702
4.623844
4.637976
4.651982
4.666376
4.680103
4.694523
4.708467
4.722531
4.736669
4.750909
4.764841
4.779099
4.793276
4.807244
4.821415
4.835698
4.849782
4.863950
4.878232
4.892428
4.906734
4.920894
4.934996
4.949254
4.963671
4.977798
4.991993
5.006239
5.020378
5.034636
5.048993
5.063275
5.077474
5.091827
5.106173
5.120548
5.134725
5.149277
5.163074
5.177602
5.191545
5.205869
5.220265
5.234650
5.248351
5.262938
5.276864
5.291026
5.305222
5.319318
5.333433
5.347604
5.361679
5.375773
5.389848
5.403918
5.417921
5.431952
5.446117
5.459983
5.474004
5.488008
5.501928
5.515949
5.529737
5.543980
5.557783
5.571721
5.585895
5.599692
5.613441
5.627481
5.641451
5.655502
5.669203
5.683537
5.697351
5.711220
5.725206
5.739129
5.752991
5.767016
5.781184
5.794849
5.809194
5.822793
5.836698
5.851019
5.864951
5.878556
5.892700
5.906401
5.920375
5.934088
5.947938
5.961816
5.975736
5.989730
6.003542
6.017366
6.031145
6.044939
6.058742
6.072454
6.086257
6.100000
6.113696
6.127390
6.141184
6.154738
6.168416
6.182161
6.195755
6.209330
6.222910
6.236462
6.250037
6.263909
6.277328
0.007655
0.021275
0.034865
0.048365
0.061967
0.075438
0.089001
0.102693
0.116106
0.129540
0.143442
0.156697
0.170395
0.184015
0.197413
0.210961
0.224740
0.238237
0.251795
0.265298
0.278693
0.292556
0.305963
0.319481
0.333036
0.346629
0.360129
0.373560
0.387153
0.400654
0.414247
0.427903
0.441415
0.454708
0.468332
0.481781
0.495296
0.508715
0.522102
0.535803
0.549255
0.562584
0.576004
0.589465
0.602789
0.616280
0.629633
0.643011
0.656424
0.669717
0.682963
0.696313
0.709805
0.723050
0.736329
0.749616
0.762880
0.776116
0.789425
0.802622
0.815964
0.829338
0.842608
0.855964
0.869363
0.882378
0.896022
0.909294
0.922588
0.935839
0.949178
0.962498
0.975777
0.989172
1.002618
1.015867
1.029316
1.042798
1.056182
1.069496
1.082892
1.096338
1.109658
1.122901
1.136629
1.149883
1.163195
1.176698
1.190099
1.203402
1.217067
1.230244
1.243615
1.257094
1.270484
1.283981
1.297385
1.310712
1.324245
1.337577
1.351075
1.364347
1.377692
1.391060
1.404320
1.417695
1.431027
1.444474
1.457764
1.470995
1.484324
1.497827
1.511016
1.524384
1.537765
1.551022
1.564298
1.577627
1.590786
1.604229
1.617607
1.631020
1.644215
1.657739
1.671011
1.684161
1.697823
1.710943
1.724581
1.737892
1.751201
1.764728
1.778108
1.791456
1.804905
1.818435
1.831801
1.845349
1.858858
1.872194
1.885721
1.899221
1.912550
1.926024
1.939485
1.952799
1.966608
1.979860
1.993468
2.006806
2.020355
2.033699
2.047061
2.060571
2.073849
2.087286
2.100631
2.114140
2.127563
2.140925
2.154425
2.167692
2.181003
2.194300
2.207725
2.220985
2.234216
2.247504
2.260932
2.274127
2.287324
2.300636
2.313812
2.327028
2.340273
2.353414
2.366630
2.379887
2.393067
2.406103
2.419420
2.432627
2.445765
2.459082
2.471929
2.485346
2.498528
2.511627
2.524929
2.538040
2.551157
2.564363
2.577714
2.590834
2.604034
2.617220
2.630439
2.643591
2.656786
2.670037
2.683076
2.696343
2.709540
2.722618
2.735807
2.748918
2.762106
2.775307
2.788391
2.801582
2.814711
2.827843
2.840873
2.854157
2.867088
2.880346
2.893339
2.906309
2.919426
2.932390
2.945423
2.958402
2.971545
2.984441
2.997327
3.010341
3.023284
3.036311
3.049302
3.062239
3.075026
3.087945
3.100756
3.113672
3.126546
3.139319
3.152130
3.165049
3.177839
3.190653
3.203503
3.216203
3.229152
3.242041
3.254811
3.267640
3.280571
3.293358
3.306187
3.319211
3.331863
3.344710
3.357522
3.370482
3.383162
3.396126
3.408859
3.421730
3.434547
3.447373
3.460193
3.473031
3.485795
3.498600
3.511537
3.524243
3.537114
3.550000
3.562793
3.575544
3.588293
3.600963
3.613717
3.626618
3.639238
3.652016
3.664731
3.677305
3.690126
3.702871
3.715451
3.728125
3.740867
3.753495
3.766148
3.778713
3.791305
3.804015
3.816520
3.829304
3.841747
3.854253
3.866740
3.879192
3.891907
3.904407
3.916903
3.929502
3.941962
3.954581
3.967021
3.979497
3.991921
4.004499
4.017184
4.029579
4.042183
4.054716
4.067335
4.079865
4.092322
4.104987
4.117585
4.129899
4.142566
4.155189
4.167892
4.180316
4.192837
4.205369
4.218139
4.230797
4.243285
4.255889
4.268586
4.281116
4.293576
4.306334
4.318809
4.331638
4.344228
4.356685
4.369410
4.381930
4.394663
4.407064
4.419722
4.432270
4.444808
4.457467
4.470002
4.482571
4.495070
4.507830
4.520204
4.532727
4.545245
4.557885
4.570532
4.582893
4.595498
4.607944
4.620335
4.632948
4.645442
4.657906
4.670378
4.682902
4.695342
4.707769
4.720299
4.732828
4.745337
4.757767
4.770312
4.782736
4.795389
4.807775
4.820286
4.832962
4.845306
4.857839
4.870443
4.882948
4.895628
4.908031
4.920633
4.933354
4.945859
4.958347
4.971014
4.983547
4.996091
5.008747
5.021354
5.033875
5.046515
5.059134
5.071697
5.084265
5.096945
5.109477
5.122091
5.134584
5.147084
5.159826
5.172349
5.184792
5.197423
5.209998
5.222450
5.234994
5.247473
5.260002
5.272517
5.285073
5.297549
5.310066
5.322275
5.334754
5.347391
5.359603
5.372222
5.384506
5.396949
5.409221
5.421792
5.433959
5.446312
5.458736
5.470931
5.483307
5.495561
5.507926
5.519991
5.532613
5.544657
5.557031
5.569288
5.581611
5.593781
5.606253
5.618543
5.630611
5.643003
5.655167
5.667442
5.679795
5.691995
5.704338
5.716598
5.728774
5.741148
5.753456
5.765676
5.777934
5.790175
5.802387
5.814815
5.826991
5.839152
5.851388
5.863747
5.875830
5.888051
5.900403
5.912486
5.924779
5.936907
5.949062
5.961232
5.973426
5.985719
5.997769
6.009960
6.022046
6.034216
6.046299
6.058295
6.070364
6.082542
6.094532
6.106631
6.118708
6.130611
6.142628
6.154786
6.166645
6.178635
6.190697
6.202564
6.214507
6.226497
6.238493
6.250489
6.262237
6.274092
0.002798
0.014690
0.026587
0.038454
0.050298
0.062189
0.074227
0.085957
0.097866
0.109692
0.121583
0.133480
0.145312
0.157386
0.169115
0.180914
0.192736
0.204568
0.216636
0.228536
0.240386
0.252184
0.264087
0.275928
0.287801
0.299785
0.311674
0.323484
0.335337
0.347165
0.359122
0.370912
0.382776
0.394659
0.406508
0.418315
0.430069
0.442002
0.453798
0.465593
0.477470
0.489181
0.501015
0.512853
0.524571
0.536366
0.548239
0.559795
0.571686
0.583365
0.595041
0.606764
0.618584
0.630154
0.641782
0.653638
0.665229
0.676887
0.688527
0.700238
0.711815
0.723494
0.735169
0.746821
0.758377
0.770055
0.781617
0.793176
0.804807
0.816299
0.828143
0.839501
0.851231
0.862870
0.874375
0.885988
0.897568
0.909204
0.920910
0.932555
0.944129
0.955823
0.967442
0.979144
0.990817
1.002403
1.014081
1.025706
1.037426
1.049057
1.060781
1.072576
1.084129
1.095903
1.107654
1.119261
1.130894
1.142624
1.154294
1.165993
1.177810
1.189371
1.201308
1.212816
1.224560
1.236245
1.247989
1.259473
1.271346
1.283073
1.294527
1.306499
1.318181
1.329659
1.341442
1.353160
1.364805
1.376304
1.388079
1.399698
1.411268
1.423028
1.434560
1.446071
1.457968
1.469491
1.481035
1.492752
1.504359
1.515921
1.527566
1.539068
1.550795
1.562302
1.573840
1.585429
1.597030
1.608616
1.620213
1.631856
1.643436
1.655093
1.666817
1.678292
1.689869
1.701658
1.713208
1.724883
1.736517
1.748163
1.759895
1.771424
1.783316
1.794793
1.806508
1.818304
1.829820
1.841496
1.853438
1.865030
1.876724
1.888357
1.900060
1.911801
1.923432
1.935216
1.946993
1.958438
1.970344
1.982041
1.993833
2.005428
2.017161
2.028615
2.040398
2.052293
2.063701
2.075611
2.087050
2.098839
2.110320
2.122032
2.133588
2.145233
2.156771
2.168447
2.179996
2.191615
2.203189
2.214661
2.226247
2.237725
2.249277
2.260836
2.272293
2.283789
2.295264
2.306855
2.318318
2.329769
2.341100
2.352722
2.364155
2.375522
2.387024
2.398448
2.409920
2.421350
2.432789
2.444263
2.455739
2.467210
2.478470
2.490028
2.501416
2.512672
2.524186
2.535721
2.547082
2.558563
2.570020
2.581546
2.592955
2.604265
2.615674
2.627176
2.638582
2.650117
2.661535
2.672791
2.684454
2.695854
2.707197
2.718544
2.730168
2.741385
2.752831
2.764299
2.775636
2.786865
2.798481
2.809779
2.821177
2.832684
2.843797
2.855074
2.866540
2.877925
2.889145
2.900503
2.911834
2.923075
2.934466
2.945606
2.956865
2.968208
2.979413
2.990633
3.002006
3.013182
3.024318
3.035640
3.046708
3.057871
3.069091
3.080257
3.091337
3.102545
3.113612
3.124782
3.135867
3.146955
3.158134
3.169186
3.180242
3.191333
3.202505
3.213531
3.224610
3.235819
3.246874
3.257930
3.269051
3.280190
3.291186
3.302346
3.313461
3.324496
3.335635
3.346664
3.357776
3.368936
3.380118
3.391182
3.402378
3.413170
3.424366
3.435584
3.446576
3.457650
3.468882
3.479767
3.490813
3.501925
3.512894
3.523919
3.535182
3.546111
3.557158
3.568276
3.579170
3.590156
3.601373
3.612204
3.623245
3.634252
3.645155
3.656126
3.667146
3.678120
3.688996
3.700141
3.710945
3.721833
3.732721
3.743503
3.754475
3.765387
3.776166
3.787009
3.798136
3.808874
3.819537
3.830518
3.841229
3.852051
3.863088
3.873727
3.884453
3.895257
3.906003
3.916885
3.927602
3.938298
3.949087
3.959855
3.970545
3.981342
3.992128
4.002839
4.013688
4.024441
4.035157
4.045940
4.056759
4.067344
4.078226
4.088975
4.099995
4.110568
4.121396
4.132158
4.142955
4.153729
4.164563
4.175295
4.186138
4.196792
4.207664
4.218609
4.229287
4.240073
4.250841
4.261584
4.272640
4.283351
4.294190
4.304886
4.315684
4.326473
4.337436
4.348158
4.358971
4.369682
4.380471
4.391215
4.402112
4.412864
4.423599
4.434370
4.445213
4.455930
4.466589
4.477528
4.488167
4.498941
4.509721
4.520483
4.531290
4.542000
4.552642
4.563269
4.573965
4.584586
4.595486
4.606173
4.616794
4.627487
4.638231
4.648851
4.659434
4.670142
4.680855
4.691492
4.702178
4.712767
4.723513
4.734131
4.744701
4.755292
4.766037
4.776660
4.787257
4.798013
4.808631
4.819330
4.830176
4.840593
4.851364
4.862042
4.872681
4.883359
4.894124
4.904823
4.915489
4.926253
4.936752
4.947696
4.958275
4.968980
4.979673
4.990426
5.001083
5.011767
5.022439
5.033117
5.043879
5.054665
5.065417
5.076029
5.086773
5.097493
5.108153
5.118876
5.129587
5.140277
5.150955
5.161573
5.172340
5.183105
5.193666
5.204267
5.214944
5.225518
5.236189
5.246943
5.257392
5.268092
5.278650
5.289166
5.299870
5.310399
5.320894
5.331428
5.342013
5.352502
5.363037
5.373607
5.384048
5.394504
5.405017
5.415501
5.426017
5.436503
5.446737
5.457139
5.467614
5.478097
5.488424
5.498854
5.509121
5.519676
5.529932
5.540442
5.550584
5.561082
5.571403
5.581701
5.592364
5.602487
5.613058
5.623274
5.633605
5.643956
5.654346
5.664727
5.675019
5.685475
5.695787
5.706079
5.716565
5.726904
5.737118
5.747469
5.757860
5.768208
5.778514
5.788836
5.799128
5.809515
5.819735
5.830035
5.840341
5.850603
5.860963
5.871282
5.881456
5.891778
5.902039
5.912277
5.922532
5.932899
5.943037
5.953394
5.963620
5.973878
5.984092
5.994210
6.004441
6.014655
6.024907
6.035010
6.045170
6.055299
6.065549
6.075634
6.085889
6.095866
6.105938
6.116152
6.126258
6.136282
6.146398
6.156359
6.166567
6.176520
6.186598
6.196671
6.206690
6.216820
6.226851
6.236788
6.246693
6.256793
6.266662
6.276603
0.003499
0.013434
0.023336
0.033205
0.043125
0.053204
0.063181
0.073014
0.082973
0.093034
0.103031
0.112858
0.122913
0.132794
0.142720
0.152709
0.162623
0.172555
0.182562
0.192554
0.202461
0.212414
0.222316
0.232236
0.242246
0.252160
0.262083
0.272045
0.281938
0.291801
0.301862
0.311815
0.321770
0.331639
0.341452
0.351632
0.361393
0.371169
0.381326
0.391057
0.401085
0.410972
0.420883
0.430698
0.440777
0.450517
0.460353
0.470306
0.480073
0.490134
0.499823
0.509758
0.519585
0.529436
0.539302
0.549054
0.558893
0.568675
0.578422
0.588228
0.598013
0.607825
0.617601
0.627464
0.637147
0.646890
0.656745
0.666281
0.676180
0.685938
0.695636
0.705233
0.715087
0.724836
0.734438
0.744124
0.753796
0.763458
0.773171
0.782861
0.792598
0.802182
0.811799
0.821483
0.831208
0.840837
0.850440
0.860216
0.869836
0.879516
0.889253
0.898961
0.908545
0.918351
0.927945
0.937658
0.947347
0.957033
0.966839
0.976499
0.986044
0.995793
1.005503
1.015151
1.024849
1.034601
1.044410
1.054057
1.063723
1.073388
1.083200
1.092970
1.102552
1.112244
1.122041
1.131715
1.141393
1.151169
1.160918
1.170586
1.180356
1.189947
1.199720
1.209523
1.219098
1.228865
1.238588
1.248280
1.257987
1.267712
1.277351
1.287076
1.296762
1.306343
1.316042
1.325848
1.335414
1.345139
1.354814
1.364416
1.374039
1.383729
1.393352
1.403008
1.412665
1.422261
1.431899
1.441481
1.451140
1.460736
1.470428
1.479983
1.489597
1.499238
1.508781
1.518386
1.528139
1.537684
1.547181
1.556823
1.566455
1.576045
1.585567
1.595148
1.604838
1.614437
1.623922
1.633573
1.643160
1.652702
1.662218
1.672072
1.681465
1.691235
1.700702
1.710446
1.720039
1.729716
1.739268
1.748954
1.758628
1.768260
1.777809
1.787483
1.797023
1.806871
1.816545
1.825985
1.835804
1.845445
1.855032
1.864668
1.874420
1.884061
1.893615
1.903478
1.912886
1.922647
1.932429
1.941825
1.951685
1.961164
1.970884
1.980495
1.990139
1.999772
2.009413
2.019024
2.028699
2.038340
2.048023
2.057533
2.067174
2.076764
2.086412
2.096005
2.105604
2.115192
2.124761
2.134369
2.143849
2.153373
2.162901
2.172563
2.182103
2.191594
2.201116
2.210736
2.220224
2.229710
2.239067
2.248609
2.258047
2.267493
2.276991
2.286425
2.295890
2.305336
2.314699
2.324164
2.333628
2.342967
2.352437
2.361890
2.371250
2.380660
2.390038
2.399470
2.408808
2.418141
2.427480
2.436950
2.446367
2.455661
2.465140
2.474464
2.483805
2.493216
2.502777
2.512097
2.521511
2.530906
2.540191
2.549548
2.559004
2.568333
2.577726
2.587053
2.596415
2.605853
2.615170
2.624485
2.633941
2.643414
2.652663
2.661987
2.671389
2.680709
2.690120
2.699533
2.708722
2.718058
2.727409
2.736778
2.746194
2.755395
2.764836
2.774040
2.783321
2.792654
2.802008
2.811244
2.820535
2.829961
2.839261
2.848434
2.857704
2.866920
2.876157
2.885454
2.894700
2.903924
2.913161
2.922299
2.931494
2.940887
2.949971
2.959109
2.968325
2.977484
2.986721
2.995826
3.005086
3.014024
3.023293
3.032294
3.041611
3.050545
3.059690
3.068743
3.077867
3.087088
3.096071
3.105230
3.114200
3.123302
3.132365
3.141419
3.150383
3.159485
3.168539
3.177428
3.186590
3.195573
3.204615
3.213830
3.222636
3.231786
3.240657
3.249726
3.258831
3.267843
3.276829
3.285922
3.294925
3.303955
3.312904
3.321946
3.330985
3.340034
3.349034
3.358082
3.366905
3.376082
3.385007
3.394049
3.403112
3.412029
3.421092
3.430143
3.439038
3.448005
3.457044
3.465937
3.475081
3.484000
3.492928
3.501919
3.510916
3.519770
3.528707
3.537776
3.546674
3.555570
3.564672
3.573405
3.582349
3.591328
3.600115
3.609178
3.618011
3.626999
3.635795
3.644577
3.653634
3.662358
3.671304
3.680125
3.688918
3.697778
3.706619
3.715490
3.724299
3.732999
3.741814
3.750658
3.759398
3.768140
3.776978
3.785697
3.794514
3.803179
3.812017
3.820697
3.829451
3.838146
3.846795
3.855580
3.864178
3.872975
3.881691
3.890322
3.898948
3.907651
3.916367
3.925100
3.933558
3.942369
3.950956
3.959663
3.968252
3.976908
3.985603
3.994147
4.002860
4.011558
4.020093
4.028758
4.037500
4.045952
4.054749
4.063392
4.072021
4.080623
4.089275
4.097952
4.106542
4.115209
4.123796
4.132493
4.141176
4.149807
4.158472
4.167149
4.175792
4.184391
4.193107
4.201675
4.210373
4.218998
4.227588
4.236279
4.244929
4.253636
4.262154
4.270812
4.279492
4.288126
4.296737
4.305429
4.313994
4.322722
4.331195
4.339841
4.348425
4.357080
4.365676
4.374308
4.382895
4.391500
4.400116
4.408783
4.417212
4.426038
4.434481
4.443077
4.451681
4.460247
4.468761
4.477435
4.485950
4.494498
4.503169
4.511650
4.520165
4.528737
4.537153
4.545694
4.554308
4.562736
4.571287
4.579790
4.588253
4.596804
4.605361
4.613738
4.622202
4.630758
4.639300
4.647662
4.656153
4.664506
4.673021
4.681437
4.689883
4.698359
4.706921
4.715112
4.723735
4.732025
4.740564
4.748971
4.757384
4.765764
4.774204
4.782766
4.791086
4.799505
4.807978
4.816460
4.824813
4.833289
4.841768
4.850169
4.858749
4.867060
4.875497
4.884039
4.892443
4.900832
4.909299
4.917718
4.926131
4.934616
4.943103
4.951453
4.959914
4.968297
4.976698
4.985315
4.993566
5.002147
5.010557
5.019005
5.027589
5.035846
5.044235
5.052669
5.061268
5.069501
5.077920
5.086432
5.094820
5.103090
5.111682
5.119976
5.128356
5.136705
5.145080
5.153558
5.161995
5.170297
5.178590
5.187084
5.195407
5.203730
5.212113
5.220430
5.228705
5.237121
5.245346
5.253686
5.262048
5.270225
5.278464
5.286898
5.295119
5.303442
5.311549
5.319884
5.328066
5.336357
5.344566
5.352721
5.360960
5.369061
5.377247
5.385459
5.393656
5.401821
5.409958
5.418083
5.426472
5.434426
5.442747
5.450761
5.458859
5.466835
5.475116
5.483208
5.491307
5.499339
5.507473
5.515485
5.523559
5.531688
5.539657
5.547725
5.555818
5.563826
5.571898
5.579879
5.587998
5.596025
5.604093
5.612003
5.620107
5.628026
5.636112
5.644175
5.652099
5.660257
5.668149
5.676211
5.684279
5.692282
5.700359
5.708236
5.716383
5.724241
5.732306
5.740162
5.748162
5.756203
5.764152
5.772106
5.780138
5.788051
5.796053
5.804008
5.812007
5.819821
5.827875
5.835868
5.843859
5.851804
5.859666
5.867605
5.875527
5.883475
5.891334
5.899232
5.907192
5.915054
5.922880
5.930813
5.938776
5.946567
5.954563
5.962400
5.970199
5.978103
5.985878
5.993718
6.001574
6.009531
6.017250
6.025141
6.032784
6.040643
6.048684
6.056252
6.064033
6.071918
6.079537
6.087477
6.095162
6.102891
6.110649
6.118408
6.126117
6.133922
6.141603
6.149336
6.157036
6.164715
6.172400
6.180208
6.187743
6.195395
6.203122
6.210759
6.218452
6.226113
6.233780
6.241387
6.249090
6.256691
6.264217
6.272004
6.279539
0.003913
0.011487
0.019130
0.026734
0.034326
0.042005
0.049582
0.057051
0.064865
0.072253
0.079893
0.087464
0.095191
0.102657
0.110219
0.117799
0.125445
0.133025
0.140590
0.148242
0.155699
0.163270
0.170904
0.178445
0.186007
0.193602
0.201122
0.208750
0.216333
0.223880
0.231487
0.238986
0.246563
0.254057
0.261538
0.269235
0.276692
0.284359
0.291777
0.299399
0.306841
0.314523
0.322028
0.329605
0.337167
0.344585
0.352106
0.359713
0.367086
0.374645
0.382195
0.389673
0.397169
0.404707
0.412302
0.419744
0.427253
0.434719
0.442194
0.449720
0.457177
0.464619
0.472131
0.479567
0.487036
0.494487
0.501905
0.509368
0.516853
0.524220
0.531722
0.539119
0.546472
0.553956
0.561389
0.568765
0.576166
0.583548
0.590942
0.598363
0.605674
0.613137
0.620444
0.627821
0.635158
0.642612
0.649934
0.657200
0.664543
0.671929
0.679233
0.686582
0.694018
0.701242
0.708546
0.715944
0.723176
0.730462
0.737782
0.745038
0.752385
0.759668
0.766951
0.774184
0.781518
0.788757
0.796019
0.803357
0.810607
0.817822
0.825168
0.832343
0.839648
0.846970
0.854146
0.861411
0.868739
0.875933
0.883192
0.890494
0.897741
0.904992
0.912269
0.919511
0.926803
0.934158
0.941334
0.948605
0.955985
0.963148
0.970402
0.977691
0.984932
0.992228
0.999487
1.006783
1.013991
1.021320
1.028561
1.035812
1.043122
1.050360
1.057626
1.064873
1.072136
1.079392
1.086700
1.094079
1.101260
1.108550
1.115749
1.123072
1.130382
1.137594
1.144823
1.152130
1.159312
1.166610
1.173924
1.181126
1.188326
1.195642
1.202839
1.210107
1.217385
1.224500
1.231742
1.239067
1.246395
1.253499
1.260752
1.267919
1.275202
1.282486
1.289664
1.296843
1.304156
1.311260
1.318471
1.325716
1.332966
1.340139
1.347374
1.354559
1.361743
1.369006
1.376098
1.383306
1.390506
1.397696
1.404857
1.411942
1.419256
1.426293
1.433502
1.440603
1.447799
1.454963
1.462028
1.469170
1.476334
1.483437
1.490571
1.497770
1.504808
1.511939
1.519096
1.526209
1.533325
1.540467
1.547529
1.554695
1.561700
1.568936
1.575935
1.583077
1.590088
1.597192
1.604424
1.611405
1.618502
1.625651
1.632740
1.639838
1.647013
1.654102
1.661265
1.668261
1.675398
1.682495
1.689599
1.696712
1.703827
1.710904
1.718040
1.725138
1.732209
1.739316
1.746353
1.753556
1.760653
1.767769
1.774828
1.781910
1.789071
1.796184
1.803287
1.810400
1.817510
1.824595
1.831726
1.838785
1.845888
1.852986
1.860066
1.867202
1.874312
1.881406
1.888465
1.895665
1.902726
1.909806
1.916943
1.923918
1.931210
1.938206
1.945273
1.952299
1.959388
1.966626
1.973517
1.980693
1.987790
1.994822
2.001902
2.008937
2.016031
2.023156
2.030146
2.037171
2.044254
2.051289
2.058321
2.065379
2.072381
2.079350
2.086472
2.093506
2.100415
2.107564
2.114497
2.121555
2.128530
2.135505
2.142501
2.149497
2.156435
2.163401
2.170349
2.177282
2.184434
2.191357
2.198245
2.205166
2.212237
2.219098
2.226049
2.232949
2.239858
2.246832
2.253768
2.260611
2.267463
2.274549
2.281302
2.288340
2.295081
2.301990
2.308836
2.315706
2.322582
2.329419
2.336277
2.343090
2.350104
2.356931
2.363742
2.370534
2.377401
2.384253
2.391083
2.397888
2.404749
2.411553
2.418381
2.425164
2.431959
2.438787
2.445621
2.452401
2.459364
2.466150
2.472951
2.479752
2.486580
2.493408
2.500173
2.506941
2.513805
2.520627
2.527353
2.534205
2.541015
2.547813
2.554563
2.561340
2.568153
2.574966
2.581741
2.588500
2.595382
2.602102
2.608951
2.615713
2.622508
2.629192
2.636056
2.642812
2.649559
2.656351
2.663149
2.669918
2.676683
2.683514
2.690210
2.696936
2.703728
2.710448
2.717246
2.723915
2.730714
2.737413
2.744259
2.750919
2.757699
2.764347
2.771079
2.777779
2.784529
2.791186
2.797897
2.804566
2.811296
2.818001
2.824733
2.831384
2.838065
2.844770
2.851460
2.858067
2.864745
2.871423
2.878042
2.884789
2.891380
2.897947
2.904760
2.911355
2.917859
2.924567
2.931156
2.937771
2.944419
2.951058
2.957581
2.964319
2.970809
2.977355
2.983943
2.990489
2.997075
3.003684
3.010210
3.016753
3.023368
3.029876
3.036362
3.043025
3.049467
3.056007
3.062545
3.069046
3.075569
3.082067
3.088544
3.095004
3.101589
3.107962
3.114460
3.121007
3.127442
3.133929
3.140415
3.146854
3.153298
3.159785
3.166232
3.172662
3.179109
3.185548
3.191965
3.198539
3.204893
3.211242
3.217779
3.224194
3.230593
3.237071
3.243536
3.249966
3.256396
3.262783
3.269267
3.275684
3.282111
3.288474
3.295000
3.301336
3.307691
3.314130
3.320628
3.326965
3.333421
3.339803
3.346226
3.352611
3.358966
3.365458
3.371956
3.378158
3.384642
3.391017
3.397417
3.403742
3.410147
3.416532
3.422865
3.429304
3.435611
3.441920
3.448419
3.454633
3.461095
3.467417
3.473747
3.480120
3.486454
3.492722
3.499064
3.505407
3.511806
3.518026
3.524387
3.530667
3.536970
3.543334
3.549491
3.555854
3.562101
3.568411
3.574727
3.580946
3.587316
3.593527
3.599830
3.605996
3.612291
3.618529
3.624662
3.631013
3.637140
3.643393
3.649637
3.655917
3.662065
3.668254
3.674411
3.680673
3.686893
3.693041
3.699174
3.705316
3.711467
3.717582
3.723768
3.729919
3.735974
3.742080
3.748249
3.754331
3.760434
3.766570
3.772574
3.778746
3.784756
3.790904
3.796995
3.803002
3.809039
3.815130
3.821143
3.827171
3.833259
3.839272
3.845303
3.851349
3.857336
3.863355
3.869398
3.875369
3.881328
3.887458
3.893342
3.899346
3.905389
3.911321
3.917289
3.923336
3.929304
3.935275
3.941225
3.947187
3.953149
3.959117
3.965065
3.971003
3.976971
3.982906
3.988823
3.994801
4.000763
4.006623
4.012594
4.018589
4.024428
4.030373
4.036296
4.042252
4.048193
4.054057
4.060025
4.065930
4.071859
4.077725
4.083673
4.089575
4.095504
4.101433
4.107234
4.113091
4.119071
4.124958
4.130816
4.136778
4.142641
4.148483
4.154514
4.160249
4.166121
4.172107
4.177928
4.183783
4.189709
4.195512
4.201433
4.207365
4.213150
4.219026
4.224936
4.230746
4.236603
4.242527
4.248363
4.254115
4.260140
4.265854
4.271756
4.277541
4.283476
4.289232
4.295107
4.300901
4.306705
4.312586
4.318438
4.324277
4.330089
4.335872
4.341666
4.347463
4.353339
4.359142
4.364882
4.370731
4.376480
4.382259
4.388078
4.393839
4.399592
4.405362
4.411174
4.416918
4.422691
4.428414
4.434238
4.440009
4.445689
4.451417
4.457170
4.462881
4.468624
4.474334
4.480087
4.485800
4.491463
4.497188
4.502878
4.508525
4.514233
4.519955
4.525636
4.531271
4.536979
4.542605
4.548283
4.553964
4.559620
4.565207
4.571032
4.576521
4.582171
4.587828
4.593440
4.599030
4.604693
4.610232
4.615838
4.621486
4.627055
4.632667
4.638258
4.643902
4.649376
4.654933
4.660545
4.666088
4.671658
4.677203
4.682746
4.688295
4.693792
4.699344
4.704911
4.710405
4.715999
4.721464
4.727004
4.732487
4.738023
4.743545
4.749043
4.754556
4.760077
4.765560
4.771085
4.776562
4.782014
4.787536
4.793058
4.798526
4.804023
4.809452
4.814938
4.820493
4.825966
4.831428
4.836896
4.842349
4.847853
4.853323
4.858713
4.864190
4.869667
4.875093
4.880534
4.885998
4.891463
4.896880
4.902336
4.907759
4.913241
4.918700
4.924078
4.929498
4.934981
4.940386
4.945800
4.951226
4.956615
4.962023
4.967473
4.972770
4.978220
4.983706
4.988979
4.994450
4.999750
5.005220
5.010499
5.015881
5.021333
5.026654
5.032053
5.037431
5.042761
5.048121
5.053445
5.058772
5.064207
5.069429
5.074789
5.080131
5.085431
5.090818
5.096076
5.101457
5.106706
5.112069
5.117312
5.122705
5.127939
5.133230
5.138557
5.143842
5.149061
5.154340
5.159628
5.164868
5.170171
5.175420
5.180708
5.185901
5.191213
5.196396
5.201621
5.206891
5.212056
5.217302
5.222507
5.227624
5.232891
5.238077
5.243233
5.248431
5.253621
5.258738
5.263915
5.269107
5.274212
5.279447
5.284633
5.289732
5.294763
5.299958
5.305051
5.310186
5.315273
5.320379
5.325478
5.330562
5.335602
5.340644
5.345752
5.350828
5.355906
5.360948
5.365925
5.370994
5.376042
5.381001
5.386037
5.390990
5.396083
5.400988
5.406069
5.410934
5.416043
5.420989
5.425921
5.430882
5.435862
5.440802
5.445737
5.450746
5.455672
5.460558
5.465538
5.470400
5.475311
5.480233
5.485192
5.490078
5.494974
5.499827
5.504714
5.509657
5.514481
5.519422
5.524299
5.529183
5.534028
5.538851
5.543714
5.548627
5.553406
5.558254
5.563125
5.568021
5.572775
5.577686
5.582399
5.587261
5.592133
5.596927
5.601748
5.606595
5.611373
5.616131
5.620952
5.625772
5.630560
5.635345
5.640118
5.644887
5.649690
5.654385
5.659125
5.663949
5.668694
5.673443
5.678168
5.682875
5.687704
5.692351
5.697142
5.701816
5.706594
5.711202
5.716008
5.720670
5.725410
5.730098
5.734847
5.739539
5.744216
5.748940
5.753579
5.758270
5.763019
5.767615
5.772286
5.776930
5.781586
5.786244
5.790951
5.795508
5.800143
5.804802
5.809509
5.814093
5.818820
5.823375
5.828010
5.832692
5.837273
5.841878
5.846513
5.851136
5.855717
5.860352
5.864894
5.869574
5.874161
5.878724
5.883272
5.887939
5.892469
5.897024
5.901626
5.906141
5.910713
5.915369
5.919866
5.924459
5.929021
5.933501
5.938111
5.942642
5.947193
5.951725
5.956181
5.960714
5.965333
5.969810
5.974265
5.978759
5.983259
5.987858
5.992214
5.996799
6.001259
6.005709
6.010164
6.014640
6.019128
6.023589
6.027987
6.032436
6.036856
6.041323
6.045703
6.050137
6.054604
6.059056
6.063509
6.067805
6.072272
6.076589
6.081059
6.085386
6.089784
6.094155
6.098574
6.102954
6.107257
6.111634
6.116017
6.120362
6.124697
6.129044
6.133400
6.137754
6.142107
6.146421
6.150781
6.155125
6.159421
6.163763
6.168110
6.172367
6.176688
6.181032
6.185301
6.189586
6.193882
6.198106
6.202484
6.206753
6.211013
6.215295
6.219663
6.223878
6.228139
6.232384
6.236641
6.240878
6.245147
6.249408
6.253590
6.257923
6.262075
6.266425
6.270611
6.274856
6.279045
0.000096
0.004281
0.008500
0.012760
0.016940
0.021155
0.025362
0.029520
0.033733
0.037957
0.042104
0.046286
0.050508
0.054723
0.058873
0.063064
0.067243
0.071429
0.075620
0.079824
0.083917
0.088201
0.092288
0.096458
0.100611
0.104772
0.108943
0.113095
0.117239
0.121397
0.125541
0.129684
0.133828
0.137989
0.142142
0.146264
0.150438
0.154549
0.158695
0.162830
0.166940
0.171093
0.175200
0.179320
0.183428
0.187571
0.191658
0.195807
0.199936
0.204034
0.208136
0.212277
0.216330
0.220480
0.224611
0.228656
0.232722
0.236844
0.240904
0.244997
0.249077
0.253170
0.257268
0.261355
0.265379
0.269483
0.273558
0.277669
0.281710
0.285809
0.289838
0.293874
0.297916
0.301982
0.306035
0.310068
0.314101
0.318160
0.322226
0.326244
0.330312
0.334270
0.338357
0.342344
0.346389
0.350425
0.354454
0.358475
0.362484
0.366490
0.370492
0.374471
0.378483
0.382530
0.386479
0.390479
0.394518
0.398523
0.402481
0.406481
0.410469
0.414438
0.418438
0.422378
0.426318
0.430371
0.434290
0.438254
0.442227
0.446173
0.450133
0.454061
0.458055
0.461983
0.465929
0.469854
0.473826
0.477802
0.481694
0.485628
0.489583
0.493558
0.497408
0.501351
0.505267
0.509123
0.513027
0.517023
0.520915
0.524771
0.528648
0.532558
0.536486
0.540414
0.544273
0.548149
0.552032
0.555894
0.559840
0.563609
0.567531
0.571354
0.575216
0.579069
0.582967
0.586790
0.590645
0.594528
0.598351
0.602210
0.605961
0.609868
0.613703
0.617466
0.621307
0.625184
0.628998
0.632830
0.636647
0.640422
0.644194
0.648035
0.651858
0.655639
0.659453
0.663177
0.667009
0.670820
0.674568
0.678376
0.682160
0.685884
0.689728
0.693497
0.697224
0.700984
0.704810
0.708513
0.712294
0.716036
0.719761
0.723512
0.727287
0.730999
0.734744
0.738468
0.742195
0.745928
0.749670
0.753373
0.757100
0.760836
0.764522
0.768240
0.771979
0.775664
0.779340
0.783061
0.786815
0.790518
0.794225
0.797895
0.801589
0.805322
0.808995
0.812653
0.816341
0.820012
0.823676
0.827361
0.831040
0.834698
0.838416
0.842057
0.845751
0.849367
0.853082
0.856710
0.860389
0.864042
0.867688
0.871358
0.874992
0.878650
0.882288
0.885925
0.889574
0.893232
0.896842
0.900480
0.904111
0.907751
0.911400
0.915061
0.918678
0.922294
0.925970
0.929520
0.933197
0.936768
0.940402
0.944024
0.947656
0.951290
0.954900
0.958477
0.962076
0.965668
0.969302
0.972891
0.976481
0.980115
0.983758
0.987290
0.990898
0.994553
0.998136
1.001689
1.005255
1.008862
1.012451
1.016002
1.019594
1.023204
1.026760
1.030347
1.033957
1.037519
1.041130
1.044686
1.048230
1.051787
1.055379
1.058932
1.062500
1.066129
1.069613
1.073208
1.076750
1.080282
1.083823
1.087407
1.090942
1.094492
1.098013
1.101554
1.105116
1.108676
1.112208
1.115758
1.119261
1.122805
1.126319
1.129861
1.133366
1.136881
1.140431
1.143942
1.147457
1.151001
1.154482
1.158027
1.161565
1.165013
1.168525
1.172057
1.175521
1.179059
1.182519
1.185986
1.189461
1.192940
1.196418
1.199921
1.203420
1.206877
1.210398
1.213861
1.217349
1.220851
1.224284
1.227754
1.231178
1.234624
1.238087
1.241560
1.245008
1.248448
1.251938
1.255363
1.258808
1.262254
1.265711
1.269135
1.272545
1.276017
1.279409
1.282878
1.286282
1.289691
1.293122
1.296546
1.299938
1.303359
1.306739
1.310163
1.313549
1.316958
1.320341
1.323745
1.327187
1.330528
1.333934
1.337350
1.340684
1.344043
1.347437
1.350814
1.354181
1.357603
1.360923
1.364284
1.367673
1.371013
1.374318
1.377751
1.381101
1.384421
1.387806
1.391132
1.394487
1.397810
1.401154
1.404476
1.407823
1.411121
1.414408
1.417752
1.421071
1.424385
1.427687
1.430985
1.434296
1.437631
1.440890
1.444204
1.447509
1.450816
1.454100
1.457360
1.460619
1.463912
1.467205
1.470443
1.473742
1.477008
1.480261
1.483515
1.486805
1.490044
1.493321
1.496596
1.499802
1.503070
1.506372
1.509545
1.512748
1.516073
1.519285
1.522512
1.525727
1.528890
1.532204
1.535404
1.538601
1.541833
1.545054
1.548287
1.551481
1.554711
1.557859
1.561122
1.564331
1.567486
1.570665
1.573885
1.577070
1.580258
1.583410
1.586630
1.589821
1.593000
1.596185
1.599364
1.602564
1.605691
1.608885
1.612079
1.615258
1.618425
1.621612
1.624770
1.627946
1.631110
1.634253
1.637384
1.640584
1.643729
1.646896
1.650075
1.653209
1.656409
1.659525
1.662703
1.665849
1.669034
1.672102
1.675380
1.678442
1.681563
1.684709
1.687840
1.690974
1.694090
1.697245
1.700370
1.703504
1.706679
1.709750
1.712908
1.716000
1.719122
1.722280
1.725354
1.728443
1.731589
1.734663
1.737793
1.740912
1.744016
1.747114
1.750227
1.753343
1.756459
1.759533
1.762631
1.765696
1.768815
1.771892
1.774960
1.778046
1.781140
1.784220
1.787297
1.790353
1.793457
1.796516
1.799605
1.802622
1.805711
1.808728
1.811844
1.814846
1.817950
1.820970
1.823978
1.827019
1.830072
1.833128
1.836160
1.839195
1.842245
1.845271
1.848285
1.851359
1.854394
1.857504
1.860488
1.863490
1.866504
1.869530
1.872517
1.875510
1.878527
1.881517
1.884504
1.887566
1.890476
1.893576
1.896516
1.899512
1.902478
1.905552
1.908518
1.911469
1.914465
1.917455
1.920427
1.923399
1.926386
1.929328
1.932315
1.935279
1.938203
1.941208
1.944144
1.947080
1.950067
1.953030
1.955975
1.958917
1.961839
1.964772
1.967702
1.970662
1.973610
1.976561
1.979461
1.982433
1.985316
1.988276
1.991212
1.994118
1.997048
1.999933
2.002849
2.005761
2.008679
2.011567
2.014452
2.017338
2.020262
2.023177
2.026086
2.028974
2.031829
2.034739
2.037612
2.040470
2.043379
2.046294
2.049129
2.052005
2.054911
2.057742
2.060589
2.063492
2.066308
2.069166
2.071989
2.074817
2.077651
2.080572
2.083395
2.086238
2.089120
2.091906
2.094768
2.097578
2.100364
2.103243
2.106021
2.108864
2.111629
2.114491
2.117241
2.120060
2.122871
2.125660
2.128476
2.131173
2.134022
2.136760
2.139621
2.142324
2.145086
2.147912
2.150680
2.153415
2.156196
2.158958
2.161732
2.164477
2.167152
2.169930
2.172677
2.175463
2.178130
2.180946
2.183681
2.186369
2.189092
2.191825
2.194569
2.197293
2.199950
2.202671
2.205442
2.208126
2.210766
2.213525
2.216222
2.218900
2.221621
2.224329
2.226981
2.229668
2.232322
2.235052
2.237721
2.240361
2.243027
2.245703
2.248393
2.251036
2.253690
2.256369
2.258993
2.261693
2.264308
2.266909
2.269588
2.272278
2.274899
2.277524
2.280173
2.282830
2.285452
2.288076
2.290692
2.293322
2.295944
2.298538
2.301169
2.303787
2.306373
2.308992
2.311628
2.314199
2.316775
2.319349
2.321980
2.324616
2.327142
2.329778
2.332307
2.334913
2.337463
2.340082
2.342646
2.345229
2.347803
2.350349
2.352941
2.355469
2.358010
2.360593
2.363151
2.365728
2.368257
2.370791
2.373314
2.375873
2.378431
2.380960
2.383474
2.386065
2.388594
2.391102
2.393642
2.396135
2.398673
2.401186
2.403643
2.406175
2.408706
2.411202
2.413692
2.416235
2.418743
2.421230
2.423774
2.426260
2.428762
2.431246
2.433727
2.436198
2.438673
2.441151
2.443604
2.446121
2.448554
2.451056
2.453527
2.455975
2.458468
2.460976
2.463435
2.465904
2.468346
2.470767
2.473214
2.475674
2.478128
2.480579
2.483011
2.485447
2.487868
2.490337
2.492758
2.495182
2.497623
2.500047
2.502480
2.504901
2.507310
2.509715
2.512196
2.514572
2.516984
2.519363
2.521780
2.524183
2.526595
2.528986
2.531386
2.533801
2.536195
2.538609
2.540967
2.543349
2.545776
2.548134
2.550507
2.552895
2.555285
2.557685
2.560052
2.562392
2.564762
2.567126
2.569469
2.571869
2.574247
2.576596
2.578954
2.581312
2.583679
2.586046
2.588365
2.590702
2.593018
2.595373
2.597716
2.600053
2.602386
2.604717
2.607060
2.609406
2.611725
2.614026
2.616357
2.618709
2.620998
2.623308
2.625603
2.627916
2.630232
2.632536
2.634831
2.637144
2.639397
2.641704
2.643984
2.646324
2.648592
2.650892
2.653182
2.655465
2.657757
2.659995
2.662266
2.664549
2.666817
2.669049
2.671320
2.673585
2.675871
2.678115
2.680368
2.682615
2.684865
2.687094
2.689341
2.691597
2.693826
2.696085
2.698365
2.700573
2.702823
2.705016
2.707222
2.709418
2.711686
2.713861
2.716069
2.718280
2.720491
2.722714
2.724946
2.727124
2.729338
2.731558
2.733737
2.735918
2.738114
2.740304
2.742491
2.744681
2.746856
2.749022
2.751204
2.753346
2.755518
2.757705
2.759829
2.762052
2.764191
2.766400
2.768533
2.770693
2.772832
2.774992
2.777146
2.779292
2.781383
2.783570
2.785670
2.787782
2.789931
2.792058
2.794173
2.796375
2.798478
2.800611
2.802703
2.804797
2.806960
2.809045
2.811125
2.813231
2.815364
2.817467
2.819538
2.821644
2.823732
2.825811
2.827909
2.829961
2.832070
2.834161
2.836214
2.838305
2.840399
2.842454
2.844519
2.846571
2.848623
2.850700
2.852737
2.854771
2.856817
2.858885
2.860955
2.862980
2.865042
2.867082
2.869113
2.871136
2.873185
2.875198
2.877218
2.879258
2.881301
2.883332
2.885322
2.887347
2.889394
2.891383
2.893363
2.895368
2.897348
2.899374
2.901393
2.903355
2.905396
2.907409
2.909374
2.911367
2.913347
2.915288
2.917233
2.919219
2.921179
2.923156
2.925175
2.927171
2.929142
2.931123
2.933064
2.935009
2.936938
2.938855
2.940788
2.942732
2.944641
2.946597
2.948575
2.950543
2.952491
2.954402
2.956356
2.958252
2.960160
2.962039
2.963974
2.965871
2.967821
2.969748
2.971707
2.973616
2.975521
2.977433
2.979335
2.981178
2.983053
2.984917
2.986810
2.988713
2.990597
2.992494
2.994411
2.996317
2.998216
3.000083
3.001923
3.003780
3.005620
3.007456
3.009308
3.011177
3.013008
3.014919
3.016813
3.018679
3.020534
3.022374
3.024192
3.026005
3.027817
3.029615
3.031443
3.033294
3.035146
3.036964
3.038816
3.040658
3.042501
3.044332
3.046108
3.047879
3.049656
3.051468
3.053233
3.055048
3.056822
3.058653
3.060474
3.062308
3.064109
3.065894
3.067650
3.069409
3.071161
3.072893
3.074652
3.076432
3.078184
3.079988
3.081785
3.083541
3.085294
3.087067
3.088823
3.090555
3.092272
3.093994
3.095735
3.097482
3.099171
3.100915
3.102656
3.104388
3.106131
3.107860
3.109595
3.111326
3.113028
3.114721
3.116447
3.118137
3.119823
3.121516
3.123245
3.124928
3.126621
3.128320
3.130031
3.131724
3.133416
3.135070
3.136742
3.138435
3.140077
3.141721
3.143402
3.145068
3.146728
3.148415
3.150090
3.151746
3.153418
3.155087
3.156747
3.158389
3.160042
3.161663
3.163278
3.164902
3.166526
3.168144
3.169780
3.171439
3.173069
3.174714
3.176356
3.177971
3.179628
3.181227
3.182803
3.184370
3.185979
3.187591
3.189188
3.190773
3.192370
3.194000
3.195642
3.197253
3.198853
3.200423
3.201990
3.203560
3.205124
3.206685
3.208267
3.209861
3.211416
3.212986
3.214576
3.216152
3.217710
3.219274
3.220838
3.222375
3.223936
3.225485
3.227040
3.228604
3.230156
3.231693
3.233230
3.234743
3.236280
3.237808
3.239339
3.240909
3.242446
3.243956
3.245475
3.246997
3.248522
3.250014
3.251545
3.253058
3.254535
3.256027
3.257516
3.259014
3.260563
3.262046
3.263553
3.265063
3.266531
3.268005
3.269455
3.270950
3.272409
3.273890
3.275334
3.276811
3.278240
3.279696
3.281158
3.282632
3.284100
3.285544
3.286997
3.288432
3.289859
3.291267
3.292696
3.294143
3.295587
3.296992
3.298409
3.299802
3.301190
3.302607
3.304018
3.305438
3.306843
3.308248
3.309629
3.311011
3.312404
3.313788
3.315184
3.316565
3.317925
3.319277
3.320616
3.321973
3.323328
3.324664
3.326009
3.327366
3.328759
3.330122
3.331450
3.332831
3.334131
3.335488
3.336798
3.338119
3.339434
3.340770
3.342065
3.343353
3.344647
3.345921
3.347242
3.348551
3.349879
3.351185
3.352503
3.353794
3.355086
3.356386
3.357668
3.358953
3.360239
3.361506
3.362756
3.363999
3.365245
3.366495
3.367744
3.368987
3.370246
3.371492
3.372738
3.374000
3.375270
3.376510
3.377754
3.379003
3.380229
3.381421
3.382655
3.383815
3.385019
3.386227
3.387416
3.388585
3.389798
3.390949
3.392126
3.393333
3.394529
3.395742
3.396944
3.398151
3.399331
3.400500
3.401671
3.402828
3.403990
3.405129
3.406267
3.407439
3.408547
3.409680
3.410821
3.411936
3.413050
3.414183
3.415306
3.416466
3.417583
3.418710
3.419827
3.420945
3.422065
3.423171
3.424304
3.425403
3.426503
3.427617
3.428702
3.429768
3.430835
3.431899
3.432953
3.433984
3.435017
3.436063
3.437118
3.438172
3.439242
3.440326
3.441378
3.442454
3.443514
3.444557
3.445617
3.446669
3.447706
3.448757
3.449797
3.450801
3.451804
3.452799
3.453767
3.454707
3.455669
3.456637
3.457653
3.458650
3.459648
3.460637
3.461652
3.462617
3.463588
3.464544
3.465511
3.466479
3.467456
3.468411
3.469403
3.470389
3.471357
3.472312
3.473247
3.474152
3.475051
3.475944
3.476821
3.477705
3.478604
3.479491
3.480384
3.481318
3.482229
3.483122
3.484018
3.484890
3.485747
3.486624
3.487496
3.488383
3.489291
3.490202
3.491116
3.492014
3.492910
3.493770
3.494618
3.495421
3.496197
3.496964
3.497749
3.498552
3.499358
3.500161
3.500991
3.501823
3.502647
3.503465
3.504277
3.505038
3.505799
3.506575
3.507345
3.508118
3.508915
3.509706
3.510503
3.511285
3.512064
3.512810
3.513532
3.514263
3.515006
3.515728
3.516447
3.517178
3.517894
3.518598
3.519290
3.519962
3.520630
3.521289
3.521933
3.522577
3.523260
3.523946
3.524632
3.525327
3.526008
3.526661
3.527314
3.527955
3.528581
3.529196
3.529816
3.530430
3.531032
3.531646
3.532243
3.532839
3.533453
3.534067
3.534690
3.535295
3.535895
3.536500
3.537105
3.537698
3.538291
3.538849
3.539382
3.539903
3.540425
3.540913
3.541416
3.541896
3.542414
3.542938
3.543457
3.543978
3.544511
3.545036
3.545545
3.546015
3.546480
3.546947
3.547402
3.547849
3.548307
3.548748
3.549188
3.549626
3.550054
3.550458
3.550866
3.551267
3.551666
3.552055
3.552442
3.552819
3.553203
3.553625
3.554051
3.554455
3.554863
3.555273
3.555684
3.556094
3.556493
3.556888
3.557283
3.557682
3.558074
3.558467
3.558844
3.559243
3.559617
3.559977
3.560328
3.560648
3.560975
3.561298
3.561610
3.561894
3.562176
3.562461
3.562727
3.562985
3.563237
3.563464
3.563698
3.563923
3.564126
3.564318
3.564519
3.564720
3.564905
3.565085
3.565256
3.565403
3.565538
3.565678
3.565819
3.565936
3.566047
3.566152
3.566263
3.566365
3.566460
3.566550
3.566643
3.566739
3.566826
3.566880
3.566937
3.566991
3.567042
3.567093
3.567126
3.567147
3.567170
3.567189
3.567197
3.567200
3.567200
3.567200
3.567200
3.567200
3.567200
3.567200
3.567200
3.567200
3.567200
3.567200
3.567200
3.567200
3.567200
3.567200
3.567200
3.567200
3.567200
3.567200
3.567200
3.567200
3.567200
3.567200
3.567200
3.567200
3.567200
3.567200
3.567200
3.567200
3.567200
3.567200
3.567200
3.567200
3.567200
3.567200
3.567200
3.567200
3.567200
3.567200
3.567200
3.567200
3.567200
3.567200
3.567200
3.567200
3.567200
3.567200
3.567200
3.567200
3.567200
3.567200
3.567200
3.567200
3.567200
3.567200
3.567200
3.567200
3.567200
3.567200
3.567200
3.567200
3.567200
3.567200
3.567200
3.567200
3.567200
3.567200
3.567200
3.567200
3.567200
3.567200
3.567200
3.567200
3.567200
3.567200
3.567200
3.567200
3.567200
3.567200
3.567200
3.567200
3.567200
3.567200
3.567200
3.567200
3.567200
3.567200
3.567200
3.567200
3.567200
3.567200
3.567200
3.567200
3.567200
3.567200
3.567200
3.567200
3.567200
3.567200
3.567200