3.366731
3.366731
3.366731
3.366731
3.366785
3.367031
3.367453
3.368050
3.368798
3.369668
3.370764
3.372085
3.373580
3.375405
3.377370
3.379444
3.381646
3.383986
3.386424
3.388980
3.391706
3.394643
3.397893
3.401315
3.404943
3.408760
3.412894
3.417113
3.421562
3.426089
3.430940
3.435898
3.441004
3.446280
3.451840
3.457542
3.463483
3.469631
3.475929
3.482508
3.489249
3.496092
3.503175
3.510518
3.517978
3.525642
3.533540
3.541707
3.549931
3.558578
3.567164
3.576165
3.585138
3.594530
3.603893
3.613564
3.623260
3.633177
3.643321
3.653822
3.664389
3.675217
3.686324
3.697391
3.708824
3.720374
3.731998
3.743911
3.756063
3.768293
3.780975
3.793561
3.806421
3.819471
3.832744
3.846001
3.859571
3.873502
3.887488
3.901512
3.915962
3.930331
3.945099
3.960106
3.975281
3.990591
4.006141
4.021807
4.037764
4.053922
4.070235
4.086810
4.103611
4.120653
4.137985
4.155269
4.172883
4.190707
4.208821
4.226995
4.245259
4.264155
4.282640
4.302151
4.321200
4.340374
4.359801
4.379135
4.398304
4.417880
4.437459
4.456831
4.476477
4.496116
4.515467
4.534959
4.554473
4.574166
4.593542
4.613223
4.632679
4.652084
4.671706
4.691333
4.710840
4.730360
4.749798
4.769341
4.789007
4.808473
4.828073
4.847820
4.867237
4.887398
4.907091
4.926613
4.946060
4.966356
4.985698
5.005466
5.025372
5.045077
5.064743
5.084730
5.104411
5.123784
5.143665
5.163487
5.183339
5.202646
5.222632
5.242077
5.261680
5.281016
5.301051
5.320433
5.339664
5.359357
5.378604
5.398078
5.417448
5.436868
5.455977
5.475362
5.494638
5.513747
5.533297
5.552238
5.571853
5.590899
5.610394
5.629419
5.648600
5.668050
5.687063
5.706190
5.725637
5.744971
5.764478
5.783479
5.802696
5.821925
5.841084
5.860538
5.879692
5.898971
5.917987
5.937078
5.956369
5.975412
5.994339
6.013421
6.032233
6.051554
6.070271
6.089281
6.108324
6.127211
6.146272
6.164587
6.183947
6.202196
6.221143
6.239958
6.258480
6.277499
0.012934
0.031650
0.050136
0.068789
0.087422
0.106222
0.124846
0.143706
0.162284
0.181384
0.199645
0.218472
0.236916
0.255818
0.274346
0.293260
0.311749
0.330381
0.349050
0.367913
0.386425
0.405199
0.423978
0.442544
0.461210
0.479702
0.498418
0.517065
0.535518
0.554058
0.572627
0.591185
0.609614
0.628204
0.646603
0.664957
0.683739
0.701964
0.720324
0.738717
0.756897
0.775610
0.793727
0.811967
0.830624
0.848789
0.867247
0.885541
0.903991
0.922402
0.940687
0.959331
0.977604
0.996099
1.014549
1.032941
1.051523
1.070059
1.088545
1.107312
1.125732
1.144332
1.162808
1.181126
1.199965
1.218562
1.237144
1.255389
1.274426
1.292616
1.311254
1.329743
1.348198
1.366747
1.385424
1.403724
1.422198
1.440681
1.459364
1.477556
1.496078
1.514327
1.532776
1.551487
1.569847
1.588317
1.606839
1.625376
1.643705
1.662395
1.680794
1.699237
1.717936
1.736319
1.754931
1.773548
1.792088
1.810730
1.829287
1.848219
1.866855
1.885535
1.904389
1.922863
1.941567
1.960347
1.978934
1.997677
2.016349
2.035092
2.053698
2.072357
2.091034
2.109502
2.128231
2.146599
2.165457
2.184017
2.202449
2.220941
2.239297
2.257876
2.276281
2.294703
2.313219
2.331642
2.350118
2.368038
2.386889
2.404994
2.423402
2.441633
2.459945
2.478140
2.496763
2.515033
2.533399
2.551936
2.570038
2.588790
2.606880
2.625330
2.643564
2.662020
2.680553
2.698901
2.717180
2.735618
2.753972
2.772416
2.790677
2.808982
2.827324
2.845582
2.863840
2.881990
2.900320
2.918479
2.936653
2.954693
2.973211
2.991233
3.009233
3.027185
3.045320
3.063635
3.081495
3.099531
3.117373
3.135190
3.153217
3.171589
3.189146
3.207000
3.224841
3.242805
3.260812
3.278944
3.296809
3.314864
3.332801
3.350654
3.368604
3.386535
3.404928
3.422575
3.440788
3.458599
3.476606
3.494456
3.512489
3.530544
3.548403
3.566182
3.584293
3.602039
3.620057
3.637925
3.655800
3.673614
3.691761
3.709480
3.727175
3.745094
3.762831
3.780454
3.798541
3.815933
3.833463
3.851589
3.868945
3.886676
3.904299
3.921841
3.939667
3.957266
3.974892
3.992593
4.010194
4.027901
4.045461
4.063389
4.080994
4.098680
4.116518
4.134042
4.152016
4.169686
4.187396
4.205139
4.222980
4.240720
4.258663
4.276586
4.294197
4.312146
4.330002
4.347760
4.365443
4.383428
4.401090
4.419117
4.436992
4.454947
4.472519
4.490627
4.508255
4.526202
4.544074
4.561741
4.579448
4.597412
4.615143
4.632736
4.650625
4.668239
4.685961
4.704012
4.721482
4.739350
4.756970
4.774662
4.792578
4.810495
4.828423
4.846028
4.864277
4.881786
4.899936
4.917616
4.935697
4.953425
4.971542
4.989593
5.007414
5.025639
5.043283
5.061415
5.079508
5.097352
5.115520
5.133616
5.151350
5.169456
5.187441
5.205387
5.223217
5.241442
5.259091
5.276966
5.295080
5.312996
5.330817
5.348512
5.366233
5.384048
5.401746
5.419719
5.437309
5.455183
5.472836
5.490483
5.508142
5.525812
5.543408
5.561183
5.578747
5.596385
5.614346
5.631903
5.649454
5.667190
5.684960
5.702559
5.720232
5.737939
5.755577
5.773424
5.790924
5.808568
5.826443
5.844044
5.861685
5.879326
5.896916
5.914575
5.932152
5.949760
5.967212
5.985018
6.002482
6.020192
6.037772
6.055209
6.072736
6.090114
6.107635
6.124802
6.142422
6.159721
6.177092
6.194526
6.211771
6.228906
6.246400
6.263681
6.281121
0.014860
0.032423
0.049327
0.066665
0.083707
0.101216
0.118551
0.135554
0.152814
0.170158
0.187430
0.204670
0.221984
0.239220
0.256402
0.273872
0.290941
0.308312
0.325665
0.342878
0.360063
0.377569
0.394338
0.411928
0.428981
0.446197
0.463547
0.480798
0.497801
0.515151
0.532252
0.549333
0.566761
0.583569
0.600571
0.617913
0.634762
0.651927
0.668938
0.685728
0.703019
0.720000
0.736817
0.753856
0.770912
0.787879
0.804723
0.821764
0.838533
0.855829
0.872685
0.889601
0.906625
0.923714
0.940636
0.957659
0.974788
0.991776
1.008826
1.025981
1.043029
1.060280
1.077322
1.094334
1.111432
1.128764
1.145539
1.162928
1.179880
1.197125
1.214209
1.231430
1.248457
1.265717
1.282771
1.299974
1.317027
1.334258
1.351212
1.368356
1.385754
1.402706
1.419681
1.436651
1.453953
1.470776
1.488171
1.504994
1.522191
1.539059
1.556316
1.573310
1.590310
1.607498
1.624438
1.641503
1.658554
1.675655
1.692835
1.710110
1.726960
1.744619
1.761456
1.778630
1.795944
1.813132
1.830450
1.847719
1.864784
1.882081
1.899497
1.916577
1.933823
1.951272
1.968301
1.985558
2.003070
2.020124
2.037351
2.054665
2.071851
2.089054
2.106159
2.123434
2.140733
2.157876
2.175044
2.192017
2.209220
2.226339
2.243399
2.260551
2.277443
2.294380
2.311287
2.328484
2.345307
2.362450
2.379240
2.396192
2.413260
2.430143
2.447068
2.464190
2.481049
2.497971
2.514959
2.531937
2.549036
2.565990
2.582774
2.599864
2.616827
2.633863
2.650671
2.667766
2.684520
2.701466
2.718532
2.735558
2.752489
2.769497
2.786341
2.803386
2.820236
2.837029
2.854133
2.870866
2.887743
2.904377
2.921254
2.938352
2.954929
2.971740
2.988365
3.005134
3.022074
3.038357
3.055162
3.071877
3.088413
3.105206
3.121705
3.138285
3.154892
3.171538
3.188097
3.204534
3.221099
3.237619
3.254200
3.270795
3.287405
3.303904
3.320562
3.337139
3.353618
3.370324
3.386844
3.403394
3.420223
3.436581
3.453152
3.469826
3.486193
3.503025
3.519596
3.536083
3.552687
3.569319
3.585758
3.602263
3.618843
3.635442
3.652064
3.668368
3.684772
3.701292
3.717776
3.734236
3.750643
3.766992
3.783303
3.799617
3.816179
3.832333
3.848659
3.865140
3.881307
3.897561
3.914030
3.930149
3.946348
3.962785
3.978927
3.995196
4.011542
4.027784
4.044271
4.060534
4.076728
4.093188
4.109463
4.125782
4.142272
4.158589
4.174923
4.191411
4.207644
4.224086
4.240717
4.256898
4.273407
4.289825
4.306214
4.322800
4.339284
4.355559
4.372079
4.388518
4.404865
4.421241
4.437654
4.454369
4.470607
4.486888
4.503393
4.519964
4.536314
4.552577
4.568923
4.585659
4.601738
4.618205
4.634593
4.651042
4.667301
4.683465
4.700069
4.716251
4.732681
4.749094
4.765398
4.781526
4.798265
4.814462
4.830880
4.847553
4.863819
4.880246
4.896838
4.913371
4.929576
4.946156
4.963060
4.979215
4.995978
5.012177
5.029024
5.045455
5.061996
5.078675
5.095156
5.111596
5.128047
5.144948
5.161273
5.177895
5.194418
5.210849
5.227333
5.243875
5.260302
5.276771
5.293372
5.309700
5.326176
5.342537
5.358863
5.375192
5.391646
5.408025
5.424306
5.440685
5.456633
5.473016
5.489182
5.505391
5.521702
5.538168
5.554317
5.570412
5.586731
5.602874
5.619112
5.635507
5.651698
5.667816
5.684148
5.700419
5.716490
5.732935
5.749123
5.765239
5.781561
5.798094
5.814075
5.830389
5.846546
5.862793
5.878831
5.895190
5.911282
5.927577
5.943942
5.959683
5.976134
5.992106
6.008438
6.024443
6.040568
6.056758
6.072605
6.088529
6.104716
6.120727
6.136615
6.152755
6.168574
6.184370
6.200458
6.216160
6.232111
6.248014
6.263678
6.279500
0.012335
0.027941
0.043862
0.059636
0.075408
0.091212
0.106998
0.122715
0.138717
0.154558
0.170287
0.185926
0.201826
0.217702
0.233641
0.249329
0.265262
0.281045
0.297044
0.312680
0.328667
0.344397
0.360141
0.375975
0.391755
0.407464
0.423579
0.439258
0.454948
0.470597
0.486697
0.502244
0.518036
0.533547
0.549339
0.564960
0.580633
0.596347
0.611825
0.627803
0.643205
0.659090
0.674574
0.690130
0.705625
0.721220
0.736778
0.752187
0.767662
0.783262
0.798883
0.814313
0.829866
0.845277
0.861025
0.876505
0.892013
0.907604
0.923064
0.938622
0.954217
0.969931
0.985418
1.001156
1.016589
1.032390
1.048020
1.063567
1.079230
1.094810
1.110404
1.126269
1.141968
1.157544
1.173013
1.188763
1.204744
1.220150
1.235915
1.251564
1.267191
1.282911
1.298647
1.314205
1.329955
1.345481
1.361153
1.376945
1.392534
1.408033
1.423810
1.439311
1.454894
1.470773
1.486074
1.501839
1.517434
1.532857
1.548410
1.564175
1.579548
1.595262
1.610764
1.626454
1.641950
1.657733
1.673166
1.688913
1.704678
1.720210
1.735957
1.751653
1.767335
1.783061
1.798868
1.814549
1.830165
1.845933
1.861653
1.877425
1.893385
1.909177
1.924729
1.940728
1.956191
1.972211
1.988036
2.003726
2.019570
2.035110
2.050935
2.066772
2.082715
2.097970
2.113945
2.129687
2.145290
2.160885
2.176662
2.192262
2.208007
2.223601
2.239046
2.254865
2.270223
2.285868
2.301265
2.316865
2.332436
2.347973
2.363466
2.378659
2.394143
2.410082
2.425263
2.440809
2.456302
2.471707
2.487191
2.502840
2.518299
2.533840
2.549299
2.564837
2.580371
2.595816
2.611210
2.626813
2.642330
2.657772
2.673303
2.688885
2.704282
2.719934
2.735261
2.750673
2.766402
2.781793
2.797232
2.812635
2.828017
2.843437
2.858996
2.874269
2.889591
2.904853
2.920340
2.935800
2.950948
2.966428
2.981588
2.997018
3.012139
3.027320
3.042594
3.057958
3.072929
3.088098
3.103468
3.118505
3.133623
3.148702
3.163764
3.178890
3.194131
3.209103
3.224203
3.239444
3.254433
3.269647
3.284879
3.299850
3.314977
3.330134
3.345306
3.360332
3.375486
3.390583
3.405692
3.420993
3.435943
3.451052
3.466236
3.481351
3.496481
3.511603
3.526784
3.541764
3.556780
3.571889
3.587133
3.602278
3.617178
3.632230
3.647438
3.662238
3.677341
3.692334
3.707305
3.722258
3.737260
3.752150
3.767001
3.782089
3.796815
3.811691
3.826680
3.841480
3.856266
3.871213
3.885903
3.900964
3.915630
3.930316
3.945186
3.960019
3.974598
3.989761
4.004319
4.019344
4.033905
4.048999
4.063710
4.078555
4.093526
4.108390
4.123143
4.138075
4.152950
4.167943
4.182878
4.197663
4.212704
4.227507
4.242257
4.257545
4.272421
4.287158
4.302265
4.317027
4.331926
4.346897
4.362138
4.376762
4.391979
4.406710
4.421813
4.436656
4.451642
4.466485
4.481411
4.496400
4.511285
4.526121
4.541125
4.555935
4.570771
4.585707
4.600534
4.615368
4.630264
4.645148
4.660066
4.674866
4.689574
4.704420
4.719532
4.734087
4.748920
4.763864
4.778710
4.793642
4.808427
4.823360
4.838433
4.853242
4.868106
4.883113
4.898061
4.912819
4.927859
4.942912
4.958014
4.972929
4.987984
5.003004
5.018008
5.032970
5.047977
5.062973
5.078109
5.093074
5.108108
5.123034
5.138027
5.152980
5.167975
5.183024
5.198154
5.212922
5.227944
5.242934
5.257818
5.272792
5.287728
5.302585
5.317550
5.332393
5.347064
5.362012
5.376785
5.391646
5.406494
5.421190
5.435859
5.450686
5.465456
5.480305
5.494842
5.509592
5.524203
5.538845
5.553735
5.568257
5.583034
5.597670
5.612281
5.627004
5.641724
5.656314
5.671097
5.685771
5.700431
5.715112
5.729963
5.744497
5.759052
5.773975
5.788551
5.803262
5.817994
5.832677
5.847286
5.862030
5.876725
5.891232
5.905931
5.920546
5.935115
5.949787
5.964366
5.979095
5.993563
6.008130
6.022642
6.037209
6.051551
6.066268
6.080616
6.095201
6.109771
6.124176
6.138437
6.152851
6.167331
6.181706
6.196072
6.210402
6.224696
6.238982
6.253356
6.267744
6.281933
0.013066
0.027195
0.041567
0.055796
0.070105
0.084438
0.098693
0.112867
0.127144
0.141480
0.155681
0.170104
0.184314
0.198692
0.212813
0.227287
0.241542
0.255716
0.270062
0.284176
0.298590
0.312905
0.327238
0.341410
0.355746
0.369923
0.384319
0.398550
0.412752
0.427088
0.441412
0.455553
0.469863
0.484043
0.498181
0.512368
0.526593
0.540710
0.554849
0.569056
0.583218
0.597333
0.611417
0.625436
0.639559
0.653784
0.667923
0.681822
0.695990
0.709901
0.723970
0.738039
0.751926
0.766005
0.779966
0.793988
0.807908
0.821986
0.836020
0.850155
0.864066
0.878039
0.891983
0.906142
0.919990
0.934233
0.948075
0.962384
0.976244
0.990532
1.004386
1.018626
1.032717
1.046714
1.060784
1.074973
1.089028
1.103130
1.117337
1.131455
1.145494
1.159668
1.173828
1.187861
1.202180
1.216177
1.230414
1.244532
1.258478
1.272740
1.287046
1.300867
1.315068
1.329257
1.343228
1.357363
1.371457
1.385400
1.399665
1.413701
1.427720
1.441807
1.456206
1.469895
1.484016
1.498076
1.512148
1.525987
1.540159
1.554309
1.568202
1.582328
1.596224
1.610344
1.624471
1.638345
1.652376
1.666526
1.680545
1.694695
1.708777
1.723020
1.737054
1.751324
1.765252
1.779397
1.793784
1.807557
1.822100
1.836193
1.850268
1.864323
1.878812
1.892624
1.907029
1.921020
1.935413
1.949546
1.963666
1.977781
1.991994
2.006171
2.020549
2.034556
2.048607
2.063096
2.076974
2.091229
2.105335
2.119308
2.133596
2.147516
2.161586
2.175790
2.189698
2.203800
2.217911
2.231780
2.245874
2.259724
2.273749
2.287714
2.301741
2.315715
2.329539
2.343425
2.357432
2.371289
2.385253
2.399095
2.413105
2.427051
2.440923
2.454708
2.468648
2.482535
2.496521
2.510384
2.524276
2.538229
2.552191
2.565954
2.579775
2.593713
2.607687
2.621723
2.635682
2.649308
2.663431
2.677396
2.691094
2.704911
2.719182
2.732667
2.746802
2.760575
2.774501
2.788355
2.802193
2.815981
2.829895
2.843851
2.857456
2.871234
2.885169
2.898930
2.912604
2.926389
2.940105
2.953848
2.967501
2.981396
2.994918
3.008775
3.022356
3.035985
3.049665
3.063213
3.076848
3.090435
3.104010
3.117489
3.131136
3.144706
3.158131
3.171751
3.185275
3.198847
3.212344
3.225851
3.239585
3.252986
3.266510
3.280076
3.293556
3.306981
3.320703
3.334218
3.347694
3.361332
3.374821
3.388384
3.402067
3.415462
3.429241
3.442648
3.456143
3.469676
3.483401
3.496691
3.510302
3.523856
3.537306
3.550836
3.564405
3.577890
3.591271
3.604837
3.618277
3.631670
3.645197
3.658676
3.672128
3.685461
3.698961
3.712209
3.725791
3.738988
3.752414
3.765758
3.779019
3.792339
3.805618
3.818824
3.832157
3.845828
3.858809
3.872049
3.885391
3.898717
3.911873
3.925055
3.938232
3.951466
3.964822
3.977876
3.991071
4.004499
4.017519
4.030906
4.044059
4.057343
4.070574
4.083915
4.097104
4.110278
4.123640
4.136837
4.150299
4.163562
4.176799
4.190116
4.203530
4.216668
4.229988
4.243368
4.256626
4.269892
4.283348
4.296576
4.309974
4.323264
4.336528
4.349860
4.363337
4.376489
4.389894
4.403202
4.416532
4.429744
4.443107
4.456418
4.469864
4.482909
4.496406
4.509634
4.522840
4.536026
4.549320
4.562733
4.575796
4.589176
4.602419
4.615514
4.628775
4.641952
4.654987
4.668443
4.681443
4.694766
4.707886
4.721122
4.734401
4.747536
4.760697
4.773964
4.787149
4.800425
4.813557
4.826785
4.840297
4.853321
4.866587
4.879985
4.893240
4.906453
4.919869
4.933075
4.946171
4.959692
4.972911
4.986145
4.999627
5.012962
5.026109
5.039489
5.052993
5.066340
5.079588
5.092909
5.106125
5.119553
5.132771
5.146059
5.159416
5.172880
5.185844
5.199335
5.212527
5.225784
5.239138
5.252323
5.265560
5.278952
5.292039
5.305168
5.318413
5.331518
5.344800
5.358012
5.370976
5.384138
5.397152
5.410210
5.423413
5.436646
5.449440
5.462685
5.475565
5.488682
5.501790
5.514808
5.527730
5.540694
5.553727
5.566667
5.579921
5.592735
5.605699
5.618663
5.631762
5.644773
5.657585
5.670729
5.683845
5.696770
5.709695
5.722806
5.735638
5.748788
5.761728
5.774632
5.787676
5.800679
5.813557
5.826550
5.839460
5.852562
5.865466
5.878436
5.891370
5.904424
5.917250
5.930154
5.943034
5.955974
5.968824
5.981683
5.994551
6.007452
6.020347
6.033030
6.045829
6.058748
6.071532
6.084325
6.097058
6.109750
6.122665
6.135258
6.147991
6.160755
6.173416
6.186092
6.198694
6.211475
6.224097
6.236660
6.249297
6.261925
6.274488
0.003931
0.016317
0.028975
0.041519
0.054091
0.066776
0.079375
0.091820
0.104511
0.117125
0.129642
0.142226
0.154857
0.167441
0.179910
0.192431
0.204948
0.217508
0.230166
0.242944
0.255381
0.267997
0.280539
0.293005
0.305777
0.318280
0.330950
0.343318
0.356042
0.368473
0.381047
0.393592
0.406130
0.418609
0.431321
0.443548
0.456419
0.468727
0.481310
0.493666
0.506330
0.518665
0.531183
0.543458
0.556026
0.568642
0.581010
0.593399
0.605940
0.618164
0.630787
0.643059
0.655354
0.667731
0.680189
0.692464
0.704903
0.717082
0.729543
0.741761
0.754068
0.766301
0.778798
0.790977
0.803189
0.815491
0.827894
0.840088
0.852354
0.864734
0.876955
0.889268
0.901933
0.913992
0.926201
0.938616
0.950948
0.963238
0.975600
0.987923
1.000278
1.012718
1.025020
1.037337
1.049773
1.062078
1.074569
1.086984
1.099235
1.111630
1.124198
1.136446
1.148910
1.161152
1.173648
1.186088
1.198333
1.210805
1.223215
1.235667
1.247914
1.260462
1.272874
1.285272
1.297592
1.309822
1.322181
1.334713
1.347036
1.359281
1.371801
1.384106
1.396531
1.408839
1.420990
1.433409
1.445675
1.457971
1.470369
1.482631
1.494957
1.507217
1.519699
1.531815
1.544036
1.556367
1.568576
1.580857
1.593309
1.605581
1.617769
1.630118
1.642438
1.654857
1.667072
1.679338
1.691825
1.704073
1.716453
1.728763
1.741047
1.753586
1.765717
1.778258
1.790722
1.802847
1.815403
1.827717
1.840001
1.852659
1.864937
1.877320
1.889792
1.902163
1.914585
1.927075
1.939518
1.951862
1.964313
1.976657
1.989079
2.001467
2.013808
2.026185
2.038625
2.051064
2.063207
2.075833
2.088023
2.100412
2.112825
2.125076
2.137488
2.149667
2.162188
2.174295
2.186726
2.198866
2.211311
2.223433
2.235615
2.247899
2.260252
2.272302
2.284496
2.296807
2.308914
2.321057
2.333370
2.345388
2.357543
2.369701
2.381880
2.393897
2.406232
2.418177
2.430356
2.442496
2.454663
2.466848
2.478925
2.491092
2.503118
2.515414
2.527410
2.539520
2.551624
2.563980
2.575952
2.588167
2.600202
2.612447
2.624599
2.636691
2.648762
2.660842
2.672956
2.685206
2.697293
2.709468
2.721510
2.733614
2.745838
2.757891
2.770031
2.782087
2.794182
2.806196
2.818156
2.830368
2.842335
2.854361
2.866351
2.878518
2.890463
2.902474
2.914546
2.926416
2.938544
2.950477
2.962345
2.974299
2.986253
2.998171
3.010006
3.021807
3.033809
3.045593
3.057562
3.069373
3.081261
3.092964
3.105020
3.116734
3.128506
3.140229
3.151935
3.163967
3.175610
3.187402
3.199315
3.210921
3.222897
3.234791
3.246341
3.258106
3.269854
3.281817
3.293340
3.305384
3.316904
3.328927
3.340708
3.352347
3.364236
3.375977
3.387767
3.399487
3.411223
3.423156
3.434730
3.446798
3.458456
3.470164
3.481933
3.493743
3.505419
3.517220
3.528914
3.540628
3.552406
3.564276
3.575847
3.587586
3.599240
3.611033
3.622759
3.634327
3.646003
3.657732
3.669411
3.680871
3.692831
3.704321
3.715859
3.727513
3.739159
3.750550
3.762414
3.773692
3.785430
3.796935
3.808386
3.819939
3.831527
3.843023
3.854441
3.866006
3.877349
3.888914
3.900578
3.911786
3.923410
3.934840
3.946085
3.957709
3.969256
3.980545
3.992008
4.003387
4.014967
4.026343
4.037758
4.049206
4.060663
4.072281
4.083708
4.095157
4.106715
4.118166
4.129704
4.141194
4.152657
4.164201
4.175619
4.187090
4.198556
4.210139
4.221569
4.233170
4.244680
4.256167
4.267619
4.279219
4.290700
4.302181
4.313689
4.325029
4.336675
4.348245
4.359750
4.371246
4.382676
4.394148
4.405656
4.417293
4.428524
4.440128
4.451552
4.462997
4.474544
4.485947
4.497473
4.508831
4.520228
4.531586
4.543187
4.554566
4.566080
4.577318
4.588745
4.600163
4.611464
4.622962
4.634417
4.645667
4.657034
4.668407
4.679998
4.691189
4.702490
4.713833
4.725230
4.736708
4.747913
4.759325
4.770773
4.781991
4.793453
4.804835
4.816289
4.827575
4.839140
4.850411
4.861910
4.873247
4.884653
4.896152
4.907516
4.918958
4.930400
4.941875
4.953224
4.964705
4.976114
4.987442
4.998956
5.010377
5.021789
5.033320
5.044646
5.056067
5.067751
5.079034
5.090500
5.101795
5.113219
5.124646
5.136040
5.147476
5.158909
5.170234
5.181697
5.193082
5.204482
5.215754
5.227183
5.238535
5.249969
5.261228
5.272541
5.283737
5.295185
5.306402
5.317700
5.329115
5.340251
5.351543
5.362863
5.373966
5.385192
5.396329
5.407495
5.418883
5.430064
5.441129
5.452271
5.463464
5.474648
5.485716
5.496939
5.507914
5.519146
5.530115
5.541404
5.552366
5.563562
5.574549
5.585781
5.596903
5.607850
5.619040
5.630108
5.641124
5.652378
5.663334
5.674372
5.685517
5.696632
5.707682
5.718836
5.729862
5.740848
5.751832
5.762947
5.774164
5.785112
5.796290
5.807109
5.818377
5.829313
5.840251
5.851202
5.862572
5.873430
5.884416
5.895499
5.906395
5.917442
5.928458
5.939415
5.950449
5.961334
5.972213
5.983190
5.994261
6.005139
6.016042
6.026903
6.037787
6.048681
6.059677
6.070618
6.081323
6.092136
6.103003
6.113863
6.124580
6.135450
6.146328
6.157168
6.167741
6.178671
6.189376
6.200275
6.210720
6.221577
6.232372
6.242954
6.253719
6.264328
6.275129
0.002523
0.013096
0.023974
0.034497
0.045213
0.055921
0.066710
0.077256
0.087832
0.098603
0.109173
0.119833
0.130520
0.141186
0.151798
0.162482
0.173202
0.183754
0.194351
0.204954
0.215734
0.226415
0.237018
0.247579
0.258284
0.268968
0.279586
0.290216
0.300966
0.311593
0.322262
0.332796
0.343411
0.354170
0.364701
0.375220
0.385910
0.396567
0.407209
0.417791
0.428376
0.439108
0.449609
0.460149
0.470737
0.481364
0.491934
0.502400
0.513018
0.523405
0.534140
0.544596
0.554989
0.565661
0.576163
0.586631
0.597003
0.607699
0.618056
0.628513
0.639089
0.649434
0.659920
0.670439
0.680722
0.691277
0.701542
0.711977
0.722328
0.732844
0.743208
0.753616
0.763955
0.774379
0.784889
0.795162
0.805421
0.815859
0.826339
0.836646
0.847021
0.857471
0.867733
0.878060
0.888549
0.898898
0.909210
0.919759
0.930009
0.940453
0.950867
0.961231
0.971588
0.982002
0.992453
1.002786
1.013239
1.023516
1.034113
1.044491
1.054887
1.065293
1.075689
1.086136
1.096796
1.106986
1.117556
1.127964
1.138373
1.148637
1.159051
1.169747
1.180060
1.190489
1.200963
1.211318
1.221708
1.232170
1.242515
1.253011
1.263407
1.273779
1.284200
1.294620
1.304974
1.315386
1.325866
1.336223
1.346545
1.357124
1.367361
1.377689
1.388106
1.398397
1.408815
1.419076
1.429646
1.439962
1.450280
1.460526
1.470845
1.481202
1.491488
1.501890
1.512199
1.522410
1.532725
1.543080
1.553323
1.563663
1.574065
1.584264
1.594465
1.604825
1.615162
1.625498
1.635865
1.646105
1.656534
1.666799
1.676986
1.687355
1.697790
1.708010
1.718337
1.728793
1.739145
1.749511
1.759755
1.770058
1.780514
1.790950
1.801265
1.811535
1.821944
1.832361
1.842739
1.853139
1.863379
1.873931
1.884238
1.894583
1.904970
1.915457
1.925718
1.936129
1.946550
1.956922
1.967318
1.977655
1.987985
1.998361
2.008754
2.019066
2.029328
2.039814
2.050126
2.060373
2.070835
2.081112
2.091415
2.101823
2.112040
2.122349
2.132707
2.142965
2.153179
2.163590
2.173789
2.184044
2.194324
2.204486
2.214727
2.225036
2.235187
2.245364
2.255593
2.265860
2.276062
2.286150
2.296306
2.306475
2.316746
2.326752
2.336981
2.347209
2.357270
2.367349
2.377443
2.387560
2.397708
2.407766
2.417901
2.428055
2.438116
2.448233
2.458426
2.468549
2.478727
2.488911
2.498900
2.509008
2.519159
2.529214
2.539320
2.549419
2.559615
2.569481
2.579889
2.589683
2.599939
2.610104
2.620168
2.630331
2.640326
2.650419
2.660570
2.670708
2.680694
2.690803
2.700951
2.710979
2.720994
2.731193
2.741182
2.751209
2.761312
2.771337
2.781479
2.791482
2.801534
2.811571
2.821575
2.831555
2.841511
2.851586
2.861776
2.871603
2.881631
2.891572
2.901513
2.911495
2.921329
2.931452
2.941405
2.951160
2.961239
2.971153
2.981190
2.990867
3.000889
3.010728
3.020558
3.030433
3.040296
3.050162
3.059989
3.069825
3.079655
3.089473
3.099201
3.108894
3.118796
3.128461
3.138243
3.148139
3.157921
3.167601
3.177360
3.187130
3.196945
3.206808
3.216386
3.226177
3.235947
3.245691
3.255443
3.265129
3.274887
3.284633
3.294502
3.304129
3.313986
3.323555
3.333439
3.343102
3.352857
3.362582
3.372454
3.382074
3.391748
3.401423
3.411364
3.420870
3.430715
3.440347
3.450300
3.459864
3.469724
3.479308
3.489060
3.498797
3.508499
3.518134
3.527829
3.537446
3.547244
3.556780
3.566505
3.576003
3.585851
3.595372
3.605011
3.614622
3.624254
3.633976
3.643465
3.653157
3.662706
3.672293
3.681901
3.691453
3.701052
3.710496
3.720311
3.729623
3.739114
3.748666
3.758280
3.767730
3.777173
3.786769
3.796231
3.805686
3.815148
3.824640
3.834044
3.843425
3.853018
3.862297
3.871762
3.881217
3.890532
3.900116
3.909251
3.918863
3.928156
3.937582
3.946873
3.956223
3.965712
3.975090
3.984473
3.993785
4.003195
4.012738
4.021948
4.031325
4.040829
4.050117
4.059479
4.068971
4.078178
4.087714
4.097068
4.106442
4.115859
4.125255
4.134633
4.144094
4.153439
4.162864
4.172251
4.181608
4.190958
4.200381
4.209851
4.219136
4.228598
4.238014
4.247392
4.256800
4.266327
4.275558
4.284935
4.294469
4.303667
4.313093
4.322527
4.331791
4.341223
4.350591
4.359915
4.369281
4.378697
4.388096
4.397456
4.406809
4.416133
4.425457
4.434948
4.444167
4.453659
4.462958
4.472141
4.481480
4.490864
4.500154
4.509439
4.518865
4.528027
4.537321
4.546731
4.555788
4.565079
4.574378
4.583594
4.592846
4.602269
4.611302
4.620674
4.629887
4.638983
4.648211
4.657465
4.666648
4.675819
4.685068
4.694317
4.703413
4.712632
4.721778
4.731054
4.740309
4.749279
4.758474
4.767849
4.776942
4.786134
4.795296
4.804485
4.813740
4.822935
4.832016
4.841303
4.850543
4.859693
4.868975
4.878158
4.887284
4.896488
4.905797
4.915009
4.924126
4.933384
4.942396
4.951759
4.960924
4.970164
4.979290
4.988521
4.997674
5.006910
5.016126
5.025252
5.034579
5.043705
5.052867
5.062032
5.071311
5.080370
5.089571
5.098680
5.107809
5.117210
5.126288
5.135447
5.144522
5.153741
5.162846
5.172071
5.181092
5.190380
5.199368
5.208500
5.217710
5.226746
5.235845
5.244824
5.253878
5.263163
5.272097
5.281065
5.290169
5.299143
5.308167
5.317212
5.326257
5.335314
5.344314
5.353198
5.362114
5.371129
5.380051
5.389019
5.398018
5.406875
5.415803
5.424758
5.433653
5.442405
5.451531
5.460198
5.469190
5.478052
5.486932
5.495714
5.504603
5.513421
5.522250
5.531100
5.539894
5.548744
5.557591
5.566397
5.575217
5.584041
5.592726
5.601687
5.610388
5.619196
5.628053
5.636813
5.645681
5.654484
5.663199
5.672032
5.680810
5.689568
5.698244
5.707077
5.715951
5.724651
5.733517
5.742167
5.751029
5.759694
5.768553
5.777268
5.786088
5.794696
5.803472
5.812331
5.820960
5.829636
5.838472
5.847166
5.855804
5.864546
5.873283
5.881920
5.890648
5.899319
5.908007
5.916786
5.925375
5.934100
5.942747
5.951321
5.960121
5.968653
5.977273
5.985902
5.994539
6.003138
6.011755
6.020398
6.028949
6.037536
6.046191
6.054697
6.063245
6.071921
6.080364
6.088894
6.097469
6.105992
6.114477
6.123007
6.131498
6.140001
6.148512
6.156901
6.165369
6.173886
6.182341
6.190730
6.199329
6.207544
6.216122
6.224424
6.232935
6.241285
6.249740
6.258024
6.266452
6.274868
0.000075
0.008452
0.016823
0.025215
0.033472
0.041852
0.050184
0.058525
0.066914
0.075321
0.083605
0.092030
0.100314
0.108697
0.117011
0.125277
0.133564
0.142049
0.150369
0.158587
0.166958
0.175485
0.183586
0.192002
0.200364
0.208642
0.217085
0.225339
0.233716
0.242003
0.250353
0.258605
0.267053
0.275170
0.283676
0.291921
0.300160
0.308525
0.316860
0.325108
0.333416
0.341745
0.350014
0.358361
0.366630
0.374926
0.383157
0.391474
0.399689
0.408102
0.416266
0.424484
0.432747
0.441097
0.449268
0.457501
0.465776
0.473907
0.482146
0.490505
0.498753
0.506954
0.515172
0.523309
0.531575
0.539722
0.547802
0.556071
0.564370
0.572433
0.580729
0.588830
0.596946
0.605093
0.613326
0.621463
0.629537
0.637726
0.645776
0.653919
0.662063
0.670191
0.678226
0.686426
0.694564
0.702545
0.710680
0.718667
0.726729
0.734840
0.742953
0.751003
0.759024
0.767035
0.775110
0.783193
0.791223
0.799213
0.807350
0.815302
0.823367
0.831522
0.839450
0.847488
0.855551
0.863517
0.871628
0.879693
0.887648
0.895758
0.903784
0.911793
0.919870
0.927888
0.935950
0.943935
0.952009
0.960035
0.968110
0.976181
0.984201
0.992189
1.000284
1.008317
1.016334
1.024475
1.032444
1.040431
1.048545
1.056556
1.064643
1.072663
1.080719
1.088791
1.096838
1.104865
1.112897
1.120980
1.128962
1.137051
1.145144
1.153155
1.161134
1.169280
1.177225
1.185249
1.193416
1.201398
1.209235
1.217406
1.225372
1.233458
1.241431
1.249421
1.257511
1.265522
1.273450
1.281515
1.289562
1.297580
1.305511
1.313579
1.321497
1.329407
1.337461
1.345409
1.353408
1.361414
1.369315
1.377260
1.385266
1.393253
1.401082
1.409135
1.417030
1.424963
1.432927
1.440842
1.448782
1.456620
1.464568
1.472502
1.480474
1.488312
1.496153
1.504164
1.512077
1.519941
1.527797
1.535743
1.543628
1.551630
1.559318
1.567279
1.575126
1.583032
1.590900
1.598830
1.606686
1.614620
1.622403
1.630259
1.638136
1.646147
1.653976
1.661843
1.669804
1.677675
1.685644
1.693530
1.701355
1.709268
1.717178
1.725051
1.732970
1.740799
1.748708
1.756744
1.764557
1.772356
1.780329
1.788259
1.796160
1.804132
1.812000
1.819817
1.827729
1.835768
1.843674
1.851527
1.859508
1.867397
1.875312
1.883165
1.891105
1.898939
1.906939
1.914711
1.922698
1.930527
1.938523
1.946400
1.954306
1.962186
1.970060
1.977981
1.985897
1.993654
2.001545
2.009371
2.017233
2.025139
2.033100
2.040952
2.048754
2.056634
2.064475
2.072303
2.080150
2.087996
2.095816
2.103612
2.111506
2.119299
2.127134
2.134900
2.142750
2.150467
2.158215
2.166101
2.173815
2.181647
2.189398
2.197140
2.204983
2.212686
2.220434
2.228191
2.235885
2.243639
2.251464
2.259041
2.266804
2.274420
2.282228
2.289838
2.297559
2.305217
2.312913
2.320511
2.328202
2.335887
2.343560
2.351176
2.358822
2.366510
2.374225
2.381871
2.389394
2.397001
2.404560
2.412317
2.419846
2.427510
2.435135
2.442729
2.450393
2.458006
2.465634
2.473253
2.480863
2.488449
2.496000
2.503693
2.511294
2.518877
2.526547
2.534064
2.541659
2.549311
2.556873
2.564468
2.572177
2.579733
2.587352
2.594890
2.602455
2.610026
2.617687
2.625198
2.632808
2.640397
2.647923
2.655507
2.663126
2.670655
2.678226
2.685800
2.693401
2.700819
2.708546
2.715991
2.723490
2.731046
2.738635
2.746275
2.753756
2.761234
2.768823
2.776427
2.783834
2.791297
2.798910
2.806343
2.813896
2.821383
2.828891
2.836336
2.844039
2.851257
2.858795
2.866267
2.873784
2.881109
2.888606
2.895988
2.903433
2.911073
2.918362
2.925799
2.933307
2.940647
2.948032
2.955409
2.962857
2.970308
2.977696
2.985106
2.992329
2.999828
3.007103
3.014455
3.021837
3.029175
3.036464
3.043831
3.051184
3.058467
3.065763
3.073124
3.080431
3.087826
3.095043
3.102368
3.109628
3.116935
3.124197
3.131427
3.138657
3.146018
3.153271
3.160441
3.167634
3.175047
3.182144
3.189523
3.196732
3.203949
3.211188
3.218468
3.225686
3.232898
3.240148
3.247482
3.254616
3.261878
3.269096
3.276328
3.283612
3.290736
3.297990
3.305339
3.312449
3.319648
3.326836
3.334089
3.341256
3.348581
3.355703
3.362887
3.370159
3.377343
3.384483
3.391751
3.398894
3.406070
3.413305
3.420418
3.427638
3.434838
3.441977
3.449114
3.456355
3.463450
3.470545
3.477735
3.484995
3.492116
3.499271
3.506431
3.513478
3.520663
3.527742
3.534798
3.541983
3.549041
3.556199
3.563333
3.570397
3.577429
3.584595
3.591552
3.598746
3.605781
3.612809
3.619865
3.626936
3.633950
3.640987
3.648079
3.655075
3.662095
3.669186
3.676140
3.683034
3.690084
3.697020
3.704042
3.711131
3.717935
3.725009
3.731840
3.738781
3.745831
3.752728
3.759529
3.766633
3.773440
3.780334
3.787276
3.794206
3.801064
3.807880
3.814852
3.821593
3.828567
3.835395
3.842160
3.849072
3.856038
3.862761
3.869652
3.876504
3.883269
3.890115
3.896857
3.903768
3.910465
3.917403
3.924150
3.930948
3.937702
3.944461
3.951349
3.958090
3.964978
3.971677
3.978424
3.985237
3.992032
3.998687
4.005476
4.012280
4.019057
4.025831
4.032539
4.039316
4.046102
4.052843
4.059617
4.066329
4.073072
4.079859
4.086513
4.093293
4.100076
4.106790
4.113495
4.120275
4.127028
4.133662
4.140484
4.147159
4.153855
4.160623
4.167449
4.174078
4.180823
4.187495
4.194296
4.201028
4.207655
4.214361
4.221165
4.227819
4.234527
4.241265
4.248027
4.254678
4.261402
4.268128
4.274806
4.281484
4.288183
4.294826
4.301501
4.308305
4.314902
4.321557
4.328235
4.334931
4.341585
4.348203
4.354887
4.361605
4.368154
4.374880
4.381528
4.388120
4.394819
4.401515
4.408113
4.414692
4.421274
4.427994
4.434565
4.441183
4.447837
4.454432
4.460978
4.467572
4.474254
4.480791
4.487278
4.493968
4.500484
4.506973
4.513630
4.520195
4.526747
4.533315
4.539828
4.546381
4.552906
4.559479
4.565891
4.572530
4.578948
4.585440
4.592004
4.598452
4.604941
4.611413
4.617842
4.624278
4.630875
4.637287
4.643704
4.650185
4.656686
4.663014
4.669584
4.675918
4.682321
4.688831
4.695177
4.701582
4.708072
4.714432
4.720814
4.727297
4.733607
4.739989
4.746427
4.752857
4.759259
4.765596
4.771989
4.778419
4.784866
4.791182
4.797591
4.804002
4.810348
4.816760
4.823111
4.829514
4.835898
4.842223
4.848623
4.854968
4.861359
4.867734
4.874074
4.880480
4.886819
4.893123
4.899505
4.905877
4.912223
4.918578
4.924863
4.931203
4.937609
4.943843
4.950198
4.956520
4.962823
4.969130
4.975527
4.981824
4.988098
4.994420
5.000732
5.007048
5.013388
5.019542
5.025983
5.032227
5.038516
5.044786
5.051096
5.057301
5.063560
5.069893
5.076155
5.082372
5.088673
5.094928
5.101139
5.107467
5.113678
5.119906
5.126163
5.132370
5.138599
5.144845
5.151078
5.157252
5.163502
5.169635
5.175885
5.182030
5.188385
5.194433
5.200737
5.206834
5.213012
5.219184
5.225323
5.231531
5.237580
5.243686
5.249753
5.256002
5.262124
5.268097
5.274240
5.280313
5.286353
5.292518
5.298591
5.304622
5.310701
5.316730
5.322805
5.328839
5.334820
5.340863
5.346912
5.352922
5.358974
5.364915
5.370862
5.376911
5.382867
5.388805
5.394780
5.400799
5.406698
5.412747
5.418676
5.424579
5.430451
5.436422
5.442351
5.448215
5.454146
5.460079
5.466002
5.471823
5.477699
5.483568
5.489467
5.495318
5.501203
5.507069
5.512890
5.518765
5.524623
5.530438
5.536265
5.542138
5.547902
5.553732
5.559572
5.565390
5.571178
5.577072
5.582782
5.588610
5.594419
5.600219
5.605984
5.611802
5.617563
5.623274
5.629107
5.634860
5.640621
5.646472
5.652138
5.657890
5.663658
5.669347
5.675076
5.680843
5.686509
5.692237
5.698094
5.703739
5.709509
5.715145
5.720889
5.726644
5.732388
5.737987
5.743784
5.749408
5.755071
5.760766
5.766447
5.772094
5.777820
5.783497
5.789124
5.794747
5.800437
5.806120
5.811729
5.817386
5.823096
5.828734
5.834355
5.839972
5.845611
5.851229
5.856838
5.862455
5.868073
5.873703
5.879314
5.884923
5.890465
5.896056
5.901673
5.907261
5.912783
5.918467
5.923886
5.929513
5.935077
5.940586
5.946138
5.951678
5.957191
5.962700
5.968252
5.973783
5.979311
5.984874
5.990303
5.995807
6.001331
6.006700
6.012267
6.017720
6.023176
6.028622
6.034090
6.039516
6.044981
6.050520
6.055886
6.061306
6.066768
6.072188
6.077560
6.083016
6.088415
6.093822
6.099293
6.104546
6.110007
6.115364
6.120727
6.126090
6.131486
6.136837
6.142200
6.147578
6.152896
6.158232
6.163613
6.168937
6.174258
6.179609
6.184915
6.190263
6.195506
6.200902
6.206133
6.211394
6.216787
6.222012
6.227324
6.232543
6.237798
6.243113
6.248380
6.253638
6.258971
6.264160
6.269410
6.274713
6.279946
0.002007
0.007247
0.012434
0.017719
0.022920
0.028082
0.033322
0.038547
0.043742
0.048956
0.054232
0.059433
0.064661
0.069898
0.075036
0.080261
0.085468
0.090631
0.095859
0.101045
0.106198
0.111432
0.116618
0.121826
0.126982
0.132195
0.137372
0.142561
0.147709
0.152922
0.158108
0.163231
0.168387
0.173621
0.178757
0.183883
0.189102
0.194210
0.199331
0.204535
0.209658
0.214826
0.219896
0.225106
0.230241
0.235337
0.240434
0.245683
0.250791
0.255905
0.260992
0.266143
0.271239
0.276359
0.281485
0.286600
0.291711
0.296831
0.301969
0.307093
0.312180
0.317300
0.322412
0.327487
0.332589
0.337641
0.342752
0.347782
0.352914
0.358014
0.363089
0.368107
0.373210
0.378264
0.383330
0.388460
0.393382
0.398556
0.403560
0.408629
0.413633
0.418723
0.423738
0.428787
0.433826
0.438862
0.443848
0.448863
0.453938
0.458882
0.463900
0.468940
0.473862
0.478977
0.483920
0.488956
0.493867
0.498933
0.503826
0.508946
0.513848
0.518791
0.523735
0.528744
0.533675
0.538676
0.543622
0.548539
0.553485
0.558441
0.563357
0.568301
0.573202
0.578131
0.583095
0.587973
0.592946
0.597860
0.602735
0.607639
0.612535
0.617445
0.622329
0.627239
0.632066
0.636986
0.641902
0.646735
0.651609
0.656547
0.661379
0.666221
0.671114
0.675940
0.680794
0.685638
0.690450
0.695316
0.700178
0.704969
0.709823
0.714664
0.719455
0.724306
0.729177
0.733923
0.738747
0.743564
0.748364
0.753182
0.757987
0.762748
0.767557
0.772368
0.777132
0.781914
0.786680
0.791432
0.796208
0.800990
0.805762
0.810541
0.815407
0.820078
0.824847
0.829617
0.834402
0.839049
0.843929
0.848627
0.853322
0.858211
0.862879
0.867640
0.872428
0.877122
0.881874
0.886686
0.891408
0.896117
0.900908
0.905639
0.910373
0.915130
0.919816
0.924604
0.929266
0.934032
0.938781
0.943431
0.948237
0.952884
0.957659
0.962342
0.967091
0.971798
0.976499
0.981217
0.985990
0.990685
0.995350
1.000102
1.004826
1.009503
1.014249
1.018947
1.023648
1.028354
1.032995
1.037711
1.042478
1.047134
1.051829
1.056535
1.061296
1.065883
1.070608
1.075243
1.079929
1.084590
1.089240
1.094004
1.098642
1.103310
1.107960
1.112678
1.117385
1.122005
1.126742
1.131383
1.136000
1.140692
1.145296
1.149961
1.154608
1.159237
1.163863
1.168549
1.173181
1.177798
1.182436
1.187055
1.191726
1.196331
1.200903
1.205586
1.210263
1.214778
1.219470
1.224099
1.228656
1.233258
1.237893
1.242417
1.247111
1.251683
1.256237
1.260839
1.265459
1.270043
1.274603
1.279223
1.283801
1.288373
1.292951
1.297505
1.302101
1.306670
1.311215
1.315772
1.320338
1.324868
1.329398
1.333979
1.338548
1.343066
1.347692
1.352099
1.356653
1.361300
1.365713
1.370324
1.374812
1.379363
1.383783
1.388366
1.392825
1.397322
1.401834
1.406280
1.410777
1.415277
1.419744
1.424208
1.428723
1.433205
1.437673
1.442197
1.446592
1.451173
1.455595
1.460008
1.464472
1.468951
1.473433
1.477814
1.482251
1.486694
1.491152
1.495553
1.499987
1.504431
1.508877
1.513257
1.517673
1.522149
1.526527
1.530919
1.535350
1.539718
1.544164
1.548539
1.552964
1.557293
1.561736
1.566105
1.570428
1.574823
1.579305
1.583682
1.588078
1.592416
1.596811
1.601215
1.605578
1.609898
1.614290
1.618655
1.623015
1.627389
1.631808
1.636140
1.640584
1.644862
1.649227
1.653625
1.658018
1.662338
1.666715
1.671083
1.675422
1.679820
1.684158
1.688517
1.692850
1.697209
1.701550
1.705894
1.710227
1.714580
1.718942
1.723296
1.727598
1.731981
1.736325
1.740604
1.744936
1.749283
1.753646
1.757930
1.762274
1.766556
1.770879
1.775172
1.779493
1.783810
1.788139
1.792421
1.796795
1.801055
1.805421
1.809693
1.813956
1.818262
1.822546
1.826902
1.831139
1.835420
1.839701
1.844061
1.848285
1.852527
1.856833
1.861144
1.865435
1.869695
1.873916
1.878258
1.882566
1.886769
1.891015
1.895281
1.899566
1.903823
1.908032
1.912293
1.916577
1.920820
1.925113
1.929263
1.933613
1.937807
1.942080
1.946328
1.950529
1.954762
1.959016
1.963229
1.967459
1.971678
1.975887
1.980150
1.984324
1.988539
1.992749
1.997003
2.001174
2.005329
2.009572
2.013784
2.017952
2.022158
2.026317
2.030514
2.034754
2.038897
2.043071
2.047268
2.051367
2.055576
2.059726
2.063944
2.068040
2.072303
2.076375
2.080488
2.084620
2.088790
2.092937
2.097045
2.101149
2.105299
2.109442
2.113535
2.117642
2.121771
2.125849
2.130040
2.134052
2.138165
2.142273
2.146354
2.150428
2.154497
2.158584
2.162652
2.166748
2.170753
2.174852
2.178915
2.183106
2.187043
2.191127
2.195180
2.199243
2.203228
2.207263
2.211299
2.215341
2.219451
2.223406
2.227400
2.231463
2.235456
2.239462
2.243456
2.247387
2.251434
2.255494
2.259446
2.263425
2.267430
2.271421
2.275436
2.279448
2.283402
2.287324
2.291315
2.295300
2.299222
2.303224
2.307131
2.311122
2.315065
2.319005
2.322950
2.326917
2.330851
2.334770
2.338748
2.342640
2.346631
2.350511
2.354421
2.358349
2.362324
2.366150
2.370102
2.374000
2.377898
2.381757
2.385703
2.389580
2.393474
2.397408
2.401255
2.405153
2.409087
2.412895
2.416790
2.420679
2.424582
2.428474
2.432384
2.436219
2.440096
2.443973
2.447769
2.451637
2.455511
2.459382
2.463217
2.467070
2.470958
2.474823
2.478688
2.482505
2.486352
2.490220
2.494040
2.497842
2.501701
2.505521
2.509371
2.513209
2.517008
2.520798
2.524648
2.528480
2.532288
2.536123
2.539970
2.543721
2.547610
2.551391
2.555213
2.559010
2.562776
2.566571
2.570371
2.574164
2.577954
2.581726
2.585537
2.589324
2.593114
2.596880
2.600667
2.604505
2.608238
2.612013
2.615797
2.619563
2.623314
2.627080
2.630819
2.634588
2.638372
2.642105
2.645853
2.649616
2.653340
2.657073
2.660878
2.664555
2.668303
2.672051
2.675775
2.679541
2.683244
2.686935
2.690734
2.694386
2.698095
2.701781
2.705505
2.709223
2.712884
2.716605
2.720290
2.724035
2.727759
2.731439
2.735142
2.738815
2.742497
2.746152
2.749816
2.753484
2.757163
2.760857
2.764527
2.768197
2.771909
2.775541
2.779184
2.782836
2.786458
2.790113
2.793772
2.797364
2.801010
2.804671
2.808293
2.811946
2.815598
2.819205
2.822851
2.826509
2.830084
2.833664
2.837331
2.840878
2.844492
2.848126
2.851670
2.855325
2.858924
2.862525
2.866087
2.869662
2.873257
2.876837
2.880390
2.883971
2.887545
2.891089
2.894649
2.898244
2.901845
2.905342
2.908913
2.912460
2.915987
2.919525
2.923111
2.926584
2.930122
2.933672
2.937211
2.940752
2.944284
2.947811
2.951322
2.954836
2.958300
2.961802
2.965371
2.968831
2.972333
2.975866
2.979299
2.982850
2.986322
2.989818
2.993297
2.996730
3.000173
3.003681
3.007195
3.010590
3.014083
3.017571
3.021058
3.024516
3.027970
3.031368
3.034825
3.038286
3.041695
3.045132
3.048574
3.051996
3.055462
3.058866
3.062269
3.065717
3.069064
3.072474
3.075907
3.079311
3.082726
3.086169
3.089524
3.092937
3.096358
3.099699
3.103087
3.106461
3.109823
3.113175
3.116582
3.119934
3.123308
3.126714
3.130067
3.133389
3.136748
3.140110
3.143465
3.146803
3.150080
3.153430
3.156807
3.160168
3.163428
3.166757
3.170091
3.173423
3.176784
3.180038
3.183388
3.186716
3.190027
3.193371
3.196663
3.199965
3.203279
3.206589
3.209921
3.213153
3.216434
3.219697
3.222971
3.226318
3.229590
3.232885
3.236175
3.239441
3.242707
3.246005
3.249208
3.252507
3.255796
3.259053
3.262346
3.265560
3.268817
3.272071
3.275346
3.278602
3.281862
3.285095
3.288304
3.291524
3.294781
3.298047
3.301225
3.304485
3.307682
3.310900
3.314094
3.317308
3.320526
3.323768
3.326908
3.330147
3.333376
3.336582
3.339740
3.343009
3.346136
3.349387
3.352557
3.355745
3.358896
3.362057
3.365230
3.368418
3.371618
3.374734
3.377880
3.381055
3.384207
3.387344
3.390550
3.393669
3.396755
3.399904
3.403080
3.406231
3.409371
3.412505
3.415633
3.418767
3.421829
3.424936
3.428030
3.431126
3.434223
3.437321
3.440380
3.443514
3.446567
3.449677
3.452736
3.455822
3.458899
3.461952
3.465017
3.468052
3.471120
3.474188
3.477235
3.480243
3.483302
3.486271
3.489363
3.492299
3.495304
3.498345
3.501356
3.504358
3.507414
3.510383
3.513340
3.516315
3.519341
3.522328
3.525298
3.528228
3.531194
3.534148
3.537120
3.540068
3.543019
3.545976
3.548894
3.551792
3.554761
3.557652
3.560576
3.563536
3.566442
3.569343
3.572255
3.575164
3.578031
3.580904
3.583775
3.586651
3.589479
3.592409
3.595253
3.598144
3.600975
3.603800
3.606683
3.609526
3.612387
3.615197
3.618043
3.620893
3.623703
3.626471
3.629273
3.632155
3.634905
3.637719
3.640520
3.643288
3.646084
3.648876
3.651692
3.654433
3.657241
3.659928
3.662715
3.665465
3.668218
3.670951
3.673710
3.676401
3.679130
3.681890
3.684589
3.687339
3.690060
3.692816
3.695444
3.698170
3.700914
3.703572
3.706289
3.708968
3.711664
3.714268
3.716883
3.719532
3.722195
3.724823
3.727492
3.730156
3.732771
3.735396
3.738054
3.740639
3.743312
3.745960
3.748549
3.751098
3.753732
3.756288
3.758912
3.761480
3.764068
3.766624
3.769230
3.771735
3.774312
3.776861
3.779411
3.781985
3.784507
3.787033
3.789562
3.792087
3.794580
3.797148
3.799655
3.802133
3.804608
3.807113
3.809575
3.812104
3.814597
3.817092
3.819576
3.822051
3.824535
3.826937
3.829418
3.831863
3.834362
3.836854
3.839278
3.841711
3.844123
3.846565
3.848958
3.851421
3.853857
3.856266
3.858750
3.861125
3.863555
3.865928
3.868316
3.870722
3.873128
3.875494
3.877852
3.880270
3.882643
3.885028
3.887413
3.889762
3.892141
3.894516
3.896844
3.899181
3.901557
3.903879
3.906234
3.908610
3.910977
3.913260
3.915624
3.917895
3.920208
3.922554
3.924840
3.927189
3.929513
3.931797
3.934119
3.936416
3.938690
3.941006
3.943346
3.945620
3.947921
3.950210
3.952445
3.954752
3.957035
3.959312
3.961556
3.963848
3.966113
3.968375
3.970646
3.972914
3.975176
3.977450
3.979709
3.981980
3.984227
3.986471
3.988745
3.990963
3.993213
3.995475
3.997671
3.999882
4.002099
4.004310
4.006542
4.008747
4.010973
4.013169
4.015401
4.017603
4.019805
4.022005
4.024201
4.026358
4.028548
4.030717
4.032892
4.035079
4.037270
4.039409
4.041587
4.043753
4.045895
4.048031
4.050159
4.052310
4.054491
4.056639
4.058760
4.060935
4.063036
4.065145
4.067254
4.069351
4.071445
4.073546
4.075646
4.077728
4.079855
4.081926
4.084026
4.086108
4.088158
4.090237
4.092301
4.094368
4.096436
4.098485
4.100534
4.102599
4.104663
4.106647
4.108705
4.110721
4.112683
4.114712
4.116734
4.118735
4.120725
4.122756
4.124761
4.126756
4.128754
4.130711
4.132685
4.134659
4.136628
4.138560
4.140535
4.142500
4.144489
4.146464
4.148399
4.150299
4.152219
4.154137
4.156045
4.157999
4.159925
4.161846
4.163796
4.165735
4.167622
4.169551
4.171424
4.173308
4.175190
4.177036
4.178905
4.180775
4.182659
4.184526
4.186416
4.188325
4.190173
4.192025
4.193859
4.195695
4.197550
4.199365
4.201193
4.203042
4.204866
4.206717
4.208557
4.210358
4.212204
4.214010
4.215784
4.217617
4.219424
4.221219
4.222998
4.224784
4.226584
4.228385
4.230216
4.231980
4.233751
4.235522
4.237271
4.239039
4.240819
4.242578
4.244309
4.246104
4.247869
4.249594
4.251371
4.253132
4.254903
4.256635
4.258346
4.260050
4.261782
4.263508
4.265215
4.266908
4.268610
4.270321
4.272038
4.273763
4.275477
4.277167
4.278883
4.280561
4.282254
4.283917
4.285610
4.287297
4.288962
4.290628
4.292297
4.293969
4.295619
4.297333
4.299029
4.300647
4.302304
4.303955
4.305614
4.307316
4.308940
4.310585
4.312232
4.313848
4.315468
4.317095
4.318743
4.320379
4.322015
4.323606
4.325197
4.326824
4.328421
4.330041
4.331668
4.333235
4.334814
4.336390
4.337951
4.339518
4.341109
4.342655
4.344219
4.345779
4.347325
4.348838
4.350402
4.351945
4.353482
4.354995
4.356500
4.358034
4.359526
4.361039
4.362578
4.364128
4.365644
4.367147
4.368651
4.370129
4.371614
4.373083
4.374560
4.376025
4.377520
4.378931
4.380384
4.381858
4.383326
4.384800
4.386268
4.387685
4.389126
4.390568
4.391967
4.393378
4.394831
4.396221
4.397641
4.398998
4.400422
4.401782
4.403175
4.404520
4.405904
4.407270
4.408643
4.410018
4.411399
4.412747
4.414090
4.415435
4.416723
4.418068
4.419420
4.420729
4.422026
4.423341
4.424639
4.425930
4.427245
4.428507
4.429825
4.431101
4.432393
4.433639
4.434948
4.436215
4.437522
4.438798
4.440056
4.441267
4.442492
4.443742
4.444946
4.446145
4.447355
4.448562
4.449764
4.450953
4.452131
4.453317
4.454530
4.455696
4.456882
4.458072
4.459234
4.460406
4.461541
4.462709
4.463857
4.464975
4.466101
4.467252
4.468372
4.469463
4.470553
4.471650
4.472762
4.473870
4.474955
4.476036
4.477118
4.478169
4.479221
4.480288
4.481375
4.482448
4.483505
4.484563
4.485597
4.486609
4.487625
4.488694
4.489704
4.490711
4.491712
4.492709
4.493701
4.494708
4.495702
4.496664
4.497647
4.498614
4.499567
4.500511
4.501479
4.502464
4.503453
4.504430
4.505385
4.506329
4.507270
4.508220
4.509161
4.510053
4.510949
4.511836
4.512714
4.513604
4.514479
4.515332
4.516186
4.517043
4.517909
4.518757
4.519602
4.520456
4.521307
4.522154
4.522972
4.523793
4.524635
4.525519
4.526361
4.527185
4.528036
4.528862
4.529684
4.530513
4.531307
4.532084
4.532871
4.533638
4.534384
4.535133
4.535882
4.536640
4.537371
4.538078
4.538797
4.539495
4.540194
4.540915
4.541623
4.542318
4.543022
4.543720
4.544439
4.545155
4.545871
4.546572
4.547291
4.548013
4.548715
4.549416
4.550111
4.550821
4.551522
4.552202
4.552867
4.553514
4.554149
4.554772
4.555393
4.555998
4.556606
4.557196
4.557784
4.558359
4.558931
4.559491
4.560061
4.560633
4.561199
4.561762
4.562335
4.562901
4.563476
4.564033
4.564581
4.565136
4.565681
4.566215
4.566733
4.567239
4.567751
4.568261
4.568770
4.569264
4.569777
4.570277
4.570792
4.571314
4.571850
4.572368
4.572902
4.573426
4.573941
4.574453
4.574939
4.575394
4.575832
4.576251
4.576659
4.577042
4.577435
4.577800
4.578169
4.578513
4.578861
4.579206
4.579556
4.579897
4.580242
4.580577
4.580910
4.581243
4.581575
4.581911
4.582232
4.582537
4.582833
4.583148
4.583460
4.583756
4.584065
4.584376
4.584673
4.584967
4.585242
4.585512
4.585793
4.586063
4.586324
4.586570
4.586818
4.587052
4.587271
4.587474
4.587669
4.587849
4.588026
4.588221
4.588403
4.588577
4.588763
4.588948
4.589140
4.589332
4.589512
4.589680
4.589874
4.590063
4.590249
4.590416
4.590605
4.590788
4.590968
4.591151
4.591336
4.591513
4.591693
4.591903
4.592106
4.592307
4.592529
4.592751
4.592969
4.593185
4.593386
4.593586
4.593787
4.593997
4.594192
4.594380
4.594581
4.594770
4.594955
4.595139
4.595318
4.595477
4.595639
4.595812
4.595977
4.596124
4.596286
4.596430
4.596570
4.596705
4.596831
4.596945
4.597071
4.597185
4.597290
4.597379
4.597469
4.597553
4.597631
4.597691
4.597736
4.597763
4.597784
4.597811
4.597820
4.597820
4.597820
4.597820
4.597820
4.597820
4.597820
4.597820
4.597820
4.597820
4.597820
4.597820
4.597820
4.597820
4.597820
4.597820
4.597820
4.597820
4.597820
4.597820
4.597820
4.597808
4.597802
4.597799
4.597796
4.597784
4.597778
4.597766
4.597766
4.597766
4.597766
4.597766
4.597766
4.597766
4.597766
4.597766
4.597763
4.597751
4.597745
4.597745
4.597745
4.597745
4.597745
4.597745
4.597745
4.597745
4.597745
4.597745
4.597745
4.597745
4.597745
4.597745
4.597745
4.597745
4.597745
4.597745
4.597745
4.597742
4.597733
4.597733
4.597733
4.597733
4.597733
4.597733
4.597733
4.597733
4.597733
4.597733
4.597733
4.597733
4.597733
4.597733
4.597733
4.597733
4.597733
4.597733
4.597733
4.597733
4.597733
4.597733
4.597733
4.597733
4.597733
4.597733
4.597733
4.597733
4.597733
4.597733
4.597733
4.597733
4.597733
4.597733
4.597733
4.597733
4.597733
4.597733
4.597733
4.597733
4.597733
4.597733
4.597733
4.597733
4.597733
4.597733
4.597733
4.597733
4.597733
4.597733
4.597733
4.597733
4.597733
4.597733
4.597733
4.597733
4.597733
4.597733
4.597733
4.597733
4.597733
4.597733
4.597733
4.597733
4.597733
4.597733
4.597733
4.597733
4.597733
4.597733
4.597733
4.597733
4.597733
4.597733
4.597733
4.597733
4.597733
4.597733
4.597733
4.597733
4.597733
4.597733
4.597733
4.597733
4.597733
4.597733
4.597733
4.597733
4.597733
4.597733
4.597733
4.597733
4.597733
4.597733
4.597733
4.597733
4.597733
4.597733
4.597733
4.597733