5.468279
5.468279
5.468279
5.468279
5.468279
5.468279
5.468617
5.469142
5.469825
5.470679
5.471680
5.472836
5.474163
5.475712
5.477465
5.479403
5.481594
5.483963
5.486408
5.489113
5.492008
5.495118
5.498470
5.501919
5.505571
5.509400
5.513376
5.517552
5.521891
5.526412
5.531148
5.536125
5.541278
5.546623
5.552210
5.557897
5.563868
5.570049
5.576406
5.582953
5.589577
5.596573
5.603614
5.611041
5.618450
5.626189
5.634192
5.642248
5.650538
5.659110
5.667813
5.676646
5.685784
5.695071
5.704659
5.714393
5.724292
5.734448
5.744818
5.755304
5.766066
5.777136
5.788261
5.799538
5.811121
5.822907
5.834754
5.847025
5.859297
5.871668
5.884683
5.897506
5.910521
5.923901
5.937431
5.951010
5.964989
5.979101
5.993329
6.007881
6.022522
6.037020
6.052471
6.067424
6.082587
6.098331
6.113839
6.129871
6.146026
6.162306
6.178895
6.195329
6.212409
6.229274
6.246639
6.263837
6.281442
0.016089
0.034107
0.052251
0.070617
0.089223
0.107822
0.126781
0.145629
0.165050
0.184377
0.203543
0.222814
0.242324
0.261801
0.281300
0.301146
0.320275
0.340001
0.359251
0.379028
0.398368
0.418010
0.437430
0.456935
0.476511
0.495892
0.515433
0.535066
0.553938
0.573682
0.592794
0.612193
0.631635
0.651082
0.670320
0.689455
0.708813
0.728138
0.747372
0.766550
0.785659
0.804759
0.823835
0.842946
0.862235
0.881323
0.900644
0.919550
0.938970
0.957905
0.977206
0.996374
1.015525
1.034763
1.054036
1.073115
1.092425
1.111768
1.130867
1.150012
1.169546
1.188688
1.207977
1.227152
1.246701
1.265813
1.285320
1.304228
1.323736
1.342725
1.362067
1.381278
1.400545
1.419816
1.438874
1.458118
1.477463
1.496380
1.515486
1.534835
1.553692
1.573115
1.591915
1.611129
1.630292
1.649338
1.668621
1.687622
1.706913
1.726184
1.745293
1.764569
1.783804
1.803110
1.822192
1.841478
1.860470
1.880058
1.899302
1.918513
1.937684
1.957015
1.976310
1.995532
2.014938
2.034271
2.053051
2.072741
2.091472
2.110973
2.130079
2.149122
2.168222
2.187675
2.206446
2.225509
2.244768
2.263574
2.282677
2.301642
2.320562
2.339491
2.358606
2.377314
2.396225
2.415268
2.434290
2.452760
2.471836
2.490747
2.509856
2.528632
2.547514
2.566419
2.585330
2.604376
2.623158
2.642435
2.661148
2.679855
2.698877
2.717773
2.736646
2.755512
2.774405
2.793328
2.812251
2.830992
2.849783
2.868694
2.887398
2.906031
2.924849
2.943332
2.962270
2.981001
2.999657
3.018314
3.036925
3.055387
3.073807
3.092532
3.110865
3.129408
3.147866
3.166256
3.185107
3.203437
3.221674
3.240325
3.258712
3.277203
3.295746
3.314088
3.332492
3.351041
3.369617
3.387970
3.406489
3.425065
3.443589
3.461850
3.480417
3.498842
3.517250
3.535817
3.554036
3.572695
3.591166
3.609469
3.627898
3.646560
3.664470
3.682968
3.701385
3.719625
3.737993
3.756207
3.774635
3.792711
3.811011
3.829154
3.847476
3.865611
3.883542
3.901671
3.920082
3.938118
3.956334
3.974499
3.992530
4.010692
4.028971
4.046911
4.065355
4.083442
4.101634
4.119652
4.138291
4.156105
4.174804
4.193005
4.210927
4.229374
4.248018
4.266055
4.284312
4.302714
4.321059
4.339365
4.357722
4.376060
4.394454
4.412759
4.431167
4.449419
4.467725
4.486097
4.504409
4.522694
4.541066
4.559327
4.577605
4.595887
4.614163
4.632571
4.650403
4.668776
4.687138
4.705279
4.723547
4.741960
4.760152
4.778368
4.796731
4.815070
4.833316
4.851759
4.870053
4.888381
4.907058
4.925366
4.943645
4.962020
4.980833
4.999088
5.017666
5.036131
5.054359
5.073435
5.091495
5.110062
5.128451
5.147021
5.165587
5.184169
5.202556
5.220924
5.239524
5.257599
5.276136
5.294624
5.313047
5.331377
5.349665
5.367860
5.386214
5.404568
5.422589
5.441003
5.459156
5.477423
5.495912
5.513684
5.532104
5.549966
5.568338
5.586467
5.604702
5.622818
5.640933
5.659224
5.677505
5.695410
5.713740
5.731953
5.750070
5.768394
5.786619
5.804916
5.822829
5.841057
5.859094
5.877334
5.895493
5.913406
5.931520
5.949694
5.967865
5.985938
6.004271
6.022094
6.040055
6.058187
6.076101
6.094191
6.111883
6.129688
6.147593
6.165560
6.183641
6.201348
6.219255
6.236902
6.254648
6.272471
0.006828
0.024517
0.042454
0.059975
0.077766
0.095814
0.113353
0.130964
0.148877
0.166425
0.184239
0.202000
0.219668
0.237509
0.255273
0.272989
0.290821
0.308890
0.326094
0.343995
0.361594
0.379385
0.397088
0.414738
0.432418
0.450256
0.468059
0.485813
0.503254
0.521164
0.538607
0.556155
0.573832
0.591481
0.609014
0.626586
0.644089
0.661541
0.679230
0.696505
0.713963
0.731616
0.748876
0.766331
0.783915
0.801226
0.818756
0.836094
0.853594
0.871118
0.888525
0.906055
0.923696
0.940810
0.958579
0.975884
0.993645
1.011079
1.028627
1.046139
1.063729
1.081238
1.098891
1.116597
1.134232
1.151858
1.169388
1.187076
1.204642
1.222190
1.240095
1.257732
1.275190
1.292900
1.310496
1.328236
1.345745
1.363334
1.380915
1.398571
1.416059
1.433619
1.451308
1.468799
1.486382
1.504122
1.521562
1.539059
1.556646
1.574098
1.591589
1.609284
1.626661
1.644233
1.661915
1.679547
1.697095
1.714880
1.732422
1.750224
1.768030
1.785578
1.803158
1.820994
1.838614
1.856557
1.874249
1.892129
1.909803
1.927558
1.945249
1.962968
1.981136
1.998657
2.016310
2.034409
2.051675
2.069529
2.087733
2.104981
2.122586
2.140628
2.158191
2.175550
2.193515
2.210781
2.228548
2.246209
2.263646
2.281209
2.298847
2.316245
2.333742
2.351287
2.368661
2.386260
2.403529
2.421212
2.438622
2.456062
2.473478
2.491050
2.508415
2.525975
2.543202
2.561035
2.578292
2.595795
2.613469
2.630771
2.648262
2.665864
2.683241
2.700723
2.718289
2.735672
2.753109
2.770636
2.788298
2.805465
2.822872
2.840183
2.857579
2.875124
2.892339
2.909608
2.927117
2.944239
2.961572
2.978973
2.996005
3.013176
3.030598
3.047636
3.064774
3.081818
3.098983
3.116135
3.133000
3.150371
3.167314
3.184358
3.201355
3.218403
3.235525
3.252605
3.269533
3.286542
3.303700
3.320670
3.337712
3.354768
3.371965
3.389124
3.405977
3.423351
3.440138
3.457233
3.474218
3.491769
3.508475
3.525579
3.542693
3.559842
3.576566
3.593736
3.611018
3.627850
3.644825
3.661750
3.678786
3.695713
3.712590
3.729344
3.746502
3.763271
3.780121
3.797193
3.813890
3.830667
3.847634
3.864415
3.881085
3.897863
3.914602
3.931377
3.948278
3.964885
3.981660
3.998507
4.015123
4.031955
4.048858
4.065537
4.082348
4.099207
4.115997
4.132706
4.149835
4.166615
4.183471
4.200552
4.217261
4.234185
4.251260
4.268313
4.284951
4.301839
4.318695
4.335917
4.352655
4.369499
4.386852
4.403651
4.420549
4.437468
4.454473
4.471323
4.488257
4.505260
4.522089
4.538965
4.555923
4.572877
4.589736
4.606556
4.623382
4.640250
4.657211
4.673974
4.690877
4.707814
4.724586
4.741540
4.758414
4.775099
4.791835
4.808988
4.825954
4.842957
4.859957
4.876750
4.893651
4.910749
4.927794
4.944751
4.961864
4.978981
4.995927
5.013034
5.029995
5.047000
5.064105
5.081105
5.098284
5.115404
5.132454
5.149346
5.166564
5.183573
5.200524
5.217563
5.234646
5.251389
5.268730
5.285460
5.302411
5.319342
5.336195
5.353186
5.370473
5.386975
5.403944
5.420746
5.437503
5.454365
5.471224
5.487861
5.504621
5.521300
5.538114
5.554823
5.571682
5.588331
5.605100
5.621857
5.638596
5.655425
5.672161
5.688813
5.705591
5.722407
5.739206
5.755858
5.772741
5.789420
5.806096
5.823018
5.839736
5.856445
5.873250
5.889836
5.906698
5.923494
5.939966
5.956765
5.973417
5.990138
6.006608
6.023382
6.039876
6.056444
6.073270
6.089520
6.106043
6.122674
6.138916
6.155502
6.172140
6.188495
6.205024
6.221275
6.237645
6.254037
6.270404
0.003538
0.019753
0.036177
0.052548
0.068837
0.085241
0.101393
0.117832
0.134139
0.150381
0.166701
0.183155
0.199420
0.215851
0.232353
0.248523
0.264902
0.281162
0.297592
0.314181
0.330333
0.346578
0.363041
0.379334
0.395710
0.412221
0.428361
0.444750
0.461024
0.477236
0.493543
0.509881
0.526054
0.542283
0.558534
0.574674
0.590963
0.607079
0.623213
0.639382
0.655423
0.671743
0.687832
0.703777
0.719940
0.736014
0.752250
0.768114
0.784182
0.800238
0.816446
0.832388
0.848537
0.864506
0.880706
0.896750
0.912784
0.928891
0.945163
0.960952
0.977352
0.993444
1.009515
1.025820
1.041789
1.057913
1.074218
1.090502
1.106746
1.122877
1.139116
1.155246
1.171446
1.187634
1.203899
1.220255
1.236424
1.252660
1.268779
1.285107
1.301334
1.317408
1.333694
1.350029
1.366034
1.382272
1.398418
1.414591
1.430791
1.446903
1.463088
1.479351
1.495404
1.511567
1.527662
1.543706
1.559864
1.576054
1.592029
1.608286
1.624459
1.640700
1.656750
1.672833
1.689105
1.705352
1.721798
1.737797
1.754029
1.770214
1.786746
1.802883
1.819163
1.835462
1.851680
1.868032
1.884382
1.900719
1.916991
1.933208
1.949507
1.965814
1.982469
1.998399
2.015037
2.031194
2.047523
2.063788
2.080027
2.096308
2.112612
2.128926
2.145080
2.161484
2.177450
2.193700
2.209765
2.226127
2.242216
2.258358
2.274366
2.290479
2.306646
2.322669
2.338718
2.354714
2.370656
2.386736
2.402825
2.418770
2.434940
2.451035
2.466935
2.482996
2.499157
2.515051
2.531059
2.547274
2.563012
2.579182
2.595334
2.611297
2.627358
2.643322
2.659297
2.675508
2.691570
2.707455
2.723460
2.739876
2.755608
2.771930
2.787582
2.803727
2.819681
2.835641
2.851592
2.867534
2.883704
2.899260
2.915151
2.931156
2.946933
2.962779
2.978913
2.994588
3.010374
3.026320
3.041893
3.057787
3.073585
3.089240
3.104870
3.120686
3.136260
3.151917
3.167649
3.182977
3.199015
3.214355
3.230084
3.245834
3.261603
3.277074
3.292830
3.308476
3.324148
3.339818
3.355526
3.371118
3.386970
3.402585
3.418278
3.433861
3.449578
3.465191
3.480767
3.496616
3.512211
3.527850
3.543457
3.559126
3.574804
3.590453
3.606056
3.621540
3.637200
3.652714
3.668389
3.683954
3.699365
3.715008
3.730330
3.745924
3.761495
3.777026
3.792450
3.807811
3.823453
3.838535
3.854112
3.869478
3.884675
3.900026
3.915363
3.930793
3.946282
3.961508
3.976797
3.992395
4.007504
4.023041
4.038405
4.053877
4.069187
4.084601
4.099950
4.115425
4.130774
4.146257
4.161591
4.177030
4.192600
4.207994
4.223448
4.239039
4.254439
4.270147
4.285349
4.300938
4.316724
4.331860
4.347434
4.363115
4.378595
4.393977
4.409455
4.424998
4.440437
4.455954
4.471458
4.486942
4.502398
4.517873
4.533446
4.548673
4.564330
4.579604
4.595102
4.610772
4.625941
4.641278
4.656803
4.672245
4.687555
4.702784
4.718339
4.733619
4.749118
4.764433
4.779863
4.795407
4.810956
4.826323
4.841780
4.857069
4.872699
4.888288
4.903735
4.919207
4.934900
4.950363
4.965948
4.981474
4.997110
5.012513
5.028131
5.043762
5.059278
5.074894
5.090485
5.106122
5.121740
5.137251
5.152692
5.168595
5.183809
5.199359
5.214974
5.230437
5.245921
5.261506
5.277005
5.292288
5.308011
5.323441
5.338799
5.354162
5.369790
5.385177
5.400331
5.415653
5.431020
5.446255
5.461586
5.477067
5.492134
5.507429
5.522783
5.537970
5.553064
5.568536
5.583612
5.599003
5.614501
5.629536
5.644780
5.660125
5.675438
5.690470
5.705992
5.720952
5.736372
5.751805
5.766998
5.782275
5.797507
5.812771
5.827935
5.843145
5.858407
5.873951
5.888991
5.904172
5.919512
5.934642
5.949823
5.965007
5.980021
5.995381
6.010316
6.025423
6.040702
6.055677
6.070957
6.085862
6.100971
6.116056
6.130956
6.146071
6.161084
6.176091
6.190838
6.205920
6.221044
6.235593
6.250879
6.265374
6.280384
0.012059
0.026878
0.041780
0.056685
0.071369
0.086098
0.101177
0.115929
0.130772
0.145539
0.160565
0.175173
0.190444
0.205038
0.219905
0.234879
0.249751
0.264360
0.279400
0.294357
0.309130
0.324012
0.338803
0.353654
0.368683
0.383372
0.398161
0.413087
0.427819
0.442703
0.457645
0.472256
0.487162
0.501756
0.516793
0.531488
0.546169
0.560859
0.575542
0.590181
0.605078
0.619495
0.634343
0.648838
0.663683
0.678307
0.692940
0.707477
0.722280
0.736895
0.751285
0.765888
0.780395
0.794980
0.809639
0.824110
0.838719
0.853349
0.867838
0.882410
0.897001
0.911586
0.926147
0.940711
0.955631
0.970006
0.984974
0.999308
1.014039
1.028828
1.043338
1.058114
1.072981
1.087347
1.102339
1.116999
1.131530
1.146216
1.161071
1.175650
1.190405
1.205176
1.219769
1.234465
1.249218
1.263859
1.278678
1.293430
1.308057
1.322762
1.337580
1.352192
1.366882
1.381535
1.396108
1.411026
1.425557
1.440114
1.454810
1.469488
1.484040
1.498633
1.513419
1.527863
1.542565
1.557263
1.571710
1.586298
1.600949
1.615542
1.630202
1.644976
1.659468
1.674247
1.689012
1.703438
1.718250
1.732964
1.747564
1.762649
1.777237
1.791866
1.806769
1.821485
1.836250
1.851012
1.865932
1.880523
1.895173
1.910235
1.924879
1.939692
1.954765
1.969131
1.984195
1.998927
2.013637
2.028525
2.043229
2.057952
2.072651
2.087610
2.102237
2.116861
2.131838
2.146285
2.161007
2.175742
2.190336
2.204962
2.219655
2.234234
2.248705
2.263724
2.278033
2.292465
2.307104
2.321728
2.336256
2.350814
2.365446
2.379672
2.394358
2.408826
2.423375
2.437882
2.452296
2.466773
2.481325
2.495841
2.510345
2.524873
2.539343
2.553883
2.568609
2.582765
2.597395
2.611980
2.626460
2.641080
2.655405
2.670070
2.684490
2.699093
2.713615
2.728020
2.742569
2.757067
2.771463
2.785931
2.800435
2.814813
2.829287
2.843632
2.858142
2.872457
2.887030
2.901324
2.915774
2.930044
2.944365
2.958755
2.973058
2.987170
3.001704
3.015776
3.030166
3.044415
3.058575
3.072779
3.086939
3.100996
3.115069
3.129276
3.143468
3.157789
3.171844
3.185976
3.199989
3.214301
3.228182
3.242425
3.256590
3.270648
3.284780
3.299137
3.312928
3.327195
3.341379
3.355532
3.369689
3.384004
3.397830
3.412217
3.426263
3.440323
3.454555
3.468879
3.482921
3.496799
3.511162
3.525061
3.539343
3.553335
3.567512
3.581489
3.595579
3.609550
3.623766
3.637773
3.651734
3.665759
3.679879
3.693703
3.708003
3.721812
3.735624
3.749900
3.763784
3.777632
3.791506
3.805387
3.819351
3.833304
3.847128
3.860997
3.874838
3.888692
3.902474
3.916328
3.930152
3.943922
3.957733
3.971713
3.985420
3.999211
4.013052
4.026823
4.040787
4.054569
4.068570
4.082292
4.096151
4.109987
4.123928
4.137784
4.151662
4.165555
4.179738
4.193331
4.207557
4.221078
4.235321
4.249319
4.263085
4.276984
4.291020
4.304973
4.318695
4.332705
4.346654
4.360646
4.374643
4.388551
4.402363
4.416340
4.430175
4.443972
4.458051
4.472018
4.485731
4.499678
4.513508
4.527382
4.541341
4.555384
4.569040
4.582986
4.596738
4.610888
4.624473
4.638407
4.652210
4.666130
4.679885
4.693816
4.707634
4.721335
4.735294
4.748986
4.762873
4.776721
4.790568
4.804257
4.818273
4.832276
4.845887
4.860109
4.873733
4.887838
4.901704
4.915761
4.929513
4.943505
4.957442
4.971326
4.985171
4.999168
5.013133
5.027077
5.041065
5.055045
5.068997
5.082992
5.096774
5.110919
5.124847
5.138827
5.152893
5.166651
5.180610
5.194404
5.208386
5.222303
5.236058
5.250157
5.263960
5.277781
5.291688
5.305572
5.319465
5.333151
5.346975
5.360697
5.374610
5.388272
5.401919
5.415794
5.429366
5.443058
5.456789
5.470424
5.484212
5.497859
5.511437
5.525084
5.538839
5.552298
5.566172
5.579654
5.593215
5.606757
5.620652
5.634012
5.647892
5.661447
5.675088
5.688525
5.702334
5.715819
5.729712
5.743275
5.756871
5.770494
5.784201
5.797764
5.811246
5.825112
5.838562
5.852200
5.865840
5.879335
5.892931
5.906590
5.920105
5.933650
5.947256
5.960773
5.974334
5.987867
6.001547
6.014927
6.028461
6.041853
6.055413
6.068809
6.082057
6.095650
6.109118
6.122258
6.135908
6.149148
6.162540
6.175816
6.189205
6.202535
6.215753
6.229071
6.242322
6.255570
6.268900
6.282107
0.012116
0.025431
0.038586
0.051922
0.065116
0.078161
0.091652
0.104682
0.118072
0.131086
0.144713
0.157590
0.171111
0.184284
0.197431
0.210629
0.223955
0.237198
0.250407
0.263719
0.276899
0.290117
0.303503
0.316644
0.329890
0.343099
0.356336
0.369561
0.382743
0.396013
0.409210
0.422414
0.435495
0.448812
0.461881
0.475094
0.488318
0.501471
0.514558
0.527737
0.540848
0.553980
0.567070
0.580252
0.593273
0.606327
0.619438
0.632479
0.645494
0.658479
0.671446
0.684557
0.697554
0.710356
0.723572
0.736553
0.749463
0.762323
0.775508
0.788298
0.801244
0.814262
0.827220
0.840247
0.853154
0.866055
0.879076
0.892058
0.905156
0.917818
0.931126
0.943919
0.956794
0.970030
0.982913
0.995913
1.008970
1.021949
1.034991
1.048155
1.061044
1.074170
1.087275
1.100170
1.113391
1.126322
1.139355
1.152313
1.165658
1.178547
1.191627
1.204780
1.217882
1.230870
1.243963
1.257103
1.269917
1.283226
1.296127
1.309172
1.322264
1.335225
1.348273
1.361378
1.374339
1.387285
1.400366
1.413330
1.426386
1.439506
1.452332
1.465416
1.478314
1.491413
1.504320
1.517320
1.530281
1.543227
1.556206
1.569071
1.581990
1.595091
1.607920
1.620995
1.633989
1.646911
1.659932
1.672932
1.685779
1.698770
1.712153
1.724866
1.738033
1.751060
1.764147
1.777090
1.790159
1.803302
1.816404
1.829386
1.842491
1.855580
1.868712
1.881763
1.894811
1.908020
1.921047
1.934335
1.947272
1.960472
1.973529
1.986448
1.999544
2.012700
2.025750
2.038682
2.051888
2.065008
2.077891
2.091226
2.104121
2.117130
2.130301
2.143307
2.156388
2.169297
2.182178
2.195219
2.208153
2.221004
2.233988
2.247018
2.259787
2.272754
2.285649
2.298476
2.311398
2.324346
2.337152
2.349777
2.362894
2.375636
2.388441
2.401315
2.414168
2.426940
2.439847
2.452745
2.465344
2.478302
2.490984
2.504083
2.516828
2.529588
2.542462
2.555333
2.568016
2.580755
2.593863
2.606596
2.619428
2.632296
2.645086
2.657936
2.670828
2.683571
2.696361
2.709226
2.721986
2.734737
2.747665
2.760455
2.773242
2.786147
2.798901
2.811523
2.824352
2.836969
2.849738
2.862588
2.875082
2.887962
2.900722
2.913305
2.926146
2.938682
2.951295
2.964052
2.976609
2.989165
3.001797
3.014419
3.026946
3.039502
3.052190
3.064603
3.077225
3.089761
3.102144
3.114655
3.127191
3.139603
3.152097
3.164641
3.177141
3.189497
3.202044
3.214415
3.226887
3.239276
3.251964
3.264332
3.276910
3.289166
3.301612
3.314106
3.326674
3.339000
3.351550
3.363954
3.376379
3.388893
3.401360
3.413686
3.426422
3.438718
3.451226
3.463618
3.476159
3.488476
3.500889
3.513310
3.525765
3.538157
3.550692
3.563081
3.575521
3.587822
3.600235
3.612800
3.625030
3.637314
3.649706
3.662008
3.674357
3.686671
3.698991
3.711161
3.723708
3.735914
3.748102
3.760425
3.772676
3.784888
3.797145
3.809303
3.821625
3.833804
3.845921
3.858135
3.870224
3.882314
3.894573
3.906767
3.918890
3.931066
3.943238
3.955262
3.967363
3.979614
3.991727
4.003893
4.016057
4.028156
4.040305
4.052400
4.064567
4.076743
4.088775
4.101110
4.113088
4.125506
4.137545
4.149784
4.161974
4.174201
4.186395
4.198694
4.210763
4.223007
4.235066
4.247326
4.259559
4.271849
4.283959
4.296147
4.308473
4.320553
4.332795
4.345060
4.357218
4.369628
4.381621
4.393980
4.405994
4.418440
4.430484
4.442693
4.454836
4.466964
4.479212
4.491430
4.503654
4.515623
4.528029
4.539915
4.552184
4.564366
4.576449
4.588478
4.600720
4.612887
4.624814
4.636948
4.649199
4.661162
4.673311
4.685470
4.697406
4.709477
4.721518
4.733697
4.745741
4.757743
4.769728
4.781886
4.794193
4.806148
4.818321
4.830347
4.842481
4.854567
4.866629
4.878898
4.891056
4.903127
4.915267
4.927614
4.939613
4.951720
4.964007
4.976120
4.988299
5.000418
5.012525
5.024704
5.036994
5.049017
5.061181
5.073384
5.085482
5.097715
5.109939
5.121968
5.134189
5.146470
5.158418
5.170678
5.182695
5.194871
5.206996
5.219052
5.231156
5.243152
5.255214
5.267352
5.279384
5.291569
5.303577
5.315474
5.327428
5.339655
5.351421
5.363528
5.375461
5.387359
5.399457
5.411276
5.423272
5.435122
5.446998
5.458913
5.470810
5.482606
5.494384
5.506413
5.518193
5.530031
5.541877
5.553565
5.565549
5.577404
5.589101
5.601031
5.612907
5.624685
5.636600
5.648261
5.660143
5.672011
5.683869
5.695644
5.707412
5.719426
5.730904
5.742823
5.754600
5.766321
5.778128
5.789980
5.801752
5.813853
5.825514
5.837306
5.848997
5.860804
5.872549
5.884425
5.895942
5.907785
5.919569
5.931283
5.942998
5.954907
5.966541
5.978118
5.989835
6.001487
6.013187
6.024910
6.036490
6.048133
6.059856
6.071484
6.083091
6.094730
6.106271
6.117860
6.129482
6.140954
6.152530
6.164068
6.175603
6.186943
6.198750
6.209902
6.221611
6.233082
6.244428
6.255879
6.267369
6.278736
0.007095
0.018372
0.029829
0.041325
0.052611
0.064182
0.075555
0.086952
0.098343
0.109737
0.121170
0.132698
0.144017
0.155453
0.166844
0.178160
0.189833
0.200981
0.212648
0.223964
0.235334
0.246743
0.258188
0.269567
0.281009
0.292454
0.303890
0.315131
0.326813
0.337931
0.349469
0.360797
0.372236
0.383588
0.394910
0.406469
0.417605
0.429014
0.440549
0.451799
0.463172
0.474482
0.485861
0.497184
0.508521
0.519879
0.531153
0.542478
0.553560
0.565056
0.576294
0.587443
0.598747
0.609838
0.621301
0.632452
0.643652
0.654902
0.666023
0.677357
0.688563
0.699750
0.710784
0.722136
0.733246
0.744322
0.755462
0.766694
0.777710
0.788847
0.800037
0.811116
0.822208
0.833443
0.844444
0.855602
0.866693
0.877922
0.889068
0.900351
0.911298
0.922468
0.933679
0.944815
0.956018
0.967118
0.978242
0.989427
1.000719
1.011759
1.023129
1.034281
1.045429
1.056592
1.067854
1.079012
1.090118
1.101482
1.112439
1.123773
1.134876
1.146189
1.157388
1.168615
1.179628
1.190822
1.202072
1.213298
1.224692
1.235882
1.247081
1.258296
1.269465
1.280407
1.291669
1.302895
1.314094
1.325210
1.336406
1.347542
1.358786
1.369920
1.381005
1.392138
1.403437
1.414444
1.425589
1.436864
1.447724
1.459040
1.470075
1.481175
1.492264
1.503475
1.514434
1.525535
1.536680
1.547796
1.558851
1.569930
1.581016
1.592071
1.603217
1.614275
1.625381
1.636557
1.647681
1.658793
1.669933
1.680919
1.691966
1.703261
1.714397
1.725531
1.736646
1.747728
1.758994
1.770193
1.781143
1.792331
1.803695
1.814831
1.825836
1.837224
1.848249
1.859583
1.870755
1.881904
1.893037
1.904230
1.915406
1.926614
1.937870
1.949024
1.960218
1.971468
1.982691
1.993660
2.005078
2.016133
2.027267
2.038391
2.049596
2.060726
2.071905
2.082972
2.094109
2.105287
2.116366
2.127371
2.138702
2.149688
2.160723
2.171850
2.182971
2.193913
2.205025
2.216039
2.227071
2.238096
2.249077
2.260108
2.271160
2.282195
2.293020
2.304075
2.315077
2.325937
2.336888
2.347859
2.358759
2.369734
2.380546
2.391455
2.402517
2.413368
2.424199
2.435206
2.446007
2.456967
2.467896
2.478841
2.489825
2.500655
2.511528
2.522452
2.533408
2.544242
2.555171
2.566188
2.576998
2.587883
2.598929
2.609745
2.620590
2.631649
2.642321
2.653319
2.664396
2.675017
2.686081
2.696936
2.707824
2.718616
2.729461
2.740561
2.751347
2.762145
2.773003
2.783708
2.794814
2.805507
2.816443
2.827208
2.837993
2.848785
2.859634
2.870465
2.881191
2.892072
2.902849
2.913530
2.924325
2.935000
2.945654
2.956565
2.967264
2.977930
2.988692
2.999319
3.010024
3.020711
3.031275
3.041908
3.052619
3.063240
3.073987
3.084467
3.095082
3.105697
3.116246
3.126756
3.137359
3.147992
3.158445
3.169045
3.179646
3.190126
3.200717
3.211245
3.221866
3.232484
3.242898
3.253462
3.264089
3.274468
3.285005
3.295659
3.306091
3.316835
3.327399
3.337948
3.348461
3.359115
3.369518
3.380073
3.390649
3.401063
3.411615
3.422254
3.432836
3.443320
3.453974
3.464289
3.474979
3.485339
3.496014
3.506407
3.516939
3.527317
3.538055
3.548472
3.558823
3.569444
3.579811
3.590327
3.600936
3.611186
3.621765
3.632143
3.642590
3.652956
3.663359
3.673818
3.684277
3.694584
3.705121
3.715310
3.725767
3.736157
3.746302
3.756737
3.767103
3.777359
3.787710
3.798059
3.808356
3.818603
3.828957
3.839161
3.849411
3.859714
3.869931
3.880180
3.890427
3.900637
3.910848
3.921082
3.931218
3.941444
3.951714
3.961871
3.972054
3.982292
3.992401
4.002596
4.012930
4.023077
4.033288
4.043546
4.053718
4.063910
4.074151
4.084473
4.094641
4.104816
4.114981
4.125240
4.135487
4.145646
4.155880
4.166220
4.176371
4.186605
4.196806
4.207023
4.217234
4.227486
4.237733
4.247946
4.258226
4.268469
4.278683
4.288888
4.299161
4.309302
4.319588
4.329883
4.339913
4.350358
4.360427
4.370671
4.380920
4.391140
4.401293
4.411558
4.421723
4.431967
4.442153
4.452316
4.462518
4.472723
4.482888
4.493060
4.503246
4.513286
4.523649
4.533584
4.543900
4.553913
4.564084
4.574151
4.584278
4.594392
4.604546
4.614556
4.624775
4.634722
4.644816
4.655003
4.664973
4.675010
4.685122
4.695123
4.705168
4.715250
4.725392
4.735345
4.745439
4.755454
4.765524
4.775675
4.785627
4.795619
4.805770
4.815771
4.825856
4.835940
4.846070
4.856209
4.866170
4.876405
4.886424
4.896551
4.906632
4.916705
4.926844
4.936821
4.946905
4.957131
4.967192
4.977262
4.987352
4.997473
5.007552
5.017627
5.027664
5.037821
5.047950
5.057978
5.068090
5.078238
5.088268
5.098251
5.108435
5.118540
5.128523
5.138500
5.148672
5.158936
5.168676
5.178833
5.188753
5.198981
5.208892
5.218843
5.228900
5.238937
5.248923
5.258930
5.268891
5.278821
5.288878
5.298687
5.308757
5.318743
5.328513
5.338415
5.348398
5.358222
5.368148
5.377990
5.387796
5.397674
5.407561
5.417346
5.427215
5.437093
5.446785
5.456583
5.466409
5.476219
5.485929
5.495771
5.505421
5.515197
5.525051
5.534696
5.544619
5.554170
5.564012
5.573659
5.583516
5.593133
5.602865
5.612563
5.622258
5.632052
5.641952
5.651686
5.661204
5.670959
5.680681
5.690410
5.700042
5.709716
5.719481
5.729134
5.738784
5.748470
5.758339
5.767864
5.777565
5.787335
5.796901
5.806618
5.816298
5.825963
5.835640
5.845324
5.854848
5.864427
5.874104
5.883685
5.893500
5.903046
5.912723
5.922340
5.932024
5.941602
5.951159
5.960705
5.970418
5.979867
5.989398
5.999057
6.008441
6.018076
6.027556
6.037056
6.046725
6.056105
6.065650
6.075175
6.084595
6.094107
6.103545
6.112940
6.122519
6.132088
6.141322
6.150826
6.160101
6.169560
6.178884
6.188396
6.197645
6.207011
6.216439
6.225856
6.235107
6.244470
6.253743
6.263082
6.272423
6.281711
0.007907
0.017161
0.026413
0.035653
0.045100
0.054357
0.063696
0.072867
0.082080
0.091476
0.100784
0.109931
0.119402
0.128624
0.137950
0.147238
0.156529
0.165790
0.175108
0.184362
0.193665
0.202866
0.212115
0.221403
0.230792
0.239942
0.249209
0.258545
0.267856
0.277039
0.286363
0.295579
0.304843
0.314223
0.323439
0.332721
0.341997
0.351135
0.360378
0.369674
0.378857
0.388100
0.397439
0.406613
0.415820
0.425161
0.434272
0.443545
0.452752
0.461941
0.471160
0.480226
0.489484
0.498729
0.507802
0.517032
0.526197
0.535338
0.544482
0.553479
0.562806
0.571815
0.580959
0.590274
0.599121
0.608379
0.617487
0.626472
0.635562
0.644670
0.653722
0.662785
0.671932
0.680923
0.689962
0.699109
0.708055
0.717070
0.726148
0.735157
0.744163
0.753280
0.762104
0.771272
0.780230
0.789218
0.798182
0.807191
0.816141
0.825162
0.834201
0.843186
0.852099
0.861138
0.870097
0.879106
0.888136
0.897118
0.906118
0.915133
0.924080
0.933071
0.942269
0.951059
0.960149
0.969188
0.978075
0.987254
0.996144
1.005174
1.014186
1.023234
1.032237
1.041216
1.050315
1.059229
1.068283
1.077316
1.086358
1.095457
1.104280
1.113346
1.122362
1.131515
1.140317
1.149422
1.158482
1.167440
1.176449
1.185530
1.194552
1.203549
1.212591
1.221489
1.230624
1.239576
1.248475
1.257445
1.266565
1.275466
1.284436
1.293436
1.302404
1.311470
1.320446
1.329308
1.338407
1.347249
1.356327
1.365273
1.374270
1.383081
1.392010
1.401034
1.409908
1.418809
1.427819
1.436666
1.445582
1.454513
1.463397
1.472355
1.481319
1.490026
1.499071
1.507915
1.516726
1.525751
1.534577
1.543469
1.552395
1.561236
1.569999
1.578871
1.587805
1.596703
1.605506
1.614464
1.623242
1.632135
1.641024
1.649847
1.658659
1.667590
1.676446
1.685509
1.694324
1.703162
1.712054
1.721031
1.729887
1.738788
1.747731
1.756612
1.765525
1.774456
1.783340
1.792250
1.801202
1.809995
1.818981
1.828011
1.836744
1.845804
1.854640
1.863544
1.872445
1.881397
1.890236
1.899260
1.908119
1.916982
1.925892
1.934853
1.943724
1.952638
1.961584
1.970422
1.979386
1.988267
1.997222
2.006018
2.014920
2.023794
2.032677
2.041594
2.050405
2.059303
2.068208
2.077043
2.085848
2.094717
2.103543
2.112366
2.121220
2.130010
2.138834
2.147726
2.156468
2.165286
2.174130
2.182870
2.191591
2.200463
2.209229
2.217999
2.226663
2.235549
2.244223
2.252882
2.261684
2.270366
2.279148
2.287708
2.296498
2.305223
2.313914
2.322375
2.331276
2.339824
2.348468
2.357216
2.365779
2.374429
2.383051
2.391803
2.400392
2.409048
2.417697
2.426323
2.435075
2.443551
2.452278
2.461011
2.469550
2.478119
2.486844
2.495385
2.504053
2.512658
2.521163
2.529939
2.538591
2.547106
2.555747
2.564396
2.573049
2.581537
2.590300
2.598806
2.607474
2.616034
2.624584
2.633255
2.641946
2.650395
2.658988
2.667623
2.676212
2.684832
2.693506
2.702014
2.710622
2.719293
2.727708
2.736256
2.744867
2.753493
2.761920
2.770531
2.779052
2.787645
2.796225
2.804734
2.813234
2.821815
2.830242
2.838808
2.847281
2.855742
2.864206
2.872655
2.881191
2.889687
2.898217
2.906654
2.915088
2.923671
2.932034
2.940417
2.948889
2.957332
2.965721
2.974137
2.982547
2.990972
2.999346
3.007729
3.016046
3.024468
3.032821
3.041207
3.049614
3.057796
3.066329
3.074535
3.082777
3.091103
3.099387
3.107701
3.116156
3.124440
3.132682
3.140960
3.149125
3.157406
3.165831
3.173977
3.182177
3.190530
3.198835
3.207047
3.215353
3.223670
3.231831
3.240130
3.248342
3.256614
3.264844
3.273153
3.281368
3.289604
3.297840
3.306100
3.314348
3.322596
3.330821
3.339117
3.347419
3.355562
3.363714
3.372064
3.380246
3.388534
3.396770
3.404961
3.413203
3.421373
3.429562
3.437783
3.445983
3.454126
3.462422
3.470649
3.478814
3.487191
3.495157
3.503471
3.511615
3.519743
3.527895
3.536098
3.544206
3.552343
3.560546
3.568666
3.576809
3.584946
3.593047
3.601170
3.609241
3.617402
3.625510
3.633629
3.641700
3.649790
3.657894
3.665807
3.673971
3.682087
3.690093
3.698077
3.706080
3.714184
3.722165
3.730273
3.738230
3.746236
3.754265
3.762190
3.770222
3.778234
3.786089
3.794101
3.802040
3.809932
3.817892
3.825805
3.833739
3.841597
3.849639
3.857443
3.865329
3.873313
3.881139
3.889022
3.897012
3.904847
3.912637
3.920516
3.928357
3.936198
3.944086
3.951939
3.959735
3.967647
3.975353
3.983368
3.991107
3.998983
4.006776
4.014607
4.022421
4.030295
4.038147
4.045979
4.053751
4.061634
4.069448
4.077246
4.085102
4.092954
4.100807
4.108654
4.116384
4.124200
4.132134
4.139846
4.147641
4.155512
4.163373
4.171185
4.179028
4.186734
4.194560
4.202385
4.210166
4.217950
4.225910
4.233559
4.241430
4.249205
4.257030
4.264793
4.272652
4.280391
4.288180
4.295988
4.303769
4.311555
4.319378
4.327114
4.334967
4.342700
4.350435
4.358213
4.366021
4.373727
4.381523
4.389327
4.397072
4.404802
4.412577
4.420277
4.428015
4.435829
4.443520
4.451241
4.458971
4.466589
4.474331
4.482070
4.489740
4.497422
4.505071
4.512744
4.520432
4.528167
4.535759
4.543504
4.551162
4.558793
4.566427
4.574118
4.581752
4.589335
4.596957
4.604573
4.612165
4.619703
4.627343
4.635010
4.642584
4.650122
4.657708
4.665372
4.673012
4.680448
4.688064
4.695605
4.703176
4.710741
4.718324
4.725844
4.733427
4.740989
4.748407
4.756102
4.763571
4.771178
4.778668
4.786227
4.793831
4.801387
4.808877
4.816442
4.824016
4.831521
4.839038
4.846672
4.854111
4.861557
4.869238
4.876711
4.884240
4.891805
4.899334
4.906737
4.914464
4.921864
4.929417
4.936953
4.944526
4.951900
4.959567
4.966997
4.974499
4.982022
4.989521
4.997044
5.004636
5.012052
5.019542
5.027074
5.034642
5.042090
5.049643
5.057037
5.064539
5.072062
5.079508
5.087088
5.094536
5.101924
5.109406
5.116901
5.124329
5.131813
5.139267
5.146688
5.154079
5.161576
5.168937
5.176403
5.183878
5.191207
5.198634
5.206079
5.213380
5.220685
5.228190
5.235548
5.242846
5.250226
5.257656
5.264832
5.272190
5.279489
5.286901
5.294277
5.301507
5.308859
5.316118
5.323327
5.330793
5.337968
5.345288
5.352404
5.359708
5.367036
5.374098
5.381471
5.388593
5.395918
5.403085
5.410227
5.417352
5.424603
5.431805
5.438951
5.446132
5.453239
5.460378
5.467572
5.474627
5.481767
5.488901
5.495903
5.503063
5.510188
5.517282
5.524404
5.531508
5.538614
5.545676
5.552771
5.559821
5.566918
5.573980
5.581020
5.588040
5.595114
5.602131
5.609262
5.616224
5.623298
5.630395
5.637409
5.644420
5.651434
5.658457
5.665515
5.672520
5.679579
5.686524
5.693490
5.700509
5.707499
5.714636
5.721583
5.728534
5.735542
5.742532
5.749555
5.756446
5.763430
5.770422
5.777460
5.784402
5.791272
5.798306
5.805233
5.812061
5.819060
5.826056
5.832989
5.839913
5.846777
5.853713
5.860733
5.867596
5.874508
5.881423
5.888338
5.895202
5.902159
5.908963
5.915860
5.922876
5.929660
5.936548
5.943378
5.950219
5.957077
5.964006
5.970789
5.977576
5.984472
5.991273
5.998051
6.004953
6.011764
6.018517
6.025474
6.032104
6.038986
6.045664
6.052510
6.059215
6.066028
6.072727
6.079481
6.086302
6.093031
6.099710
6.106463
6.113141
6.119876
6.126590
6.133293
6.139959
6.146778
6.153255
6.159981
6.166698
6.173398
6.179980
6.186665
6.193292
6.199991
6.206612
6.213224
6.219900
6.226584
6.233148
6.239751
6.246388
6.252853
6.259490
6.266258
6.272726
6.279294
0.002774
0.009255
0.015852
0.022411
0.029023
0.035515
0.042119
0.048722
0.055214
0.061845
0.068310
0.074871
0.081418
0.088078
0.094508
0.101072
0.107576
0.114159
0.120639
0.127135
0.133828
0.140326
0.146795
0.153383
0.159882
0.166401
0.172896
0.179512
0.185989
0.192542
0.199046
0.205544
0.212121
0.218538
0.225115
0.231568
0.238052
0.244589
0.251156
0.257616
0.264108
0.270514
0.277150
0.283514
0.290090
0.296544
0.303015
0.309508
0.315976
0.322454
0.328967
0.335426
0.341916
0.348310
0.354862
0.361279
0.367733
0.374177
0.380589
0.387078
0.393571
0.399994
0.406412
0.412815
0.419262
0.425680
0.432154
0.438470
0.444929
0.451413
0.457663
0.464209
0.470609
0.476921
0.483312
0.489762
0.496078
0.502448
0.508883
0.515208
0.521565
0.527947
0.534236
0.540629
0.547014
0.553282
0.559687
0.566060
0.572447
0.578682
0.585058
0.591380
0.597743
0.604011
0.610342
0.616660
0.623006
0.629253
0.635532
0.641788
0.648068
0.654333
0.660684
0.666907
0.673133
0.679416
0.685659
0.691972
0.698222
0.704409
0.710685
0.716944
0.723131
0.729453
0.735646
0.741794
0.748013
0.754257
0.760492
0.766637
0.772970
0.779100
0.785308
0.791543
0.797721
0.803896
0.810155
0.816258
0.822495
0.828661
0.834884
0.841047
0.847243
0.853427
0.859578
0.865851
0.871870
0.878057
0.884376
0.890470
0.896702
0.902927
0.909018
0.915256
0.921407
0.927537
0.933787
0.939926
0.946074
0.952258
0.958447
0.964634
0.970755
0.976975
0.983045
0.989310
0.995446
1.001621
1.007816
1.013964
1.020148
1.026224
1.032528
1.038583
1.044737
1.050873
1.057132
1.063205
1.069382
1.075572
1.081741
1.087874
1.094034
1.100200
1.106363
1.112460
1.118611
1.124782
1.130852
1.137042
1.143205
1.149269
1.155489
1.161616
1.167665
1.173783
1.179958
1.186172
1.192173
1.198426
1.204481
1.210559
1.216773
1.222915
1.228973
1.235139
1.241248
1.247321
1.253397
1.259548
1.265642
1.271715
1.277818
1.283924
1.289988
1.296028
1.302185
1.308264
1.314310
1.320392
1.326480
1.332511
1.338587
1.344654
1.350643
1.356740
1.362777
1.368871
1.374827
1.380981
1.386934
1.392980
1.399044
1.405082
1.411080
1.417051
1.423100
1.429116
1.435102
1.441100
1.447155
1.453102
1.459109
1.465128
1.471091
1.477062
1.483102
1.489043
1.495068
1.501027
1.507049
1.512969
1.519019
1.524951
1.530799
1.536836
1.542756
1.548718
1.554740
1.560595
1.566584
1.572537
1.578454
1.584437
1.590334
1.596269
1.602231
1.608172
1.614047
1.620072
1.625990
1.631907
1.637857
1.643843
1.649697
1.655663
1.661580
1.667497
1.673438
1.679391
1.685312
1.691244
1.697260
1.703126
1.709064
1.715017
1.720947
1.726831
1.732721
1.738782
1.744595
1.750590
1.756402
1.762502
1.768377
1.774217
1.780152
1.786060
1.792070
1.797870
1.803970
1.809792
1.815766
1.821689
1.827546
1.833488
1.839408
1.845259
1.851296
1.857111
1.863059
1.868958
1.874851
1.880723
1.886712
1.892555
1.898538
1.904419
1.910318
1.916260
1.922096
1.928034
1.933930
1.939758
1.945771
1.951523
1.957401
1.963301
1.969173
1.975030
1.980909
1.986712
1.992620
1.998606
2.004317
2.010171
2.016154
2.021877
2.027779
2.033594
2.039508
2.045318
2.051139
2.056948
2.062761
2.068612
2.074425
2.080279
2.086064
2.091903
2.097656
2.103579
2.109283
2.115129
2.120842
2.126682
2.132365
2.138171
2.144029
2.149727
2.155581
2.161235
2.167023
2.172848
2.178528
2.184275
2.190087
2.195768
2.201502
2.207311
2.212941
2.218655
2.224425
2.230093
2.235831
2.241467
2.247186
2.252840
2.258547
2.264194
2.269851
2.275562
2.281200
2.286842
2.292531
2.298176
2.303797
2.309471
2.315094
2.320733
2.326378
2.332004
2.337610
2.343240
2.348824
2.354472
2.360018
2.365701
2.371196
2.376903
2.382452
2.388057
2.393639
2.399302
2.404784
2.410522
2.415987
2.421592
2.427168
2.432771
2.438340
2.443964
2.449486
2.455097
2.460676
2.466213
2.471824
2.477400
2.482970
2.488428
2.494073
2.499601
2.505212
2.510737
2.516256
2.521807
2.527359
2.532890
2.538409
2.544011
2.549518
2.555085
2.560591
2.566155
2.571677
2.577246
2.582690
2.588263
2.593791
2.599288
2.604786
2.610365
2.615836
2.621357
2.626894
2.632446
2.637851
2.643456
2.648936
2.654404
2.659956
2.665522
2.670864
2.676470
2.681887
2.687366
2.692873
2.698383
2.703815
2.709304
2.714762
2.720251
2.725737
2.731163
2.736661
2.742099
2.747539
2.752995
2.758436
2.763961
2.769345
2.774839
2.780298
2.785694
2.791120
2.796501
2.801981
2.807389
2.812734
2.818210
2.823633
2.829035
2.834449
2.839878
2.845247
2.850693
2.855999
2.861470
2.866839
2.872262
2.877568
2.882970
2.888297
2.893711
2.899113
2.904428
2.909746
2.915085
2.920520
2.925778
2.931153
2.936507
2.941816
2.947160
2.952538
2.957770
2.963091
2.968418
2.973673
2.978976
2.984303
2.989594
2.994849
3.000167
3.005434
3.010635
3.015968
3.021187
3.026460
3.031811
3.037027
3.042240
3.047487
3.052706
3.057955
3.063213
3.068432
3.073633
3.078861
3.084080
3.089246
3.094498
3.099693
3.104915
3.110098
3.115302
3.120500
3.125666
3.130870
3.136020
3.141182
3.146323
3.151531
3.156726
3.161864
3.166987
3.172218
3.177315
3.182474
3.187690
3.192780
3.197937
3.203182
3.208180
3.213462
3.218451
3.223667
3.228754
3.233895
3.239054
3.244202
3.249307
3.254469
3.259502
3.264698
3.269770
3.274899
3.279984
3.285146
3.290281
3.295326
3.300444
3.305588
3.310594
3.315691
3.320847
3.325919
3.331000
3.336112
3.341145
3.346268
3.351317
3.356407
3.361452
3.366531
3.371546
3.376612
3.381724
3.386718
3.391796
3.396839
3.401845
3.406905
3.411948
3.416948
3.421949
3.427027
3.432045
3.437052
3.442121
3.447100
3.452095
3.457143
3.462123
3.467072
3.472088
3.477070
3.482047
3.486996
3.491946
3.496991
3.501961
3.506902
3.511827
3.516840
3.521804
3.526688
3.531652
3.536584
3.541491
3.546453
3.551342
3.556295
3.561208
3.566077
3.570976
3.575946
3.580815
3.585626
3.590528
3.595408
3.600301
3.605184
3.610029
3.614886
3.619763
3.624659
3.629500
3.634366
3.639160
3.643971
3.648807
3.653571
3.658421
3.663236
3.667994
3.672791
3.677611
3.682384
3.687156
3.692010
3.696717
3.701433
3.706310
3.710936
3.715718
3.720467
3.725200
3.729904
3.734686
3.739339
3.744043
3.748824
3.753432
3.758199
3.762858
3.767553
3.772254
3.776936
3.781598
3.786248
3.790886
3.795632
3.800225
3.804904
3.809500
3.814087
3.818737
3.823342
3.827980
3.832720
3.837268
3.841948
3.846544
3.851098
3.855694
3.860314
3.864916
3.869482
3.874104
3.878661
3.883209
3.887826
3.892371
3.896976
3.901440
3.906102
3.910575
3.915156
3.919693
3.924219
3.928792
3.933270
3.937849
3.942373
3.946870
3.951340
3.955960
3.960364
3.964921
3.969436
3.973936
3.978466
3.982933
3.987400
3.991888
3.996397
4.000880
4.005356
4.009856
4.014365
4.018802
4.023284
4.027730
4.032194
4.036623
4.041036
4.045485
4.049955
4.054389
4.058874
4.063249
4.067704
4.072183
4.076575
4.081027
4.085440
4.089907
4.094243
4.098647
4.103096
4.107506
4.111898
4.116291
4.120674
4.125096
4.129452
4.133844
4.138261
4.142695
4.147075
4.151470
4.155883
4.160261
4.164635
4.168934
4.173315
4.177686
4.182048
4.186371
4.190733
4.195135
4.199470
4.203799
4.208153
4.212527
4.216883
4.221174
4.225524
4.229907
4.234272
4.238551
4.242865
4.247239
4.251544
4.255838
4.260158
4.264479
4.268793
4.273077
4.277419
4.281682
4.285990
4.290245
4.294550
4.298834
4.303131
4.307433
4.311693
4.315912
4.320211
4.324504
4.328714
4.332935
4.337247
4.341459
4.345749
4.349938
4.354147
4.358408
4.362644
4.366872
4.371099
4.375318
4.379590
4.383767
4.387946
4.392072
4.396383
4.400536
4.404691
4.408885
4.413101
4.417295
4.421442
4.425594
4.429741
4.433950
4.438130
4.442232
4.446357
4.450537
4.454707
4.458797
4.462904
4.466994
4.471140
4.475281
4.479338
4.483445
4.487589
4.491666
4.495792
4.499861
4.503921
4.507989
4.512075
4.516222
4.520201
4.524305
4.528386
4.532380
4.536422
4.540445
4.544511
4.548499
4.552516
4.556561
4.560558
4.564518
4.568548
4.572524
4.576584
4.580523
4.584568
4.588535
4.592490
4.596454
4.600376
4.604348
4.608324
4.612249
4.616179
4.620143
4.624062
4.627981
4.631927
4.635819
4.639735
4.643660
4.647587
4.651482
4.655305
4.659266
4.663065
4.666966
4.670792
4.674686
4.678576
4.682374
4.686245
4.690113
4.693948
4.697762
4.701603
4.705405
4.709222
4.713063
4.716868
4.720730
4.724466
4.728289
4.732079
4.735899
4.739722
4.743482
4.747302
4.751077
4.754882
4.758672
4.762465
4.766258
4.770045
4.773781
4.777574
4.781295
4.785067
4.788830
4.792599
4.796318
4.800107
4.803829
4.807580
4.811319
4.815034
4.818743
4.822497
4.826224
4.829957
4.833726
4.837423
4.841150
4.844845
4.848587
4.852287
4.855993
4.859654
4.863303
4.867013
4.870721
4.874395
4.878062
4.881747
4.885408
4.889058
4.892653
4.896308
4.899993
4.903645
4.907193
4.910899
4.914467
4.918107
4.921735
4.925333
4.928971
4.932599
4.936179
4.939736
4.943394
4.947028
4.950572
4.954192
4.957730
4.961301
4.964858
4.968435
4.971958
4.975502
4.979020
4.982574
4.986156
4.989674
4.993203
4.996754
5.000247
5.003833
5.007324
5.010808
5.014356
5.017915
5.021411
5.024872
5.028461
5.031861
5.035406
5.038854
5.042326
5.045781
5.049281
5.052708
5.056178
5.059686
5.063134
5.066535
5.070061
5.073387
5.076919
5.080320
5.083774
5.087172
5.090590
5.093970
5.097415
5.100858
5.104294
5.107674
5.111131
5.114499
5.117935
5.121347
5.124664
5.128092
5.131480
5.134845
5.138158
5.141523
5.144938
5.148234
5.151560
5.154910
5.158271
5.161602
5.164880
5.168164
5.171535
5.174860
5.178159
5.181469
5.184741
5.188034
5.191401
5.194712
5.197975
5.201252
5.204482
5.207751
5.211047
5.214201
5.217443
5.220769
5.223927
5.227169
5.230362
5.233586
5.236792
5.240018
5.243173
5.246373
5.249600
5.252722
5.255898
5.259070
5.262207
5.265374
5.268541
5.271699
5.274815
5.277976
5.281079
5.284180
5.287284
5.290436
5.293546
5.296650
5.299703
5.302753
5.305848
5.308895
5.311960
5.315019
5.318033
5.321098
5.324124
5.327168
5.330206
5.333244
5.336249
5.339233
5.342277
5.345246
5.348299
5.351259
5.354243
5.357197
5.360160
5.363121
5.366101
5.369089
5.372004
5.374961
5.377906
5.380833
5.383784
5.386744
5.389662
5.392605
5.395484
5.398393
5.401281
5.404205
5.407138
5.409994
5.412906
5.415761
5.418646
5.421537
5.424369
5.427251
5.430103
5.432934
5.435802
5.438654
5.441482
5.444325
5.447199
5.449967
5.452771
5.455570
5.458368
5.461196
5.464019
5.466793
5.469582
5.472390
5.475131
5.477932
5.480754
5.483550
5.486276
5.489057
5.491816
5.494560
5.497332
5.500070
5.502790
5.505541
5.508252
5.510928
5.513651
5.516375
5.519107
5.521845
5.524560
5.527236
5.529953
5.532634
5.535316
5.538051
5.540694
5.543393
5.546083
5.548720
5.551395
5.554077
5.556723
5.559362
5.562002
5.564656
5.567275
5.569917
5.572560
5.575205
5.577845
5.580385
5.582995
5.585617
5.588199
5.590794
5.593469
5.596052
5.598622
5.601226
5.603752
5.606334
5.608887
5.611496
5.614058
5.616620
5.619136
5.621647
5.624224
5.626725
5.629257
5.631783
5.634329
5.636807
5.639294
5.641798
5.644294
5.646823
5.649325
5.651820
5.654328
5.656806
5.659251
5.661698
5.664215
5.666633
5.669126
5.671535
5.673985
5.676394
5.678788
5.681221
5.683662
5.686077
5.688519
5.690925
5.693307
5.695694
5.698110
5.700476
5.702906
5.705267
5.707664
5.710037
5.712413
5.714744
5.717123
5.719471
5.721847
5.724205
5.726551
5.728876
5.731198
5.733574
5.735896
5.738226
5.740528
5.742865
5.745234
5.747535
5.749827
5.752143
5.754429
5.756751
5.759043
5.761341
5.763597
5.765898
5.768157
5.770473
5.772720
5.774997
5.777241
5.779530
5.781816
5.784060
5.786325
5.788554
5.790792
5.793036
5.795269
5.797492
5.799736
5.801977
5.804212
5.806453
5.808655
5.810845
5.813062
5.815276
5.817469
5.819665
5.821867
5.824081
5.826308
5.828435
5.830619
5.832794
5.834981
5.837144
5.839332
5.841492
5.843658
5.845827
5.847981
5.850138
5.852302
5.854420
5.856556
5.858716
5.860840
5.862956
5.865071
5.867162
5.869292
5.871398
5.873514
5.875650
5.877753
5.879856
5.881971
5.884066
5.886139
5.888233
5.890354
5.892413
5.894504
5.896604
5.898689
5.900736
5.902815
5.904852
5.906893
5.908939
5.910973
5.913008
5.915069
5.917118
5.919203
5.921244
5.923221
5.925229
5.927257
5.929273
5.931269
5.933285
5.935265
5.937263
5.939280
5.941257
5.943214
5.945233
5.947145
5.949158
5.951108
5.953083
5.955072
5.957029
5.958973
5.960915
5.962886
5.964767
5.966736
5.968647
5.970568
5.972488
5.974427
5.976335
5.978247
5.980167
5.982037
5.983927
5.985826
5.987717
5.989617
5.991495
5.993383
5.995237
5.997113
5.998980
6.000849
6.002658
6.004477
6.006341
6.008162
6.010002
6.011887
6.013729
6.015560
6.017378
6.019197
6.020982
6.022756
6.024545
6.026357
6.028143
6.029941
6.031735
6.033527
6.035316
6.037083
6.038860
6.040618
6.042371
6.044136
6.045918
6.047659
6.049427
6.051198
6.052941
6.054673
6.056417
6.058134
6.059862
6.061588
6.063278
6.064986
6.066723
6.068464
6.070184
6.071918
6.073590
6.075271
6.077000
6.078671
6.080367
6.082081
6.083750
6.085422
6.087114
6.088789
6.090464
6.092121
6.093769
6.095428
6.097094
6.098739
6.100414
6.102083
6.103755
6.105420
6.107050
6.108701
6.110331
6.111952
6.113552
6.115160
6.116787
6.118390
6.120002
6.121632
6.123241
6.124853
6.126503
6.128109
6.129688
6.131273
6.132879
6.134446
6.136076
6.137640
6.139207
6.140780
6.142350
6.143910
6.145486
6.147054
6.148654
6.150229
6.151787
6.153351
6.154882
6.156422
6.157998
6.159562
6.161087
6.162639
6.164182
6.165713
6.167247
6.168778
6.170294
6.171813
6.173359
6.174872
6.176388
6.177907
6.179423
6.180942
6.182479
6.183977
6.185469
6.186973
6.188447
6.189924
6.191407
6.192899
6.194418
6.195913
6.197375
6.198874
6.200345
6.201816
6.203313
6.204788
6.206250
6.207703
6.209177
6.210597
6.212056
6.213527
6.214962
6.216400
6.217868
6.219309
6.220750
6.222198
6.223624
6.225053
6.226494
6.227896
6.229313
6.230739
6.232151
6.233552
6.234958
6.236351
6.237771
6.239188
6.240612
6.242011
6.243416
6.244770
6.246169
6.247562
6.248943
6.250351
6.251757
6.253096
6.254456
6.255816
6.257159
6.258558
6.259918
6.261275
6.262623
6.263993
6.265344
6.266680
6.268049
6.269392
6.270698
6.272022
6.273367
6.274706
6.276043
6.277364
6.278682
6.280004
6.281310
6.282607
0.000722
0.002025
0.003344
0.004647
0.005926
0.007217
0.008536
0.009839
0.011145
0.012434
0.013713
0.014974
0.016221
0.017488
0.018773
0.020041
0.021308
0.022569
0.023843
0.025101
0.026332
0.027594
0.028858
0.030110
0.031348
0.032600
0.033855
0.035099
0.036336
0.037577
0.038793
0.040009
0.041196
0.042424
0.043617
0.044833
0.046058
0.047278
0.048509
0.049723
0.050912
0.052131
0.053327
0.054519
0.055706
0.056886
0.058055
0.059247
0.060433
0.061611
0.062782
0.063945
0.065113
0.066276
0.067423
0.068586
0.069775
0.070953
0.072139
0.073311
0.074458
0.075611
0.076768
0.077909
0.079048
0.080177
0.081337
0.082451
0.083596
0.084707
0.085822
0.086940
0.088054
0.089163
0.090280
0.091410
0.092557
0.093711
0.094825
0.095934
0.097039
0.098130
0.099256
0.100326
0.101396
0.102459
0.103553
0.104628
0.105704
0.106794
0.107852
0.108940
0.110021
0.111085
0.112139
0.113197
0.114267
0.115333
0.116418
0.117487
0.118545
0.119615
0.120675
0.121730
0.122745
0.123785
0.124804
0.125843
0.126856
0.127899
0.128938
0.129948
0.130973
0.131988
0.132977
0.133981
0.134969
0.135961
0.136962
0.137992
0.139023
0.140042
0.141069
0.142088
0.143062
0.144059
0.145042
0.146007
0.146999
0.147972
0.148946
0.149917
0.150887
0.151861
0.152817
0.153752
0.154713
0.155636
0.156598
0.157521
0.158464
0.159402
0.160367
0.161338
0.162302
0.163261
0.164229
0.165185
0.166134
0.167042
0.167935
0.168837
0.169763
0.170679
0.171569
0.172480
0.173397
0.174296
0.175185
0.176078
0.176959
0.177849
0.178736
0.179602
0.180455
0.181324
0.182181
0.183098
0.183988
0.184890
0.185764
0.186654
0.187532
0.188428
0.189273
0.190130
0.191002
0.191846
0.192694
0.193539
0.194354
0.195196
0.196035
0.196874
0.197668
0.198486
0.199304
0.200122
0.200931
0.201730
0.202524
0.203318
0.204115
0.204924
0.205715
0.206530
0.207360
0.208175
0.208987
0.209802
0.210605
0.211390
0.212193
0.212975
0.213724
0.214476
0.215240
0.216001
0.216765
0.217538
0.218290
0.219033
0.219797
0.220528
0.221265
0.222017
0.222730
0.223455
0.224174
0.224890
0.225594
0.226325
0.227053
0.227799
0.228518
0.229264
0.230028
0.230762
0.231499
0.232221
0.232937
0.233659
0.234381
0.235086
0.235772
0.236461
0.237150
0.237824
0.238510
0.239193
0.239843
0.240517
0.241189
0.241851
0.242501
0.243148
0.243813
0.244466
0.245116
0.245769
0.246399
0.247046
0.247690
0.248325
0.248969
0.249598
0.250243
0.250893
0.251546
0.252193
0.252840
0.253487
0.254152
0.254812
0.255459
0.256094
0.256747
0.257358
0.257981
0.258584
0.259174
0.259752
0.260348
0.260933
0.261502
0.262089
0.262655
0.263228
0.263794
0.264354
0.264908
0.265469
0.266035
0.266589
0.267128
0.267671
0.268222
0.268785
0.269318
0.269879
0.270400
0.270945
0.271485
0.272036
0.272566
0.273109
0.273666
0.274202
0.274777
0.275323
0.275877
0.276419
0.276976
0.277540
0.278079
0.278624
0.279158
0.279706
0.280248
0.280766
0.281279
0.281764
0.282273
0.282768
0.283247
0.283727
0.284197
0.284652
0.285099
0.285536
0.285977
0.286420
0.286872
0.287313
0.287753
0.288185
0.288646
0.289086
0.289527
0.289967
0.290384
0.290812
0.291247
0.291669
0.292077
0.292496
0.292909
0.293311
0.293715
0.294114
0.294500
0.294911
0.295315
0.295732
0.296130
0.296532
0.296945
0.297371
0.297796
0.298227
0.298644
0.299069
0.299507
0.299941
0.300376
0.300804
0.301241
0.301664
0.302092
0.302518
0.302916
0.303333
0.303710
0.304076
0.304435
0.304774
0.305109
0.305436
0.305757
0.306077
0.306371
0.306679
0.306979
0.307270
0.307554
0.307845
0.308138
0.308426
0.308708
0.308998
0.309268
0.309550
0.309831
0.310110
0.310376
0.310658
0.310934
0.311203
0.311467
0.311728
0.311970
0.312222
0.312477
0.312731
0.312974
0.313223
0.313465
0.313705
0.313936
0.314172
0.314382
0.314610
0.314835
0.315056
0.315254
0.315452
0.315667
0.315874
0.316069
0.316264
0.316452
0.316659
0.316857
0.317046
0.317219
0.317408
0.317582
0.317762
0.317947
0.318133
0.318307
0.318496
0.318696
0.318885
0.319071
0.319281
0.319499
0.319721
0.319940
0.320171
0.320410
0.320647
0.320893
0.321153
0.321402
0.321672
0.321944
0.322217
0.322490
0.322765
0.323029
0.323304
0.323583
0.323853
0.324113
0.324368
0.324638
0.324892
0.325147
0.325387
0.325611
0.325842
0.326064
0.326265
0.326441
0.326612
0.326783
0.326936
0.327091
0.327223
0.327334
0.327439
0.327532
0.327619
0.327682
0.327745
0.327793
0.327825
0.327846
0.327861
0.327864
0.327864
0.327864
0.327864
0.327864
0.327864
0.327864
0.327864
0.327864
0.327864
0.327864
0.327846
0.327754
0.327649
0.327523
0.327385
0.327259
0.327118
0.326966
0.326810
0.326630
0.326462
0.326297
0.326118
0.325923
0.325740
0.325557
0.325369
0.325180
0.324988
0.324787
0.324602
0.324419
0.324242
0.324047
0.323871
0.323700
0.323523
0.323349
0.323185
0.323017
0.322849
0.322708
0.322570
0.322424
0.322301
0.322172
0.322052
0.321950
0.321857
0.321764
0.321699
0.321639
0.321591
0.321543
0.321513
0.321504
0.321504
0.321504
0.321504
0.321504
0.321504
0.321504
0.321504
0.321504
0.321504
0.321504
0.321573
0.321666
0.321761
0.321854
0.321962
0.322082
0.322199
0.322304
0.322421
0.322543
0.322666
0.322777
0.322882
0.322975
0.323062
0.323173
0.323274
0.323376
0.323484
0.323595
0.323700
0.323802
0.323904
0.323988
0.324077
0.324170
0.324254
0.324335
0.324410
0.324497
0.324578
0.324656
0.324725
0.324784
0.324853
0.324919
0.324979
0.325030
0.325087
0.325144
0.325189
0.325228
0.325261
0.325273
0.325291
0.325303
0.325312
0.325312
0.325312
0.325312
0.325312
0.325312
0.325312
0.325312
0.325312
0.325312
0.325312
0.325312
0.325312
0.325312
0.325312
0.325312
0.325312
0.325264
0.325216
0.325177
0.325132
0.325078
0.325018
0.324976
0.324943
0.324901
0.324871
0.324823
0.324784
0.324752
0.324719
0.324680
0.324653
0.324623
0.324590
0.324560
0.324539
0.324497
0.324476
0.324467
0.324455
0.324434
0.324428
0.324428
0.324425
0.324422
0.324422
0.324404
0.324395
0.324392
0.324392
0.324389
0.324386
0.324386
0.324386
0.324386
0.324386
0.324386
0.324386
0.324386
0.324386
0.324386
0.324386
0.324386
0.324386
0.324386
0.324386
0.324386
0.324386
0.324386
0.324386
0.324386
0.324386
0.324386
0.324386
0.324386
0.324386
0.324386
0.324386
0.324386
0.324386
0.324386
0.324386
0.324386
0.324386
0.324386
0.324386
0.324386
0.324386
0.324386
0.324386
0.324386
0.324386
0.324386
0.324386
0.324386
0.324386
0.324386
0.324386
0.324386
0.324386
0.324386
0.324386
0.324386
0.324386
0.324386
0.324386
0.324386
0.324386
0.324386
0.324386
0.324386
0.324386
0.324386
0.324386
0.324386
0.324386
0.324386
0.324386
0.324386
0.324386
0.324386
0.324386
0.324386
0.324386
0.324386
0.324386
0.324386
0.324386
0.324386
0.324386
0.324386
0.324386
0.324386
0.324386
0.324386
0.324386
0.324386
0.324386
0.324386
0.324386
0.324386
0.324386
0.324386
0.324386
0.324386
0.324386
0.324386
0.324386
0.324386
0.324386
0.324386