4.597733
4.597733
4.597733
4.597733
4.597733
4.597981
4.598524
4.599255
4.600139
4.601163
4.602368
4.603722
4.605274
4.607111
4.609112
4.611239
4.613426
4.615868
4.618537
4.621372
4.624362
4.627517
4.630908
4.634519
4.638222
4.642093
4.646233
4.650589
4.655152
4.659916
4.664797
4.669938
4.675229
4.680658
4.686338
4.692207
4.698158
4.704473
4.710942
4.717746
4.724439
4.731465
4.738698
4.746161
4.753800
4.761626
4.769635
4.778045
4.786628
4.795212
4.804206
4.813257
4.822554
4.832088
4.841684
4.851676
4.861811
4.872013
4.882514
4.893270
4.904149
4.915201
4.926682
4.938082
4.949893
4.961948
4.974041
4.986414
4.999028
5.011830
5.024812
5.038015
5.051171
5.064956
5.078633
5.092586
5.106769
5.121030
5.135447
5.150271
5.165411
5.180382
5.195875
5.211604
5.227057
5.243116
5.259217
5.275534
5.291964
5.309044
5.325826
5.342867
5.360187
5.377630
5.395442
5.413244
5.431110
5.449389
5.467877
5.486348
5.505208
5.524102
5.543220
5.562583
5.581653
5.601316
5.620586
5.640043
5.659622
5.679153
5.698946
5.718372
5.738314
5.758114
5.777733
5.797432
5.817101
5.836623
5.856397
5.875970
5.895430
5.915075
5.934879
5.954344
5.973908
5.993613
6.013115
6.032625
6.052217
6.071586
6.091207
6.110577
6.129976
6.149354
6.168874
6.188081
6.207481
6.226773
6.246112
6.265350
0.001369
0.020433
0.039836
0.058858
0.078008
0.097246
0.116214
0.135392
0.154998
0.173693
0.193114
0.212157
0.231248
0.250371
0.269693
0.288574
0.307752
0.326855
0.346012
0.365010
0.384295
0.403164
0.422219
0.441364
0.460575
0.479486
0.498349
0.517353
0.536447
0.555373
0.574212
0.593153
0.612217
0.631050
0.649857
0.668735
0.687295
0.706078
0.725028
0.743444
0.762224
0.781075
0.799447
0.818193
0.836957
0.855593
0.874525
0.893070
0.912137
0.930377
0.949438
0.967921
0.986790
1.005539
1.024151
1.042948
1.061916
1.080567
1.099463
1.118467
1.137210
1.156091
1.175053
1.193952
1.212585
1.231709
1.250344
1.269126
1.288005
1.306886
1.325698
1.344642
1.363197
1.381907
1.400998
1.419891
1.438278
1.457258
1.476013
1.494807
1.513422
1.532327
1.550891
1.569766
1.588578
1.607165
1.625858
1.644766
1.663539
1.682307
1.701233
1.720252
1.739109
1.757828
1.776847
1.795471
1.814636
1.833488
1.852512
1.871286
1.890323
1.909204
1.928106
1.947059
1.966153
1.985094
2.003864
2.022967
2.041848
2.060885
2.079802
2.098669
2.117496
2.136392
2.155339
2.174139
2.192912
2.211527
2.230459
2.249085
2.267646
2.286297
2.305184
2.323729
2.342269
2.360994
2.379893
2.398031
2.416883
2.435416
2.454010
2.472519
2.491035
2.509745
2.528611
2.547145
2.565697
2.584314
2.603019
2.621639
2.640334
2.658805
2.677498
2.696067
2.714741
2.733425
2.752228
2.770621
2.789221
2.807898
2.826483
2.844935
2.863616
2.881939
2.900569
2.919010
2.937531
2.955795
2.974197
2.992629
3.011064
3.029477
3.047660
3.066038
3.084116
3.102392
3.120794
3.138884
3.157211
3.175376
3.193514
3.211646
3.229898
3.248294
3.266312
3.284678
3.302870
3.321014
3.339347
3.357677
3.375720
3.393947
3.412148
3.430257
3.448658
3.467108
3.485136
3.503405
3.521675
3.539846
3.558302
3.576383
3.594417
3.612737
3.631142
3.649062
3.666990
3.685470
3.703320
3.721455
3.739582
3.757555
3.775516
3.793558
3.811577
3.829511
3.847583
3.865260
3.883452
3.901189
3.919468
3.936908
3.955139
3.972825
3.990732
4.008843
4.026589
4.044610
4.062628
4.080565
4.098527
4.116641
4.134510
4.152468
4.170570
4.188570
4.206804
4.224934
4.242880
4.260919
4.279063
4.297055
4.315163
4.333328
4.351499
4.369556
4.387766
4.405776
4.423902
4.441932
4.460145
4.478139
4.496295
4.514287
4.532368
4.550557
4.568515
4.586540
4.604780
4.622486
4.640879
4.658760
4.676712
4.694694
4.712830
4.730581
4.748893
4.766965
4.784975
4.803140
4.821149
4.839071
4.857176
4.875411
4.893656
4.911812
4.930098
4.948194
4.966473
4.984748
5.002908
5.021160
5.039519
5.057724
5.075936
5.094314
5.112632
5.130908
5.149235
5.167535
5.185535
5.203856
5.221832
5.240333
5.258468
5.276537
5.294628
5.312963
5.330919
5.348970
5.367132
5.385148
5.403183
5.421304
5.439157
5.456996
5.475185
5.493059
5.511024
5.528907
5.546743
5.564653
5.582621
5.600339
5.618582
5.636538
5.654373
5.672077
5.690224
5.708116
5.725874
5.744216
5.762051
5.779956
5.797959
5.815750
5.833882
5.851732
5.869496
5.887508
5.905425
5.923206
5.941141
5.959033
5.976674
5.994770
6.012551
6.030225
6.048079
6.065792
6.083504
6.101229
6.118864
6.136531
6.154247
6.171867
6.189487
6.207170
6.224549
6.242205
6.259639
6.277232
0.011445
0.028933
0.046457
0.063885
0.081586
0.098837
0.116511
0.133897
0.151505
0.168801
0.186358
0.203975
0.221465
0.238986
0.256423
0.274067
0.291693
0.309220
0.326873
0.344172
0.361813
0.379106
0.396783
0.414175
0.431798
0.449504
0.466465
0.484247
0.501504
0.518815
0.536204
0.553728
0.571030
0.588390
0.605788
0.623078
0.640563
0.657823
0.675083
0.692287
0.709586
0.726580
0.744095
0.761100
0.778573
0.795594
0.812986
0.830054
0.847264
0.864599
0.881727
0.898973
0.916284
0.933487
0.950742
0.968152
0.985214
1.002765
1.020202
1.037357
1.054738
1.072151
1.089432
1.106815
1.124324
1.141632
1.159144
1.176674
1.193767
1.211374
1.228701
1.246048
1.263635
1.280874
1.298200
1.315601
1.333254
1.350278
1.367823
1.385334
1.402586
1.419990
1.437397
1.454409
1.471897
1.489211
1.506600
1.523833
1.541276
1.558506
1.575692
1.593090
1.610455
1.627661
1.645224
1.662628
1.679709
1.697500
1.714571
1.732245
1.749553
1.766861
1.784406
1.801912
1.819352
1.836765
1.854517
1.871867
1.889394
1.907020
1.924514
1.941753
1.959717
1.977059
1.994547
2.012199
2.029361
2.047202
2.064573
2.082028
2.099636
2.117028
2.134348
2.151809
2.169501
2.186642
2.204091
2.221546
2.238983
2.256117
2.273392
2.290740
2.308009
2.325167
2.342479
2.359592
2.377005
2.394206
2.411232
2.428678
2.445645
2.462884
2.480351
2.497596
2.514779
2.532018
2.549365
2.566320
2.583877
2.600855
2.618245
2.635553
2.652588
2.669933
2.687172
2.704486
2.721581
2.739043
2.756006
2.773434
2.790530
2.807865
2.824847
2.842245
2.859088
2.876361
2.893474
2.910468
2.927545
2.944731
2.961805
2.978670
2.995763
3.012681
3.029735
3.046743
3.063483
3.080401
3.097362
3.114281
3.131035
3.147986
3.164782
3.181446
3.198284
3.215508
3.232080
3.248947
3.265695
3.282629
3.299497
3.316236
3.333217
3.349935
3.367034
3.383833
3.400503
3.417434
3.434221
3.451403
3.468127
3.484932
3.501934
3.518790
3.535487
3.552337
3.569178
3.586022
3.602890
3.619491
3.636361
3.653163
3.669971
3.686611
3.703500
3.720065
3.736888
3.753675
3.770234
3.786838
3.803511
3.820041
3.836756
3.853213
3.870003
3.886307
3.902966
3.919486
3.936027
3.952625
3.969007
3.985639
4.002186
4.018736
4.035229
4.051878
4.068480
4.085176
4.101706
4.118232
4.134983
4.151605
4.168056
4.184783
4.201609
4.218219
4.234904
4.251589
4.268332
4.284906
4.301669
4.318339
4.335060
4.351829
4.368549
4.385366
4.402087
4.418823
4.435484
4.452118
4.468915
4.485590
4.502216
4.518844
4.535511
4.552256
4.568719
4.585683
4.602230
4.618834
4.635573
4.652138
4.668688
4.685340
4.702202
4.718408
4.735177
4.751865
4.768634
4.785178
4.802022
4.818509
4.835236
4.852200
4.868663
4.885384
4.902465
4.918976
4.935943
4.952520
4.969357
4.986228
5.002925
5.019907
5.036505
5.053664
5.070220
5.087190
5.103929
5.120784
5.137652
5.154472
5.171421
5.188130
5.204815
5.221620
5.238554
5.255134
5.272277
5.288555
5.305602
5.322102
5.338882
5.355400
5.372025
5.388824
5.405356
5.422020
5.438579
5.455144
5.471560
5.488472
5.504711
5.521210
5.537904
5.554221
5.570744
5.587193
5.603985
5.620401
5.636966
5.653253
5.669821
5.686401
5.702861
5.719409
5.735959
5.752416
5.769185
5.785720
5.802088
5.818536
5.835134
5.851583
5.868103
5.884680
5.901059
5.917550
5.934067
5.950578
5.966892
5.983226
5.999624
6.016237
6.032691
6.048717
6.065381
6.081479
6.098095
6.114169
6.130476
6.146649
6.162869
6.179213
6.195368
6.211487
6.227857
6.243829
6.259960
6.276103
0.009186
0.025185
0.041349
0.057228
0.073568
0.089576
0.105365
0.121631
0.138022
0.154054
0.170035
0.186106
0.202198
0.218418
0.234474
0.250698
0.266745
0.283058
0.299045
0.315323
0.331343
0.347234
0.363407
0.379522
0.395653
0.411748
0.427885
0.443941
0.459985
0.475900
0.492102
0.508035
0.524340
0.540018
0.556023
0.572118
0.587973
0.603894
0.620004
0.635733
0.651636
0.667536
0.683592
0.699295
0.715189
0.730816
0.746863
0.762634
0.778369
0.794234
0.810128
0.825953
0.841790
0.857621
0.873359
0.889212
0.905189
0.920874
0.936780
0.952659
0.968442
0.984354
1.000338
1.016166
1.032087
1.047949
1.064115
1.079875
1.095906
1.111836
1.127796
1.143897
1.159710
1.175703
1.191759
1.207620
1.223781
1.239726
1.255548
1.271520
1.287630
1.303509
1.319532
1.335555
1.351479
1.367304
1.383372
1.399173
1.415283
1.430970
1.447206
1.462809
1.478946
1.494634
1.510537
1.526491
1.542421
1.558360
1.574212
1.589890
1.605694
1.621963
1.637719
1.653586
1.669519
1.685500
1.701469
1.717591
1.733443
1.749466
1.765663
1.781440
1.797631
1.813540
1.829668
1.845598
1.861869
1.877742
1.893909
1.910124
1.926036
1.942145
1.958411
1.974203
1.990481
2.006684
2.022449
2.038586
2.054773
2.070769
2.086771
2.102890
2.118799
2.134852
2.150878
2.166763
2.182975
2.198644
2.214733
2.230480
2.246476
2.262295
2.278252
2.294095
2.309845
2.325674
2.341562
2.357291
2.373128
2.389073
2.404689
2.420313
2.436171
2.452245
2.467663
2.483853
2.499553
2.515231
2.531143
2.546968
2.562527
2.578616
2.594432
2.610002
2.626235
2.641746
2.657709
2.673555
2.689170
2.705046
2.720875
2.736571
2.752336
2.768170
2.783717
2.799650
2.815454
2.831099
2.846712
2.862774
2.878131
2.894133
2.909686
2.925301
2.940929
2.956550
2.972130
2.987688
3.003379
3.018895
3.034388
3.049937
3.065457
3.080821
3.096364
3.111809
3.127229
3.142701
3.158074
3.173609
3.189065
3.204294
3.219715
3.235159
3.250589
3.266001
3.281491
3.296848
3.312014
3.327869
3.342957
3.358276
3.374066
3.389432
3.404823
3.420319
3.435623
3.451211
3.466575
3.482145
3.497449
3.512891
3.528117
3.543567
3.559066
3.574391
3.589836
3.605277
3.620258
3.635795
3.651111
3.666469
3.681797
3.697157
3.712347
3.727612
3.742913
3.758298
3.773197
3.788450
3.803610
3.818887
3.834077
3.849306
3.864358
3.879644
3.894412
3.909874
3.924849
3.939907
3.954893
3.970092
3.985294
4.000388
4.015467
4.030678
4.045638
4.060711
4.075955
4.091181
4.106182
4.121345
4.136742
4.151890
4.167113
4.182353
4.197567
4.212895
4.227927
4.243425
4.258411
4.273569
4.288893
4.304149
4.319351
4.334820
4.349914
4.365227
4.380375
4.395796
4.411132
4.426266
4.441704
4.456694
4.472111
4.487187
4.502497
4.517606
4.532889
4.548139
4.563197
4.578403
4.593850
4.608737
4.623936
4.639198
4.654403
4.669503
4.684592
4.699593
4.714807
4.730213
4.745247
4.760332
4.775651
4.790703
4.805983
4.821290
4.836372
4.851580
4.866980
4.882161
4.897231
4.912771
4.927946
4.943169
4.958521
4.973807
4.989147
5.004540
5.019748
5.035040
5.050371
5.065621
5.081281
5.096474
5.111619
5.127097
5.142326
5.157917
5.173050
5.188394
5.203799
5.218932
5.234224
5.249444
5.264808
5.280217
5.295023
5.310498
5.325448
5.340542
5.355954
5.370919
5.386232
5.401230
5.416399
5.431421
5.446483
5.461832
5.476422
5.491693
5.506559
5.521747
5.536577
5.551695
5.566718
5.581641
5.596729
5.611919
5.626507
5.641859
5.656677
5.671801
5.686805
5.701797
5.716763
5.731731
5.746933
5.761599
5.776639
5.791589
5.806597
5.821757
5.836548
5.851624
5.866662
5.881477
5.896547
5.911479
5.926370
5.941362
5.956606
5.971263
5.986267
6.001158
6.015910
6.030783
6.045844
6.060534
6.075244
6.090117
6.104851
6.119583
6.134518
6.149079
6.163873
6.178614
6.193226
6.207864
6.222527
6.237085
6.251934
6.266261
6.281076
0.012419
0.026994
0.041588
0.056107
0.070695
0.085313
0.099811
0.114446
0.129010
0.143598
0.158390
0.172872
0.187430
0.202039
0.216558
0.231122
0.246021
0.260336
0.275080
0.289596
0.304109
0.318846
0.333422
0.347944
0.362499
0.377180
0.391797
0.406364
0.420964
0.435516
0.449852
0.464745
0.478845
0.493717
0.508074
0.522470
0.537052
0.551607
0.565925
0.580381
0.594870
0.609389
0.623725
0.638181
0.652556
0.667012
0.681327
0.695714
0.709966
0.724386
0.738636
0.752837
0.767317
0.781596
0.795878
0.810352
0.824632
0.838809
0.853097
0.867646
0.881700
0.896213
0.910510
0.924877
0.939434
0.953564
0.967783
0.982473
0.996542
1.011160
1.025508
1.039868
1.054252
1.068876
1.083143
1.097533
1.112046
1.126385
1.140883
1.155351
1.169735
1.184182
1.198713
1.213106
1.227745
1.242012
1.256450
1.271038
1.285380
1.299764
1.314196
1.328676
1.343024
1.357498
1.371990
1.386239
1.400641
1.415103
1.429487
1.443853
1.458285
1.472541
1.486868
1.501372
1.515645
1.530026
1.544389
1.558659
1.573013
1.587421
1.601716
1.616073
1.630514
1.644862
1.659234
1.673702
1.687924
1.702440
1.717034
1.731178
1.745652
1.760279
1.774624
1.788990
1.803554
1.818010
1.832436
1.847111
1.861555
1.875993
1.890655
1.905015
1.919453
1.934068
1.948584
1.963073
1.977538
1.992027
2.006528
2.021163
2.035640
2.049998
2.064531
2.079035
2.093434
2.107890
2.122238
2.136683
2.151267
2.165498
2.179859
2.194300
2.208726
2.223143
2.237383
2.251749
2.266049
2.280409
2.294611
2.308821
2.323181
2.337421
2.351575
2.365842
2.380046
2.394475
2.408545
2.422785
2.436923
2.451307
2.465443
2.479692
2.493911
2.508292
2.522532
2.536632
2.550887
2.565154
2.579248
2.593383
2.607959
2.622056
2.636263
2.650497
2.664779
2.679046
2.693185
2.707239
2.721782
2.735945
2.749978
2.764168
2.778420
2.792543
2.806852
2.820958
2.835177
2.849249
2.863559
2.877655
2.891727
2.905881
2.919846
2.933936
2.947946
2.962147
2.976195
2.990247
3.004175
3.018161
3.032231
3.046141
3.060103
3.074106
3.087763
3.101880
3.115707
3.129611
3.143408
3.157298
3.171053
3.185125
3.198910
3.212770
3.226732
3.240582
3.254388
3.268392
3.282207
3.295970
3.309923
3.324017
3.337556
3.351451
3.365425
3.379246
3.393115
3.407196
3.420864
3.434721
3.448727
3.462566
3.476342
3.490265
3.504133
3.517963
3.531952
3.545719
3.559390
3.573348
3.587115
3.601104
3.614697
3.628670
3.642350
3.656192
3.669827
3.683594
3.697421
3.711062
3.724745
3.738509
3.752147
3.765839
3.779558
3.793160
3.806639
3.820475
3.834017
3.847392
3.861045
3.874650
3.888324
3.901875
3.915375
3.928866
3.942576
3.956136
3.969559
3.983239
3.996631
4.010230
4.023829
4.037363
4.050931
4.064678
4.078163
4.091645
4.105403
4.118798
4.132592
4.146197
4.159674
4.173350
4.187093
4.200654
4.214190
4.227924
4.241490
4.255197
4.268949
4.282443
4.296090
4.309893
4.323306
4.337091
4.350945
4.364304
4.378155
4.391817
4.405455
4.418994
4.432809
4.446486
4.459846
4.473915
4.487206
4.500774
4.514442
4.528050
4.541446
4.555255
4.568851
4.582450
4.595941
4.609508
4.623121
4.636712
4.650146
4.663688
4.677290
4.690805
4.704261
4.717839
4.731414
4.744854
4.758564
4.771825
4.785622
4.799125
4.812718
4.826251
4.840015
4.853473
4.867060
4.880779
4.894328
4.907957
4.921732
4.935340
4.949179
4.962658
4.976287
4.989913
5.003570
5.017163
5.030858
5.044679
5.058278
5.071939
5.085707
5.099336
5.112905
5.126606
5.140196
5.153972
5.167595
5.181257
5.194838
5.208422
5.221994
5.235740
5.249372
5.262750
5.276351
5.290122
5.303604
5.317014
5.330622
5.344080
5.357658
5.371204
5.384533
5.398001
5.411465
5.424800
5.438360
5.451759
5.465181
5.478472
5.491918
5.505157
5.518565
5.531915
5.545350
5.558625
5.572074
5.585200
5.598638
5.612060
5.625302
5.638671
5.651979
5.665320
5.678674
5.691995
5.705279
5.718647
5.732007
5.745414
5.758684
5.772037
5.785444
5.798690
5.812151
5.825514
5.838741
5.852139
5.865505
5.878655
5.892023
5.905365
5.918535
5.931763
5.945059
5.958326
5.971611
5.984757
5.997988
6.011323
6.024299
6.037578
6.050632
6.063934
6.077000
6.090275
6.103326
6.116353
6.129470
6.142523
6.155556
6.168658
6.181670
6.194688
6.207745
6.220658
6.233550
6.246693
6.259720
6.272397
0.002319
0.015232
0.028142
0.041112
0.054070
0.066845
0.080058
0.092728
0.105719
0.118674
0.131536
0.144461
0.157494
0.170365
0.183257
0.196251
0.209164
0.222077
0.235014
0.248038
0.260956
0.273825
0.286597
0.299639
0.312722
0.325513
0.338408
0.351455
0.364234
0.377269
0.390197
0.403029
0.415817
0.428975
0.441715
0.454478
0.467484
0.480229
0.493157
0.505947
0.518644
0.531722
0.544467
0.557269
0.570165
0.582643
0.595670
0.608244
0.621157
0.633654
0.646741
0.659327
0.671959
0.684710
0.697452
0.710080
0.722787
0.735349
0.748205
0.760702
0.773528
0.786135
0.798794
0.811380
0.823993
0.836787
0.849382
0.861971
0.874809
0.887348
0.900051
0.912683
0.925311
0.937990
0.950688
0.963316
0.976013
0.988764
1.001459
1.014246
1.026949
1.039715
1.052353
1.065137
1.077900
1.090660
1.103385
1.116166
1.128920
1.141656
1.154449
1.167132
1.180114
1.192676
1.205457
1.218349
1.230969
1.243714
1.256507
1.269141
1.282078
1.294722
1.307452
1.320128
1.332969
1.345637
1.358418
1.371073
1.383803
1.396531
1.409210
1.422045
1.434617
1.447395
1.459924
1.472667
1.485316
1.497944
1.510591
1.523252
1.535925
1.548530
1.561326
1.573873
1.586636
1.599322
1.611854
1.624543
1.637474
1.649958
1.662545
1.675431
1.687936
1.700684
1.713358
1.726067
1.738938
1.751644
1.764539
1.776964
1.790051
1.802526
1.815505
1.828170
1.840873
1.853675
1.866498
1.879198
1.891977
1.905042
1.917620
1.930329
1.943272
1.955972
1.968721
1.981598
1.994157
2.007013
2.019884
2.032519
2.045276
2.058288
2.070841
2.083526
2.096382
2.108993
2.121621
2.134399
2.147004
2.159767
2.172590
2.185135
2.197706
2.210421
2.223041
2.235654
2.248291
2.260821
2.273396
2.286066
2.298514
2.310996
2.323508
2.336139
2.348686
2.361150
2.373623
2.386062
2.398795
2.411256
2.423741
2.436252
2.448713
2.461329
2.473847
2.486316
2.498831
2.511387
2.523884
2.536362
2.548859
2.561311
2.573816
2.586373
2.598854
2.611345
2.623880
2.636359
2.648927
2.661448
2.673896
2.686420
2.698994
2.711413
2.723912
2.736409
2.748723
2.761237
2.773944
2.786098
2.798730
2.811229
2.823567
2.835881
2.848468
2.860823
2.873245
2.885717
2.897959
2.910510
2.922842
2.935119
2.947391
2.959870
2.972055
2.984339
2.996775
3.008924
3.021184
3.033570
3.045794
3.057961
3.070188
3.082355
3.094555
3.106817
3.118942
3.131085
3.143417
3.155428
3.167568
3.179783
3.191890
3.204067
3.216302
3.228239
3.240367
3.252666
3.264823
3.276939
3.289136
3.301234
3.313518
3.325703
3.337739
3.349866
3.362102
3.374233
3.386340
3.398504
3.410630
3.422776
3.435056
3.447058
3.459219
3.471521
3.483479
3.495771
3.507744
3.519923
3.531982
3.544155
3.556118
3.568219
3.580338
3.592364
3.604432
3.616620
3.628548
3.640694
3.652795
3.664944
3.676802
3.688867
3.700815
3.712806
3.724796
3.736639
3.748696
3.760674
3.772562
3.784472
3.796549
3.808437
3.820181
3.832262
3.843973
3.855951
3.867717
3.879545
3.891538
3.903376
3.915112
3.927015
3.938831
3.950468
3.962200
3.974290
3.986067
3.997890
4.009733
4.021423
4.033372
4.045164
4.057101
4.068659
4.080745
4.092508
4.104405
4.116195
4.127999
4.139861
4.151884
4.163599
4.175463
4.187351
4.199213
4.211161
4.223040
4.234892
4.246745
4.258711
4.270441
4.282380
4.294358
4.306073
4.317955
4.329934
4.341765
4.353596
4.365553
4.377424
4.389333
4.401230
4.412951
4.424917
4.436773
4.448658
4.460537
4.472387
4.484189
4.495969
4.507821
4.519632
4.531541
4.543175
4.555060
4.566766
4.578687
4.590327
4.602176
4.613963
4.625635
4.637520
4.649178
4.660872
4.672883
4.684388
4.696198
4.707835
4.719741
4.731315
4.743170
4.754786
4.766519
4.778374
4.790137
4.801875
4.813662
4.825289
4.837162
4.848976
4.860781
4.872429
4.884294
4.896098
4.907882
4.919680
4.931523
4.943259
4.955180
4.966892
4.978717
4.990621
5.002362
5.014370
5.026031
5.037971
5.049673
5.061633
5.073327
5.085137
5.097011
5.108809
5.120602
5.132412
5.144256
5.155976
5.167819
5.179525
5.191446
5.203101
5.215028
5.226557
5.238463
5.250211
5.261919
5.273670
5.285301
5.297063
5.308721
5.320442
5.332051
5.343730
5.355328
5.366913
5.378607
5.390163
5.401746
5.413292
5.424833
5.436503
5.448166
5.459539
5.471182
5.482657
5.494111
5.505739
5.517243
5.528548
5.540110
5.551716
5.563125
5.574801
5.586195
5.597781
5.609150
5.620623
5.631927
5.643656
5.655020
5.666543
5.677979
5.689577
5.700977
5.712337
5.723855
5.735314
5.746729
5.758381
5.769667
5.781226
5.792722
5.804056
5.815567
5.827090
5.838409
5.849878
5.861266
5.872546
5.884063
5.895535
5.906833
5.918353
5.929677
5.941069
5.952409
5.963833
5.975200
5.986435
5.997850
6.009187
6.020551
6.031789
6.043303
6.054386
6.065704
6.076925
6.088163
6.099311
6.110475
6.121794
6.133185
6.144255
6.155532
6.166636
6.177793
6.188930
6.200177
6.211280
6.222410
6.233624
6.244539
6.255663
6.266683
6.277900
0.005585
0.016712
0.027749
0.038796
0.050043
0.061108
0.072253
0.083281
0.094226
0.105230
0.116445
0.127422
0.138436
0.149695
0.160538
0.171575
0.182726
0.193719
0.204667
0.215857
0.226882
0.237917
0.249128
0.260061
0.271158
0.282219
0.293311
0.304456
0.315440
0.326429
0.337437
0.348492
0.359488
0.370594
0.381590
0.392465
0.403560
0.414711
0.425494
0.436687
0.447539
0.458492
0.469647
0.480499
0.491578
0.502528
0.513539
0.524364
0.535500
0.546469
0.557210
0.568145
0.579132
0.590049
0.600865
0.611888
0.622676
0.633597
0.644443
0.655237
0.666038
0.676926
0.687868
0.698668
0.709523
0.720327
0.731068
0.741830
0.752576
0.763500
0.774304
0.785066
0.795962
0.806520
0.817477
0.828221
0.839129
0.849673
0.860641
0.871388
0.882138
0.892837
0.903844
0.914396
0.925368
0.936127
0.946922
0.957761
0.968598
0.979387
0.990179
1.001045
1.011798
1.022578
1.033627
1.044180
1.055118
1.065991
1.076854
1.087541
1.098615
1.109416
1.120094
1.131206
1.141824
1.152787
1.163593
1.174439
1.185351
1.196190
1.206955
1.217843
1.228698
1.239462
1.250329
1.261202
1.272089
1.282821
1.293703
1.304447
1.315170
1.326171
1.336867
1.347683
1.358436
1.369359
1.379987
1.390838
1.401705
1.412488
1.423232
1.433975
1.444833
1.455559
1.466270
1.477011
1.487848
1.498537
1.509278
1.520046
1.530775
1.541591
1.552269
1.562920
1.573553
1.584422
1.595154
1.605817
1.616513
1.627377
1.638103
1.648805
1.659608
1.670268
1.681126
1.691786
1.702584
1.713439
1.724110
1.734857
1.745814
1.756375
1.767335
1.778141
1.788921
1.799719
1.810469
1.821246
1.832043
1.842895
1.853651
1.864533
1.875381
1.885996
1.897037
1.907793
1.918615
1.929358
1.940243
1.950993
1.961752
1.972543
1.983485
1.994076
2.005131
2.015726
2.026604
2.037345
2.048170
2.058980
2.069664
2.080572
2.091232
2.102093
2.112657
2.123518
2.134169
2.145072
2.155728
2.166286
2.176986
2.187714
2.198425
2.209019
2.219736
2.230420
2.241074
2.251668
2.262337
2.272880
2.283426
2.294248
2.304611
2.315430
2.325856
2.336432
2.346949
2.357534
2.368125
2.378779
2.389172
2.399811
2.410399
2.420849
2.431417
2.441998
2.452608
2.462965
2.473670
2.484135
2.494720
2.505365
2.515675
2.526463
2.536950
2.547400
2.557967
2.568513
2.579128
2.589587
2.600346
2.610635
2.621310
2.631763
2.642291
2.652870
2.663374
2.673869
2.684386
2.694932
2.705385
2.715934
2.726567
2.736951
2.747476
2.758044
2.768494
2.779037
2.789472
2.799934
2.810415
2.820910
2.831342
2.841870
2.852374
2.862579
2.873194
2.883569
2.893867
2.904314
2.914761
2.925098
2.935617
2.945905
2.956242
2.966614
2.977031
2.987203
2.997605
3.007948
3.018245
3.028602
3.038810
3.049011
3.059381
3.069756
3.079931
3.090174
3.100433
3.110616
3.120863
3.131193
3.141185
3.151578
3.161636
3.171799
3.182114
3.192409
3.202478
3.212671
3.222903
3.233122
3.243288
3.253358
3.263679
3.273776
3.284061
3.294308
3.304245
3.314645
3.324622
3.334844
3.345088
3.355211
3.365401
3.375659
3.385819
3.395967
3.406123
3.416214
3.426434
3.436632
3.446663
3.456835
3.467204
3.477223
3.487374
3.497539
3.507564
3.517912
3.527970
3.538052
3.548155
3.558299
3.568456
3.578454
3.588577
3.598701
3.608753
3.618798
3.628838
3.638926
3.648951
3.658985
3.668952
3.679118
3.689014
3.699012
3.709037
3.718996
3.728951
3.739033
3.748965
3.758930
3.768844
3.778734
3.788666
3.798712
3.808533
3.818417
3.828406
3.838242
3.848195
3.858052
3.867876
3.877739
3.887671
3.897459
3.907292
3.917227
3.926907
3.936812
3.946630
3.956442
3.966227
3.976105
3.985944
3.995774
4.005673
4.015341
4.025291
4.035091
4.044835
4.054665
4.064507
4.074418
4.084212
4.094090
4.103830
4.113645
4.123508
4.133311
4.143261
4.153070
4.162861
4.172691
4.182614
4.192420
4.202146
4.212033
4.221992
4.231789
4.241693
4.251500
4.261369
4.271175
4.281068
4.290892
4.300806
4.310627
4.320445
4.330344
4.340129
4.350055
4.359852
4.369622
4.379386
4.389333
4.399121
4.408937
4.418806
4.428557
4.438352
4.448236
4.457967
4.467740
4.477606
4.487418
4.497024
4.507126
4.516648
4.526397
4.536203
4.545913
4.555653
4.565447
4.575125
4.584859
4.594695
4.604264
4.613986
4.623736
4.633449
4.643165
4.652875
4.662531
4.672194
4.681832
4.691539
4.701199
4.710879
4.720421
4.730167
4.739890
4.749396
4.759191
4.768865
4.778503
4.788165
4.797819
4.807658
4.817161
4.826943
4.836585
4.846286
4.855972
4.865676
4.875309
4.884998
4.894633
4.904226
4.914044
4.923689
4.933456
4.943205
4.952763
4.962524
4.972210
4.981935
4.991522
5.001344
5.010841
5.020686
5.030306
5.040038
5.049673
5.059290
5.069046
5.078708
5.088337
5.097958
5.107811
5.117366
5.126953
5.136600
5.146497
5.155913
5.165785
5.175238
5.184846
5.194458
5.204093
5.213713
5.223282
5.232954
5.242427
5.252069
5.261680
5.271139
5.280723
5.290334
5.299757
5.309182
5.318815
5.328279
5.337819
5.347370
5.356775
5.366179
5.375665
5.385127
5.394615
5.403990
5.413403
5.422805
5.432251
5.441635
5.451049
5.460370
5.469741
5.479134
5.488391
5.497799
5.507033
5.516566
5.525740
5.535169
5.544406
5.553846
5.563035
5.572338
5.581653
5.591015
5.600279
5.609681
5.618915
5.628202
5.637553
5.646883
5.656045
5.665441
5.674740
5.683980
5.693283
5.702523
5.711804
5.721068
5.730350
5.739656
5.748818
5.758135
5.767366
5.776576
5.785939
5.795185
5.804400
5.813667
5.822931
5.832168
5.841354
5.850534
5.859926
5.869040
5.878328
5.887538
5.896691
5.905847
5.915084
5.924270
5.933315
5.942659
5.951767
5.960882
5.970053
5.979202
5.988340
5.997490
6.006658
6.015716
6.024808
6.034009
6.043004
6.052189
6.061282
6.070214
6.079397
6.088397
6.097433
6.106451
6.115559
6.124532
6.133502
6.142622
6.151479
6.160473
6.169509
6.178434
6.187371
6.196327
6.205306
6.214246
6.223126
6.232046
6.240935
6.249956
6.258899
6.267663
6.276663
0.002250
0.011100
0.020101
0.028954
0.037927
0.046712
0.055631
0.064613
0.073287
0.082275
0.091101
0.099978
0.108679
0.117691
0.126520
0.135284
0.144200
0.153057
0.161859
0.170754
0.179569
0.188371
0.197158
0.206138
0.214943
0.223698
0.232734
0.241494
0.250267
0.259288
0.267910
0.276863
0.285665
0.294491
0.303348
0.312255
0.320854
0.329731
0.338539
0.347366
0.356282
0.365022
0.373809
0.382599
0.391426
0.400174
0.409034
0.417869
0.426537
0.435306
0.444114
0.452881
0.461620
0.470495
0.479153
0.487824
0.496611
0.505426
0.514045
0.522809
0.531527
0.540180
0.548916
0.557554
0.566327
0.574982
0.583539
0.592386
0.601009
0.609718
0.618311
0.627003
0.635550
0.644146
0.652975
0.661460
0.670104
0.678748
0.687289
0.696062
0.704595
0.713130
0.721723
0.730337
0.738953
0.747426
0.756037
0.764489
0.773270
0.781752
0.790315
0.798811
0.807422
0.815967
0.824452
0.833110
0.841517
0.850080
0.858595
0.867178
0.875723
0.884289
0.892798
0.901349
0.909881
0.918549
0.926944
0.935608
0.944126
0.952689
0.961333
0.969937
0.978353
0.987033
0.995595
1.004017
1.012619
1.021308
1.029676
1.038475
1.046951
1.055517
1.064115
1.072648
1.081223
1.089872
1.098474
1.106932
1.115525
1.124060
1.132695
1.141183
1.149770
1.158260
1.166997
1.175449
1.183889
1.192496
1.201020
1.209661
1.218259
1.226675
1.235304
1.243975
1.252355
1.261076
1.269525
1.278100
1.286647
1.295153
1.303647
1.312147
1.320763
1.329194
1.337721
1.346188
1.354799
1.363250
1.371798
1.380244
1.388765
1.397319
1.405612
1.414252
1.422695
1.431093
1.439566
1.448132
1.456587
1.464946
1.473478
1.481745
1.490205
1.498768
1.507103
1.515606
1.524007
1.532492
1.540818
1.549339
1.557742
1.566182
1.574670
1.582966
1.591433
1.599849
1.608262
1.616615
1.625067
1.633411
1.641920
1.650303
1.658677
1.667221
1.675700
1.684074
1.692517
1.700939
1.709334
1.717810
1.726277
1.734612
1.743109
1.751524
1.759928
1.768362
1.776835
1.785323
1.793721
1.802287
1.810610
1.819085
1.827441
1.835899
1.844417
1.852863
1.861258
1.869683
1.878087
1.886706
1.895041
1.903475
1.911909
1.920358
1.928852
1.937376
1.945771
1.954136
1.962549
1.971057
1.979488
1.987943
1.996197
2.004757
2.012990
2.021580
2.029936
2.038337
2.046795
2.055049
2.063465
2.071860
2.080207
2.088614
2.097000
2.105371
2.113748
2.122185
2.130367
2.138723
2.147172
2.155372
2.163758
2.172105
2.180341
2.188631
2.197005
2.205289
2.213537
2.221845
2.230132
2.238425
2.246725
2.254937
2.263143
2.271448
2.279744
2.287890
2.296040
2.304432
2.312500
2.320874
2.328966
2.337182
2.345487
2.353519
2.361692
2.369940
2.378141
2.386254
2.394586
2.402534
2.410825
2.418956
2.427096
2.435305
2.443422
2.451673
2.459819
2.467986
2.476025
2.484189
2.492452
2.500595
2.508835
2.517008
2.525064
2.533192
2.541417
2.549506
2.557664
2.565817
2.574056
2.582034
2.590207
2.598312
2.606617
2.614712
2.622969
2.631023
2.639127
2.647223
2.655408
2.663518
2.671790
2.679799
2.687897
2.695974
2.704135
2.712294
2.720323
2.728526
2.736475
2.744645
2.752770
2.760836
2.768862
2.776919
2.785200
2.793184
2.801265
2.809288
2.817294
2.825365
2.833454
2.841499
2.849642
2.857668
2.865629
2.873584
2.881706
2.889624
2.897693
2.905731
2.913617
2.921544
2.929691
2.937564
2.945600
2.953551
2.961473
2.969391
2.977406
2.985327
2.993255
3.001209
3.009002
3.017107
3.024938
3.032737
3.040628
3.048709
3.056487
3.064250
3.072366
3.080066
3.087873
3.095771
3.103597
3.111458
3.119365
3.127125
3.134989
3.142749
3.150557
3.158260
3.166190
3.173986
3.181752
3.189578
3.197352
3.205190
3.213022
3.220808
3.228550
3.236313
3.244127
3.251940
3.259763
3.267493
3.275217
3.283063
3.290859
3.298583
3.306382
3.314145
3.321934
3.329799
3.337418
3.345241
3.353021
3.360799
3.368517
3.376358
3.384060
3.391832
3.399601
3.407340
3.415121
3.422776
3.430538
3.438343
3.446031
3.453662
3.461425
3.469286
3.476983
3.484704
3.492410
3.500071
3.507810
3.515450
3.523095
3.530858
3.538564
3.546147
3.553862
3.561544
3.569178
3.576875
3.584527
3.592089
3.599714
3.607471
3.614981
3.622645
3.630267
3.637851
3.645487
3.653008
3.660710
3.668155
3.675769
3.683486
3.690947
3.698518
3.706065
3.713666
3.721195
3.728733
3.736196
3.743755
3.751224
3.758762
3.766249
3.773725
3.781212
3.788813
3.796189
3.803553
3.811148
3.818507
3.825904
3.833481
3.840809
3.848260
3.855679
3.863058
3.870470
3.877888
3.885328
3.892719
3.899999
3.907418
3.914830
3.922269
3.929585
3.937057
3.944335
3.951828
3.958962
3.966389
3.973771
3.981144
3.988491
3.995762
4.003139
4.010512
4.017948
4.025289
4.032578
4.039825
4.047153
4.054533
4.061909
4.069229
4.076620
4.083924
4.091253
4.098608
4.105957
4.113217
4.120611
4.127871
4.135217
4.142524
4.149870
4.157145
4.164518
4.171825
4.179115
4.186530
4.193676
4.201166
4.208323
4.215703
4.223016
4.230371
4.237580
4.244839
4.252291
4.259472
4.266762
4.274111
4.281382
4.288666
4.296024
4.303254
4.310519
4.317823
4.325101
4.332327
4.339706
4.346798
4.354238
4.361347
4.368744
4.375959
4.383107
4.390349
4.397573
4.404933
4.412106
4.419309
4.426577
4.433819
4.440940
4.448176
4.455483
4.462590
4.469861
4.476965
4.484089
4.491376
4.498521
4.505619
4.512915
4.520009
4.527302
4.534399
4.541512
4.548615
4.555749
4.562856
4.569965
4.577180
4.584200
4.591336
4.598401
4.605508
4.612623
4.619670
4.626750
4.633928
4.641005
4.647974
4.655138
4.662178
4.669174
4.676260
4.683315
4.690257
4.697373
4.704306
4.711412
4.718432
4.725308
4.732492
4.739515
4.746430
4.753378
4.760398
4.767538
4.774470
4.781559
4.788531
4.795500
4.802549
4.809515
4.816520
4.823543
4.830517
4.837513
4.844476
4.851472
4.858540
4.865476
4.872522
4.879530
4.886550
4.893486
4.900535
4.907510
4.914449
4.921487
4.928518
4.935440
4.942384
4.949434
4.956364
4.963312
4.970337
4.977241
4.984239
4.991226
4.998129
5.005053
5.012036
5.018966
5.025911
5.032892
5.039789
5.046794
5.053712
5.060570
5.067479
5.074570
5.081338
5.088400
5.095270
5.102218
5.109043
5.115970
5.122783
5.129707
5.136712
5.143518
5.150413
5.157339
5.164176
5.171010
5.177895
5.184759
5.191608
5.198430
5.205225
5.212056
5.218917
5.225730
5.232576
5.239347
5.246109
5.252997
5.259774
5.266498
5.273260
5.280064
5.286751
5.293546
5.300302
5.307007
5.313683
5.320475
5.327165
5.333831
5.340602
5.347256
5.353940
5.360684
5.367387
5.373918
5.380623
5.387311
5.393935
5.400556
5.407117
5.413754
5.420387
5.426960
5.433615
5.440227
5.446773
5.453352
5.459953
5.466499
5.473055
5.479625
5.486129
5.492682
5.499219
5.505723
5.512234
5.518805
5.525294
5.531798
5.538366
5.544864
5.551372
5.557855
5.564351
5.570837
5.577342
5.583789
5.590287
5.596819
5.603344
5.609735
5.616269
5.622711
5.629119
5.635594
5.642023
5.648504
5.654927
5.661360
5.667708
5.674225
5.680636
5.687051
5.693562
5.699886
5.706277
5.712700
5.719127
5.725472
5.731917
5.738245
5.744659
5.751080
5.757432
5.763828
5.770216
5.776582
5.782946
5.789417
5.795670
5.802075
5.808403
5.814836
5.821041
5.827473
5.833816
5.840189
5.846438
5.852793
5.859099
5.865511
5.871782
5.878109
5.884347
5.890714
5.896979
5.903270
5.909640
5.915827
5.922122
5.928431
5.934705
5.941012
5.947349
5.953580
5.959800
5.966041
5.972249
5.978510
5.984709
5.990950
5.997260
6.003498
6.009639
6.015841
6.021995
6.028215
6.034420
6.040538
6.046751
6.052944
6.059026
6.065228
6.071331
6.077500
6.083618
6.089748
6.095905
6.102041
6.108203
6.114280
6.120383
6.126545
6.132550
6.138652
6.144804
6.150744
6.156889
6.162990
6.169033
6.175115
6.181172
6.187216
6.193244
6.199314
6.205312
6.211400
6.217449
6.223438
6.229469
6.235431
6.241483
6.247442
6.253494
6.259480
6.265422
6.271420
6.277376
0.000186
0.006169
0.012119
0.018066
0.024091
0.030056
0.035947
0.041906
0.047826
0.053755
0.059726
0.065647
0.071618
0.077586
0.083485
0.089468
0.095400
0.101297
0.107256
0.113188
0.119111
0.125070
0.130997
0.136887
0.142813
0.148706
0.154632
0.160529
0.166500
0.172345
0.178247
0.184210
0.190097
0.196017
0.201940
0.207815
0.213694
0.219641
0.225450
0.231418
0.237270
0.243118
0.248966
0.254919
0.260789
0.266682
0.272548
0.278370
0.284254
0.290165
0.296007
0.301847
0.307707
0.313534
0.319472
0.325363
0.331175
0.336916
0.342794
0.348663
0.354424
0.360279
0.366142
0.371924
0.377788
0.383627
0.389463
0.395324
0.401085
0.406933
0.412773
0.418507
0.424319
0.430087
0.435962
0.441774
0.447431
0.453252
0.459017
0.464871
0.470585
0.476403
0.482137
0.487950
0.493672
0.499437
0.505156
0.510971
0.516712
0.522467
0.528205
0.533888
0.539665
0.545348
0.551083
0.556766
0.562546
0.568121
0.573925
0.579650
0.585247
0.590909
0.596656
0.602375
0.607972
0.613733
0.619363
0.625046
0.630697
0.636338
0.642019
0.647598
0.653332
0.658920
0.664549
0.670239
0.675829
0.681477
0.687083
0.692751
0.698420
0.703923
0.709646
0.715171
0.720797
0.726370
0.731931
0.737545
0.743133
0.748804
0.754260
0.759905
0.765507
0.770990
0.776659
0.782291
0.787699
0.793347
0.798835
0.804453
0.809951
0.815556
0.821084
0.826618
0.832233
0.837712
0.843297
0.848855
0.854352
0.859943
0.865477
0.870983
0.876520
0.882102
0.887627
0.893139
0.898712
0.904204
0.909737
0.915313
0.920727
0.926294
0.931914
0.937331
0.942925
0.948474
0.953941
0.959460
0.965018
0.970572
0.975968
0.981634
0.987009
0.992602
0.998082
1.003574
1.009114
1.014599
1.020088
1.025601
1.031114
1.036635
1.042103
1.047631
1.053126
1.058579
1.064166
1.069613
1.075108
1.080701
1.086112
1.091589
1.097108
1.102606
1.108058
1.113553
1.119015
1.124528
1.130017
1.135523
1.140946
1.146444
1.151915
1.157377
1.162838
1.168318
1.173828
1.179281
1.184668
1.190123
1.195603
1.201053
1.206473
1.211959
1.217459
1.222864
1.228326
1.233731
1.239163
1.244631
1.250075
1.255419
1.260920
1.266280
1.271697
1.277159
1.282591
1.287936
1.293397
1.298805
1.304204
1.309618
1.314972
1.320407
1.325824
1.331142
1.336544
1.341967
1.347335
1.352710
1.358094
1.363442
1.368841
1.374195
1.379558
1.384942
1.390299
1.395602
1.400980
1.406352
1.411694
1.417018
1.422369
1.427702
1.433077
1.438389
1.443692
1.449013
1.454358
1.459703
1.464970
1.470297
1.475633
1.480921
1.486251
1.491551
1.496833
1.502157
1.507445
1.512736
1.518042
1.523282
1.528588
1.533888
1.539125
1.544395
1.549710
1.554947
1.560187
1.565484
1.570733
1.575986
1.581300
1.586499
1.591781
1.597060
1.602225
1.607519
1.612792
1.618041
1.623293
1.628539
1.633833
1.639046
1.644314
1.649473
1.654797
1.660052
1.665262
1.670532
1.675775
1.680997
1.686228
1.691537
1.696736
1.701991
1.707270
1.712468
1.717705
1.722954
1.728131
1.733398
1.738716
1.743891
1.749155
1.754410
1.759560
1.764812
1.769992
1.775334
1.780427
1.785661
1.790974
1.796172
1.801427
1.806607
1.811769
1.817042
1.822228
1.827409
1.832664
1.837826
1.843054
1.848318
1.853474
1.858738
1.863886
1.869048
1.874309
1.879468
1.884660
1.889828
1.895000
1.900192
1.905345
1.910615
1.915708
1.920874
1.926066
1.931225
1.936438
1.941585
1.946736
1.951961
1.957078
1.962222
1.967393
1.972543
1.977685
1.982847
1.987976
1.993055
1.998253
2.003427
2.008532
2.013655
2.018830
2.023908
2.029052
2.034151
2.039290
2.044449
2.049521
2.054659
2.059738
2.064891
2.069936
2.074997
2.080138
2.085240
2.090292
2.095400
2.100433
2.105523
2.110659
2.115623
2.120749
2.125756
2.130813
2.135864
2.140925
2.145901
2.150965
2.156073
2.160959
2.166122
2.170996
2.176111
2.181084
2.186054
2.191091
2.196097
2.201068
2.206074
2.211062
2.216045
2.221000
2.225956
2.230983
2.235882
2.240834
2.245832
2.250730
2.255737
2.260671
2.265606
2.270543
2.275457
2.280397
2.285359
2.290299
2.295168
2.300078
2.304971
2.309920
2.314810
2.319664
2.324586
2.329506
2.334416
2.339192
2.344087
2.349010
2.353867
2.358798
2.363682
2.368529
2.373440
2.378263
2.383144
2.387989
2.392851
2.397726
2.402597
2.407385
2.412257
2.417149
2.421928
2.426794
2.431686
2.436516
2.441324
2.446205
2.451035
2.455855
2.460751
2.465506
2.470320
2.475168
2.480031
2.484788
2.489618
2.494430
2.499247
2.504080
2.508894
2.513703
2.518533
2.523347
2.528114
2.532956
2.537788
2.542534
2.547367
2.552151
2.556936
2.561709
2.566458
2.571311
2.576126
2.580830
2.585593
2.590474
2.595184
2.599945
2.604771
2.609481
2.614272
2.619035
2.623775
2.628548
2.633327
2.638067
2.642875
2.647663
2.652370
2.657070
2.661816
2.666607
2.671302
2.676059
2.680745
2.685473
2.690237
2.694947
2.699695
2.704471
2.709100
2.713864
2.718544
2.723244
2.727924
2.732646
2.737332
2.742038
2.746787
2.751449
2.756123
2.760845
2.765525
2.770199
2.774875
2.779543
2.784241
2.788891
2.793556
2.798221
2.802859
2.807490
2.812149
2.816823
2.821446
2.826087
2.830761
2.835399
2.840010
2.844677
2.849312
2.853929
2.858573
2.863130
2.867753
2.872370
2.876948
2.881532
2.886188
2.890727
2.895287
2.899925
2.904491
2.909024
2.913719
2.918207
2.922794
2.927405
2.931920
2.936459
2.941028
2.945540
2.950073
2.954657
2.959157
2.963714
2.968256
2.972759
2.977289
2.981828
2.986349
2.990834
2.995361
2.999831
3.004319
3.008840
3.013329
3.017876
3.022377
3.026817
3.031269
3.035772
3.040224
3.044685
3.049134
3.053575
3.058069
3.062536
3.067006
3.071419
3.075946
3.080344
3.084760
3.089195
3.093611
3.098000
3.102464
3.106841
3.111296
3.115707
3.120093
3.124563
3.128928
3.133321
3.137731
3.142153
3.146524
3.150940
3.155294
3.159659
3.164021
3.168380
3.172767
3.177120
3.181521
3.185796
3.190162
3.194584
3.198931
3.203296
3.207746
3.212090
3.216386
3.220731
3.225093
3.229455
3.233835
3.238117
3.242458
3.246874
3.251101
3.255443
3.259757
3.264110
3.268419
3.272754
3.277089
3.281419
3.285682
3.290047
3.294322
3.298667
3.302957
3.307185
3.311541
3.315816
3.320098
3.324409
3.328687
3.332975
3.337220
3.341532
3.345795
3.350055
3.354378
3.358606
3.362881
3.367130
3.371387
3.375651
3.379824
3.384132
3.388351
3.392617
3.396854
3.401084
3.405264
3.409557
3.413736
3.418018
3.422194
3.426473
3.430649
3.434865
3.439044
3.443257
3.447433
3.451643
3.455825
3.460022
3.464229
3.468333
3.472525
3.476717
3.480854
3.485034
3.489192
3.493348
3.497512
3.501665
3.505784
3.509934
3.514077
3.518146
3.522266
3.526430
3.530538
3.534651
3.538786
3.542876
3.546968
3.551079
3.555183
3.559249
3.563321
3.567410
3.571419
3.575557
3.579592
3.583625
3.587651
3.591726
3.595789
3.599797
3.603827
3.607794
3.611818
3.615847
3.619880
3.623856
3.627814
3.631867
3.635879
3.639819
3.643789
3.647812
3.651764
3.655716
3.659653
3.663604
3.667532
3.671487
3.675415
3.679301
3.683208
3.687171
3.691099
3.694985
3.698913
3.702841
3.706733
3.710559
3.714433
3.718309
3.722207
3.726108
3.729952
3.733826
3.737676
3.741511
3.745337
3.749211
3.753010
3.756860
3.760713
3.764521
3.768323
3.772194
3.775939
3.779794
3.783585
3.787372
3.791147
3.794910
3.798709
3.802484
3.806259
3.810043
3.813770
3.817578
3.821266
3.825083
3.828789
3.832519
3.836306
3.840003
3.843704
3.847550
3.851191
3.854954
3.858645
3.862369
3.866081
3.869766
3.873469
3.877167
3.880849
3.884525
3.888228
3.891922
3.895658
3.899289
3.902932
3.906582
3.910273
3.913892
3.917562
3.921181
3.924831
3.928552
3.932081
3.935799
3.939409
3.942972
3.946588
3.950282
3.953811
3.957497
3.961047
3.964720
3.968267
3.971824
3.975470
3.979035
3.982628
3.986199
3.989767
3.993434
3.996925
4.000574
4.004115
4.007699
4.011276
4.014838
4.018376
4.021957
4.025516
4.029051
4.032602
4.036176
4.039672
4.043214
4.046785
4.050282
4.053811
4.057322
4.060828
4.064354
4.067859
4.071353
4.074855
4.078388
4.081899
4.085413
4.088847
4.092382
4.095807
4.099399
4.102802
4.106269
4.109756
4.113196
4.116713
4.120213
4.123661
4.127110
4.130579
4.133991
4.137464
4.140918
4.144301
4.147746
4.151222
4.154616
4.158047
4.161519
4.164928
4.168338
4.171760
4.175163
4.178594
4.182021
4.185389
4.188822
4.192223
4.195566
4.198994
4.202334
4.205717
4.209159
4.212476
4.215807
4.219166
4.222561
4.225868
4.229242
4.232657
4.235992
4.239285
4.242631
4.245894
4.249319
4.252620
4.255928
4.259209
4.262534
4.265833
4.269149
4.272505
4.275738
4.279033
4.282404
4.285661
4.288950
4.292225
4.295518
4.298799
4.302127
4.305321
4.308640
4.311870
4.315103
4.318377
4.321655
4.324864
4.328067
4.331389
4.334559
4.337840
4.341097
4.344312
4.347583
4.350789
4.353992
4.357185
4.360379
4.363642
4.366794
4.370012
4.373176
4.376345
4.379530
4.382703
4.385879
4.389067
4.392266
4.395373
4.398600
4.401740
4.404898
4.408041
4.411183
4.414341
4.417472
4.420585
4.423743
4.426841
4.429969
4.433061
4.436201
4.439325
4.442381
4.445548
4.448571
4.451672
4.454776
4.457889
4.460930
4.463986
4.466970
4.470032
4.473091
4.476180
4.479188
4.482202
4.485267
4.488230
4.491304
4.494300
4.497341
4.500331
4.503354
4.506323
4.509352
4.512342
4.515329
4.518295
4.521253
4.524207
4.527161
4.530100
4.533084
4.536065
4.538950
4.541883
4.544849
4.547786
4.550731
4.553649
4.556537
4.559416
4.562344
4.565199
4.568123
4.570981
4.573833
4.576668
4.579544
4.582387
4.585239
4.588098
4.590965
4.593805
4.596589
4.599396
4.602257
4.605076
4.607934
4.610715
4.613513
4.616279
4.619089
4.621929
4.624724
4.627532
4.630288
4.633077
4.635876
4.638680
4.641463
4.644211
4.646988
4.649700
4.652423
4.655185
4.657903
4.660632
4.663401
4.666100
4.668778
4.671502
4.674177
4.676901
4.679603
4.682258
4.684999
4.687665
4.690374
4.693028
4.695722
4.698380
4.701061
4.703715
4.706337
4.708971
4.711634
4.714289
4.716967
4.719639
4.722222
4.724871
4.727465
4.730099
4.732759
4.735411
4.738038
4.740666
4.743242
4.745870
4.748453
4.751044
4.753651
4.756248
4.758828
4.761381
4.763957
4.766558
4.769089
4.771684
4.774254
4.776828
4.779399
4.781951
4.784504
4.787066
4.789598
4.792144
4.794718
4.797264
4.799766
4.802337
4.804821
4.807346
4.809896
4.812388
4.814878
4.817434
4.819897
4.822398
4.824894
4.827374
4.829849
4.832372
4.834766
4.837220
4.839671
4.842151
4.844578
4.847026
4.849471
4.851880
4.854288
4.856733
4.859121
4.861542
4.863971
4.866386
4.868780
4.871183
4.873571
4.875941
4.878316
4.880692
4.883077
4.885429
4.887778
4.890157
4.892467
4.894789
4.897153
4.899477
4.901818
4.904146
4.906486
4.908772
4.911088
4.913424
4.915666
4.918023
4.920280
4.922562
4.924869
4.927149
4.929435
4.931721
4.933995
4.936278
4.938555
4.940829
4.943049
4.945323
4.947502
4.949781
4.951987
4.954201
4.956430
4.958674
4.960882
4.963102
4.965310
4.967512
4.969708
4.971910
4.974082
4.976264
4.978475
4.980644
4.982840
4.985045
4.987208
4.989359
4.991522
4.993665
4.995792
4.997940
5.000079
5.002239
5.004424
5.006521
5.008651
5.010793
5.012920
5.015033
5.017145
5.019269
5.021369
5.023502
5.025585
5.027688
5.029770
5.031823
5.033956
5.036014
5.038099
5.040161
5.042237
5.044307
5.046353
5.048403
5.050467
5.052492
5.054544
5.056570
5.058598
5.060633
5.062646
5.064662
5.066676
5.068698
5.070708
5.072704
5.074693
5.076679
5.078693
5.080652
5.082627
5.084610
5.086602
5.088535
5.090497
5.092421
5.094389
5.096340
5.098260
5.100216
5.102152
5.104081
5.106023
5.107958
5.109855
5.111760
5.113690
5.115619
5.117531
5.119424
5.121315
5.123199
5.125075
5.126956
5.128799
5.130656
5.132508
5.134338
5.136196
5.138018
5.139881
5.141748
5.143569
5.145370
5.147180
5.148998
5.150820
5.152647
5.154430
5.156210
5.158004
5.159781
5.161573
5.163364
5.165117
5.166855
5.168625
5.170372
5.172188
5.173941
5.175690
5.177419
5.179160
5.180855
5.182572
5.184289
5.185985
5.187668
5.189358
5.191042
5.192699
5.194430
5.196078
5.197756
5.199422
5.201079
5.202742
5.204395
5.206022
5.207679
5.209342
5.210984
5.212584
5.214211
5.215789
5.217392
5.219031
5.220622
5.222201
5.223786
5.225347
5.226929
5.228477
5.230065
5.231615
5.233163
5.234674
5.236222
5.237741
5.239273
5.240809
5.242352
5.243856
5.245358
5.246882
5.248365
5.249860
5.251365
5.252832
5.254333
5.255826
5.257303
5.258765
5.260203
5.261623
5.263049
5.264511
5.265937
5.267364
5.268784
5.270204
5.271606
5.273008
5.274419
5.275854
5.277259
5.278665
5.280025
5.281406
5.282799
5.284180
5.285550
5.286907
5.288270
5.289606
5.290927
5.292300
5.293663
5.294999
5.296311
5.297666
5.298978
5.300281
5.301609
5.302906
5.304197
5.305500
5.306788
5.308041
5.309311
5.310578
5.311846
5.313140
5.314393
5.315648
5.316903
5.318159
5.319399
5.320654
5.321877
5.323117
5.324351
5.325565
5.326763
5.327947
5.329133
5.330307
5.331533
5.332705
5.333870
5.335059
5.336225
5.337393
5.338571
5.339727
5.340881
5.342058
5.343194
5.344317
5.345441
5.346555
5.347667
5.348766
5.349857
5.350947
5.352044
5.353123
5.354189
5.355259
5.356313
5.357392
5.358468
5.359555
5.360642
5.361694
5.362752
5.363815
5.364873
5.365907
5.366925
5.367935
5.368968
5.369984
5.370976
5.371980
5.372960
5.373945
5.374907
5.375863
5.376810
5.377786
5.378739
5.379683
5.380653
5.381585
5.382544
5.383488
5.384473
5.385414
5.386379
5.387347
5.388281
5.389216
5.390151
5.391035
5.391922
5.392832
5.393695
5.394582
5.395433
5.396296
5.397123
5.397988
5.398828
5.399681
5.400496
5.401338
5.402147
5.402962
5.403771
5.404595
5.405449
5.406297
5.407138
5.407957
5.408783
5.409598
5.410437
5.411219
5.412010
5.412792
5.413556
5.414308
5.415051
5.415782
5.416519
5.417247
5.417963
5.418673
5.419401
5.420108
5.420809
5.421507
5.422221
5.422895
5.423569
5.424252
5.424935
5.425621
5.426283
5.426949
5.427643
5.428329
5.429013
5.429690
5.430358
5.431026
5.431697
5.432338
5.432997
5.433657
5.434295
5.434912
5.435541
5.436134
5.436721
5.437303
5.437878
5.438438
5.438999
5.439568
5.440122
5.440688
5.441243
5.441788
5.442324
5.442873
5.443429
5.443969
5.444511
5.445042
5.445560
5.446060
5.446567
5.447064
5.447564
5.448052
5.448544
5.449020
5.449494
5.449976
5.450438
5.450911
5.451375
5.451831
5.452295
5.452771
5.453239
5.453691
5.454150
5.454602
5.455060
5.455516
5.455953
5.456382
5.456804
5.457221
5.457625
5.458005
5.458386
5.458761
5.459114
5.459450
5.459779
5.460100
5.460412
5.460723
5.461034
5.461331
5.461619
5.461909
5.462197
5.462485
5.462772
5.463036
5.463296
5.463569
5.463836
5.464090
5.464333
5.464582
5.464834
5.465088
5.465331
5.465561
5.465792
5.466023
5.466254
5.466478
5.466685
5.466907
5.467125
5.467326
5.467527
5.467719
5.467898
5.468084
5.468267
5.468432
5.468591
5.468750
5.468890
5.469025
5.469151
5.469262
5.469357
5.469450
5.469532
5.469597
5.469654
5.469699
5.469726
5.469744
5.469747
5.469747
5.469747
5.469747
5.469747
5.469747
5.469747
5.469747
5.469747
5.469747
5.469747
5.469747
5.469747
5.469747
5.469747
5.469699
5.469639
5.469585
5.469532
5.469474
5.469411
5.469343
5.469276
5.469220
5.469163
5.469106
5.469052
5.469004
5.468956
5.468902
5.468851
5.468791
5.468734
5.468689
5.468647
5.468599
5.468561
5.468524
5.468492
5.468465
5.468438
5.468408
5.468384
5.468369
5.468354
5.468333
5.468315
5.468303
5.468303
5.468303
5.468300
5.468288
5.468285
5.468285
5.468285
5.468285
5.468282
5.468279
5.468279
5.468279
5.468279
5.468279
5.468279
5.468279
5.468279
5.468279
5.468279
5.468279
5.468279
5.468279
5.468279
5.468279
5.468279
5.468279
5.468279
5.468279
5.468279
5.468279
5.468279
5.468279
5.468279
5.468279
5.468279
5.468279
5.468279
5.468279
5.468279
5.468279
5.468279
5.468279
5.468279
5.468279
5.468279
5.468279
5.468279
5.468279
5.468279
5.468279
5.468279
5.468279
5.468279
5.468279
5.468279
5.468279
5.468279
5.468279
5.468279
5.468279
5.468279
5.468279
5.468279
5.468279
5.468279
5.468279
5.468279
5.468279
5.468279
5.468279
5.468279
5.468279
5.468279
5.468279
5.468279
5.468279
5.468279
5.468279
5.468279
5.468279
5.468279
5.468279
5.468279
5.468279
5.468279
5.468279
5.468279
5.468279
5.468279
5.468279
5.468279
5.468279
5.468279
5.468279
5.468279
5.468279
5.468279
5.468279
5.468279
5.468279
5.468279
5.468279
5.468279
5.468279
5.468279
5.468279
5.468279
5.468279
5.468279