1.754032
1.754032
1.754032
1.754032
1.754032
1.754032
1.754032
1.754032
1.754032
1.754206
1.754694
1.755368
1.756237
1.757274
1.758463
1.759835
1.761411
1.763155
1.765037
1.767083
1.769288
1.771697
1.774285
1.777024
1.780020
1.783253
1.786611
1.790213
1.794044
1.797966
1.802224
1.806661
1.811194
1.816020
1.820991
1.826177
1.831579
1.837083
1.842784
1.848728
1.855032
1.861267
1.867762
1.874552
1.881562
1.888687
1.895925
1.903419
1.911271
1.919289
1.927351
1.935689
1.944473
1.953237
1.962045
1.971450
1.980705
1.990259
2.000056
2.009964
2.020148
2.030541
2.040988
2.051744
2.062812
2.073999
2.085234
2.096874
2.108385
2.120600
2.132608
2.144958
2.157517
2.170409
2.183139
2.196352
2.209723
2.223164
2.236730
2.250670
2.264698
2.278911
2.293328
2.307922
2.322809
2.337867
2.353022
2.368304
2.384022
2.399844
2.415909
2.431941
2.448344
2.464885
2.481750
2.498498
2.515675
2.533207
2.550872
2.568528
2.586486
2.604966
2.623188
2.642009
2.660546
2.679610
2.698848
2.717959
2.737473
2.757082
2.776164
2.795979
2.815505
2.834868
2.854469
2.874009
2.893276
2.912736
2.932387
2.951649
2.971270
2.990831
3.010290
3.029810
3.049389
3.068774
3.088104
3.107644
3.126792
3.146120
3.165127
3.184331
3.203428
3.222858
3.241922
3.261297
3.280508
3.299769
3.319217
3.338284
3.357764
3.376891
3.396392
3.415603
3.434637
3.453800
3.473232
3.492521
3.511702
3.530699
3.549868
3.569022
3.588032
3.607168
3.626340
3.645634
3.664527
3.683693
3.702760
3.721611
3.740741
3.759610
3.778365
3.797399
3.816041
3.834910
3.853818
3.872696
3.891733
3.910228
3.928983
3.947912
3.966422
3.985390
4.003909
4.022532
4.041287
4.060198
4.078858
4.097925
4.116752
4.135540
4.154428
4.173476
4.192325
4.211050
4.230051
4.248534
4.267295
4.286721
4.305042
4.324190
4.343206
4.361892
4.380855
4.399921
4.418697
4.437420
4.456795
4.475248
4.493979
4.512897
4.531685
4.550503
4.569513
4.588221
4.606949
4.625569
4.644489
4.663014
4.682291
4.700477
4.719492
4.738074
4.757111
4.775678
4.794688
4.813359
4.832081
4.850998
4.869784
4.888704
4.907959
4.926694
4.945668
4.964567
4.983496
5.002551
5.021573
5.040502
5.059260
5.078474
5.097388
5.116284
5.135528
5.154475
5.173425
5.192588
5.211448
5.230341
5.249249
5.268151
5.287260
5.305943
5.325103
5.343703
5.362656
5.381399
5.400322
5.419030
5.437698
5.456336
5.475251
5.493670
5.512462
5.530965
5.549754
5.568656
5.587123
5.605717
5.624413
5.643126
5.661663
5.680436
5.699092
5.717659
5.736303
5.755023
5.773685
5.792530
5.811097
5.829615
5.848119
5.867033
5.885839
5.904187
5.922994
5.941392
5.960040
5.978567
5.997107
6.015578
6.034258
6.052663
6.071151
6.089682
6.107982
6.126473
6.144660
6.162971
6.181493
6.199853
6.218015
6.236537
6.254432
6.272816
0.007706
0.025814
0.044057
0.062228
0.080381
0.098654
0.116738
0.135131
0.153254
0.171530
0.189578
0.207920
0.226008
0.244379
0.262455
0.280689
0.299042
0.317207
0.335405
0.353672
0.371766
0.390060
0.408422
0.426498
0.444618
0.462903
0.480954
0.498996
0.517296
0.535213
0.553351
0.571522
0.589606
0.607747
0.625729
0.643580
0.661490
0.679571
0.697560
0.715563
0.733498
0.751297
0.769133
0.787007
0.805118
0.822930
0.840819
0.858796
0.876589
0.894718
0.912413
0.930365
0.948474
0.966426
0.984501
1.002483
1.020331
1.038508
1.056670
1.074715
1.092560
1.110953
1.128857
1.146899
1.165112
1.183008
1.201083
1.219254
1.237368
1.255686
1.273417
1.291567
1.309678
1.327831
1.345834
1.363844
1.382123
1.400006
1.418141
1.436198
1.454229
1.472301
1.490110
1.508314
1.526044
1.544437
1.562102
1.580153
1.598249
1.616145
1.634175
1.652454
1.670472
1.688529
1.706724
1.724770
1.742911
1.761031
1.779169
1.797340
1.815757
1.833880
1.852057
1.870309
1.888432
1.906846
1.925005
1.943128
1.961332
1.979938
1.997875
2.016064
2.034337
2.052670
2.070751
2.089138
2.107108
2.125312
2.143517
2.161726
2.179745
2.197874
2.215883
2.233952
2.252061
2.270070
2.287822
2.306014
2.323960
2.341891
2.359978
2.377736
2.395835
2.413737
2.431530
2.449582
2.467621
2.485624
2.503334
2.521454
2.539328
2.557083
2.575110
2.592997
2.610922
2.629165
2.646692
2.664956
2.682848
2.700702
2.718630
2.736742
2.754592
2.772571
2.790401
2.808236
2.826237
2.844048
2.861680
2.879821
2.897420
2.915151
2.933130
2.950762
2.968462
2.986043
3.003993
3.021550
3.039160
3.056858
3.074229
3.092080
3.109735
3.127056
3.144580
3.162205
3.179661
3.197023
3.214891
3.232253
3.249801
3.267358
3.284816
3.302424
3.320074
3.337487
3.355014
3.372574
3.390154
3.407531
3.425202
3.442765
3.460244
3.477978
3.495355
3.512948
3.530526
3.548307
3.565295
3.583211
3.600454
3.618187
3.635468
3.652822
3.670304
3.687768
3.705178
3.722642
3.740016
3.757315
3.774438
3.791824
3.809189
3.826488
3.843772
3.861006
3.878422
3.895574
3.912715
3.930149
3.947235
3.964406
3.981855
3.998872
4.016195
4.033384
4.050479
4.067874
4.085246
4.102467
4.119637
4.137332
4.154451
4.171793
4.189218
4.206475
4.223903
4.241469
4.258627
4.276062
4.293591
4.310920
4.328289
4.345779
4.363010
4.380555
4.397899
4.415252
4.432644
4.450563
4.467467
4.484862
4.502434
4.519901
4.537305
4.554587
4.571850
4.589365
4.606838
4.623930
4.641428
4.658727
4.676077
4.693163
4.710822
4.728028
4.745381
4.762651
4.780070
4.797600
4.815013
4.832249
4.849576
4.867234
4.884557
4.901952
4.919623
4.937099
4.954638
4.972174
4.989677
5.007237
5.024824
5.042284
5.059848
5.077551
5.094862
5.112462
5.130093
5.147686
5.165234
5.183012
5.200177
5.217713
5.235309
5.252839
5.270308
5.287827
5.305237
5.322659
5.340060
5.357326
5.374823
5.392284
5.409391
5.426954
5.444095
5.461286
5.478361
5.495813
5.513046
5.530262
5.547687
5.564704
5.581964
5.599290
5.616263
5.633844
5.651062
5.668278
5.685571
5.702684
5.719921
5.737292
5.754504
5.771630
5.788863
5.806216
5.823662
5.840596
5.857793
5.875237
5.892125
5.909403
5.926709
5.943933
5.961139
5.978295
5.995447
6.012495
6.029506
6.046719
6.063865
6.080754
6.097975
6.114819
6.131588
6.148554
6.165602
6.182575
6.199449
6.216299
6.233241
6.250091
6.266869
0.000839
0.017464
0.034236
0.050957
0.067765
0.084681
0.101425
0.118251
0.135023
0.151828
0.168900
0.185552
0.202150
0.219111
0.236008
0.252657
0.269489
0.286699
0.303144
0.320260
0.337074
0.353831
0.370642
0.387510
0.404300
0.421195
0.437928
0.454738
0.471552
0.488453
0.504943
0.521748
0.538298
0.555178
0.571764
0.588665
0.605087
0.621897
0.638690
0.654968
0.671866
0.688242
0.704729
0.721465
0.738144
0.754509
0.771092
0.787576
0.804091
0.820692
0.837254
0.853774
0.870252
0.887078
0.903416
0.919942
0.936639
0.953252
0.969647
0.986419
1.002885
1.019537
1.036387
1.052991
1.069526
1.086499
1.102914
1.119701
1.136389
1.153116
1.169744
1.186693
1.203213
1.219769
1.236592
1.253340
1.269917
1.286704
1.303332
1.320026
1.336750
1.353474
1.370192
1.386958
1.403245
1.420283
1.436729
1.453375
1.470003
1.486904
1.503083
1.520037
1.536497
1.553362
1.569670
1.586445
1.602860
1.619611
1.636293
1.652933
1.669495
1.686154
1.702931
1.719718
1.736325
1.753004
1.769863
1.786758
1.803374
1.820164
1.836783
1.853747
1.870444
1.887333
1.904006
1.921002
1.937858
1.954495
1.971465
1.988348
2.004916
2.022116
2.038669
2.055612
2.072073
2.089180
2.105763
2.122481
2.139241
2.155890
2.172602
2.189368
2.206077
2.222621
2.239378
2.255931
2.272560
2.289101
2.305486
2.322201
2.338808
2.355095
2.371762
2.388360
2.404644
2.421314
2.437771
2.454318
2.470707
2.487329
2.503774
2.520258
2.537006
2.553245
2.570086
2.586651
2.603106
2.619692
2.636197
2.652651
2.669180
2.685982
2.702287
2.718759
2.735426
2.751758
2.768437
2.784798
2.801346
2.817698
2.834152
2.850589
2.867088
2.883479
2.899805
2.916430
2.932845
2.948904
2.965305
2.981621
2.998052
3.014035
3.030538
3.046429
3.063150
3.079020
3.095142
3.111336
3.127502
3.143600
3.159620
3.175781
3.192295
3.208138
3.224092
3.240307
3.256689
3.272670
3.288786
3.305001
3.321095
3.337298
3.353444
3.369715
3.385609
3.401803
3.418093
3.434166
3.450387
3.466350
3.482688
3.498860
3.514862
3.530978
3.547046
3.563129
3.579260
3.595516
3.611395
3.627331
3.643726
3.659608
3.675526
3.691848
3.707691
3.723708
3.739761
3.755655
3.771684
3.787731
3.803454
3.819364
3.835392
3.851122
3.867100
3.883006
3.898678
3.914494
3.930358
3.946234
3.961811
3.977885
3.993482
4.009361
4.025408
4.041201
4.057038
4.073126
4.088835
4.104675
4.120788
4.136535
4.152411
4.168410
4.184319
4.200252
4.216170
4.232208
4.248021
4.264077
4.280094
4.296183
4.312119
4.328037
4.343985
4.360053
4.376049
4.392161
4.408022
4.424067
4.439993
4.455822
4.471988
4.487904
4.503893
4.519742
4.535927
4.551791
4.567586
4.583496
4.599590
4.615149
4.631340
4.647264
4.663083
4.678857
4.694847
4.710624
4.726510
4.742466
4.758262
4.774183
4.790233
4.806097
4.821970
4.838074
4.854045
4.869927
4.885900
4.901881
4.918047
4.933881
4.950162
4.966101
4.982208
4.998186
5.014293
5.030594
5.046306
5.062457
5.078684
5.094383
5.110814
5.126534
5.143162
5.158825
5.174815
5.191306
5.206837
5.223312
5.238994
5.255148
5.270998
5.287269
5.302984
5.319129
5.335005
5.350975
5.366736
5.382694
5.398417
5.414287
5.430289
5.445871
5.461969
5.477519
5.493311
5.509184
5.524764
5.540571
5.556456
5.572042
5.587861
5.603724
5.619160
5.635252
5.650838
5.666750
5.682326
5.698014
5.713869
5.729595
5.745528
5.761278
5.776765
5.792974
5.808418
5.824244
5.840042
5.855681
5.871425
5.887271
5.903007
5.918583
5.934370
5.949973
5.965672
5.981480
5.996972
6.012639
6.028314
6.043950
6.059563
6.074935
6.090566
6.105959
6.121629
6.137232
6.152590
6.168131
6.183555
6.198993
6.214336
6.229670
6.245267
6.260634
6.276076
0.008074
0.023507
0.038784
0.054121
0.069461
0.084707
0.100107
0.115537
0.130880
0.146130
0.161760
0.177034
0.192365
0.207579
0.222904
0.238279
0.253775
0.269196
0.284365
0.299800
0.315053
0.330297
0.345907
0.360992
0.376428
0.391983
0.407122
0.422627
0.438032
0.453240
0.468379
0.483716
0.498999
0.514357
0.529643
0.544878
0.560062
0.575168
0.590541
0.605566
0.620825
0.635958
0.651115
0.666383
0.681438
0.696367
0.711509
0.726559
0.741728
0.756741
0.771754
0.786845
0.802074
0.816923
0.832283
0.847207
0.862325
0.877233
0.892354
0.907398
0.922651
0.937634
0.952845
0.967852
0.983075
0.998121
1.013386
1.028522
1.043700
1.058758
1.074038
1.089258
1.104229
1.119821
1.134927
1.150093
1.165451
1.180338
1.195618
1.210847
1.225980
1.241146
1.256603
1.271643
1.286734
1.301975
1.317108
1.332391
1.347569
1.362753
1.377907
1.393076
1.408308
1.423357
1.438601
1.453668
1.468820
1.483908
1.499050
1.514213
1.529514
1.544470
1.559387
1.574538
1.589881
1.604838
1.620013
1.635128
1.650234
1.665559
1.680455
1.695639
1.711144
1.725896
1.741476
1.756555
1.771835
1.787019
1.802353
1.817620
1.832873
1.848129
1.863343
1.878746
1.893954
1.909138
1.924625
1.939782
1.955014
1.970338
1.985702
2.000898
2.016067
2.031701
2.046753
2.061997
2.077247
2.092476
2.107785
2.123065
2.138211
2.153406
2.168740
2.183715
2.199072
2.214143
2.229132
2.244304
2.259446
2.274558
2.289565
2.304662
2.319694
2.334809
2.349666
2.364697
2.379803
2.394757
2.409656
2.424663
2.439844
2.454705
2.469826
2.484791
2.499748
2.514869
2.529933
2.544931
2.559786
2.575068
2.589782
2.605149
2.619940
2.635031
2.650135
2.664986
2.680065
2.695045
2.710145
2.725114
2.740205
2.754859
2.770345
2.784957
2.799973
2.814945
2.829895
2.844633
2.859826
2.874743
2.889549
2.904218
2.919270
2.934137
2.948943
2.963726
2.978523
2.993123
3.008277
3.022805
3.037504
3.052334
3.066991
3.081540
3.096496
3.111012
3.125690
3.140334
3.155045
3.169573
3.184242
3.198877
3.213399
3.228098
3.242527
3.257402
3.271936
3.286545
3.301190
3.315855
3.330500
3.345067
3.359807
3.374395
3.389133
3.403610
3.418476
3.433079
3.447772
3.462174
3.476755
3.491439
3.506036
3.520528
3.535187
3.549826
3.564435
3.579047
3.593704
3.608294
3.622930
3.637221
3.651641
3.666349
3.680802
3.695357
3.709897
3.724511
3.738746
3.753270
3.767747
3.782072
3.796555
3.810897
3.825353
3.839740
3.854031
3.868373
3.882724
3.897075
3.911453
3.925801
3.940084
3.954147
3.968768
3.982909
3.997323
4.011695
4.025831
4.040164
4.054587
4.068887
4.083112
4.097625
4.111931
4.126333
4.140780
4.155089
4.169623
4.183987
4.198538
4.212734
4.227417
4.241649
4.256027
4.270839
4.284963
4.299416
4.313866
4.328375
4.342765
4.357320
4.371663
4.386142
4.400682
4.415210
4.429411
4.443882
4.458225
4.472806
4.487178
4.501521
4.516021
4.530354
4.544772
4.559108
4.573540
4.587843
4.602176
4.616587
4.630989
4.645358
4.659700
4.673887
4.688345
4.702730
4.716859
4.731216
4.745660
4.760086
4.774384
4.788704
4.803044
4.817395
4.831881
4.846211
4.860628
4.875114
4.889537
4.903987
4.918386
4.932803
4.947358
4.961883
4.976192
4.990758
5.005283
5.019701
5.034084
5.048642
5.063008
5.077465
5.092142
5.106547
5.121021
5.135717
5.150059
5.164467
5.179097
5.193577
5.207942
5.222318
5.236678
5.251119
5.265707
5.279929
5.294301
5.308757
5.323039
5.337429
5.351879
5.366003
5.380261
5.394696
5.408813
5.423087
5.437345
5.451579
5.465825
5.479838
5.494213
5.508246
5.522622
5.536619
5.550668
5.565004
5.579070
5.593340
5.607476
5.621563
5.635818
5.650068
5.664209
5.678308
5.692453
5.706639
5.720880
5.734988
5.748994
5.763244
5.777523
5.791470
5.805716
5.819902
5.833903
5.848290
5.862353
5.876492
5.890759
5.904643
5.918721
5.932745
5.946965
5.960857
5.975170
5.989024
6.002991
6.017036
6.031100
6.045017
6.059000
6.073171
6.086977
6.100932
6.114831
6.128805
6.142611
6.156563
6.170476
6.184228
6.198115
6.211885
6.225559
6.239542
6.253284
6.266992
6.280809
0.011334
0.025059
0.038823
0.052542
0.066450
0.080085
0.093777
0.107549
0.121382
0.135029
0.148784
0.162620
0.176408
0.189947
0.203906
0.217631
0.231400
0.245146
0.258922
0.272578
0.286297
0.299998
0.314104
0.327577
0.341580
0.355024
0.369153
0.382614
0.396348
0.410226
0.423819
0.437544
0.451344
0.464976
0.478611
0.492321
0.505908
0.519594
0.533298
0.546930
0.560688
0.574254
0.587796
0.601335
0.615099
0.628641
0.642166
0.655759
0.669283
0.682819
0.696253
0.709787
0.723344
0.736874
0.750341
0.763910
0.777363
0.790800
0.804240
0.817642
0.831217
0.844768
0.858160
0.871568
0.885236
0.898589
0.912149
0.925703
0.939096
0.952614
0.966255
0.979677
0.993226
1.006849
1.020364
1.033939
1.047526
1.061149
1.074667
1.088282
1.101797
1.115498
1.129127
1.142552
1.156133
1.169813
1.183457
1.196814
1.210694
1.223994
1.237839
1.251375
1.264917
1.278504
1.292121
1.305714
1.319229
1.332924
1.346359
1.359940
1.373527
1.387021
1.400602
1.414297
1.427681
1.441265
1.454633
1.468397
1.481768
1.495281
1.508751
1.522290
1.535763
1.549303
1.562710
1.576243
1.589743
1.603193
1.616798
1.630142
1.643645
1.657493
1.670877
1.684155
1.697769
1.711605
1.724842
1.738665
1.752085
1.765669
1.779427
1.792960
1.806418
1.820344
1.833694
1.847413
1.860943
1.874573
1.888180
1.902031
1.915588
1.929191
1.942895
1.956536
1.969994
1.983866
1.997336
2.010962
2.024516
2.038157
2.051777
2.065284
2.078924
2.092649
2.106129
2.119701
2.133258
2.146809
2.160244
2.173834
2.187493
2.200714
2.214433
2.227748
2.241302
2.254625
2.268149
2.281521
2.294874
2.308434
2.321728
2.335036
2.348495
2.361902
2.375142
2.388525
2.401809
2.415157
2.428690
2.441840
2.455133
2.468559
2.481885
2.495316
2.508655
2.522053
2.535434
2.548859
2.562021
2.575470
2.588943
2.602243
2.615659
2.629021
2.642216
2.655791
2.669201
2.682582
2.695755
2.709154
2.722456
2.735717
2.749103
2.762340
2.775657
2.789056
2.802301
2.815589
2.829068
2.842185
2.855442
2.868841
2.881984
2.895209
2.908509
2.921640
2.934853
2.948089
2.961068
2.974350
2.987535
3.000685
3.013772
3.026889
3.039943
3.053044
3.066158
3.079149
3.092221
3.105328
3.118298
3.131367
3.144412
3.157313
3.170289
3.183310
3.196238
3.209226
3.222390
3.235100
3.248321
3.261219
3.274342
3.287237
3.300138
3.313051
3.326222
3.339288
3.352123
3.365095
3.378065
3.391194
3.404245
3.417308
3.430128
3.443089
3.456167
3.469161
3.482106
3.495262
3.508004
3.521016
3.533920
3.546893
3.559863
3.572827
3.585794
3.598635
3.611701
3.624440
3.637425
3.650320
3.663173
3.675972
3.688861
3.701825
3.714379
3.727468
3.740157
3.752992
3.765701
3.778473
3.791219
3.803889
3.816700
3.829394
3.842185
3.854948
3.867573
3.880444
3.892914
3.905743
3.918314
3.930868
3.943544
3.956259
3.968846
3.981519
3.994318
4.006794
4.019377
4.032374
4.044975
4.057595
4.070316
4.082870
4.095606
4.108210
4.120991
4.133671
4.146509
4.159194
4.171841
4.184649
4.197328
4.210109
4.222716
4.235405
4.248363
4.261057
4.273736
4.286490
4.299182
4.311945
4.324625
4.337469
4.350271
4.362932
4.375731
4.388407
4.401134
4.413937
4.426619
4.439343
4.452097
4.464843
4.477294
4.490199
4.502821
4.515521
4.528285
4.540811
4.553685
4.566182
4.579026
4.591465
4.604150
4.616779
4.629599
4.642177
4.654730
4.667346
4.680019
4.692582
4.705168
4.717824
4.730401
4.742883
4.755889
4.768134
4.781055
4.793408
4.806241
4.818872
4.831521
4.844131
4.856775
4.869493
4.882238
4.894834
4.907528
4.920312
4.932944
4.945689
4.958326
4.971054
4.983844
4.996481
5.009214
5.021984
5.034732
5.047405
5.060144
5.072793
5.085548
5.098323
5.110903
5.123637
5.136448
5.149157
5.161705
5.174456
5.187111
5.199865
5.212577
5.225092
5.237975
5.250487
5.263118
5.275725
5.288414
5.300952
5.313587
5.326104
5.338696
5.351511
5.363740
5.376288
5.388650
5.401221
5.413691
5.426370
5.438708
5.451036
5.463521
5.475787
5.488431
5.500684
5.513286
5.525402
5.537827
5.550422
5.562661
5.575313
5.587480
5.600088
5.612368
5.624652
5.637101
5.649471
5.661842
5.674120
5.686677
5.698954
5.711226
5.723726
5.736147
5.748359
5.760985
5.772984
5.785418
5.797815
5.810252
5.822610
5.834835
5.847202
5.859651
5.871985
5.884122
5.896691
5.908900
5.921330
5.933447
5.945748
5.957963
5.970253
5.982618
5.994728
6.006937
6.019230
6.031456
6.043576
6.055932
6.067978
6.080196
6.092402
6.104333
6.116641
6.128819
6.140702
6.152905
6.165036
6.177074
6.189049
6.201162
6.213254
6.225331
6.237402
6.249378
6.261143
6.273379
0.002106
0.014031
0.026045
0.037870
0.049833
0.061839
0.073742
0.085699
0.097755
0.109659
0.121688
0.133510
0.145521
0.157515
0.169388
0.181507
0.193422
0.205419
0.217226
0.229396
0.241311
0.253248
0.265211
0.277204
0.289089
0.301062
0.313235
0.324964
0.336817
0.348822
0.360797
0.372871
0.384619
0.396675
0.408635
0.420625
0.432373
0.444432
0.456308
0.468146
0.480010
0.491961
0.503736
0.515606
0.527480
0.539275
0.551035
0.563010
0.574892
0.586670
0.598540
0.610246
0.622020
0.633968
0.645602
0.657347
0.669136
0.680923
0.692419
0.704274
0.715959
0.727781
0.739547
0.751201
0.762889
0.774555
0.786285
0.798018
0.809672
0.821357
0.833005
0.844822
0.856366
0.867996
0.879783
0.891435
0.903095
0.914735
0.926566
0.938182
0.950052
0.961521
0.973467
0.985052
0.996983
1.008515
1.020244
1.032001
1.043904
1.055577
1.067423
1.079162
1.090996
1.102698
1.114524
1.126343
1.137839
1.149841
1.161703
1.173166
1.185078
1.196817
1.208525
1.220261
1.232110
1.243786
1.255452
1.267464
1.279154
1.290875
1.302670
1.314295
1.326066
1.338033
1.349487
1.361210
1.373036
1.384753
1.396438
1.408110
1.419927
1.431659
1.443317
1.455065
1.466665
1.478482
1.489978
1.501704
1.513401
1.525082
1.536629
1.548281
1.559852
1.571596
1.583308
1.594897
1.606545
1.618191
1.629855
1.641674
1.653236
1.664929
1.676539
1.688332
1.699989
1.711671
1.723353
1.734941
1.746668
1.758439
1.770178
1.781907
1.793694
1.805403
1.817105
1.828859
1.840525
1.852369
1.864089
1.875870
1.887617
1.899434
1.911259
1.922908
1.934961
1.946316
1.958288
1.969976
1.981631
1.993381
2.005234
2.016909
2.028633
2.040515
2.052125
2.063836
2.075554
2.087229
2.098950
2.110701
2.122277
2.133971
2.145710
2.157340
2.168953
2.180614
2.192199
2.203815
2.215437
2.226995
2.238620
2.250353
2.261744
2.273312
2.284960
2.296423
2.308018
2.319523
2.331064
2.342517
2.354184
2.365572
2.377074
2.388603
2.399973
2.411556
2.423093
2.434422
2.446097
2.457446
2.468996
2.480486
2.491958
2.503496
2.514992
2.526403
2.537824
2.549227
2.560978
2.572216
2.583934
2.595238
2.606830
2.618272
2.629794
2.641200
2.652780
2.664357
2.675649
2.687274
2.698641
2.710050
2.721513
2.733197
2.744429
2.755847
2.767325
2.778830
2.790173
2.801630
2.813054
2.824499
2.835761
2.847299
2.858597
2.870015
2.881361
2.892713
2.904119
2.915303
2.926745
2.938118
2.949252
2.960622
2.972040
2.983269
2.994480
3.005758
3.017059
3.028123
3.039511
3.050794
3.061901
3.073151
3.084341
3.095555
3.106766
3.117786
3.128949
3.140193
3.151261
3.162409
3.173549
3.184664
3.195714
3.207125
3.217893
3.229248
3.240148
3.251497
3.262421
3.273587
3.284687
3.295830
3.307005
3.318057
3.329203
3.340249
3.351299
3.362687
3.373619
3.384779
3.395922
3.407019
3.418114
3.429355
3.440311
3.451442
3.462638
3.473634
3.484731
3.495882
3.506917
3.517999
3.529109
3.540155
3.551267
3.562239
3.573360
3.584287
3.595354
3.606419
3.617387
3.628455
3.639399
3.650383
3.661579
3.672413
3.683319
3.694356
3.705307
3.716173
3.727169
3.737988
3.748911
3.760024
3.770797
3.781673
3.792543
3.803305
3.814180
3.825101
3.835980
3.846705
3.857560
3.868415
3.879120
3.890094
3.900694
3.911588
3.922359
3.933196
3.943847
3.954761
3.965400
3.976159
3.987014
3.997788
4.008576
4.019368
4.029932
4.040775
4.051666
4.062460
4.073255
4.084065
4.094671
4.105571
4.116473
4.127223
4.137973
4.148870
4.159683
4.170475
4.181239
4.191896
4.202823
4.213731
4.224442
4.235225
4.246107
4.256889
4.267765
4.278536
4.289322
4.300207
4.311076
4.321799
4.332612
4.343383
4.354399
4.365023
4.375917
4.386672
4.397459
4.408361
4.419147
4.429855
4.440665
4.451408
4.462218
4.473184
4.483772
4.494525
4.505404
4.516039
4.526756
4.537551
4.548277
4.559009
4.569741
4.580332
4.591291
4.601903
4.612536
4.623298
4.633904
4.644549
4.655353
4.666022
4.676586
4.687180
4.697966
4.708569
4.719181
4.730066
4.740555
4.751215
4.762004
4.772577
4.783213
4.794014
4.804574
4.815319
4.826011
4.836648
4.847337
4.858093
4.868660
4.879344
4.890175
4.900820
4.911441
4.922212
4.932863
4.943724
4.954273
4.964960
4.975749
4.986486
4.997161
5.007902
5.018652
5.029255
5.040011
5.050722
5.061337
5.072251
5.082828
5.093562
5.104186
5.114969
5.125566
5.136406
5.147054
5.157597
5.168427
5.178968
5.189538
5.200440
5.210951
5.221671
5.232247
5.242835
5.253402
5.264020
5.274731
5.285172
5.295931
5.306318
5.316933
5.327365
5.338040
5.348440
5.358929
5.369472
5.380000
5.390481
5.401060
5.411453
5.421855
5.432362
5.442773
5.453116
5.463470
5.473933
5.484278
5.494623
5.505074
5.515395
5.525977
5.536071
5.546587
5.556926
5.567233
5.577593
5.587954
5.598248
5.608665
5.619073
5.629368
5.639596
5.650167
5.660284
5.670620
5.681164
5.691260
5.701645
5.711897
5.722192
5.732777
5.743131
5.753378
5.763672
5.774014
5.784267
5.794619
5.804916
5.815094
5.825373
5.835772
5.845953
5.856268
5.866530
5.876758
5.887029
5.897341
5.907549
5.917882
5.928111
5.938288
5.948661
5.958793
5.968968
5.979062
5.989479
5.999531
6.009717
6.019958
6.030081
6.040331
6.050419
6.060543
6.070633
6.080964
6.090862
6.101058
6.111026
6.121233
6.131198
6.141295
6.151380
6.161503
6.171537
6.181400
6.191488
6.201534
6.211481
6.221467
6.231545
6.241555
6.251277
6.261374
6.271375
6.281292
0.008140
0.017949
0.027896
0.037855
0.047655
0.057650
0.067654
0.077613
0.087458
0.097411
0.107274
0.117191
0.127174
0.137064
0.146978
0.156829
0.166916
0.176600
0.186747
0.196544
0.206473
0.216276
0.226409
0.236224
0.246090
0.255971
0.265969
0.275916
0.285734
0.295684
0.305586
0.315572
0.325243
0.335370
0.345182
0.354895
0.364995
0.374663
0.384786
0.394557
0.404342
0.414250
0.424134
0.433991
0.443770
0.453732
0.463634
0.473293
0.483162
0.492845
0.502771
0.512586
0.522326
0.532055
0.542011
0.551748
0.561500
0.571258
0.581085
0.590867
0.600509
0.610369
0.620058
0.629771
0.639532
0.649239
0.658887
0.668606
0.678286
0.687927
0.697611
0.707357
0.716920
0.726658
0.736344
0.745880
0.755498
0.765094
0.774978
0.784448
0.794150
0.803737
0.813324
0.823056
0.832433
0.842368
0.851890
0.861393
0.871055
0.880742
0.890293
0.899997
0.909609
0.919187
0.928819
0.938485
0.948156
0.957734
0.967489
0.977038
0.986670
0.996401
1.006046
1.015696
1.025355
1.034862
1.044680
1.054261
1.063909
1.073571
1.083218
1.092913
1.102558
1.112253
1.121843
1.131527
1.141198
1.150872
1.160516
1.170215
1.179892
1.189569
1.199189
1.208951
1.218559
1.228185
1.237803
1.247420
1.257184
1.266742
1.276392
1.286054
1.295660
1.305358
1.315032
1.324571
1.334144
1.343737
1.353432
1.363020
1.372574
1.382144
1.391809
1.401510
1.410864
1.420625
1.430138
1.439677
1.449294
1.458894
1.468382
1.477928
1.487536
1.497045
1.506663
1.516199
1.525757
1.535227
1.544892
1.554291
1.563708
1.573376
1.582966
1.592431
1.602072
1.611450
1.621037
1.630607
1.640131
1.649802
1.659165
1.668806
1.678199
1.687948
1.697314
1.707033
1.716611
1.726154
1.735747
1.745203
1.754874
1.764359
1.773992
1.783552
1.793209
1.802757
1.812314
1.821914
1.831438
1.841071
1.850802
1.860203
1.869911
1.879426
1.889055
1.898658
1.908224
1.917767
1.927387
1.937010
1.946786
1.956068
1.965727
1.975387
1.984821
1.994490
2.004122
2.013781
2.023084
2.032947
2.042217
2.051801
2.061476
2.070937
2.080429
2.090013
2.099468
2.109020
2.118502
2.127970
2.137473
2.147049
2.156453
2.165933
2.175502
2.184961
2.194386
2.203812
2.213220
2.222672
2.232242
2.241529
2.250916
2.260276
2.269842
2.279103
2.288568
2.297957
2.307191
2.316596
2.325892
2.335249
2.344663
2.353909
2.363274
2.372580
2.381904
2.391272
2.400554
2.409875
2.419061
2.428474
2.437726
2.447035
2.456380
2.465647
2.474961
2.484318
2.493582
2.502887
2.512286
2.521487
2.530787
2.540125
2.549404
2.558773
2.567953
2.577199
2.586564
2.595909
2.605206
2.614419
2.623832
2.633063
2.642297
2.651659
2.660878
2.670190
2.679439
2.688682
2.697973
2.707347
2.716371
2.725638
2.734947
2.744190
2.753487
2.762861
2.772023
2.781233
2.790413
2.799641
2.808740
2.818216
2.827208
2.836552
2.845663
2.854993
2.864005
2.873233
2.882491
2.891479
2.900908
2.909842
2.918965
2.928174
2.937294
2.946409
2.955559
2.964595
2.973697
2.982829
2.991868
3.000952
3.010051
3.019063
3.028144
3.037285
3.046351
3.055243
3.064345
3.073370
3.082316
3.091352
3.100382
3.109307
3.118319
3.127236
3.136224
3.145236
3.154137
3.163083
3.172101
3.180991
3.189901
3.198928
3.207808
3.216749
3.225713
3.234746
3.243590
3.252531
3.261405
3.270507
3.279387
3.288291
3.297217
3.306184
3.315100
3.324064
3.332897
3.341903
3.350852
3.359771
3.368613
3.377502
3.386484
3.395362
3.404338
3.413260
3.422083
3.430994
3.439913
3.448886
3.457746
3.466805
3.475386
3.484375
3.493255
3.502231
3.510979
3.519821
3.528716
3.537542
3.546402
3.555207
3.564004
3.572887
3.581668
3.590498
3.599354
3.608169
3.616914
3.625746
3.634486
3.643276
3.652097
3.660860
3.669576
3.678381
3.687082
3.695734
3.704510
3.713258
3.721905
3.730572
3.739366
3.748012
3.756653
3.765300
3.774141
3.782632
3.791272
3.799931
3.808440
3.817194
3.825784
3.834446
3.843014
3.851649
3.860266
3.868855
3.877394
3.885948
3.894543
3.903193
3.911630
3.920196
3.928710
3.937354
3.945794
3.954456
3.962952
3.971443
3.980006
3.988533
3.997069
4.005670
4.014098
4.022682
4.031227
4.039660
4.048244
4.056852
4.065331
4.073794
4.082408
4.090854
4.099363
4.107971
4.116477
4.124952
4.133578
4.141988
4.150608
4.159039
4.167679
4.176098
4.184855
4.193214
4.201750
4.210301
4.218762
4.227318
4.235875
4.244396
4.252893
4.261518
4.269926
4.278440
4.286979
4.295476
4.303978
4.312511
4.321005
4.329568
4.338071
4.346510
4.355043
4.363564
4.372022
4.380453
4.389049
4.397372
4.405829
4.414401
4.422931
4.431320
4.439951
4.448263
4.456769
4.465214
4.473660
4.482106
4.490576
4.498920
4.507342
4.515851
4.524192
4.532631
4.541011
4.549362
4.557777
4.566187
4.574513
4.582909
4.591331
4.599707
4.608009
4.616497
4.624743
4.632964
4.641442
4.649654
4.658050
4.666358
4.674678
4.682995
4.691363
4.699608
4.707820
4.716152
4.724457
4.732750
4.741043
4.749366
4.757678
4.765976
4.774209
4.782584
4.790919
4.799113
4.807397
4.815717
4.824082
4.832354
4.840698
4.848856
4.857242
4.865518
4.873730
4.882082
4.890364
4.898699
4.907028
4.915384
4.923584
4.931868
4.940209
4.948457
4.956792
4.965133
4.973333
4.981600
4.989932
4.998192
5.006476
5.014766
5.023011
5.031406
5.039579
5.047852
5.056078
5.064336
5.072599
5.080841
5.089185
5.097256
5.105633
5.113837
5.122100
5.130288
5.138533
5.146730
5.154961
5.163208
5.171385
5.179720
5.187833
5.196043
5.204176
5.212356
5.220526
5.228745
5.236807
5.244944
5.253099
5.261237
5.269341
5.277502
5.285735
5.293750
5.301806
5.309865
5.317940
5.326008
5.334047
5.342133
5.350142
5.358237
5.366152
5.374227
5.382166
5.390265
5.398171
5.406144
5.414215
5.422251
5.430070
5.438064
5.446015
5.453994
5.461888
5.469795
5.477686
5.485581
5.493649
5.501565
5.509376
5.517354
5.525192
5.533048
5.540867
5.548843
5.556618
5.564557
5.572479
5.580317
5.588157
5.595974
5.603845
5.611700
5.619541
5.627325
5.635252
5.643192
5.650853
5.658735
5.666615
5.674327
5.682161
5.690065
5.697858
5.705663
5.713485
5.721287
5.729115
5.736929
5.744719
5.752503
5.760253
5.768139
5.775812
5.783856
5.791377
5.799361
5.806983
5.814917
5.822649
5.830382
5.838169
5.845863
5.853593
5.861445
5.869080
5.876884
5.884602
5.892359
5.900074
5.907773
5.915491
5.923167
5.930921
5.938618
5.946261
5.953904
5.961744
5.969409
5.977000
5.984697
5.992292
6.000022
6.007530
6.015314
6.022855
6.030480
6.038135
6.045772
6.053340
6.060998
6.068524
6.076107
6.083813
6.091288
6.098784
6.106391
6.114013
6.121434
6.129125
6.136570
6.143991
6.151589
6.159116
6.166624
6.174171
6.181625
6.189199
6.196566
6.204149
6.211442
6.219010
6.226464
6.233960
6.241360
6.248749
6.256203
6.263627
6.270991
6.278425
0.002720
0.010097
0.017545
0.024873
0.032241
0.039578
0.047191
0.054438
0.061908
0.069182
0.076651
0.083988
0.091374
0.098855
0.106042
0.113610
0.120843
0.128228
0.135593
0.143014
0.150423
0.157763
0.165152
0.172549
0.179922
0.187248
0.194594
0.201922
0.209281
0.216654
0.224006
0.231382
0.238696
0.246057
0.253350
0.260738
0.268066
0.275442
0.282885
0.290135
0.297407
0.304768
0.312123
0.319446
0.326741
0.334006
0.341458
0.348741
0.355905
0.363332
0.370528
0.377929
0.385098
0.392432
0.399725
0.407068
0.414385
0.421686
0.428843
0.436340
0.443464
0.450679
0.457920
0.465326
0.472478
0.479699
0.487003
0.494211
0.501462
0.508712
0.516017
0.523105
0.530437
0.537594
0.544821
0.551948
0.559190
0.566377
0.573571
0.580759
0.587958
0.595089
0.602264
0.609467
0.616609
0.623755
0.630960
0.638058
0.645225
0.652379
0.659528
0.666593
0.673765
0.680842
0.687891
0.694980
0.702204
0.709277
0.716393
0.723401
0.730495
0.737629
0.744646
0.751773
0.758859
0.765915
0.773000
0.780098
0.787064
0.794252
0.801253
0.808255
0.815200
0.822447
0.829389
0.836496
0.843471
0.850532
0.857588
0.864611
0.871616
0.878707
0.885751
0.892750
0.899797
0.906900
0.913887
0.920901
0.927945
0.934985
0.942023
0.949133
0.956089
0.963193
0.970264
0.977221
0.984366
0.991317
0.998445
1.005482
1.012487
1.019516
1.026587
1.033609
1.040668
1.047721
1.054899
1.061802
1.068786
1.075992
1.082865
1.089980
1.096937
1.103957
1.111192
1.118041
1.125157
1.132165
1.139268
1.146210
1.153203
1.160244
1.167216
1.174226
1.181321
1.188257
1.195292
1.202341
1.209337
1.216339
1.223371
1.230307
1.237296
1.244322
1.251360
1.258287
1.265265
1.272254
1.279304
1.286234
1.293185
1.300145
1.307146
1.314067
1.321084
1.328056
1.334989
1.341949
1.348953
1.355886
1.362795
1.369770
1.376727
1.383609
1.390607
1.397498
1.404380
1.411310
1.418195
1.425107
1.432049
1.438904
1.445837
1.452725
1.459607
1.466483
1.473392
1.480336
1.487101
1.494133
1.500865
1.507738
1.514686
1.521466
1.528312
1.535212
1.542034
1.548865
1.555798
1.562599
1.569412
1.576261
1.583092
1.589968
1.596856
1.603654
1.610506
1.617337
1.624207
1.631092
1.637824
1.644733
1.651525
1.658443
1.665202
1.672117
1.678969
1.685776
1.692667
1.699501
1.706338
1.713148
1.720039
1.726813
1.733662
1.740532
1.747354
1.754194
1.761190
1.767901
1.774726
1.781590
1.788430
1.795309
1.802113
1.808947
1.815787
1.822654
1.829395
1.836343
1.843150
1.850017
1.856728
1.863718
1.870453
1.877308
1.884121
1.891048
1.897780
1.904683
1.911508
1.918267
1.925116
1.931923
1.938829
1.945645
1.952404
1.959181
1.966024
1.972753
1.979683
1.986433
1.993249
2.000011
2.006830
2.013608
2.020447
2.027248
2.033998
2.040782
2.047640
2.054324
2.061131
2.067914
2.074613
2.081396
2.088194
2.094861
2.101626
2.108343
2.115051
2.121807
2.128506
2.135205
2.141878
2.148745
2.155366
2.162074
2.168806
2.175460
2.182187
2.188877
2.195495
2.202164
2.208837
2.215512
2.222139
2.228853
2.235430
2.242102
2.248759
2.255347
2.261942
2.268656
2.275214
2.281826
2.288472
2.295078
2.301642
2.308279
2.314813
2.321479
2.327990
2.334530
2.341079
2.347749
2.354298
2.360785
2.367373
2.373955
2.380513
2.386961
2.393579
2.400078
2.406633
2.413123
2.419663
2.426227
2.432663
2.439314
2.445854
2.452290
2.458845
2.465449
2.471812
2.478407
2.484944
2.491457
2.497974
2.504457
2.510980
2.517436
2.523911
2.530499
2.537004
2.543460
2.549961
2.556499
2.562916
2.569433
2.575958
2.582466
2.588934
2.595409
2.601874
2.608397
2.614841
2.621333
2.627811
2.634207
2.640688
2.647267
2.653652
2.660138
2.666541
2.673045
2.679511
2.685928
2.692400
2.698833
2.705283
2.711766
2.718118
2.724521
2.730992
2.737395
2.743830
2.750341
2.756707
2.763173
2.769545
2.775924
2.782326
2.788750
2.795216
2.801468
2.807985
2.814297
2.820727
2.827091
2.833427
2.839785
2.846158
2.852506
2.858945
2.865248
2.871567
2.877919
2.884327
2.890601
2.896959
2.903334
2.909578
2.915900
2.922242
2.928534
2.934898
2.941234
2.947478
2.953713
2.959996
2.966245
2.972540
2.978850
2.985100
2.991364
2.997632
3.003867
3.010060
3.016382
3.022694
3.028818
3.035062
3.041237
3.047496
3.053712
3.059932
3.066104
3.072348
3.078538
3.084713
3.090923
3.097074
3.103165
3.109382
3.115533
3.121717
3.127919
3.134019
3.140152
3.146359
3.152426
3.158544
3.164746
3.170867
3.176955
3.183157
3.189218
3.195426
3.201616
3.207662
3.213747
3.219937
3.226117
3.232095
3.238266
3.244336
3.250407
3.256530
3.262609
3.268727
3.274905
3.280933
3.287081
3.293145
3.299200
3.305306
3.311379
3.317518
3.323612
3.329688
3.335758
3.341885
3.347961
3.354055
3.360068
3.366108
3.372139
3.378191
3.384315
3.390328
3.396398
3.402519
3.408553
3.414482
3.420660
3.426616
3.432743
3.438720
3.444728
3.450762
3.456790
3.462815
3.468846
3.474853
3.480845
3.486840
3.492853
3.498785
3.504715
3.510746
3.516759
3.522730
3.528758
3.534654
3.540610
3.546555
3.552469
3.558446
3.564393
3.570307
3.576221
3.582166
3.588044
3.593994
3.599824
3.605751
3.611674
3.617684
3.623478
3.629384
3.635241
3.640981
3.646967
3.652783
3.658646
3.664449
3.670322
3.676071
3.682063
3.687834
3.693619
3.699464
3.705295
3.711023
3.716809
3.722645
3.728484
3.734219
3.740019
3.745741
3.751470
3.757225
3.762891
3.768667
3.774453
3.780112
3.785897
3.791536
3.797318
3.802930
3.808772
3.814396
3.820110
3.825781
3.831444
3.837151
3.842853
3.848452
3.854118
3.859786
3.865437
3.871042
3.876759
3.882368
3.887967
3.893588
3.899238
3.904940
3.910539
3.916112
3.921727
3.927362
3.932962
3.938618
3.944188
3.949758
3.955337
3.960981
3.966503
3.972085
3.977717
3.983242
3.988827
3.994408
3.999987
4.005536
4.011147
4.016737
4.022292
4.027850
4.033423
4.038894
4.044583
4.050006
4.055633
4.061205
4.066706
4.072288
4.077830
4.083391
4.088865
4.094473
4.099998
4.105496
4.110964
4.116596
4.122064
4.127565
4.133090
4.138605
4.144079
4.149556
4.155147
4.160596
4.166154
4.171589
4.177090
4.182566
4.188064
4.193592
4.199006
4.204536
4.210013
4.215430
4.220874
4.226354
4.231854
4.237247
4.242781
4.248255
4.253666
4.259161
4.264688
4.269997
4.275453
4.280951
4.286427
4.291890
4.297333
4.302741
4.308209
4.313575
4.319019
4.324471
4.329874
4.335290
4.340719
4.346115
4.351559
4.357027
4.362294
4.367813
4.373137
4.378530
4.383916
4.389267
4.394615
4.400020
4.405320
4.410758
4.416052
4.421430
4.426757
4.432093
4.437426
4.442756
4.448101
4.453461
4.458740
4.464034
4.469358
4.474646
4.479934
4.485237
4.490528
4.495819
4.501068
4.506314
4.511587
4.516905
4.522115
4.527370
4.532650
4.537866
4.543112
4.548364
4.553550
4.558835
4.563973
4.569243
4.574352
4.579640
4.584775
4.589988
4.595114
4.600330
4.605523
4.610769
4.615820
4.621075
4.626160
4.631349
4.636511
4.641676
4.646760
4.651911
4.657001
4.662139
4.667244
4.672368
4.677515
4.682569
4.687705
4.692771
4.697822
4.702940
4.708000
4.713102
4.718168
4.723250
4.728292
4.733409
4.738419
4.743437
4.748549
4.753570
4.758681
4.763717
4.768730
4.773832
4.778830
4.783842
4.788917
4.793900
4.798984
4.804026
4.808988
4.814045
4.819073
4.824061
4.829046
4.834122
4.839071
4.844054
4.849069
4.854061
4.859052
4.864013
4.868999
4.874020
4.879009
4.883973
4.888949
4.893947
4.898879
4.903846
4.908867
4.913739
4.918760
4.923737
4.928602
4.933522
4.938573
4.943436
4.948380
4.953341
4.958275
4.963222
4.968129
4.972980
4.977962
4.982822
4.987844
4.992697
4.997566
5.002485
5.007393
5.012279
5.017172
5.022061
5.026981
5.031784
5.036655
5.041581
5.046327
5.051300
5.056148
5.060968
5.065810
5.070654
5.075469
5.080299
5.085146
5.089937
5.094760
5.099587
5.104405
5.109231
5.114022
5.118798
5.123610
5.128395
5.133167
5.137937
5.142766
5.147518
5.152285
5.157084
5.161779
5.166546
5.171301
5.176013
5.180759
5.185535
5.190224
5.194991
5.199728
5.204437
5.209141
5.213839
5.218483
5.223177
5.227872
5.232516
5.237232
5.241915
5.246553
5.251200
5.255907
5.260514
5.265134
5.269784
5.274410
5.279027
5.283692
5.288246
5.292875
5.297507
5.302022
5.306657
5.311208
5.315789
5.320358
5.324939
5.329403
5.334047
5.338607
5.343110
5.347634
5.352173
5.356715
5.361227
5.365694
5.370170
5.374685
5.379185
5.383673
5.388090
5.392601
5.397045
5.401476
5.405943
5.410365
5.414799
5.419216
5.423617
5.428027
5.432551
5.436934
5.441297
5.445692
5.450081
5.454488
5.458865
5.463210
5.467584
5.472021
5.476341
5.480668
5.485057
5.489383
5.493745
5.498075
5.502428
5.506733
5.511096
5.515386
5.519694
5.524045
5.528335
5.532578
5.536925
5.541224
5.545511
5.549808
5.554101
5.558358
5.562646
5.566885
5.571220
5.575466
5.579738
5.584005
5.588265
5.592510
5.596774
5.601001
5.605309
5.609510
5.613759
5.617968
5.622157
5.626471
5.630608
5.634913
5.639096
5.643293
5.647476
5.651695
5.655883
5.660041
5.664272
5.668388
5.672604
5.676784
5.680948
5.685140
5.689289
5.693471
5.697678
5.701777
5.705938
5.710088
5.714210
5.718345
5.722437
5.726581
5.730695
5.734844
5.738964
5.742993
5.747095
5.751245
5.755322
5.759379
5.763444
5.767510
5.771603
5.775737
5.779683
5.783823
5.787907
5.791976
5.796032
5.800044
5.804146
5.808176
5.812196
5.816205
5.820232
5.824274
5.828252
5.832276
5.836329
5.840329
5.844338
5.848407
5.852361
5.856358
5.860325
5.864298
5.868309
5.872306
5.876228
5.880228
5.884210
5.888176
5.892128
5.896134
5.900104
5.904019
5.908019
5.911953
5.915944
5.919901
5.923817
5.927724
5.931643
5.935541
5.939469
5.943397
5.947289
5.951177
5.955102
5.958979
5.962898
5.966763
5.970667
5.974595
5.978501
5.982342
5.986195
5.990075
5.993940
5.997772
6.001649
6.005457
6.009307
6.013133
6.016986
6.020773
6.024572
6.028383
6.032245
6.036095
6.039819
6.043606
6.047450
6.051239
6.055029
6.058793
6.062577
6.066313
6.070094
6.073845
6.077578
6.081317
6.085005
6.088780
6.092501
6.096229
6.099970
6.103664
6.107371
6.111101
6.114810
6.118477
6.122195
6.125937
6.129613
6.133290
6.136906
6.140606
6.144285
6.147943
6.151640
6.155290
6.158927
6.162609
6.166303
6.169889
6.173542
6.177182
6.180786
6.184429
6.188094
6.191710
6.195320
6.198984
6.202568
6.206196
6.209788
6.213419
6.217030
6.220616
6.224250
6.227836
6.231420
6.234979
6.238580
6.242205
6.245714
6.249318
6.252898
6.256452
6.260071
6.263612
6.267159
6.270716
6.274272
6.277790
6.281331
0.001759
0.005246
0.008829
0.012329
0.015873
0.019390
0.023022
0.026461
0.029985
0.033538
0.037046
0.040558
0.044060
0.047589
0.051104
0.054639
0.058162
0.061620
0.065137
0.068664
0.072166
0.075647
0.079108
0.082601
0.086104
0.089558
0.093040
0.096536
0.100002
0.103460
0.106914
0.110402
0.113871
0.117368
0.120828
0.124282
0.127743
0.131218
0.134598
0.138097
0.141528
0.144979
0.148422
0.151876
0.155277
0.158734
0.162129
0.165592
0.169034
0.172468
0.175842
0.179341
0.182711
0.186136
0.189584
0.192961
0.196388
0.199747
0.203136
0.206626
0.209982
0.213391
0.216759
0.220198
0.223515
0.226981
0.230349
0.233722
0.237117
0.240511
0.243870
0.247214
0.250602
0.253952
0.257328
0.260696
0.264024
0.267371
0.270760
0.274115
0.277471
0.280805
0.284143
0.287514
0.290815
0.294207
0.297508
0.300846
0.304169
0.307494
0.310847
0.314122
0.317426
0.320764
0.324062
0.327394
0.330705
0.333976
0.337260
0.340589
0.343884
0.347144
0.350500
0.353756
0.357022
0.360360
0.363628
0.366906
0.370178
0.373449
0.376736
0.379984
0.383238
0.386473
0.389769
0.393053
0.396288
0.399542
0.402793
0.406017
0.409258
0.412557
0.415742
0.419004
0.422243
0.425455
0.428685
0.431890
0.435159
0.438383
0.441574
0.444756
0.447997
0.451215
0.454427
0.457636
0.460823
0.464011
0.467217
0.470408
0.473596
0.476807
0.479962
0.483153
0.486356
0.489511
0.492701
0.495823
0.499002
0.502169
0.505378
0.508515
0.511654
0.514824
0.517964
0.521146
0.524295
0.527429
0.530527
0.533643
0.536797
0.539967
0.543059
0.546175
0.549276
0.552401
0.555541
0.558645
0.561734
0.564870
0.567968
0.571072
0.574167
0.577274
0.580339
0.583407
0.586490
0.589612
0.592608
0.595682
0.598762
0.601800
0.604895
0.608002
0.611064
0.614150
0.617176
0.620202
0.623240
0.626290
0.629307
0.632330
0.635368
0.638349
0.641396
0.644428
0.647457
0.650480
0.653503
0.656475
0.659516
0.662536
0.665541
0.668537
0.671527
0.674526
0.677516
0.680554
0.683535
0.686510
0.689497
0.692448
0.695430
0.698390
0.701371
0.704316
0.707306
0.710233
0.713196
0.716219
0.719104
0.722091
0.725025
0.727955
0.730897
0.733863
0.736775
0.739699
0.742653
0.745542
0.748496
0.751429
0.754314
0.757253
0.760210
0.763078
0.765987
0.768890
0.771745
0.774684
0.777614
0.780452
0.783352
0.786261
0.789125
0.792016
0.794902
0.797793
0.800645
0.803527
0.806389
0.809250
0.812129
0.814996
0.817872
0.820743
0.823589
0.826423
0.829284
0.832116
0.834965
0.837787
0.840624
0.843495
0.846314
0.849163
0.852009
0.854853
0.857663
0.860467
0.863376
0.866145
0.868979
0.871816
0.874594
0.877404
0.880235
0.883061
0.885841
0.888675
0.891423
0.894251
0.897055
0.899830
0.902622
0.905438
0.908239
0.911035
0.913788
0.916592
0.919334
0.922105
0.924895
0.927627
0.930419
0.933215
0.935986
0.938715
0.941487
0.944255
0.947035
0.949759
0.952533
0.955307
0.958010
0.960811
0.963532
0.966231
0.968976
0.971708
0.974434
0.977206
0.979920
0.982629
0.985406
0.988126
0.990769
0.993540
0.996198
0.998948
1.001719
1.004407
1.007145
1.009836
1.012496
1.015196
1.017883
1.020595
1.023288
1.026026
1.028714
1.031392
1.034107
1.036785
1.039404
1.042112
1.044812
1.047514
1.050160
1.052841
1.055520
1.058201
1.060844
1.063504
1.066192
1.068855
1.071516
1.074167
1.076810
1.079476
1.082140
1.084752
1.087392
1.090034
1.092725
1.095370
1.098004
1.100643
1.103205
1.105847
1.108436
1.111051
1.113670
1.116328
1.118961
1.121601
1.124231
1.126790
1.129423
1.132033
1.134598
1.137279
1.139868
1.142477
1.145060
1.147657
1.150213
1.152802
1.155381
1.157979
1.160591
1.163147
1.165715
1.168357
1.170898
1.173426
1.176051
1.178571
1.181147
1.183721
1.186270
1.188787
1.191391
1.193910
1.196442
1.198983
1.201505
1.204070
1.206611
1.209112
1.211683
1.214203
1.216692
1.219224
1.221780
1.224272
1.226813
1.229333
1.231825
1.234318
1.236814
1.239319
1.241799
1.244322
1.246824
1.249344
1.251857
1.254326
1.256798
1.259293
1.261750
1.264240
1.266706
1.269186
1.271655
1.274130
1.276584
1.279058
1.281521
1.283951
1.286405
1.288855
1.291303
1.293757
1.296196
1.298647
1.301115
1.303545
1.305948
1.308378
1.310832
1.313249
1.315661
1.318103
1.320545
1.323002
1.325398
1.327777
1.330213
1.332607
1.334995
1.337395
1.339797
1.342236
1.344582
1.346979
1.349373
1.351776
1.354125
1.356455
1.358870
1.361258
1.363604
1.366004
1.368368
1.370774
1.373114
1.375480
1.377847
1.380271
1.382635
1.384951
1.387267
1.389676
1.392019
1.394317
1.396648
1.399002
1.401366
1.403673
1.405992
1.408317
1.410717
1.413048
1.415337
1.417680
1.419999
1.422297
1.424607
1.426875
1.429188
1.431504
1.433796
1.436088
1.438422
1.440699
1.442979
1.445280
1.447524
1.449857
1.452147
1.454438
1.456742
1.459010
1.461246
1.463547
1.465811
1.468077
1.470315
1.472607
1.474869
1.477176
1.479414
1.481664
1.483932
1.486209
1.488435
1.490676
1.492929
1.495158
1.497414
1.499634
1.501848
1.504086
1.506321
1.508532
1.510761
1.512966
1.515166
1.517386
1.519594
1.521793
1.523998
1.526221
1.528435
1.530631
1.532827
1.535014
1.537199
1.539401
1.541579
1.543772
1.545950
1.548164
1.550306
1.552499
1.554663
1.556817
1.558938
1.561086
1.563285
1.565445
1.567576
1.569763
1.571911
1.574059
1.576189
1.578313
1.580402
1.582565
1.584683
1.586780
1.588931
1.591083
1.593213
1.595316
1.597449
1.599579
1.601701
1.603819
1.605934
1.608055
1.610165
1.612244
1.614335
1.616489
1.618562
1.620651
1.622733
1.624830
1.626939
1.629022
1.631059
1.633129
1.635229
1.637312
1.639382
1.641464
1.643544
1.645617
1.647687
1.649730
1.651798
1.653859
1.655902
1.657964
1.660031
1.662050
1.664073
1.666152
1.668213
1.670223
1.672264
1.674301
1.676368
1.678403
1.680395
1.682420
1.684455
1.686471
1.688448
1.690471
1.692466
1.694504
1.696526
1.698509
1.700547
1.702530
1.704582
1.706536
1.708588
1.710547
1.712582
1.714565
1.716560
1.718529
1.720503
1.722445
1.724422
1.726382
1.728338
1.730321
1.732323
1.734288
1.736233
1.738237
1.740205
1.742129
1.744079
1.746018
1.747986
1.749933
1.751857
1.753813
1.755773
1.757726
1.759668
1.761612
1.763554
1.765474
1.767377
1.769318
1.771248
1.773168
1.775085
1.777009
1.778923
1.780841
1.782752
1.784661
1.786581
1.788493
1.790392
1.792292
1.794185
1.796037
1.797966
1.799821
1.801732
1.803617
1.805546
1.807422
1.809282
1.811161
1.813033
1.814906
1.816779
1.818621
1.820461
1.822345
1.824179
1.826021
1.827900
1.829754
1.831585
1.833455
1.835264
1.837113
1.838961
1.840783
1.842587
1.844459
1.846233
1.848078
1.849906
1.851755
1.853546
1.855341
1.857144
1.858927
1.860782
1.862534
1.864362
1.866121
1.867942
1.869728
1.871543
1.873314
1.875082
1.876864
1.878614
1.880373
1.882141
1.883902
1.885655
1.887438
1.889190
1.890955
1.892720
1.894472
1.896243
1.898005
1.899727
1.901477
1.903203
1.904943
1.906645
1.908374
1.910034
1.911772
1.913524
1.915184
1.916916
1.918656
1.920376
1.922126
1.923819
1.925505
1.927207
1.928918
1.930602
1.932268
1.933939
1.935599
1.937271
1.938967
1.940645
1.942325
1.944012
1.945669
1.947365
1.949021
1.950690
1.952344
1.954001
1.955652
1.957297
1.958923
1.960529
1.962153
1.963849
1.965473
1.967103
1.968724
1.970335
1.971968
1.973595
1.975207
1.976846
1.978449
1.980061
1.981678
1.983266
1.984899
1.986538
1.988171
1.989750
1.991329
1.992911
1.994484
1.996063
1.997630
1.999205
2.000802
2.002378
2.003954
2.005521
2.007112
2.008676
2.010264
2.011855
2.013416
2.014992
2.016526
2.018066
2.019620
2.021161
2.022688
2.024178
2.025721
2.027263
2.028795
2.030346
2.031910
2.033471
2.035014
2.036530
2.038046
2.039559
2.041069
2.042555
2.044044
2.045539
2.047029
2.048538
2.050021
2.051499
2.053026
2.054543
2.056059
2.057580
2.059088
2.060585
2.062042
2.063495
2.064963
2.066443
2.067869
2.069319
2.070802
2.072249
2.073684
2.075143
2.076627
2.078125
2.079611
2.081073
2.082511
2.083952
2.085390
2.086825
2.088227
2.089686
2.091079
2.092527
2.093923
2.095331
2.096745
2.098156
2.099579
2.101008
2.102435
2.103828
2.105260
2.106689
2.108082
2.109487
2.110859
2.112220
2.113586
2.114949
2.116303
2.117682
2.119039
2.120387
2.121783
2.123176
2.124551
2.125921
2.127299
2.128677
2.130007
2.131320
2.132689
2.134031
2.135358
2.136647
2.137956
2.139250
2.140556
2.141866
2.143178
2.144514
2.145853
2.147169
2.148466
2.149817
2.151126
2.152424
2.153739
2.155015
2.156280
2.157550
2.158778
2.160034
2.161298
2.162538
2.163779
2.165037
2.166317
2.167593
2.168845
2.170094
2.171374
2.172650
2.173869
2.175083
2.176281
2.177513
2.178696
2.179919
2.181117
2.182330
2.183517
2.184691
2.185896
2.187106
2.188281
2.189437
2.190641
2.191864
2.193029
2.194204
2.195399
2.196609
2.197802
2.198956
2.200088
2.201277
2.202413
2.203518
2.204630
2.205754
2.206913
2.208034
2.209148
2.210308
2.211455
2.212584
2.213684
2.214823
2.215940
2.217064
2.218169
2.219272
2.220386
2.221507
2.222588
2.223655
2.224761
2.225887
2.226966
2.228017
2.229114
2.230180
2.231253
2.232293
2.233332
2.234393
2.235453
2.236508
2.237557
2.238626
2.239678
2.240736
2.241796
2.242854
2.243917
2.244966
2.246017
2.247078
2.248109
2.249130
2.250140
2.251126
2.252132
2.253121
2.254101
2.255111
2.256111
2.257133
2.258110
2.259092
2.260099
2.261121
2.262127
2.263113
2.264117
2.265132
2.266145
2.267086
2.268075
2.269054
2.270034
2.270993
2.271927
2.272913
2.273860
2.274771
2.275691
2.276643
2.277593
2.278546
2.279444
2.280415
2.281380
2.282321
2.283222
2.284169
2.285122
2.286063
2.286959
2.287863
2.288810
2.289748
2.290641
2.291555
2.292504
2.293427
2.294290
2.295171
2.296067
2.296962
2.297813
2.298664
2.299557
2.300456
2.301304
2.302161
2.303074
2.303979
2.304800
2.305660
2.306535
2.307419
2.308261
2.309105
2.309974
2.310852
2.311700
2.312551
2.313396
2.314286
2.315113
2.315943
2.316778
2.317620
2.318393
2.319154
2.319978
2.320814
2.321599
2.322384
2.323205
2.324050
2.324850
2.325617
2.326420
2.327235
2.328020
2.328775
2.329535
2.330353
2.331132
2.331893
2.332685
2.333508
2.334299
2.335078
2.335845
2.336669
2.337475
2.338218
2.338964
2.339728
2.340468
2.341160
2.341861
2.342577
2.343308
2.344028
2.344702
2.345463
2.346212
2.346925
2.347632
2.348378
2.349097
2.349777
2.350445
2.351146
2.351838
2.352500
2.353163
2.353863
2.354592
2.355299
2.355982
2.356698
2.357462
2.358190
2.358867
2.359565
2.360272
2.360952
2.361593
2.362220
2.362879
2.363529
2.364161
2.364787
2.365434
2.366093
2.366726
2.367349
2.367984
2.368646
2.369254
2.369842
2.370468
2.371100
2.371699
2.372304
2.372897
2.373515
2.374117
2.374689
2.375270
2.375890
2.376499
2.377095
2.377694
2.378323
2.378953
2.379579
2.380196
2.380855
2.381475
2.382087
2.382692
2.383306
2.383887
2.384429
2.384981
2.385556
2.386116
2.386658
2.387180
2.387716
2.388291
2.388828
2.389364
2.389909
2.390463
2.391000
2.391521
2.392027
2.392528
2.393025
2.393513
2.394017
2.394508
2.395000
2.395476
2.395970
2.396452
2.396944
2.397423
2.397900
2.398388
2.398870
2.399338
2.399811
2.400308
2.400818
2.401327
2.401845
2.402349
2.402867
2.403382
2.403901
2.404392
2.404895
2.405393
2.405893
2.406373
2.406837
2.407292
2.407763
2.408215
2.408649
2.409066
2.409479
2.409899
2.410315
2.410726
2.411136
2.411550
2.411954
2.412377
2.412781
2.413188
2.413593
2.413980
2.414351
2.414728
2.415115
2.415480
2.415840
2.416209
2.416592
2.416955
2.417311
2.417665
2.418033
2.418381
2.418716
2.419034
2.419393
2.419747
2.420088
2.420418
2.420757
2.421113
2.421452
2.421769
2.422102
2.422434
2.422752
2.423087
2.423444
2.423806
2.424175
2.424535
2.424909
2.425308
2.425685
2.426033
2.426383
2.426764
2.427123
2.427462
2.427815
2.428190
2.428549
2.428897
2.429235
2.429577
2.429913
2.430233
2.430536
2.430832
2.431117
2.431398
2.431665
2.431941
2.432207
2.432444
2.432681
2.432926
2.433172
2.433385
2.433595
2.433807
2.434032
2.434245
2.434458
2.434652
2.434865
2.435081
2.435278
2.435455
2.435644
2.435842
2.436015
2.436189
2.436366
2.436546
2.436711
2.436890
2.437076
2.437256
2.437442
2.437621
2.437795
2.437969
2.438137
2.438277
2.438421
2.438577
2.438721
2.438841
2.438964
2.439101
2.439236
2.439359
2.439470
2.439578
2.439692
2.439808
2.439910
2.440000
2.440090
2.440183
2.440270
2.440360
2.440444
2.440512
2.440581
2.440650
2.440722
2.440779
2.440833
2.440884
2.440932
2.440983
2.441028
2.441055
2.441082
2.441130
2.441172
2.441190
2.441220
2.441247
2.441273
2.441279
2.441283
2.441285
2.441298
2.441300
2.441303
2.441303
2.441303
2.441303
2.441309
2.441309
2.441309
2.441309
2.441309
2.441309
2.441309
2.441309
2.441309
2.441309
2.441309
2.441309
2.441309
2.441309
2.441309
2.441309
2.441309
2.441309
2.441309
2.441283
2.441256
2.441226
2.441199
2.441151
2.441103
2.441073
2.441046
2.441004
2.440971
2.440944
2.440917
2.440887
2.440860
2.440824
2.440797
2.440770
2.440743
2.440698
2.440674
2.440650
2.440623
2.440593
2.440563
2.440531
2.440504
2.440483
2.440462
2.440428
2.440399
2.440381
2.440369
2.440360
2.440345
2.440324
2.440309
2.440294
2.440276
2.440246
2.440228
2.440210
2.440198
2.440183
2.440171
2.440150
2.440129
2.440126
2.440126
2.440126
2.440117
2.440117
2.440117
2.440111
2.440102
2.440090
2.440072
2.440066
2.440066
2.440066
2.440066
2.440066
2.440066
2.440066
2.440066
2.440066
2.440066
2.440066
2.440066
2.440066
2.440066
2.440066
2.440066
2.440066
2.440066
2.440066
2.440066
2.440066
2.440066
2.440066
2.440066
2.440066
2.440066
2.440066
2.440066
2.440066
2.440066
2.440066
2.440066
2.440066
2.440066
2.440066
2.440066
2.440066
2.440066
2.440066
2.440066
2.440066
2.440066
2.440066
2.440066
2.440066
2.440066
2.440066
2.440066
2.440066
2.440066
2.440063
2.440063
2.440063
2.440063
2.440063
2.440063
2.440063
2.440063
2.440063
2.440063
2.440063
2.440063
2.440063
2.440063
2.440063
2.440063
2.440063
2.440063
2.440063
2.440063
2.440063
2.440063
2.440063
2.440063
2.440063
2.440063
2.440063
2.440063
2.440063
2.440063
2.440063
2.440063
2.440063
2.440063
2.440063
2.440063
2.440063
2.440063
2.440063
2.440063
2.440063
2.440063
2.440063
2.440063
2.440063
2.440063
2.440063
2.440063
2.440063
2.440063
2.440063
2.440063
2.440063
2.440063
2.440063
2.440063
2.440063
2.440063
2.440063
2.440063
2.440063
2.440063
2.440063
2.440063
2.440063
2.440063
2.440063
2.440063
2.440063
2.440063
2.440063
2.440063
2.440063
2.440063
2.440063
2.440063
2.440063
2.440063
2.440063
2.440063
2.440063
2.440063
2.440063
2.440063
2.440063
2.440063
2.440063
2.440063
2.440063
2.440063
2.440063
2.440063
2.440063
2.440063
2.440063
2.440063
2.440063
2.440063
2.440063
2.440063