0.993609
0.993609
0.993609
0.993609
0.993609
0.993609
0.993609
0.993609
0.993609
0.993729
0.994103
0.994688
0.995464
0.996416
0.997435
0.998571
0.999913
1.001429
1.003107
1.005009
1.007142
1.009539
1.012038
1.014719
1.017607
1.020774
1.024019
1.027491
1.031099
1.034931
1.038960
1.043260
1.047658
1.052257
1.057117
1.061982
1.067240
1.072606
1.078224
1.083886
1.089821
1.096050
1.102396
1.108768
1.115615
1.122517
1.129759
1.136976
1.144454
1.152277
1.160211
1.168411
1.176638
1.185174
1.193887
1.202857
1.211977
1.221210
1.230840
1.240463
1.250329
1.260573
1.270756
1.281305
1.292025
1.302913
1.313926
1.325308
1.336708
1.348438
1.360503
1.372335
1.384804
1.397325
1.409815
1.422830
1.435710
1.448992
1.462576
1.475932
1.489723
1.503939
1.518120
1.532609
1.547274
1.562075
1.576974
1.592341
1.607675
1.623278
1.639136
1.655162
1.671407
1.688113
1.704693
1.721732
1.738800
1.756297
1.773749
1.791639
1.809477
1.827960
1.846493
1.865189
1.883995
1.903140
1.922413
1.941678
1.961305
1.980911
2.000664
2.020298
2.040263
2.059399
2.079613
2.098935
2.118991
2.138306
2.158395
2.177749
2.197526
2.217339
2.237074
2.256884
2.276562
2.296055
2.315775
2.335270
2.354897
2.374482
2.393897
2.413524
2.433007
2.452527
2.472067
2.491652
2.511159
2.531077
2.550657
2.570023
2.589746
2.609244
2.628976
2.648130
2.668195
2.687393
2.707003
2.726483
2.746092
2.765321
2.785140
2.804342
2.823885
2.843395
2.862561
2.881787
2.901165
2.920415
2.939760
2.958947
2.978191
2.997461
3.016666
3.035664
3.054821
3.073579
3.092769
3.111707
3.131014
3.149691
3.168611
3.187636
3.206406
3.225671
3.244660
3.263367
3.282473
3.301375
3.320241
3.339419
3.358459
3.377301
3.396213
3.415381
3.434211
3.453123
3.472132
3.491101
3.509904
3.528665
3.547672
3.566490
3.585593
3.604025
3.623221
3.641721
3.660573
3.679184
3.698026
3.716689
3.735998
3.754292
3.772892
3.791848
3.810273
3.828933
3.847598
3.866048
3.884459
3.902998
3.921775
3.940030
3.958707
3.977211
3.995687
4.014359
4.032934
4.051495
4.069813
4.088979
4.107108
4.125722
4.144579
4.162909
4.181790
4.200447
4.218896
4.237547
4.256290
4.275121
4.293675
4.312320
4.330997
4.350148
4.368742
4.387407
4.406141
4.424992
4.443748
4.462323
4.481096
4.499813
4.518388
4.537221
4.555794
4.574436
4.593428
4.611934
4.630258
4.649127
4.667640
4.686308
4.705181
4.723537
4.742176
4.760955
4.779635
4.798172
4.816948
4.835659
4.854408
4.873196
4.892206
4.910770
4.929687
4.948364
4.967356
4.986235
5.004987
5.023784
5.042707
5.061549
5.080634
5.099204
5.118459
5.137116
5.156105
5.174884
5.193439
5.212548
5.231297
5.250115
5.269023
5.287745
5.306507
5.325322
5.344038
5.362617
5.381438
5.400089
5.418712
5.437507
5.455687
5.474493
5.493224
5.511338
5.530258
5.548618
5.567035
5.585701
5.604036
5.622600
5.641005
5.659913
5.678261
5.696869
5.715477
5.733999
5.752503
5.770881
5.789525
5.808104
5.826748
5.845228
5.863827
5.882463
5.900730
5.919347
5.937824
5.956079
5.974667
5.993080
6.011458
6.029797
6.048229
6.066502
6.084814
6.103119
6.121252
6.139650
6.157896
6.176121
6.194379
6.212470
6.230515
6.248782
6.266860
0.001669
0.019732
0.037831
0.056011
0.074033
0.092201
0.110027
0.128135
0.146300
0.164268
0.182400
0.200559
0.218751
0.236530
0.255135
0.272881
0.291064
0.309250
0.327193
0.345298
0.363553
0.381455
0.399683
0.417851
0.435692
0.453768
0.471909
0.489903
0.507876
0.526069
0.543973
0.562048
0.579938
0.597836
0.615815
0.633744
0.651609
0.669469
0.687229
0.705053
0.722873
0.740712
0.758404
0.776188
0.794033
0.811922
0.829710
0.847470
0.865336
0.882845
0.901229
0.918714
0.936588
0.954502
0.972397
0.990230
1.008218
1.026080
1.043928
1.061964
1.079680
1.097830
1.115992
1.133759
1.151717
1.169966
1.187903
1.205685
1.223799
1.241740
1.259728
1.277629
1.295459
1.313801
1.331627
1.349484
1.367667
1.385412
1.403404
1.421431
1.439368
1.457210
1.475297
1.493073
1.511028
1.528735
1.546834
1.564561
1.582517
1.600412
1.618314
1.636356
1.654222
1.672171
1.690225
1.708142
1.726148
1.744187
1.762190
1.780299
1.798578
1.816422
1.834452
1.852680
1.870630
1.888690
1.906924
1.925071
1.942880
1.961365
1.979321
1.997312
2.015672
2.033768
2.051600
2.069900
2.087751
2.105838
2.124060
2.141935
2.160196
2.178154
2.196004
2.214059
2.232041
2.249823
2.267790
2.285625
2.303413
2.321386
2.339303
2.356950
2.374623
2.392821
2.410405
2.428055
2.446103
2.463882
2.481570
2.499457
2.517032
2.534813
2.552694
2.570835
2.588434
2.606188
2.624117
2.642132
2.659875
2.677887
2.695453
2.713378
2.731118
2.748914
2.766768
2.784535
2.802205
2.820182
2.837733
2.855251
2.873281
2.890796
2.908494
2.926236
2.943913
2.961491
2.979212
2.996655
3.014224
3.031826
3.049278
3.066793
3.084167
3.101464
3.119110
3.136311
3.154110
3.171200
3.188652
3.205981
3.223394
3.240861
3.258466
3.275636
3.293229
3.310672
3.327929
3.345528
3.362800
3.380019
3.397630
3.414887
3.432531
3.450037
3.467330
3.484878
3.502420
3.519650
3.537108
3.554500
3.572054
3.589461
3.606748
3.623928
3.641311
3.658538
3.675942
3.693242
3.710700
3.727777
3.745019
3.762310
3.779435
3.796737
3.814222
3.831012
3.848239
3.865461
3.882688
3.899730
3.916987
3.933951
3.951211
3.968145
3.985201
4.002359
4.019491
4.036569
4.053712
4.071020
4.088101
4.105319
4.122492
4.139768
4.156812
4.174267
4.191465
4.208563
4.226015
4.243075
4.260395
4.277721
4.294919
4.312304
4.329586
4.346804
4.364358
4.381600
4.398738
4.416163
4.433459
4.450626
4.467983
4.485387
4.502644
4.519791
4.536979
4.554491
4.571431
4.588978
4.606098
4.623262
4.640571
4.657792
4.674905
4.692163
4.709399
4.726473
4.743742
4.760973
4.778197
4.795517
4.812736
4.830071
4.847484
4.864736
4.882077
4.899364
4.916502
4.934109
4.951477
4.968839
4.986145
5.003665
5.021019
5.038477
5.056094
5.073294
5.090791
5.108243
5.125554
5.143117
5.160641
5.178051
5.195272
5.212718
5.230062
5.247422
5.264838
5.282110
5.299460
5.316813
5.334283
5.351412
5.368729
5.385771
5.403073
5.420264
5.437356
5.454488
5.471832
5.488784
5.505900
5.523134
5.540154
5.557208
5.574367
5.591411
5.608524
5.625826
5.642622
5.659994
5.677023
5.694029
5.711295
5.728394
5.745420
5.762516
5.779698
5.796772
5.813877
5.831053
5.848173
5.865218
5.882511
5.899277
5.916564
5.933606
5.950566
5.967620
5.984817
6.001454
6.018738
6.035714
6.052573
6.069384
6.086494
6.103221
6.120176
6.136972
6.153747
6.170560
6.187506
6.204146
6.221146
6.237840
6.254313
6.271015
0.004737
0.021326
0.037864
0.054735
0.071369
0.087958
0.104754
0.121562
0.137929
0.154899
0.171332
0.188194
0.204780
0.221621
0.238267
0.254967
0.271661
0.288463
0.305112
0.321926
0.338432
0.355347
0.371856
0.388550
0.405262
0.421884
0.438596
0.455478
0.471747
0.488777
0.505216
0.521895
0.538514
0.555055
0.571570
0.588189
0.604715
0.621349
0.637696
0.654545
0.670724
0.687169
0.703750
0.720072
0.736503
0.752864
0.769519
0.785848
0.802212
0.818570
0.835088
0.851302
0.867763
0.884304
0.900707
0.917135
0.933661
0.950079
0.966567
0.983156
0.999583
1.016053
1.032726
1.049219
1.065934
1.082508
1.098798
1.115414
1.132012
1.148787
1.165124
1.181767
1.198243
1.214847
1.231706
1.247884
1.264746
1.281332
1.297751
1.314217
1.331235
1.347273
1.364302
1.380577
1.397067
1.413407
1.430365
1.446550
1.463139
1.479665
1.496084
1.512535
1.529259
1.545638
1.562099
1.578640
1.595022
1.611603
1.628189
1.644850
1.660972
1.677600
1.694378
1.710751
1.727601
1.744019
1.760537
1.777186
1.793730
1.810451
1.827163
1.843791
1.860536
1.876984
1.893846
1.910408
1.927180
1.943757
1.960475
1.977364
1.994031
2.010369
2.027533
2.043906
2.060538
2.077247
2.093839
2.110452
2.127122
2.143696
2.160336
2.176934
2.193407
2.209936
2.226543
2.242980
2.259608
2.276143
2.292357
2.308971
2.325362
2.341643
2.358148
2.374345
2.390964
2.407235
2.423777
2.439859
2.456502
2.472837
2.489174
2.505725
2.522281
2.538403
2.554899
2.571290
2.587718
2.604121
2.620689
2.636973
2.653343
2.669828
2.686204
2.702446
2.719083
2.735343
2.751863
2.768092
2.784768
2.800701
2.817285
2.833565
2.849837
2.866393
2.882401
2.898657
2.915238
2.931284
2.947691
2.963654
2.980099
2.996029
3.012549
3.028489
3.044580
3.060675
3.076704
3.092667
3.108804
3.124905
3.140790
3.156855
3.172916
3.188834
3.204995
3.220826
3.236870
3.252983
3.268994
3.284960
3.301286
3.316880
3.333127
3.349162
3.365093
3.381001
3.397258
3.413155
3.429199
3.445192
3.461568
3.477172
3.493623
3.509403
3.525432
3.541461
3.557397
3.573402
3.589566
3.605409
3.621408
3.637338
3.653343
3.669144
3.685146
3.700962
3.717051
3.732756
3.748693
3.764551
3.780382
3.796030
3.811906
3.827788
3.843365
3.859205
3.874937
3.890589
3.906414
3.922107
3.937777
3.953455
3.969337
3.984809
4.000646
4.016339
4.031981
4.047789
4.063689
4.079136
4.095004
4.111074
4.126672
4.142506
4.158421
4.174073
4.189952
4.205744
4.221464
4.237310
4.253264
4.269275
4.284873
4.300830
4.316616
4.332474
4.348470
4.364163
4.379931
4.395976
4.411702
4.427668
4.443571
4.459378
4.475155
4.491340
4.506725
4.522696
4.538432
4.554323
4.570106
4.586033
4.601808
4.617480
4.633302
4.649160
4.664851
4.680619
4.696375
4.711994
4.727956
4.743428
4.759325
4.775210
4.790781
4.806828
4.822599
4.838340
4.854369
4.870269
4.885825
4.901716
4.917730
4.933588
4.949548
4.965496
4.981252
4.997185
5.013286
5.029399
5.045137
5.061175
5.077126
5.093026
5.109016
5.125003
5.140882
5.156869
5.172814
5.188636
5.204632
5.220583
5.236465
5.252320
5.268361
5.284012
5.299895
5.315510
5.331623
5.347325
5.363028
5.378661
5.394591
5.410285
5.426118
5.441623
5.457568
5.473031
5.488826
5.504271
5.520069
5.535636
5.551195
5.566951
5.582591
5.598134
5.613735
5.629601
5.644869
5.660779
5.676313
5.692084
5.707604
5.723270
5.738859
5.754525
5.770236
5.785762
5.801425
5.817535
5.832764
5.848470
5.864181
5.879700
5.895160
5.910952
5.926403
5.941856
5.957535
5.972878
5.988550
6.004106
6.019532
6.035118
6.050670
6.066073
6.081637
6.097019
6.112434
6.127798
6.143186
6.158460
6.173913
6.189196
6.204299
6.219657
6.235096
6.250412
6.265532
6.280699
0.012712
0.027899
0.043170
0.058396
0.073691
0.088959
0.104140
0.119195
0.134499
0.149773
0.164861
0.180138
0.195346
0.210641
0.225873
0.241030
0.256435
0.271530
0.286735
0.302035
0.317237
0.332445
0.347593
0.362742
0.378231
0.393247
0.408686
0.423609
0.438970
0.454223
0.469392
0.484462
0.499640
0.514716
0.529945
0.544941
0.560134
0.575216
0.590238
0.605368
0.620423
0.635386
0.650537
0.665544
0.680488
0.695463
0.710662
0.725327
0.740317
0.755309
0.770151
0.785105
0.800139
0.814840
0.829967
0.844921
0.859850
0.874780
0.889916
0.904662
0.919759
0.934725
0.949654
0.964541
0.979710
0.994592
1.009701
1.024687
1.039802
1.054741
1.069823
1.084704
1.099966
1.115162
1.130157
1.145099
1.160259
1.175359
1.190342
1.205355
1.220456
1.235523
1.250701
1.265810
1.280724
1.295854
1.310853
1.326099
1.341080
1.356084
1.371229
1.386326
1.401178
1.416266
1.431411
1.446286
1.461344
1.476301
1.491392
1.506291
1.521268
1.536192
1.551172
1.566296
1.581187
1.596119
1.611141
1.626056
1.641165
1.656166
1.671134
1.686240
1.701272
1.716249
1.731226
1.746617
1.761681
1.776790
1.791746
1.807014
1.822052
1.837260
1.852303
1.867424
1.882794
1.897759
1.912991
1.928136
1.943329
1.958477
1.973475
1.988662
2.003978
2.019195
2.034385
2.049413
2.064663
2.079676
2.094645
2.109847
2.124941
2.140020
2.155192
2.170058
2.185147
2.200112
2.215092
2.230180
2.245134
2.260309
2.274992
2.290009
2.305118
2.319774
2.335009
2.349585
2.364446
2.379645
2.394307
2.409045
2.424118
2.438895
2.453560
2.468511
2.483719
2.498297
2.513443
2.528081
2.542987
2.557913
2.572803
2.587628
2.602698
2.617379
2.632392
2.647234
2.662089
2.677027
2.692008
2.706718
2.721570
2.736547
2.751240
2.766205
2.781122
2.795833
2.810477
2.825602
2.840300
2.854969
2.869916
2.884522
2.899137
2.914027
2.928810
2.943350
2.958018
2.972867
2.987664
3.002033
3.016951
3.031434
3.046075
3.060576
3.075134
3.089866
3.104220
3.118700
3.133216
3.147717
3.162167
3.176637
3.191192
3.205469
3.220215
3.234545
3.249058
3.263727
3.278147
3.292534
3.306978
3.321728
3.336127
3.350606
3.365024
3.379662
3.393975
3.408802
3.423006
3.437588
3.451996
3.466716
3.480989
3.495727
3.510090
3.524539
3.539058
3.553341
3.568126
3.582340
3.596843
3.611287
3.625659
3.639969
3.654694
3.668859
3.683408
3.697787
3.711994
3.726342
3.740771
3.755074
3.769374
3.783698
3.797810
3.812236
3.826542
3.840611
3.854966
3.869134
3.883338
3.897495
3.911771
3.925960
3.940102
3.954300
3.968384
3.982655
3.996781
4.010928
4.025238
4.039304
4.053841
4.067674
4.082183
4.096193
4.110595
4.124752
4.139193
4.153217
4.167793
4.181662
4.196201
4.210553
4.224670
4.238925
4.253330
4.267573
4.281877
4.296309
4.310615
4.324744
4.339287
4.353402
4.367732
4.382217
4.396188
4.410501
4.424953
4.439089
4.453619
4.467854
4.482091
4.496406
4.510662
4.524982
4.539157
4.553439
4.567628
4.581878
4.596124
4.610316
4.624470
4.638752
4.653034
4.666918
4.681419
4.695440
4.709636
4.723957
4.738011
4.752224
4.766471
4.780660
4.794894
4.809167
4.823324
4.837481
4.852053
4.866191
4.880276
4.894963
4.908849
4.923296
4.937528
4.951927
4.966236
4.980644
4.994950
5.009496
5.023721
5.038013
5.052324
5.066751
5.081030
5.095399
5.109789
5.123858
5.138278
5.152860
5.166945
5.181329
5.195665
5.209911
5.224262
5.238475
5.252769
5.267058
5.281235
5.295352
5.309626
5.323941
5.337968
5.352212
5.366299
5.380483
5.394681
5.408852
5.422799
5.437096
5.450938
5.465034
5.479280
5.493269
5.507036
5.521231
5.535226
5.549337
5.563146
5.577347
5.591087
5.605142
5.619325
5.633086
5.647407
5.661228
5.675231
5.689202
5.703490
5.717197
5.731489
5.745387
5.759466
5.773283
5.787467
5.801335
5.815369
5.829334
5.843385
5.857434
5.871254
5.885264
5.899357
5.913146
5.927293
5.941090
5.954928
5.968857
5.982938
5.996666
6.010517
6.024527
6.038281
6.052114
6.066157
6.079939
6.093601
6.107428
6.121078
6.134860
6.148596
6.162276
6.176044
6.189789
6.203427
6.217200
6.230811
6.244401
6.257977
6.271719
0.001980
0.015660
0.029248
0.042826
0.056401
0.070021
0.083575
0.097195
0.110836
0.124390
0.137962
0.151636
0.165173
0.178763
0.192434
0.206123
0.219629
0.233222
0.246815
0.260444
0.274139
0.287867
0.301197
0.314933
0.328527
0.342105
0.355659
0.369267
0.382860
0.396408
0.409908
0.423597
0.437209
0.450595
0.464251
0.477841
0.491365
0.504943
0.518471
0.531977
0.545411
0.558947
0.572262
0.585936
0.599349
0.612673
0.626137
0.639628
0.652972
0.666368
0.679820
0.693093
0.706521
0.719785
0.733051
0.746530
0.760007
0.773081
0.786624
0.799797
0.813288
0.826468
0.839926
0.853034
0.866591
0.879756
0.893361
0.906604
0.919939
0.933436
0.946643
0.960008
0.973503
0.986712
1.000152
1.013539
1.027081
1.040279
1.053815
1.067219
1.080525
1.094055
1.107447
1.120956
1.134241
1.147606
1.161244
1.174634
1.187984
1.201532
1.214910
1.228344
1.241748
1.255138
1.268611
1.282135
1.295471
1.308716
1.322282
1.335735
1.349364
1.362424
1.376059
1.389358
1.402697
1.416098
1.429397
1.442958
1.456320
1.469563
1.482964
1.496263
1.509608
1.522961
1.536327
1.549587
1.562962
1.576216
1.589459
1.603106
1.616438
1.629684
1.643121
1.656466
1.669696
1.683316
1.696403
1.709822
1.723293
1.736886
1.749919
1.763727
1.776988
1.790314
1.803815
1.817324
1.830725
1.844097
1.857630
1.871214
1.884513
1.897951
1.911676
1.925083
1.938517
1.951961
1.965536
1.978943
1.992347
2.005965
2.019249
2.032692
2.046106
2.059627
2.073166
2.086621
2.099918
2.113421
2.126837
2.140089
2.153347
2.167038
2.180257
2.193527
2.207069
2.220180
2.233557
2.246922
2.260057
2.273461
2.286674
2.299851
2.313234
2.326498
2.339632
2.352938
2.366135
2.379210
2.392414
2.405716
2.418863
2.431980
2.445231
2.458351
2.471701
2.484947
2.498091
2.511297
2.524603
2.537759
2.550917
2.564277
2.577360
2.590411
2.603884
2.616908
2.630133
2.643417
2.656543
2.669738
2.683001
2.696187
2.709328
2.722561
2.735705
2.748914
2.762112
2.775193
2.788393
2.801549
2.814663
2.827929
2.840932
2.854052
2.867127
2.880217
2.893232
2.906282
2.919390
2.932402
2.945657
2.958393
2.971572
2.984560
2.997509
3.010398
3.023458
3.036410
3.049308
3.062218
3.075119
3.087933
3.100897
3.113726
3.126573
3.139403
3.152307
3.165100
3.178025
3.190821
3.203581
3.216440
3.229323
3.242122
3.254925
3.267921
3.280595
3.293541
3.306412
3.319061
3.331890
3.344797
3.357542
3.370387
3.383317
3.396087
3.408994
3.421913
3.434697
3.447517
3.460190
3.473058
3.486055
3.498713
3.511510
3.524369
3.537231
3.550102
3.562655
3.575475
3.588257
3.601170
3.613864
3.626660
3.639411
3.651989
3.664743
3.677365
3.690120
3.702880
3.715592
3.728235
3.740642
3.753621
3.765890
3.778599
3.791207
3.803853
3.816556
3.829044
3.841621
3.854235
3.866776
3.879240
3.891598
3.904308
3.916756
3.929346
3.941884
3.954321
3.966982
3.979212
3.991954
4.004298
4.016854
4.029315
4.041895
4.054530
4.067023
4.079535
4.092127
4.104657
4.117159
4.129671
4.142066
4.154907
4.167379
4.179885
4.192393
4.205091
4.217608
4.230231
4.243018
4.255404
4.268044
4.280663
4.293187
4.305713
4.318438
4.331003
4.343668
4.356242
4.368759
4.381430
4.393989
4.406522
4.419180
4.431755
4.444284
4.456816
4.469436
4.481971
4.494510
4.507084
4.519566
4.532269
4.544798
4.557121
4.569744
4.582219
4.594836
4.607141
4.619802
4.632166
4.644669
4.657007
4.669731
4.681877
4.694539
4.706783
4.719358
4.732007
4.744300
4.756749
4.769281
4.781673
4.794104
4.806714
4.819115
4.831752
4.844189
4.856490
4.869074
4.881597
4.894160
4.906740
4.919153
4.931733
4.944344
4.956885
4.969457
4.981881
4.994515
5.007099
5.019557
5.032200
5.044717
5.057262
5.069914
5.082402
5.094965
5.107551
5.120069
5.132664
5.145226
5.157828
5.170288
5.182827
5.195290
5.207775
5.220328
5.232756
5.245241
5.257665
5.270057
5.282646
5.295215
5.307526
5.319953
5.332432
5.344716
5.357050
5.369562
5.381954
5.394345
5.406548
5.418853
5.431149
5.443454
5.455684
5.468012
5.480278
5.492487
5.504708
5.517148
5.529207
5.541428
5.553694
5.565903
5.577991
5.590467
5.602487
5.614909
5.626911
5.639207
5.651368
5.663622
5.675816
5.688199
5.700282
5.712682
5.724658
5.736986
5.749094
5.761296
5.773628
5.785765
5.797974
5.810138
5.822275
5.834424
5.846726
5.858674
5.870835
5.883305
5.895355
5.907294
5.919671
5.931697
5.943840
5.956004
5.968063
5.980086
5.992197
6.004280
6.016312
6.028437
6.040478
6.052444
6.064428
6.076374
6.088445
6.100465
6.112674
6.124430
6.136489
6.148408
6.160263
6.172208
6.184088
6.195964
6.208059
6.219603
6.231566
6.243359
6.255286
6.267183
6.278943
0.007619
0.019420
0.031225
0.043149
0.054849
0.066674
0.078401
0.090106
0.102037
0.113853
0.125685
0.137483
0.149216
0.161110
0.172908
0.184686
0.196439
0.208322
0.220081
0.231901
0.243807
0.255498
0.267359
0.279232
0.290992
0.302850
0.314583
0.326372
0.338141
0.350107
0.361735
0.373482
0.385185
0.397097
0.408863
0.420679
0.432226
0.444150
0.455952
0.467565
0.479348
0.491224
0.502906
0.514336
0.526281
0.537735
0.549623
0.561224
0.572906
0.584614
0.596245
0.607741
0.619533
0.631206
0.642861
0.654231
0.666047
0.677426
0.689024
0.700867
0.712246
0.723838
0.735370
0.746965
0.758440
0.770025
0.781497
0.793059
0.804648
0.816120
0.827685
0.839210
0.850679
0.862193
0.873962
0.885392
0.896851
0.908422
0.919927
0.931564
0.942991
0.954735
0.966087
0.977691
0.989376
1.000928
1.012445
1.023980
1.035626
1.047421
1.058725
1.070440
1.082092
1.093578
1.105215
1.116798
1.128507
1.139874
1.151729
1.163054
1.174862
1.186429
1.197967
1.209451
1.221375
1.232724
1.244247
1.256112
1.267452
1.279115
1.290872
1.302299
1.313890
1.325518
1.337041
1.348588
1.360156
1.371699
1.383132
1.394841
1.406253
1.417779
1.429427
1.441004
1.452539
1.463921
1.475507
1.486991
1.498451
1.509923
1.521547
1.532992
1.544488
1.555963
1.567324
1.579015
1.590379
1.601805
1.613418
1.624812
1.636473
1.647789
1.659348
1.670886
1.682328
1.694066
1.705436
1.717001
1.728515
1.739996
1.751608
1.763170
1.774825
1.786219
1.797852
1.809375
1.820964
1.832622
1.844231
1.855658
1.867280
1.878872
1.890485
1.902145
1.913662
1.925233
1.936917
1.948383
1.960035
1.971576
1.983033
1.994735
2.006429
2.017835
2.029412
2.041132
2.052472
2.064226
2.075665
2.087179
2.098743
2.110278
2.121804
2.133249
2.144874
2.156217
2.167695
2.179364
2.190755
2.202134
2.213612
2.224913
2.236343
2.247920
2.259299
2.270555
2.282024
2.293526
2.304707
2.316356
2.327546
2.338925
2.350292
2.361620
2.373032
2.384235
2.395563
2.406903
2.418162
2.429535
2.440911
2.452308
2.463378
2.474784
2.486304
2.497384
2.508921
2.520283
2.531491
2.542843
2.554126
2.565487
2.576806
2.587981
2.599328
2.610599
2.622169
2.633321
2.644748
2.655920
2.667197
2.678672
2.689892
2.701139
2.712545
2.723742
2.735061
2.746446
2.757561
2.768874
2.780157
2.791381
2.802586
2.813806
2.825308
2.836354
2.847491
2.858768
2.870102
2.881136
2.892701
2.903517
2.914767
2.926044
2.937031
2.948257
2.959516
2.970491
2.981666
2.992832
3.003888
3.014884
3.025987
3.037030
3.048179
3.059129
3.070242
3.081063
3.092394
3.103162
3.114173
3.125132
3.136224
3.147007
3.158113
3.169049
3.179984
3.191036
3.201987
3.212869
3.223858
3.234866
3.245799
3.256785
3.267694
3.278659
3.289661
3.300623
3.311439
3.322561
3.333427
3.344318
3.355301
3.366201
3.377229
3.388156
3.399065
3.409991
3.420987
3.431875
3.442873
3.453821
3.464774
3.475590
3.486649
3.497377
3.508400
3.519368
3.530187
3.541009
3.551998
3.562757
3.573639
3.584670
3.595486
3.606407
3.617223
3.628110
3.638902
3.649769
3.660516
3.671445
3.682207
3.692903
3.703776
3.714642
3.725284
3.736034
3.746853
3.757648
3.768236
3.779153
3.789682
3.800365
3.811136
3.821796
3.832465
3.843230
3.853788
3.864334
3.875129
3.885714
3.896314
3.906965
3.917637
3.928186
3.938891
3.949452
3.960037
3.970694
3.981252
3.991930
4.002536
4.013172
4.023856
4.034456
4.045014
4.055603
4.066322
4.076910
4.087478
4.098317
4.108648
4.119535
4.130066
4.140718
4.151332
4.161972
4.172572
4.183277
4.193973
4.204525
4.215160
4.225886
4.236519
4.247168
4.257717
4.268476
4.279109
4.289840
4.300287
4.311031
4.321736
4.332294
4.343026
4.353713
4.364307
4.374829
4.385576
4.396167
4.406749
4.417556
4.428054
4.438630
4.449338
4.459920
4.470428
4.481198
4.491637
4.502228
4.512876
4.523530
4.533965
4.544553
4.555024
4.565840
4.576170
4.586671
4.597349
4.607794
4.618238
4.628676
4.639279
4.649831
4.660324
4.670948
4.681275
4.691785
4.702260
4.712707
4.723256
4.733760
4.744141
4.754639
4.765213
4.775627
4.786131
4.796707
4.807088
4.817652
4.828121
4.838583
4.849099
4.859699
4.870080
4.880695
4.891185
4.901698
4.912214
4.922814
4.933249
4.943736
4.954281
4.964783
4.975470
4.985839
4.996532
5.006934
5.017487
5.027982
5.038417
5.049029
5.059398
5.069921
5.080550
5.091213
5.101547
5.112141
5.122642
5.133032
5.143683
5.153945
5.164626
5.175025
5.185457
5.195848
5.206564
5.216823
5.227351
5.237786
5.248165
5.258636
5.269035
5.279375
5.289795
5.300296
5.310483
5.321098
5.331264
5.341627
5.351999
5.362225
5.372672
5.382909
5.393138
5.403439
5.413826
5.424009
5.434277
5.444634
5.454704
5.464893
5.475140
5.485395
5.495438
5.505849
5.515943
5.526214
5.536407
5.546506
5.556621
5.566933
5.577063
5.587214
5.597421
5.607584
5.617746
5.627945
5.638032
5.648222
5.658562
5.668446
5.678647
5.688843
5.698921
5.709069
5.719276
5.729385
5.739515
5.749696
5.759870
5.770099
5.780073
5.790025
5.800407
5.810363
5.820466
5.830655
5.840808
5.850819
5.860957
5.870928
5.881109
5.891235
5.901410
5.911345
5.921421
5.931466
5.941521
5.951525
5.961508
5.971601
5.981659
5.991543
6.001526
6.011686
6.021764
6.031669
6.041451
6.051602
6.061552
6.071418
6.081374
6.091249
6.101253
6.111122
6.120967
6.130842
6.140807
6.150610
6.160491
6.170435
6.180220
6.190005
6.199829
6.209620
6.219354
6.229415
6.238943
6.248896
6.258567
6.268472
6.278122
0.004752
0.014432
0.024166
0.033978
0.043611
0.053378
0.063241
0.072903
0.082586
0.092234
0.102106
0.111729
0.121604
0.131242
0.140893
0.150675
0.160340
0.170287
0.179835
0.189605
0.199313
0.209092
0.218766
0.228479
0.238348
0.247963
0.257643
0.267488
0.277105
0.286833
0.296535
0.306299
0.315910
0.325626
0.335292
0.345074
0.354790
0.364377
0.374112
0.383672
0.393559
0.403080
0.412773
0.422405
0.432076
0.441751
0.451443
0.461102
0.470746
0.480400
0.489930
0.499670
0.509195
0.518824
0.528340
0.538131
0.547493
0.557278
0.566809
0.576375
0.585909
0.595403
0.604958
0.614548
0.624186
0.633597
0.643118
0.652586
0.662104
0.671653
0.681069
0.690579
0.700220
0.709460
0.718934
0.728650
0.737998
0.747396
0.756885
0.766244
0.775901
0.785188
0.794635
0.804067
0.813600
0.822945
0.832457
0.841961
0.851225
0.860701
0.870151
0.879567
0.888966
0.898415
0.907880
0.917225
0.926830
0.936136
0.945654
0.955200
0.964580
0.974006
0.983542
0.992878
1.002271
1.011855
1.021254
1.030730
1.040249
1.049650
1.059109
1.068675
1.078089
1.087613
1.097111
1.106521
1.116049
1.125591
1.135014
1.144395
1.153916
1.163264
1.173010
1.182301
1.191732
1.201224
1.210781
1.220144
1.229683
1.239121
1.248433
1.258131
1.267440
1.276856
1.286306
1.295788
1.305220
1.314613
1.324113
1.333623
1.342772
1.352414
1.361732
1.371112
1.380715
1.389876
1.399557
1.408803
1.418159
1.427627
1.436968
1.446481
1.455814
1.465122
1.474530
1.483791
1.493210
1.502510
1.511924
1.521230
1.530595
1.539898
1.549312
1.558554
1.567863
1.577307
1.586517
1.595900
1.605254
1.614548
1.623853
1.633210
1.642588
1.651798
1.661217
1.670448
1.679829
1.689302
1.698611
1.708010
1.717402
1.726753
1.736110
1.745613
1.754850
1.764225
1.773644
1.782977
1.792328
1.801846
1.811212
1.820473
1.829904
1.839261
1.848698
1.858085
1.867484
1.876924
1.886251
1.895497
1.905051
1.914459
1.923750
1.933103
1.942526
1.951838
1.961287
1.970632
1.980037
1.989297
1.998690
2.008050
2.017409
2.026763
2.036099
2.045384
2.054902
2.064190
2.073588
2.082837
2.092131
2.101509
2.110913
2.120093
2.129330
2.138714
2.148031
2.157155
2.166625
2.175697
2.185039
2.194335
2.203566
2.212821
2.221935
2.231109
2.240418
2.249526
2.258652
2.268021
2.277206
2.286345
2.295497
2.304579
2.313833
2.322854
2.332031
2.341196
2.350262
2.359625
2.368556
2.377760
2.386871
2.395940
2.405093
2.414195
2.423345
2.432552
2.441507
2.450630
2.459705
2.468867
2.478032
2.487050
2.496164
2.505416
2.514512
2.523527
2.532581
2.541743
2.550869
2.559899
2.568935
2.577984
2.587229
2.596274
2.605361
2.614449
2.623506
2.632635
2.641722
2.650863
2.659917
2.668959
2.678097
2.687208
2.696289
2.705349
2.714307
2.723373
2.732562
2.741532
2.750634
2.759608
2.768635
2.777734
2.786737
2.795677
2.804770
2.813824
2.822797
2.831824
2.840896
2.849870
2.858864
2.867912
2.876795
2.885795
2.894781
2.903673
2.912613
2.921628
2.930538
2.939377
2.948398
2.957305
2.966165
2.975105
2.983946
2.992898
3.001874
3.010656
3.019428
3.028339
3.037153
3.046045
3.054935
3.063662
3.072542
3.081384
3.090108
3.098971
3.107806
3.116486
3.125252
3.134135
3.142869
3.151551
3.160402
3.169129
3.177818
3.186602
3.195315
3.204093
3.212920
3.221548
3.230369
3.239087
3.247848
3.256521
3.265339
3.274018
3.282821
3.291626
3.300246
3.308937
3.317752
3.326425
3.335138
3.343910
3.352617
3.361336
3.370051
3.378740
3.387494
3.396293
3.404898
3.413536
3.422419
3.430922
3.439763
3.448422
3.457107
3.465757
3.474494
3.483158
3.491820
3.500538
3.509179
3.517823
3.526505
3.535134
3.543804
3.552496
3.561133
3.569807
3.578319
3.586917
3.595576
3.604220
3.612809
3.621408
3.630046
3.638561
3.647144
3.655743
3.664371
3.672763
3.681512
3.689901
3.698374
3.707083
3.715556
3.723921
3.732535
3.741065
3.749454
3.757938
3.766450
3.774908
3.783378
3.791806
3.800255
3.808800
3.817153
3.825577
3.834050
3.842364
3.850843
3.859277
3.867594
3.875995
3.884417
3.892818
3.901114
3.909527
3.917838
3.926284
3.934610
3.942963
3.951334
3.959585
3.968067
3.976333
3.984590
3.993177
4.001290
4.009742
4.017924
4.026469
4.034717
4.043028
4.051354
4.059731
4.068036
4.076431
4.084805
4.093161
4.101466
4.109774
4.118079
4.126576
4.134779
4.143150
4.151432
4.159760
4.168071
4.176532
4.184867
4.193070
4.201417
4.209836
4.218177
4.226480
4.234806
4.243162
4.251425
4.259784
4.268032
4.276406
4.284741
4.293028
4.301336
4.309653
4.317940
4.326347
4.334622
4.342900
4.351214
4.359480
4.367864
4.376040
4.384306
4.392716
4.400964
4.409305
4.417382
4.425750
4.434088
4.442244
4.450489
4.458931
4.467054
4.475281
4.483496
4.491705
4.499992
4.508199
4.516414
4.524500
4.532727
4.541155
4.549080
4.557394
4.565528
4.573638
4.581947
4.589907
4.598251
4.606347
4.614418
4.622555
4.630746
4.638809
4.646922
4.655008
4.663200
4.671322
4.679399
4.687504
4.695578
4.703710
4.711703
4.719765
4.727897
4.735950
4.744090
4.752162
4.760212
4.768290
4.776421
4.784414
4.792629
4.800668
4.808730
4.816850
4.824921
4.833013
4.841105
4.849231
4.857173
4.865371
4.873391
4.881421
4.889516
4.897665
4.905694
4.913736
4.921837
4.929876
4.937968
4.946073
4.954084
4.962053
4.970223
4.978190
4.986289
4.994324
5.002410
5.010458
5.018634
5.026577
5.034698
5.042743
5.050766
5.058817
5.066895
5.074768
5.082953
5.090929
5.098946
5.106928
5.115038
5.122990
5.130968
5.139007
5.147081
5.155044
5.163035
5.171016
5.178980
5.186958
5.194856
5.202849
5.210894
5.218812
5.226623
5.234778
5.242610
5.250460
5.258396
5.266381
5.274186
5.282197
5.289972
5.297803
5.305749
5.313518
5.321478
5.329304
5.337165
5.344940
5.352808
5.360532
5.368409
5.376117
5.383901
5.391796
5.399540
5.407273
5.415066
5.422817
5.430484
5.438378
5.445940
5.453763
5.461403
5.469103
5.476797
5.484529
5.492343
5.499764
5.507584
5.515167
5.522894
5.530591
5.538135
5.545802
5.553499
5.561088
5.568785
5.576416
5.584041
5.591650
5.599443
5.606951
5.614609
5.622220
5.629790
5.637424
5.645076
5.652704
5.660320
5.668011
5.675507
5.683105
5.690736
5.698292
5.705908
5.713455
5.720957
5.728711
5.736219
5.743868
5.751400
5.758941
5.766531
5.774047
5.781582
5.789193
5.796704
5.804221
5.811681
5.819267
5.826886
5.834355
5.841854
5.849440
5.856921
5.864348
5.871902
5.879371
5.886846
5.894354
5.901742
5.909382
5.916782
5.924219
5.931673
5.939181
5.946563
5.954051
5.961562
5.968965
5.976347
5.983810
5.991154
5.998587
6.006122
6.013351
6.020704
6.028146
6.035597
6.042892
6.050386
6.057672
6.064970
6.072443
6.079621
6.087081
6.094362
6.101642
6.108926
6.116236
6.123594
6.130749
6.138185
6.145397
6.152596
6.159940
6.167169
6.174473
6.181589
6.188809
6.196201
6.203343
6.210525
6.217907
6.224984
6.232228
6.239326
6.246648
6.253683
6.260928
6.268061
6.275222
6.282448
0.006394
0.013560
0.020724
0.027947
0.034946
0.042172
0.049225
0.056473
0.063603
0.070719
0.077820
0.084977
0.092099
0.099214
0.106297
0.113589
0.120564
0.127701
0.134870
0.141962
0.149135
0.156283
0.163375
0.170440
0.177582
0.184701
0.191811
0.198902
0.206081
0.213115
0.220201
0.227251
0.234372
0.241518
0.248646
0.255674
0.262877
0.269870
0.277036
0.284101
0.291115
0.298302
0.305358
0.312465
0.319595
0.326570
0.333665
0.340712
0.347917
0.354841
0.361978
0.368958
0.376134
0.383112
0.390179
0.397220
0.404180
0.411263
0.418339
0.425356
0.432421
0.439396
0.446352
0.453456
0.460338
0.467469
0.474485
0.481400
0.488507
0.495503
0.502463
0.509425
0.516373
0.523279
0.530320
0.537325
0.544276
0.551199
0.558222
0.565134
0.572082
0.578982
0.585906
0.592872
0.599783
0.606680
0.613538
0.620624
0.627392
0.634382
0.641189
0.648098
0.654917
0.661844
0.668732
0.675736
0.682448
0.689372
0.696268
0.703081
0.709895
0.716747
0.723649
0.730471
0.737258
0.744145
0.750884
0.757646
0.764492
0.771374
0.778142
0.784961
0.791795
0.798566
0.805433
0.812093
0.818987
0.825821
0.832547
0.839321
0.846182
0.852914
0.859742
0.866513
0.873269
0.880077
0.886914
0.893640
0.900516
0.907254
0.913986
0.920772
0.927507
0.934455
0.941133
0.947955
0.954723
0.961518
0.968394
0.975055
0.981856
0.988755
0.995335
1.002238
1.008928
1.015789
1.022536
1.029319
1.036048
1.042906
1.049608
1.056505
1.063198
1.070003
1.076720
1.083578
1.090262
1.097126
1.103810
1.110635
1.117286
1.124120
1.130828
1.137668
1.144368
1.151169
1.157826
1.164696
1.171422
1.178163
1.184937
1.191750
1.198390
1.205146
1.211914
1.218667
1.225396
1.232104
1.238818
1.245533
1.252316
1.259027
1.265738
1.272467
1.279181
1.285928
1.292624
1.299285
1.305990
1.312758
1.319433
1.326117
1.332826
1.339510
1.346185
1.352881
1.359544
1.366268
1.372979
1.379501
1.386206
1.392920
1.399545
1.406241
1.412844
1.419534
1.426150
1.432735
1.439401
1.446041
1.452728
1.459334
1.465865
1.472619
1.479168
1.485708
1.492387
1.499041
1.505674
1.512250
1.518848
1.525463
1.532057
1.538649
1.545267
1.551777
1.558366
1.564966
1.571500
1.578107
1.584677
1.591382
1.597815
1.604535
1.611003
1.617577
1.624207
1.630753
1.637357
1.643945
1.650500
1.656993
1.663641
1.670232
1.676755
1.683361
1.689914
1.696520
1.703108
1.709646
1.716219
1.722834
1.729411
1.735933
1.742551
1.749101
1.755647
1.762235
1.768836
1.775364
1.781988
1.788472
1.795156
1.801705
1.808198
1.814822
1.821321
1.827900
1.834467
1.841071
1.847629
1.854208
1.860767
1.867367
1.873859
1.880400
1.887018
1.893576
1.900150
1.906639
1.913198
1.919720
1.926269
1.932813
1.939401
1.945935
1.952518
1.959079
1.965560
1.972094
1.978691
1.985151
1.991694
1.998238
2.004697
2.011181
2.017718
2.024249
2.030715
2.037249
2.043805
2.050246
2.056775
2.063189
2.069670
2.076195
2.082639
2.089162
2.095603
2.101973
2.108501
2.115030
2.121364
2.127898
2.134289
2.140724
2.147109
2.153622
2.160046
2.166430
2.172902
2.179298
2.185593
2.192131
2.198482
2.204855
2.211173
2.217633
2.223916
2.230375
2.236751
2.243081
2.249460
2.255868
2.262166
2.268515
2.274834
2.281179
2.287495
2.293847
2.300126
2.306496
2.312764
2.319100
2.325440
2.331627
2.337993
2.344222
2.350523
2.356758
2.363073
2.369308
2.375624
2.381943
2.388180
2.394502
2.400734
2.406978
2.413192
2.419504
2.425694
2.431977
2.438238
2.444401
2.450675
2.456964
2.463223
2.469475
2.475698
2.481939
2.488192
2.494426
2.500622
2.506878
2.513188
2.519378
2.525556
2.531805
2.538025
2.544233
2.550537
2.556628
2.562955
2.569148
2.575347
2.581612
2.587837
2.593994
2.600250
2.606449
2.612666
2.618865
2.625072
2.631241
2.637458
2.643681
2.649799
2.655992
2.662233
2.668324
2.674597
2.680751
2.686923
2.693092
2.699294
2.705436
2.711608
2.717815
2.723936
2.730108
2.736283
2.742371
2.748513
2.754697
2.760863
2.767047
2.773185
2.779211
2.785329
2.791584
2.797627
2.803742
2.809890
2.815960
2.822024
2.828160
2.834221
2.840321
2.846544
2.852506
2.858687
2.864736
2.870815
2.876825
2.882940
2.888956
2.895086
2.901060
2.907091
2.913275
2.919213
2.925262
2.931263
2.937310
2.943308
2.949351
2.955388
2.961368
2.967354
2.973373
2.979395
2.985342
2.991340
2.997285
3.003313
3.009215
3.015189
3.021235
3.027131
3.033019
3.039041
3.045000
3.050875
3.056837
3.062737
3.068666
3.074538
3.080539
3.086366
3.092287
3.098216
3.104082
3.109933
3.115871
3.121723
3.127568
3.133485
3.139295
3.145194
3.151060
3.156905
3.162742
3.168614
3.174438
3.180329
3.186177
3.191992
3.197817
3.203641
3.209552
3.215406
3.221258
3.227001
3.232835
3.238689
3.244495
3.250346
3.256156
3.261947
3.267838
3.273629
3.279426
3.285218
3.291108
3.296908
3.302682
3.308539
3.314291
3.320065
3.325880
3.331671
3.337478
3.343239
3.349058
3.354804
3.360631
3.366351
3.372112
3.377966
3.383677
3.389474
3.395254
3.400976
3.406732
3.412532
3.418227
3.423929
3.429792
3.435476
3.441255
3.447005
3.452619
3.458402
3.464133
3.469823
3.475623
3.481280
3.486966
3.492661
3.498399
3.504046
3.509727
3.515438
3.521133
3.526718
3.532431
3.538124
3.543756
3.549458
3.555153
3.560765
3.566437
3.572063
3.577681
3.583439
3.588952
3.594575
3.600259
3.605895
3.611467
3.617061
3.622630
3.628224
3.633806
3.639345
3.644942
3.650569
3.656060
3.661705
3.667221
3.672740
3.678282
3.683852
3.689347
3.694898
3.700462
3.705891
3.711377
3.716886
3.722402
3.727867
3.733338
3.738806
3.744249
3.749741
3.755206
3.760623
3.766052
3.771504
3.776954
3.782350
3.787764
3.793247
3.798673
3.803979
3.809504
3.814833
3.820175
3.825559
3.830958
3.836345
3.841705
3.847098
3.852464
3.857821
3.863160
3.868574
3.873913
3.879243
3.884570
3.889927
3.895224
3.900554
3.905902
3.911201
3.916538
3.921910
3.927227
3.932399
3.937804
3.943023
3.948377
3.953587
3.958854
3.964229
3.969481
3.974757
3.979991
3.985315
3.990552
3.995771
4.001125
4.006320
4.011572
4.016846
4.022089
4.027362
4.032635
4.037842
4.043079
4.048358
4.053583
4.058748
4.064087
4.069234
4.074454
4.079676
4.084880
4.090114
4.095372
4.100561
4.105772
4.110991
4.116138
4.121360
4.126567
4.131732
4.136970
4.142210
4.147321
4.152507
4.157735
4.162849
4.168050
4.173240
4.178339
4.183513
4.188753
4.193868
4.199048
4.204210
4.209408
4.214471
4.219718
4.224883
4.229961
4.235087
4.240222
4.245376
4.250541
4.255691
4.260806
4.265947
4.270971
4.276139
4.281299
4.286395
4.291464
4.296659
4.301792
4.306789
4.311918
4.317002
4.322108
4.327174
4.332276
4.337364
4.342463
4.347484
4.352599
4.357713
4.362713
4.367750
4.372849
4.377864
4.382892
4.387976
4.393006
4.398043
4.403055
4.408122
4.413173
4.418131
4.423096
4.428180
4.433159
4.438094
4.443103
4.448089
4.453152
4.458075
4.463054
4.468019
4.472971
4.477930
4.482867
4.487808
4.492769
4.497704
4.502650
4.507608
4.512534
4.517415
4.522325
4.527269
4.532257
4.537102
4.542039
4.546854
4.551869
4.556633
4.561594
4.566394
4.571296
4.576155
4.581012
4.585838
4.590695
4.595558
4.600376
4.605220
4.610125
4.614876
4.619721
4.624545
4.629326
4.634144
4.638986
4.643734
4.648594
4.653331
4.658085
4.662864
4.667673
4.672433
4.677104
4.681973
4.686641
4.691342
4.696177
4.700827
4.705654
4.710364
4.715004
4.719777
4.724499
4.729182
4.733856
4.738598
4.743323
4.748006
4.752734
4.757348
4.762079
4.766803
4.771459
4.776211
4.780840
4.785559
4.790221
4.794882
4.799622
4.804248
4.808901
4.813533
4.818279
4.822919
4.827551
4.832177
4.836875
4.841501
4.846103
4.850798
4.855444
4.860062
4.864673
4.869284
4.873912
4.878505
4.883116
4.887703
4.892326
4.896922
4.901467
4.906105
4.910674
4.915261
4.919857
4.924429
4.929025
4.933654
4.938130
4.942765
4.947310
4.951894
4.956436
4.960954
4.965475
4.970032
4.974592
4.979116
4.983652
4.988191
4.992709
4.997260
5.001724
5.006311
5.010769
5.015335
5.019769
5.024272
5.028755
5.033195
5.037713
5.042216
5.046671
5.051171
5.055641
5.060066
5.064530
5.069016
5.073471
5.077887
5.082378
5.086833
5.091222
5.095659
5.100127
5.104528
5.108953
5.113357
5.117779
5.122196
5.126647
5.130995
5.135438
5.139782
5.144184
5.148585
5.152938
5.157345
5.161686
5.166025
5.170393
5.174809
5.179139
5.183435
5.187806
5.192130
5.196501
5.200812
5.205129
5.209399
5.213755
5.218049
5.222383
5.226647
5.230931
5.235204
5.239509
5.243784
5.247970
5.252302
5.256491
5.260748
5.264991
5.269206
5.273421
5.277664
5.281858
5.286062
5.290280
5.294466
5.298663
5.302849
5.307013
5.311184
5.315333
5.319465
5.323680
5.327833
5.331967
5.336111
5.340216
5.344260
5.348454
5.352562
5.356661
5.360742
5.364855
5.368978
5.373065
5.377109
5.381205
5.385264
5.389345
5.393360
5.397377
5.401437
5.405443
5.409499
5.413505
5.417541
5.421556
5.425600
5.429552
5.433558
5.437549
5.441611
5.445590
5.449542
5.453473
5.457466
5.461433
5.465406
5.469322
5.473312
5.477222
5.481243
5.485144
5.489072
5.492975
5.496891
5.500822
5.504717
5.508666
5.512498
5.516432
5.520336
5.524221
5.528131
5.531942
5.535852
5.539777
5.543582
5.547498
5.551348
5.555177
5.559074
5.562933
5.566783
5.570588
5.574450
5.578294
5.582108
5.585904
5.589754
5.593547
5.597352
5.601175
5.604977
5.608794
5.612560
5.616350
5.620149
5.623900
5.627651
5.631459
5.635216
5.639006
5.642748
5.646437
5.650185
5.653954
5.657720
5.661372
5.665126
5.668835
5.672553
5.676346
5.679962
5.683725
5.687414
5.691042
5.694793
5.698505
5.702181
5.705887
5.709569
5.713189
5.716829
5.720514
5.724145
5.727830
5.731480
5.735072
5.738748
5.742376
5.746007
5.749657
5.753300
5.756895
5.760493
5.764131
5.767762
5.771393
5.775015
5.778584
5.782191
5.785819
5.789366
5.792934
5.796497
5.800098
5.803726
5.807319
5.810875
5.814393
5.818003
5.821562
5.825103
5.828690
5.832141
5.835757
5.839287
5.842813
5.846381
5.849887
5.853401
5.856921
5.860478
5.863986
5.867518
5.871030
5.874481
5.878065
5.881585
5.885046
5.888515
5.892029
5.895502
5.898947
5.902441
5.905940
5.909385
5.912858
5.916315
5.919755
5.923254
5.926705
5.930073
5.933611
5.937027
5.940445
5.943903
5.947277
5.950698
5.954123
5.957568
5.960995
5.964393
5.967728
5.971098
5.974508
5.977893
5.981294
5.984670
5.987987
5.991375
5.994743
5.998090
6.001442
6.004786
6.008079
6.011392
6.014729
6.018025
6.021333
6.024683
6.027942
6.031298
6.034591
6.037904
6.041191
6.044445
6.047698
6.050970
6.054256
6.057510
6.060749
6.064006
6.067242
6.070504
6.073731
6.076979
6.080196
6.083417
6.086662
6.089877
6.093127
6.096357
6.099560
6.102745
6.105917
6.109120
6.112341
6.115529
6.118666
6.121860
6.125039
6.128214
6.131396
6.134545
6.137685
6.140831
6.144001
6.147131
6.150304
6.153471
6.156590
6.159721
6.162858
6.165983
6.169156
6.172245
6.175387
6.178434
6.181544
6.184678
6.187836
6.190925
6.194008
6.197103
6.200201
6.203257
6.206418
6.209444
6.212529
6.215624
6.218662
6.221724
6.224831
6.227875
6.230895
6.233993
6.237010
6.240066
6.243146
6.246205
6.249237
6.252353
6.255328
6.258336
6.261386
6.264391
6.267390
6.270434
6.273430
6.276444
6.279470
6.282517
0.002280
0.005273
0.008275
0.011280
0.014300
0.017296
0.020277
0.023255
0.026212
0.029203
0.032208
0.035144
0.038137
0.041100
0.044018
0.046963
0.049938
0.052874
0.055894
0.058831
0.061779
0.064724
0.067678
0.070614
0.073553
0.076477
0.079452
0.082359
0.085286
0.088207
0.091134
0.094076
0.096982
0.099903
0.102846
0.105725
0.108643
0.111600
0.114527
0.117376
0.120295
0.123171
0.126053
0.128971
0.131847
0.134733
0.137675
0.140473
0.143415
0.146300
0.149162
0.152038
0.154932
0.157802
0.160658
0.163507
0.166365
0.169202
0.172129
0.174937
0.177837
0.180686
0.183487
0.186334
0.189177
0.192002
0.194813
0.197677
0.200508
0.203324
0.206213
0.209029
0.211836
0.214667
0.217469
0.220291
0.223110
0.225909
0.228689
0.231532
0.234319
0.237099
0.239894
0.242702
0.245470
0.248280
0.251037
0.253856
0.256672
0.259408
0.262155
0.264926
0.267710
0.270457
0.273246
0.275976
0.278756
0.281473
0.284242
0.286989
0.289722
0.292463
0.295231
0.297958
0.300699
0.303459
0.306173
0.308911
0.311632
0.314367
0.317061
0.319781
0.322499
0.325204
0.327912
0.330618
0.333296
0.336056
0.338701
0.341473
0.344154
0.346847
0.349508
0.352207
0.354874
0.357546
0.360225
0.362891
0.365576
0.368257
0.370912
0.373590
0.376275
0.378926
0.381545
0.384235
0.386902
0.389568
0.392211
0.394850
0.397496
0.400063
0.402682
0.405369
0.407991
0.410630
0.413258
0.415871
0.418474
0.421081
0.423765
0.426330
0.428939
0.431558
0.434141
0.436729
0.439336
0.441963
0.444507
0.447158
0.449702
0.452282
0.454855
0.457489
0.460032
0.462603
0.465150
0.467723
0.470294
0.472874
0.475429
0.477991
0.480540
0.483114
0.485622
0.488171
0.490730
0.493313
0.495820
0.498352
0.500866
0.503364
0.505896
0.508395
0.510914
0.513437
0.515978
0.518492
0.521026
0.523534
0.526024
0.528513
0.531018
0.533538
0.535988
0.538466
0.540923
0.543455
0.545917
0.548443
0.550903
0.553411
0.555813
0.558306
0.560763
0.563238
0.565688
0.568172
0.570602
0.573110
0.575539
0.577951
0.580375
0.582880
0.585265
0.587742
0.590211
0.592593
0.595011
0.597480
0.599822
0.602258
0.604670
0.607082
0.609479
0.611956
0.614305
0.616738
0.619117
0.621514
0.623902
0.626314
0.628680
0.631086
0.633474
0.635847
0.638199
0.640626
0.642996
0.645351
0.647753
0.650075
0.652442
0.654806
0.657182
0.659498
0.661877
0.664229
0.666608
0.668923
0.671296
0.673588
0.675937
0.678286
0.680614
0.682963
0.685279
0.687619
0.689956
0.692284
0.694567
0.696877
0.699157
0.701482
0.703822
0.706116
0.708438
0.710730
0.713010
0.715296
0.717567
0.719832
0.722130
0.724455
0.726726
0.729003
0.731301
0.733521
0.735822
0.738037
0.740317
0.742561
0.744841
0.747100
0.749338
0.751588
0.753817
0.756079
0.758329
0.760561
0.762802
0.765022
0.767260
0.769501
0.771727
0.773953
0.776164
0.778411
0.780595
0.782807
0.785027
0.787217
0.789413
0.791672
0.793856
0.796094
0.798278
0.800477
0.802658
0.804867
0.806997
0.809172
0.811380
0.813543
0.815760
0.817947
0.820113
0.822280
0.824422
0.826609
0.828760
0.830929
0.833080
0.835268
0.837440
0.839558
0.841718
0.843881
0.845993
0.848142
0.850269
0.852381
0.854550
0.856710
0.858846
0.861001
0.863161
0.865324
0.867406
0.869569
0.871661
0.873776
0.875903
0.878018
0.880124
0.882237
0.884349
0.886482
0.888615
0.890692
0.892768
0.894865
0.896935
0.899024
0.901151
0.903242
0.905360
0.907484
0.909576
0.911658
0.913689
0.915721
0.917782
0.919867
0.921943
0.924023
0.926120
0.928190
0.930246
0.932307
0.934329
0.936357
0.938410
0.940468
0.942532
0.944630
0.946658
0.948731
0.950786
0.952836
0.954819
0.956868
0.958861
0.960883
0.962920
0.964955
0.967025
0.969089
0.971112
0.973131
0.975153
0.977161
0.979147
0.981181
0.983153
0.985175
0.987198
0.989187
0.991200
0.993214
0.995176
0.997150
0.999134
1.001126
1.003098
1.005084
1.007070
1.009051
1.011025
1.013009
1.014986
1.016963
1.018932
1.020891
1.022875
1.024822
1.026745
1.028693
1.030619
1.032558
1.034538
1.036462
1.038409
1.040395
1.042346
1.044266
1.046187
1.048077
1.050031
1.051927
1.053806
1.055747
1.057695
1.059633
1.061596
1.063471
1.065380
1.067288
1.069203
1.071069
1.072969
1.074868
1.076792
1.078730
1.080594
1.082475
1.084381
1.086247
1.088123
1.090007
1.091844
1.093719
1.095598
1.097461
1.099331
1.101206
1.103082
1.104949
1.106815
1.108670
1.110512
1.112349
1.114194
1.116037
1.117895
1.119746
1.121574
1.123398
1.125250
1.127056
1.128911
1.130694
1.132524
1.134361
1.136158
1.137992
1.139799
1.141593
1.143454
1.145245
1.147019
1.148817
1.150623
1.152424
1.154207
1.156031
1.157817
1.159621
1.161430
1.163162
1.164963
1.166742
1.168519
1.170278
1.172075
1.173849
1.175632
1.177366
1.179155
1.180896
1.182663
1.184413
1.186145
1.187942
1.189668
1.191403
1.193161
1.194881
1.196631
1.198369
1.200100
1.201814
1.203591
1.205295
1.206994
1.208744
1.210428
1.212189
1.213879
1.215569
1.217298
1.219005
1.220704
1.222412
1.224117
1.225818
1.227496
1.229195
1.230882
1.232575
1.234243
1.235897
1.237593
1.239322
1.240970
1.242617
1.244304
1.246012
1.247693
1.249361
1.251012
1.252678
1.254323
1.255953
1.257577
1.259233
1.260887
1.262535
1.264162
1.265792
1.267413
1.269073
1.270684
1.272335
1.273962
1.275622
1.277231
1.278846
1.280452
1.282081
1.283714
1.285305
1.286905
1.288493
1.290108
1.291699
1.293299
1.294886
1.296519
1.298119
1.299677
1.301229
1.302826
1.304414
1.306002
1.307554
1.309133
1.310727
1.312309
1.313852
1.315406
1.316985
1.318546
1.320110
1.321653
1.323199
1.324754
1.326309
1.327849
1.329398
1.330941
1.332442
1.333979
1.335486
1.337014
1.338563
1.340091
1.341637
1.343135
1.344651
1.346137
1.347635
1.349154
1.350670
1.352174
1.353681
1.355170
1.356662
1.358136
1.359622
1.361099
1.362615
1.364089
1.365564
1.367025
1.368467
1.369929
1.371412
1.372880
1.374339
1.375789
1.377218
1.378677
1.380139
1.381589
1.383063
1.384540
1.385964
1.387417
1.388825
1.390233
1.391656
1.393109
1.394520
1.395952
1.397367
1.398781
1.400201
1.401615
1.403008
1.404395
1.405783
1.407206
1.408581
1.409986
1.411349
1.412745
1.414118
1.415457
1.416844
1.418219
1.419585
1.420940
1.422285
1.423636
1.424990
1.426365
1.427723
1.429083
1.430455
1.431803
1.433133
1.434485
1.435818
1.437142
1.438481
1.439797
1.441130
1.442445
1.443755
1.445058
1.446352
1.447649
1.448965
1.450271
1.451571
1.452878
1.454193
1.455490
1.456772
1.458043
1.459310
1.460589
1.461854
1.463118
1.464379
1.465671
1.466920
1.468226
1.469470
1.470743
1.471989
1.473281
1.474512
1.475773
1.477053
1.478296
1.479545
1.480777
1.482005
1.483255
1.484444
1.485675
1.486919
1.488138
1.489385
1.490595
1.491802
1.493022
1.494232
1.495451
1.496662
1.497863
1.499062
1.500275
1.501486
1.502669
1.503852
1.505072
1.506267
1.507442
1.508601
1.509824
1.511001
1.512167
1.513323
1.514479
1.515675
1.516810
1.517946
1.519105
1.520271
1.521418
1.522563
1.523725
1.524903
1.526062
1.527177
1.528318
1.529487
1.530625
1.531722
1.532806
1.533966
1.535074
1.536168
1.537277
1.538355
1.539497
1.540611
1.541699
1.542792
1.543937
1.545069
1.546181
1.547256
1.548377
1.549503
1.550606
1.551643
1.552685
1.553770
1.554839
1.555882
1.556928
1.557985
1.559040
1.560106
1.561167
1.562231
1.563282
1.564319
1.565385
1.566464
1.567513
1.568546
1.569586
1.570629
1.571659
1.572672
1.573688
1.574718
1.575761
1.576767
1.577771
1.578781
1.579790
1.580806
1.581786
1.582787
1.583757
1.584767
1.585771
1.586753
1.587718
1.588731
1.589746
1.590732
1.591727
1.592748
1.593749
1.594711
1.595703
1.596676
1.597638
1.598567
1.599499
1.600451
1.601419
1.602363
1.603274
1.604220
1.605173
1.606093
1.607001
1.607920
1.608867
1.609802
1.610704
1.611645
1.612618
1.613553
1.614497
1.615432
1.616372
1.617310
1.618230
1.619105
1.620018
1.620929
1.621780
1.622637
1.623533
1.624423
1.625280
1.626133
1.627020
1.627922
1.628788
1.629621
1.630484
1.631365
1.632210
1.633054
1.633911
1.634801
1.635670
1.636563
1.637441
1.638348
1.639223
1.640071
1.640919
1.641800
1.642597
1.643397
1.644200
1.645042
1.645854
1.646650
1.647444
1.648262
1.649089
1.649877
1.650665
1.651474
1.652280
1.653053
1.653811
1.654584
1.655402
1.656184
1.656963
1.657760
1.658590
1.659402
1.660193
1.660978
1.661775
1.662596
1.663365
1.664111
1.664896
1.665654
1.666397
1.667108
1.667842
1.668606
1.669361
1.670077
1.670775
1.671518
1.672282
1.673010
1.673708
1.674427
1.675170
1.675901
1.676587
1.677282
1.678013
1.678696
1.679373
1.680074
1.680794
1.681507
1.682214
1.682936
1.683682
1.684425
1.685132
1.685821
1.686519
1.687229
1.687873
1.688502
1.689131
1.689788
1.690423
1.691049
1.691654
1.692319
1.693002
1.693659
1.694276
1.694908
1.695561
1.696214
1.696825
1.697410
1.698021
1.698638
1.699219
1.699792
1.700382
1.700984
1.701586
1.702170
1.702770
1.703402
1.704013
1.704609
1.705235
1.705873
1.706488
1.707078
1.707695
1.708312
1.708902
1.709457
1.709981
1.710547
1.711120
1.711647
1.712159
1.712720
1.713313
1.713846
1.714358
1.714898
1.715461
1.715988
1.716468
1.716959
1.717474
1.717960
1.718424
1.718912
1.719428
1.719946
1.720428
1.720908
1.721420
1.721941
1.722418
1.722897
1.723397
1.723889
1.724353
1.724806
1.725264
1.725737
1.726211
1.726678
1.727154
1.727661
1.728161
1.728652
1.729159
1.729668
1.730169
1.730642
1.731106
1.731571
1.732017
1.732458
1.732889
1.733314
1.733722
1.734138
1.734543
1.734914
1.735289
1.735684
1.736077
1.736433
1.736793
1.737167
1.737557
1.737910
1.738234
1.738590
1.738956
1.739298
1.739615
1.739957
1.740313
1.740649
1.740972
1.741296
1.741637
1.741973
1.742276
1.742605
1.742947
1.743276
1.743585
1.743884
1.744184
1.744493
1.744759
1.745032
1.745332
1.745634
1.745901
1.746150
1.746428
1.746725
1.747000
1.747258
1.747507
1.747785
1.748070
1.748331
1.748582
1.748864
1.749158
1.749436
1.749718
1.750026
1.750335
1.750638
1.750931
1.751252
1.751572
1.751863
1.752163
1.752477
1.752801
1.753124
1.753406
1.753688
1.753996
1.754305
1.754589
1.754871
1.755162
1.755434
1.755683
1.755920
1.756150
1.756387
1.756603
1.756797
1.756971
1.757154
1.757340
1.757499
1.757642
1.757780
1.757906
1.758023
1.758128
1.758221
1.758310
1.758391
1.758469
1.758544
1.758610
1.758676
1.758712
1.758751
1.758799
1.758838
1.758850
1.758856
1.758862
1.758865
1.758868
1.758868
1.758868
1.758868
1.758868
1.758868
1.758868
1.758868
1.758868
1.758868
1.758868
1.758868
1.758841
1.758769
1.758697
1.758625
1.758535
1.758436
1.758346
1.758245
1.758137
1.758023
1.757900
1.757783
1.757666
1.757535
1.757382
1.757229
1.757076
1.756920
1.756750
1.756576
1.756384
1.756198
1.756016
1.755821
1.755623
1.755422
1.755231
1.755039
1.754841
1.754649
1.754443
1.754233
1.754038
1.753855
1.753661
1.753478
1.753307
1.753139
1.752963
1.752789
1.752612
1.752453
1.752294
1.752142
1.752001
1.751872
1.751749
1.751623
1.751512
1.751426
1.751321
1.751219
1.751141
1.751087
1.751018
1.750943
1.750904
1.750895
1.750886
1.750862
1.750856
1.750856
1.750856
1.750856
1.750856
1.750856
1.750856
1.750856
1.750856
1.750856
1.750877
1.750937
1.751015
1.751114
1.751210
1.751300
1.751402
1.751515
1.751620
1.751716
1.751815
1.751920
1.752028
1.752130
1.752223
1.752318
1.752420
1.752516
1.752609
1.752702
1.752792
1.752882
1.752975
1.753076
1.753169
1.753241
1.753331
1.753430
1.753520
1.753610
1.753682
1.753757
1.753831
1.753903
1.753957
1.754017
1.754080
1.754134
1.754194
1.754242
1.754293
1.754332
1.754374
1.754410
1.754434
1.754464
1.754497
1.754511
1.754524
1.754529
1.754529
1.754529
1.754529
1.754529
1.754529
1.754529
1.754529
1.754529
1.754529
1.754529
1.754529
1.754529
1.754529
1.754529
1.754529
1.754529
1.754529
1.754529
1.754529
1.754503
1.754464
1.754425
1.754392
1.754359
1.754326
1.754296
1.754275
1.754251
1.754227
1.754203
1.754176
1.754140
1.754122
1.754110
1.754092
1.754074
1.754071
1.754062
1.754053
1.754047
1.754035
1.754032
1.754032
1.754032
1.754032
1.754032
1.754032
1.754032
1.754032
1.754032
1.754032
1.754032
1.754032
1.754032
1.754032
1.754032
1.754032
1.754032
1.754032
1.754032
1.754032
1.754032
1.754032
1.754032
1.754032
1.754032
1.754032
1.754032
1.754032
1.754032
1.754032
1.754032
1.754032
1.754032
1.754032
1.754032
1.754032
1.754032
1.754032
1.754032
1.754032
1.754032
1.754032
1.754032
1.754032
1.754032
1.754032
1.754032
1.754032
1.754032
1.754032
1.754032
1.754032
1.754032
1.754032
1.754032
1.754032
1.754032
1.754032
1.754032
1.754032
1.754032
1.754032
1.754032
1.754032
1.754032
1.754032
1.754032
1.754032
1.754032
1.754032
1.754032
1.754032
1.754032
1.754032
1.754032
1.754032
1.754032
1.754032
1.754032
1.754032
1.754032
1.754032
1.754032
1.754032
1.754032
1.754032
1.754032
1.754032
1.754032
1.754032
1.754032
1.754032
1.754032
1.754032
1.754032
1.754032
1.754032
1.754032
1.754032
1.754032