0.324386
0.324386
0.324386
0.324389
0.324626
0.325042
0.325653
0.326381
0.327250
0.328230
0.329377
0.330711
0.332263
0.333994
0.335951
0.338117
0.340400
0.342890
0.345601
0.348462
0.351572
0.354871
0.358346
0.362013
0.365827
0.369908
0.374121
0.378519
0.383097
0.387917
0.392879
0.398086
0.403476
0.408974
0.414729
0.420715
0.426821
0.433155
0.439653
0.446343
0.453258
0.460410
0.467618
0.475094
0.482850
0.490679
0.498712
0.507083
0.515561
0.524139
0.532959
0.541963
0.551211
0.560580
0.570165
0.580069
0.590097
0.600152
0.610599
0.621298
0.631835
0.642816
0.653982
0.665322
0.676854
0.688623
0.700514
0.712522
0.724797
0.737279
0.749877
0.762637
0.775823
0.788972
0.802455
0.815973
0.829776
0.843893
0.858061
0.872571
0.887312
0.901969
0.917015
0.932304
0.947901
0.963409
0.979285
0.995482
1.011576
1.028250
1.045138
1.061775
1.079188
1.096359
1.113889
1.131709
1.149755
1.167833
1.186330
1.204705
1.223832
1.242803
1.261732
1.281198
1.300543
1.320089
1.339809
1.359532
1.379058
1.398742
1.418384
1.438146
1.457989
1.477715
1.497345
1.517161
1.537235
1.556835
1.576947
1.596814
1.616600
1.636212
1.656262
1.676257
1.696064
1.716036
1.736032
1.755815
1.775798
1.795653
1.815763
1.835711
1.855799
1.875666
1.895865
1.915852
1.935863
1.955987
1.975803
1.996051
2.016271
2.035823
2.055915
2.075862
2.095798
2.115623
2.135661
2.155165
2.174921
2.194716
2.214424
2.234252
2.254026
2.273605
2.293250
2.313024
2.332607
2.352126
2.371780
2.391278
2.410807
2.430527
2.449857
2.469347
2.489025
2.508400
2.527865
2.547325
2.566781
2.586627
2.606126
2.625447
2.644960
2.664677
2.683942
2.703443
2.723038
2.742389
2.761875
2.781652
2.800465
2.820296
2.839458
2.858732
2.878060
2.897423
2.916583
2.935844
2.955127
2.974230
2.993408
3.012708
3.031781
3.050758
3.069840
3.088832
3.108010
3.126789
3.145871
3.164677
3.183792
3.202550
3.221572
3.240672
3.259508
3.278300
3.297468
3.316152
3.335138
3.354118
3.372957
3.391880
3.411022
3.429828
3.448919
3.468115
3.486834
3.505661
3.524674
3.543478
3.562422
3.581345
3.600028
3.618870
3.637805
3.656678
3.675292
3.694494
3.713003
3.732028
3.750733
3.769398
3.787941
3.806702
3.825374
3.844018
3.862650
3.881280
3.900029
3.918407
3.936881
3.955576
3.974260
3.992739
4.011153
4.030118
4.048394
4.067018
4.086096
4.104429
4.123056
4.141829
4.160234
4.179046
4.197804
4.216647
4.235087
4.254265
4.272730
4.291365
4.310369
4.329026
4.347805
4.366656
4.385106
4.404173
4.422934
4.441707
4.460591
4.479197
4.497880
4.516462
4.535427
4.554029
4.572884
4.591753
4.610190
4.629138
4.647689
4.666360
4.685014
4.703748
4.722294
4.741049
4.759640
4.778410
4.797189
4.815792
4.834619
4.853464
4.872043
4.891053
4.909982
4.928734
4.947672
4.966670
4.985441
5.004591
5.023530
5.042282
5.061196
5.080224
5.099096
5.118046
5.137071
5.155883
5.174815
5.193846
5.212677
5.231510
5.250516
5.269356
5.288354
5.307085
5.325924
5.344482
5.363717
5.382154
5.400850
5.419659
5.438115
5.456867
5.475793
5.494144
5.512783
5.531442
5.550212
5.568701
5.587246
5.605795
5.624538
5.643228
5.661644
5.680304
5.699167
5.717512
5.736174
5.754990
5.773565
5.792114
5.810803
5.829388
5.848137
5.866647
5.885351
5.903648
5.922745
5.940796
5.959611
5.978133
5.996615
6.015071
6.033596
6.052003
6.070543
6.088711
6.107314
6.125296
6.144003
6.162201
6.180762
6.198664
6.216934
6.234982
6.253284
6.271360
0.006486
0.024604
0.042730
0.060820
0.079240
0.097282
0.115504
0.133744
0.151867
0.170152
0.188374
0.206455
0.224686
0.243067
0.261091
0.279361
0.297380
0.315847
0.333848
0.352094
0.370070
0.388397
0.406667
0.424751
0.443015
0.461117
0.479240
0.497414
0.515471
0.533810
0.551595
0.569970
0.587664
0.605853
0.623899
0.641695
0.659663
0.677864
0.695693
0.713418
0.731529
0.749359
0.767278
0.785167
0.802850
0.820617
0.839031
0.856519
0.874372
0.892552
0.910489
0.928205
0.946484
0.964137
0.982197
1.000239
1.018150
1.036285
1.054174
1.072130
1.090310
1.108640
1.126310
1.144649
1.162919
1.180749
1.198899
1.216974
1.235040
1.253169
1.271254
1.289398
1.307518
1.325542
1.343623
1.361684
1.379828
1.397711
1.415586
1.433838
1.451919
1.469862
1.487988
1.505734
1.523917
1.542067
1.559882
1.577861
1.595870
1.613829
1.632012
1.650000
1.668072
1.685887
1.704061
1.722576
1.740586
1.758652
1.776721
1.794928
1.813186
1.831321
1.849573
1.867807
1.886053
1.904189
1.922521
1.940567
1.958986
1.977190
1.995167
2.013673
2.032057
2.050055
2.068040
2.086489
2.104691
2.122775
2.140964
2.159096
2.177216
2.195435
2.213300
2.231313
2.249553
2.267344
2.285359
2.303434
2.321258
2.339363
2.357369
2.374977
2.393052
2.411334
2.428951
2.446870
2.464903
2.482760
2.500838
2.518772
2.536347
2.554471
2.572489
2.590195
2.608190
2.626400
2.644319
2.662263
2.680344
2.698236
2.715979
2.734033
2.751914
2.769779
2.787752
2.805786
2.823429
2.841358
2.859115
2.876966
2.894892
2.912670
2.930326
2.948191
2.965868
2.983542
3.001476
3.018886
3.036602
3.054416
3.071895
3.089497
3.107006
3.124710
3.142147
3.159626
3.177159
3.194674
3.212279
3.229784
3.247153
3.264928
3.282300
3.299704
3.317521
3.335033
3.352371
3.369973
3.387674
3.405069
3.422656
3.440111
3.457716
3.475476
3.492979
3.510320
3.528063
3.545434
3.562907
3.580518
3.597997
3.615476
3.633012
3.650404
3.667973
3.685359
3.702814
3.720068
3.737730
3.754933
3.772227
3.789613
3.806906
3.824343
3.841346
3.858600
3.875845
3.893612
3.910336
3.927881
3.944979
3.962036
3.979443
3.996577
4.014176
4.031155
4.048451
4.065627
4.082906
4.100325
4.117588
4.135010
4.152291
4.169546
4.186995
4.204375
4.221701
4.239039
4.256713
4.273901
4.291356
4.308787
4.326176
4.343715
4.360970
4.378407
4.395951
4.413562
4.430808
4.448173
4.465670
4.482987
4.500577
4.517864
4.535256
4.552648
4.570037
4.587301
4.604717
4.622103
4.639552
4.656857
4.674118
4.691459
4.708901
4.726117
4.743482
4.760955
4.778062
4.795781
4.813071
4.830454
4.847733
4.865311
4.882655
4.900158
4.917730
4.935419
4.952562
4.970484
4.987772
5.005403
5.022909
5.040445
5.058014
5.075682
5.093134
5.110709
5.128200
5.146008
5.163311
5.181179
5.198331
5.216230
5.233409
5.251113
5.268523
5.286181
5.303436
5.320936
5.338412
5.355696
5.373328
5.390537
5.407890
5.425115
5.442576
5.459779
5.476959
5.494282
5.511527
5.528994
5.546006
5.563260
5.580385
5.597735
5.614921
5.632130
5.649609
5.666714
5.684049
5.701414
5.718363
5.735752
5.752952
5.770230
5.787437
5.804730
5.822113
5.839050
5.856736
5.873786
5.890852
5.908235
5.925292
5.942426
5.959884
5.976782
5.993937
6.011368
6.028332
6.045388
6.062529
6.079523
6.096690
6.113596
6.130611
6.147362
6.164709
6.181382
6.198331
6.215148
6.232156
6.248955
6.265832
6.282532
0.016164
0.033127
0.049920
0.066611
0.083551
0.100329
0.117062
0.134071
0.150824
0.167548
0.184548
0.201062
0.218077
0.235122
0.251741
0.268623
0.285548
0.302419
0.319254
0.336184
0.352971
0.369764
0.386587
0.403470
0.420332
0.437035
0.453846
0.470549
0.487503
0.504071
0.520801
0.537708
0.554417
0.571084
0.587844
0.604436
0.621145
0.637962
0.654387
0.671138
0.687628
0.704253
0.720821
0.737461
0.753856
0.770352
0.787409
0.803404
0.819961
0.836834
0.853193
0.869758
0.886347
0.902847
0.919451
0.936127
0.952500
0.969134
0.985960
1.002537
1.019243
1.035991
1.052610
1.069239
1.086049
1.102755
1.119297
1.136039
1.152664
1.169355
1.186133
1.202893
1.219542
1.236436
1.253008
1.269717
1.286602
1.303204
1.319877
1.336774
1.353525
1.370108
1.386713
1.403311
1.420098
1.436777
1.453300
1.469949
1.486862
1.503289
1.519893
1.536668
1.553024
1.569502
1.586370
1.602815
1.619422
1.636365
1.652873
1.669693
1.686303
1.702952
1.719736
1.736700
1.753094
1.770010
1.786671
1.803488
1.820170
1.837059
1.853804
1.870597
1.887476
1.904236
1.921056
1.938086
1.954969
1.971803
1.988707
2.005356
2.022230
2.039140
2.055804
2.072767
2.089653
2.106204
2.122936
2.139729
2.156399
2.173084
2.189955
2.206479
2.223158
2.239834
2.256399
2.273048
2.289679
2.306235
2.322809
2.339381
2.355862
2.372298
2.389220
2.405492
2.422048
2.438835
2.455151
2.471710
2.488210
2.504814
2.521265
2.537824
2.554309
2.570901
2.587526
2.604034
2.620554
2.637305
2.653685
2.670424
2.686845
2.703315
2.720003
2.736541
2.752899
2.769641
2.785961
2.802625
2.818905
2.835561
2.851844
2.868280
2.884927
2.901288
2.917595
2.934038
2.950390
2.966701
2.983179
2.999487
3.015731
3.031934
3.048242
3.064567
3.080806
3.096933
3.113190
3.129372
3.145514
3.161510
3.177812
3.193934
3.209954
3.226279
3.242227
3.258523
3.274666
3.290724
3.306891
3.323148
3.339252
3.355394
3.371780
3.387788
3.403966
3.420283
3.436321
3.452598
3.468750
3.484833
3.501077
3.517196
3.533480
3.549503
3.565577
3.581716
3.597979
3.614002
3.630034
3.646194
3.662298
3.678195
3.694359
3.710319
3.726324
3.742413
3.758448
3.774408
3.790368
3.806133
3.822099
3.838038
3.853959
3.869715
3.885765
3.901476
3.917472
3.933348
3.949081
3.964819
3.980740
3.996565
4.012399
4.028413
4.044113
4.060114
4.075940
4.091837
4.107779
4.123640
4.139489
4.155728
4.171574
4.187528
4.203470
4.219577
4.235438
4.251314
4.267370
4.283297
4.299520
4.315528
4.331363
4.347607
4.363678
4.379482
4.395652
4.411690
4.427467
4.443748
4.459800
4.475608
4.491703
4.507504
4.523461
4.539505
4.555584
4.571350
4.587142
4.603150
4.619298
4.635271
4.651141
4.666870
4.682665
4.698940
4.714642
4.730770
4.746577
4.762444
4.778192
4.794430
4.810246
4.826170
4.842253
4.858231
4.874233
4.890298
4.906294
4.922368
4.938504
4.954623
4.970553
4.986681
5.002581
5.018682
5.034852
5.051210
5.066981
5.083436
5.099318
5.115409
5.131603
5.147647
5.163724
5.179996
5.195899
5.211946
5.228010
5.243982
5.260050
5.276154
5.292135
5.308044
5.324106
5.340030
5.355900
5.372036
5.387793
5.403642
5.419653
5.435331
5.451339
5.467102
5.482930
5.498731
5.514523
5.530474
5.546090
5.561984
5.577605
5.593577
5.609345
5.625074
5.640837
5.656809
5.672403
5.688150
5.703976
5.719699
5.735578
5.751466
5.767217
5.782880
5.798822
5.814587
5.830415
5.846201
5.861919
5.877711
5.893467
5.909203
5.924947
5.940799
5.956325
5.972000
5.987915
6.003402
6.019080
6.034836
6.050383
6.065965
6.081758
6.097331
6.112763
6.128424
6.144001
6.159256
6.174860
6.190329
6.205668
6.221248
6.236627
6.252065
6.267624
6.282805
0.014950
0.030404
0.045771
0.060934
0.076747
0.091676
0.107406
0.122647
0.137983
0.153455
0.168969
0.184108
0.199564
0.214940
0.230298
0.245578
0.261052
0.276398
0.291645
0.307323
0.322654
0.338156
0.353397
0.368656
0.384175
0.399494
0.414888
0.430189
0.445520
0.460743
0.476052
0.491548
0.506678
0.521961
0.537175
0.552512
0.567843
0.583143
0.598327
0.613413
0.628929
0.643942
0.658953
0.674170
0.689455
0.704466
0.719644
0.734747
0.749583
0.764737
0.780113
0.794932
0.810355
0.825138
0.840277
0.855368
0.870564
0.885571
0.900803
0.915918
0.931105
0.946226
0.961369
0.976277
0.991755
1.006693
1.021925
1.037157
1.052341
1.067552
1.082658
1.097845
1.113173
1.128366
1.143673
1.158893
1.174181
1.189249
1.204738
1.219742
1.235214
1.250149
1.265765
1.280826
1.295944
1.311269
1.326408
1.341595
1.356671
1.371780
1.387111
1.402454
1.417581
1.432669
1.447880
1.462896
1.478230
1.493507
1.508475
1.523722
1.539182
1.554000
1.569113
1.584135
1.599505
1.614338
1.629657
1.644817
1.660043
1.675365
1.690636
1.705493
1.721168
1.736134
1.751369
1.766753
1.781913
1.797058
1.812665
1.827735
1.843087
1.858496
1.873686
1.888992
1.904470
1.919786
1.934877
1.950259
1.965605
1.980977
1.996386
2.011591
2.026889
2.042316
2.057649
2.072821
2.088206
2.103387
2.118808
2.133872
2.149152
2.164342
2.179769
2.194758
2.209882
2.225042
2.240241
2.255392
2.270801
2.285473
2.300570
2.315990
2.330878
2.345966
2.360979
2.376007
2.391119
2.405995
2.421116
2.436273
2.451103
2.466141
2.481265
2.496467
2.511414
2.526568
2.541584
2.556658
2.571653
2.586648
2.601676
2.616923
2.631808
2.646956
2.662086
2.676821
2.692223
2.707186
2.722115
2.737065
2.752333
2.767229
2.782228
2.797226
2.812203
2.827118
2.842146
2.857087
2.872041
2.886994
2.901941
2.916790
2.931755
2.946522
2.961380
2.976396
2.991032
3.005838
3.020684
3.035457
3.050069
3.065142
3.079679
3.094432
3.109250
3.123799
3.138642
3.153106
3.167952
3.182399
3.197298
3.211763
3.226312
3.241253
3.255835
3.270507
3.285149
3.299739
3.314441
3.329242
3.343874
3.358441
3.373281
3.387782
3.402366
3.417454
3.431692
3.446474
3.461236
3.475950
3.490444
3.505215
3.519785
3.534531
3.549146
3.563719
3.578373
3.593134
3.607608
3.622298
3.636703
3.651554
3.665825
3.680712
3.694988
3.709657
3.724113
3.738551
3.753133
3.767547
3.781985
3.796441
3.810941
3.825185
3.839716
3.854247
3.868511
3.883033
3.897330
3.911672
3.926089
3.940398
3.954674
3.969154
3.983628
3.997842
4.012115
4.026589
4.040883
4.055240
4.069684
4.083906
4.098536
4.112926
4.127349
4.141811
4.156189
4.170573
4.185161
4.199566
4.213815
4.228526
4.242844
4.257477
4.271708
4.286523
4.300764
4.315154
4.329904
4.344285
4.358881
4.373388
4.387769
4.402357
4.416807
4.431380
4.445530
4.460193
4.474571
4.489051
4.503639
4.517987
4.532536
4.546971
4.561307
4.575688
4.590351
4.604609
4.618978
4.633443
4.647734
4.662322
4.676565
4.690919
4.705165
4.719852
4.733945
4.748575
4.762783
4.777268
4.791605
4.806076
4.820505
4.834862
4.849408
4.863989
4.878248
4.892931
4.907097
4.921912
4.936323
4.950791
4.965307
4.979772
4.994231
5.008837
5.023388
5.037782
5.052412
5.067047
5.081306
5.096076
5.110514
5.125063
5.139701
5.154125
5.168560
5.183078
5.197660
5.212068
5.226491
5.241148
5.255391
5.270021
5.284369
5.298666
5.313323
5.327536
5.341983
5.356215
5.370646
5.384985
5.399364
5.413607
5.427904
5.442276
5.456385
5.470565
5.484892
5.499124
5.513313
5.527316
5.541814
5.555929
5.570202
5.584382
5.598422
5.612782
5.626947
5.641079
5.655185
5.669578
5.683800
5.697975
5.712179
5.726320
5.740731
5.754849
5.769047
5.783158
5.797710
5.811579
5.825727
5.840006
5.854105
5.868291
5.882448
5.896541
5.910862
5.924887
5.938867
5.953376
5.967149
5.981312
5.995441
6.009412
6.023526
6.037781
6.051686
6.065797
6.079744
6.093745
6.107631
6.121629
6.135618
6.149483
6.163499
6.177359
6.191225
6.205093
6.218992
6.232905
6.246627
6.260481
6.274221
0.004875
0.018770
0.032513
0.046253
0.060212
0.073952
0.087811
0.101488
0.115219
0.129016
0.142924
0.156568
0.170320
0.184308
0.198027
0.211818
0.225756
0.239556
0.253350
0.267128
0.280832
0.294797
0.308636
0.322334
0.336095
0.349957
0.363784
0.377548
0.391417
0.405133
0.418867
0.432729
0.446418
0.460185
0.473949
0.487734
0.501489
0.515109
0.528783
0.542517
0.556230
0.569787
0.583323
0.597237
0.610812
0.624531
0.638127
0.651666
0.665106
0.678876
0.692356
0.706045
0.719680
0.733036
0.746710
0.760081
0.773720
0.787160
0.800852
0.814100
0.827735
0.841311
0.854793
0.868449
0.882003
0.895557
0.909006
0.922501
0.936103
0.949798
0.963190
0.976915
0.990346
1.004005
1.017524
1.031153
1.044686
1.058438
1.072094
1.085645
1.099313
1.113017
1.126496
1.140224
1.153964
1.167398
1.181267
1.195088
1.208336
1.222241
1.235765
1.249451
1.262979
1.276575
1.290285
1.303911
1.317564
1.331352
1.344792
1.358427
1.372140
1.385586
1.399314
1.412955
1.426377
1.439962
1.453411
1.467178
1.480741
1.494160
1.507699
1.521310
1.534784
1.548329
1.561931
1.575488
1.588916
1.602548
1.616058
1.629612
1.643181
1.656741
1.670313
1.684041
1.697551
1.711084
1.724845
1.738198
1.751923
1.765693
1.779310
1.792882
1.806790
1.820416
1.833877
1.847560
1.861189
1.874965
1.888609
1.902217
1.915921
1.929709
1.943422
1.957021
1.970779
1.984444
1.998166
2.011798
2.025460
2.039104
2.052784
2.066353
2.079982
2.093686
2.107255
2.120863
2.134492
2.148029
2.161652
2.175391
2.188664
2.202338
2.215958
2.229336
2.243057
2.256537
2.269965
2.283486
2.297073
2.310235
2.323654
2.337370
2.350508
2.364020
2.377751
2.390916
2.404344
2.417805
2.431120
2.444551
2.457958
2.471414
2.484833
2.498348
2.511663
2.525064
2.538547
2.551966
2.565310
2.578879
2.592116
2.605631
2.619102
2.632470
2.645790
2.659285
2.672668
2.686159
2.699465
2.713019
2.726369
2.739639
2.753208
2.766597
2.779984
2.793334
2.806466
2.819876
2.833523
2.846619
2.860107
2.873383
2.886643
2.899958
2.913179
2.926467
2.939775
2.953051
2.966201
2.979449
2.992626
3.005805
3.019015
3.032150
3.045341
3.058623
3.071548
3.084682
3.097724
3.110976
3.123970
3.137135
3.150101
3.163137
3.176272
3.189383
3.202344
3.215391
3.228520
3.241451
3.254559
3.267544
3.280646
3.293834
3.306726
3.319825
3.333056
3.345933
3.358927
3.371989
3.385268
3.398229
3.411283
3.424268
3.437300
3.450600
3.463459
3.476639
3.489606
3.502531
3.515554
3.528776
3.541617
3.554701
3.567743
3.580635
3.593587
3.606676
3.619673
3.632562
3.645634
3.658505
3.671355
3.684226
3.697187
3.710073
3.723001
3.735795
3.748899
3.761630
3.774390
3.787216
3.800216
3.812892
3.825652
3.838568
3.851295
3.864089
3.876783
3.889465
3.902225
3.915129
3.927680
3.940461
3.953140
3.966086
3.978628
3.991412
4.004100
4.016807
4.029579
4.042255
4.055102
4.067835
4.080590
4.093428
4.106179
4.118864
4.131663
4.144427
4.157250
4.169965
4.182857
4.195539
4.208437
4.221251
4.234000
4.246700
4.259703
4.272433
4.285268
4.298199
4.310959
4.323729
4.336501
4.349363
4.362261
4.374937
4.387739
4.400655
4.413460
4.426254
4.438948
4.451795
4.464537
4.477390
4.490222
4.502905
4.515629
4.528554
4.541006
4.554065
4.566670
4.579268
4.592208
4.604869
4.617513
4.630255
4.643042
4.655563
4.668365
4.681095
4.693759
4.706412
4.719151
4.731890
4.744480
4.757240
4.769853
4.782589
4.795353
4.808038
4.820813
4.833454
4.846157
4.859133
4.871845
4.884506
4.897398
4.910135
4.922817
4.935616
4.948583
4.961277
4.973966
4.986735
4.999675
5.012252
5.025297
5.037982
5.050811
5.063650
5.076383
5.089215
5.102065
5.114801
5.127573
5.140558
5.153160
5.165986
5.178731
5.191605
5.204332
5.216994
5.229808
5.242604
5.255164
5.268011
5.280621
5.293354
5.305938
5.318641
5.331222
5.344069
5.356688
5.369161
5.381771
5.394411
5.406815
5.419384
5.432140
5.444469
5.457130
5.469720
5.481926
5.494506
5.507054
5.519491
5.532143
5.544549
5.556965
5.569351
5.581860
5.594293
5.606868
5.619298
5.631771
5.644210
5.656791
5.669135
5.681670
5.694214
5.706513
5.719004
5.731606
5.743970
5.756353
5.768861
5.781379
5.793606
5.806177
5.818500
5.831108
5.843520
5.855759
5.868357
5.880734
5.893123
5.905598
5.917921
5.930367
5.942750
5.955132
5.967440
5.979700
5.992190
6.004462
6.016680
6.029117
6.041349
6.053630
6.065917
6.078072
6.090434
6.102730
6.114867
6.127141
6.139342
6.151467
6.163679
6.175855
6.187973
6.200159
6.212194
6.224409
6.236462
6.248584
6.260628
6.272702
0.001594
0.013641
0.025691
0.037729
0.049863
0.061899
0.073913
0.085906
0.098061
0.110147
0.122134
0.134103
0.146238
0.158357
0.170188
0.182511
0.194432
0.206482
0.218514
0.230729
0.242564
0.254952
0.266736
0.278858
0.290953
0.302817
0.314954
0.327047
0.339139
0.351078
0.363179
0.375226
0.387207
0.399308
0.411350
0.423181
0.435324
0.447194
0.459307
0.471399
0.483369
0.495239
0.507313
0.519142
0.531009
0.542999
0.555190
0.566782
0.579027
0.590741
0.602516
0.614674
0.626382
0.638244
0.650099
0.662006
0.673828
0.685707
0.697506
0.709238
0.721271
0.732997
0.744712
0.756540
0.768303
0.780182
0.791981
0.803704
0.815455
0.827385
0.838908
0.850748
0.862607
0.874339
0.886182
0.898044
0.909767
0.921662
0.933442
0.945127
0.956946
0.968817
0.980678
0.992429
1.004404
1.016193
1.028118
1.039826
1.051619
1.063606
1.075404
1.087191
1.099154
1.111079
1.122793
1.134636
1.146633
1.158359
1.170215
1.182157
1.193964
1.205973
1.217807
1.229531
1.241293
1.253178
1.265273
1.276928
1.288805
1.300600
1.312458
1.324380
1.336148
1.347923
1.359826
1.371639
1.383408
1.395281
1.407026
1.418893
1.430731
1.442310
1.454340
1.466150
1.477814
1.489591
1.501450
1.513056
1.524819
1.536596
1.548203
1.560017
1.571851
1.583604
1.595259
1.607064
1.618793
1.630568
1.642372
1.654096
1.665819
1.677797
1.689479
1.701340
1.713196
1.724934
1.736805
1.748567
1.760339
1.772335
1.784038
1.795827
1.807584
1.819727
1.831267
1.843108
1.855176
1.866915
1.878653
1.890673
1.902439
1.914435
1.926257
1.937972
1.949917
1.961902
1.973610
1.985459
1.997285
2.009170
2.021095
2.032950
2.044707
2.056589
2.068459
2.080189
2.091915
2.103759
2.115488
2.127308
2.139022
2.150914
2.162482
2.174382
2.186114
2.197898
2.209669
2.221207
2.232925
2.244771
2.256300
2.268027
2.279669
2.291420
2.302910
2.314609
2.326183
2.337778
2.349525
2.361063
2.372811
2.384235
2.395991
2.407307
2.419130
2.430548
2.442080
2.453884
2.465431
2.477010
2.488650
2.500218
2.511804
2.523431
2.534924
2.546690
2.558243
2.569708
2.581396
2.592856
2.604696
2.615986
2.627655
2.639379
2.650877
2.662568
2.674046
2.685674
2.697308
2.708884
2.720419
2.731972
2.743495
2.755062
2.766552
2.778240
2.789625
2.801277
2.812767
2.824247
2.835827
2.847275
2.858882
2.870252
2.881838
2.893301
2.904680
2.916133
2.927719
2.939068
2.950531
2.961883
2.973163
2.984680
2.996098
3.007402
3.018775
3.030226
3.041452
3.052760
3.064106
3.075458
3.086687
3.098030
3.109256
3.120587
3.131939
3.142950
3.154389
3.165615
3.176796
3.187918
3.199360
3.210571
3.221809
3.233005
3.244327
3.255443
3.266699
3.278060
3.289223
3.300509
3.311679
3.322884
3.334266
3.345462
3.356578
3.367840
3.379012
3.390184
3.401731
3.412808
3.424049
3.435257
3.446429
3.457629
3.468882
3.480153
3.491418
3.502533
3.513808
3.524860
3.536281
3.547271
3.558473
3.569744
3.580662
3.591897
3.603108
3.614206
3.625417
3.636559
3.647683
3.658583
3.669917
3.680769
3.692010
3.703051
3.714046
3.725108
3.736217
3.747263
3.758109
3.769335
3.780232
3.791234
3.802289
3.813242
3.824283
3.835159
3.846121
3.857045
3.867965
3.878856
3.889816
3.900817
3.911567
3.922365
3.933420
3.944368
3.955160
3.966161
3.976863
3.987823
3.998683
4.009625
4.020597
4.031610
4.042228
4.053203
4.064246
4.075101
4.085995
4.096996
4.107833
4.118772
4.129740
4.140606
4.151479
4.162499
4.173368
4.184325
4.195207
4.206110
4.217123
4.228079
4.238928
4.249942
4.260901
4.271879
4.282805
4.293792
4.304575
4.315468
4.326572
4.337444
4.348350
4.359328
4.370180
4.381190
4.392152
4.402980
4.413994
4.424891
4.435817
4.446780
4.457688
4.468480
4.479359
4.490339
4.501158
4.512073
4.522985
4.533839
4.544772
4.555563
4.566379
4.577210
4.587996
4.598800
4.609633
4.620506
4.631244
4.641982
4.652848
4.663811
4.674402
4.685349
4.696090
4.706855
4.717644
4.728367
4.739171
4.750025
4.760625
4.771411
4.782443
4.793013
4.803901
4.814854
4.825427
4.836372
4.847262
4.857970
4.868687
4.879557
4.890466
4.901149
4.912133
4.922913
4.933783
4.944568
4.955483
4.966272
4.977087
4.987987
4.998812
5.009622
5.020408
5.031322
5.042120
5.052957
5.063722
5.074678
5.085488
5.096235
5.107090
5.117860
5.128664
5.139606
5.150301
5.161261
5.171942
5.182797
5.193535
5.204293
5.215085
5.225757
5.236555
5.247278
5.258121
5.268805
5.279408
5.290133
5.300955
5.311654
5.322281
5.332938
5.343526
5.354144
5.364891
5.375398
5.386061
5.396652
5.407238
5.417771
5.428395
5.438783
5.449416
5.459992
5.470520
5.481084
5.491549
5.502036
5.512713
5.523095
5.533533
5.544067
5.554637
5.565037
5.575559
5.586042
5.596495
5.606922
5.617509
5.627891
5.638278
5.648737
5.659161
5.669638
5.680232
5.690742
5.701252
5.711697
5.722054
5.732609
5.743047
5.753339
5.763876
5.774401
5.784752
5.795238
5.805653
5.816049
5.826571
5.836920
5.847409
5.857700
5.868186
5.878535
5.888913
5.899259
5.909613
5.920060
5.930370
5.940784
5.951216
5.961595
5.971823
5.982204
5.992568
6.002961
6.013226
6.023496
6.033779
6.044067
6.054407
6.064593
6.074891
6.085257
6.095342
6.105558
6.115852
6.126084
6.136184
6.146436
6.156548
6.166759
6.176936
6.187039
6.197219
6.207415
6.217491
6.227600
6.237771
6.247847
6.257928
6.267983
6.278128
0.005000
0.015052
0.025074
0.035189
0.045309
0.055307
0.065395
0.075447
0.085442
0.095616
0.105563
0.115621
0.125909
0.135820
0.145839
0.155951
0.165964
0.175991
0.186067
0.196077
0.206144
0.216225
0.226196
0.236308
0.246414
0.256391
0.266469
0.276497
0.286393
0.296696
0.306536
0.316695
0.326543
0.336661
0.346644
0.356704
0.366807
0.376715
0.386809
0.396786
0.406733
0.416742
0.426800
0.436750
0.446703
0.456794
0.466678
0.476664
0.486646
0.496656
0.506504
0.516535
0.526362
0.536336
0.546379
0.556140
0.566078
0.575905
0.585852
0.595841
0.605710
0.615435
0.625325
0.635236
0.645027
0.655061
0.664675
0.674589
0.684257
0.694183
0.703932
0.713843
0.723485
0.733426
0.743184
0.752987
0.762778
0.772452
0.782237
0.791933
0.801784
0.811518
0.821282
0.831031
0.840801
0.850652
0.860288
0.870061
0.879963
0.889544
0.899527
0.909165
0.918932
0.928634
0.938473
0.948261
0.958091
0.967804
0.977511
0.987431
0.997096
1.006897
1.016670
1.026482
1.036309
1.046112
1.055819
1.065643
1.075533
1.085303
1.095035
1.104892
1.114641
1.124438
1.134349
1.144119
1.153988
1.163701
1.173498
1.183236
1.193140
1.202836
1.212648
1.222466
1.232221
1.241988
1.251896
1.261495
1.271511
1.281180
1.290917
1.300729
1.310481
1.320218
1.329970
1.339782
1.349493
1.359215
1.369033
1.378854
1.388411
1.398221
1.407910
1.417641
1.427414
1.437049
1.446784
1.456554
1.466240
1.475842
1.485564
1.495371
1.505096
1.514764
1.524315
1.534113
1.543856
1.553392
1.563090
1.572873
1.582574
1.592194
1.601722
1.611504
1.621145
1.630912
1.640494
1.650162
1.659917
1.669519
1.679131
1.688943
1.698605
1.708249
1.717981
1.727796
1.737500
1.747135
1.756878
1.766616
1.776380
1.786075
1.795800
1.805585
1.815251
1.825072
1.834785
1.844459
1.854256
1.863943
1.873728
1.883447
1.893199
1.902852
1.912631
1.922279
1.932034
1.941756
1.951499
1.961197
1.970890
1.980687
1.990412
2.000131
2.009895
2.019543
2.029247
2.038993
2.048544
2.058423
2.068061
2.077702
2.087304
2.097087
2.106719
2.116381
2.126029
2.135682
2.145299
2.154964
2.164555
2.174151
2.183903
2.193263
2.202931
2.212569
2.222163
2.231714
2.241224
2.250853
2.260327
2.269953
2.279349
2.288921
2.298505
2.307943
2.317402
2.326890
2.336415
2.345873
2.355437
2.364781
2.374339
2.383917
2.393130
2.402801
2.412167
2.421509
2.431033
2.440605
2.449860
2.459496
2.468903
2.478374
2.487751
2.497267
2.506755
2.516115
2.525496
2.535056
2.544502
2.554003
2.563426
2.572809
2.582313
2.591687
2.601017
2.610554
2.619970
2.629480
2.638875
2.648259
2.657664
2.667224
2.676614
2.685956
2.695498
2.704777
2.714187
2.723718
2.733065
2.742389
2.751833
2.761189
2.770582
2.780115
2.789349
2.798787
2.808188
2.817512
2.826881
2.836298
2.845480
2.854927
2.864197
2.873479
2.882943
2.892147
2.901498
2.910726
2.920124
2.929280
2.938745
2.947963
2.957176
2.966419
2.975683
2.984896
2.994148
3.003408
3.012570
3.021672
3.031062
3.040158
3.049317
3.058590
3.067605
3.076863
3.085941
3.095223
3.104286
3.113385
3.122514
3.131712
3.140898
3.149919
3.159072
3.168147
3.177147
3.186435
3.195480
3.204534
3.213672
3.222729
3.231807
3.240966
3.250026
3.259155
3.268197
3.277266
3.286377
3.295491
3.304611
3.313536
3.322755
3.331824
3.340875
3.349977
3.359020
3.368050
3.377164
3.386260
3.395251
3.404347
3.413431
3.422479
3.431473
3.440581
3.449602
3.458770
3.467690
3.476830
3.485878
3.494849
3.503777
3.513011
3.521933
3.530960
3.539918
3.548993
3.558044
3.566958
3.576030
3.584808
3.593838
3.602904
3.611800
3.620719
3.629701
3.638620
3.647614
3.656585
3.665387
3.674372
3.683336
3.692112
3.701061
3.709882
3.718765
3.727621
3.736451
3.745325
3.754145
3.763041
3.771831
3.780720
3.789349
3.798298
3.806948
3.815891
3.824568
3.833391
3.842122
3.850864
3.859705
3.868346
3.877083
3.885930
3.894627
3.903292
3.912061
3.920792
3.929435
3.938109
3.946849
3.955534
3.964280
3.972842
3.981612
3.990375
3.999112
4.007687
4.016414
4.025049
4.033689
4.042447
4.051324
4.059887
4.068671
4.077216
4.086138
4.094638
4.103291
4.111889
4.120704
4.129365
4.138048
4.146760
4.155497
4.164183
4.172898
4.181518
4.190215
4.199099
4.207670
4.216323
4.225141
4.233724
4.242482
4.251044
4.259772
4.268502
4.277209
4.285757
4.294619
4.303245
4.311927
4.320523
4.329307
4.337819
4.346547
4.355232
4.363984
4.372537
4.381205
4.389833
4.398513
4.407148
4.415747
4.424369
4.433052
4.441650
4.450339
4.458839
4.467617
4.476183
4.484782
4.493317
4.501943
4.510566
4.519164
4.527727
4.536278
4.544819
4.553379
4.562110
4.570469
4.579139
4.587651
4.596130
4.604654
4.613246
4.621710
4.630189
4.638707
4.647387
4.655664
4.664251
4.672673
4.681248
4.689718
4.698140
4.706643
4.715127
4.723564
4.731968
4.740546
4.748968
4.757480
4.766039
4.774476
4.782919
4.791467
4.799955
4.808296
4.816891
4.825259
4.833756
4.842223
4.850657
4.859124
4.867620
4.876046
4.884560
4.893183
4.901494
4.909979
4.918389
4.927014
4.935356
4.943951
4.952211
4.960759
4.969280
4.977657
4.986135
4.994641
5.003088
5.011497
5.020018
5.028383
5.036832
5.045382
5.053670
5.062251
5.070652
5.079062
5.087426
5.096025
5.104378
5.112830
5.121222
5.129578
5.138048
5.146440
5.154819
5.163188
5.171672
5.179965
5.188357
5.196845
5.205088
5.213468
5.221922
5.230197
5.238484
5.246852
5.255167
5.263427
5.271803
5.280025
5.288324
5.296626
5.304898
5.313179
5.321421
5.329625
5.337792
5.346178
5.354372
5.362587
5.370799
5.378973
5.387173
5.395445
5.403531
5.411686
5.419878
5.427925
5.436134
5.444293
5.452382
5.460543
5.468713
5.476722
5.484892
5.492996
5.501008
5.509082
5.517208
5.525201
5.533335
5.541293
5.549499
5.557498
5.565585
5.573536
5.581635
5.589667
5.597693
5.605795
5.613773
5.621716
5.629829
5.638021
5.645876
5.653942
5.661977
5.669884
5.677895
5.685913
5.693975
5.701951
5.709986
5.717952
5.725904
5.733936
5.741897
5.749995
5.758076
5.765838
5.773880
5.781888
5.789849
5.797836
5.805785
5.813703
5.821664
5.829642
5.837567
5.845584
5.853503
5.861494
5.869367
5.877297
5.885210
5.893063
5.900928
5.908981
5.916852
5.924728
5.932497
5.940583
5.948331
5.956196
5.964097
5.971937
5.979774
5.987642
5.995492
6.003356
6.011179
6.018996
6.026819
6.034650
6.042413
6.050149
6.057954
6.065690
6.073605
6.081314
6.089035
6.096810
6.104605
6.112299
6.119999
6.127684
6.135561
6.143171
6.150867
6.158549
6.166267
6.173922
6.181562
6.189304
6.196950
6.204560
6.212143
6.219891
6.227500
6.235182
6.242795
6.250423
6.257949
6.265763
6.273188
6.280893
0.005204
0.012736
0.020466
0.028016
0.035530
0.043146
0.050786
0.058375
0.065907
0.073472
0.081052
0.088566
0.096173
0.103723
0.111342
0.118869
0.126434
0.134035
0.141525
0.149180
0.156586
0.164274
0.171791
0.179260
0.186858
0.194390
0.201892
0.209466
0.217055
0.224581
0.232095
0.239634
0.247097
0.254668
0.262188
0.269699
0.277249
0.284745
0.292250
0.299806
0.307285
0.314787
0.322442
0.329893
0.337398
0.344927
0.352405
0.359910
0.367436
0.374864
0.382345
0.389862
0.397349
0.404767
0.412302
0.419771
0.427196
0.434680
0.442080
0.449558
0.457066
0.464410
0.471924
0.479456
0.486796
0.494181
0.501681
0.509054
0.516406
0.523827
0.531198
0.538586
0.546049
0.553357
0.560763
0.568157
0.575554
0.582883
0.590286
0.597620
0.604961
0.612367
0.619560
0.627042
0.634322
0.641635
0.648958
0.656301
0.663632
0.670955
0.678226
0.685489
0.692799
0.700121
0.707381
0.714655
0.721960
0.729225
0.736577
0.743771
0.751054
0.758245
0.765558
0.772797
0.780005
0.787250
0.794470
0.801712
0.808938
0.816201
0.823421
0.830675
0.837931
0.845059
0.852354
0.859625
0.866879
0.874018
0.881263
0.888525
0.895686
0.902954
0.910181
0.917443
0.924637
0.931875
0.939114
0.946313
0.953657
0.960799
0.967960
0.975294
0.982497
0.989669
0.997007
1.004212
1.011463
1.018704
1.025910
1.033208
1.040318
1.047619
1.054803
1.062018
1.069286
1.076468
1.083701
1.091050
1.098186
1.105383
1.112633
1.119821
1.127050
1.134328
1.141563
1.148727
1.155977
1.163150
1.170370
1.177639
1.184734
1.191927
1.199196
1.206350
1.213630
1.220830
1.227991
1.235190
1.242396
1.249505
1.256687
1.263949
1.271047
1.278225
1.285443
1.292606
1.299812
1.306961
1.314130
1.321357
1.328511
1.335696
1.342784
1.349984
1.357025
1.364173
1.371334
1.378482
1.385565
1.392771
1.399817
1.406918
1.414046
1.421194
1.428268
1.435354
1.442430
1.449531
1.456728
1.463747
1.470905
1.477817
1.484998
1.492003
1.499218
1.506183
1.513233
1.520235
1.527321
1.534391
1.541504
1.548458
1.555507
1.562584
1.569589
1.576681
1.583685
1.590720
1.597776
1.604828
1.611806
1.618865
1.625975
1.632926
1.639969
1.647055
1.654069
1.661106
1.668222
1.675206
1.682265
1.689308
1.696340
1.703387
1.710440
1.717456
1.724479
1.731574
1.738635
1.745559
1.752756
1.759698
1.766723
1.773824
1.780877
1.787909
1.794937
1.801951
1.809022
1.816125
1.823121
1.830138
1.837194
1.844207
1.851188
1.858280
1.865264
1.872292
1.879396
1.886455
1.893481
1.900572
1.907529
1.914582
1.921649
1.928627
1.935629
1.942715
1.949735
1.956721
1.963702
1.970692
1.977805
1.984731
1.991712
1.998756
2.005728
2.012766
2.019791
2.026748
2.033759
2.040755
2.047697
2.054671
2.061739
2.068555
2.075578
2.082562
2.089498
2.096514
2.103471
2.110263
2.117328
2.124330
2.131143
2.138061
2.145026
2.151932
2.158832
2.165783
2.172671
2.179595
2.186459
2.193305
2.200241
2.207090
2.213948
2.220881
2.227613
2.234516
2.241353
2.248276
2.255131
2.261843
2.268692
2.275598
2.282465
2.289167
2.296079
2.302868
2.309603
2.316482
2.323145
2.330186
2.336843
2.343623
2.350406
2.357156
2.363912
2.370785
2.377353
2.384259
2.390940
2.397723
2.404437
2.411301
2.417928
2.424708
2.431491
2.438274
2.444887
2.451679
2.458423
2.465125
2.471914
2.478625
2.485369
2.492078
2.498777
2.505560
2.512328
2.519030
2.525753
2.532485
2.539152
2.545863
2.552625
2.559285
2.565993
2.572767
2.579392
2.586103
2.592931
2.599552
2.606248
2.612989
2.619674
2.626331
2.633042
2.639780
2.646416
2.653122
2.659821
2.666460
2.673207
2.679862
2.686498
2.693221
2.699851
2.706505
2.713291
2.719814
2.726534
2.733155
2.739830
2.746497
2.753106
2.759763
2.766370
2.773063
2.779654
2.786197
2.792984
2.799482
2.806088
2.812782
2.819382
2.825985
2.832654
2.839192
2.845738
2.852380
2.858891
2.865515
2.872029
2.878674
2.885226
2.891740
2.898301
2.904928
2.911469
2.917940
2.924561
2.931072
2.937660
2.944123
2.950621
2.957102
2.963657
2.970203
2.976621
2.983116
2.989672
2.996104
3.002606
3.009122
3.015576
3.022020
3.028575
3.034966
3.041360
3.047864
3.054285
3.060750
3.067183
3.073576
3.080045
3.086444
3.092808
3.099211
3.105685
3.111995
3.118382
3.124854
3.131109
3.137608
3.143915
3.150383
3.156696
3.163035
3.169393
3.175763
3.182111
3.188481
3.194788
3.201235
3.207524
3.213977
3.220281
3.226633
3.232996
3.239333
3.245643
3.251988
3.258319
3.264623
3.270989
3.277347
3.283600
3.289978
3.296282
3.302640
3.308913
3.315253
3.321692
3.327896
3.334308
3.340573
3.346826
3.353267
3.359472
3.365883
3.372109
3.378521
3.384669
3.391101
3.397288
3.403583
3.409949
3.416145
3.422458
3.428753
3.434975
3.441255
3.447520
3.453743
3.460032
3.466278
3.472531
3.478772
3.485039
3.491223
3.497509
3.503663
3.509958
3.516118
3.522391
3.528548
3.534741
3.541003
3.547100
3.553377
3.559557
3.565756
3.571895
3.578151
3.584224
3.590393
3.596595
3.602761
3.608891
3.615017
3.621069
3.627313
3.633335
3.639528
3.645634
3.651767
3.657801
3.663961
3.670034
3.676104
3.682150
3.688271
3.694317
3.700327
3.706445
3.712467
3.718501
3.724532
3.730545
3.736585
3.742614
3.748624
3.754589
3.760620
3.766660
3.772559
3.778578
3.784519
3.790457
3.796447
3.802388
3.808347
3.814318
3.820232
3.826123
3.832094
3.837975
3.843886
3.849782
3.855682
3.861737
3.867570
3.873445
3.879359
3.885259
3.891089
3.896946
3.902864
3.908697
3.914560
3.920489
3.926311
3.932156
3.938010
3.943862
3.949674
3.955588
3.961406
3.967285
3.973034
3.978961
3.984764
3.990597
3.996382
4.002234
4.008070
4.013844
4.019674
4.025507
4.031304
4.037147
4.042947
4.048787
4.054635
4.060363
4.066154
4.072039
4.077770
4.083568
4.089314
4.095136
4.100852
4.106751
4.112468
4.118178
4.123993
4.129743
4.135609
4.141346
4.147090
4.152873
4.158622
4.164377
4.170142
4.175960
4.181664
4.187396
4.193184
4.198901
4.204551
4.210412
4.216140
4.221910
4.227552
4.233316
4.239138
4.244831
4.250532
4.256254
4.262058
4.267711
4.273425
4.279132
4.284834
4.290655
4.296297
4.302007
4.307700
4.313386
4.319082
4.324747
4.330476
4.336132
4.341804
4.347517
4.353168
4.358833
4.364520
4.370101
4.375848
4.381477
4.387053
4.392680
4.398441
4.403981
4.409709
4.415321
4.420950
4.426520
4.432204
4.437737
4.443385
4.448985
4.454576
4.460100
4.465805
4.471275
4.476959
4.482441
4.487955
4.493656
4.499148
4.504675
4.510254
4.515812
4.521304
4.526876
4.532389
4.537899
4.543381
4.548897
4.554395
4.559881
4.565391
4.570927
4.576377
4.581869
4.587304
4.592748
4.598317
4.603629
4.609223
4.614636
4.620024
4.625476
4.630935
4.636343
4.641847
4.647267
4.652564
4.658043
4.663460
4.668781
4.674219
4.679561
4.685080
4.690335
4.695854
4.701109
4.706493
4.711892
4.717237
4.722579
4.727942
4.733316
4.738572
4.744021
4.749327
4.754652
4.759973
4.765287
4.770606
4.776070
4.781265
4.786637
4.791970
4.797273
4.802618
4.807903
4.813248
4.818572
4.823830
4.829092
4.834400
4.839709
4.845030
4.850265
4.855616
4.860865
4.866102
4.871414
4.876678
4.882005
4.887221
4.892593
4.897752
4.903130
4.908379
4.913592
4.918781
4.924067
4.929312
4.934570
4.939799
4.945045
4.950333
4.955486
4.960750
4.966008
4.971206
4.976438
4.981659
4.986870
4.992053
4.997269
5.002449
5.007680
5.012902
5.018059
5.023224
5.028440
5.033593
5.038753
5.043948
5.049080
5.054248
5.059371
5.064504
5.069726
5.074861
5.079996
5.085114
5.090263
5.095333
5.100546
5.105747
5.110769
5.115883
5.121012
5.126102
5.131226
5.136322
5.141403
5.146518
5.151554
5.156689
5.161735
5.166840
5.171918
5.176886
5.182084
5.187048
5.192076
5.197166
5.202166
5.207218
5.212299
5.217267
5.222294
5.227339
5.232351
5.237310
5.242352
5.247317
5.252272
5.257270
5.262189
5.267145
5.272112
5.277017
5.282005
5.286925
5.291859
5.296698
5.301737
5.306591
5.311486
5.316385
5.321257
5.326125
5.331087
5.335919
5.340773
5.345621
5.350507
5.355265
5.360169
5.364942
5.369778
5.374529
5.379443
5.384186
5.389024
5.393800
5.398597
5.403376
5.408109
5.412885
5.417691
5.422400
5.427119
5.431877
5.436587
5.441329
5.446063
5.450785
5.455480
5.460205
5.464876
5.469573
5.474289
5.478993
5.483673
5.488338
5.493038
5.497679
5.502314
5.507057
5.511647
5.516398
5.520947
5.525599
5.530264
5.534905
5.539480
5.544136
5.548756
5.553379
5.558056
5.562589
5.567206
5.571844
5.576446
5.581015
5.585649
5.590224
5.594769
5.599440
5.603938
5.608548
5.613100
5.617668
5.622213
5.626824
5.631306
5.635858
5.640471
5.645010
5.649505
5.654044
5.658556
5.663104
5.667607
5.672140
5.676651
5.681170
5.685643
5.690131
5.694658
5.699134
5.703583
5.708047
5.712572
5.717048
5.721527
5.725961
5.730392
5.734865
5.739392
5.743731
5.748230
5.752602
5.757102
5.761479
5.765910
5.770339
5.774769
5.779165
5.783575
5.787985
5.792392
5.796824
5.801111
5.805560
5.809937
5.814365
5.818731
5.823099
5.827428
5.831805
5.836264
5.840584
5.844922
5.849365
5.853665
5.858030
5.862377
5.866715
5.871072
5.875401
5.879683
5.884021
5.888356
5.892667
5.896964
5.901326
5.905664
5.909966
5.914242
5.918544
5.922876
5.927164
5.931424
5.935718
5.940038
5.944268
5.948529
5.952804
5.957041
5.961310
5.965666
5.969891
5.974088
5.978364
5.982582
5.986785
5.991079
5.995285
5.999531
6.003719
6.007872
6.012078
6.016324
6.020509
6.024662
6.028841
6.033009
6.037200
6.041395
6.045505
6.049634
6.053777
6.057864
6.062043
6.066211
6.070322
6.074444
6.078609
6.082719
6.086746
6.090964
6.095003
6.099090
6.103194
6.107257
6.111388
6.115451
6.119502
6.123535
6.127681
6.131714
6.135794
6.139830
6.143863
6.147916
6.152033
6.155970
6.160011
6.164035
6.168038
6.172059
6.176118
6.180091
6.184127
6.188123
6.192159
6.196126
6.200150
6.204116
6.208149
6.212137
6.216085
6.220035
6.224025
6.227947
6.231968
6.235919
6.239904
6.243784
6.247841
6.251721
6.255693
6.259630
6.263552
6.267492
6.271477
6.275374
6.279290
0.000036
0.003931
0.007844
0.011745
0.015654
0.019564
0.023525
0.027423
0.031297
0.035186
0.039054
0.042936
0.046840
0.050747
0.054597
0.058534
0.062363
0.066240
0.070087
0.074030
0.077835
0.081729
0.085558
0.089426
0.093312
0.097126
0.100991
0.104844
0.108688
0.112571
0.116412
0.120301
0.124091
0.127950
0.131791
0.135628
0.139439
0.143259
0.147037
0.150956
0.154767
0.158560
0.162413
0.166218
0.170011
0.173852
0.177660
0.181456
0.185309
0.189093
0.192862
0.196685
0.200451
0.204196
0.208067
0.211809
0.215602
0.219407
0.223179
0.226963
0.230774
0.234513
0.238297
0.242105
0.245832
0.249622
0.253391
0.257152
0.260915
0.264693
0.268405
0.272168
0.275940
0.279652
0.283388
0.287157
0.290878
0.294653
0.298416
0.302149
0.305828
0.309594
0.313313
0.317007
0.320725
0.324437
0.328209
0.331894
0.335570
0.339279
0.342980
0.346653
0.350365
0.354074
0.357741
0.361468
0.365162
0.368841
0.372533
0.376230
0.379885
0.383573
0.387225
0.390874
0.394533
0.398185
0.401864
0.405522
0.409156
0.412857
0.416473
0.420125
0.423792
0.427426
0.431123
0.434677
0.438314
0.441990
0.445570
0.449235
0.452821
0.456413
0.460035
0.463667
0.467268
0.470875
0.474515
0.478117
0.481715
0.485304
0.488846
0.492480
0.496024
0.499586
0.503167
0.506756
0.510303
0.513857
0.517488
0.521017
0.524547
0.528082
0.531692
0.535224
0.538775
0.542292
0.545837
0.549381
0.552895
0.556410
0.559939
0.563456
0.566938
0.570485
0.573993
0.577469
0.580974
0.584438
0.587961
0.591481
0.594924
0.598504
0.601989
0.605458
0.608880
0.612388
0.615869
0.619318
0.622790
0.626233
0.629711
0.633163
0.636593
0.640041
0.643481
0.646923
0.650372
0.653829
0.657251
0.660684
0.664121
0.667542
0.670991
0.674403
0.677801
0.681195
0.684617
0.687996
0.691457
0.694860
0.698216
0.701631
0.705023
0.708429
0.711800
0.715219
0.718550
0.721972
0.725351
0.728704
0.732110
0.735463
0.738818
0.742192
0.745521
0.748909
0.752250
0.755632
0.758955
0.762314
0.765615
0.768980
0.772341
0.775676
0.779005
0.782351
0.785665
0.789005
0.792379
0.795633
0.798991
0.802287
0.805607
0.808935
0.812252
0.815515
0.818855
0.822178
0.825464
0.828781
0.832077
0.835336
0.838638
0.841970
0.845199
0.848483
0.851797
0.855038
0.858373
0.861642
0.864940
0.868170
0.871460
0.874750
0.877994
0.881317
0.884520
0.887809
0.891084
0.894347
0.897588
0.900821
0.904081
0.907320
0.910609
0.913836
0.917048
0.920311
0.923546
0.926800
0.930051
0.933289
0.936522
0.939746
0.942952
0.946194
0.949414
0.952635
0.955847
0.959083
0.962270
0.965512
0.968757
0.971921
0.975111
0.978371
0.981511
0.984786
0.987971
0.991131
0.994292
0.997555
1.000704
1.003892
1.007073
1.010213
1.013440
1.016640
1.019819
1.022967
1.026146
1.029283
1.032486
1.035668
1.038808
1.041953
1.045132
1.048290
1.051454
1.054615
1.057746
1.060933
1.064067
1.067210
1.070359
1.073439
1.076606
1.079707
1.082847
1.085957
1.089132
1.092218
1.095328
1.098507
1.101614
1.104718
1.107822
1.110986
1.114074
1.117181
1.120258
1.123362
1.126466
1.129546
1.132635
1.135754
1.138858
1.141935
1.145015
1.148128
1.151187
1.154267
1.157368
1.160439
1.163527
1.166553
1.169654
1.172686
1.175769
1.178816
1.181848
1.184913
1.187960
1.191055
1.194069
1.197122
1.200169
1.203243
1.206275
1.209283
1.212324
1.215359
1.218397
1.221396
1.224410
1.227448
1.230459
1.233458
1.236469
1.239483
1.242486
1.245473
1.248546
1.251510
1.254518
1.257559
1.260522
1.263518
1.266532
1.269513
1.272461
1.275436
1.278444
1.281410
1.284382
1.287336
1.290282
1.293308
1.296271
1.299231
1.302179
1.305127
1.308120
1.311059
1.313992
1.316944
1.319868
1.322795
1.325728
1.328700
1.331588
1.334533
1.337419
1.340397
1.343285
1.346227
1.349199
1.352084
1.355002
1.357882
1.360791
1.363721
1.366597
1.369467
1.372373
1.375283
1.378219
1.381083
1.383956
1.386829
1.389730
1.392534
1.395479
1.398394
1.401229
1.404084
1.406981
1.409815
1.412652
1.415499
1.418342
1.421263
1.424049
1.426896
1.429724
1.432579
1.435387
1.438236
1.441094
1.443898
1.446736
1.449549
1.452356
1.455215
1.458013
1.460787
1.463582
1.466420
1.469203
1.471989
1.474836
1.477625
1.480420
1.483237
1.486032
1.488824
1.491662
1.494424
1.497144
1.499967
1.502672
1.505404
1.508197
1.510971
1.513706
1.516445
1.519231
1.521988
1.524735
1.527461
1.530257
1.533010
1.535736
1.538454
1.541189
1.543934
1.546654
1.549371
1.552071
1.554845
1.557539
1.560181
1.562932
1.565694
1.568361
1.571033
1.573735
1.576444
1.579164
1.581867
1.584518
1.587221
1.589953
1.592620
1.595262
1.597959
1.600655
1.603307
1.605949
1.608631
1.611348
1.613997
1.616612
1.619285
1.621960
1.624632
1.627317
1.629941
1.632620
1.635295
1.637926
1.640568
1.643208
1.645919
1.648496
1.651115
1.653757
1.656433
1.658997
1.661667
1.664255
1.666907
1.669543
1.672177
1.674786
1.677411
1.680027
1.682651
1.685264
1.687876
1.690480
1.693089
1.695687
1.698329
1.700927
1.703528
1.706092
1.708678
1.711263
1.713861
1.716471
1.719026
1.721648
1.724236
1.726753
1.729351
1.731882
1.734516
1.737077
1.739660
1.742234
1.744801
1.747369
1.749931
1.752522
1.755063
1.757633
1.760231
1.762757
1.765285
1.767844
1.770394
1.772928
1.775469
1.777980
1.780550
1.783079
1.785619
1.788139
1.790692
1.793221
1.795758
1.798308
1.800768
1.803329
1.805846
1.808318
1.810870
1.813372
1.815874
1.818321
1.820817
1.823337
1.825836
1.828346
1.830851
1.833326
1.835893
1.838299
1.840804
1.843264
1.845741
1.848228
1.850688
1.853145
1.855580
1.858094
1.860545
1.863002
1.865473
1.867927
1.870363
1.872811
1.875291
1.877697
1.880196
1.882596
1.885071
1.887509
1.889972
1.892384
1.894799
1.897205
1.899598
1.902043
1.904437
1.906852
1.909327
1.911688
1.914108
1.916511
1.918884
1.921314
1.923732
1.926123
1.928507
1.930913
1.933283
1.935632
1.938023
1.940405
1.942781
1.945178
1.947568
1.949929
1.952311
1.954666
1.957054
1.959433
1.961773
1.964116
1.966488
1.968840
1.971186
1.973520
1.975869
1.978206
1.980570
1.982874
1.985232
1.987569
1.989897
1.992234
1.994583
1.996886
1.999232
2.001575
2.003867
2.006222
2.008505
2.010776
2.013053
2.015408
2.017685
2.019983
2.022308
2.024600
2.026901
2.029208
2.031473
2.033768
2.036081
2.038349
2.040635
2.042894
2.045132
2.047397
2.049677
2.051954
2.054207
2.056469
2.058728
2.060978
2.063249
2.065493
2.067767
2.070002
2.072249
2.074511
2.076761
2.078957
2.081177
2.083421
2.085630
2.087829
2.090064
2.092302
2.094498
2.096745
2.098911
2.101107
2.103342
2.105511
2.107687
2.109886
2.112124
2.114314
2.116525
2.118691
2.120896
2.123059
2.125190
2.127359
2.129510
2.131646
2.133815
2.136002
2.138175
2.140308
2.142513
2.144607
2.146761
2.148915
2.151027
2.153134
2.155294
2.157388
2.159563
2.161643
2.163755
2.165882
2.168015
2.170112
2.172258
2.174322
2.176455
2.178525
2.180676
2.182723
2.184799
2.186899
2.189008
2.191079
2.193137
2.195231
2.197311
2.199354
2.201400
2.203455
2.205550
2.207605
2.209660
2.211725
2.213789
2.215832
2.217846
2.219889
2.221911
2.223967
2.225992
2.228008
2.230057
2.232089
2.234108
2.236125
2.238147
2.240145
2.242171
2.244127
2.246158
2.248154
2.250143
2.252162
2.254170
2.256141
2.258131
2.260186
2.262148
2.264102
2.266091
2.268050
2.270001
2.271969
2.273896
2.275897
2.277848
2.279810
2.281785
2.283768
2.285733
2.287654
2.289610
2.291552
2.293487
2.295393
2.297331
2.299269
2.301214
2.303140
2.305070
2.307020
2.308881
2.310831
2.312710
2.314624
2.316482
2.318408
2.320308
2.322234
2.324161
2.326051
2.327942
2.329844
2.331693
2.333541
2.335417
2.337283
2.339159
2.341067
2.342943
2.344827
2.346712
2.348611
2.350484
2.352333
2.354196
2.356030
2.357899
2.359697
2.361518
2.363388
2.365222
2.367100
2.368934
2.370764
2.372616
2.374459
2.376268
2.378090
2.379923
2.381733
2.383543
2.385370
2.387207
2.389034
2.390850
2.392689
2.394484
2.396282
2.398058
2.399814
2.401633
2.403424
2.405222
2.407008
2.408823
2.410642
2.412427
2.414201
2.415996
2.417754
2.419525
2.421293
2.423031
2.424789
2.426569
2.428337
2.430104
2.431863
2.433640
2.435407
2.437193
2.438915
2.440692
2.442433
2.444168
2.445935
2.447679
2.449390
2.451128
2.452832
2.454564
2.456290
2.458040
2.459744
2.461497
2.463223
2.464945
2.466668
2.468391
2.470093
2.471782
2.473496
2.475186
2.476849
2.478562
2.480234
2.481972
2.483671
2.485363
2.487041
2.488734
2.490421
2.492110
2.493782
2.495436
2.497084
2.498783
2.500413
2.502105
2.503798
2.505476
2.507157
2.508847
2.510443
2.512109
2.513733
2.515360
2.517011
2.518635
2.520256
2.521903
2.523563
2.525235
2.526886
2.528549
2.530185
2.531805
2.533390
2.535005
2.536572
2.538190
2.539784
2.541384
2.542969
2.544578
2.546222
2.547840
2.549467
2.551073
2.552670
2.554231
2.555816
2.557407
2.558964
2.560525
2.562101
2.563656
2.565247
2.566841
2.568363
2.569942
2.571569
2.573130
2.574697
2.576285
2.577795
2.579356
2.580887
2.582421
2.583946
2.585492
2.587017
2.588542
2.590091
2.591595
2.593147
2.594711
2.596239
2.597766
2.599298
2.600801
2.602320
2.603837
2.605319
2.606812
2.608322
2.609805
2.611297
2.612816
2.614299
2.615764
2.617298
2.618805
2.620300
2.621807
2.623284
2.624755
2.626223
2.627667
2.629108
2.630591
2.632041
2.633512
2.634924
2.636395
2.637842
2.639310
2.640775
2.642240
2.643693
2.645167
2.646587
2.648025
2.649448
2.650884
2.652310
2.653703
2.655126
2.656540
2.657930
2.659341
2.660762
2.662179
2.663590
2.665025
2.666466
2.667877
2.669279
2.670658
2.672048
2.673426
2.674786
2.676182
2.677525
2.678906
2.680266
2.681671
2.683046
2.684407
2.685791
2.687181
2.688571
2.689952
2.691279
2.692625
2.693982
2.695354
2.696651
2.698005
2.699327
2.700663
2.701981
2.703303
2.704648
2.705978
2.707299
2.708611
2.709981
2.711311
2.712614
2.713972
2.715281
2.716626
2.717899
2.719185
2.720482
2.721788
2.723056
2.724347
2.725611
2.726872
2.728188
2.729461
2.730743
2.732047
2.733371
2.734656
2.735945
2.737242
2.738494
2.739753
2.741020
2.742239
2.743483
2.744732
2.745981
2.747228
2.748489
2.749727
2.750961
2.752228
2.753487
2.754730
2.755961
2.757190
2.758448
2.759691
2.760923
2.762130
2.763346
2.764539
2.765731
2.766915
2.768086
2.769288
2.770498
2.771685
2.772889
2.774102
2.775283
2.776499
2.777701
2.778899
2.780092
2.781290
2.782473
2.783645
2.784831
2.785973
2.787123
2.788256
2.789415
2.790569
2.791707
2.792834
2.793990
2.795147
2.796285
2.797442
2.798607
2.799746
2.800884
2.802047
2.803167
2.804300
2.805438
2.806562
2.807685
2.808809
2.809902
2.810993
2.812134
2.813219
2.814306
2.815394
2.816499
2.817620
2.818705
2.819789
2.820865
2.821967
2.823031
2.824140
2.825224
2.826327
2.827408
2.828490
2.829583
2.830668
2.831726
2.832786
2.833838
2.834883
2.835896
2.836936
2.837987
2.839021
2.840070
2.841106
2.842140
2.843185
2.844222
2.845232
2.846259
2.847302
2.848324
2.849354
2.850412
2.851454
2.852494
2.853540
2.854564
2.855565
2.856536
2.857495
2.858483
2.859457
2.860422
2.861408
2.862381
2.863367
2.864353
2.865341
2.866300
2.867298
2.868263
2.869245
2.870231
2.871202
2.872181
2.873185
2.874156
2.875156
2.876124
2.877062
2.878000
2.878925
2.879845
2.880756
2.881640
2.882569
2.883479
2.884438
2.885352
2.886290
2.887249
2.888183
2.889103
2.890014
2.890919
2.891817
2.892731
2.893648
2.894577
2.895530
2.896458
2.897384
2.898304
2.899194
2.900057
2.900910
2.901782
2.902630
2.903472
2.904329
2.905228
2.906115
2.906990
2.907888
2.908754
2.909620
2.910480
2.911322
2.912143
2.912966
2.913823
2.914692
2.915564
2.916445
2.917320
2.918204
2.919060
2.919903
2.920738
2.921553
2.922347
2.923135
2.923947
2.924738
2.925508
2.926314
2.927132
2.927944
2.928753
2.929559
2.930359
2.931183
2.931971
2.932759
2.933537
2.934323
2.935117
2.935884
2.936644
2.937444
2.938250
2.939029
2.939817
2.940632
2.941432
2.942214
2.942999
2.943802
2.944554
2.945306
2.946034
2.946783
2.947496
2.948188
2.948889
2.949617
2.950360
2.951085
2.951807
2.952533
2.953285
2.954021
2.954744
2.955445
2.956164
2.956865
2.957554
2.958243
2.958947
2.959645
2.960355
2.961071
2.961805
2.962533
2.963238
2.963950
2.964673
2.965394
2.966081
2.966776
2.967453
2.968121
2.968783
2.969427
2.970065
2.970716
2.971369
2.972007
2.972648
2.973295
2.973948
2.974596
2.975225
2.975860
2.976507
2.977127
2.977756
2.978395
2.979009
2.979632
2.980243
2.980860
2.981465
2.982077
2.982676
2.983296
2.983934
2.984563
2.985198
2.985843
2.986490
2.987143
2.987793
2.988422
2.989033
2.989627
2.990238
2.990807
2.991370
2.991940
2.992512
2.993063
2.993623
2.994178
2.994738
2.995295
2.995858
2.996428
2.996985
2.997557
2.998106
2.998660
2.999205
2.999738
3.000245
3.000754
3.001272
3.001773
3.002264
3.002749
3.003265
3.003774
3.004289
3.004802
3.005332
3.005871
3.006423
3.006959
3.007510
3.008067
3.008601
3.009152
3.009691
3.010231
3.010740
3.011240
3.011765
3.012289
3.012780
3.013266
3.013760
3.014254
3.014728
3.015183
3.015635
3.016109
3.016573
3.017026
3.017463
3.017910
3.018362
3.018796
3.019240
3.019689
3.020123
3.020558
3.020986
3.021430
3.021867
3.022305
3.022727
3.023153
3.023566
3.023970
3.024357
3.024752
3.025145
3.025532
3.025903
3.026295
3.026685
3.027086
3.027479
3.027880
3.028285
3.028695
3.029127
3.029540
3.029969
3.030415
3.030867
3.031308
3.031724
3.032147
3.032560
3.032977
3.033393
3.033807
3.034211
3.034604
3.035008
3.035400
3.035781
3.036152
3.036506
3.036850
3.037195
3.037540
3.037857
3.038172
3.038501
3.038834
3.039155
3.039460
3.039754
3.040068
3.040377
3.040679
3.040964
3.041273
3.041581
3.041884
3.042166
3.042450
3.042723
3.042989
3.043259
3.043529
3.043789
3.044047
3.044299
3.044556
3.044817
3.045069
3.045305
3.045563
3.045815
3.046060
3.046285
3.046504
3.046752
3.046989
3.047199
3.047397
3.047594
3.047819
3.048041
3.048244
3.048445
3.048670
3.048871
3.049078
3.049293
3.049497
3.049698
3.049907
3.050117
3.050339
3.050545
3.050758
3.050986
3.051220
3.051450
3.051681
3.051900
3.052127
3.052376
3.052628
3.052876
3.053140
3.053401
3.053658
3.053907
3.054168
3.054413
3.054668
3.054920
3.055171
3.055408
3.055657
3.055908
3.056160
3.056400
3.056630
3.056849
3.057080
3.057296
3.057496
3.057679
3.057859
3.058042
3.058206
3.058377
3.058536
3.058686
3.058848
3.058997
3.059129
3.059237
3.059351
3.059459
3.059564
3.059654
3.059737
3.059800
3.059863
3.059929
3.059977
3.060007
3.060037
3.060055
3.060067
3.060076
3.060082
3.060082
3.060082
3.060082
3.060082
3.060082
3.060082
3.060082
3.060082
3.060082
3.060082
3.060082
3.060043
3.059965
3.059875
3.059776
3.059695
3.059608
3.059507
3.059402
3.059288
3.059171
3.059060
3.058949
3.058827
3.058692
3.058563
3.058434
3.058302
3.058161
3.058015
3.057862
3.057709
3.057565
3.057410
3.057251
3.057110
3.056966
3.056825
3.056681
3.056532
3.056373
3.056223
3.056079
3.055929
3.055771
3.055627
3.055480
3.055345
3.055213
3.055082
3.054953
3.054830
3.054734
3.054644
3.054551
3.054470
3.054399
3.054323
3.054260
3.054195
3.054129
3.054078
3.054033
3.053994
3.053955
3.053943
3.053940
3.053931
3.053925
3.053925
3.053925
3.053925
3.053925
3.053925
3.053925
3.053925
3.053925
3.053925
3.053925
3.053925
3.053925
3.053925
3.053994
3.054063
3.054120
3.054207
3.054294
3.054380
3.054464
3.054542
3.054626
3.054710
3.054797
3.054890
3.054968
3.055055
3.055135
3.055216
3.055300
3.055384
3.055453
3.055537
3.055624
3.055705
3.055777
3.055861
3.055933
3.055998
3.056055
3.056100
3.056139
3.056178
3.056223
3.056259
3.056283
3.056316
3.056343
3.056358
3.056367
3.056385
3.056388
3.056400
3.056406
3.056409
3.056409
3.056409
3.056409
3.056409
3.056409
3.056409
3.056409
3.056409
3.056409
3.056409
3.056409
3.056409
3.056409
3.056370
3.056328
3.056286
3.056238
3.056196
3.056160
3.056109
3.056058
3.056013
3.055968
3.055926
3.055891
3.055851
3.055804
3.055765
3.055741
3.055720
3.055687
3.055669
3.055657
3.055642
3.055627
3.055615
3.055594
3.055576
3.055573
3.055570
3.055561
3.055561
3.055561
3.055561
3.055561
3.055561
3.055561
3.055561
3.055561
3.055561
3.055561
3.055561
3.055561
3.055561
3.055561
3.055561
3.055561
3.055561
3.055561
3.055561
3.055561
3.055561
3.055561
3.055561
3.055561
3.055561
3.055561
3.055561
3.055576
3.055594
3.055600
3.055609
3.055618
3.055630
3.055639
3.055645
3.055645
3.055645
3.055645
3.055645
3.055645
3.055651
3.055651
3.055654
3.055654
3.055654
3.055654
3.055654
3.055654
3.055654
3.055654
3.055654
3.055654
3.055654
3.055654
3.055654
3.055654
3.055654
3.055654
3.055654
3.055654
3.055654
3.055654
3.055654
3.055654
3.055654
3.055654
3.055654
3.055654
3.055654
3.055654
3.055654
3.055654
3.055654
3.055654
3.055654
3.055654
3.055654
3.055654
3.055654
3.055654
3.055654
3.055654
3.055654
3.055654
3.055654
3.055654
3.055654
3.055654
3.055654
3.055654
3.055654
3.055654
3.055654
3.055654
3.055654
3.055654
3.055654
3.055654
3.055654
3.055654
3.055654
3.055654
3.055654
3.055654
3.055654
3.055654
3.055654
3.055654
3.055654
3.055654
3.055654
3.055654
3.055654
3.055654
3.055654
3.055654
3.055654
3.055654
3.055654
3.055654
3.055654
3.055654
3.055654
3.055654
3.055654
3.055654
3.055654
3.055654
3.055654
3.055654
3.055654
3.055654
3.055654
3.055654
3.055654
3.055654
3.055654
3.055654
3.055654
3.055654
3.055654
3.055654