2.306808
2.306808
2.306808
2.306808
2.306808
2.306808
2.306808
2.306808
2.306808
2.306808
2.306808
2.306825
2.306978
2.307164
2.307374
2.307611
2.307886
2.308195
2.308530
2.308896
2.309300
2.309744
2.310226
2.310756
2.311335
2.311955
2.312653
2.313324
2.314067
2.314867
2.315688
2.316539
2.317410
2.318327
2.319277
2.320242
2.321243
2.322258
2.323349
2.324469
2.325620
2.326797
2.328041
2.329302
2.330596
2.331899
2.333272
2.334659
2.336094
2.337580
2.339063
2.340591
2.342155
2.343755
2.345403
2.347084
2.348806
2.350526
2.352324
2.354163
2.356027
2.357908
2.359859
2.361803
2.363840
2.365857
2.367894
2.369982
2.372089
2.374252
2.376487
2.378737
2.380999
2.383342
2.385769
2.388156
2.390604
2.393019
2.395551
2.398097
2.400698
2.403265
2.405920
2.408584
2.411292
2.414036
2.416814
2.419618
2.422482
2.425421
2.428385
2.431342
2.434395
2.437436
2.440563
2.443673
2.446843
2.450088
2.453348
2.456601
2.459888
2.463202
2.466629
2.470033
2.473472
2.476969
2.480528
2.483997
2.487542
2.491095
2.494564
2.498115
2.501692
2.505176
2.508691
2.512241
2.515723
2.519267
2.522757
2.526310
2.529843
2.533387
2.536884
2.540389
2.543930
2.547451
2.550959
2.554393
2.557841
2.561347
2.564825
2.568282
2.571671
2.575182
2.578658
2.582064
2.585489
2.588898
2.592353
2.595732
2.599112
2.602479
2.605907
2.609280
2.612621
2.616013
2.619419
2.622763
2.626091
2.629477
2.632823
2.636092
2.639373
2.642656
2.645964
2.649194
2.652426
2.655683
2.658976
2.662200
2.665501
2.668689
2.671991
2.675247
2.678411
2.681647
2.684871
2.688026
2.691267
2.694425
2.697622
2.700798
2.704001
2.707165
2.710382
2.713522
2.716689
2.719814
2.722948
2.726109
2.729275
2.732412
2.735624
2.738698
2.741895
2.745008
2.748121
2.751245
2.754403
2.757498
2.760587
2.763661
2.766747
2.769836
2.772940
2.776050
2.779160
2.782186
2.785278
2.788367
2.791408
2.794493
2.797553
2.800659
2.803748
2.806867
2.809932
2.812967
2.816089
2.819139
2.822204
2.825257
2.828274
2.831291
2.834320
2.837340
2.840384
2.843467
2.846487
2.849558
2.852614
2.855625
2.858651
2.861716
2.864769
2.867834
2.870875
2.873859
2.876891
2.879953
2.882931
2.885966
2.888965
2.891979
2.894975
2.897932
2.900955
2.903928
2.906960
2.909971
2.912958
2.916008
2.919025
2.922021
2.925038
2.928013
2.930991
2.933945
2.936953
2.939937
2.942876
2.945860
2.948841
2.951834
2.954834
2.957812
2.960787
2.963720
2.966719
2.969718
2.972678
2.975686
2.978622
2.981585
2.984521
2.987526
2.990445
2.993378
2.996350
2.999259
3.002261
3.005215
3.008148
3.011091
3.014024
3.016903
3.019857
3.022796
3.025681
3.028626
3.031557
3.034439
3.037381
3.040305
3.043190
3.046099
3.049038
3.051894
3.054827
3.057757
3.060624
3.063557
3.066431
3.069334
3.072252
3.075119
3.077986
3.080881
3.083736
3.086600
3.089467
3.092325
3.095223
3.098045
3.100951
3.103815
3.106632
3.109502
3.112330
3.115191
3.118053
3.120827
3.123667
3.126523
3.129303
3.132113
3.134933
3.137728
3.140490
3.143315
3.146072
3.148864
3.151695
3.154437
3.157226
3.160027
3.162802
3.165543
3.168332
3.171068
3.173788
3.176533
3.179277
3.182015
3.184766
3.187504
3.190297
3.193008
3.195714
3.198470
3.201217
3.203884
3.206631
3.209366
3.212072
3.214798
3.217492
3.220173
3.222876
3.225626
3.228317
3.231007
3.233718
3.236385
3.239102
3.241805
3.244459
3.247135
3.249849
3.252522
3.255203
3.257900
3.260545
3.263242
3.265899
3.268569
3.271253
3.273901
3.276562
3.279261
3.281889
3.284513
3.287201
3.289846
3.292507
3.295156
3.297756
3.300387
3.302975
3.305594
3.308170
3.310804
3.313405
3.316029
3.318645
3.321164
3.323780
3.326371
3.328963
3.331567
3.334146
3.336741
3.339269
3.341864
3.344387
3.346945
3.349495
3.352054
3.354600
3.357159
3.359640
3.362168
3.364712
3.367214
3.369742
3.372286
3.374806
3.377254
3.379803
3.382263
3.384806
3.387308
3.389756
3.392234
3.394711
3.397174
3.399637
3.402124
3.404598
3.407097
3.409587
3.412017
3.414447
3.416927
3.419351
3.421805
3.424262
3.426667
3.429115
3.431533
3.433966
3.436378
3.438831
3.441228
3.443664
3.446058
3.448458
3.450864
3.453290
3.455693
3.458117
3.460523
3.462923
3.465278
3.467674
3.470017
3.472408
3.474778
3.477133
3.479482
3.481858
3.484180
3.486526
3.488880
3.491217
3.493569
3.495951
3.498267
3.500610
3.502911
3.505227
3.507507
3.509793
3.512106
3.514422
3.516744
3.519021
3.521325
3.523626
3.525885
3.528159
3.530409
3.532671
3.534948
3.537219
3.539475
3.541728
3.543975
3.546171
3.548394
3.550584
3.552798
3.554986
3.557239
3.559429
3.561646
3.563890
3.566047
3.568255
3.570472
3.572626
3.574822
3.576965
3.579110
3.581273
3.583412
3.585611
3.587744
3.589907
3.592065
3.594135
3.596277
3.598383
3.600472
3.602605
3.604732
3.606820
3.608927
3.611003
3.613034
3.615113
3.617193
3.619233
3.621294
3.623347
3.625384
3.627442
3.629477
3.631526
3.633563
3.635558
3.637554
3.639582
3.641608
3.643651
3.645673
3.647681
3.649664
3.651650
3.653658
3.655620
3.657570
3.659521
3.661471
3.663440
3.665405
3.667353
3.669294
3.671253
3.673222
3.675151
3.677102
3.678986
3.680934
3.682854
3.684778
3.686704
3.688601
3.690488
3.692373
3.694260
3.696160
3.698053
3.699950
3.701798
3.703668
3.705513
3.707389
3.709231
3.711083
3.712940
3.714756
3.716623
3.718438
3.720305
3.722100
3.723900
3.725713
3.727468
3.729278
3.731130
3.732942
3.734767
3.736543
3.738338
3.740100
3.741889
3.743611
3.745346
3.747081
3.748794
3.750538
3.752294
3.754046
3.755820
3.757564
3.759287
3.761021
3.762741
3.764425
3.766139
3.767819
3.769494
3.771202
3.772910
3.774590
3.776280
3.777946
3.779603
3.781245
3.782871
3.784546
3.786209
3.787884
3.789544
3.791213
3.792833
3.794454
3.796102
3.797741
3.799356
3.800941
3.802559
3.804132
3.805788
3.807400
3.809030
3.810600
3.812188
3.813755
3.815307
3.816841
3.818408
3.820002
3.821595
3.823169
3.824718
3.826302
3.827824
3.829379
3.830937
3.832429
3.833942
3.835449
3.836956
3.838493
3.840039
3.841588
3.843125
3.844656
3.846160
3.847649
3.849132
3.850633
3.852116
3.853617
3.855088
3.856536
3.858034
3.859511
3.860982
3.862483
3.863936
3.865398
3.866842
3.868277
3.869706
3.871153
3.872552
3.874000
3.875447
3.876855
3.878269
3.879701
3.881091
3.882484
3.883902
3.885271
3.886697
3.888108
3.889489
3.890870
3.892270
3.893681
3.895062
3.896476
3.897836
3.899163
3.900506
3.901833
3.903169
3.904490
3.905839
3.907190
3.908520
3.909868
3.911199
3.912517
3.913868
3.915180
3.916499
3.917781
3.919072
3.920346
3.921610
3.922883
3.924163
3.925412
3.926700
3.927974
3.929259
3.930535
3.931814
3.933103
3.934382
3.935626
3.936863
3.938088
3.939337
3.940572
3.941809
3.943005
3.944221
3.945450
3.946660
3.947861
3.949063
3.950249
3.951451
3.952664
3.953853
3.955043
3.956205
3.957377
3.958545
3.959723
3.960876
3.962024
3.963168
3.964316
3.965463
3.966623
3.967740
3.968867
3.970020
3.971144
3.972273
3.973397
3.974496
3.975632
3.976749
3.977849
3.978936
3.980024
3.981088
3.982151
3.983260
3.984338
3.985423
3.986519
3.987589
3.988638
3.989692
3.990735
3.991765
3.992826
3.993872
3.994908
3.995939
3.996997
3.998030
3.999052
4.000073
4.001074
4.002105
4.003103
4.004139
4.005149
4.006171
4.007189
4.008199
4.009161
4.010143
4.011102
4.012046
4.013013
4.014002
4.014949
4.015914
4.016872
4.017834
4.018757
4.019701
4.020597
4.021525
4.022445
4.023371
4.024302
4.025252
4.026193
4.027140
4.028051
4.028967
4.029854
4.030726
4.031595
4.032458
4.033282
4.034121
4.034960
4.035822
4.036646
4.037486
4.038357
4.039229
4.040065
4.040883
4.041695
4.042516
4.043343
4.044148
4.044963
4.045824
4.046650
4.047480
4.048310
4.049152
4.049985
4.050770
4.051531
4.052310
4.053071
4.053820
4.054557
4.055297
4.056049
4.056795
4.057499
4.058218
4.058979
4.059743
4.060456
4.061172
4.061897
4.062607
4.063305
4.064013
4.064704
4.065406
4.066095
4.066772
4.067467
4.068180
4.068890
4.069570
4.070268
4.070982
4.071655
4.072336
4.072974
4.073624
4.074253
4.074864
4.075445
4.076018
4.076608
4.077186
4.077740
4.078319
4.078930
4.079565
4.080143
4.080700
4.081282
4.081869
4.082414
4.082944
4.083475
4.084041
4.084601
4.085144
4.085680
4.086261
4.086824
4.087358
4.087888
4.088412
4.088922
4.089419
4.089937
4.090479
4.091004
4.091549
4.092064
4.092610
4.093152
4.093691
4.094186
4.094668
4.095165
4.095645
4.096091
4.096538
4.097002
4.097434
4.097838
4.098225
4.098617
4.099030
4.099462
4.099857
4.100238
4.100645
4.101047
4.101412
4.101778
4.102158
4.102542
4.102913
4.103273
4.103650
4.104025
4.104384
4.104732
4.105083
4.105418
4.105748
4.106044
4.106338
4.106664
4.106991
4.107275
4.107563
4.107851
4.108132
4.108390
4.108636
4.108866
4.109118
4.109391
4.109657
4.109921
4.110194
4.110457
4.110733
4.111009
4.111293
4.111575
4.111887
4.112189
4.112477
4.112758
4.113061
4.113384
4.113687
4.113990
4.114283
4.114580
4.114873
4.115164
4.115446
4.115725
4.116012
4.116282
4.116536
4.116788
4.117025
4.117243
4.117456
4.117672
4.117857
4.118011
4.118160
4.118289
4.118397
4.118505
4.118621
4.118700
4.118768
4.118837
4.118909
4.118957
4.118996
4.119014
4.119029
4.119035
4.119035
4.119035
4.119035
4.119035
4.119035
4.119035
4.119035
4.119035
4.119035
4.119035
4.118999
4.118909
4.118831
4.118744
4.118658
4.118550
4.118445
4.118334
4.118214
4.118097
4.117971
4.117827
4.117684
4.117561
4.117435
4.117288
4.117159
4.117033
4.116902
4.116773
4.116650
4.116512
4.116389
4.116276
4.116156
4.116024
4.115910
4.115796
4.115695
4.115599
4.115503
4.115395
4.115308
4.115230
4.115146
4.115053
4.114975
4.114901
4.114835
4.114775
4.114717
4.114643
4.114595
4.114553
4.114523
4.114472
4.114445
4.114424
4.114400
4.114364
4.114340
4.114322
4.114307
4.114304
4.114304
4.114304
4.114304
4.114304
4.114304
4.114304
4.114304
4.114304
4.114304
4.114304
4.114304
4.114304
4.114304
4.114304
4.114304
4.114304
4.114304
4.114304
4.114304
4.114304
4.114304
4.114304
4.114304
4.114337
4.114364
4.114388
4.114412
4.114421
4.114445
4.114469
4.114496
4.114508
4.114532
4.114550
4.114574
4.114595
4.114613
4.114613
4.114613
4.114613
4.114625
4.114628
4.114643
4.114658
4.114673
4.114685
4.114697
4.114697
4.114706
4.114712
4.114717
4.114717
4.114717
4.114721
4.114721
4.114721
4.114721
4.114721
4.114721
4.114721
4.114721
4.114721
4.114721
4.114721
4.114721
4.114721
4.114721
4.114721
4.114721
4.114721
4.114721
4.114721
4.114721
4.114721
4.114721
4.114721
4.114721
4.114721
4.114721
4.114721
4.114721
4.114721
4.114721
4.114721
4.114721
4.114721
4.114721
4.114721
4.114721
4.114721
4.114721
4.114721
4.114721
4.114721
4.114721
4.114721
4.114721
4.114721
4.114721
4.114721
4.114721
4.114721
4.114721
4.114721
4.114721
4.114721
4.114721
4.114721
4.114721
4.114721
4.114721
4.114721
4.114721
4.114721
4.114721
4.114721
4.114721
4.114721
4.114721
4.114721
4.114721
4.114721
4.114721
4.114721
4.114721
4.114721
4.114721
4.114721
4.114721
4.114721
4.114721
4.114721
4.114721
4.114721
4.114721
4.114721
4.114721
4.114721
4.114721
4.114721
4.114721
4.114721
4.114721
4.114721
4.114721
4.114721
4.114721
4.114721
4.114721
4.114721
4.114721
4.114721
4.114721
