2.647717
2.647717
2.647717
2.647717
2.647717
2.647717
2.647717
2.647717
2.647717
2.647897
2.648259
2.648741
2.649338
2.650045
2.650857
2.651794
2.652852
2.654017
2.655267
2.656546
2.657948
2.659440
2.661034
2.662745
2.664572
2.666574
2.668665
2.670852
2.673249
2.675685
2.678267
2.680949
2.683780
2.686695
2.689718
2.692855
2.696097
2.699471
2.702976
2.706565
2.710256
2.714103
2.718142
2.722190
2.726351
2.730672
2.735121
2.739684
2.744352
2.749130
2.754023
2.759104
2.764290
2.769453
2.774732
2.780304
2.785946
2.791569
2.797271
2.803269
2.809492
2.815481
2.821791
2.828250
2.834788
2.841445
2.848162
2.855050
2.862097
2.869125
2.876325
2.883719
2.891125
2.898595
2.906345
2.914039
2.922021
2.929951
2.938023
2.946259
2.954552
2.963013
2.971623
2.980327
2.989093
2.997950
3.007079
3.016160
3.025337
3.034666
3.044053
3.053611
3.063318
3.073082
3.082903
3.093003
3.103093
3.113283
3.123742
3.134067
3.144675
3.155246
3.166142
3.176889
3.188002
3.199018
3.210262
3.221447
3.232715
3.244004
3.255485
3.266759
3.278318
3.289457
3.301001
3.312128
3.323585
3.334847
3.346271
3.357821
3.369242
3.380816
3.392252
3.403906
3.415384
3.426769
3.438391
3.449698
3.461152
3.472483
3.484021
3.495502
3.506890
3.518392
3.529935
3.541431
3.552780
3.564390
3.575625
3.587100
3.598518
3.609945
3.621306
3.632562
3.644103
3.655404
3.666693
3.677998
3.689338
3.700513
3.711826
3.722959
3.734422
3.745457
3.756956
3.768236
3.779213
3.790748
3.801660
3.813018
3.824229
3.835269
3.846433
3.857872
3.868753
3.879908
3.891122
3.902237
3.913407
3.924495
3.935592
3.946609
3.957973
3.968930
3.980048
3.991235
4.002333
4.013424
4.024605
4.035709
4.046776
4.058044
4.069034
4.080182
4.091319
4.102425
4.113451
4.124611
4.135576
4.146883
4.158029
4.169057
4.180128
4.191270
4.202374
4.213489
4.224769
4.235896
4.246901
4.258097
4.269233
4.280412
4.291611
4.302502
4.313779
4.324960
4.335893
4.347233
4.358303
4.369370
4.380570
4.391718
4.402738
4.413850
4.425142
4.436099
4.447145
4.458179
4.469394
4.480356
4.491475
4.502452
4.513588
4.524485
4.535682
4.546512
4.557559
4.568515
4.579541
4.590665
4.601616
4.612483
4.623604
4.634659
4.645517
4.656509
4.667424
4.678396
4.689343
4.700204
4.711131
4.722135
4.733053
4.743914
4.755095
4.765872
4.776942
4.788039
4.798786
4.809764
4.820765
4.831695
4.842693
4.853761
4.864601
4.875572
4.886598
4.897542
4.908610
4.919440
4.930379
4.941611
4.952400
4.963503
4.974484
4.985518
4.996466
5.007455
5.018457
5.029503
5.040532
5.051572
5.062415
5.073390
5.084433
5.095375
5.106334
5.117426
5.128265
5.139267
5.150442
5.161102
5.172056
5.183132
5.194026
5.204974
5.215909
5.226731
5.237637
5.248644
5.259376
5.270399
5.281088
5.292102
5.302912
5.313685
5.324570
5.335374
5.346208
5.356802
5.367651
5.378535
5.389294
5.400047
5.410740
5.421493
5.432230
5.442998
5.453487
5.464309
5.474969
5.485656
5.496409
5.506895
5.517699
5.528164
5.539103
5.549454
5.560357
5.570795
5.581527
5.591968
5.602838
5.613324
5.623933
5.634596
5.645088
5.655910
5.666351
5.677122
5.687695
5.698229
5.708766
5.719546
5.730134
5.740684
5.751310
5.761959
5.772529
5.783095
5.793695
5.804230
5.814911
5.825412
5.835994
5.846513
5.857119
5.867605
5.878154
5.888847
5.899193
5.909697
5.920258
5.930921
5.941323
5.951867
5.962349
5.972902
5.983328
5.993826
6.004288
6.014733
6.025099
6.035621
6.046041
6.056551
6.066771
6.077224
6.087663
6.098062
6.108368
6.118687
6.128954
6.139488
6.149591
6.160008
6.170366
6.180696
6.190940
6.201246
6.211502
6.221883
6.232043
6.242247
6.252494
6.262866
6.272927
6.283077
0.010142
0.020478
0.030581
0.040797
0.050996
0.061260
0.071525
0.081601
0.091691
0.102052
0.112175
0.122395
0.132620
0.142741
0.153083
0.163210
0.173370
0.183520
0.193866
0.203921
0.214119
0.224324
0.234462
0.244661
0.254964
0.265061
0.275236
0.285497
0.295678
0.305789
0.315994
0.326079
0.336250
0.346473
0.356534
0.366714
0.376919
0.387078
0.397292
0.407398
0.417542
0.427621
0.437697
0.447982
0.457986
0.468077
0.478087
0.488432
0.498385
0.508488
0.518503
0.528684
0.538661
0.548647
0.558830
0.568777
0.578766
0.588833
0.598900
0.608907
0.618964
0.628839
0.638855
0.648898
0.658869
0.668777
0.678766
0.688688
0.698671
0.708711
0.718439
0.728521
0.738399
0.748271
0.758197
0.768192
0.777977
0.787834
0.797928
0.807785
0.817588
0.827442
0.837362
0.847213
0.857160
0.867158
0.877018
0.886911
0.896735
0.906589
0.916610
0.926473
0.936295
0.946337
0.956245
0.966057
0.976004
0.986035
0.995811
1.005986
1.015759
1.025685
1.035614
1.045594
1.055478
1.065380
1.075324
1.085318
1.095247
1.105218
1.115156
1.125112
1.135038
1.144832
1.154866
1.164831
1.174742
1.184710
1.194570
1.204591
1.214436
1.224392
1.234261
1.244130
1.254035
1.264021
1.273887
1.283852
1.293793
1.303785
1.313552
1.323448
1.333371
1.343084
1.353193
1.362963
1.372829
1.382809
1.392651
1.402466
1.412377
1.422204
1.432085
1.441915
1.451772
1.461593
1.471435
1.481259
1.491068
1.501003
1.510653
1.520591
1.530242
1.540216
1.549821
1.559666
1.569397
1.579338
1.589219
1.598812
1.608744
1.618709
1.628324
1.638133
1.647975
1.657889
1.667599
1.677537
1.687385
1.697176
1.706952
1.716773
1.726654
1.736463
1.746299
1.756150
1.766097
1.775840
1.785853
1.795617
1.805447
1.815221
1.825311
1.835039
1.844977
1.854766
1.864751
1.874471
1.884492
1.894284
1.904048
1.914019
1.923840
1.933700
1.943443
1.953327
1.963196
1.973239
1.982988
1.992860
2.002753
2.012526
2.022374
2.032237
2.042022
2.051858
2.061667
2.071509
2.081336
2.091127
2.100930
2.110680
2.120468
2.130247
2.140062
2.149871
2.159509
2.169226
2.178945
2.188814
2.198362
2.208258
2.217870
2.227619
2.237293
2.246916
2.256594
2.266310
2.275960
2.285610
2.295240
2.304824
2.314588
2.324212
2.333766
2.343470
2.353034
2.362675
2.372235
2.381850
2.391416
2.400991
2.410627
2.420181
2.429799
2.439410
2.449027
2.458600
2.468157
2.477718
2.487407
2.496991
2.506513
2.516058
2.525640
2.535308
2.544802
2.554375
2.563977
2.573478
2.583092
2.592652
2.602213
2.611809
2.621262
2.630918
2.640448
2.650200
2.659569
2.669336
2.678687
2.688361
2.697913
2.707431
2.716964
2.726549
2.736005
2.745604
2.755077
2.764584
2.774147
2.783690
2.793077
2.802631
2.812158
2.821602
2.831102
2.840708
2.850073
2.859469
2.868967
2.878419
2.887839
2.897357
2.906768
2.916169
2.925661
2.934997
2.944407
2.953806
2.963228
2.972423
2.981942
2.991239
3.000661
3.009958
3.019261
3.028722
3.038133
3.047196
3.056681
3.065951
3.075182
3.084497
3.093853
3.103204
3.112261
3.121660
3.130732
3.140050
3.149298
3.158592
3.167694
3.176973
3.186198
3.195360
3.204714
3.213971
3.223082
3.232274
3.241535
3.250745
3.259988
3.269144
3.278387
3.287621
3.296776
3.305983
3.315259
3.324490
3.333709
3.342889
3.352117
3.361338
3.370527
3.379719
3.389025
3.398106
3.407220
3.416415
3.425832
3.434946
3.444039
3.453236
3.462350
3.471638
3.480689
3.490010
3.499052
3.508241
3.517358
3.526541
3.535715
3.544727
3.553862
3.563189
3.572216
3.581351
3.590522
3.599486
3.608606
3.617747
3.626822
3.635834
3.644957
3.653975
3.663002
3.672182
3.681131
3.690186
3.699192
3.708231
3.717216
3.726216
3.735183
3.744222
3.753163
3.762121
3.771010
3.780103
3.789055
3.797891
3.806816
3.815753
3.824610
3.833553
3.842424
3.851310
3.860278
3.869065
3.877996
3.887020
3.895754
3.904500
3.913404
3.922197
3.931056
3.939943
3.948682
3.957455
3.966353
3.975251
3.984027
3.992907
4.001578
4.010539
4.019368
4.028156
4.037039
4.045847
4.054659
4.063479
4.072404
4.081111
4.089952
4.098835
4.107560
4.116386
4.125270
4.134057
4.142899
4.151884
4.160429
4.169399
4.178114
4.187048
4.195845
4.204653
4.213381
4.222291
4.231163
4.239944
4.248755
4.257692
4.266390
4.275208
4.283992
4.292827
4.301615
4.310459
4.319255
4.328207
4.336917
4.345669
4.354507
4.363342
4.372094
4.380923
4.389681
4.398471
4.407379
4.416052
4.424788
4.433609
4.442400
4.451088
4.460049
4.468582
4.477417
4.486172
4.494890
4.503570
4.512348
4.520980
4.529714
4.538462
4.547022
4.555911
4.564588
4.573240
4.581955
4.590578
4.599171
4.607851
4.616563
4.625240
4.633844
4.642539
4.651144
4.659709
4.668314
4.677042
4.685583
4.694218
4.702957
4.711376
4.720062
4.728663
4.737220
4.745888
4.754463
4.763217
4.771759
4.780466
4.788980
4.797615
4.806175
4.814788
4.823471
4.832055
4.840674
4.849324
4.857895
4.866497
4.875066
4.883677
4.892272
4.901060
4.909601
4.918209
4.926859
4.935421
4.944053
4.952682
4.961238
4.969837
4.978547
4.987080
4.995633
5.004400
5.012927
5.021444
5.030082
5.038830
5.047261
5.056022
5.064528
5.073234
5.081719
5.090323
5.098803
5.107413
5.116105
5.124562
5.133182
5.141727
5.150275
5.158858
5.167361
5.175966
5.184535
5.192894
5.201360
5.210043
5.218375
5.227106
5.235528
5.243928
5.252470
5.260973
5.269302
5.277883
5.286307
5.294813
5.303202
5.311726
5.319953
5.328510
5.336860
5.345222
5.353581
5.361985
5.370329
5.378733
5.387104
5.395373
5.403750
5.412148
5.420438
5.428722
5.437075
5.445281
5.453574
5.461936
5.470244
5.478355
5.486773
5.494818
5.503180
5.511365
5.519751
5.527853
5.536086
5.544250
5.552486
5.560791
5.568988
5.577087
5.585398
5.593535
5.601915
5.610011
5.618202
5.626303
5.634665
5.642766
5.650907
5.659233
5.667370
5.675492
5.683669
5.691821
5.700033
5.708404
5.716448
5.724576
5.732726
5.740986
5.748961
5.757189
5.765380
5.773487
5.781684
5.789738
5.797866
5.806013
5.814228
5.822314
5.830397
5.838535
5.846603
5.854758
5.862869
5.870910
5.879164
5.887080
5.895208
5.903214
5.911312
5.919521
5.927557
5.935580
5.943579
5.951737
5.959821
5.967728
5.975814
5.983822
5.991855
5.999878
6.007916
6.015907
6.023880
6.031816
6.039729
6.047929
6.055755
6.063613
6.071715
6.079615
6.087597
6.095554
6.103383
6.111394
6.119262
6.127120
6.135021
6.142955
6.150781
6.158744
6.166489
6.174500
6.182191
6.190185
6.197941
6.205785
6.213641
6.221416
6.229247
6.237091
6.244854
6.252649
6.260487
6.268220
6.275989
0.000689
0.008296
0.016191
0.023897
0.031671
0.039407
0.047203
0.054912
0.062648
0.070425
0.078140
0.085933
0.093654
0.101378
0.109101
0.116960
0.124651
0.132390
0.140033
0.147855
0.155597
0.163288
0.170994
0.178790
0.186448
0.194249
0.201904
0.209661
0.217361
0.225067
0.232842
0.240568
0.248292
0.255986
0.263740
0.271299
0.279167
0.286771
0.294521
0.302320
0.309873
0.317567
0.325339
0.333036
0.340691
0.348423
0.356087
0.363715
0.371397
0.379034
0.386704
0.394485
0.401945
0.409651
0.417360
0.425107
0.432547
0.440282
0.447949
0.455589
0.463238
0.470842
0.478470
0.486074
0.493711
0.501237
0.508820
0.516421
0.524058
0.531653
0.539140
0.546810
0.554279
0.561865
0.569526
0.577046
0.584620
0.592171
0.599739
0.607196
0.614719
0.622377
0.629777
0.637300
0.644865
0.652301
0.659768
0.667354
0.674853
0.682361
0.689740
0.697263
0.704720
0.712151
0.719623
0.727113
0.734588
0.741964
0.749502
0.756855
0.764261
0.771715
0.779187
0.786501
0.794087
0.801397
0.808860
0.816276
0.823775
0.831073
0.838542
0.845969
0.853388
0.860782
0.868185
0.875591
0.883088
0.890431
0.897810
0.905273
0.912581
0.920158
0.927492
0.934907
0.942308
0.949795
0.957162
0.964556
0.972028
0.979432
0.986868
0.994292
1.001674
1.009015
1.016553
1.023950
1.031338
1.038745
1.046175
1.053554
1.061020
1.068373
1.075851
1.083179
1.090759
1.098091
1.105500
1.112870
1.120306
1.127761
1.135158
1.142597
1.149835
1.157356
1.164738
1.172162
1.179514
1.186867
1.194315
1.201676
1.209088
1.216504
1.223865
1.231253
1.238696
1.245961
1.253445
1.260696
1.268171
1.275412
1.282929
1.290186
1.297547
1.304953
1.312201
1.319604
1.326995
1.334312
1.341670
1.349004
1.356291
1.363643
1.370944
1.378219
1.385490
1.392908
1.400222
1.407451
1.414765
1.422036
1.429329
1.436567
1.443880
1.451185
1.458525
1.465773
1.473017
1.480330
1.487626
1.494840
1.502103
1.509323
1.516565
1.523908
1.531251
1.538349
1.545632
1.552847
1.560091
1.567303
1.574511
1.581762
1.589027
1.596215
1.603465
1.610752
1.617969
1.625181
1.632380
1.639610
1.646836
1.654057
1.661277
1.668525
1.675796
1.682984
1.690216
1.697554
1.704732
1.711905
1.719152
1.726403
1.733638
1.740861
1.748064
1.755326
1.762628
1.769761
1.777060
1.784277
1.791480
1.798643
1.805966
1.813258
1.820443
1.827741
1.834953
1.842164
1.849403
1.856596
1.863922
1.871097
1.878234
1.885532
1.892800
1.899943
1.907167
1.914459
1.921584
1.928828
1.936079
1.943179
1.950466
1.957809
1.964934
1.972124
1.979294
1.986496
1.993687
2.000889
2.008059
2.015210
2.022473
2.029702
2.036794
2.044014
2.051151
2.058267
2.065457
2.072612
2.079757
2.086921
2.094037
2.101182
2.108406
2.115527
2.122568
2.129768
2.136790
2.144062
2.151120
2.158149
2.165256
2.172413
2.179484
2.186549
2.193688
2.200708
2.207749
2.214868
2.221866
2.228934
2.235969
2.243037
2.250080
2.257085
2.264069
2.271131
2.278168
2.285155
2.292118
2.299212
2.306163
2.313108
2.320134
2.327097
2.334114
2.341038
2.347982
2.354945
2.361908
2.368832
2.375783
2.382766
2.389618
2.396533
2.403523
2.410528
2.417422
2.424394
2.431237
2.438293
2.445204
2.452005
2.459013
2.465892
2.472834
2.479818
2.486661
2.493705
2.500503
2.507528
2.514365
2.521262
2.528249
2.535038
2.542046
2.548970
2.555831
2.562725
2.569673
2.576524
2.583418
2.590414
2.597194
2.604067
2.611000
2.617888
2.624758
2.631685
2.638522
2.645284
2.652418
2.659093
2.665972
2.672869
2.679703
2.686570
2.693449
2.700315
2.707201
2.714005
2.720820
2.727711
2.734488
2.741323
2.748157
2.755006
2.761840
2.768629
2.775469
2.782204
2.789053
2.796013
2.802760
2.809522
2.816338
2.823079
2.829874
2.836687
2.843431
2.850157
2.856985
2.863735
2.870486
2.877388
2.883941
2.890853
2.897495
2.904212
2.910869
2.917676
2.924358
2.931054
2.937783
2.944479
2.951175
2.957877
2.964613
2.971240
2.977924
2.984584
2.991176
2.997935
3.004556
3.011261
3.017876
3.024585
3.031077
3.037887
3.044430
3.051037
3.057589
3.064246
3.070868
3.077510
3.084068
3.090699
3.097215
3.103830
3.110359
3.116980
3.123497
3.130058
3.136595
3.143148
3.149838
3.156264
3.162862
3.169327
3.175919
3.182432
3.188996
3.195582
3.202086
3.208593
3.215083
3.221623
3.228152
3.234638
3.241116
3.247680
3.254194
3.260722
3.267352
3.273758
3.280259
3.286799
3.293304
3.299754
3.306352
3.312778
3.319238
3.325796
3.332241
3.338763
3.345244
3.351733
3.358130
3.364712
3.371156
3.377559
3.384054
3.390577
3.396986
3.403613
3.409914
3.416334
3.422889
3.429187
3.435671
3.442088
3.448530
3.454956
3.461437
3.467827
3.474239
3.480722
3.487074
3.493536
3.499861
3.506305
3.512663
3.519123
3.525474
3.531850
3.538285
3.544592
3.550965
3.557373
3.563683
3.570029
3.576398
3.582774
3.589084
3.595426
3.601676
3.608097
3.614409
3.620683
3.627017
3.633356
3.639576
3.645850
3.652145
3.658394
3.664800
3.670960
3.677117
3.683447
3.689766
3.695860
3.702101
3.708387
3.714603
3.720748
3.727061
3.733167
3.739408
3.745592
3.751778
3.757917
3.764149
3.770219
3.776370
3.782614
3.788696
3.794868
3.801117
3.807050
3.813287
3.819391
3.825526
3.831620
3.837744
3.843850
3.849995
3.856062
3.862057
3.868196
3.874269
3.880303
3.886355
3.892458
3.898513
3.904559
3.910608
3.916615
3.922673
3.928809
3.934748
3.940806
3.946891
3.952868
3.958902
3.964930
3.970907
3.976863
3.982888
3.988925
3.994887
4.000909
4.006884
4.012870
4.018967
4.024941
4.030864
4.036883
4.042845
4.048820
4.054823
4.060807
4.066802
4.072737
4.078744
4.084646
4.090680
4.096577
4.102590
4.108522
4.114505
4.120434
4.126387
4.132391
4.138320
4.144268
4.150194
4.156171
4.162103
4.168021
4.173947
4.179942
4.185826
4.191785
4.197718
4.203650
4.209579
4.215526
4.221470
4.227306
4.233302
4.239180
4.245130
4.251041
4.256914
4.262828
4.268799
4.274575
4.280561
4.286481
4.292279
4.298235
4.304113
4.309998
4.315876
4.321748
4.327639
4.333487
4.339383
4.345285
4.351053
4.356925
4.362749
4.368607
4.374524
4.380288
4.386154
4.391994
4.397767
4.403588
4.409449
4.415246
4.421088
4.426946
4.432746
4.438552
4.444377
4.450093
4.455873
4.461742
4.467437
4.473235
4.478987
4.484731
4.490531
4.496268
4.501991
4.507792
4.513508
4.519254
4.524956
4.530756
4.536422
4.542150
4.547852
4.553586
4.559227
4.564905
4.570595
4.576266
4.581989
4.587597
4.593263
4.598997
4.604558
4.610241
4.615907
4.621542
4.627172
4.632817
4.638411
4.644031
4.649670
4.655218
4.660848
4.666406
4.672053
4.677605
4.683168
4.688765
4.694350
4.699944
4.705540
4.711082
4.716629
4.722252
4.727801
4.733397
4.738931
4.744477
4.750064
4.755526
4.761087
4.766716
4.772214
4.777745
4.783345
4.788825
4.794358
4.799984
4.805459
4.810983
4.816577
4.822066
4.827611
4.833118
4.838595
4.844117
4.849653
4.855142
4.860631
4.866186
4.871659
4.877181
4.882673
4.888159
4.893626
4.899130
4.904544
4.910075
4.915540
4.920969
4.926463
4.931952
4.937423
4.942870
4.948298
4.953760
4.959216
4.964636
4.970065
4.975523
4.980977
4.986426
4.991771
4.997308
5.002653
5.008055
5.013511
5.018916
5.024302
5.029692
5.035085
5.040538
5.045958
5.051312
5.056666
5.062088
5.067455
5.072865
5.078273
5.083519
5.089011
5.094362
5.099710
5.105031
5.110436
5.115733
5.121105
5.126405
5.131789
5.137092
5.142428
5.147740
5.153064
5.158367
5.163706
5.168982
5.174276
5.179585
5.184927
5.190191
5.195452
5.200743
5.205894
5.211262
5.216443
5.221745
5.226899
5.232184
5.237397
5.242613
5.247865
5.253084
5.258282
5.263423
5.268637
5.273808
5.279060
5.284267
5.289375
5.294591
5.299694
5.304853
5.310003
5.315109
5.320262
5.325385
5.330472
5.335548
5.340677
5.345737
5.350879
5.355987
5.361044
5.366117
5.371201
5.376297
5.381310
5.386346
5.391406
5.396463
5.401524
5.406524
5.411570
5.416621
5.421616
5.426640
5.431565
5.436644
5.441620
5.446632
5.451534
5.456553
5.461478
5.466415
5.471341
5.476357
5.481264
5.486168
5.491142
5.496082
5.501047
5.506008
5.510937
5.515809
5.520773
5.525599
5.530534
5.535406
5.540355
5.545182
5.550080
5.554886
5.559835
5.564686
5.569540
5.574402
5.579283
5.584130
5.589041
5.593864
5.598659
5.603608
5.608401
5.613252
5.618100
5.622830
5.627651
5.632505
5.637301
5.642056
5.646883
5.651703
5.656458
5.661264
5.666139
5.670785
5.675630
5.680424
5.685259
5.689909
5.694739
5.699458
5.704191
5.708949
5.713734
5.718435
5.723201
5.727890
5.732636
5.737403
5.742074
5.746849
5.751586
5.756251
5.761006
5.765691
5.770377
5.775060
5.779773
5.784474
5.789121
5.793795
5.798531
5.803166
5.807843
5.812574
5.817149
5.821928
5.826547
5.831188
5.835880
5.840485
5.845075
5.849749
5.854462
5.859031
5.863663
5.868240
5.872950
5.877573
5.882139
5.886762
5.891403
5.895954
5.900553
5.905215
5.909817
5.914398
5.918940
5.923494
5.928162
5.932703
5.937222
5.941791
5.946366
5.950911
5.955456
5.959986
5.964516
5.969031
5.973657
5.978130
5.982651
5.987193
5.991660
5.996172
6.000693
6.005187
6.009696
6.014166
6.018663
6.023181
6.027652
6.032086
6.036586
6.041035
6.045463
6.049901
6.054368
6.058823
6.063320
6.067772
6.072140
6.076604
6.081057
6.085422
6.089841
6.094248
6.098658
6.103047
6.107425
6.111886
6.116251
6.120733
6.124967
6.129425
6.133817
6.138149
6.142502
6.146880
6.151302
6.155571
6.159922
6.164284
6.168628
6.172948
6.177281
6.181619
6.185957
6.190257
6.194544
6.198930
6.203238
6.207553
6.211825
6.216131
6.220406
6.224777
6.228978
6.233271
6.237540
6.241831
6.246079
6.250375
6.254609
6.258873
6.263103
6.267387
6.271642
6.275959
6.280076
0.001210
0.005387
0.009641
0.013890
0.018093
0.022372
0.026572
0.030740
0.035018
0.039230
0.043458
0.047646
0.051877
0.056080
0.060251
0.064430
0.068667
0.072879
0.077035
0.081289
0.085421
0.089633
0.093819
0.097962
0.102097
0.106360
0.110495
0.114689
0.118866
0.123060
0.127228
0.131386
0.135533
0.139688
0.143844
0.147999
0.152167
0.156304
0.160454
0.164621
0.168705
0.172872
0.177013
0.181175
0.185279
0.189423
0.193584
0.197686
0.201811
0.206021
0.210018
0.214209
0.218377
0.222406
0.226463
0.230651
0.234741
0.238804
0.242914
0.246986
0.251129
0.255252
0.259297
0.263437
0.267506
0.271607
0.275661
0.279781
0.283843
0.287912
0.291975
0.296019
0.300139
0.304199
0.308234
0.312291
0.316378
0.320407
0.324476
0.328536
0.332571
0.336631
0.340777
0.344747
0.348774
0.352834
0.356818
0.360881
0.364914
0.368910
0.372943
0.376994
0.380991
0.384999
0.389011
0.393011
0.397040
0.401085
0.405091
0.409105
0.413087
0.417081
0.421066
0.425033
0.429074
0.432963
0.437011
0.440978
0.444947
0.448896
0.452878
0.456851
0.460826
0.464730
0.468787
0.472631
0.476658
0.480552
0.484549
0.488486
0.492405
0.496327
0.500252
0.504188
0.508080
0.511999
0.516008
0.519849
0.523759
0.527665
0.531635
0.535494
0.539425
0.543302
0.547230
0.551059
0.554942
0.558851
0.562710
0.566572
0.570455
0.574350
0.578206
0.582068
0.585939
0.589825
0.593618
0.597533
0.601368
0.605185
0.609086
0.612873
0.616708
0.620582
0.624384
0.628171
0.632039
0.635850
0.639625
0.643493
0.647286
0.651082
0.654944
0.658698
0.662536
0.666341
0.670119
0.673903
0.677717
0.681489
0.685306
0.689048
0.692790
0.696616
0.700340
0.704106
0.707830
0.711614
0.715368
0.719137
0.722906
0.726642
0.730409
0.734151
0.737848
0.741602
0.745326
0.749026
0.752723
0.756495
0.760159
0.763919
0.767641
0.771356
0.775026
0.778765
0.782486
0.786171
0.789907
0.793559
0.797236
0.800975
0.804615
0.808330
0.812012
0.815691
0.819340
0.823029
0.826678
0.830330
0.834063
0.837697
0.841356
0.845029
0.848702
0.852360
0.856054
0.859721
0.863326
0.867014
0.870645
0.874273
0.877994
0.881554
0.885179
0.888867
0.892489
0.896138
0.899755
0.903389
0.907044
0.910675
0.914277
0.917896
0.921563
0.925179
0.928891
0.932445
0.936055
0.939626
0.943296
0.946844
0.950466
0.954049
0.957644
0.961288
0.964904
0.968496
0.972130
0.975753
0.979336
0.982895
0.986499
0.990050
0.993621
0.997243
1.000809
1.004404
1.008011
1.011624
1.015124
1.018797
1.022302
1.025877
1.029451
1.033001
1.036590
1.040162
1.043736
1.047251
1.050852
1.054408
1.057985
1.061551
1.065062
1.068609
1.072154
1.075659
1.079176
1.082766
1.086313
1.089857
1.093411
1.096916
1.100433
1.103987
1.107522
1.110965
1.114530
1.118050
1.121556
1.125124
1.128587
1.132099
1.135613
1.139101
1.142570
1.146117
1.149590
1.153077
1.156592
1.160076
1.163572
1.167042
1.170502
1.174023
1.177501
1.180943
1.184425
1.187894
1.191373
1.194854
1.198339
1.201784
1.205266
1.208684
1.212153
1.215617
1.219128
1.222523
1.225965
1.229408
1.232835
1.236278
1.239705
1.243136
1.246599
1.250036
1.253427
1.256813
1.260282
1.263698
1.267110
1.270538
1.273872
1.277372
1.280739
1.284119
1.287519
1.290941
1.294320
1.297685
1.301091
1.304459
1.307838
1.311245
1.314628
1.318019
1.321378
1.324739
1.328089
1.331456
1.334854
1.338150
1.341526
1.344870
1.348246
1.351584
1.354900
1.358256
1.361618
1.364916
1.368266
1.371592
1.374926
1.378261
1.381589
1.384873
1.388160
1.391500
1.394736
1.398083
1.401381
1.404662
1.407946
1.411232
1.414492
1.417761
1.421101
1.424352
1.427624
1.430925
1.434185
1.437430
1.440693
1.443973
1.447212
1.450502
1.453699
1.456955
1.460242
1.463457
1.466767
1.469943
1.473155
1.476415
1.479641
1.482844
1.486053
1.489280
1.492542
1.495730
1.498942
1.502184
1.505342
1.508565
1.511783
1.514974
1.518150
1.521322
1.524579
1.527725
1.530952
1.534113
1.537327
1.540500
1.543679
1.546834
1.549986
1.553162
1.556355
1.559504
1.562677
1.565820
1.568954
1.572097
1.575264
1.578418
1.581585
1.584728
1.587901
1.591002
1.594205
1.597281
1.600457
1.603579
1.606734
1.609850
1.612996
1.616109
1.619228
1.622355
1.625465
1.628614
1.631733
1.634858
1.637950
1.641099
1.644251
1.647292
1.650414
1.653556
1.656699
1.659764
1.662796
1.665924
1.669016
1.672150
1.675236
1.678325
1.681399
1.684545
1.687598
1.690675
1.693757
1.696846
1.699944
1.703033
1.706050
1.709127
1.712156
1.715242
1.718298
1.721369
1.724389
1.727436
1.730510
1.733539
1.736589
1.739675
1.742713
1.745781
1.748807
1.751818
1.754850
1.757897
1.760935
1.764003
1.767014
1.770016
1.773042
1.776056
1.779055
1.782051
1.785071
1.788052
1.791072
1.794134
1.797106
1.800084
1.803099
1.806092
1.809115
1.812099
1.815095
1.818082
1.821063
1.824038
1.826998
1.829982
1.832936
1.835974
1.838892
1.841918
1.844840
1.847827
1.850754
1.853726
1.856686
1.859646
1.862561
1.865482
1.868451
1.871412
1.874336
1.877314
1.880235
1.883198
1.886071
1.889073
1.891977
1.894907
1.897840
1.900779
1.903661
1.906570
1.909500
1.912440
1.915313
1.918216
1.921119
1.924025
1.926944
1.929817
1.932741
1.935650
1.938541
1.941429
1.944306
1.947164
1.950061
1.952955
1.955819
1.958678
1.961569
1.964409
1.967285
1.970171
1.973026
1.975890
1.978784
1.981607
1.984483
1.987332
1.990190
1.993031
1.995895
1.998726
2.001542
2.004421
2.007229
2.010042
2.012873
2.015696
2.018503
2.021379
2.024136
2.026985
2.029762
2.032569
2.035434
2.038217
2.041063
2.043820
2.046630
2.049455
2.052173
2.055022
2.057763
2.060508
2.063366
2.066119
2.068873
2.071626
2.074379
2.077145
2.079925
2.082667
2.085435
2.088197
2.090936
2.093692
2.096484
2.099208
2.101949
2.104640
2.107414
2.110125
2.112843
2.115542
2.118284
2.121007
2.123722
2.126412
2.129132
2.131823
2.134555
2.137234
2.139972
2.142651
2.145356
2.148016
2.150665
2.153364
2.156070
2.158721
2.161409
2.164045
2.166733
2.169408
2.172057
2.174732
2.177426
2.180062
2.182696
2.185404
2.187987
2.190659
2.193272
2.195890
2.198530
2.201190
2.203779
2.206404
2.209028
2.211656
2.214286
2.216917
2.219496
2.222148
2.224734
2.227295
2.229950
2.232517
2.235130
2.237670
2.240301
2.242797
2.245439
2.248022
2.250583
2.253172
2.255764
2.258295
2.260878
2.263392
2.265986
2.268539
2.271103
2.273665
2.276212
2.278759
2.281287
2.283810
2.286353
2.288882
2.291405
2.293945
2.296441
2.298946
2.301477
2.303994
2.306526
2.309072
2.311547
2.314052
2.316551
2.319049
2.321581
2.324056
2.326543
2.329014
2.331564
2.333943
2.336447
2.338931
2.341418
2.343890
2.346355
2.348833
2.351299
2.353741
2.356204
2.358630
2.361117
2.363544
2.365959
2.368415
2.370833
2.373263
2.375705
2.378134
2.380585
2.383027
2.385460
2.387899
2.390337
2.392749
2.395158
2.397585
2.399982
2.402373
2.404814
2.407181
2.409614
2.411999
2.414405
2.416793
2.419214
2.421589
2.424004
2.426404
2.428783
2.431168
2.433541
2.435893
2.438310
2.440674
2.443044
2.445375
2.447772
2.450124
2.452482
2.454831
2.457180
2.459561
2.461931
2.464262
2.466611
2.468990
2.471297
2.473631
2.476034
2.478335
2.480708
2.483003
2.485316
2.487655
2.489971
2.492269
2.494606
2.496952
2.499274
2.501608
2.503882
2.506237
2.508541
2.510827
2.513155
2.515408
2.517739
2.520019
2.522311
2.524582
2.526862
2.529178
2.531461
2.533732
2.536021
2.538298
2.540560
2.542888
2.545108
2.547376
2.549656
2.551939
2.554186
2.556448
2.558680
2.560924
2.563174
2.565412
2.567668
2.569933
2.572141
2.574385
2.576680
2.578891
2.581108
2.583355
2.585597
2.587820
2.590037
2.592233
2.594471
2.596697
2.598872
2.601062
2.603282
2.605523
2.607695
2.609895
2.612088
2.614290
2.616462
2.618688
2.620860
2.623056
2.625237
2.627434
2.629609
2.631787
2.633950
2.636113
2.638264
2.640424
2.642621
2.644766
2.646923
2.649092
2.651249
2.653388
2.655545
2.657676
2.659818
2.661969
2.664087
2.666214
2.668354
2.670466
2.672608
2.674759
2.676868
2.678975
2.681087
2.683196
2.685287
2.687435
2.689506
2.691642
2.693781
2.695866
2.697964
2.700058
2.702125
2.704204
2.706287
2.708351
2.710424
2.712539
2.714595
2.716686
2.718774
2.720845
2.722888
2.724949
2.727007
2.729069
2.731124
2.733155
2.735219
2.737287
2.739318
2.741359
2.743414
2.745463
2.747497
2.749529
2.751527
2.753546
2.755590
2.757582
2.759619
2.761648
2.763655
2.765689
2.767742
2.769713
2.771700
2.773713
2.775684
2.777665
2.779648
2.781622
2.783618
2.785637
2.787624
2.789631
2.791638
2.793610
2.795572
2.797526
2.799467
2.801420
2.803362
2.805324
2.807287
2.809282
2.811229
2.813213
2.815166
2.817096
2.819007
2.820940
2.822854
2.824772
2.826719
2.828673
2.830635
2.832588
2.834512
2.836408
2.838320
2.840234
2.842119
2.843997
2.845888
2.847784
2.849699
2.851628
2.853558
2.855505
2.857420
2.859301
2.861141
2.862992
2.864856
2.866716
2.868598
2.870420
2.872364
2.874240
2.876139
2.878033
2.879878
2.881736
2.883599
2.885394
2.887257
2.889067
2.890898
2.892737
2.894610
2.896464
2.898328
2.900188
2.902025
2.903853
2.905677
2.907457
2.909242
2.911061
2.912880
2.914650
2.916475
2.918308
2.920160
2.921997
2.923809
2.925592
2.927399
2.929154
2.930919
2.932690
2.934451
2.936222
2.938020
2.939814
2.941591
2.943419
2.945174
2.946984
2.948730
2.950462
2.952218
2.953962
2.955687
2.957443
2.959181
2.960924
2.962695
2.964445
2.966188
2.967938
2.969658
2.971402
2.973130
2.974832
2.976549
2.978272
2.979979
2.981693
2.983404
2.985126
2.986846
2.988545
2.990274
2.991970
2.993680
2.995370
2.997042
2.998723
3.000391
3.002063
3.003729
3.005413
3.007094
3.008775
3.010479
3.012172
3.013865
3.015531
3.017175
3.018808
3.020459
3.022074
3.023743
3.025370
3.026994
3.028635
3.030310
3.031958
3.033615
3.035275
3.036892
3.038549
3.040155
3.041740
3.043355
3.044949
3.046549
3.048158
3.049797
3.051337
3.052948
3.054560
3.056160
3.057826
3.059441
3.061044
3.062611
3.064217
3.065774
3.067323
3.068893
3.070430
3.072003
3.073555
3.075110
3.076680
3.078286
3.079823
3.081429
3.082969
3.084530
3.086109
3.087649
3.089159
3.090699
3.092247
3.093755
3.095294
3.096811
3.098327
3.099822
3.101374
3.102922
3.104460
3.105997
3.107503
3.109014
3.110536
3.112034
3.113517
3.115015
3.116501
3.117981
3.119455
3.120914
3.122457
3.123961
3.125456
3.126957
3.128446
3.129905
3.131370
3.132844
3.134324
3.135753
3.137236
3.138692
3.140146
3.141614
3.143031
3.144481
3.145928
3.147411
3.148864
3.150299
3.151737
3.153190
3.154613
3.156019
3.157499
3.158907
3.160345
3.161747
3.163128
3.164539
3.165966
3.167395
3.168794
3.170250
3.171667
3.173060
3.174453
3.175853
3.177258
3.178648
3.180014
3.181389
3.182786
3.184113
3.185476
3.186845
3.188214
3.189616
3.191010
3.192382
3.193769
3.195144
3.196504
3.197829
3.199204
3.200525
3.201876
3.203233
3.204564
3.205897
3.207221
3.208528
3.209867
3.211209
3.212539
3.213876
3.215233
3.216551
3.217884
3.219191
3.220497
3.221839
3.223136
3.224425
3.225719
3.226974
3.228248
3.229533
3.230809
3.232098
3.233404
3.234728
3.236013
3.237311
3.238590
3.239839
3.241119
3.242413
3.243656
3.244900
3.246170
3.247440
3.248648
3.249906
3.251098
3.252336
3.253561
3.254790
3.256033
3.257297
3.258571
3.259829
3.261081
3.262310
3.263535
3.264766
3.265971
3.267172
3.268362
3.269539
3.270717
3.271888
3.273081
3.274273
3.275481
3.276661
3.277889
3.279094
3.280268
3.281443
3.282647
3.283821
3.284993
3.286170
3.287333
3.288492
3.289685
3.290835
3.291974
3.293112
3.294248
3.295377
3.296510
3.297633
3.298787
3.299922
3.301076
3.302232
3.303398
3.304530
3.305666
3.306801
3.307907
3.309021
3.310145
3.311214
3.312323
3.313434
3.314513
3.315583
3.316670
3.317725
3.318803
3.319912
3.320991
3.322096
3.323205
3.324304
3.325392
3.326488
3.327525
3.328606
3.329667
3.330734
3.331800
3.332861
3.333910
3.334964
3.336001
3.337031
3.338074
3.339090
3.340084
3.341109
3.342134
3.343140
3.344165
3.345217
3.346244
3.347269
3.348309
3.349327
3.350328
3.351362
3.352377
3.353357
3.354403
3.355403
3.356413
3.357396
3.358378
3.359322
3.360251
3.361171
3.362102
3.363076
3.364056
3.365030
3.366000
3.366971
3.367921
3.368867
3.369802
3.370740
3.371672
3.372604
3.373556
3.374539
3.375483
3.376460
3.377400
3.378329
3.379243
3.380115
3.380933
3.381768
3.382619
3.383458
3.384309
3.385193
3.386095
3.386994
3.387868
3.388761
3.389603
3.390439
3.391275
3.392111
3.392956
3.393804
3.394666
3.395541
3.396404
3.397261
3.398112
3.398954
3.399772
3.400566
3.401327
3.402097
3.402879
3.403673
3.404437
3.405246
3.405998
3.406762
3.407538
3.408290
3.409042
3.409809
3.410561
3.411325
3.412080
3.412811
3.413563
3.414303
3.415052
3.415810
3.416532
3.417245
3.417973
3.418692
3.419408
3.420115
3.420831
3.421514
3.422218
3.422889
3.423567
3.424205
3.424858
3.425496
3.426119
3.426742
3.427347
3.427974
3.428642
3.429289
3.429924
3.430574
3.431203
3.431809
3.432411
3.433010
3.433591
3.434164
3.434739
3.435311
3.435880
3.436440
3.437010
3.437576
3.438133
3.438682
3.439239
3.439796
3.440401
3.440985
3.441573
3.442142
3.442720
3.443293
3.443823
3.444347
3.444827
3.445297
3.445758
3.446226
3.446696
3.447187
3.447670
3.448152
3.448622
3.449072
3.449497
3.449932
3.450357
3.450801
3.451232
3.451667
3.452095
3.452535
3.452961
3.453383
3.453803
3.454207
3.454600
3.454989
3.455355
3.455732
3.456122
3.456484
3.456847
3.457206
3.457548
3.457871
3.458210
3.458539
3.458875
3.459198
3.459543
3.459882
3.460244
3.460607
3.460969
3.461341
3.461718
3.462084
3.462413
3.462761
3.463109
3.463447
3.463804
3.464157
3.464502
3.464837
3.465188
3.465508
3.465814
3.466116
3.466401
3.466689
3.466982
3.467261
3.467525
3.467773
3.468037
3.468286
3.468513
3.468714
3.468915
3.469098
3.469259
3.469427
3.469583
3.469733
3.469880
3.470014
3.470122
3.470236
3.470338
3.470410
3.470485
3.470545
3.470596
3.470644
3.470695
3.470742
3.470772
3.470808
3.470835
3.470859
3.470865
3.470865
3.470865
3.470865
3.470865
3.470865
3.470865
3.470865
3.470865
3.470865
3.470865
3.470865
3.470865
3.470865
3.470865
3.470865
3.470820
3.470763
3.470703
3.470640
3.470578
3.470506
3.470422
3.470332
3.470248
3.470167
3.470074
3.469984
3.469894
3.469805
3.469703
3.469607
3.469490
3.469379
3.469262
3.469142
3.469002
3.468864
3.468726
3.468579
3.468432
3.468280
3.468115
3.467959
3.467800
3.467635
3.467462
3.467291
3.467129
3.466967
3.466812
3.466650
3.466473
3.466296
3.466137
3.465979
3.465805
3.465643
3.465502
3.465355
3.465212
3.465071
3.464924
3.464792
3.464675
3.464559
3.464436
3.464319
3.464211
3.464109
3.464013
3.463926
3.463840
3.463765
3.463705
3.463663
3.463603
3.463558
3.463528
3.463516
3.463501
3.463495
3.463492
3.463489
3.463489
3.463489
3.463489
3.463489
3.463489
3.463489
3.463489
3.463489
3.463489
3.463489
3.463489
3.463489
3.463489
3.463489
3.463489
3.463489
3.463492
3.463525
3.463543
3.463561
3.463597
3.463636
3.463657
3.463684
3.463717
3.463737
3.463758
3.463777
3.463783
3.463794
3.463815
3.463840
3.463851
3.463863
3.463878
3.463890
3.463902
3.463908
3.463908
3.463908
3.463908
3.463908
3.463908
3.463908
3.463908
3.463908
3.463908
3.463908
3.463908
3.463908
3.463908
3.463908
3.463908
3.463908
3.463908
3.463908
3.463908
3.463908
3.463908
3.463908
3.463908
3.463908
3.463908
3.463908
3.463908
3.463908
3.463908
3.463908
3.463908
3.463908
3.463908
3.463908
3.463908
3.463908
3.463908
3.463908
3.463908
3.463908
3.463908
3.463908
3.463908
3.463908
3.463908
3.463908
3.463908
3.463908
3.463908
3.463908
3.463908
3.463908
3.463908
3.463908
3.463908
3.463908
3.463908
3.463908
3.463908
3.463908
3.463908
3.463908
3.463908
3.463908
3.463908
3.463908
3.463908
3.463908
3.463908
3.463908
3.463908
3.463908
3.463908
3.463908
3.463908
3.463908
3.463908
3.463908
3.463908
3.463908
3.463908
3.463908
3.463908
3.463908
3.463908
3.463908
3.463908
3.463908
3.463908
3.463908
3.463908
3.463908
3.463908
3.463908
3.463908
3.463908
3.463908
3.463908
3.463908