4.805012
4.805012
4.805012
4.805012
4.805012
4.805012
4.805012
4.805012
4.805111
4.805473
4.805926
4.806468
4.807100
4.807826
4.808664
4.809632
4.810761
4.811957
4.813242
4.814605
4.816154
4.817796
4.819525
4.821389
4.823351
4.825433
4.827629
4.829891
4.832288
4.834790
4.837423
4.840171
4.843032
4.846019
4.849060
4.852284
4.855514
4.858941
4.862539
4.866182
4.869982
4.873924
4.877921
4.882017
4.886250
4.890621
4.895076
4.899745
4.904433
4.909266
4.914272
4.919234
4.924417
4.929864
4.935155
4.940752
4.946378
4.952106
4.957967
4.963986
4.970062
4.976336
4.982657
4.989060
4.995741
5.002359
5.009115
5.016037
5.023179
5.030264
5.037551
5.045011
5.052501
5.060069
5.067892
5.075661
5.083711
5.091789
5.099905
5.108378
5.116845
5.125360
5.134051
5.143063
5.151833
5.160875
5.170040
5.179405
5.188642
5.198262
5.207991
5.217527
5.227591
5.237466
5.247592
5.257758
5.268058
5.278524
5.289031
5.299619
5.310453
5.321239
5.332270
5.343296
5.354576
5.365781
5.377154
5.388527
5.400199
5.411764
5.423344
5.435014
5.446656
5.458374
5.469954
5.481710
5.493284
5.504912
5.516749
5.528506
5.540080
5.551806
5.563395
5.575163
5.587079
5.598583
5.610397
5.621917
5.633835
5.645442
5.657145
5.668796
5.680592
5.692327
5.703934
5.715654
5.727429
5.739080
5.750930
5.762711
5.774293
5.785987
5.797797
5.809428
5.821071
5.832800
5.844532
5.856187
5.867797
5.879398
5.891098
5.902917
5.914356
5.925974
5.937692
5.949224
5.960807
5.972458
5.984044
5.995609
6.007213
6.018721
6.030312
6.042108
6.053352
6.064950
6.076367
6.088070
6.099389
6.111137
6.122402
6.133841
6.145325
6.156743
6.168107
6.179525
6.190874
6.202289
6.213752
6.224975
6.236387
6.247685
6.259100
6.270383
6.281747
0.009782
0.021008
0.032474
0.043712
0.055011
0.066384
0.077502
0.088830
0.100146
0.111480
0.122575
0.134145
0.145336
0.156583
0.168013
0.179236
0.190531
0.201877
0.213181
0.224491
0.235724
0.247112
0.258374
0.269558
0.280880
0.292271
0.303644
0.314688
0.326025
0.337356
0.348651
0.359874
0.371268
0.382423
0.393835
0.404902
0.416239
0.427462
0.438853
0.449951
0.461165
0.472430
0.483620
0.494691
0.505938
0.517215
0.528319
0.539647
0.550546
0.561904
0.572948
0.584042
0.595194
0.606465
0.617337
0.628519
0.639826
0.650696
0.661805
0.672869
0.683904
0.694998
0.706128
0.717145
0.728102
0.739208
0.750168
0.761259
0.772219
0.783298
0.794279
0.805313
0.816216
0.827229
0.838243
0.849259
0.860111
0.871178
0.882315
0.893103
0.904318
0.915253
0.926246
0.937313
0.948264
0.959325
0.970465
0.981367
0.992522
1.003397
1.014384
1.025625
1.036483
1.047577
1.058648
1.069787
1.080773
1.091883
1.103100
1.113856
1.125088
1.136242
1.147172
1.158167
1.169328
1.180344
1.191397
1.202479
1.213493
1.224521
1.235595
1.246599
1.257723
1.268731
1.279727
1.290761
1.301831
1.312833
1.323879
1.334878
1.345909
1.356974
1.368011
1.378980
1.389936
1.400953
1.411787
1.422866
1.433924
1.444848
1.455856
1.466677
1.477664
1.488561
1.499568
1.510659
1.521562
1.532561
1.543391
1.554366
1.565224
1.576069
1.587128
1.597917
1.608864
1.619854
1.630867
1.641740
1.652730
1.663665
1.674673
1.685578
1.696574
1.707488
1.718553
1.729581
1.740496
1.751467
1.762412
1.773444
1.784418
1.795396
1.806532
1.817456
1.828580
1.839474
1.850463
1.861624
1.872400
1.883468
1.894559
1.905537
1.916562
1.927582
1.938505
1.949498
1.960625
1.971588
1.982514
1.993699
2.004634
2.015669
2.026622
2.037663
2.048664
2.059501
2.070500
2.081462
2.092562
2.103396
2.114302
2.125339
2.136173
2.147076
2.158038
2.168905
2.179793
2.190776
2.201598
2.212603
2.223301
2.234249
2.244951
2.255800
2.266603
2.277503
2.288298
2.299033
2.309803
2.320610
2.331339
2.342110
2.352905
2.363607
2.374333
2.385262
2.395898
2.406543
2.417320
2.427977
2.438778
2.449651
2.460221
2.471063
2.481717
2.492488
2.503190
2.513925
2.524600
2.535365
2.546189
2.556777
2.567491
2.578265
2.588946
2.599747
2.610305
2.621208
2.631916
2.642543
2.653313
2.664039
2.674693
2.685383
2.696037
2.706880
2.717504
2.728269
2.738869
2.749631
2.760278
2.771013
2.781545
2.792247
2.802933
2.813498
2.824167
2.834773
2.845412
2.856060
2.866618
2.877242
2.887913
2.898442
2.909066
2.919603
2.930092
2.940707
2.951268
2.961658
2.972247
2.982888
2.993279
3.003717
3.014410
3.024839
3.035269
3.045815
3.056274
3.066625
3.077127
3.087502
3.097883
3.108325
3.118694
3.129015
3.139459
3.149868
3.160141
3.170702
3.180742
3.191198
3.201613
3.212084
3.222261
3.232697
3.243006
3.253358
3.263763
3.274057
3.284498
3.294910
3.305261
3.315439
3.325922
3.336336
3.346580
3.357003
3.367298
3.377646
3.387988
3.398301
3.408568
3.419126
3.429349
3.439646
3.450007
3.460289
3.470709
3.481025
3.491194
3.501686
3.511917
3.522245
3.532479
3.542777
3.553029
3.563303
3.573645
3.583879
3.594090
3.604388
3.614583
3.624824
3.635100
3.645302
3.655605
3.665744
3.675918
3.686102
3.696303
3.706457
3.716704
3.726818
3.736924
3.747114
3.757312
3.767349
3.777389
3.787539
3.797612
3.807709
3.817878
3.827920
3.837834
3.848150
3.858001
3.868067
3.877996
3.888021
3.898205
3.908101
3.918212
3.928075
3.938115
3.948143
3.958132
3.968168
3.978104
3.988089
3.997964
4.008097
4.018092
4.028120
4.038061
4.048064
4.058122
4.067997
4.077995
4.087954
4.098006
4.108076
4.118055
4.128110
4.138009
4.148136
4.158038
4.168170
4.178177
4.188115
4.198158
4.208138
4.218112
4.228184
4.238158
4.248138
4.258178
4.268248
4.278183
4.288166
4.298244
4.308224
4.318207
4.328370
4.338305
4.348341
4.358303
4.368262
4.378350
4.388222
4.398124
4.408253
4.418134
4.427985
4.438088
4.448107
4.457979
4.467947
4.477948
4.487885
4.497664
4.507809
4.517589
4.527667
4.537485
4.547336
4.557244
4.567254
4.577126
4.586920
4.596804
4.606697
4.616593
4.626411
4.636382
4.645999
4.656162
4.665782
4.675618
4.685424
4.695407
4.705177
4.714974
4.724787
4.734605
4.744474
4.754241
4.764086
4.773979
4.783752
4.793558
4.803469
4.813254
4.823078
4.832974
4.842810
4.852655
4.862554
4.872331
4.882161
4.892050
4.901970
4.911705
4.921604
4.931439
4.941285
4.951178
4.961038
4.970895
4.980847
4.990765
5.000391
5.010416
5.020243
5.030100
5.040035
5.049811
5.059653
5.069531
5.079334
5.089110
5.099168
5.108923
5.118696
5.128595
5.138389
5.148207
5.157992
5.168002
5.177703
5.187495
5.197226
5.207107
5.216859
5.226551
5.236375
5.246172
5.255829
5.265590
5.275357
5.285058
5.294796
5.304518
5.314102
5.323968
5.333454
5.343167
5.352817
5.362644
5.372190
5.381717
5.391442
5.400981
5.410581
5.420243
5.429884
5.439460
5.449029
5.458722
5.468048
5.477630
5.487052
5.496643
5.506203
5.515683
5.525108
5.534866
5.544166
5.553802
5.563440
5.572682
5.582156
5.591746
5.601136
5.610670
5.620185
5.629643
5.639153
5.648555
5.657983
5.667472
5.677023
5.686635
5.696033
5.705456
5.714947
5.724328
5.733780
5.743446
5.752758
5.762168
5.771525
5.781058
5.790529
5.800038
5.809308
5.818902
5.828213
5.837618
5.847079
5.856430
5.865916
5.875209
5.884545
5.893980
5.903552
5.912837
5.922161
5.931604
5.940925
5.950222
5.959581
5.968950
5.978345
5.987681
5.996990
6.006359
6.015623
6.025009
6.034144
6.043581
6.052630
6.062052
6.071095
6.080418
6.089847
6.098940
6.108084
6.117321
6.126611
6.135635
6.145010
6.154022
6.163193
6.172433
6.181592
6.190715
6.199862
6.208934
6.218135
6.227189
6.236288
6.245393
6.254495
6.263534
6.272699
6.281798
0.007559
0.016559
0.025715
0.034712
0.043841
0.052943
0.061952
0.070974
0.080079
0.089043
0.098124
0.107181
0.116181
0.125286
0.134268
0.143253
0.152334
0.161425
0.170512
0.179434
0.188629
0.197581
0.206605
0.215629
0.224629
0.233644
0.242827
0.251771
0.260795
0.269858
0.278861
0.287888
0.296903
0.305825
0.314915
0.323973
0.332940
0.341931
0.351012
0.359856
0.369024
0.377950
0.386857
0.395905
0.404905
0.413809
0.422756
0.431825
0.440888
0.449744
0.458819
0.467523
0.476673
0.485586
0.494499
0.503370
0.512299
0.521275
0.530107
0.539002
0.548110
0.556919
0.565805
0.574641
0.583602
0.592443
0.601210
0.610144
0.618982
0.627892
0.636707
0.645647
0.654354
0.663171
0.671973
0.680767
0.689746
0.698542
0.707306
0.716066
0.724890
0.733707
0.742336
0.751267
0.759968
0.768782
0.777507
0.786303
0.794995
0.803794
0.812524
0.821300
0.830066
0.838761
0.847539
0.856372
0.865060
0.873794
0.882608
0.891348
0.900159
0.908869
0.917737
0.926363
0.935147
0.943923
0.952647
0.961473
0.970141
0.979048
0.987665
0.996575
1.005228
1.014108
1.022770
1.031548
1.040336
1.049129
1.057868
1.066671
1.075320
1.084162
1.092967
1.101617
1.110467
1.119288
1.128129
1.136785
1.145716
1.154312
1.163213
1.172048
1.180632
1.189524
1.198381
1.207036
1.215743
1.224614
1.233219
1.242084
1.250812
1.259518
1.268258
1.277105
1.285758
1.294509
1.303272
1.311985
1.320769
1.329467
1.338153
1.346865
1.355617
1.364299
1.373144
1.381835
1.390347
1.399179
1.407901
1.416559
1.425194
1.433913
1.442601
1.451203
1.459906
1.468523
1.477194
1.485900
1.494523
1.503277
1.511777
1.520394
1.529163
1.537828
1.546480
1.555055
1.563720
1.572270
1.580854
1.589552
1.598132
1.606803
1.615503
1.624060
1.632755
1.641347
1.649985
1.658536
1.667230
1.675907
1.684572
1.693101
1.701781
1.710415
1.719206
1.727895
1.736430
1.745131
1.753831
1.762412
1.771116
1.779771
1.788520
1.797079
1.805711
1.814430
1.823163
1.831807
1.840417
1.849148
1.857800
1.866468
1.875304
1.883815
1.892549
1.901246
1.909833
1.918567
1.927225
1.935836
1.944569
1.953180
1.961845
1.970425
1.979156
1.987767
1.996404
2.005081
2.013718
2.022401
2.031050
2.039721
2.048170
2.056993
2.065517
2.074122
2.082726
2.091421
2.099870
2.108564
2.117157
2.125768
2.134340
2.142845
2.151453
2.160088
2.168704
2.177093
2.185827
2.194195
2.202715
2.211275
2.219757
2.228275
2.236880
2.245265
2.253759
2.262283
2.270723
2.279250
2.287761
2.296079
2.304689
2.313099
2.321554
2.329952
2.338287
2.346721
2.355164
2.363655
2.372059
2.380477
2.388858
2.397259
2.405599
2.414009
2.422350
2.430904
2.439278
2.447706
2.456065
2.464439
2.472855
2.481241
2.489663
2.498055
2.506393
2.514863
2.523219
2.531578
2.539973
2.548296
2.556640
2.565134
2.573459
2.581861
2.590258
2.598489
2.606899
2.615398
2.623676
2.632074
2.640370
2.648726
2.657331
2.665468
2.673812
2.682345
2.690533
2.698871
2.707302
2.715500
2.723936
2.732254
2.740490
2.748795
2.757246
2.765492
2.773866
2.782174
2.790395
2.798700
2.807074
2.815328
2.823609
2.831962
2.840147
2.848524
2.856785
2.864982
2.873200
2.881550
2.889750
2.897962
2.906235
2.914348
2.922641
2.930871
2.939059
2.947223
2.955457
2.963627
2.971728
2.979985
2.988054
2.996287
3.004355
3.012573
3.020702
3.028854
3.036880
3.045060
3.053200
3.061331
3.069283
3.077552
3.085546
3.093659
3.101727
3.109751
3.117867
3.125962
3.134099
3.141982
3.150155
3.158101
3.166106
3.174187
3.182198
3.190198
3.198275
3.206316
3.214340
3.222381
3.230324
3.238320
3.246407
3.254448
3.262388
3.270453
3.278503
3.286461
3.294580
3.302508
3.310504
3.318621
3.326404
3.334533
3.342526
3.350541
3.358522
3.366552
3.374569
3.382476
3.390514
3.398438
3.406420
3.414485
3.422389
3.430430
3.438421
3.446312
3.454252
3.462266
3.470152
3.478137
3.486124
3.494061
3.502006
3.509976
3.517867
3.525807
3.533728
3.541590
3.549572
3.557469
3.565355
3.573199
3.581141
3.589045
3.597005
3.604810
3.612660
3.620458
3.628404
3.636212
3.643971
3.651950
3.659755
3.667568
3.675439
3.683178
3.691000
3.698772
3.706463
3.714304
3.722168
3.729853
3.737619
3.745445
3.753154
3.760880
3.768592
3.776343
3.783962
3.791836
3.799422
3.807220
3.814873
3.822653
3.830272
3.837933
3.845612
3.853219
3.860997
3.868466
3.876238
3.883821
3.891458
3.899143
3.906740
3.914359
3.921973
3.929633
3.937189
3.944844
3.952469
3.960037
3.967632
3.975203
3.982789
3.990462
3.997982
4.005544
4.013151
4.020776
4.028296
4.035945
4.043597
4.051094
4.058676
4.066361
4.073833
4.081461
4.089005
4.096550
4.104175
4.111742
4.119269
4.126843
4.134471
4.142051
4.149556
4.157166
4.164665
4.172314
4.179921
4.187381
4.195027
4.202631
4.210172
4.217755
4.225311
4.232855
4.240378
4.248024
4.255529
4.263106
4.270552
4.278213
4.285703
4.293223
4.300857
4.308263
4.315882
4.323378
4.330895
4.338448
4.345923
4.353453
4.361023
4.368516
4.376001
4.383557
4.391059
4.398504
4.406006
4.413506
4.420990
4.428564
4.436024
4.443439
4.450980
4.458449
4.465915
4.473376
4.480836
4.488191
4.495750
4.503153
4.510550
4.518008
4.525405
4.532934
4.540322
4.547660
4.555060
4.562481
4.569918
4.577261
4.584727
4.592025
4.599501
4.606763
4.614178
4.621456
4.628862
4.636226
4.643504
4.650865
4.658235
4.665522
4.672853
4.680136
4.687456
4.694817
4.702062
4.709360
4.716703
4.723951
4.731240
4.738556
4.745825
4.753123
4.760395
4.767702
4.775064
4.782275
4.789609
4.796947
4.804320
4.811516
4.818821
4.826137
4.833352
4.840653
4.847942
4.855208
4.862602
4.869835
4.876995
4.884267
4.891616
4.898977
4.906096
4.913451
4.920714
4.927985
4.935317
4.942498
4.949788
4.957017
4.964262
4.971545
4.978783
4.985998
4.993272
5.000535
5.007773
5.015101
5.022226
5.029516
5.036754
5.043960
5.051213
5.058485
5.065612
5.072884
5.080068
5.087276
5.094452
5.101673
5.108860
5.116089
5.123244
5.130527
5.137580
5.144959
5.151931
5.159182
5.166339
5.173500
5.180631
5.187788
5.194883
5.202002
5.209195
5.216260
5.223396
5.230506
5.237574
5.244722
5.251787
5.258837
5.265848
5.273020
5.280049
5.287117
5.294118
5.301258
5.308215
5.315252
5.322170
5.329244
5.336273
5.343221
5.350249
5.357191
5.364223
5.371129
5.378143
5.385067
5.391984
5.398965
5.405880
5.412810
5.419761
5.426655
5.433540
5.440449
5.447346
5.454197
5.461172
5.467907
5.474870
5.481725
5.488550
5.495372
5.502263
5.509148
5.515943
5.522750
5.529536
5.536391
5.543240
5.549919
5.556788
5.563604
5.570457
5.577137
5.584122
5.590830
5.597580
5.604402
5.611149
5.617911
5.624703
5.631444
5.638272
5.645061
5.651733
5.658532
5.665255
5.672032
5.678860
5.685613
5.692243
5.699005
5.705815
5.712505
5.719213
5.726017
5.732696
5.739383
5.746139
5.752844
5.759522
5.766264
5.772933
5.779653
5.786448
5.793106
5.799739
5.806438
5.813158
5.819791
5.826511
5.833139
5.839796
5.846534
5.853101
5.859725
5.866431
5.873016
5.879838
5.886373
5.892955
5.899645
5.906312
5.912885
5.919494
5.926139
5.932665
5.939265
5.945895
5.952498
5.959009
5.965765
5.972239
5.978861
5.985359
5.991879
5.998470
6.005034
6.011560
6.018103
6.024650
6.031178
6.037659
6.044253
6.050704
6.057193
6.063727
6.070235
6.076712
6.083180
6.089610
6.096148
6.102724
6.109006
6.115544
6.121985
6.128370
6.134764
6.141301
6.147689
6.154052
6.160494
6.166924
6.173350
6.179752
6.186128
6.192492
6.198811
6.205210
6.211600
6.217925
6.224277
6.230712
6.236947
6.243326
6.249636
6.256005
6.262399
6.268633
6.275087
6.281280
0.004395
0.010732
0.017027
0.023426
0.029661
0.036010
0.042238
0.048575
0.054825
0.061120
0.067399
0.073778
0.080022
0.086322
0.092506
0.098837
0.105129
0.111456
0.117604
0.123851
0.130245
0.136455
0.142702
0.148922
0.155250
0.161499
0.167728
0.173948
0.180216
0.186466
0.192739
0.199016
0.205203
0.211438
0.217756
0.223925
0.230208
0.236458
0.242624
0.248840
0.255171
0.261271
0.267569
0.273780
0.279960
0.286123
0.292469
0.298563
0.304825
0.311024
0.317261
0.323487
0.329707
0.335858
0.342099
0.348277
0.354421
0.360683
0.366840
0.372967
0.379136
0.385347
0.391543
0.397685
0.403883
0.410025
0.416185
0.422366
0.428496
0.434686
0.440837
0.446955
0.453025
0.459283
0.465288
0.471501
0.477628
0.483740
0.489825
0.495949
0.502031
0.508137
0.514234
0.520388
0.526446
0.532501
0.538571
0.544620
0.550813
0.556802
0.562905
0.569047
0.575024
0.581049
0.587146
0.593156
0.599217
0.605383
0.611255
0.617412
0.623440
0.629426
0.635401
0.641495
0.647439
0.653440
0.659504
0.665421
0.671392
0.677495
0.683472
0.689402
0.695511
0.701431
0.707399
0.713355
0.719314
0.725282
0.731214
0.737153
0.743142
0.749065
0.755000
0.760935
0.766808
0.772701
0.778684
0.784637
0.790545
0.796490
0.802419
0.808366
0.814235
0.820185
0.826118
0.831954
0.837886
0.843758
0.849682
0.855545
0.861447
0.867355
0.873249
0.879154
0.885071
0.890988
0.896845
0.902784
0.908626
0.914510
0.920484
0.926324
0.932208
0.938152
0.944012
0.949870
0.955754
0.961614
0.967555
0.973449
0.979318
0.985232
0.991032
0.997043
1.002834
1.008763
1.014557
1.020424
1.026338
1.032246
1.038026
1.044021
1.049845
1.055642
1.061632
1.067468
1.073316
1.079230
1.085049
1.090900
1.096754
1.102672
1.108445
1.114383
1.120216
1.126005
1.131895
1.137689
1.143613
1.149389
1.155207
1.161038
1.166904
1.172704
1.178577
1.184398
1.190219
1.196050
1.201910
1.207653
1.213463
1.219320
1.225177
1.230936
1.236790
1.242551
1.248328
1.254155
1.259890
1.265711
1.271541
1.277363
1.283079
1.289002
1.294719
1.300462
1.306334
1.312114
1.317830
1.323646
1.329350
1.335127
1.340951
1.346628
1.352393
1.358118
1.363913
1.369623
1.375349
1.381149
1.386847
1.392603
1.398295
1.404036
1.409779
1.415460
1.421149
1.426902
1.432633
1.438272
1.443979
1.449657
1.455373
1.461129
1.466713
1.472409
1.478152
1.483734
1.489492
1.495155
1.500871
1.506480
1.512154
1.517835
1.523537
1.529130
1.534763
1.540374
1.546058
1.551726
1.557323
1.562974
1.568666
1.574209
1.579967
1.585495
1.591140
1.596805
1.602351
1.608070
1.613718
1.619272
1.624896
1.630565
1.636122
1.641824
1.647480
1.652987
1.658689
1.664324
1.669918
1.675565
1.681195
1.686828
1.692409
1.698039
1.703671
1.709292
1.714889
1.720473
1.726085
1.731724
1.737362
1.742914
1.748546
1.754173
1.759815
1.765396
1.770984
1.776577
1.782174
1.787816
1.793307
1.799030
1.804606
1.810169
1.815748
1.821365
1.826866
1.832526
1.838042
1.843671
1.849331
1.854855
1.860515
1.866076
1.871603
1.877221
1.882782
1.888303
1.893918
1.899488
1.905024
1.910576
1.916131
1.921703
1.927342
1.932798
1.938409
1.943931
1.949552
1.955058
1.960610
1.966210
1.971720
1.977280
1.982811
1.988267
1.993842
1.999388
2.004856
2.010408
2.015905
2.021421
2.026961
2.032462
2.037930
2.043481
2.048982
2.054390
2.059911
2.065496
2.070901
2.076375
2.081855
2.087343
2.092823
2.098291
2.103684
2.109146
2.114608
2.120030
2.125471
2.131032
2.136377
2.141806
2.147262
2.152687
2.158077
2.163440
2.168908
2.174301
2.179730
2.185129
2.190483
2.195905
2.201289
2.206685
2.212024
2.217414
2.222882
2.228224
2.233557
2.238893
2.244250
2.249574
2.254913
2.260312
2.265678
2.270975
2.276350
2.281650
2.286938
2.292403
2.297565
2.302979
2.308228
2.313606
2.318801
2.324224
2.329446
2.334680
2.340097
2.345307
2.350643
2.355883
2.361093
2.366387
2.371765
2.376906
2.382227
2.387497
2.392737
2.397936
2.403257
2.408461
2.413737
2.419043
2.424160
2.429526
2.434715
2.439928
2.445165
2.450433
2.455661
2.460910
2.466090
2.471405
2.476543
2.481825
2.487089
2.492206
2.497498
2.502705
2.507885
2.513101
2.518335
2.523575
2.528758
2.533953
2.539137
2.544368
2.549575
2.554773
2.559944
2.565157
2.570326
2.575521
2.580785
2.585914
2.591097
2.596281
2.601506
2.606734
2.611860
2.617040
2.622181
2.627365
2.632518
2.637704
2.642845
2.648139
2.653203
2.658323
2.663530
2.668662
2.673806
2.678990
2.684113
2.689263
2.694398
2.699489
2.704633
2.709786
2.714924
2.720024
2.725147
2.730258
2.735411
2.740490
2.745631
2.750796
2.755895
2.760965
2.766079
2.771142
2.776185
2.781281
2.786401
2.791444
2.796531
2.801630
2.806694
2.811757
2.816847
2.821877
2.826989
2.832049
2.837101
2.842134
2.847182
2.852189
2.857327
2.862252
2.867340
2.872319
2.877358
2.882368
2.887398
2.892366
2.897396
2.902415
2.907433
2.912424
2.917416
2.922422
2.927432
2.932378
2.937370
2.942370
2.947310
2.952305
2.957212
2.962171
2.967105
2.972082
2.976971
2.982038
2.986906
2.991835
2.996811
3.001734
3.006650
3.011597
3.016492
3.021397
3.026304
3.031263
3.036087
3.040997
3.045866
3.050785
3.055705
3.060531
3.065400
3.070328
3.075143
3.080000
3.084886
3.089749
3.094653
3.099477
3.104295
3.109211
3.113981
3.118844
3.123634
3.128485
3.133249
3.138072
3.142959
3.147750
3.152564
3.157367
3.162197
3.166981
3.171775
3.176602
3.181347
3.186141
3.190983
3.195725
3.200534
3.205313
3.210133
3.214888
3.219625
3.224530
3.229230
3.234003
3.238845
3.243605
3.248312
3.253187
3.257879
3.262693
3.267409
3.272278
3.276891
3.281718
3.286428
3.291177
3.295892
3.300713
3.305441
3.310181
3.314983
3.319714
3.324421
3.329200
3.333871
3.338625
3.343455
3.348069
3.352776
3.357548
3.362210
3.366926
3.371666
3.376367
3.381058
3.385801
3.390481
3.395185
3.399868
3.404470
3.409224
3.413895
3.418554
3.423246
3.427911
3.432579
3.437238
3.441944
3.446540
3.451208
3.455918
3.460490
3.465143
3.469763
3.474380
3.478997
3.483589
3.488242
3.492841
3.497470
3.502009
3.506632
3.511294
3.515776
3.520378
3.525004
3.529561
3.534115
3.538741
3.543286
3.547783
3.552373
3.556864
3.561412
3.566047
3.570553
3.575011
3.579661
3.584113
3.588652
3.593161
3.597649
3.602176
3.606664
3.611156
3.615656
3.620159
3.624626
3.629102
3.633623
3.638045
3.642485
3.646950
3.651417
3.655860
3.660270
3.664683
3.669126
3.673629
3.677994
3.682363
3.686881
3.691225
3.695617
3.700013
3.704426
3.708776
3.713231
3.717576
3.721863
3.726240
3.730617
3.734962
3.739270
3.743587
3.747899
3.752255
3.756578
3.760877
3.765174
3.769488
3.773818
3.778075
3.782365
3.786668
3.790967
3.795179
3.799479
3.803736
3.808002
3.812167
3.816469
3.820709
3.824972
3.829230
3.833427
3.837660
3.841948
3.846106
3.850373
3.854591
3.858765
3.862950
3.867255
3.871330
3.875635
3.879791
3.883991
3.888093
3.892299
3.896512
3.900593
3.904823
3.908874
3.913098
3.917314
3.921427
3.925523
3.929762
3.933912
3.938019
3.942166
3.946244
3.950420
3.954585
3.958677
3.962752
3.966940
3.971063
3.975176
3.979284
3.983356
3.987508
3.991676
3.995678
3.999774
4.003942
4.008052
4.012133
4.016186
4.020231
4.024378
4.028470
4.032494
4.036551
4.040688
4.044727
4.048817
4.052870
4.056909
4.060971
4.065004
4.069067
4.073091
4.077120
4.081168
4.085239
4.089203
4.093251
4.097305
4.101265
4.105277
4.109328
4.113262
4.117330
4.121327
4.125354
4.129258
4.133365
4.137317
4.141257
4.145217
4.149172
4.153190
4.157202
4.161157
4.165087
4.169108
4.173024
4.176997
4.180936
4.184865
4.188834
4.192798
4.196711
4.200627
4.204578
4.208539
4.212503
4.216377
4.220257
4.224196
4.228172
4.232013
4.235905
4.239845
4.243779
4.247635
4.251563
4.255455
4.259361
4.263256
4.267160
4.271025
4.274881
4.278758
4.282635
4.286497
4.290377
4.294253
4.298094
4.301986
4.305854
4.309665
4.313506
4.317377
4.321239
4.325074
4.328876
4.332696
4.336528
4.340366
4.344186
4.347958
4.351766
4.355604
4.359412
4.363202
4.366940
4.370785
4.374568
4.378362
4.382113
4.385864
4.389651
4.393399
4.397156
4.400925
4.404670
4.408373
4.412133
4.415887
4.419632
4.423333
4.427027
4.430751
4.434460
4.438154
4.441854
4.445542
4.449213
4.452933
4.456598
4.460223
4.463914
4.467605
4.471272
4.474910
4.478601
4.482184
4.485824
4.489455
4.493176
4.496769
4.500379
4.504037
4.507629
4.511270
4.514838
4.518457
4.522014
4.525600
4.529255
4.532829
4.536404
4.539981
4.543618
4.547142
4.550725
4.554236
4.557807
4.561346
4.564929
4.568449
4.572062
4.575571
4.579050
4.582636
4.586171
4.589655
4.593146
4.596648
4.600157
4.603665
4.607194
4.610673
4.614121
4.617639
4.621108
4.624622
4.628089
4.631514
4.634989
4.638416
4.641847
4.645304
4.648756
4.652168
4.655599
4.659029
4.662421
4.665878
4.669249
4.672658
4.676077
4.679498
4.682908
4.686290
4.689628
4.693040
4.696393
4.699776
4.703116
4.706469
4.709830
4.713165
4.716529
4.719918
4.723244
4.726542
4.729898
4.733221
4.736567
4.739908
4.743225
4.746541
4.749857
4.753135
4.756443
4.759748
4.763037
4.766306
4.769590
4.772858
4.776139
4.779432
4.782673
4.785990
4.789247
4.792477
4.795727
4.799014
4.802256
4.805501
4.808799
4.812032
4.815274
4.818521
4.821754
4.824975
4.828261
4.831440
4.834628
4.837831
4.841082
4.844266
4.847469
4.850663
4.853869
4.857062
4.860205
4.863354
4.866545
4.869715
4.872906
4.876088
4.879261
4.882325
4.885522
4.888644
4.891808
4.894966
4.898111
4.901212
4.904358
4.907507
4.910608
4.913739
4.916825
4.919902
4.923018
4.926146
4.929228
4.932330
4.935382
4.938468
4.941578
4.944673
4.947768
4.950791
4.953844
4.956891
4.959980
4.962997
4.966035
4.969082
4.972081
4.975176
4.978139
4.981141
4.984173
4.987205
4.990201
4.993212
4.996187
4.999198
5.002206
5.005232
5.008220
5.011132
5.014173
5.017094
5.020096
5.023053
5.026028
5.028967
5.031919
5.034863
5.037773
5.040775
5.043639
5.046584
5.049529
5.052402
5.055317
5.058251
5.061157
5.064057
5.066951
5.069779
5.072683
5.075577
5.078474
5.081336
5.084224
5.087076
5.089961
5.092825
5.095675
5.098572
5.101376
5.104264
5.107078
5.109897
5.112728
5.115571
5.118397
5.121216
5.123990
5.126801
5.129602
5.132409
5.135195
5.137976
5.140783
5.143539
5.146305
5.149094
5.151865
5.154616
5.157375
5.160182
5.162849
5.165569
5.168329
5.171121
5.173839
5.176601
5.179295
5.182000
5.184693
5.187387
5.190116
5.192833
5.195527
5.198241
5.200890
5.203562
5.206244
5.208895
5.211577
5.214246
5.216949
5.219537
5.222192
5.224828
5.227492
5.230161
5.232786
5.235384
5.238029
5.240627
5.243218
5.245819
5.248389
5.251032
5.253593
5.256125
5.258684
5.261305
5.263825
5.266378
5.268972
5.271522
5.274065
5.276621
5.279132
5.281655
5.284198
5.286700
5.289220
5.291737
5.294238
5.296674
5.299226
5.301677
5.304146
5.306645
5.309132
5.311567
5.314015
5.316484
5.318904
5.321388
5.323806
5.326224
5.328669
5.331105
5.333471
5.335889
5.338244
5.340653
5.343053
5.345449
5.347811
5.350210
5.352505
5.354920
5.357248
5.359621
5.361934
5.364322
5.366650
5.368963
5.371282
5.373583
5.375896
5.378211
5.380548
5.382795
5.385048
5.387362
5.389636
5.391891
5.394142
5.396395
5.398665
5.400943
5.403175
5.405410
5.407630
5.409868
5.412079
5.414281
5.416516
5.418736
5.420923
5.423167
5.425366
5.427545
5.429753
5.431964
5.434124
5.436323
5.438498
5.440661
5.442842
5.444984
5.447160
5.449275
5.451414
5.453520
5.455689
5.457820
5.459935
5.462053
5.464169
5.466280
5.468393
5.470484
5.472575
5.474718
5.476791
5.478879
5.480973
5.483056
5.485126
5.487193
5.489260
5.491303
5.493359
5.495474
5.497532
5.499549
5.501637
5.503684
5.505721
5.507764
5.509786
5.511782
5.513816
5.515826
5.517840
5.519859
5.521852
5.523841
5.525866
5.527841
5.529857
5.531826
5.533812
5.535804
5.537799
5.539768
5.541766
5.543735
5.545673
5.547633
5.549595
5.551516
5.553454
5.555428
5.557319
5.559257
5.561213
5.563134
5.565058
5.566981
5.568881
5.570789
5.572731
5.574657
5.576569
5.578459
5.580379
5.582255
5.584151
5.586033
5.587912
5.589793
5.591641
5.593511
5.595377
5.597220
5.599126
5.600947
5.602814
5.604627
5.606454
5.608303
5.610136
5.611970
5.613789
5.615607
5.617408
5.619259
5.621051
5.622893
5.624655
5.626441
5.628217
5.630021
5.631783
5.633568
5.635330
5.637077
5.638851
5.640579
5.642332
5.644070
5.645807
5.647545
5.649277
5.650984
5.652716
5.654430
5.656141
5.657834
5.659508
5.661198
5.662882
5.664605
5.666270
5.667960
5.669662
5.671295
5.672915
5.674558
5.676175
5.677787
5.679423
5.681020
5.682647
5.684277
5.685918
5.687540
5.689181
5.690766
5.692393
5.693945
5.695530
5.697121
5.698709
5.700279
5.701846
5.703413
5.704949
5.706504
5.708047
5.709590
5.711130
5.712673
5.714198
5.715726
5.717245
5.718755
5.720247
5.721784
5.723273
5.724768
5.726275
5.727710
5.729208
5.730661
5.732141
5.733616
5.735090
5.736567
5.738011
5.739485
5.740929
5.742352
5.743799
5.745195
5.746631
5.748015
5.749450
5.750858
5.752293
5.753680
5.755074
5.756479
5.757851
5.759241
5.760655
5.762030
5.763433
5.764790
5.766150
5.767486
5.768873
5.770255
5.771621
5.772930
5.774284
5.775590
5.776936
5.778272
5.779596
5.780926
5.782245
5.783602
5.784920
5.786221
5.787539
5.788857
5.790160
5.791463
5.792734
5.793989
5.795262
5.796551
5.797827
5.799091
5.800359
5.801620
5.802899
5.804167
5.805425
5.806684
5.807945
5.809176
5.810435
5.811684
5.812912
5.814159
5.815375
5.816595
5.817814
5.819016
5.820232
5.821451
5.822661
5.823857
5.825068
5.826272
5.827479
5.828690
5.829891
5.831092
5.832285
5.833477
5.834640
5.835793
5.836959
5.838124
5.839299
5.840455
5.841599
5.842738
5.843874
5.845033
5.846166
5.847313
5.848457
5.849605
5.850735
5.851870
5.853009
5.854120
5.855244
5.856367
5.857488
5.858602
5.859723
5.860813
5.861904
5.862998
5.864085
5.865151
5.866248
5.867332
5.868405
5.869478
5.870544
5.871608
5.872674
5.873762
5.874829
5.875916
5.876992
5.878053
5.879113
5.880171
5.881226
5.882262
5.883299
5.884323
5.885351
5.886354
5.887364
5.888392
5.889387
5.890372
5.891379
5.892380
5.893381
5.894372
5.895361
5.896358
5.897395
5.898405
5.899420
5.900436
5.901446
5.902443
5.903432
5.904406
5.905362
5.906308
5.907255
5.908202
5.909140
5.910074
5.911009
5.911950
5.912873
5.913795
5.914715
5.915620
5.916516
5.917442
5.918355
5.919272
5.920207
5.921148
5.922091
5.923008
5.923889
5.924779
5.925672
5.926535
5.927436
5.928314
5.929207
5.930085
5.930963
5.931832
5.932683
5.933501
5.934358
5.935184
5.936018
5.936841
5.937662
5.938501
5.939334
5.940167
5.941000
5.941812
5.942647
5.943474
5.944289
5.945104
5.945928
5.946758
5.947585
5.948406
5.949200
5.949967
5.950743
5.951507
5.952265
5.953011
5.953766
5.954524
5.955291
5.956055
5.956789
5.957520
5.958275
5.959039
5.959767
5.960468
5.961184
5.961900
5.962607
5.963315
5.964027
5.964735
5.965451
5.966166
5.966877
5.967587
5.968306
5.969013
5.969702
5.970406
5.971092
5.971763
5.972425
5.973075
5.973714
5.974343
5.974972
5.975607
5.976239
5.976853
5.977462
5.978067
5.978669
5.979295
5.979895
5.980488
5.981081
5.981692
5.982265
5.982849
5.983424
5.983975
5.984548
5.985120
5.985656
5.986198
5.986732
5.987256
5.987789
5.988328
5.988868
5.989401
5.989940
5.990491
5.991025
5.991549
5.992076
5.992604
5.993140
5.993664
5.994177
5.994665
5.995142
5.995615
5.996064
5.996505
5.996957
5.997400
5.997829
5.998240
5.998650
5.999043
5.999453
5.999846
6.000235
6.000612
6.000999
6.001376
6.001760
6.002152
6.002536
6.002907
6.003279
6.003656
6.004031
6.004375
6.004717
6.005064
6.005400
6.005718
6.006029
6.006320
6.006610
6.006910
6.007206
6.007482
6.007770
6.008054
6.008333
6.008618
6.008887
6.009157
6.009436
6.009714
6.009984
6.010248
6.010520
6.010790
6.011056
6.011335
6.011611
6.011892
6.012195
6.012483
6.012776
6.013058
6.013358
6.013663
6.013954
6.014241
6.014535
6.014799
6.015080
6.015365
6.015644
6.015910
6.016186
6.016452
6.016704
6.016935
6.017162
6.017384
6.017615
6.017843
6.018040
6.018220
6.018406
6.018568
6.018723
6.018858
6.018981
6.019083
6.019185
6.019272
6.019338
6.019392
6.019443
6.019487
6.019520
6.019541
6.019550
6.019550
6.019550
6.019550
6.019550
6.019550
6.019550
6.019550
6.019550
6.019550
6.019550
6.019452
6.019356
6.019257
6.019143
6.019020
6.018912
6.018789
6.018661
6.018520
6.018376
6.018208
6.018046
6.017906
6.017753
6.017588
6.017438
6.017285
6.017138
6.016989
6.016833
6.016677
6.016548
6.016428
6.016305
6.016177
6.016054
6.015943
6.015826
6.015718
6.015607
6.015494
6.015398
6.015305
6.015218
6.015125
6.015050
6.014976
6.014901
6.014834
6.014762
6.014685
6.014625
6.014580
6.014538
6.014499
6.014475
6.014448
6.014427
6.014403
6.014385
6.014376
6.014376
6.014376
6.014376
6.014376
6.014376
6.014376
6.014376
6.014376
6.014376
6.014376
6.014376
6.014376
6.014376
6.014376
6.014376
6.014376
6.014376
6.014376
6.014376
6.014376
6.014376
6.014376
6.014376
6.014376
6.014376
6.014376
6.014376
6.014376
6.014376
6.014376
6.014376
6.014376
6.014376
6.014376
6.014376
6.014376
6.014376
6.014376
6.014376
6.014376
6.014376
6.014376
6.014376
6.014376
6.014376
6.014376
6.014376
6.014376
6.014376
6.014376
6.014376
6.014376
6.014376
6.014376
6.014376
6.014376
6.014376
6.014376
6.014376
6.014376
6.014376
6.014376
6.014376
6.014376
6.014376
6.014376
6.014376
6.014376
6.014376
6.014376
6.014376
6.014376
6.014376
6.014376
6.014376
6.014376
6.014376
6.014376
6.014376
6.014376
6.014376
6.014376
6.014376
6.014376
6.014376
6.014376
6.014376
6.014376
6.014376
6.014376
6.014376
6.014376
6.014376
6.014376
6.014376
6.014376
6.014376
6.014376
6.014376