0.973883
0.973883
0.973883
0.973883
0.973883
0.973883
0.973883
0.973883
0.973883
0.974090
0.974482
0.974980
0.975522
0.976109
0.976780
0.977628
0.978530
0.979540
0.980666
0.981951
0.983318
0.984765
0.986344
0.988102
0.989954
0.991880
0.993930
0.996105
0.998400
1.000776
1.003247
1.005863
1.008571
1.011382
1.014387
1.017482
1.020633
1.023944
1.027363
1.030850
1.034487
1.038199
1.042034
1.046091
1.050267
1.054363
1.058701
1.063208
1.067806
1.072456
1.077229
1.082092
1.087140
1.092278
1.097536
1.102905
1.108406
1.114018
1.119779
1.125567
1.131410
1.137573
1.143792
1.149949
1.156484
1.162988
1.169705
1.176494
1.183319
1.190345
1.197572
1.204729
1.212088
1.219682
1.227221
1.234929
1.242764
1.250728
1.258868
1.266990
1.275304
1.283780
1.292424
1.300933
1.309756
1.318621
1.327624
1.336786
1.345960
1.355302
1.364859
1.374432
1.383998
1.393966
1.403817
1.414031
1.423945
1.434497
1.444710
1.455289
1.465928
1.476475
1.487425
1.498352
1.509479
1.520723
1.531893
1.543496
1.554968
1.566503
1.578266
1.589740
1.601476
1.613083
1.624749
1.636392
1.648247
1.660067
1.671697
1.683502
1.695531
1.707291
1.719236
1.731268
1.743010
1.755015
1.766870
1.778684
1.790500
1.802466
1.814543
1.826297
1.838458
1.850062
1.862217
1.874030
1.886014
1.898038
1.910070
1.921955
1.933855
1.945995
1.957779
1.969808
1.981777
1.993696
2.005659
2.017424
2.029549
2.041300
2.053149
2.065014
2.077043
2.088922
2.100787
2.112606
2.124572
2.136341
2.148205
2.160172
2.171886
2.183610
2.195606
2.207374
2.219032
2.231094
2.242659
2.254359
2.266256
2.277941
2.289640
2.301435
2.313057
2.324769
2.336421
2.348051
2.359730
2.371412
2.382910
2.394793
2.406369
2.418027
2.429625
2.441315
2.452889
2.464559
2.476238
2.487820
2.499622
2.511142
2.522844
2.534286
2.546189
2.557562
2.569343
2.580997
2.592619
2.604151
2.616019
2.627592
2.639169
2.650919
2.662418
2.674049
2.685728
2.697308
2.708878
2.720566
2.732062
2.743659
2.755341
2.766831
2.778477
2.790104
2.801633
2.813144
2.824811
2.836244
2.847766
2.859340
2.870887
2.882395
2.893900
2.905306
2.916879
2.928321
2.939751
2.951097
2.962563
2.974128
2.985366
2.996874
3.008127
3.019599
3.031053
3.042357
3.053577
3.065064
3.076350
3.087607
3.098896
3.110242
3.121504
3.132775
3.143986
3.155270
3.166598
3.177692
3.188993
3.200297
3.211407
3.222759
3.234072
3.245133
3.256566
3.267777
3.278959
3.290176
3.301360
3.312667
3.323828
3.335192
3.346328
3.357656
3.368730
3.380055
3.391308
3.402477
3.413682
3.424888
3.436198
3.447361
3.458590
3.469882
3.481064
3.492188
3.503408
3.514479
3.525894
3.536973
3.548115
3.559336
3.570403
3.581716
3.592673
3.603953
3.615062
3.626229
3.637305
3.648268
3.659437
3.670732
3.681623
3.692684
3.703755
3.714774
3.725800
3.736855
3.747812
3.758822
3.769773
3.780978
3.791839
3.802828
3.813791
3.824732
3.835845
3.846562
3.857566
3.868364
3.879216
3.890316
3.901033
3.911960
3.922841
3.933903
3.944638
3.955543
3.966461
3.977151
3.988122
3.998953
4.009922
4.020731
4.031631
4.042411
4.053331
4.064114
4.075041
4.085968
4.096891
4.107740
4.118621
4.129536
4.140337
4.151315
4.162232
4.173108
4.184025
4.194850
4.205905
4.216659
4.227642
4.238515
4.249259
4.260320
4.271112
4.282185
4.293025
4.303772
4.314809
4.325751
4.336528
4.347392
4.358390
4.369182
4.380078
4.390975
4.401833
4.412703
4.423617
4.434412
4.445255
4.456163
4.466976
4.477792
4.488751
4.499477
4.510329
4.521145
4.531988
4.542737
4.553658
4.564333
4.575221
4.585910
4.596786
4.607368
4.618250
4.628898
4.639735
4.650506
4.661207
4.671954
4.682707
4.693352
4.704036
4.714966
4.725574
4.736286
4.747041
4.757734
4.768484
4.779228
4.789918
4.800692
4.811424
4.822093
4.832833
4.843697
4.854432
4.865062
4.875968
4.886600
4.897294
4.908310
4.919015
4.929693
4.940512
4.951334
4.962048
4.972803
4.983502
4.994524
5.005071
5.015809
5.026649
5.037482
5.048142
5.058904
5.069723
5.080344
5.091115
5.101987
5.112830
5.123445
5.134254
5.144966
5.155713
5.166372
5.177218
5.187836
5.198502
5.209312
5.219981
5.230626
5.241295
5.251841
5.262615
5.273316
5.283953
5.294549
5.305231
5.315789
5.326278
5.336890
5.347514
5.358120
5.368645
5.379182
5.389812
5.400308
5.410830
5.421295
5.431868
5.442351
5.452784
5.463264
5.473845
5.484284
5.494627
5.505106
5.515533
5.525992
5.536358
5.546833
5.557181
5.567610
5.577980
5.588484
5.598934
5.609162
5.619715
5.630147
5.640429
5.650748
5.661333
5.671660
5.681877
5.692375
5.702828
5.713120
5.723648
5.733885
5.744369
5.754672
5.765041
5.775324
5.785750
5.796153
5.806549
5.816906
5.827342
5.837510
5.847891
5.858335
5.868513
5.879032
5.889300
5.899723
5.909936
5.920192
5.930552
5.940802
5.951148
5.961319
5.971625
5.981821
5.992169
6.002392
6.012588
6.022984
6.033065
6.043288
6.053400
6.063646
6.073872
6.083953
6.094176
6.104324
6.114429
6.124703
6.134755
6.144830
6.155044
6.165012
6.175166
6.185358
6.195158
6.205408
6.215400
6.225490
6.235521
6.245552
6.255463
6.265392
6.275504
0.002457
0.012206
0.022393
0.032280
0.042346
0.052350
0.062234
0.072220
0.082245
0.092258
0.102145
0.112178
0.122107
0.132066
0.142019
0.151951
0.161907
0.171914
0.181861
0.191822
0.201907
0.211851
0.221861
0.231745
0.241671
0.251624
0.261717
0.271709
0.281590
0.291588
0.301430
0.311386
0.321435
0.331367
0.341332
0.351300
0.361303
0.371190
0.380999
0.391111
0.400824
0.410744
0.420613
0.430602
0.440606
0.450322
0.460200
0.470126
0.480091
0.489999
0.499733
0.509671
0.519453
0.529454
0.539083
0.549021
0.558926
0.568636
0.578443
0.588348
0.598121
0.607834
0.617682
0.627371
0.637156
0.646974
0.656658
0.666419
0.676216
0.685923
0.695753
0.705490
0.714982
0.724923
0.734513
0.744259
0.753916
0.763566
0.773258
0.782905
0.792795
0.802257
0.811961
0.821659
0.831283
0.840999
0.850625
0.860264
0.869947
0.879660
0.889295
0.898898
0.908611
0.918354
0.928025
0.937730
0.947296
0.957000
0.966728
0.976376
0.986080
0.995826
1.005455
1.015250
1.024924
1.034592
1.044204
1.053950
1.063669
1.073397
1.083038
1.092790
1.102495
1.112253
1.121942
1.131613
1.141435
1.151061
1.160753
1.170442
1.180027
1.189917
1.199555
1.209190
1.218964
1.228698
1.238204
1.247938
1.257717
1.267341
1.277087
1.286788
1.296420
1.306065
1.315865
1.325434
1.335082
1.344789
1.354496
1.364065
1.373812
1.383426
1.392992
1.402715
1.412314
1.421823
1.431585
1.441049
1.450642
1.460305
1.469847
1.479387
1.489136
1.498633
1.508248
1.517976
1.527515
1.537139
1.546579
1.556179
1.565781
1.575389
1.584791
1.594555
1.604002
1.613595
1.623164
1.632785
1.642390
1.652001
1.661682
1.671152
1.680847
1.690336
1.699884
1.709520
1.719173
1.728739
1.738396
1.748001
1.757654
1.767254
1.776718
1.786386
1.796019
1.805669
1.815334
1.824967
1.834641
1.844264
1.853798
1.863460
1.873104
1.882752
1.892342
1.901911
1.911562
1.921254
1.930793
1.940480
1.950154
1.959717
1.969344
1.979057
1.988545
1.998211
2.007885
2.017382
2.026979
2.036572
2.046207
2.055696
2.065325
2.074928
2.084374
2.094117
2.103552
2.113184
2.122778
2.132239
2.141746
2.151435
2.160774
2.170340
2.179835
2.189242
2.198665
2.208243
2.217783
2.227175
2.236778
2.246006
2.255599
2.265007
2.274414
2.283861
2.293325
2.302640
2.311985
2.321449
2.330770
2.340115
2.349546
2.359020
2.368182
2.377721
2.387033
2.396258
2.405737
2.415022
2.424382
2.433729
2.443146
2.452338
2.461877
2.471126
2.480453
2.489822
2.499232
2.508595
2.517880
2.527218
2.536590
2.545920
2.555246
2.564624
2.573912
2.583251
2.592628
2.601916
2.611219
2.620632
2.629926
2.639361
2.648639
2.657933
2.667161
2.676632
2.685817
2.695168
2.704477
2.713774
2.723044
2.732451
2.741688
2.750988
2.760293
2.769485
2.778806
2.788103
2.797310
2.806580
2.815856
2.825065
2.834341
2.843614
2.852779
2.862013
2.871315
2.880471
2.889672
2.899071
2.908062
2.917299
2.926491
2.935686
2.944812
2.954010
2.963141
2.972241
2.981492
2.990418
2.999544
3.008951
3.017775
3.026961
3.036182
3.045201
3.054141
3.063411
3.072393
3.081399
3.090474
3.099486
3.108570
3.117564
3.126529
3.135520
3.144523
3.153586
3.162571
3.171583
3.180553
3.189544
3.198608
3.207548
3.216527
3.225473
3.234557
3.243485
3.252578
3.261420
3.270432
3.279447
3.288444
3.297411
3.306376
3.315202
3.324352
3.333208
3.342355
3.351155
3.360377
3.369155
3.378200
3.387042
3.396213
3.404919
3.414090
3.422838
3.431848
3.440827
3.449785
3.458662
3.467612
3.476513
3.485528
3.494435
3.503351
3.512325
3.521100
3.530187
3.539005
3.547882
3.556675
3.565621
3.574538
3.583322
3.592155
3.601158
3.609918
3.618670
3.627640
3.636475
3.645251
3.654134
3.662981
3.671739
3.680595
3.689290
3.698062
3.706846
3.715583
3.724395
3.733119
3.741904
3.750559
3.759320
3.767969
3.776691
3.785445
3.794116
3.802789
3.811565
3.820229
3.828918
3.837507
3.846127
3.854756
3.863432
3.872037
3.880627
3.889396
3.897962
3.906543
3.915171
3.923728
3.932306
3.940958
3.949455
3.958126
3.966745
3.975269
3.983865
3.992506
4.001039
4.009622
4.018167
4.026858
4.035415
4.044127
4.052561
4.061238
4.069840
4.078331
4.086995
4.095660
4.104147
4.112671
4.121339
4.129863
4.138494
4.147054
4.155644
4.164192
4.172850
4.181329
4.189895
4.198520
4.207086
4.215706
4.224280
4.232816
4.241436
4.250124
4.258636
4.267166
4.275798
4.284351
4.292947
4.301471
4.310009
4.318626
4.327156
4.335752
4.344236
4.352856
4.361362
4.369970
4.378509
4.387137
4.395625
4.404113
4.412619
4.421160
4.429696
4.438151
4.446726
4.455237
4.463696
4.472177
4.480827
4.489233
4.497593
4.506296
4.514679
4.523089
4.531493
4.539993
4.548433
4.556906
4.565331
4.573827
4.582243
4.590560
4.599033
4.607590
4.615865
4.624245
4.632772
4.641104
4.649517
4.657867
4.666217
4.674633
4.683058
4.691261
4.699751
4.708119
4.716410
4.724796
4.733092
4.741475
4.749774
4.758316
4.766396
4.774923
4.783329
4.791569
4.799781
4.808173
4.816631
4.824972
4.833343
4.841615
4.850001
4.858486
4.866701
4.874985
4.883365
4.891775
4.900038
4.908406
4.916879
4.925178
4.933507
4.941806
4.950216
4.958557
4.966844
4.975206
4.983601
4.991888
5.000220
5.008669
5.016905
5.025237
5.033539
5.041883
5.050281
5.058559
5.066963
5.075202
5.083594
5.091818
5.100174
5.108519
5.116695
5.125075
5.133359
5.141511
5.149804
5.158115
5.166348
5.174686
5.182940
5.191063
5.199449
5.207577
5.215864
5.224097
5.232358
5.240591
5.248803
5.257042
5.265162
5.273421
5.281589
5.289720
5.297848
5.306039
5.314132
5.322290
5.330547
5.338652
5.346687
5.354774
5.362878
5.371117
5.379056
5.387152
5.395205
5.403306
5.411324
5.419395
5.427473
5.435499
5.443496
5.451510
5.459488
5.467440
5.475530
5.483415
5.491403
5.499432
5.507374
5.515413
5.523278
5.531289
5.539228
5.547135
5.555099
5.563071
5.570990
5.578860
5.586884
5.594934
5.602823
5.610712
5.618585
5.626582
5.634503
5.642395
5.650349
5.658295
5.666195
5.674123
5.682063
5.689858
5.697747
5.705740
5.713590
5.721529
5.729364
5.737295
5.745172
5.752943
5.760892
5.768763
5.776600
5.784453
5.792224
5.800161
5.808014
5.815813
5.823722
5.831530
5.839316
5.847202
5.854992
5.862839
5.870694
5.878451
5.886244
5.894084
5.901853
5.909694
5.917517
5.925229
5.933066
5.940859
5.948541
5.956322
5.964225
5.971916
5.979631
5.987376
5.995081
6.002838
6.010547
6.018232
6.025935
6.033659
6.041263
6.049077
6.056714
6.064395
6.072035
6.079726
6.087246
6.095006
6.102619
6.110193
6.117827
6.125467
6.133032
6.140702
6.148324
6.155811
6.163385
6.171127
6.178560
6.186113
6.193696
6.201219
6.208781
6.216376
6.223794
6.231336
6.238894
6.246349
6.253914
6.261470
6.268942
6.276369
0.000689
0.008158
0.015636
0.023186
0.030638
0.038062
0.045657
0.052979
0.060508
0.068007
0.075384
0.082877
0.090316
0.097842
0.105224
0.112727
0.120184
0.127593
0.135038
0.142564
0.149962
0.157380
0.164822
0.172327
0.179709
0.187167
0.194576
0.202099
0.209526
0.216861
0.224342
0.231775
0.239286
0.246584
0.254102
0.261469
0.268896
0.276317
0.283738
0.291148
0.298632
0.305951
0.313316
0.320794
0.328185
0.335459
0.343048
0.350374
0.357708
0.365204
0.372548
0.379876
0.387291
0.394596
0.402002
0.409417
0.416709
0.424011
0.431471
0.438814
0.446161
0.453609
0.460862
0.468185
0.475483
0.482865
0.490176
0.497417
0.504874
0.512131
0.519408
0.526713
0.534023
0.541274
0.548539
0.555942
0.563124
0.570380
0.577634
0.584926
0.592179
0.599520
0.606680
0.613919
0.621259
0.628453
0.635541
0.642903
0.650057
0.657248
0.664531
0.671722
0.678873
0.686163
0.693206
0.700439
0.707752
0.714739
0.722073
0.729132
0.736371
0.743483
0.750668
0.757819
0.764956
0.772141
0.779205
0.786345
0.793625
0.800564
0.807752
0.814879
0.821938
0.829194
0.836247
0.843465
0.850559
0.857720
0.864731
0.871969
0.878989
0.886191
0.893235
0.900453
0.907496
0.914591
0.921749
0.928924
0.935962
0.943150
0.950205
0.957312
0.964520
0.971570
0.978659
0.985804
0.992920
1.000057
1.007220
1.014279
1.021376
1.028543
1.035500
1.042768
1.049794
1.057033
1.063993
1.071240
1.078206
1.085381
1.092464
1.099529
1.106698
1.113814
1.120935
1.128000
1.135128
1.142208
1.149395
1.156517
1.163507
1.170598
1.177726
1.184790
1.191900
1.199076
1.206047
1.213076
1.220183
1.227236
1.234450
1.241470
1.248481
1.255581
1.262661
1.269696
1.276700
1.283789
1.290893
1.297862
1.305094
1.311988
1.319005
1.326081
1.333098
1.340070
1.347171
1.354116
1.361147
1.368254
1.375331
1.382117
1.389256
1.396219
1.403182
1.410217
1.417156
1.424220
1.431255
1.438194
1.445118
1.452105
1.459028
1.466024
1.473092
1.479908
1.486982
1.493914
1.500772
1.507732
1.514806
1.521652
1.528591
1.535506
1.542490
1.549387
1.556313
1.563171
1.570134
1.577091
1.583937
1.590924
1.597800
1.604649
1.611525
1.618488
1.625363
1.632272
1.639220
1.646177
1.653065
1.659983
1.666973
1.673717
1.680847
1.687625
1.694542
1.701520
1.708468
1.715440
1.722307
1.729198
1.736143
1.743109
1.749949
1.756902
1.763847
1.770750
1.777737
1.784580
1.791507
1.798467
1.805390
1.812269
1.819211
1.826105
1.833020
1.839983
1.846886
1.853774
1.860746
1.867565
1.874477
1.881395
1.888273
1.895218
1.902046
1.909072
1.915888
1.922809
1.929778
1.936546
1.943557
1.950322
1.957246
1.964107
1.971063
1.977888
1.984818
1.991694
1.998591
2.005374
2.012343
2.019162
2.026059
2.032908
2.039724
2.046606
2.053410
2.060247
2.067162
2.073930
2.080746
2.087610
2.094417
2.101251
2.108184
2.114859
2.121750
2.128512
2.135286
2.142051
2.148888
2.155602
2.162392
2.169178
2.175910
2.182702
2.189383
2.196136
2.202859
2.209646
2.216383
2.223041
2.229854
2.236538
2.243258
2.249909
2.256635
2.263332
2.270064
2.276709
2.283351
2.290083
2.296744
2.303323
2.309962
2.316628
2.323295
2.329952
2.336630
2.343194
2.349963
2.356425
2.363163
2.369734
2.376370
2.382964
2.389583
2.396177
2.402795
2.409479
2.416041
2.422653
2.429250
2.435848
2.442403
2.448988
2.455631
2.462270
2.468873
2.475378
2.482011
2.488557
2.495220
2.501710
2.508358
2.514896
2.521520
2.528057
2.534610
2.541195
2.547843
2.554404
2.560930
2.567542
2.574083
2.580518
2.587173
2.593767
2.600187
2.606922
2.613289
2.619982
2.626469
2.632979
2.639529
2.646165
2.652624
2.659261
2.665711
2.672230
2.678759
2.685326
2.691825
2.698317
2.704911
2.711446
2.717887
2.724443
2.730932
2.737419
2.743956
2.750410
2.756944
2.763424
2.769881
2.776382
2.782905
2.789343
2.795821
2.802322
2.808749
2.815160
2.821644
2.828112
2.834551
2.841001
2.847398
2.853902
2.860377
2.866752
2.873146
2.879642
2.886029
2.892390
2.898807
2.905231
2.911633
2.918051
2.924370
2.930736
2.937205
2.943520
2.949947
2.956293
2.962578
2.968966
2.975338
2.981624
2.987952
2.994307
3.000637
3.006944
3.013289
3.019533
3.025894
3.032213
3.038561
3.044799
3.051121
3.057368
3.063638
3.069960
3.076240
3.082522
3.088763
3.095043
3.101239
3.107539
3.113765
3.119952
3.126196
3.132437
3.138615
3.144888
3.151123
3.157271
3.163539
3.169770
3.175832
3.182162
3.188310
3.194491
3.200723
3.206880
3.213130
3.219328
3.225557
3.231639
3.237856
3.244037
3.250188
3.256402
3.262507
3.268691
3.274884
3.281038
3.287222
3.293427
3.299632
3.305675
3.311858
3.317997
3.324178
3.330323
3.336429
3.342574
3.348770
3.354840
3.361024
3.367142
3.373230
3.379291
3.385463
3.391587
3.397770
3.403876
3.409958
3.416019
3.422263
3.428267
3.434349
3.440470
3.446600
3.452652
3.458758
3.464786
3.470910
3.476974
3.483017
3.489105
3.495094
3.501137
3.507342
3.513298
3.519347
3.525369
3.531374
3.537438
3.543448
3.549443
3.555498
3.561502
3.567518
3.573504
3.579493
3.585554
3.591433
3.597502
3.603459
3.609355
3.615350
3.621381
3.627268
3.633249
3.639157
3.645110
3.650991
3.656911
3.662790
3.668716
3.674624
3.680499
3.686395
3.692352
3.698191
3.704051
3.710019
3.715823
3.721614
3.727564
3.733314
3.739159
3.745025
3.750826
3.756620
3.762567
3.768353
3.774072
3.779896
3.785784
3.791506
3.797351
3.803149
3.808868
3.814687
3.820520
3.826216
3.831974
3.837735
3.843434
3.849213
3.854915
3.860682
3.866384
3.872160
3.877852
3.883515
3.889277
3.894972
3.900635
3.906330
3.912050
3.917667
3.923396
3.929052
3.934769
3.940383
3.946109
3.951708
3.957401
3.963069
3.968684
3.974317
3.980036
3.985642
3.991265
3.997000
4.002602
4.008199
4.013895
4.019500
4.025094
4.030813
4.036341
4.042009
4.047660
4.053280
4.058892
4.064537
4.070091
4.075724
4.081345
4.086938
4.092511
4.098149
4.103755
4.109340
4.114901
4.120563
4.126067
4.131651
4.137215
4.142880
4.148459
4.154014
4.159607
4.165141
4.170825
4.176275
4.181862
4.187480
4.193002
4.198604
4.204117
4.209660
4.215241
4.220730
4.226282
4.231887
4.237412
4.242997
4.248446
4.254019
4.259529
4.265084
4.270576
4.276106
4.281637
4.287129
4.292621
4.298160
4.303622
4.309135
4.314611
4.320046
4.325628
4.331153
4.336594
4.342142
4.347553
4.353018
4.358486
4.363960
4.369391
4.374859
4.380369
4.385762
4.391266
4.396733
4.402144
4.407528
4.413014
4.418440
4.423821
4.429280
4.434613
4.440060
4.445498
4.450899
4.456283
4.461694
4.467051
4.472435
4.477834
4.483149
4.488533
4.493893
4.499268
4.504594
4.509910
4.515231
4.520552
4.525908
4.531281
4.536500
4.541919
4.547112
4.552514
4.557742
4.563009
4.568243
4.573543
4.578804
4.584092
4.589326
4.594581
4.599845
4.605130
4.610307
4.615511
4.620827
4.626109
4.631241
4.636493
4.641676
4.646931
4.652117
4.657247
4.662577
4.667700
4.672880
4.678057
4.683259
4.688415
4.693568
4.698775
4.703958
4.709108
4.714273
4.719427
4.724640
4.729763
4.734901
4.740006
4.745196
4.750277
4.755421
4.760616
4.765758
4.770851
4.776016
4.781088
4.786245
4.791362
4.796470
4.801627
4.806690
4.811810
4.816897
4.822072
4.827102
4.832189
4.837327
4.842391
4.847463
4.852571
4.857677
4.862713
4.867818
4.872846
4.877918
4.883044
4.888072
4.893147
4.898249
4.903199
4.908337
4.913367
4.918389
4.923413
4.928485
4.933432
4.938504
4.943529
4.948565
4.953545
4.958575
4.963590
4.968615
4.973720
4.978603
4.983610
4.988649
4.993680
4.998569
5.003731
5.008558
5.013616
5.018574
5.023574
5.028485
5.033441
5.038387
5.043357
5.048307
5.053355
5.058227
5.063164
5.068120
5.073057
5.078010
5.082929
5.087792
5.092852
5.097628
5.102607
5.107521
5.112473
5.117258
5.122204
5.127085
5.131999
5.136885
5.141739
5.146622
5.151533
5.156386
5.161219
5.166079
5.170885
5.175717
5.180601
5.185415
5.190203
5.195035
5.199841
5.204635
5.209462
5.214273
5.219040
5.223873
5.228594
5.233397
5.238170
5.242939
5.247676
5.252473
5.257141
5.261935
5.266570
5.271375
5.276085
5.280795
5.285427
5.290148
5.294873
5.299532
5.304236
5.308898
5.313566
5.318252
5.322896
5.327521
5.332159
5.336803
5.341420
5.346064
5.350693
5.355301
5.359918
5.364517
5.369131
5.373744
5.378391
5.382957
5.387466
5.392170
5.396637
5.401236
5.405790
5.410362
5.414904
5.419455
5.423937
5.428509
5.433048
5.437603
5.442060
5.446630
5.451087
5.455585
5.460094
5.464570
5.469070
5.473537
5.477917
5.482372
5.486855
5.491373
5.495768
5.500226
5.504660
5.509070
5.513570
5.517939
5.522364
5.526891
5.531250
5.535627
5.540064
5.544448
5.548873
5.553247
5.557642
5.562014
5.566430
5.570807
5.575154
5.579558
5.583915
5.588235
5.592681
5.597016
5.601397
5.605711
5.610037
5.614429
5.618759
5.623103
5.627411
5.631702
5.636019
5.640357
5.644654
5.648935
5.653267
5.657633
5.661857
5.666246
5.670477
5.674782
5.679109
5.683363
5.687635
5.691937
5.696186
5.700440
5.704698
5.708970
5.713215
5.717458
5.721662
5.725910
5.730188
5.734416
5.738652
5.742891
5.747125
5.751289
5.755613
5.759699
5.763987
5.768166
5.772373
5.776579
5.780759
5.785007
5.789177
5.793366
5.797519
5.801656
5.805887
5.810033
5.814192
5.818314
5.822470
5.826619
5.830787
5.834930
5.838987
5.843145
5.847298
5.851382
5.855484
5.859594
5.863734
5.867839
5.871932
5.876015
5.880132
5.884260
5.888317
5.892410
5.896469
5.900532
5.904619
5.908663
5.912735
5.916816
5.920833
5.924923
5.928958
5.932982
5.937006
5.941075
5.945131
5.949146
5.953131
5.957151
5.961196
5.965217
5.969190
5.973159
5.977171
5.981147
5.985147
5.989110
5.993116
5.997125
6.001145
6.005067
6.009052
6.013016
6.016989
6.020928
6.024883
6.028781
6.032733
6.036712
6.040544
6.044508
6.048367
6.052315
6.056210
6.060195
6.064048
6.067907
6.071840
6.075757
6.079663
6.083588
6.087399
6.091261
6.095159
6.099000
6.102814
6.106694
6.110547
6.114402
6.118240
6.122111
6.125880
6.129790
6.133580
6.137370
6.141235
6.145037
6.148827
6.152638
6.156401
6.160206
6.163999
6.167828
6.171609
6.175372
6.179090
6.182853
6.186658
6.190475
6.194181
6.197945
6.201642
6.205429
6.209264
6.212934
6.216679
6.220460
6.224172
6.227911
6.231611
6.235320
6.239059
6.242802
6.246496
6.250190
6.253902
6.257605
6.261320
6.265014
6.268687
6.272444
6.276105
6.279788
0.000285
0.003973
0.007625
0.011337
0.014965
0.018665
0.022330
0.026036
0.029664
0.033334
0.037019
0.040636
0.044279
0.047970
0.051619
0.055235
0.058861
0.062549
0.066129
0.069805
0.073445
0.077077
0.080735
0.084309
0.087931
0.091589
0.095179
0.098795
0.102417
0.106048
0.109650
0.113275
0.116900
0.120486
0.124094
0.127650
0.131242
0.134846
0.138412
0.142013
0.145575
0.149156
0.152745
0.156331
0.159906
0.163510
0.167120
0.170589
0.174209
0.177792
0.181339
0.184860
0.188422
0.192008
0.195568
0.199046
0.202635
0.206153
0.209706
0.213229
0.216771
0.220339
0.223877
0.227404
0.230963
0.234483
0.238016
0.241530
0.244999
0.248508
0.252025
0.255543
0.259030
0.262538
0.266098
0.269540
0.273120
0.276593
0.280083
0.283580
0.287079
0.290540
0.294030
0.297505
0.300978
0.304477
0.307935
0.311413
0.314880
0.318340
0.321815
0.325267
0.328718
0.332182
0.335678
0.339088
0.342539
0.346036
0.349433
0.352873
0.356327
0.359727
0.363158
0.366600
0.370010
0.373506
0.376883
0.380292
0.383720
0.387168
0.390524
0.393951
0.397355
0.400764
0.404150
0.407542
0.410921
0.414337
0.417716
0.421084
0.424484
0.427864
0.431219
0.434614
0.437981
0.441361
0.444669
0.448075
0.451476
0.454765
0.458217
0.461504
0.464895
0.468230
0.471579
0.474902
0.478216
0.481559
0.484885
0.488207
0.491530
0.494859
0.498208
0.501510
0.504865
0.508158
0.511490
0.514752
0.518063
0.521353
0.524672
0.527956
0.531237
0.534556
0.537819
0.541121
0.544395
0.547652
0.550915
0.554196
0.557500
0.560739
0.564005
0.567273
0.570527
0.573805
0.577043
0.580288
0.583536
0.586778
0.590040
0.593204
0.596515
0.599715
0.602956
0.606147
0.609359
0.612604
0.615848
0.619054
0.622302
0.625493
0.628704
0.631913
0.635122
0.638289
0.641513
0.644658
0.647870
0.651049
0.654240
0.657359
0.660633
0.663764
0.666943
0.670131
0.673319
0.676441
0.679604
0.682774
0.685917
0.689081
0.692215
0.695364
0.698528
0.701685
0.704747
0.707959
0.711024
0.714194
0.717304
0.720471
0.723542
0.726675
0.729782
0.732901
0.736014
0.739118
0.742222
0.745329
0.748391
0.751501
0.754611
0.757685
0.760771
0.763866
0.766921
0.769998
0.773090
0.776170
0.779220
0.782336
0.785413
0.788454
0.791537
0.794584
0.797610
0.800657
0.803713
0.806775
0.809798
0.812821
0.815874
0.818972
0.822001
0.825045
0.828062
0.831052
0.834078
0.837134
0.840151
0.843177
0.846233
0.849229
0.852231
0.855278
0.858247
0.861240
0.864272
0.867241
0.870297
0.873293
0.876278
0.879304
0.882255
0.885296
0.888262
0.891267
0.894212
0.897244
0.900198
0.903173
0.906148
0.909096
0.912116
0.915088
0.918073
0.921054
0.924008
0.926956
0.929901
0.932843
0.935821
0.938784
0.941726
0.944692
0.947632
0.950589
0.953534
0.956434
0.959385
0.962318
0.965269
0.968179
0.971142
0.974045
0.976972
0.979908
0.982829
0.985783
0.988672
0.991584
0.994484
0.997387
1.000290
1.003205
1.006112
1.009006
1.011906
1.014779
1.017694
1.020574
1.023474
1.026386
1.029250
1.032156
1.035018
1.037903
1.040755
1.043643
1.046495
1.049363
1.052251
1.055124
1.057994
1.060826
1.063651
1.066530
1.069406
1.072220
1.075084
1.077951
1.080803
1.083656
1.086490
1.089297
1.092131
1.094951
1.097770
1.100613
1.103427
1.106264
1.109092
1.111881
1.114707
1.117565
1.120312
1.123177
1.125954
1.128761
1.131536
1.134343
1.137132
1.139936
1.142756
1.145527
1.148278
1.151055
1.153844
1.156618
1.159402
1.162173
1.164942
1.167731
1.170508
1.173280
1.176060
1.178771
1.181534
1.184317
1.187022
1.189752
1.192532
1.195247
1.198003
1.200756
1.203468
1.206200
1.208978
1.211692
1.214418
1.217154
1.219859
1.222580
1.225282
1.227994
1.230765
1.233401
1.236134
1.238812
1.241527
1.244208
1.246905
1.249631
1.252337
1.255045
1.257708
1.260399
1.263071
1.265753
1.268398
1.271053
1.273731
1.276386
1.279037
1.281728
1.284388
1.287043
1.289685
1.292301
1.294964
1.297661
1.300279
1.302907
1.305555
1.308231
1.310820
1.313450
1.316039
1.318693
1.321336
1.323939
1.326561
1.329173
1.331747
1.334357
1.336954
1.339549
1.342176
1.344768
1.347345
1.349927
1.352525
1.355068
1.357639
1.360248
1.362795
1.365357
1.367930
1.370468
1.373045
1.375597
1.378162
1.380706
1.383267
1.385811
1.388348
1.390916
1.393460
1.395967
1.398502
1.401040
1.403506
1.406070
1.408557
1.411103
1.413608
1.416101
1.418609
1.421143
1.423639
1.426123
1.428666
1.431126
1.433682
1.436148
1.438634
1.441103
1.443602
1.446041
1.448524
1.451017
1.453510
1.455987
1.458432
1.460940
1.463379
1.465838
1.468301
1.470731
1.473176
1.475663
1.478089
1.480543
1.482973
1.485418
1.487883
1.490277
1.492692
1.495128
1.497594
1.500011
1.502444
1.504853
1.507298
1.509737
1.512125
1.514512
1.516945
1.519363
1.521727
1.524127
1.526548
1.528950
1.531371
1.533705
1.536087
1.538496
1.540809
1.543212
1.545612
1.548002
1.550390
1.552748
1.555109
1.557521
1.559849
1.562192
1.564532
1.566931
1.569277
1.571572
1.573984
1.576285
1.578691
1.581019
1.583335
1.585684
1.588060
1.590384
1.592700
1.595001
1.597347
1.599699
1.602012
1.604346
1.606635
1.608963
1.611243
1.613559
1.615884
1.618200
1.620510
1.622832
1.625151
1.627455
1.629741
1.632000
1.634277
1.636593
1.638909
1.641168
1.643469
1.645767
1.648044
1.650288
1.652553
1.654830
1.657095
1.659387
1.661640
1.663896
1.666143
1.668426
1.670658
1.672920
1.675152
1.677405
1.679664
1.681905
1.684110
1.686375
1.688604
1.690833
1.693056
1.695339
1.697523
1.699759
1.701961
1.704184
1.706416
1.708642
1.710829
1.713082
1.715305
1.717489
1.719658
1.721896
1.724090
1.726232
1.728461
1.730633
1.732838
1.735019
1.737200
1.739387
1.741557
1.743738
1.745913
1.748067
1.750251
1.752369
1.754583
1.756723
1.758889
1.761052
1.763182
1.765309
1.767481
1.769621
1.771772
1.773956
1.776074
1.778234
1.780344
1.782495
1.784637
1.786740
1.788852
1.791015
1.793125
1.795234
1.797337
1.799473
1.801583
1.803737
1.805816
1.807913
1.810034
1.812147
1.814214
1.816305
1.818414
1.820509
1.822570
1.824667
1.826758
1.828844
1.830929
1.832996
1.835072
1.837158
1.839213
1.841286
1.843372
1.845442
1.847503
1.849567
1.851638
1.853711
1.855784
1.857804
1.859826
1.861911
1.863925
1.865965
1.867996
1.870006
1.872056
1.874084
1.876115
1.878168
1.880211
1.882233
1.884259
1.886314
1.888294
1.890287
1.892327
1.894319
1.896315
1.898301
1.900297
1.902325
1.904320
1.906325
1.908314
1.910303
1.912296
1.914294
1.916281
1.918237
1.920232
1.922213
1.924208
1.926159
1.928118
1.930053
1.932046
1.933984
1.935914
1.937888
1.939860
1.941801
1.943772
1.945726
1.947667
1.949618
1.951535
1.953456
1.955391
1.957318
1.959232
1.961167
1.963100
1.964990
1.966929
1.968861
1.970773
1.972693
1.974581
1.976489
1.978404
1.980282
1.982173
1.984057
1.985954
1.987823
1.989702
1.991598
1.993480
1.995332
1.997213
1.999086
2.000949
2.002851
2.004706
2.006564
2.008466
2.010294
2.012154
2.014021
2.015872
2.017718
2.019582
2.021388
2.023201
2.024983
2.026823
2.028657
2.030460
2.032255
2.034124
2.035964
2.037795
2.039616
2.041450
2.043262
2.045060
2.046840
2.048592
2.050381
2.052200
2.053958
2.055711
2.057518
2.059312
2.061107
2.062911
2.064687
2.066461
2.068226
2.069957
2.071716
2.073478
2.075218
2.076953
2.078691
2.080441
2.082211
2.083952
2.085669
2.087448
2.089225
2.090918
2.092628
2.094315
2.096053
2.097749
2.099442
2.101158
2.102887
2.104631
2.106344
2.108058
2.109808
2.111483
2.113118
2.114808
2.116492
2.118161
2.119827
2.121483
2.123173
2.124875
2.126544
2.128219
2.129923
2.131604
2.133276
2.134909
2.136530
2.138177
2.139825
2.141407
2.143040
2.144679
2.146303
2.147939
2.149611
2.151270
2.152909
2.154584
2.156232
2.157840
2.159456
2.161034
2.162622
2.164237
2.165807
2.167389
2.168995
2.170571
2.172183
2.173825
2.175436
2.177030
2.178609
2.180203
2.181782
2.183382
2.184934
2.186504
2.188080
2.189605
2.191151
2.192706
2.194255
2.195813
2.197371
2.198931
2.200507
2.202083
2.203623
2.205166
2.206697
2.208216
2.209738
2.211230
2.212725
2.214220
2.215745
2.217261
2.218795
2.220341
2.221860
2.223349
2.224856
2.226342
2.227846
2.229330
2.230822
2.232287
2.233776
2.235250
2.236691
2.238168
2.239618
2.241095
2.242572
2.244043
2.245514
2.247006
2.248477
2.249909
2.251374
2.252780
2.254221
2.255641
2.257067
2.258490
2.259901
2.261300
2.262753
2.264186
2.265624
2.267062
2.268461
2.269902
2.271325
2.272688
2.274096
2.275484
2.276865
2.278228
2.279636
2.280993
2.282345
2.283714
2.285101
2.286500
2.287884
2.289245
2.290626
2.292028
2.293379
2.294719
2.296079
2.297430
2.298796
2.300111
2.301430
2.302775
2.304096
2.305408
2.306700
2.308042
2.309375
2.310696
2.312021
2.313369
2.314705
2.316032
2.317357
2.318654
2.319972
2.321251
2.322540
2.323810
2.325086
2.326366
2.327633
2.328903
2.330189
2.331504
2.332789
2.334036
2.335300
2.336636
2.337883
2.339144
2.340420
2.341681
2.342964
2.344189
2.345451
2.346679
2.347928
2.349151
2.350367
2.351599
2.352815
2.354025
2.355263
2.356497
2.357755
2.358999
2.360218
2.361459
2.362720
2.363915
2.365105
2.366312
2.367532
2.368724
2.369901
2.371070
2.372256
2.373458
2.374599
2.375813
2.377005
2.378204
2.379384
2.380579
2.381778
2.382958
2.384112
2.385298
2.386500
2.387659
2.388798
2.389951
2.391110
2.392267
2.393399
2.394532
2.395685
2.396818
2.397944
2.399077
2.400218
2.401360
2.402490
2.403643
2.404797
2.405953
2.407083
2.408191
2.409336
2.410474
2.411550
2.412646
2.413764
2.414863
2.415930
2.416999
2.418096
2.419208
2.420289
2.421380
2.422473
2.423582
2.424681
2.425742
2.426859
2.427929
2.428981
2.430086
2.431150
2.432255
2.433319
2.434389
2.435446
2.436468
2.437505
2.438520
2.439575
2.440614
2.441657
2.442685
2.443700
2.444752
2.445789
2.446810
2.447841
2.448869
2.449893
2.450930
2.451981
2.452991
2.454031
2.455043
2.456062
2.457078
2.458102
2.459046
2.460026
2.461009
2.461982
2.462929
2.463891
2.464861
2.465850
2.466827
2.467816
2.468804
2.469778
2.470743
2.471699
2.472672
2.473640
2.474622
2.475599
2.476582
2.477574
2.478533
2.479479
2.480405
2.481334
2.482215
2.483107
2.484003
2.484932
2.485840
2.486781
2.487695
2.488656
2.489564
2.490505
2.491398
2.492305
2.493204
2.494103
2.494993
2.495895
2.496787
2.497701
2.498627
2.499556
2.500458
2.501350
2.502225
2.503103
2.503960
2.504799
2.505647
2.506486
2.507349
2.508205
2.509062
2.509931
2.510788
2.511657
2.512502
2.513368
2.514177
2.514997
2.515830
2.516666
2.517490
2.518326
2.519168
2.520037
2.520900
2.521750
2.522583
2.523425
2.524237
2.525058
2.525849
2.526625
2.527428
2.528207
2.528989
2.529789
2.530559
2.531374
2.532153
2.532974
2.533741
2.534544
2.535305
2.536069
2.536842
2.537600
2.538340
2.539083
2.539850
2.540614
2.541378
2.542151
2.542927
2.543724
2.544530
2.545288
2.546043
2.546801
2.547549
2.548278
2.548988
2.549695
2.550429
2.551136
2.551837
2.552556
2.553272
2.553988
2.554701
2.555420
2.556136
2.556855
2.557554
2.558258
2.558962
2.559666
2.560325
2.560990
2.561676
2.562365
2.563021
2.563701
2.564408
2.565098
2.565787
2.566485
2.567189
2.567884
2.568570
2.569265
2.569939
2.570592
2.571239
2.571890
2.572522
2.573145
2.573750
2.574361
2.575002
2.575629
2.576222
2.576851
2.577465
2.578091
2.578706
2.579332
2.579934
2.580536
2.581129
2.581717
2.582307
2.582882
2.583454
2.584027
2.584608
2.585183
2.585740
2.586324
2.586918
2.587517
2.588110
2.588706
2.589324
2.589938
2.590537
2.591130
2.591720
2.592296
2.592853
2.593404
2.593952
2.594495
2.595034
2.595543
2.596080
2.596610
2.597110
2.597623
2.598144
2.598662
2.599169
2.599669
2.600175
2.600682
2.601173
2.601652
2.602132
2.602617
2.603117
2.603600
2.604052
2.604541
2.605026
2.605493
2.605955
2.606440
2.606905
2.607363
2.607806
2.608268
2.608735
2.609196
2.609655
2.610149
2.610635
2.611138
2.611605
2.612079
2.612576
2.613076
2.613556
2.614047
2.614538
2.615012
2.615467
2.615902
2.616354
2.616788
2.617211
2.617618
2.618044
2.618439
2.618835
2.619224
2.619626
2.620018
2.620378
2.620767
2.621160
2.621543
2.621903
2.622244
2.622607
2.622969
2.623308
2.623634
2.623958
2.624303
2.624641
2.624962
2.625291
2.625627
2.625962
2.626295
2.626621
2.626945
2.627260
2.627550
2.627859
2.628174
2.628470
2.628770
2.629072
2.629375
2.629672
2.629959
2.630238
2.630531
2.630828
2.631110
2.631397
2.631694
2.631990
2.632287
2.632611
2.632925
2.633225
2.633536
2.633848
2.634171
2.634486
2.634804
2.635142
2.635490
2.635828
2.636164
2.636497
2.636844
2.637186
2.637515
2.637824
2.638138
2.638453
2.638744
2.639049
2.639337
2.639618
2.639864
2.640134
2.640406
2.640649
2.640886
2.641116
2.641347
2.641575
2.641776
2.641964
2.642159
2.642354
2.642524
2.642680
2.642830
2.642980
2.643136
2.643277
2.643417
2.643549
2.643684
2.643816
2.643957
2.644083
2.644214
2.644352
2.644496
2.644619
2.644745
2.644859
2.644981
2.645107
2.645224
2.645332
2.645446
2.645569
2.645685
2.645787
2.645895
2.645985
2.646078
2.646189
2.646306
2.646405
2.646506
2.646608
2.646704
2.646800
2.646890
2.646965
2.647052
2.647141
2.647223
2.647288
2.647363
2.647444
2.647516
2.647591
2.647660
2.647711
2.647774
2.647837
2.647891
2.647938
2.647983
2.648025
2.648061
2.648106
2.648142
2.648166
2.648190
2.648223
2.648250
2.648265
2.648292
2.648313
2.648328
2.648340
2.648346
2.648346
2.648346
2.648346
2.648346
2.648346
2.648346
2.648346
2.648346
2.648346
2.648346
2.648346
2.648346
2.648346
2.648346
2.648346
2.648346
2.648346
2.648346
2.648346
2.648346
2.648346
2.648322
2.648304
2.648274
2.648235
2.648196
2.648169
2.648142
2.648127
2.648109
2.648076
2.648049
2.648034
2.648016
2.647983
2.647954
2.647933
2.647914
2.647893
2.647876
2.647846
2.647819
2.647807
2.647801
2.647789
2.647780
2.647780
2.647780
2.647774
2.647768
2.647753
2.647744
2.647738
2.647732
2.647720
2.647717
2.647717
2.647717
2.647717
2.647717
2.647717
2.647717
2.647717
2.647717
2.647717
2.647717
2.647717
2.647717
2.647717
2.647717
2.647717
2.647717
2.647717
2.647717
2.647717
2.647717
2.647717
2.647717
2.647717
2.647717
2.647717
2.647717
2.647717
2.647717
2.647717
2.647717
2.647717
2.647717
2.647717
2.647717
2.647717
2.647717
2.647717
2.647717
2.647717
2.647717
2.647717
2.647717
2.647717
2.647717
2.647717
2.647717
2.647717
2.647717
2.647717
2.647717
2.647717
2.647717
2.647717
2.647717
2.647717
2.647717
2.647717
2.647717
2.647717
2.647717
2.647717
2.647717
2.647717
2.647717
2.647717
2.647717
2.647717
2.647717
2.647717
2.647717
2.647717
2.647717
2.647717
2.647717
2.647717
2.647717
2.647717
2.647717
2.647717
2.647717
2.647717
2.647717
2.647717
2.647717
2.647717
2.647717
2.647717
2.647717
2.647717
2.647717
2.647717
2.647717
2.647717
2.647717
2.647717
2.647717
2.647717
2.647717
2.647717