3.463917
3.463917
3.463917
3.463917
3.463917
3.463917
3.463917
3.463935
3.464073
3.464316
3.464681
3.465113
3.465601
3.466230
3.466961
3.467842
3.468840
3.469972
3.471162
3.472378
3.473670
3.475054
3.476474
3.478032
3.479781
3.481666
3.483667
3.485785
3.488009
3.490370
3.492817
3.495334
3.497920
3.500727
3.503555
3.506506
3.509571
3.512741
3.516070
3.519548
3.523123
3.526793
3.530583
3.534403
3.538450
3.542492
3.546779
3.551112
3.555594
3.560223
3.564914
3.569789
3.574634
3.579670
3.584850
3.590027
3.595423
3.600822
3.606356
3.612000
3.617915
3.623751
3.629929
3.636071
3.642390
3.648630
3.655213
3.661702
3.668383
3.675259
3.682174
3.689236
3.696456
3.703671
3.711098
3.718657
3.726282
3.733988
3.741841
3.749795
3.757753
3.766106
3.774141
3.782545
3.791072
3.799628
3.808383
3.817287
3.826111
3.835177
3.844389
3.853537
3.862863
3.872376
3.881978
3.891730
3.901587
3.911447
3.921568
3.931677
3.941944
3.952250
3.962833
3.973421
3.984126
3.995028
4.005883
4.016963
4.028003
4.039034
4.049988
4.061340
4.072377
4.083409
4.094617
4.105679
4.116893
4.128047
4.139151
4.150311
4.161699
4.172940
4.184214
4.195557
4.206822
4.218156
4.229275
4.240630
4.251922
4.263253
4.274440
4.285745
4.297169
4.308475
4.319717
4.331153
4.342457
4.353692
4.365104
4.376336
4.387622
4.398957
4.410273
4.421502
4.432821
4.444092
4.455160
4.466509
4.477585
4.488913
4.499959
4.511177
4.522439
4.533674
4.544622
4.555806
4.567023
4.578300
4.589413
4.600636
4.611859
4.622897
4.634198
4.645265
4.656372
4.667517
4.678704
4.689742
4.700890
4.712027
4.723241
4.734269
4.745331
4.756491
4.767663
4.778746
4.789870
4.801075
4.812176
4.823324
4.834466
4.845558
4.856724
4.867944
4.879033
4.890169
4.901209
4.912424
4.923566
4.934777
4.946024
4.956984
4.968381
4.979443
4.990495
5.001901
5.012992
5.024021
5.035304
5.046434
5.057649
5.068854
5.079897
5.091036
5.102334
5.113393
5.124527
5.135756
5.146784
5.157992
5.169138
5.180127
5.191264
5.202547
5.213485
5.224646
5.235893
5.246763
5.257884
5.269008
5.279983
5.291068
5.302010
5.312999
5.324052
5.335065
5.345956
5.356925
5.367929
5.378796
5.389743
5.400724
5.411651
5.422445
5.433354
5.444095
5.455084
5.465966
5.476830
5.487565
5.498353
5.509307
5.520045
5.530956
5.541694
5.552594
5.563494
5.574214
5.585014
5.595698
5.606658
5.617345
5.628181
5.638934
5.649705
5.660587
5.671349
5.681940
5.692941
5.703577
5.714285
5.725191
5.735908
5.746690
5.757539
5.768214
5.779060
5.789759
5.800431
5.811312
5.822035
5.832621
5.843346
5.854171
5.864834
5.875449
5.886289
5.896922
5.907650
5.918472
5.928956
5.939670
5.950539
5.961025
5.971683
5.982444
5.992987
6.003557
6.014337
6.024832
6.035414
6.046125
6.056534
6.067113
6.077734
6.088292
6.098781
6.109351
6.119849
6.130300
6.140909
6.151356
6.161848
6.172313
6.182745
6.193241
6.203652
6.214054
6.224537
6.234892
6.245282
6.255721
6.266072
6.276468
0.003682
0.013917
0.024412
0.034868
0.045079
0.055355
0.065805
0.076157
0.086436
0.096937
0.107034
0.117658
0.127857
0.138091
0.148568
0.158920
0.169322
0.179482
0.189944
0.200259
0.210689
0.220998
0.231317
0.241719
0.252013
0.262335
0.272815
0.283049
0.293230
0.303716
0.313975
0.324593
0.334674
0.345008
0.355188
0.365765
0.375957
0.386198
0.396513
0.406924
0.417075
0.427342
0.437700
0.448003
0.458181
0.468565
0.478746
0.489004
0.499260
0.509464
0.519750
0.529999
0.540174
0.550358
0.560673
0.570797
0.580980
0.591131
0.601425
0.611345
0.621643
0.631793
0.641827
0.651996
0.662080
0.672219
0.682370
0.692469
0.702494
0.712645
0.722754
0.732736
0.742869
0.752921
0.762928
0.773108
0.783070
0.793164
0.803237
0.813229
0.823214
0.833332
0.843336
0.853370
0.863514
0.873440
0.883597
0.893628
0.903605
0.913698
0.923876
0.933853
0.943964
0.954028
0.964071
0.974180
0.984243
0.994346
1.004428
1.014578
1.024642
1.034733
1.044854
1.054855
1.065011
1.075060
1.085187
1.095202
1.105386
1.115372
1.125549
1.135652
1.145731
1.155804
1.165960
1.176012
1.186169
1.196328
1.206329
1.216435
1.226594
1.236697
1.246686
1.256896
1.266954
1.276778
1.287130
1.297077
1.307047
1.317219
1.327271
1.337365
1.347392
1.357456
1.367469
1.377497
1.387480
1.397498
1.407571
1.417557
1.427501
1.437619
1.447658
1.457620
1.467678
1.477607
1.487701
1.497630
1.507696
1.517586
1.527611
1.537573
1.547529
1.557545
1.567384
1.577418
1.587463
1.597296
1.607348
1.617319
1.627167
1.637159
1.647190
1.657167
1.667233
1.677207
1.687166
1.697116
1.707153
1.717142
1.727313
1.737218
1.747276
1.757097
1.767251
1.777222
1.787273
1.797319
1.807398
1.817372
1.827534
1.837460
1.847521
1.857675
1.867753
1.877568
1.887830
1.897723
1.907856
1.917746
1.927785
1.937795
1.947940
1.958025
1.967989
1.978068
1.988213
1.998136
2.008134
2.018179
2.028162
2.038190
2.048152
2.058207
2.068208
2.078047
2.088027
2.098027
2.108151
2.118032
2.128009
2.137920
2.147876
2.157754
2.167794
2.177621
2.187630
2.197556
2.207404
2.217228
2.227301
2.237026
2.246871
2.256776
2.266612
2.276500
2.286213
2.296031
2.305945
2.315745
2.325410
2.335471
2.345190
2.354885
2.364742
2.374396
2.384243
2.394020
2.403814
2.413455
2.423456
2.432953
2.442847
2.452635
2.462294
2.472076
2.481909
2.491583
2.501333
2.511165
2.520891
2.530628
2.540419
2.550159
2.559971
2.569654
2.579368
2.589102
2.598962
2.608693
2.618388
2.628230
2.637881
2.647666
2.657361
2.667047
2.676946
2.686630
2.696226
2.706020
2.715793
2.725387
2.735088
2.744822
2.754601
2.764293
2.773973
2.783648
2.793415
2.803170
2.812629
2.822339
2.831944
2.841789
2.851275
2.861000
2.870456
2.880265
2.889831
2.899421
2.909018
2.918578
2.928118
2.937708
2.947373
2.956919
2.966470
2.976141
2.985570
2.995118
3.004715
3.014332
3.023692
3.033153
3.042666
3.052088
3.061913
3.071110
3.080566
3.090072
3.099567
3.108993
3.118427
3.127808
3.137308
3.146692
3.156085
3.165480
3.174906
3.184337
3.193685
3.203162
3.212488
3.221878
3.231324
3.240690
3.250080
3.259568
3.268937
3.278351
3.287627
3.297133
3.306448
3.315798
3.325299
3.334587
3.343937
3.353381
3.362746
3.372166
3.381610
3.390939
3.400248
3.409629
3.418983
3.428399
3.437849
3.447071
3.456400
3.465943
3.475209
3.484551
3.493884
3.503271
3.512624
3.521963
3.531308
3.540520
3.549793
3.559276
3.568516
3.577821
3.587112
3.596445
3.605772
3.615026
3.624305
3.633566
3.642788
3.651989
3.661280
3.670352
3.679708
3.688813
3.698017
3.707179
3.716365
3.725638
3.734755
3.743836
3.753124
3.762300
3.771394
3.780711
3.789673
3.798826
3.807928
3.816898
3.826164
3.835234
3.844201
3.853321
3.862498
3.871477
3.880474
3.889573
3.898612
3.907591
3.916672
3.925658
3.934694
3.943742
3.952733
3.961739
3.970769
3.979742
3.988844
3.997857
4.006821
4.015713
4.024761
4.033725
4.042861
4.051986
4.060915
4.069837
4.078903
4.087966
4.097044
4.105888
4.114922
4.123883
4.133090
4.142042
4.151021
4.159973
4.168979
4.178066
4.187201
4.196028
4.205085
4.214133
4.223097
4.232169
4.241082
4.250226
4.259158
4.268199
4.277221
4.286311
4.295146
4.304287
4.313224
4.322335
4.331249
4.340162
4.349216
4.358165
4.367213
4.376223
4.385133
4.394103
4.403103
4.412097
4.421010
4.429981
4.438963
4.447867
4.456841
4.465816
4.474736
4.483664
4.492589
4.501607
4.510452
4.519395
4.528203
4.537266
4.546036
4.554970
4.563946
4.572722
4.581596
4.590530
4.599312
4.608198
4.617138
4.625914
4.634779
4.643651
4.652411
4.661267
4.670138
4.678890
4.687707
4.696591
4.705286
4.714085
4.722914
4.731699
4.740510
4.749342
4.758097
4.766962
4.775755
4.784498
4.793334
4.802235
4.810968
4.819809
4.828615
4.837435
4.846268
4.855199
4.863947
4.872669
4.881588
4.890406
4.899181
4.908034
4.916804
4.925672
4.934502
4.943262
4.952050
4.960879
4.969669
4.978535
4.987304
4.996077
5.005002
5.013792
5.022493
5.031382
5.040136
5.048981
5.057705
5.066622
5.075280
5.084110
5.092951
5.101741
5.110532
5.119310
5.127924
5.136843
5.145622
5.154325
5.163038
5.171873
5.180580
5.189316
5.198080
5.206729
5.215457
5.224199
5.232867
5.241570
5.250280
5.258924
5.267615
5.276304
5.284908
5.293636
5.302258
5.310809
5.319444
5.328100
5.336650
5.345264
5.353866
5.362440
5.370979
5.379611
5.388144
5.396673
5.405284
5.413784
5.422307
5.430861
5.439373
5.447828
5.456328
5.464867
5.473163
5.481800
5.490093
5.498701
5.507114
5.515515
5.523976
5.532466
5.540942
5.549295
5.557732
5.566121
5.574576
5.583058
5.591399
5.599836
5.608228
5.616587
5.625048
5.633454
5.641859
5.650122
5.658639
5.666986
5.675387
5.683806
5.692153
5.700620
5.708976
5.717380
5.725721
5.734086
5.742481
5.750786
5.759175
5.767543
5.775959
5.784267
5.792560
5.800979
5.809281
5.817583
5.825924
5.834310
5.842645
5.850869
5.859309
5.867497
5.875823
5.884156
5.892413
5.900745
5.909035
5.917265
5.925606
5.933884
5.942213
5.950368
5.958685
5.966943
5.975122
5.983403
5.991675
5.999896
6.008016
6.016294
6.024506
6.032673
6.040843
6.049074
6.057277
6.065375
6.073713
6.081700
6.089844
6.098008
6.106211
6.114238
6.122432
6.130533
6.138598
6.146682
6.154753
6.162804
6.170878
6.178986
6.187021
6.195128
6.203236
6.211223
6.219202
6.227327
6.235245
6.243368
6.251346
6.259357
6.267315
6.275414
0.000111
0.008083
0.016080
0.024031
0.032025
0.039994
0.047871
0.055972
0.063939
0.071893
0.079782
0.087853
0.095748
0.103735
0.111663
0.119648
0.127629
0.135545
0.143487
0.151469
0.159441
0.167366
0.175260
0.183122
0.191157
0.199148
0.207042
0.214982
0.222984
0.230882
0.238873
0.246773
0.254650
0.262607
0.270529
0.278364
0.286372
0.294336
0.302251
0.310089
0.317989
0.325869
0.333898
0.341760
0.349709
0.357591
0.365510
0.373348
0.381254
0.389197
0.397121
0.404869
0.412863
0.420583
0.428466
0.436364
0.444117
0.452099
0.459934
0.467753
0.475555
0.483399
0.491311
0.499044
0.506924
0.514746
0.522524
0.530344
0.538170
0.545896
0.553698
0.561440
0.569221
0.577025
0.584746
0.592518
0.600314
0.608122
0.615845
0.623596
0.631215
0.639035
0.646804
0.654435
0.662170
0.669981
0.677507
0.685270
0.693024
0.700754
0.708358
0.716066
0.723712
0.731406
0.739073
0.746728
0.754383
0.762104
0.769678
0.777393
0.784994
0.792589
0.800217
0.807896
0.815485
0.823125
0.830761
0.838419
0.846014
0.853720
0.861330
0.868934
0.876694
0.884130
0.891800
0.899608
0.907011
0.914759
0.922387
0.929985
0.937664
0.945346
0.952863
0.960548
0.968215
0.975839
0.983431
0.991143
0.998717
1.006369
1.014051
1.021634
1.029250
1.036929
1.044527
1.052293
1.059825
1.067516
1.075090
1.082814
1.090364
1.098001
1.105659
1.113314
1.120942
1.128602
1.136212
1.143810
1.151486
1.159111
1.166646
1.174388
1.181872
1.189494
1.197212
1.204801
1.212324
1.220003
1.227589
1.235223
1.242938
1.250446
1.258104
1.265738
1.273267
1.280847
1.288388
1.296121
1.303539
1.311284
1.318699
1.326261
1.333994
1.341505
1.349073
1.356647
1.364197
1.371735
1.379396
1.386796
1.394290
1.401942
1.409438
1.416961
1.424472
1.431971
1.439494
1.447011
1.454543
1.462004
1.469578
1.477074
1.484474
1.492069
1.499505
1.506965
1.514464
1.522003
1.529400
1.536983
1.544356
1.551810
1.559339
1.566758
1.574233
1.581639
1.589237
1.596553
1.604151
1.611495
1.618979
1.626523
1.633833
1.641476
1.648793
1.656406
1.663692
1.671368
1.678636
1.686210
1.693638
1.701149
1.708507
1.715982
1.723544
1.730939
1.738462
1.745892
1.753355
1.760926
1.768356
1.775825
1.783399
1.790689
1.798122
1.805717
1.813099
1.820634
1.828092
1.835510
1.843000
1.850517
1.857971
1.865539
1.872886
1.880475
1.887797
1.895338
1.902711
1.910249
1.917746
1.925149
1.932579
1.940081
1.947508
1.954954
1.962417
1.969847
1.977304
1.984767
1.992177
1.999622
2.007133
2.014509
2.021877
2.029292
2.036710
2.044119
2.051568
2.058953
2.066353
2.073708
2.080998
2.088524
2.095825
2.103297
2.110656
2.118011
2.125408
2.132686
2.140065
2.147444
2.154740
2.162098
2.169393
2.176725
2.184089
2.191423
2.198761
2.205963
2.213370
2.220539
2.227984
2.235196
2.242455
2.249774
2.256950
2.264222
2.271637
2.278830
2.286072
2.293295
2.300507
2.307706
2.314960
2.322210
2.329425
2.336663
2.343800
2.351023
2.358247
2.365410
2.372568
2.379779
2.387024
2.394134
2.401333
2.408410
2.415723
2.422917
2.430002
2.437238
2.444395
2.451544
2.458750
2.465850
2.473035
2.480222
2.487452
2.494570
2.501740
2.508921
2.516031
2.523183
2.530376
2.537510
2.544637
2.551849
2.558962
2.566146
2.573253
2.580380
2.587559
2.594627
2.601781
2.608930
2.616090
2.623149
2.630445
2.637479
2.644613
2.651818
2.658772
2.665921
2.673033
2.680119
2.687193
2.694431
2.701445
2.708636
2.715598
2.722831
2.729818
2.736930
2.743929
2.751111
2.758193
2.765171
2.772188
2.779408
2.786386
2.793442
2.800602
2.807547
2.814597
2.821653
2.828729
2.835707
2.842748
2.849741
2.856815
2.863753
2.870779
2.877763
2.884855
2.891820
2.898756
2.905803
2.912718
2.919696
2.926688
2.933600
2.940578
2.947661
2.954489
2.961407
2.968367
2.975260
2.982253
2.989135
2.996029
3.002920
3.009835
3.016702
3.023539
3.030541
3.037423
3.044275
3.051136
3.057997
3.064906
3.071761
3.078517
3.085372
3.092304
3.099094
3.105874
3.112816
3.119569
3.126346
3.133168
3.139972
3.146740
3.153514
3.160366
3.167047
3.173971
3.180664
3.187495
3.194284
3.200969
3.207860
3.214637
3.221276
3.228155
3.234908
3.241643
3.248423
3.255215
3.261956
3.268715
3.275501
3.282317
3.289016
3.295800
3.302523
3.309276
3.316050
3.322758
3.329454
3.336333
3.342940
3.349801
3.356449
3.363259
3.369943
3.376690
3.383404
3.390106
3.397003
3.403607
3.410282
3.417056
3.423701
3.430394
3.437118
3.443790
3.450474
3.457179
3.463836
3.470575
3.477238
3.483856
3.490519
3.497272
3.503882
3.510500
3.517190
3.523820
3.530487
3.537180
3.543687
3.550363
3.557080
3.563683
3.570230
3.576866
3.583433
3.590051
3.596658
3.603237
3.609801
3.616357
3.623002
3.629578
3.636119
3.642725
3.649169
3.655830
3.662226
3.668851
3.675280
3.681875
3.688262
3.694940
3.701352
3.707793
3.714280
3.720802
3.727244
3.733706
3.740175
3.746607
3.753100
3.759580
3.765896
3.772430
3.778686
3.785101
3.791578
3.797963
3.804356
3.810816
3.817111
3.823462
3.829889
3.836303
3.842601
3.848983
3.855337
3.861764
3.868013
3.874515
3.880693
3.887083
3.893330
3.899649
3.905998
3.912283
3.918590
3.924936
3.931197
3.937510
3.943772
3.950108
3.956397
3.962647
3.968954
3.975233
3.981492
3.987760
3.994078
4.000224
4.006572
4.012783
4.019104
4.025336
4.031475
4.037875
4.044080
4.050359
4.056639
4.062781
4.069082
4.075469
4.081566
4.087693
4.094048
4.100235
4.106437
4.112692
4.118891
4.125111
4.131310
4.137587
4.143830
4.149966
4.156219
4.162499
4.168734
4.174870
4.181053
4.187330
4.193400
4.199653
4.205891
4.211999
4.218256
4.224484
4.230596
4.236777
4.243174
4.249169
4.255371
4.261692
4.267801
4.273979
4.280172
4.286338
4.292510
4.298655
4.304839
4.310975
4.317161
4.323333
4.329433
4.335608
4.341717
4.347784
4.354010
4.360146
4.366305
4.372420
4.378497
4.384633
4.390816
4.396913
4.402989
4.409140
4.415153
4.421256
4.427458
4.433420
4.439502
4.445602
4.451729
4.457763
4.463812
4.469912
4.475964
4.481974
4.488083
4.494063
4.500130
4.506153
4.512166
4.518206
4.524183
4.530193
4.536161
4.542201
4.548193
4.554251
4.560201
4.566206
4.572230
4.578124
4.584134
4.590090
4.596076
4.602032
4.607995
4.613876
4.619915
4.625791
4.631681
4.637652
4.643551
4.649478
4.655365
4.661357
4.667170
4.673045
4.678947
4.684768
4.690724
4.696561
4.702442
4.708338
4.714292
4.719963
4.725934
4.731666
4.737667
4.743440
4.749352
4.755149
4.761009
4.766830
4.772645
4.778545
4.784309
4.790226
4.795985
4.801845
4.807688
4.813500
4.819309
4.825137
4.830967
4.836761
4.842550
4.848389
4.854171
4.860020
4.865862
4.871644
4.877424
4.883299
4.888935
4.894843
4.900610
4.906369
4.912142
4.917922
4.923701
4.929492
4.935287
4.941054
4.946785
4.952571
4.958368
4.964076
4.969867
4.975628
4.981372
4.987050
4.992820
4.998500
5.004292
5.009990
5.015737
5.021438
5.027164
5.032847
5.038606
5.044271
5.049988
5.055689
5.061378
5.067125
5.072788
5.078489
5.084101
5.089763
5.095468
5.101136
5.106820
5.112479
5.118157
5.123801
5.129431
5.135069
5.140732
5.146383
5.151985
5.157672
5.163248
5.168862
5.174551
5.180100
5.185709
5.191290
5.196902
5.202463
5.208077
5.213638
5.219223
5.224864
5.230314
5.235941
5.241522
5.246972
5.252548
5.258055
5.263567
5.269059
5.274539
5.280040
5.285546
5.291086
5.296548
5.302028
5.307448
5.312975
5.318389
5.323869
5.329244
5.334730
5.340263
5.345608
5.351031
5.356433
5.361832
5.367240
5.372627
5.378047
5.383326
5.388844
5.394103
5.399487
5.404808
5.410180
5.415524
5.420905
5.426229
5.431544
5.436946
5.442177
5.447528
5.452819
5.458089
5.463440
5.468750
5.473969
5.479283
5.484569
5.489815
5.495019
5.500457
5.505571
5.510838
5.516057
5.521312
5.526588
5.531891
5.537029
5.542282
5.547510
5.552696
5.557930
5.563149
5.568332
5.573548
5.578783
5.583984
5.589179
5.594425
5.599575
5.604707
5.609974
5.615080
5.620302
5.625371
5.630566
5.635702
5.640870
5.645999
5.651185
5.656335
5.661458
5.666546
5.671708
5.676805
5.681961
5.687138
5.692282
5.697316
5.702514
5.707529
5.712622
5.717754
5.722788
5.727920
5.732963
5.738026
5.743119
5.748168
5.753252
5.758294
5.763376
5.768406
5.773457
5.778556
5.783554
5.788588
5.793627
5.798648
5.803672
5.808697
5.813778
5.818734
5.823767
5.828711
5.833762
5.838795
5.843778
5.848715
5.853817
5.858737
5.863738
5.868750
5.873708
5.878694
5.883652
5.888596
5.893551
5.898602
5.903471
5.908415
5.913370
5.918365
5.923218
5.928222
5.933180
5.938097
5.943043
5.947917
5.952837
5.957775
5.962670
5.967554
5.972431
5.977264
5.982202
5.987088
5.991909
5.996771
6.001661
6.006517
6.011362
6.016216
6.021042
6.025899
6.030756
6.035553
6.040379
6.045199
6.050014
6.054859
6.059596
6.064455
6.069165
6.073992
6.078776
6.083531
6.088310
6.093065
6.097858
6.102571
6.107296
6.112162
6.116826
6.121551
6.126318
6.131049
6.135767
6.140570
6.145256
6.149978
6.154631
6.159442
6.164077
6.168778
6.173497
6.178218
6.182922
6.187581
6.192306
6.196944
6.201639
6.206280
6.210896
6.215678
6.220259
6.224912
6.229658
6.234182
6.238915
6.243598
6.248188
6.252865
6.257539
6.262069
6.266743
6.271312
6.275932
6.280576
0.001974
0.006624
0.011145
0.015849
0.020373
0.025035
0.029607
0.034164
0.038757
0.043413
0.047883
0.052464
0.057126
0.061734
0.066273
0.070824
0.075363
0.080031
0.084519
0.089067
0.093684
0.098184
0.102768
0.107313
0.111927
0.116463
0.120987
0.125595
0.130083
0.134667
0.139143
0.143730
0.148221
0.152787
0.157302
0.161832
0.166386
0.170907
0.175419
0.179961
0.184452
0.189033
0.193500
0.197997
0.202602
0.207024
0.211578
0.216058
0.220576
0.225040
0.229609
0.233992
0.238552
0.243001
0.247453
0.251914
0.256432
0.260933
0.265472
0.269996
0.274463
0.278885
0.283388
0.287813
0.292244
0.296723
0.301179
0.305619
0.310068
0.314490
0.319023
0.323418
0.327849
0.332305
0.336739
0.341122
0.345658
0.350080
0.354487
0.358907
0.363353
0.367748
0.372137
0.376562
0.380973
0.385377
0.389808
0.394200
0.398574
0.403009
0.407422
0.411793
0.416158
0.420565
0.424937
0.429341
0.433709
0.438074
0.442476
0.446769
0.451098
0.455562
0.459883
0.464203
0.468613
0.472907
0.477224
0.481649
0.485939
0.490284
0.494652
0.499023
0.503304
0.507664
0.511939
0.516221
0.520553
0.524873
0.529193
0.533493
0.537783
0.542049
0.546355
0.550630
0.554915
0.559253
0.563486
0.567762
0.572079
0.576312
0.580585
0.584884
0.589112
0.593351
0.597587
0.601854
0.606045
0.610375
0.614569
0.618790
0.623057
0.627320
0.631479
0.635787
0.639907
0.644206
0.648383
0.652598
0.656828
0.661059
0.665202
0.669406
0.673678
0.677828
0.682007
0.686226
0.690369
0.694585
0.698767
0.702959
0.707117
0.711291
0.715527
0.719644
0.723754
0.727961
0.732083
0.736215
0.740355
0.744466
0.748661
0.752846
0.756957
0.761079
0.765190
0.769321
0.773468
0.777626
0.781752
0.785875
0.789961
0.794081
0.798224
0.802299
0.806371
0.810520
0.814613
0.818717
0.822822
0.826900
0.830977
0.835115
0.839159
0.843261
0.847342
0.851428
0.855506
0.859590
0.863649
0.867730
0.871825
0.875879
0.879969
0.884031
0.888070
0.892142
0.896237
0.900276
0.904363
0.908443
0.912488
0.916539
0.920595
0.924607
0.928658
0.932714
0.936744
0.940798
0.944845
0.948875
0.952899
0.956964
0.960946
0.965003
0.969044
0.973071
0.977065
0.981083
0.985121
0.989163
0.993199
0.997171
1.001180
1.005225
1.009165
1.013212
1.017245
1.021230
1.025241
1.029274
1.033259
1.037241
1.041252
1.045267
1.049195
1.053264
1.057191
1.061200
1.065197
1.069164
1.073127
1.077142
1.081106
1.085073
1.089049
1.093009
1.096997
1.100976
1.104996
1.108900
1.112882
1.116810
1.120846
1.124785
1.128713
1.132656
1.136620
1.140542
1.144461
1.148421
1.152379
1.156295
1.160253
1.164148
1.168057
1.172045
1.175964
1.179868
1.183784
1.187673
1.191624
1.195534
1.199453
1.203315
1.207228
1.211192
1.215033
1.218966
1.222837
1.226714
1.230636
1.234573
1.238387
1.242381
1.246195
1.250072
1.253966
1.257849
1.261690
1.265594
1.269432
1.273285
1.277201
1.281045
1.284937
1.288736
1.292606
1.296468
1.300366
1.304144
1.307994
1.311835
1.315736
1.319481
1.323358
1.327172
1.331004
1.334836
1.338623
1.342434
1.346284
1.350086
1.353897
1.357678
1.361489
1.365393
1.369141
1.372964
1.376721
1.380601
1.384355
1.388124
1.391905
1.395677
1.399434
1.403218
1.406987
1.410762
1.414555
1.418276
1.422069
1.425847
1.429559
1.433352
1.437094
1.440851
1.444620
1.448330
1.452039
1.455799
1.459511
1.463208
1.466989
1.470689
1.474398
1.478104
1.481840
1.485529
1.489289
1.492965
1.496644
1.500353
1.504077
1.507765
1.511412
1.515127
1.518773
1.522437
1.526191
1.529795
1.533507
1.537190
1.540878
1.544506
1.548134
1.551858
1.555486
1.559148
1.562785
1.566461
1.570119
1.573738
1.577391
1.580986
1.584632
1.588224
1.591928
1.595556
1.599172
1.602818
1.606416
1.610075
1.613721
1.617313
1.620938
1.624555
1.628210
1.631793
1.635388
1.638993
1.642624
1.646207
1.649820
1.653452
1.657053
1.660636
1.664264
1.667863
1.671476
1.675083
1.678651
1.682253
1.685896
1.689416
1.693015
1.696628
1.700169
1.703734
1.707318
1.710898
1.714481
1.718055
1.721621
1.725213
1.728829
1.732347
1.735924
1.739501
1.743064
1.746614
1.750176
1.753721
1.757286
1.760869
1.764372
1.767880
1.771490
1.775017
1.778570
1.782066
1.785691
1.789137
1.792747
1.796235
1.799755
1.803305
1.806802
1.810319
1.813830
1.817384
1.820889
1.824401
1.827858
1.831372
1.834905
1.838395
1.841882
1.845463
1.848866
1.852453
1.855877
1.859397
1.862855
1.866384
1.869800
1.873284
1.876840
1.880244
1.883725
1.887210
1.890703
1.894164
1.897636
1.901106
1.904542
1.908041
1.911493
1.914917
1.918378
1.921838
1.925293
1.928726
1.932163
1.935614
1.939095
1.942463
1.945953
1.949360
1.952761
1.956206
1.959636
1.963115
1.966518
1.969931
1.973346
1.976771
1.980207
1.983608
1.986979
1.990406
1.993788
1.997180
2.000584
2.003957
2.007364
2.010791
2.014144
2.017559
2.020963
2.024312
2.027746
2.031134
2.034463
2.037843
2.041180
2.044551
2.047891
2.051250
2.054590
2.057949
2.061314
2.064642
2.067983
2.071350
2.074682
2.077996
2.081405
2.084710
2.088056
2.091388
2.094672
2.097997
2.101329
2.104595
2.107857
2.111171
2.114461
2.117762
2.121082
2.124366
2.127622
2.131002
2.134208
2.137494
2.140784
2.144050
2.147357
2.150620
2.153853
2.157089
2.160345
2.163560
2.166862
2.170091
2.173321
2.176587
2.179820
2.183052
2.186294
2.189494
2.192721
2.195941
2.199210
2.202353
2.205550
2.208776
2.211955
2.215128
2.218334
2.221522
2.224701
2.227912
2.231091
2.234273
2.237467
2.240622
2.243798
2.246976
2.250113
2.253286
2.256465
2.259584
2.262786
2.265902
2.269039
2.272167
2.275316
2.278420
2.281596
2.284708
2.287831
2.290961
2.294110
2.297223
2.300318
2.303467
2.306556
2.309678
2.312782
2.315868
2.318963
2.322052
2.325155
2.328217
2.331312
2.334386
2.337478
2.340537
2.343599
2.346682
2.349780
2.352818
2.355913
2.358978
2.362010
2.365057
2.368131
2.371223
2.374225
2.377332
2.380310
2.383387
2.386428
2.389430
2.392492
2.395527
2.398535
2.401558
2.404593
2.407625
2.410648
2.413683
2.416706
2.419696
2.422767
2.425748
2.428741
2.431812
2.434778
2.437750
2.440752
2.443748
2.446765
2.449731
2.452700
2.455699
2.458731
2.461680
2.464706
2.467684
2.470665
2.473625
2.476585
2.479572
2.482475
2.485480
2.488389
2.491398
2.494337
2.497339
2.500263
2.503220
2.506183
2.509122
2.512088
2.515057
2.517964
2.520876
2.523809
2.526748
2.529660
2.532656
2.535547
2.538475
2.541387
2.544302
2.547232
2.550144
2.553044
2.555986
2.558860
2.561760
2.564687
2.567620
2.570481
2.573376
2.576285
2.579191
2.582091
2.584934
2.587829
2.590729
2.593593
2.596454
2.599339
2.602228
2.605140
2.607986
2.610835
2.613670
2.616534
2.619422
2.622217
2.625127
2.627931
2.630828
2.633668
2.636487
2.639316
2.642180
2.645014
2.647851
2.650698
2.653490
2.656294
2.659120
2.661951
2.664728
2.667569
2.670382
2.673216
2.676020
2.678819
2.681608
2.684403
2.687199
2.690003
2.692819
2.695582
2.698371
2.701136
2.703938
2.706721
2.709475
2.712249
2.715011
2.717809
2.720512
2.723331
2.726043
2.728847
2.731615
2.734339
2.737071
2.739842
2.742596
2.745313
2.748055
2.750784
2.753531
2.756282
2.758975
2.761717
2.764452
2.767154
2.769896
2.772568
2.775319
2.777991
2.780706
2.783414
2.786147
2.788837
2.791522
2.794200
2.796902
2.799572
2.802277
2.804953
2.807628
2.810307
2.812994
2.815691
2.818339
2.820994
2.823693
2.826330
2.828999
2.831663
2.834335
2.836996
2.839629
2.842296
2.844944
2.847545
2.850160
2.852836
2.855448
2.858088
2.860715
2.863346
2.865964
2.868592
2.871196
2.873847
2.876481
2.879054
2.881655
2.884270
2.886853
2.889457
2.892087
2.894664
2.897240
2.899862
2.902438
2.905039
2.907607
2.910171
2.912781
2.915303
2.917907
2.920475
2.923054
2.925595
2.928115
2.930727
2.933253
2.935787
2.938334
2.940911
2.943449
2.946001
2.948527
2.951058
2.953590
2.956155
2.958621
2.961194
2.963681
2.966218
2.968729
2.971231
2.973718
2.976252
2.978760
2.981250
2.983754
2.986238
2.988737
2.991220
2.993722
2.996227
2.998702
3.001164
3.003642
3.006111
3.008589
3.011075
3.013529
3.016016
3.018488
3.020932
3.023368
3.025810
3.028261
3.030715
3.033156
3.035622
3.038085
3.040482
3.042929
3.045362
3.047777
3.050192
3.052586
3.055052
3.057433
3.059884
3.062257
3.064720
3.067108
3.069468
3.071898
3.074313
3.076716
3.079086
3.081465
3.083829
3.086223
3.088607
3.090986
3.093347
3.095729
3.098087
3.100475
3.102842
3.105206
3.107584
3.109918
3.112258
3.114637
3.116953
3.119278
3.121645
3.123982
3.126316
3.128677
3.130981
3.133327
3.135658
3.137949
3.140268
3.142548
3.144888
3.147186
3.149538
3.151833
3.154149
3.156483
3.158766
3.161067
3.163368
3.165636
3.167910
3.170199
3.172491
3.174741
3.177021
3.179310
3.181566
3.183834
3.186171
3.188412
3.190680
3.192957
3.195222
3.197490
3.199710
3.201996
3.204237
3.206472
3.208713
3.210963
3.213204
3.215430
3.217674
3.219907
3.222139
3.224356
3.226588
3.228802
3.231052
3.233281
3.235492
3.237736
3.239938
3.242137
3.244345
3.246511
3.248735
3.250964
3.253145
3.255338
3.257549
3.259733
3.261893
3.264041
3.266253
3.268422
3.270615
3.272775
3.274959
3.277155
3.279318
3.281485
3.283660
3.285787
3.287911
3.290077
3.292195
3.294356
3.296501
3.298613
3.300764
3.302918
3.305043
3.307167
3.309309
3.311421
3.313542
3.315679
3.317776
3.319885
3.321991
3.324095
3.326207
3.328310
3.330365
3.332477
3.334581
3.336675
3.338718
3.340788
3.342889
3.344968
3.347068
3.349150
3.351206
3.353300
3.355325
3.357399
3.359493
3.361512
3.363555
3.365626
3.367675
3.369745
3.371762
3.373781
3.375812
3.377829
3.379887
3.381864
3.383887
3.385933
3.387931
3.389954
3.391955
3.393971
3.395976
3.397968
3.399951
3.401956
3.403966
3.405971
3.407960
3.409925
3.411900
3.413874
3.415834
3.417787
3.419738
3.421676
3.423623
3.425595
3.427563
3.429505
3.431455
3.433372
3.435353
3.437258
3.439212
3.441105
3.443035
3.444922
3.446840
3.448745
3.450654
3.452556
3.454456
3.456358
3.458255
3.460160
3.462012
3.463876
3.465745
3.467612
3.469502
3.471386
3.473235
3.475129
3.476959
3.478817
3.480674
3.482460
3.484318
3.486100
3.487949
3.489749
3.491574
3.493402
3.495244
3.497042
3.498848
3.500664
3.502441
3.504190
3.505979
3.507759
3.509523
3.511288
3.513065
3.514826
3.516600
3.518374
3.520117
3.521849
3.523566
3.525304
3.527044
3.528782
3.530499
3.532212
3.533920
3.535616
3.537339
3.539055
3.540766
3.542426
3.544113
3.545764
3.547438
3.549113
3.550779
3.552448
3.554096
3.555720
3.557346
3.558991
3.560645
3.562302
3.563965
3.565571
3.567191
3.568824
3.570394
3.572012
3.573579
3.575152
3.576722
3.578307
3.579856
3.581450
3.583053
3.584658
3.586219
3.587825
3.589341
3.590914
3.592451
3.593970
3.595507
3.597023
3.598524
3.600025
3.601559
3.603057
3.604549
3.606080
3.607581
3.609091
3.610589
3.612072
3.613576
3.615059
3.616536
3.618014
3.619500
3.620938
3.622343
3.623760
3.625168
3.626597
3.628047
3.629509
3.630975
3.632416
3.633836
3.635256
3.636694
3.638114
3.639519
3.640915
3.642270
3.643621
3.644990
3.646344
3.647707
3.649092
3.650452
3.651818
3.653193
3.654523
3.655881
3.657253
3.658610
3.659943
3.661283
3.662613
3.663910
3.665216
3.666505
3.667802
3.669117
3.670418
3.671733
3.673042
3.674342
3.675649
3.676958
3.678237
3.679520
3.680787
3.682030
3.683283
3.684529
3.685766
3.686977
3.688199
3.689419
3.690662
3.691890
3.693110
3.694338
3.695593
3.696819
3.698053
3.699258
3.700471
3.701666
3.702847
3.704027
3.705181
3.706361
3.707494
3.708635
3.709768
3.710903
3.712027
3.713159
3.714307
3.715466
3.716623
3.717785
3.718939
3.720086
3.721192
3.722282
3.723412
3.724508
3.725614
3.726728
3.727798
3.728898
3.729976
3.731034
3.732067
3.733101
3.734099
3.735141
3.736181
3.737236
3.738293
3.739345
3.740391
3.741439
3.742473
3.743479
3.744513
3.745550
3.746559
3.747569
3.748567
3.749561
3.750541
3.751518
3.752450
3.753378
3.754313
3.755242
3.756171
3.757129
3.758082
3.759047
3.759994
3.760922
3.761836
3.762765
3.763676
3.764590
3.765515
3.766453
3.767364
3.768299
3.769228
3.770153
3.771040
3.771897
3.772763
3.773635
3.774498
3.775342
3.776172
3.777014
3.777880
3.778740
3.779588
3.780415
3.781248
3.782045
3.782866
3.783671
3.784501
3.785307
3.786143
3.786979
3.787815
3.788642
3.789460
3.790275
3.791096
3.791896
3.792672
3.793421
3.794173
3.794913
3.795644
3.796378
3.797097
3.797849
3.798568
3.799287
3.800018
3.800761
3.801507
3.802250
3.802978
3.803682
3.804395
3.805075
3.805785
3.806486
3.807194
3.807894
3.808590
3.809291
3.809977
3.810669
3.811370
3.812065
3.812766
3.813437
3.814093
3.814744
3.815385
3.816038
3.816670
3.817272
3.817865
3.818465
3.819049
3.819627
3.820223
3.820849
3.821506
3.822147
3.822752
3.823348
3.823951
3.824535
3.825113
3.825676
3.826233
3.826782
3.827330
3.827866
3.828418
3.828954
3.829490
3.830018
3.830551
3.831093
3.831650
3.832201
3.832759
3.833346
3.833915
3.834458
3.835021
3.835551
3.836057
3.836540
3.837004
3.837454
3.837912
3.838373
3.838817
3.839287
3.839767
3.840228
3.840668
3.841088
3.841498
3.841915
3.842337
3.842754
3.843167
3.843596
3.844018
3.844423
3.844830
3.845237
3.845636
3.846016
3.846406
3.846786
3.847140
3.847502
3.847877
3.848248
3.848620
3.848983
3.849315
3.849639
3.849968
3.850289
3.850603
3.850933
3.851259
3.851598
3.851948
3.852302
3.852662
3.852997
3.853342
3.853692
3.854028
3.854375
3.854741
3.855115
3.855490
3.855844
3.856179
3.856521
3.856856
3.857189
3.857500
3.857803
3.858114
3.858420
3.858702
3.858986
3.859268
3.859544
3.859810
3.860056
3.860272
3.860460
3.860655
3.860859
3.861054
3.861242
3.861419
3.861584
3.861737
3.861890
3.862018
3.862135
3.862246
3.862348
3.862435
3.862516
3.862588
3.862644
3.862710
3.862776
3.862827
3.862869
3.862905
3.862932
3.862950
3.862962
3.862965
3.862965
3.862971
3.862971
3.862971
3.862971
3.862971
3.862971
3.862971
3.862971
3.862971
3.862971
3.862971
3.862971
3.862971
3.862971
3.862971
3.862968
3.862923
3.862863
3.862797
3.862737
3.862678
3.862621
3.862555
3.862495
3.862444
3.862390
3.862327
3.862264
3.862186
3.862102
3.862018
3.861940
3.861839
3.861746
3.861656
3.861557
3.861455
3.861350
3.861233
3.861116
3.861000
3.860874
3.860742
3.860601
3.860469
3.860335
3.860197
3.860050
3.859891
3.859729
3.859565
3.859394
3.859217
3.859028
3.858855
3.858690
3.858516
3.858348
3.858171
3.858001
3.857848
3.857686
3.857512
3.857344
3.857192
3.857033
3.856877
3.856718
3.856560
3.856404
3.856260
3.856131
3.855996
3.855870
3.855757
3.855646
3.855550
3.855466
3.855373
3.855301
3.855235
3.855175
3.855115
3.855067
3.855026
3.854995
3.854969
3.854948
3.854927
3.854912
3.854912
3.854912
3.854912
3.854912
3.854912
3.854912
3.854912
3.854912
3.854912
3.854912
3.854912
3.854912
3.854912
3.854912
3.854954
3.855008
3.855067
3.855121
3.855172
3.855223
3.855280
3.855346
3.855397
3.855451
3.855511
3.855568
3.855616
3.855658
3.855688
3.855724
3.855762
3.855798
3.855829
3.855861
3.855897
3.855927
3.855960
3.855990
3.856005
3.856020
3.856041
3.856056
3.856062
3.856062
3.856062
3.856062
3.856065
3.856068
3.856068
3.856068
3.856068
3.856068
3.856068
3.856068
3.856068
3.856068
3.856068
3.856068
3.856068
3.856068
3.856068
3.856068
3.856068
3.856068
3.856068
3.856068
3.856068
3.856068
3.856068
3.856068
3.856068
3.856068
3.856068
3.856068
3.856068
3.856068
3.856068
3.856068
3.856068
3.856068
3.856068
3.856068
3.856068
3.856068
3.856068
3.856068
3.856068
3.856068
3.856068
3.856068
3.856068
3.856068
3.856068
3.856068
3.856068
3.856068
3.856068
3.856068
3.856068
3.856068
3.856068
3.856068
3.856068
3.856068
3.856068
3.856068
3.856068
3.856068
3.856068
3.856068
3.856068
3.856068
3.856068
3.856068
3.856068
3.856068
3.856068
3.856068
3.856068
3.856068
3.856068
3.856068
3.856068
3.856068
3.856068
3.856068
3.856068
3.856068
3.856068
3.856068
3.856068
3.856068
3.856068
3.856068
3.856068
3.856068
3.856068
3.856068
3.856068
3.856068
3.856068
3.856068
3.856068
3.856068
3.856068
3.856068
3.856068