3.856071
3.856071
3.856071
3.856071
3.856071
3.856071
3.856071
3.856071
3.856179
3.856395
3.856682
3.857084
3.857533
3.858073
3.858765
3.859574
3.860493
3.861560
3.862692
3.863942
3.865158
3.866452
3.867861
3.869421
3.871063
3.872879
3.874862
3.876942
3.879138
3.881436
3.883764
3.886301
3.888884
3.891566
3.894352
3.897237
3.900245
3.903373
3.906672
3.910048
3.913530
3.917212
3.920876
3.924759
3.928651
3.932638
3.936809
3.941144
3.945563
3.950138
3.954782
3.959555
3.964421
3.969349
3.974469
3.979644
3.984971
3.990279
3.995822
4.001523
4.007243
4.013101
4.019195
4.025280
4.031508
4.037821
4.044239
4.050836
4.057490
4.064252
4.071086
4.078205
4.085279
4.092762
4.099983
4.107602
4.115239
4.122879
4.130729
4.138701
4.146859
4.154892
4.163209
4.171730
4.180251
4.188855
4.197681
4.206613
4.215706
4.224820
4.233973
4.243383
4.253010
4.262453
4.272226
4.282030
4.292039
4.302106
4.312349
4.322617
4.333028
4.343593
4.354130
4.364996
4.375971
4.386940
4.397995
4.409170
4.420375
4.431431
4.442648
4.453808
4.464954
4.476279
4.487493
4.498614
4.509957
4.521061
4.532227
4.543540
4.554718
4.566127
4.577297
4.588523
4.599824
4.610970
4.622199
4.633386
4.644651
4.655907
4.667209
4.678438
4.689628
4.700887
4.712245
4.723465
4.734689
4.745930
4.757042
4.768421
4.779537
4.790811
4.802124
4.813290
4.824498
4.835763
4.847026
4.858159
4.869397
4.880590
4.891943
4.903082
4.914350
4.925570
4.936710
4.948014
4.959276
4.970439
4.981944
4.993128
5.004394
5.015479
5.026744
5.038279
5.049448
5.060726
5.072123
5.083268
5.094620
5.105849
5.117120
5.128311
5.139501
5.150793
5.162040
5.173236
5.184469
5.195680
5.206843
5.217886
5.229254
5.240468
5.251511
5.262743
5.273787
5.284914
5.296009
5.307187
5.318341
5.329316
5.340410
5.351361
5.362524
5.373631
5.384548
5.395658
5.406653
5.417624
5.428527
5.439622
5.450572
5.461520
5.472497
5.483394
5.494300
5.505307
5.516189
5.527196
5.538111
5.548930
5.559898
5.570774
5.581728
5.592573
5.603560
5.614418
5.625353
5.636256
5.647078
5.657998
5.668760
5.679824
5.690598
5.701519
5.712419
5.723166
5.734284
5.745001
5.755912
5.766884
5.777694
5.788474
5.799463
5.810219
5.821104
5.832111
5.842684
5.853458
5.864558
5.875206
5.886166
5.896928
5.907788
5.918488
5.929483
5.940161
5.950857
5.961714
5.972449
5.983148
5.994012
6.004606
6.015347
6.026106
6.036697
6.047692
6.058208
6.068958
6.079639
6.090311
6.100923
6.111485
6.122261
6.132660
6.143386
6.153992
6.164643
6.175099
6.185822
6.196321
6.206849
6.217395
6.227890
6.238406
6.249045
6.259424
6.270011
6.280474
0.007718
0.018288
0.028681
0.039161
0.049824
0.060104
0.070605
0.081055
0.091676
0.102004
0.112370
0.122958
0.133357
0.143978
0.154477
0.164789
0.175224
0.185917
0.196137
0.206758
0.217088
0.227512
0.238171
0.248646
0.258970
0.269295
0.279808
0.290375
0.300678
0.311269
0.321600
0.331939
0.342413
0.352992
0.363290
0.373854
0.384049
0.394727
0.405022
0.415319
0.425731
0.436229
0.446544
0.456869
0.467421
0.477745
0.488028
0.498418
0.508688
0.519097
0.529382
0.539659
0.550046
0.560412
0.570488
0.580869
0.591191
0.601443
0.611792
0.621999
0.632195
0.642474
0.652754
0.663009
0.673163
0.683487
0.693716
0.703738
0.714122
0.724093
0.734480
0.744568
0.754728
0.764866
0.775140
0.785263
0.795384
0.805589
0.815649
0.825803
0.836031
0.846272
0.856204
0.866573
0.876667
0.886770
0.897013
0.907026
0.917395
0.927498
0.937628
0.947808
0.958022
0.968143
0.978227
0.988531
0.998705
1.008976
1.019117
1.029346
1.039497
1.049758
1.059963
1.070119
1.080306
1.090439
1.100640
1.110959
1.121064
1.131317
1.141596
1.151669
1.161886
1.172198
1.182277
1.192625
1.202650
1.213022
1.223050
1.233300
1.243471
1.253703
1.263838
1.273998
1.284191
1.294335
1.304450
1.314789
1.324835
1.335139
1.345187
1.355437
1.365498
1.375648
1.385814
1.395908
1.405953
1.416320
1.426282
1.436372
1.446547
1.456617
1.466731
1.476906
1.486919
1.497084
1.507166
1.517308
1.527294
1.537426
1.547367
1.557584
1.567516
1.577633
1.587703
1.597797
1.607935
1.617843
1.628120
1.638052
1.648170
1.658215
1.668414
1.678543
1.688559
1.698635
1.708813
1.718894
1.728913
1.739064
1.749265
1.759329
1.769462
1.779475
1.789763
1.799776
1.809876
1.820236
1.830096
1.840486
1.850373
1.860779
1.870782
1.880903
1.891018
1.901186
1.911328
1.921491
1.931641
1.941774
1.951868
1.962018
1.972109
1.982161
1.992344
2.002426
2.012601
2.022805
2.032713
2.043035
2.052937
2.063051
2.073160
2.083254
2.093255
2.103462
2.113406
2.123434
2.133498
2.143477
2.153505
2.163740
2.173615
2.183661
2.193709
2.203620
2.213648
2.223607
2.233542
2.243492
2.253475
2.263448
2.273390
2.283187
2.293208
2.303051
2.313027
2.322860
2.332637
2.342682
2.352518
2.362435
2.372370
2.382053
2.392099
2.401929
2.411705
2.421670
2.431467
2.441283
2.451226
2.460952
2.470848
2.480714
2.490622
2.500362
2.510515
2.520163
2.530056
2.540005
2.549824
2.559690
2.569589
2.579484
2.589249
2.599073
2.608891
2.618775
2.628602
2.638474
2.648313
2.658134
2.667943
2.677746
2.687609
2.697472
2.707254
2.717231
2.727031
2.736703
2.746476
2.756276
2.766100
2.775963
2.785643
2.795485
2.805270
2.814978
2.824823
2.834533
2.844360
2.854154
2.863864
2.873664
2.883357
2.893022
2.902825
2.912439
2.922189
2.931923
2.941489
2.951250
2.960868
2.970545
2.980132
2.989962
2.999445
3.009056
3.018796
3.028402
3.037869
3.047540
3.057125
3.066688
3.076150
3.085878
3.095336
3.104951
3.114406
3.123949
3.133491
3.142998
3.152402
3.162134
3.171529
3.181105
3.190668
3.199962
3.209516
3.218993
3.228451
3.238060
3.247527
3.257010
3.266588
3.275957
3.285442
3.294934
3.304491
3.313935
3.323366
3.332912
3.342355
3.351751
3.361338
3.370755
3.380154
3.389651
3.399089
3.408616
3.418117
3.427539
3.436974
3.446501
3.456011
3.465340
3.474922
3.484270
3.493737
3.503208
3.512609
3.522050
3.531436
3.540856
3.550234
3.559641
3.569052
3.578379
3.587858
3.597116
3.606476
3.615967
3.625267
3.634549
3.643947
3.653337
3.662610
3.671927
3.681185
3.690422
3.699968
3.709043
3.718226
3.727549
3.736849
3.746086
3.755380
3.764580
3.773767
3.783057
3.792324
3.801336
3.810558
3.819846
3.829044
3.838146
3.847296
3.856452
3.865748
3.874794
3.883914
3.893085
3.902109
3.911312
3.920420
3.929615
3.938658
3.947816
3.956871
3.965961
3.975218
3.984185
3.993270
4.002326
4.011396
4.020492
4.029636
4.038633
4.047753
4.056933
4.066020
4.075158
4.084221
4.093341
4.102512
4.111596
4.120677
4.129743
4.138845
4.147893
4.157187
4.166100
4.175325
4.184307
4.193514
4.202571
4.211685
4.220832
4.229829
4.239054
4.248165
4.257270
4.266366
4.275411
4.284588
4.293702
4.302855
4.311900
4.320889
4.330080
4.339047
4.348123
4.357257
4.366422
4.375438
4.384414
4.393534
4.402588
4.411729
4.420684
4.429888
4.438951
4.447861
4.456954
4.466017
4.474948
4.484024
4.493141
4.502168
4.511060
4.520108
4.529051
4.538189
4.547135
4.556097
4.565031
4.574064
4.583019
4.591945
4.600965
4.609831
4.618810
4.627723
4.636646
4.645571
4.654586
4.663544
4.672389
4.681269
4.690063
4.699036
4.708042
4.716883
4.725775
4.734662
4.743527
4.752500
4.761279
4.770273
4.779096
4.788045
4.796881
4.805809
4.814713
4.823545
4.832525
4.841423
4.850283
4.859229
4.868106
4.877214
4.885969
4.894900
4.903858
4.912687
4.921597
4.930505
4.939382
4.948242
4.957116
4.966167
4.974954
4.983933
4.992835
5.001697
5.010506
5.019524
5.028365
5.037296
5.046299
5.054955
5.063982
5.072856
5.081638
5.090521
5.099473
5.108291
5.117249
5.126000
5.134824
5.143710
5.152591
5.161426
5.170282
5.179139
5.187947
5.196720
5.205606
5.214318
5.223142
5.231959
5.240654
5.249489
5.258225
5.266932
5.275812
5.284513
5.293159
5.301923
5.310678
5.319357
5.327980
5.336689
5.345363
5.354084
5.362794
5.371447
5.380048
5.388665
5.397227
5.405907
5.414497
5.423090
5.431763
5.440335
5.448867
5.457386
5.466044
5.474574
5.483079
5.491894
5.500157
5.508821
5.517313
5.525779
5.534327
5.542854
5.551420
5.559916
5.568398
5.576877
5.585410
5.593982
5.602376
5.610798
5.619403
5.627930
5.636376
5.644864
5.653316
5.661824
5.670339
5.678680
5.687144
5.695608
5.704104
5.712739
5.721086
5.729547
5.738071
5.746544
5.754858
5.763346
5.771840
5.780309
5.788686
5.797147
5.805500
5.813946
5.822356
5.830754
5.839233
5.847523
5.855924
5.864403
5.872842
5.881312
5.889534
5.898078
5.906270
5.914787
5.923035
5.931496
5.939861
5.948217
5.956390
5.964887
5.973103
5.981431
5.989689
5.998060
6.006461
6.014670
6.023059
6.031265
6.039537
6.047812
6.056093
6.064300
6.072538
6.080655
6.088945
6.097190
6.105384
6.113608
6.121770
6.130078
6.138176
6.146406
6.154624
6.162708
6.170896
6.179018
6.187156
6.195380
6.203445
6.211588
6.219708
6.227746
6.235943
6.244006
6.251976
6.260185
6.268250
6.276336
0.001213
0.009303
0.017293
0.025317
0.033490
0.041513
0.049630
0.057644
0.065617
0.073607
0.081771
0.089816
0.097887
0.105893
0.113895
0.121963
0.130029
0.138013
0.146055
0.154129
0.162129
0.170101
0.178151
0.186076
0.194228
0.202237
0.210206
0.218260
0.226331
0.234337
0.242267
0.250452
0.258257
0.266424
0.274346
0.282342
0.290345
0.298380
0.306338
0.314343
0.322364
0.330306
0.338294
0.346311
0.354257
0.362232
0.370256
0.378195
0.386240
0.394119
0.402116
0.410100
0.418130
0.425982
0.433961
0.441945
0.449789
0.457758
0.465728
0.473569
0.481499
0.489556
0.497294
0.505246
0.513123
0.520960
0.528984
0.536857
0.544632
0.552536
0.560478
0.568271
0.576175
0.584057
0.591823
0.599736
0.607582
0.615330
0.623195
0.631083
0.638780
0.646660
0.654450
0.662200
0.669963
0.677834
0.685594
0.693521
0.701251
0.708933
0.716765
0.724527
0.732242
0.739996
0.747816
0.755548
0.763266
0.771002
0.778762
0.786501
0.794243
0.801972
0.809693
0.817435
0.825087
0.832874
0.840574
0.848294
0.855964
0.863748
0.871493
0.879169
0.886919
0.894589
0.902307
0.910166
0.917776
0.925482
0.933263
0.940983
0.948656
0.956470
0.964122
0.971822
0.979582
0.987344
0.995080
1.002708
1.010540
1.018228
1.025970
1.033729
1.041408
1.049174
1.056871
1.064634
1.072438
1.080123
1.087850
1.095553
1.103367
1.111016
1.118641
1.126448
1.134142
1.141884
1.149599
1.157263
1.165067
1.172764
1.180455
1.188149
1.195882
1.203570
1.211308
1.219002
1.226714
1.234411
1.242069
1.249760
1.257487
1.265163
1.272815
1.280529
1.288187
1.295935
1.303566
1.311206
1.318894
1.326528
1.334306
1.341889
1.349568
1.357103
1.364779
1.372415
1.380091
1.387704
1.395368
1.402948
1.410681
1.418222
1.425766
1.433391
1.441091
1.448641
1.456251
1.463756
1.471408
1.479051
1.486526
1.494094
1.501644
1.509170
1.516879
1.524342
1.531878
1.539428
1.547053
1.554612
1.562147
1.569739
1.577310
1.584845
1.592374
1.599927
1.607510
1.614949
1.622586
1.630094
1.637671
1.645215
1.652813
1.660426
1.667848
1.675461
1.683023
1.690537
1.698171
1.705730
1.713250
1.720776
1.728374
1.735948
1.743477
1.751054
1.758586
1.766160
1.773797
1.781305
1.788888
1.796456
1.803994
1.811589
1.819175
1.826728
1.834257
1.841843
1.849403
1.856986
1.864518
1.872071
1.879576
1.887168
1.894712
1.902253
1.909821
1.917428
1.924921
1.932495
1.940003
1.947571
1.955229
1.962672
1.970192
1.977775
1.985349
1.992809
2.000437
2.007939
2.015471
2.023033
2.030472
2.037971
2.045581
2.053024
2.060496
2.068043
2.075563
2.083032
2.090510
2.097934
2.105479
2.112909
2.120345
2.127883
2.135367
2.142648
2.150171
2.157721
2.165049
2.172611
2.179981
2.187385
2.194785
2.202212
2.209618
2.216962
2.224326
2.231846
2.239055
2.246575
2.253912
2.261160
2.268587
2.275924
2.283387
2.290704
2.298077
2.305325
2.312770
2.320041
2.327301
2.334737
2.341870
2.349319
2.356518
2.363894
2.371103
2.378458
2.385658
2.392989
2.400404
2.407574
2.414848
2.422156
2.429412
2.436704
2.444033
2.451283
2.458540
2.465826
2.473044
2.480357
2.487592
2.494828
2.502084
2.509365
2.516621
2.523878
2.531194
2.538486
2.545632
2.552948
2.560172
2.567309
2.574709
2.581861
2.589099
2.596388
2.603657
2.610847
2.618164
2.625291
2.632542
2.639735
2.647019
2.654161
2.661499
2.668686
2.675853
2.683115
2.690417
2.697520
2.704753
2.711943
2.719155
2.726366
2.733512
2.740753
2.747959
2.755059
2.762223
2.769593
2.776580
2.783849
2.790967
2.798146
2.805282
2.812569
2.819523
2.826845
2.833928
2.841040
2.848105
2.855206
2.862375
2.869515
2.876618
2.883767
2.890790
2.898058
2.905054
2.912023
2.919240
2.926266
2.933343
2.940444
2.947445
2.954450
2.961668
2.968615
2.975608
2.982688
2.989663
2.996679
3.003780
3.010740
3.017760
3.024839
3.031736
3.038750
3.045776
3.052688
3.059764
3.066592
3.073723
3.080518
3.087535
3.094417
3.101449
3.108333
3.115218
3.122157
3.129144
3.136056
3.142899
3.149892
3.156663
3.163680
3.170550
3.177446
3.184259
3.191246
3.198122
3.205007
3.212006
3.218837
3.225698
3.232718
3.239507
3.246323
3.253238
3.260149
3.267040
3.273899
3.280751
3.287635
3.294574
3.301294
3.308221
3.315166
3.321886
3.328813
3.335647
3.342487
3.349423
3.356290
3.363220
3.369973
3.376930
3.383746
3.390559
3.397435
3.404251
3.411037
3.417946
3.424795
3.431584
3.438379
3.445195
3.451966
3.458824
3.465586
3.472471
3.479302
3.486034
3.492865
3.499636
3.506402
3.513206
3.520036
3.526757
3.533543
3.540242
3.546974
3.553757
3.560483
3.567191
3.573995
3.580719
3.587442
3.594189
3.600858
3.607590
3.614311
3.620977
3.627637
3.634378
3.641014
3.647656
3.654353
3.661121
3.667592
3.674381
3.680889
3.687609
3.694215
3.700845
3.707530
3.714079
3.720769
3.727247
3.733934
3.740489
3.747024
3.753591
3.760218
3.766696
3.773245
3.779836
3.786341
3.792869
3.799431
3.805866
3.812526
3.819016
3.825490
3.832034
3.838445
3.844926
3.851514
3.857917
3.864304
3.870917
3.877346
3.883797
3.890283
3.896701
3.903097
3.909569
3.916013
3.922485
3.928923
3.935332
3.941716
3.948287
3.954597
3.961005
3.967485
3.973840
3.980261
3.986663
3.993111
3.999477
4.005868
4.012228
4.018613
4.025136
4.031469
4.037830
4.044283
4.050617
4.057046
4.063419
4.069777
4.076117
4.082555
4.088943
4.095339
4.101709
4.108034
4.114385
4.120920
4.127103
4.133512
4.139942
4.146263
4.152609
4.159014
4.165357
4.171703
4.178082
4.184280
4.190733
4.196978
4.203338
4.209692
4.216050
4.222396
4.228721
4.235111
4.241385
4.247725
4.254076
4.260329
4.266669
4.273041
4.279333
4.285601
4.291940
4.298259
4.304653
4.310852
4.317254
4.323408
4.329825
4.336033
4.342379
4.348680
4.354939
4.361218
4.367528
4.373736
4.379998
4.386265
4.392461
4.398780
4.405089
4.411201
4.417535
4.423749
4.429930
4.436287
4.442405
4.448664
4.454893
4.461077
4.467303
4.473468
4.479703
4.485926
4.492026
4.498285
4.504388
4.510569
4.516735
4.522831
4.529045
4.535202
4.541332
4.547489
4.553643
4.559815
4.565924
4.572039
4.578139
4.584254
4.590414
4.596540
4.602607
4.608716
4.614769
4.620860
4.626971
4.632925
4.639004
4.645229
4.651138
4.657342
4.663341
4.669402
4.675426
4.681488
4.687480
4.693508
4.699575
4.705549
4.711550
4.717590
4.723582
4.729628
4.735617
4.741582
4.747638
4.753665
4.759619
4.765620
4.771654
4.777559
4.783525
4.789591
4.795622
4.801483
4.807496
4.813530
4.819420
4.825448
4.831347
4.837306
4.843314
4.849219
4.855274
4.861188
4.867126
4.873095
4.879096
4.885007
4.890957
4.896910
4.902806
4.908739
4.914677
4.920633
4.926532
4.932479
4.938369
4.944311
4.950261
4.956175
4.962125
4.968042
4.973917
4.979808
4.985731
4.991610
4.997499
5.003396
5.009307
5.015167
5.021121
5.026975
5.032799
5.038713
5.044538
5.050410
5.056372
5.062160
5.068015
5.073935
5.079735
5.085575
5.091435
5.097292
5.103099
5.108977
5.114729
5.120590
5.126396
5.132194
5.138051
5.143779
5.149675
5.155416
5.161222
5.167002
5.172733
5.178611
5.184316
5.190068
5.195854
5.201588
5.207293
5.213102
5.218815
5.224508
5.230263
5.235989
5.241726
5.247434
5.253111
5.258873
5.264586
5.270240
5.275947
5.281604
5.287251
5.292851
5.298534
5.304200
5.309854
5.315438
5.321071
5.326727
5.332393
5.337905
5.343535
5.349159
5.354741
5.360328
5.366014
5.371482
5.377025
5.382616
5.388132
5.393677
5.399223
5.404721
5.410317
5.415812
5.421286
5.426835
5.432365
5.437836
5.443271
5.448784
5.454248
5.459704
5.465184
5.470649
5.476084
5.481555
5.486953
5.492424
5.497871
5.503279
5.508687
5.514125
5.519536
5.524934
5.530414
5.535777
5.541176
5.546584
5.551953
5.557388
5.562759
5.568134
5.573480
5.578839
5.584268
5.589610
5.594997
5.600321
5.605729
5.611125
5.616425
5.621764
5.627184
5.632511
5.637766
5.643165
5.648456
5.653765
5.659140
5.664431
5.669710
5.675013
5.680298
5.685640
5.690901
5.696186
5.701516
5.706819
5.712080
5.717356
5.722653
5.727863
5.733160
5.738436
5.743745
5.748908
5.754133
5.759427
5.764703
5.769838
5.775186
5.780390
5.785562
5.790834
5.796069
5.801252
5.806387
5.811699
5.816849
5.822000
5.827204
5.832372
5.837591
5.842750
5.847912
5.853105
5.858284
5.863435
5.868600
5.873822
5.878954
5.884081
5.889336
5.894360
5.899555
5.904712
5.909922
5.914922
5.920150
5.925189
5.930358
5.935409
5.940574
5.945706
5.950812
5.955848
5.960882
5.966056
5.971110
5.976194
5.981252
5.986342
5.991420
5.996490
6.001496
6.006524
6.011608
6.016602
6.021645
6.026693
6.031726
6.036763
6.041784
6.046745
6.051749
6.056818
6.061792
6.066756
6.071754
6.076712
6.081646
6.086575
6.091510
6.096528
6.101576
6.106385
6.111352
6.116290
6.121222
6.126204
6.131135
6.135983
6.140981
6.145837
6.150723
6.155664
6.160485
6.165377
6.170300
6.175133
6.180112
6.184906
6.189837
6.194673
6.199526
6.204377
6.209239
6.214111
6.219004
6.223839
6.228645
6.233514
6.238358
6.243158
6.248035
6.252796
6.257623
6.262453
6.267241
6.272049
6.276906
6.281663
0.003248
0.008017
0.012862
0.017620
0.022396
0.027270
0.032046
0.036783
0.041561
0.046334
0.051140
0.055817
0.060643
0.065353
0.070201
0.074874
0.079644
0.084414
0.089202
0.093944
0.098702
0.103454
0.108206
0.112876
0.117694
0.122380
0.127090
0.131814
0.136671
0.141342
0.146046
0.150780
0.155543
0.160181
0.164936
0.169679
0.174382
0.179158
0.183766
0.188500
0.193276
0.197973
0.202623
0.207354
0.212019
0.216750
0.221427
0.226172
0.230768
0.235541
0.240119
0.244832
0.249559
0.254233
0.258943
0.263557
0.268258
0.272908
0.277558
0.282273
0.286908
0.291594
0.296223
0.300912
0.305562
0.310155
0.314891
0.319484
0.324116
0.328790
0.333434
0.338039
0.342674
0.347375
0.351911
0.356531
0.361190
0.365782
0.370366
0.375028
0.379624
0.384202
0.388822
0.393433
0.398035
0.402640
0.407215
0.411829
0.416386
0.421024
0.425524
0.430141
0.434719
0.439249
0.443845
0.448390
0.452962
0.457549
0.462061
0.466642
0.471190
0.475720
0.480283
0.484855
0.489361
0.493873
0.498418
0.502942
0.507466
0.511996
0.516580
0.521041
0.525577
0.530044
0.534553
0.539056
0.543536
0.548045
0.552557
0.557033
0.561563
0.566009
0.570497
0.575009
0.579419
0.583871
0.588324
0.592887
0.597231
0.601743
0.606210
0.610635
0.615039
0.619528
0.623974
0.628441
0.632848
0.637243
0.641680
0.646171
0.650483
0.654872
0.659378
0.663689
0.668148
0.672540
0.676920
0.681300
0.685671
0.690070
0.694483
0.698893
0.703297
0.707600
0.712022
0.716348
0.720728
0.725120
0.729426
0.733776
0.738189
0.742525
0.746848
0.751204
0.755545
0.759863
0.764213
0.768533
0.772863
0.777201
0.781575
0.785848
0.790207
0.794527
0.798761
0.803165
0.807419
0.811728
0.816012
0.820395
0.824652
0.828961
0.833227
0.837554
0.841913
0.846131
0.850410
0.854736
0.859029
0.863290
0.867604
0.871846
0.876263
0.880433
0.884699
0.888990
0.893322
0.897526
0.901786
0.906070
0.910337
0.914579
0.918917
0.923097
0.927429
0.931693
0.935896
0.940147
0.944399
0.948644
0.952884
0.957153
0.961366
0.965590
0.969883
0.974153
0.978374
0.982652
0.986868
0.991071
0.995323
0.999535
1.003784
1.008038
1.012188
1.016427
1.020690
1.024876
1.029079
1.033235
1.037465
1.041693
1.045890
1.050136
1.054381
1.058549
1.062773
1.066962
1.071150
1.075312
1.079587
1.083745
1.087913
1.092068
1.096263
1.100457
1.104664
1.108825
1.112984
1.117169
1.121370
1.125495
1.129708
1.133863
1.138049
1.142273
1.146348
1.150504
1.154641
1.158839
1.162949
1.167144
1.171206
1.175383
1.179544
1.183643
1.187768
1.191927
1.196047
1.200223
1.204382
1.208462
1.212633
1.216698
1.220839
1.224905
1.229066
1.233129
1.237221
1.241371
1.245440
1.249535
1.253619
1.257729
1.261831
1.265912
1.269974
1.274118
1.278159
1.282291
1.286306
1.290404
1.294458
1.298545
1.302601
1.306676
1.310709
1.314774
1.318807
1.322846
1.326926
1.330950
1.334989
1.339096
1.343030
1.347129
1.351120
1.355128
1.359155
1.363232
1.367163
1.371184
1.375256
1.379205
1.383222
1.387240
1.391222
1.395227
1.399254
1.403215
1.407245
1.411223
1.415190
1.419187
1.423154
1.427138
1.431033
1.435042
1.439003
1.442967
1.446951
1.450888
1.454846
1.458810
1.462801
1.466683
1.470686
1.474587
1.478599
1.482473
1.486412
1.490412
1.494316
1.498226
1.502139
1.506067
1.509961
1.513877
1.517826
1.521718
1.525586
1.529547
1.533432
1.537369
1.541303
1.545126
1.549006
1.552937
1.556790
1.560631
1.564553
1.568372
1.572270
1.576138
1.580003
1.583862
1.587700
1.591571
1.595469
1.599325
1.603211
1.607046
1.610890
1.614712
1.618554
1.622397
1.626226
1.630160
1.633926
1.637740
1.641620
1.645488
1.649272
1.653110
1.656987
1.660813
1.664612
1.668411
1.672270
1.676105
1.679904
1.683766
1.687523
1.691346
1.695166
1.698962
1.702737
1.706557
1.710392
1.714161
1.717966
1.721837
1.725582
1.729408
1.733144
1.736952
1.740733
1.744514
1.748361
1.752103
1.755926
1.759671
1.763524
1.767242
1.771017
1.774783
1.778567
1.782357
1.786105
1.789889
1.793682
1.797439
1.801208
1.804989
1.808728
1.812425
1.816182
1.819927
1.823655
1.827498
1.831142
1.834968
1.838710
1.842404
1.846107
1.849870
1.853663
1.857384
1.861138
1.864820
1.868544
1.872301
1.876014
1.879708
1.883417
1.887138
1.890811
1.894559
1.898241
1.901947
1.905666
1.909375
1.913051
1.916757
1.920430
1.924118
1.927827
1.931486
1.935117
1.938802
1.942502
1.946166
1.949887
1.953531
1.957141
1.960871
1.964517
1.968139
1.971812
1.975558
1.979144
1.982862
1.986466
1.990121
1.993747
1.997354
2.000994
2.004691
2.008281
2.011900
2.015558
2.019204
2.022838
2.026454
2.030038
2.033630
2.037321
2.040866
2.044503
2.048095
2.051729
2.055298
2.058920
2.062524
2.066086
2.069700
2.073250
2.076857
2.080399
2.084042
2.087613
2.091172
2.094708
2.098360
2.101886
2.105443
2.109011
2.112585
2.116085
2.119596
2.123194
2.126706
2.130256
2.133779
2.137243
2.140805
2.144346
2.147894
2.151387
2.154940
2.158440
2.161942
2.165487
2.168947
2.172428
2.175964
2.179370
2.182903
2.186357
2.189806
2.193269
2.196780
2.200241
2.203695
2.207195
2.210616
2.214047
2.217543
2.220989
2.224395
2.227846
2.231250
2.234695
2.238114
2.241524
2.244948
2.248384
2.251770
2.255177
2.258607
2.261990
2.265429
2.268826
2.272200
2.275565
2.278977
2.282339
2.285739
2.289098
2.292471
2.295869
2.299248
2.302568
2.305960
2.309279
2.312635
2.315996
2.319352
2.322687
2.326066
2.329422
2.332753
2.336061
2.339426
2.342715
2.346032
2.349343
2.352659
2.356021
2.359328
2.362597
2.365932
2.369236
2.372547
2.375854
2.379144
2.382458
2.385772
2.389043
2.392321
2.395632
2.398900
2.402172
2.405468
2.408778
2.412026
2.415310
2.418569
2.421850
2.425110
2.428364
2.431635
2.434922
2.438188
2.441405
2.444668
2.447916
2.451175
2.454447
2.457662
2.460910
2.464181
2.467423
2.470674
2.473897
2.477109
2.480339
2.483611
2.486823
2.490037
2.493267
2.496452
2.499673
2.502983
2.506126
2.509323
2.512565
2.515749
2.518967
2.522203
2.525349
2.528552
2.531757
2.534960
2.538148
2.541342
2.544554
2.547729
2.550881
2.554108
2.557242
2.560454
2.563612
2.566736
2.569960
2.573100
2.576222
2.579419
2.582600
2.585707
2.588922
2.592080
2.595190
2.598378
2.601509
2.604642
2.607794
2.610931
2.614071
2.617241
2.620339
2.623455
2.626589
2.629701
2.632823
2.635933
2.639013
2.642168
2.645320
2.648403
2.651576
2.654647
2.657759
2.660861
2.663958
2.667062
2.670166
2.673201
2.676323
2.679358
2.682522
2.685569
2.688646
2.691735
2.694779
2.697844
2.700981
2.703989
2.707069
2.710191
2.713199
2.716260
2.719320
2.722331
2.725389
2.728421
2.731495
2.734536
2.737596
2.740588
2.743614
2.746712
2.749694
2.752699
2.755737
2.758759
2.761753
2.764779
2.767781
2.770786
2.773827
2.776814
2.779831
2.782824
2.785799
2.788783
2.791842
2.794787
2.797834
2.800797
2.803796
2.806736
2.809749
2.812698
2.815679
2.818636
2.821566
2.824547
2.827555
2.830461
2.833460
2.836354
2.839333
2.842263
2.845211
2.848135
2.851092
2.854040
2.856949
2.859879
2.862813
2.865725
2.868658
2.871582
2.874455
2.877335
2.880277
2.883192
2.886089
2.888953
2.891874
2.894763
2.897681
2.900554
2.903451
2.906300
2.909225
2.912059
2.914968
2.917790
2.920678
2.923546
2.926407
2.929238
2.932108
2.934940
2.937807
2.940671
2.943491
2.946307
2.949252
2.952002
2.954908
2.957704
2.960529
2.963348
2.966174
2.968954
2.971767
2.974592
2.977403
2.980222
2.983062
2.985837
2.988665
2.991406
2.994196
2.997000
2.999822
3.002591
3.005368
3.008169
3.010905
3.013667
3.016459
3.019219
3.021993
3.024767
3.027506
3.030244
3.033028
3.035748
3.038483
3.041303
3.043984
3.046720
3.049509
3.052217
3.054950
3.057661
3.060382
3.063069
3.065822
3.068537
3.071212
3.073978
3.076626
3.079403
3.082067
3.084751
3.087466
3.090189
3.092880
3.095555
3.098261
3.100897
3.103564
3.106248
3.108900
3.111572
3.114290
3.116938
3.119605
3.122271
3.124935
3.127568
3.130232
3.132877
3.135538
3.138180
3.140823
3.143501
3.146114
3.148723
3.151330
3.154005
3.156570
3.159209
3.161867
3.164426
3.167059
3.169723
3.172308
3.174924
3.177563
3.180140
3.182765
3.185356
3.187951
3.190524
3.193134
3.195689
3.198314
3.200894
3.203491
3.206041
3.208632
3.211203
3.213777
3.216344
3.218894
3.221467
3.224059
3.226636
3.229164
3.231729
3.234291
3.236861
3.239390
3.241916
3.244498
3.247069
3.249604
3.252093
3.254676
3.257195
3.259709
3.262274
3.264791
3.267301
3.269821
3.272341
3.274836
3.277329
3.279840
3.282353
3.284813
3.287336
3.289846
3.292378
3.294859
3.297352
3.299823
3.302307
3.304770
3.307224
3.309713
3.312212
3.314720
3.317126
3.319582
3.322018
3.324454
3.326905
3.329344
3.331785
3.334257
3.336678
3.339072
3.341505
3.343925
3.346334
3.348779
3.351188
3.353626
3.356017
3.358420
3.360790
3.363172
3.365563
3.367987
3.370338
3.372711
3.375111
3.377493
3.379824
3.382215
3.384582
3.386913
3.389271
3.391665
3.393968
3.396305
3.398663
3.400994
3.403331
3.405692
3.408002
3.410309
3.412622
3.414938
3.417278
3.419630
3.421928
3.424241
3.426521
3.428795
3.431126
3.433385
3.435647
3.437932
3.440231
3.442505
3.444791
3.447088
3.449311
3.451604
3.453869
3.456110
3.458360
3.460628
3.462908
3.465113
3.467393
3.469619
3.471872
3.474098
3.476309
3.478526
3.480770
3.482984
3.485207
3.487422
3.489626
3.491835
3.494022
3.496188
3.498414
3.500607
3.502767
3.504930
3.507135
3.509308
3.511546
3.513691
3.515863
3.518011
3.520171
3.522295
3.524450
3.526613
3.528722
3.530888
3.533024
3.535158
3.537309
3.539436
3.541524
3.543612
3.545689
3.547789
3.549880
3.551998
3.554099
3.556205
3.558299
3.560357
3.562452
3.564480
3.566535
3.568576
3.570640
3.572719
3.574771
3.576833
3.578852
3.580868
3.582906
3.584862
3.586902
3.588892
3.590953
3.592925
3.594971
3.596948
3.598926
3.600939
3.602919
3.604888
3.606865
3.608831
3.610778
3.612735
3.614679
3.616632
3.618568
3.620533
3.622454
3.624389
3.626298
3.628212
3.630130
3.632020
3.633899
3.635792
3.637671
3.639564
3.641476
3.643342
3.645233
3.647096
3.648954
3.650793
3.652642
3.654458
3.656294
3.658158
3.660027
3.661909
3.663772
3.665576
3.667386
3.669204
3.670960
3.672730
3.674486
3.676272
3.678030
3.679831
3.681623
3.683435
3.685242
3.687025
3.688768
3.690527
3.692271
3.694002
3.695770
3.697487
3.699213
3.700959
3.702679
3.704405
3.706136
3.707814
3.709492
3.711182
3.712890
3.714561
3.716293
3.717956
3.719679
3.721314
3.723010
3.724670
3.726333
3.727984
3.729640
3.731279
3.732924
3.734581
3.736238
3.737877
3.739516
3.741122
3.742706
3.744303
3.745927
3.747533
3.749175
3.750805
3.752426
3.754019
3.755605
3.757162
3.758714
3.760320
3.761827
3.763382
3.764907
3.766462
3.768014
3.769593
3.771157
3.772748
3.774279
3.775804
3.777335
3.778854
3.780355
3.781904
3.783423
3.784927
3.786440
3.787935
3.789409
3.790904
3.792399
3.793888
3.795365
3.796851
3.798325
3.799808
3.801303
3.802780
3.804302
3.805776
3.807230
3.808650
3.810061
3.811487
3.812916
3.814363
3.815801
3.817257
3.818683
3.820127
3.821566
3.823019
3.824442
3.825859
3.827294
3.828666
3.830045
3.831429
3.832810
3.834194
3.835614
3.837010
3.838388
3.839794
3.841175
3.842547
3.843925
3.845270
3.846628
3.848000
3.849375
3.850732
3.852095
3.853432
3.854780
3.856098
3.857428
3.858759
3.860095
3.861431
3.862773
3.864074
3.865395
3.866701
3.868001
3.869320
3.870608
3.871917
3.873170
3.874428
3.875728
3.877017
3.878296
3.879596
3.880876
3.882170
3.883440
3.884686
3.885939
3.887212
3.888456
3.889681
3.890960
3.892183
3.893423
3.894672
3.895907
3.897123
3.898313
3.899547
3.900760
3.901956
3.903154
3.904374
3.905584
3.906806
3.907990
3.909167
3.910339
3.911510
3.912679
3.913853
3.915030
3.916217
3.917377
3.918506
3.919645
3.920753
3.921897
3.923030
3.924181
3.925331
3.926449
3.927572
3.928717
3.929837
3.930961
3.932081
3.933190
3.934310
3.935419
3.936494
3.937576
3.938663
3.939715
3.940791
3.941836
3.942879
3.943918
3.944988
3.946067
3.947115
3.948167
3.949219
3.950267
3.951301
3.952340
3.953350
3.954378
3.955390
3.956421
3.957449
3.958447
3.959438
3.960457
3.961433
3.962404
3.963390
3.964346
3.965331
3.966320
3.967306
3.968297
3.969283
3.970242
3.971195
3.972147
3.973088
3.974035
3.975000
3.975958
3.976908
3.977861
3.978808
3.979742
3.980659
3.981561
3.982445
3.983311
3.984179
3.985078
3.985971
3.986855
3.987754
3.988659
3.989537
3.990396
3.991247
3.992095
3.992961
3.993815
3.994651
3.995517
3.996377
3.997239
3.998090
3.998950
3.999801
4.000634
4.001470
4.002288
4.003097
4.003881
4.004687
4.005497
4.006279
4.007066
4.007822
4.008585
4.009349
4.010110
4.010865
4.011638
4.012408
4.013166
4.013916
4.014679
4.015417
4.016139
4.016867
4.017612
4.018380
4.019120
4.019884
4.020638
4.021415
4.022175
4.022886
4.023587
4.024282
4.024956
4.025603
4.026265
4.026939
4.027607
4.028261
4.028911
4.029546
4.030196
4.030831
4.031478
4.032149
4.032775
4.033405
4.034031
4.034654
4.035262
4.035843
4.036434
4.037045
4.037650
4.038238
4.038831
4.039454
4.040068
4.040691
4.041311
4.041934
4.042549
4.043163
4.043762
4.044353
4.044934
4.045506
4.046042
4.046581
4.047109
4.047633
4.048154
4.048673
4.049179
4.049674
4.050138
4.050629
4.051126
4.051627
4.052118
4.052595
4.053062
4.053535
4.053997
4.054434
4.054883
4.055360
4.055824
4.056280
4.056732
4.057167
4.057592
4.058023
4.058461
4.058874
4.059276
4.059665
4.060046
4.060435
4.060816
4.061196
4.061606
4.062041
4.062472
4.062886
4.063314
4.063752
4.064177
4.064600
4.065052
4.065486
4.065891
4.066271
4.066673
4.067062
4.067446
4.067809
4.068159
4.068503
4.068812
4.069091
4.069369
4.069663
4.069948
4.070205
4.070463
4.070714
4.070957
4.071194
4.071422
4.071640
4.071856
4.072069
4.072269
4.072446
4.072620
4.072806
4.072989
4.073165
4.073333
4.073489
4.073639
4.073801
4.073977
4.074136
4.074298
4.074471
4.074639
4.074801
4.074969
4.075113
4.075248
4.075377
4.075502
4.075619
4.075739
4.075859
4.075973
4.076089
4.076198
4.076311
4.076428
4.076551
4.076656
4.076740
4.076808
4.076883
4.076950
4.077006
4.077075
4.077144
4.077198
4.077252
4.077306
4.077357
4.077405
4.077459
4.077507
4.077560
4.077600
4.077618
4.077639
4.077674
4.077711
4.077719
4.077723
4.077734
4.077744
4.077749
4.077749
4.077749
4.077749
4.077749
4.077755
4.077765
4.077765
4.077765
4.077765
4.077765
4.077765
4.077765
4.077765
4.077765
4.077765
4.077765
4.077765
4.077765
4.077765
4.077765
4.077765
4.077765
4.077765
4.077765
4.077765
4.077765
4.077765
4.077765
4.077765
4.077765
4.077765
4.077765
4.077765
4.077765
4.077765
4.077765
4.077765
4.077765
4.077765
4.077765
4.077765
4.077765
4.077765
4.077765
4.077765
4.077765
4.077765
4.077765
4.077765
4.077765
4.077765
4.077765
4.077765
4.077765
4.077765
4.077765
4.077765
4.077765
4.077765
4.077765
4.077765
4.077765
4.077765
4.077765
4.077765
4.077765
4.077765
4.077765
4.077765
4.077765
4.077765
4.077765
4.077765
4.077765
4.077765
4.077765
4.077765
4.077765
4.077765
4.077765
4.077765
4.077765
4.077765
4.077765
4.077765
4.077765
4.077765
4.077765
4.077765
4.077765
4.077765
4.077765
4.077765
4.077765
4.077765
4.077765
4.077765
4.077765
4.077765
4.077765
4.077765
4.077765
4.077765
4.077765
4.077765