4.077765
4.077765
4.077765
4.077765
4.077765
4.077765
4.077765
4.077765
4.077788
4.078001
4.078295
4.078690
4.079161
4.079766
4.080509
4.081375
4.082360
4.083511
4.084757
4.086049
4.087325
4.088706
4.090237
4.091894
4.093616
4.095498
4.097514
4.099675
4.101877
4.104208
4.106676
4.109253
4.111961
4.114700
4.117561
4.120551
4.123670
4.126884
4.130255
4.133734
4.137242
4.140966
4.144783
4.148723
4.152768
4.156920
4.161183
4.165585
4.170139
4.174738
4.179523
4.184466
4.189413
4.194533
4.199668
4.205007
4.210406
4.215937
4.221599
4.227364
4.233182
4.239069
4.245184
4.251595
4.257773
4.264155
4.270743
4.277440
4.284214
4.291164
4.298094
4.305249
4.312521
4.319960
4.327360
4.335006
4.342702
4.350537
4.358390
4.366477
4.374671
4.382985
4.391371
4.399882
4.408622
4.417263
4.426221
4.435167
4.444209
4.453488
4.462851
4.472144
4.481705
4.491490
4.501248
4.510991
4.521070
4.531214
4.541467
4.551947
4.562386
4.572833
4.583729
4.594317
4.605154
4.616210
4.627418
4.638632
4.650044
4.661177
4.672425
4.683726
4.694991
4.706280
4.717773
4.729203
4.740705
4.751916
4.763400
4.774836
4.786376
4.797729
4.809186
4.820747
4.832255
4.843658
4.855277
4.866764
4.878281
4.889857
4.901308
4.912918
4.924477
4.935955
4.947507
4.959090
4.970694
4.982277
4.993847
5.005418
5.017109
5.028533
5.040038
5.051728
5.063260
5.074741
5.086327
5.097912
5.109408
5.120859
5.132448
5.143977
5.155676
5.167121
5.178578
5.190137
5.201618
5.213027
5.224586
5.236055
5.247461
5.258870
5.270383
5.281789
5.293222
5.304607
5.315971
5.327566
5.338921
5.350345
5.361487
5.372956
5.384333
5.395592
5.406956
5.418098
5.429477
5.440829
5.451972
5.463329
5.474699
5.485683
5.496951
5.508357
5.519470
5.530774
5.541853
5.552941
5.564410
5.575541
5.586572
5.597688
5.609078
5.620212
5.631429
5.642583
5.653669
5.664883
5.676116
5.687225
5.698337
5.709575
5.720721
5.731722
5.743176
5.754142
5.765410
5.776561
5.787634
5.798828
5.810105
5.821053
5.832285
5.843493
5.854572
5.865631
5.876800
5.887964
5.898881
5.910200
5.921220
5.932299
5.943439
5.954377
5.965505
5.976596
5.987600
5.998623
6.009639
6.020686
6.031687
6.042623
6.053588
6.064548
6.075564
6.086455
6.097397
6.108473
6.119295
6.130167
6.141151
6.152126
6.162873
6.173769
6.184582
6.195458
6.206432
6.217206
6.227959
6.238826
6.249599
6.260352
6.271321
6.281948
0.009515
0.020319
0.031066
0.041837
0.052629
0.063412
0.074179
0.084914
0.095622
0.106366
0.117185
0.127935
0.138684
0.149596
0.160088
0.171084
0.181690
0.192308
0.203157
0.213957
0.224611
0.235448
0.246249
0.256963
0.267665
0.278480
0.289242
0.299893
0.310673
0.321432
0.332182
0.342800
0.353732
0.364332
0.375142
0.385730
0.396528
0.407188
0.417878
0.428466
0.439327
0.449921
0.460608
0.471346
0.482059
0.492531
0.503370
0.513887
0.524558
0.535242
0.545789
0.556392
0.567079
0.577568
0.588351
0.598846
0.609389
0.619953
0.630547
0.641165
0.651720
0.662248
0.672707
0.683391
0.693794
0.704379
0.714925
0.725279
0.735861
0.746381
0.756771
0.767344
0.777704
0.788134
0.798620
0.809112
0.819601
0.829967
0.840490
0.851057
0.861402
0.871873
0.882291
0.892657
0.903182
0.913698
0.924155
0.934704
0.945181
0.955601
0.966030
0.976738
0.987060
0.997711
1.008161
1.018626
1.029181
1.039575
1.050178
1.060580
1.071123
1.081543
1.092206
1.102710
1.113224
1.123785
1.134169
1.144742
1.155315
1.165709
1.176303
1.186825
1.197224
1.207785
1.218370
1.228871
1.239268
1.249730
1.260195
1.270687
1.281398
1.291729
1.302320
1.312782
1.323235
1.333733
1.344360
1.354508
1.365291
1.375564
1.386003
1.396459
1.406936
1.417404
1.427780
1.438218
1.448773
1.458995
1.469563
1.479905
1.490292
1.500650
1.511091
1.521556
1.531887
1.542244
1.552628
1.563100
1.573532
1.583673
1.594333
1.604418
1.614937
1.625328
1.635769
1.646111
1.656549
1.666919
1.677534
1.687747
1.698192
1.708588
1.719188
1.729342
1.740002
1.750323
1.760776
1.771182
1.781626
1.791992
1.802616
1.812884
1.823451
1.833820
1.844321
1.854810
1.865084
1.875777
1.886266
1.896554
1.907083
1.917476
1.927893
1.938412
1.948860
1.959313
1.969928
1.980100
1.990804
2.001108
2.011483
2.022020
2.032429
2.042729
2.053191
2.063668
2.074068
2.084563
2.094876
2.105398
2.115515
2.125947
2.136404
2.146743
2.157032
2.167332
2.177854
2.188059
2.198347
2.208845
2.219113
2.229500
2.239750
2.249993
2.260219
2.270537
2.280883
2.291042
2.301448
2.311523
2.321614
2.332010
2.342200
2.352360
2.362591
2.372808
2.382934
2.393145
2.403409
2.413626
2.423798
2.434008
2.444132
2.454207
2.464439
2.474748
2.484803
2.494990
2.505401
2.515468
2.525627
2.535823
2.545950
2.556148
2.566281
2.576542
2.586747
2.596862
2.607045
2.617286
2.627415
2.637491
2.647705
2.657996
2.668102
2.678238
2.688307
2.698419
2.708639
2.718804
2.728862
2.739043
2.749157
2.759365
2.769524
2.779498
2.789604
2.799827
2.809716
2.819807
2.829931
2.840252
2.850142
2.860251
2.870252
2.880399
2.890502
2.900422
2.910507
2.920490
2.930458
2.940512
2.950528
2.960394
2.970479
2.980417
2.990322
3.000427
3.010278
3.020163
3.030151
3.040197
3.050027
3.059842
3.069834
3.079709
3.089551
3.099405
3.109214
3.119056
3.129003
3.138764
3.148642
3.158502
3.168291
3.178148
3.188029
3.197721
3.207524
3.217573
3.227124
3.236942
3.246976
3.256668
3.266576
3.276367
3.286176
3.295953
3.305693
3.315607
3.325416
3.335237
3.344953
3.354828
3.364685
3.374434
3.384234
3.393950
3.403820
3.413682
3.423450
3.433175
3.442912
3.452808
3.462572
3.472378
3.482070
3.492062
3.501560
3.511597
3.521142
3.530951
3.540742
3.550443
3.560169
3.569912
3.579598
3.589407
3.599048
3.608729
3.618481
3.628149
3.637784
3.647492
3.657232
3.666768
3.676517
3.686198
3.695842
3.705352
3.715041
3.724547
3.734210
3.743818
3.753387
3.762897
3.772553
3.782006
3.791539
3.801213
3.810720
3.820181
3.829850
3.839218
3.848737
3.858300
3.867828
3.877169
3.886703
3.896179
3.905680
3.915177
3.924645
3.934005
3.943652
3.952892
3.962530
3.971776
3.981246
3.990810
4.000154
4.009571
4.019135
4.028518
4.038031
4.047453
4.056855
4.066376
4.075802
4.085258
4.094728
4.104184
4.113591
4.123023
4.132658
4.141898
4.151378
4.160776
4.170280
4.179750
4.189157
4.198670
4.208258
4.217695
4.227190
4.236510
4.245969
4.255404
4.264871
4.274276
4.283689
4.293259
4.302759
4.312122
4.321664
4.330985
4.340539
4.349896
4.359375
4.368852
4.378179
4.387640
4.397066
4.406518
4.415962
4.425307
4.434793
4.444035
4.453467
4.462860
4.472264
4.481708
4.491094
4.500415
4.509730
4.519119
4.528476
4.537926
4.547139
4.556525
4.565960
4.575080
4.584631
4.593784
4.603153
4.612411
4.621705
4.631124
4.640298
4.649595
4.658885
4.668170
4.677374
4.686692
4.696019
4.705219
4.714474
4.723825
4.733155
4.742296
4.751521
4.760709
4.770081
4.779357
4.788590
4.797791
4.807070
4.816292
4.825574
4.834886
4.844173
4.853338
4.862680
4.871986
4.881226
4.890469
4.899712
4.908942
4.918296
4.927518
4.936800
4.946192
4.955333
4.964684
4.973876
4.983193
4.992508
5.001682
5.010988
5.020240
5.029635
5.038815
5.048070
5.057313
5.066681
5.075751
5.085194
5.094272
5.103647
5.112791
5.122222
5.131379
5.140627
5.149831
5.158975
5.168167
5.177470
5.186653
5.195770
5.204920
5.214255
5.223438
5.232570
5.241774
5.250960
5.260053
5.269182
5.278362
5.287485
5.296572
5.305743
5.314797
5.323860
5.333010
5.341986
5.351121
5.360148
5.369140
5.378281
5.387188
5.396329
5.405314
5.414254
5.423341
5.432359
5.441306
5.450315
5.459198
5.468291
5.477108
5.485968
5.495103
5.503821
5.512881
5.521803
5.530714
5.539618
5.548490
5.557547
5.566298
5.575232
5.584104
5.593023
5.601960
5.610789
5.619676
5.628658
5.637421
5.646326
5.655317
5.664059
5.672943
5.681856
5.690643
5.699619
5.708425
5.717236
5.726093
5.735015
5.743782
5.752617
5.761524
5.770311
5.779114
5.788072
5.796710
5.805671
5.814440
5.823213
5.832108
5.840779
5.849695
5.858368
5.867369
5.876021
5.884887
5.893557
5.902441
5.911165
5.919959
5.928686
5.937366
5.946189
5.954884
5.963635
5.972326
5.981135
5.989841
5.998512
6.007231
6.015943
6.024536
6.033257
6.041928
6.050622
6.059287
6.067871
6.076530
6.085164
6.093715
6.102307
6.110876
6.119658
6.128175
6.136933
6.145316
6.153980
6.162426
6.171052
6.179633
6.188066
6.196596
6.205270
6.213626
6.222246
6.230739
6.239194
6.247628
6.256203
6.264640
6.273037
6.281564
0.006837
0.015283
0.023840
0.032190
0.040710
0.049135
0.057530
0.065994
0.074476
0.082877
0.091287
0.099865
0.108155
0.116580
0.125076
0.133495
0.141917
0.150459
0.158788
0.167231
0.175656
0.184048
0.192512
0.200939
0.209364
0.217768
0.226223
0.234594
0.243031
0.251480
0.259755
0.268315
0.276833
0.285057
0.293551
0.301987
0.310352
0.318753
0.327169
0.335555
0.343944
0.352342
0.360755
0.369129
0.377569
0.385862
0.394257
0.402616
0.411002
0.419343
0.427819
0.436100
0.444447
0.452827
0.461090
0.469422
0.477796
0.486221
0.494412
0.502768
0.511148
0.519432
0.527728
0.536015
0.544234
0.552572
0.560880
0.569146
0.577451
0.585693
0.594052
0.602138
0.610455
0.618674
0.626832
0.635062
0.643343
0.651534
0.659768
0.667902
0.676066
0.684407
0.692631
0.700834
0.708942
0.717136
0.725300
0.733477
0.741596
0.749778
0.757819
0.766080
0.774235
0.782312
0.790465
0.798653
0.806718
0.814855
0.823080
0.831094
0.839318
0.847473
0.855566
0.863700
0.871765
0.879891
0.888118
0.896216
0.904264
0.912488
0.920595
0.928679
0.936837
0.944911
0.953147
0.961180
0.969440
0.977451
0.985667
0.993771
1.001905
1.010033
1.018198
1.026197
1.034352
1.042496
1.050804
1.058827
1.066980
1.075087
1.083194
1.091382
1.099502
1.107726
1.115839
1.123869
1.132150
1.140200
1.148406
1.156496
1.164648
1.172683
1.180911
1.188952
1.197086
1.205224
1.213499
1.221504
1.229555
1.237662
1.245796
1.253906
1.261975
1.270124
1.278162
1.286297
1.294431
1.302490
1.310634
1.318654
1.326795
1.334830
1.342853
1.351033
1.358963
1.367112
1.375166
1.383231
1.391201
1.399296
1.407296
1.415400
1.423429
1.431438
1.439458
1.447577
1.455631
1.463600
1.471558
1.479611
1.487569
1.495619
1.503649
1.511627
1.519618
1.527623
1.535527
1.543562
1.551562
1.559411
1.567543
1.575350
1.583482
1.591421
1.599301
1.607345
1.615348
1.623272
1.631212
1.639238
1.647187
1.655273
1.663207
1.671158
1.679164
1.687133
1.695097
1.703141
1.711132
1.719083
1.727080
1.735118
1.743135
1.751066
1.759092
1.766999
1.775142
1.783088
1.790977
1.799036
1.807026
1.815005
1.823067
1.831088
1.839081
1.847060
1.855149
1.863122
1.871082
1.879115
1.886997
1.894955
1.903041
1.910939
1.918911
1.927012
1.934973
1.942972
1.951110
1.958897
1.966959
1.974955
1.982862
1.990843
1.998870
2.006743
2.014755
2.022745
2.030670
2.038502
2.046597
2.054516
2.062425
2.070392
2.078346
2.086391
2.094186
2.102033
2.109931
2.117873
2.125816
2.133659
2.141608
2.149521
2.157268
2.165184
2.173031
2.180898
2.188727
2.196607
2.204399
2.212249
2.220066
2.227808
2.235648
2.243495
2.251300
2.259119
2.266867
2.274597
2.282444
2.290299
2.297993
2.305777
2.313579
2.321266
2.329023
2.336807
2.344474
2.352198
2.359877
2.367666
2.375396
2.383096
2.390820
2.398562
2.406235
2.413940
2.421736
2.429349
2.437058
2.444872
2.452470
2.460257
2.467944
2.475596
2.483293
2.490936
2.498744
2.506336
2.514063
2.521718
2.529444
2.537126
2.544829
2.552388
2.560160
2.567878
2.575506
2.583200
2.590834
2.598531
2.606344
2.613873
2.621558
2.629189
2.636952
2.644547
2.652154
2.659869
2.667473
2.675220
2.682708
2.690360
2.698137
2.705688
2.713417
2.721030
2.728655
2.736265
2.743959
2.751497
2.759101
2.766732
2.774309
2.781973
2.789556
2.797181
2.804755
2.812401
2.819849
2.827486
2.835099
2.842712
2.850127
2.857791
2.865302
2.872798
2.880394
2.888003
2.895461
2.903029
2.910534
2.918033
2.925565
2.933019
2.940521
2.948053
2.955490
2.962986
2.970530
2.977954
2.985435
2.992916
3.000410
3.007705
3.015321
3.022589
3.030115
3.037543
3.044958
3.052412
3.059815
3.067198
3.074577
3.082010
3.089324
3.096751
3.104226
3.111473
3.118796
3.126235
3.133629
3.140966
3.148250
3.155632
3.162985
3.170268
3.177629
3.184988
3.192304
3.199644
3.206937
3.214232
3.221596
3.228928
3.236226
3.243531
3.250874
3.258154
3.265417
3.272769
3.280100
3.287357
3.294673
3.302007
3.309192
3.316607
3.323897
3.331267
3.338544
3.345795
3.353060
3.360332
3.367666
3.374947
3.382206
3.389444
3.396764
3.404086
3.411271
3.418566
3.425843
3.433079
3.440341
3.447622
3.454791
3.462069
3.469379
3.476516
3.483850
3.491035
3.498231
3.505386
3.512621
3.519806
3.527065
3.534226
3.541434
3.548559
3.555872
3.562997
3.570265
3.577366
3.584530
3.591627
3.598958
3.605948
3.613070
3.620344
3.627349
3.634513
3.641679
3.648678
3.655731
3.662942
3.670007
3.677075
3.684214
3.691354
3.698350
3.705415
3.712458
3.719547
3.726537
3.733553
3.740600
3.747662
3.754640
3.761707
3.768700
3.775666
3.782671
3.789675
3.796680
3.803640
3.810588
3.817539
3.824541
3.831476
3.838445
3.845315
3.852287
3.859169
3.866057
3.873062
3.879950
3.886865
3.893728
3.900665
3.907475
3.914539
3.921268
3.928225
3.935080
3.941881
3.948799
3.955678
3.962464
3.969364
3.976267
3.983116
3.989917
3.996802
4.003666
4.010521
4.017397
4.024183
4.031041
4.037977
4.044775
4.051618
4.058554
4.065340
4.072180
4.079020
4.085839
4.092690
4.099608
4.106311
4.113253
4.119994
4.126987
4.133659
4.140511
4.147360
4.154260
4.160989
4.167736
4.174711
4.181500
4.188322
4.195105
4.201951
4.208749
4.215487
4.222390
4.229122
4.235932
4.242706
4.249594
4.256317
4.263134
4.269947
4.276730
4.283515
4.290266
4.296983
4.303904
4.310537
4.317317
4.324208
4.330901
4.337675
4.344455
4.351175
4.357944
4.364724
4.371438
4.378200
4.384980
4.391676
4.398477
4.405117
4.411944
4.418634
4.425373
4.432072
4.438774
4.445389
4.452185
4.458821
4.465544
4.472180
4.478909
4.485585
4.492155
4.498800
4.505553
4.512168
4.518754
4.525429
4.532032
4.538654
4.545329
4.551944
4.558601
4.565178
4.571751
4.578363
4.584997
4.591546
4.598158
4.604750
4.611275
4.617884
4.624488
4.631058
4.637457
4.644130
4.650592
4.657142
4.663700
4.670154
4.676733
4.683294
4.689775
4.696270
4.702895
4.709309
4.715784
4.722297
4.728897
4.735330
4.741804
4.748246
4.754687
4.761291
4.767702
4.774174
4.780705
4.787207
4.793639
4.800128
4.806597
4.813173
4.819534
4.826116
4.832432
4.839122
4.845435
4.851892
4.858375
4.864897
4.871276
4.877708
4.884204
4.890543
4.897117
4.903420
4.910030
4.916376
4.922856
4.929246
4.935724
4.942148
4.948589
4.954917
4.961415
4.967794
4.974274
4.980650
4.987008
4.993401
4.999908
5.006173
5.012702
5.019056
5.025516
5.031879
5.038198
5.044654
5.051051
5.057463
5.063883
5.070187
5.076536
5.082860
5.089347
5.095686
5.102011
5.108426
5.114727
5.121033
5.127496
5.133832
5.140145
5.146398
5.152729
5.159131
5.165399
5.171747
5.178042
5.184373
5.190550
5.196887
5.203206
5.209396
5.215724
5.222000
5.228238
5.234497
5.240761
5.246975
5.253192
5.259466
5.265725
5.271938
5.278039
5.284300
5.290538
5.296677
5.302867
5.309018
5.315243
5.321454
5.327509
5.333735
5.339817
5.346010
5.352152
5.358276
5.364403
5.370488
5.376582
5.382718
5.388875
5.394795
5.401030
5.407028
5.413092
5.419198
5.425172
5.431206
5.437303
5.443316
5.449392
5.455441
5.461385
5.467383
5.473420
5.479424
5.485372
5.491412
5.497332
5.503315
5.509289
5.515284
5.521189
5.527175
5.533123
5.539082
5.545032
5.550919
5.556839
5.562805
5.568794
5.574726
5.580652
5.586599
5.592469
5.598431
5.604291
5.610250
5.616128
5.621992
5.627903
5.633844
5.639746
5.645634
5.651572
5.657366
5.663239
5.669170
5.674941
5.680864
5.686700
5.692501
5.698370
5.704246
5.710070
5.715906
5.721826
5.727593
5.733394
5.739320
5.745052
5.750921
5.756748
5.762501
5.768385
5.774203
5.779968
5.785759
5.791568
5.797279
5.803121
5.808918
5.814698
5.820433
5.826305
5.832000
5.837774
5.843517
5.849267
5.855004
5.860729
5.866521
5.872207
5.877957
5.883709
5.889366
5.895124
5.900823
5.906521
5.912243
5.917918
5.923623
5.929348
5.935091
5.940724
5.946395
5.952070
5.957772
5.963437
5.969082
5.974747
5.980416
5.986024
5.991666
5.997320
6.002904
6.008516
6.014182
6.019763
6.025420
6.031028
6.036640
6.042224
6.047800
6.053370
6.058984
6.064590
6.070088
6.075681
6.081239
6.086788
6.092312
6.097882
6.103419
6.108962
6.114606
6.120083
6.125482
6.131156
6.136559
6.142038
6.147638
6.153055
6.158540
6.164026
6.169458
6.174917
6.180406
6.185834
6.191296
6.196776
6.202193
6.207637
6.213105
6.218536
6.223947
6.229376
6.234871
6.240183
6.245663
6.251061
6.256490
6.261892
6.267249
6.272666
6.278038
0.000261
0.005687
0.011005
0.016349
0.021733
0.027159
0.032471
0.037891
0.043266
0.048623
0.053989
0.059355
0.064589
0.069979
0.075336
0.080696
0.086077
0.091449
0.096770
0.102067
0.107484
0.112799
0.118075
0.123447
0.128845
0.134094
0.139442
0.144748
0.150093
0.155378
0.160762
0.166029
0.171362
0.176704
0.181909
0.187319
0.192589
0.197866
0.203184
0.208487
0.213781
0.219078
0.224348
0.229630
0.234951
0.240209
0.245524
0.250764
0.256025
0.261349
0.266658
0.271844
0.277192
0.282396
0.287747
0.292999
0.298248
0.303527
0.308765
0.314041
0.319281
0.324455
0.329713
0.334998
0.340229
0.345472
0.350712
0.355863
0.361151
0.366478
0.371619
0.376856
0.382054
0.387282
0.392495
0.397688
0.402928
0.408138
0.413273
0.418462
0.423684
0.428855
0.434015
0.439219
0.444393
0.449612
0.454720
0.459961
0.465114
0.470288
0.475396
0.480561
0.485751
0.490856
0.496030
0.501159
0.506298
0.511415
0.516574
0.521709
0.526824
0.531947
0.537010
0.542163
0.547293
0.552368
0.557467
0.562572
0.567648
0.572729
0.577912
0.582904
0.587961
0.593087
0.598145
0.603220
0.608253
0.613305
0.618386
0.623482
0.628426
0.633555
0.638525
0.643634
0.648658
0.653695
0.658713
0.663692
0.668738
0.673774
0.678751
0.683778
0.688706
0.693743
0.698779
0.703777
0.708759
0.713762
0.718724
0.723721
0.728830
0.733680
0.738660
0.743690
0.748544
0.753502
0.758467
0.763434
0.768402
0.773336
0.778342
0.783256
0.788253
0.793149
0.798113
0.803066
0.807976
0.812959
0.817836
0.822768
0.827714
0.832661
0.837500
0.842458
0.847378
0.852297
0.857193
0.862097
0.867035
0.871999
0.876955
0.881781
0.886782
0.891665
0.896555
0.901516
0.906394
0.911322
0.916194
0.921117
0.925934
0.930887
0.935734
0.940633
0.945582
0.950472
0.955311
0.960338
0.965072
0.970072
0.974866
0.979740
0.984645
0.989510
0.994364
0.999260
1.004203
1.009006
1.013913
1.018761
1.023627
1.028477
1.033346
1.038202
1.043116
1.047987
1.052784
1.057683
1.062530
1.067387
1.072220
1.077070
1.081891
1.086777
1.091568
1.096479
1.101269
1.106180
1.110971
1.115782
1.120684
1.125468
1.130295
1.135137
1.139957
1.144826
1.149623
1.154404
1.159225
1.164052
1.168839
1.173675
1.178526
1.183304
1.188107
1.192883
1.197727
1.202548
1.207303
1.212079
1.216833
1.221645
1.226466
1.231202
1.236044
1.240790
1.245553
1.250326
1.255075
1.259833
1.264629
1.269390
1.274094
1.278888
1.283675
1.288418
1.293161
1.297895
1.302688
1.307410
1.312099
1.316782
1.321599
1.326273
1.330986
1.335720
1.340430
1.345145
1.349876
1.354574
1.359290
1.364012
1.368616
1.373368
1.378102
1.382755
1.387459
1.392115
1.396827
1.401519
1.406169
1.410789
1.415484
1.420143
1.424766
1.429430
1.434140
1.438808
1.443497
1.448138
1.452740
1.457387
1.461998
1.466609
1.471243
1.475932
1.480546
1.485175
1.489786
1.494385
1.498999
1.503652
1.508329
1.512895
1.517499
1.522056
1.526769
1.531332
1.535904
1.540530
1.545102
1.549716
1.554285
1.558791
1.563444
1.567962
1.572627
1.577151
1.581711
1.586301
1.590861
1.595478
1.600041
1.604583
1.609224
1.613757
1.618254
1.622895
1.627419
1.631943
1.636560
1.641093
1.645701
1.650147
1.654791
1.659282
1.663926
1.668471
1.672986
1.677486
1.682148
1.686594
1.691163
1.695732
1.700241
1.704795
1.709301
1.713828
1.718358
1.722960
1.727394
1.732011
1.736553
1.741047
1.745538
1.750128
1.754634
1.759155
1.763697
1.768209
1.772719
1.777228
1.781695
1.786231
1.790806
1.795240
1.799722
1.804327
1.808788
1.813261
1.817749
1.822306
1.826773
1.831306
1.835788
1.840259
1.844789
1.849298
1.853768
1.858241
1.862723
1.867187
1.871708
1.876139
1.880562
1.885125
1.889568
1.894032
1.898532
1.903008
1.907484
1.911921
1.916337
1.920829
1.925326
1.929667
1.934140
1.938616
1.943059
1.947565
1.951925
1.956353
1.960802
1.965275
1.969682
1.974062
1.978566
1.982958
1.987347
1.991745
1.996164
2.000617
2.004979
2.009371
2.013763
2.018212
2.022635
2.026931
2.031356
2.035754
2.040161
2.044551
2.048850
2.053278
2.057647
2.061979
2.066317
2.070733
2.075099
2.079410
2.083769
2.088131
2.092422
2.096820
2.101152
2.105464
2.109901
2.114218
2.118505
2.122799
2.127113
2.131484
2.135787
2.140014
2.144328
2.148667
2.152921
2.157241
2.161538
2.165879
2.170125
2.174436
2.178672
2.182996
2.187265
2.191522
2.195801
2.200019
2.204366
2.208615
2.212845
2.217046
2.221273
2.225549
2.229830
2.233958
2.238261
2.242422
2.246659
2.250922
2.255108
2.259374
2.263586
2.267745
2.271927
2.276155
2.280319
2.284493
2.288696
2.292846
2.297049
2.301217
2.305393
2.309507
2.313728
2.317881
2.322066
2.326138
2.330399
2.334479
2.338653
2.342772
2.346946
2.351017
2.355239
2.359340
2.363433
2.367556
2.371702
2.375777
2.379917
2.384058
2.388135
2.392288
2.396429
2.400476
2.404614
2.408778
2.412835
2.416964
2.421035
2.425146
2.429160
2.433340
2.437382
2.441483
2.445543
2.449653
2.453749
2.457905
2.461952
2.465988
2.470114
2.474119
2.478194
2.482275
2.486340
2.490418
2.494472
2.498537
2.502579
2.506654
2.510695
2.514761
2.518808
2.522841
2.526889
2.530988
2.534975
2.539044
2.543086
2.547106
2.551139
2.555198
2.559195
2.563228
2.567297
2.571290
2.575299
2.579347
2.583346
2.587340
2.591340
2.595358
2.599363
2.603423
2.607330
2.611408
2.615437
2.619371
2.623368
2.627421
2.631325
2.635304
2.639283
2.643363
2.647258
2.651255
2.655258
2.659234
2.663215
2.667167
2.671185
2.675029
2.679082
2.682914
2.686938
2.690836
2.694830
2.698716
2.702739
2.706607
2.710643
2.714559
2.718477
2.722409
2.726309
2.730264
2.734189
2.738096
2.742033
2.746011
2.749810
2.753786
2.757675
2.761591
2.765459
2.769363
2.773261
2.777134
2.781065
2.784930
2.788807
2.792699
2.796594
2.800486
2.804399
2.808215
2.812155
2.816005
2.819822
2.823684
2.827558
2.831396
2.835240
2.839093
2.842916
2.846748
2.850631
2.854465
2.858304
2.862144
2.865970
2.869793
2.873637
2.877433
2.881247
2.885037
2.888917
2.892704
2.896545
2.900308
2.904095
2.907903
2.911654
2.915447
2.919270
2.923018
2.926817
2.930578
2.934379
2.938130
2.941905
2.945654
2.949444
2.953213
2.956916
2.960706
2.964460
2.968151
2.971932
2.975704
2.979425
2.983197
2.986885
2.990660
2.994274
2.998013
3.001791
3.005452
3.009245
3.012837
3.016567
3.020306
3.023985
3.027725
3.031407
3.035089
3.038774
3.042477
3.046138
3.049818
3.053509
3.057110
3.060777
3.064513
3.068126
3.071758
3.075497
3.079059
3.082768
3.086393
3.089998
3.093629
3.097302
3.100927
3.104558
3.108214
3.111836
3.115494
3.119065
3.122684
3.126271
3.129914
3.133488
3.137116
3.140730
3.144277
3.147851
3.151474
3.155051
3.158622
3.162235
3.165801
3.169390
3.172985
3.176530
3.180113
3.183699
3.187274
3.190809
3.194416
3.197925
3.201481
3.205070
3.208602
3.212183
3.215718
3.219254
3.222786
3.226342
3.229880
3.233395
3.236906
3.240510
3.244013
3.247566
3.251071
3.254595
3.258124
3.261636
3.265171
3.268620
3.272116
3.275642
3.279217
3.282656
3.286239
3.289700
3.293211
3.296686
3.300210
3.303679
3.307161
3.310660
3.314106
3.317614
3.321065
3.324565
3.327980
3.331525
3.334937
3.338362
3.341879
3.345271
3.348788
3.352224
3.355637
3.359067
3.362522
3.365934
3.369401
3.372831
3.376205
3.379620
3.383051
3.386487
3.389888
3.393327
3.396680
3.400110
3.403448
3.406831
3.410216
3.413575
3.416957
3.420277
3.423707
3.426961
3.430341
3.433720
3.437061
3.440449
3.443739
3.447134
3.450486
3.453830
3.457137
3.460460
3.463821
3.467123
3.470410
3.473735
3.477010
3.480291
3.483602
3.486876
3.490142
3.493438
3.496730
3.500020
3.503292
3.506593
3.509877
3.513119
3.516393
3.519620
3.522883
3.526181
3.529393
3.532620
3.535823
3.539043
3.542261
3.545470
3.548715
3.551918
3.555156
3.558416
3.561604
3.564810
3.567988
3.571176
3.574310
3.577534
3.580701
3.583847
3.587007
3.590156
3.593359
3.596586
3.599711
3.602814
3.605942
3.609058
3.612186
3.615332
3.618469
3.621606
3.624722
3.627817
3.630882
3.634039
3.637035
3.640172
3.643183
3.646257
3.649337
3.652390
3.655464
3.658556
3.661609
3.664629
3.667691
3.670777
3.673809
3.676823
3.679813
3.682833
3.685865
3.688912
3.691893
3.694895
3.697894
3.700851
3.703830
3.706823
3.709777
3.712713
3.715682
3.718558
3.721518
3.724439
3.727459
3.730402
3.733329
3.736238
3.739144
3.742080
3.744986
3.747905
3.750823
3.753690
3.756581
3.759472
3.762325
3.765252
3.768101
3.770956
3.773811
3.776670
3.779516
3.782374
3.785239
3.788031
3.790847
3.793738
3.796522
3.799395
3.802223
3.805000
3.807829
3.810627
3.813437
3.816233
3.819073
3.821847
3.824646
3.827447
3.830164
3.832996
3.835761
3.838532
3.841316
3.844042
3.846810
3.849537
3.852311
3.855067
3.857836
3.860637
3.863313
3.866051
3.868807
3.871537
3.874233
3.876981
3.879758
3.882427
3.885151
3.887862
3.890568
3.893270
3.895979
3.898693
3.901369
3.904053
3.906734
3.909524
3.912166
3.914851
3.917523
3.920148
3.922787
3.925490
3.928111
3.930787
3.933447
3.936084
3.938696
3.941354
3.943981
3.946633
3.949308
3.951975
3.954614
3.957224
3.959846
3.962455
3.965107
3.967725
3.970326
3.972938
3.975509
3.978089
3.980704
3.983284
3.985923
3.988464
3.991044
3.993635
3.996221
3.998800
4.001326
4.003960
4.006473
4.009044
4.011576
4.014068
4.016630
4.019212
4.021717
4.024294
4.026816
4.029309
4.031790
4.034325
4.036841
4.039352
4.041857
4.044343
4.046809
4.049317
4.051813
4.054257
4.056738
4.059198
4.061678
4.064201
4.066589
4.069073
4.071506
4.073974
4.076422
4.078891
4.081333
4.083768
4.086204
4.088619
4.091040
4.093488
4.095896
4.098308
4.100717
4.103093
4.105520
4.107929
4.110325
4.112734
4.115170
4.117543
4.119898
4.122286
4.124635
4.127038
4.129426
4.131801
4.134129
4.136469
4.138812
4.141137
4.143504
4.145811
4.148199
4.150508
4.152917
4.155182
4.157505
4.159883
4.162169
4.164494
4.166777
4.169081
4.171409
4.173701
4.176005
4.178324
4.180601
4.182914
4.185230
4.187528
4.189769
4.192085
4.194377
4.196666
4.198961
4.201247
4.203497
4.205783
4.208066
4.210304
4.212524
4.214756
4.217057
4.219292
4.221572
4.223768
4.226060
4.228271
4.230512
4.232744
4.234950
4.237182
4.239422
4.241616
4.243821
4.246035
4.248207
4.250424
4.252593
4.254747
4.256914
4.259107
4.261285
4.263460
4.265677
4.267825
4.270012
4.272170
4.274309
4.276457
4.278620
4.280744
4.282896
4.285044
4.287156
4.289304
4.291434
4.293540
4.295673
4.297831
4.299928
4.302031
4.304143
4.306250
4.308368
4.310459
4.312547
4.314639
4.316730
4.318785
4.320849
4.322932
4.325005
4.327081
4.329103
4.331135
4.333223
4.335272
4.337313
4.339341
4.341369
4.343386
4.345408
4.347418
4.349444
4.351469
4.353446
4.355481
4.357473
4.359487
4.361428
4.363438
4.365374
4.367351
4.369373
4.371321
4.373322
4.375297
4.377259
4.379216
4.381133
4.383057
4.384995
4.386945
4.388851
4.390790
4.392743
4.394687
4.396602
4.398507
4.400452
4.402333
4.404253
4.406141
4.408001
4.409889
4.411783
4.413685
4.415587
4.417445
4.419306
4.421143
4.422973
4.424828
4.426700
4.428540
4.430352
4.432213
4.434055
4.435889
4.437749
4.439547
4.441360
4.443193
4.444952
4.446726
4.448529
4.450342
4.452110
4.453904
4.455666
4.457443
4.459249
4.461035
4.462790
4.464531
4.466272
4.468028
4.469807
4.471548
4.473292
4.474999
4.476692
4.478463
4.480176
4.481908
4.483643
4.485345
4.487038
4.488721
4.490441
4.492122
4.493814
4.495492
4.497161
4.498833
4.500493
4.502153
4.503837
4.505497
4.507111
4.508738
4.510362
4.511998
4.513618
4.515266
4.516884
4.518472
4.520084
4.521675
4.523263
4.524887
4.526481
4.528080
4.529654
4.531190
4.532766
4.534345
4.535909
4.537440
4.538983
4.540526
4.542027
4.543585
4.545107
4.546641
4.548190
4.549709
4.551219
4.552744
4.554233
4.555719
4.557202
4.558706
4.560186
4.561648
4.563107
4.564585
4.566059
4.567518
4.568956
4.570433
4.571874
4.573360
4.574768
4.576164
4.577579
4.579020
4.580419
4.581830
4.583238
4.584607
4.585991
4.587388
4.588763
4.590129
4.591513
4.592906
4.594275
4.595636
4.596996
4.598332
4.599686
4.601019
4.602350
4.603680
4.605001
4.606323
4.607665
4.608971
4.610269
4.611548
4.612857
4.614130
4.615425
4.616734
4.618016
4.619349
4.620590
4.621881
4.623130
4.624380
4.625635
4.626896
4.628137
4.629374
4.630609
4.631825
4.633048
4.634279
4.635486
4.636703
4.637925
4.639147
4.640337
4.641550
4.642728
4.643935
4.645124
4.646287
4.647464
4.648627
4.649771
4.650910
4.652054
4.653166
4.654286
4.655425
4.656525
4.657660
4.658760
4.659847
4.660944
4.662067
4.663170
4.664263
4.665381
4.666444
4.667550
4.668632
4.669692
4.670747
4.671819
4.672877
4.673950
4.674983
4.676017
4.677051
4.678099
4.679118
4.680119
4.681128
4.682129
4.683133
4.684136
4.685101
4.686090
4.687108
4.688097
4.689092
4.690077
4.691060
4.692031
4.692998
4.693954
4.694886
4.695833
4.696746
4.697654
4.698559
4.699446
4.700342
4.701223
4.702127
4.702999
4.703901
4.704773
4.705654
4.706550
4.707437
4.708329
4.709216
4.710106
4.710990
4.711859
4.712713
4.713578
4.714465
4.715310
4.716155
4.716982
4.717794
4.718606
4.719412
4.720218
4.721009
4.721815
4.722597
4.723367
4.724152
4.724922
4.725691
4.726452
4.727211
4.727960
4.728714
4.729475
4.730246
4.731037
4.731815
4.732591
4.733349
4.734119
4.734901
4.735680
4.736435
4.737193
4.737927
4.738628
4.739326
4.740001
4.740681
4.741364
4.742053
4.742718
4.743374
4.744040
4.744710
4.745373
4.746041
4.746694
4.747338
4.747985
4.748617
4.749249
4.749873
4.750499
4.751143
4.751781
4.752416
4.753039
4.753684
4.754337
4.754999
4.755637
4.756281
4.756926
4.757564
4.758202
4.758837
4.759448
4.760044
4.760623
4.761201
4.761752
4.762303
4.762855
4.763406
4.763948
4.764463
4.764976
4.765497
4.766016
4.766528
4.767031
4.767534
4.768041
4.768547
4.769051
4.769545
4.770048
4.770551
4.771049
4.771546
4.772017
4.772487
4.772951
4.773418
4.773892
4.774356
4.774809
4.775252
4.775708
4.776172
4.776624
4.777101
4.777580
4.778066
4.778530
4.779003
4.779470
4.779947
4.780427
4.780912
4.781376
4.781826
4.782254
4.782673
4.783078
4.783483
4.783872
4.784237
4.784582
4.784933
4.785265
4.785598
4.785939
4.786272
4.786598
4.786910
4.787219
4.787533
4.787863
4.788186
4.788504
4.788806
4.789109
4.789423
4.789735
4.790029
4.790317
4.790613
4.790898
4.791188
4.791458
4.791730
4.792006
4.792288
4.792561
4.792827
4.793088
4.793336
4.793591
4.793855
4.794104
4.794346
4.794589
4.794823
4.795041
4.795263
4.795470
4.795680
4.795892
4.796111
4.796315
4.796512
4.796713
4.796923
4.797132
4.797339
4.797543
4.797740
4.797941
4.798133
4.798325
4.798522
4.798738
4.798969
4.799185
4.799400
4.799616
4.799835
4.800068
4.800302
4.800533
4.800758
4.800973
4.801189
4.801405
4.801615
4.801809
4.802007
4.802196
4.802396
4.802570
4.802750
4.802930
4.803110
4.803287
4.803445
4.803601
4.803748
4.803888
4.804032
4.804173
4.804293
4.804416
4.804536
4.804641
4.804737
4.804823
4.804889
4.804961
4.805015
4.805063
4.805090
4.805120
4.805150
4.805165
4.805168
4.805168
4.805168
4.805168
4.805168
4.805168
4.805168
4.805168
4.805168
4.805168
4.805168
4.805168
4.805168
4.805168
4.805168
4.805168
4.805168
4.805168
4.805153
4.805138
4.805120
4.805093
4.805072
4.805066
4.805060
4.805048
4.805039
4.805036
4.805033
4.805033
4.805033
4.805033
4.805033
4.805033
4.805033
4.805033
4.805033
4.805033
4.805033
4.805033
4.805033
4.805033
4.805033
4.805033
4.805033
4.805033
4.805033
4.805033
4.805033
4.805033
4.805033
4.805033
4.805033
4.805033
4.805033
4.805033
4.805030
4.805030
4.805030
4.805030
4.805030
4.805030
4.805030
4.805030
4.805030
4.805030
4.805030
4.805030
4.805030
4.805030
4.805030
4.805030
4.805027
4.805027
4.805027
4.805027
4.805024
4.805021
4.805021
4.805021
4.805021
4.805021
4.805021
4.805021
4.805021
4.805021
4.805021
4.805021
4.805021
4.805021
4.805021
4.805021
4.805021
4.805018
4.805018
4.805018
4.805018
4.805018
4.805018
4.805018
4.805018
4.805018
4.805018
4.805018
4.805018
4.805018
4.805018
4.805018
4.805018
4.805018
4.805018
4.805018
4.805018
4.805018
4.805018
4.805018
4.805018
4.805018
4.805018
4.805018
4.805018
4.805018
4.805018
4.805018
4.805018
4.805018
4.805018
4.805018
4.805018
4.805018
4.805018
4.805018
4.805018
4.805018
4.805018
4.805018
4.805018
4.805018
4.805018
4.805018
4.805018
4.805018
4.805018
4.805018
4.805018
4.805018
4.805018
4.805018
4.805018
4.805018
4.805018
4.805018
4.805018
4.805018
4.805018
4.805018
4.805018
4.805018
4.805018
4.805018
4.805018
4.805018
4.805018
4.805018
4.805018
4.805018
4.805018
4.805018
4.805018
4.805018
4.805018
4.805018
4.805018
4.805018
4.805018
4.805018
4.805018
4.805018
4.805018
4.805018
4.805018
4.805018
4.805018
4.805018
4.805018
4.805018
4.805018
4.805018
4.805018
4.805018
4.805018
4.805018
4.805018