6.014376
6.014376
6.014376
6.014376
6.014376
6.014376
6.014376
6.014376
6.014376
6.014376
6.014376
6.014391
6.014652
6.014990
6.015416
6.015901
6.016482
6.017141
6.017897
6.018768
6.019736
6.020797
6.021971
6.023247
6.024632
6.026148
6.027792
6.029584
6.031466
6.033473
6.035567
6.037743
6.040029
6.042455
6.044993
6.047615
6.050416
6.053271
6.056300
6.059377
6.062553
6.065887
6.069407
6.072919
6.076601
6.080391
6.084310
6.088358
6.092468
6.096738
6.101106
6.105555
6.110154
6.114870
6.119652
6.124526
6.129601
6.134596
6.139983
6.145310
6.150774
6.156383
6.162187
6.167960
6.173835
6.179873
6.186026
6.192351
6.198730
6.205234
6.211804
6.218530
6.225398
6.232312
6.239425
6.246603
6.253785
6.261305
6.268834
6.276450
0.000914
0.008883
0.016694
0.024996
0.033023
0.041340
0.049815
0.058282
0.066908
0.075731
0.084579
0.093576
0.102708
0.112023
0.121313
0.130787
0.140398
0.150078
0.160028
0.169846
0.179919
0.190085
0.200346
0.210725
0.221181
0.231691
0.242396
0.253134
0.263743
0.274325
0.285063
0.295768
0.306610
0.317528
0.328059
0.339028
0.349855
0.360524
0.371349
0.382240
0.392867
0.403629
0.414450
0.425251
0.435995
0.446799
0.457546
0.468296
0.479078
0.489687
0.500461
0.511409
0.521997
0.532753
0.543530
0.554216
0.564885
0.575614
0.586163
0.597000
0.607627
0.618224
0.628767
0.639544
0.649982
0.660771
0.671332
0.681825
0.692595
0.703126
0.713667
0.724282
0.734822
0.745401
0.756061
0.766478
0.777117
0.787720
0.798182
0.808686
0.819373
0.829863
0.840418
0.850991
0.861423
0.872002
0.882596
0.893256
0.903724
0.914289
0.924778
0.935396
0.945945
0.956458
0.967010
0.977595
0.988072
0.998783
1.009329
1.019905
1.030509
1.041147
1.051610
1.062180
1.072876
1.083359
1.093944
1.104493
1.115270
1.125837
1.136374
1.146983
1.157490
1.168216
1.178708
1.189294
1.200034
1.210551
1.221240
1.231754
1.242339
1.252792
1.263563
1.274100
1.284619
1.295288
1.305891
1.316404
1.327019
1.337559
1.348117
1.358643
1.369153
1.379702
1.390359
1.400923
1.411244
1.421991
1.432277
1.442946
1.453366
1.464035
1.474290
1.485076
1.495341
1.505971
1.516349
1.526925
1.537205
1.547900
1.558198
1.568825
1.579269
1.589633
1.600134
1.610629
1.620962
1.631428
1.642052
1.652505
1.662898
1.673522
1.683981
1.694351
1.705160
1.715485
1.726187
1.736568
1.747048
1.757768
1.768198
1.778803
1.789119
1.799701
1.810244
1.820856
1.831495
1.841882
1.852417
1.863134
1.873473
1.884070
1.894712
1.905144
1.915705
1.926389
1.936884
1.947490
1.958126
1.968445
1.979099
1.989618
2.000083
2.010548
2.021106
2.031602
2.042139
2.052745
2.063123
2.073717
2.084192
2.094612
2.105110
2.115719
2.126241
2.136563
2.147106
2.157418
2.167841
2.178316
2.188721
2.199096
2.209600
2.219895
2.230303
2.240873
2.250937
2.261468
2.271715
2.282189
2.292403
2.302772
2.312961
2.323468
2.333715
2.344045
2.354367
2.364607
2.374863
2.385121
2.395392
2.405564
2.416020
2.426179
2.436402
2.446801
2.457069
2.467291
2.477553
2.487877
2.498094
2.508349
2.518662
2.528872
2.539158
2.549428
2.559555
2.569828
2.580344
2.590504
2.600861
2.611009
2.621214
2.631487
2.641752
2.651914
2.662290
2.672539
2.682786
2.692942
2.703135
2.713450
2.723700
2.733961
2.743983
2.754367
2.764557
2.774651
2.784837
2.795183
2.805309
2.815400
2.825686
2.835824
2.845972
2.856170
2.866195
2.876262
2.886503
2.896506
2.906615
2.917008
2.926958
2.936998
2.947191
2.957140
2.967213
2.977325
2.987356
2.997392
3.007453
3.017460
3.027434
3.037498
3.047415
3.057362
3.067464
3.077351
3.087283
3.097449
3.107159
3.117091
3.127248
3.136958
3.146968
3.156813
3.166778
3.176688
3.186644
3.196564
3.206424
3.216377
3.226228
3.236172
3.246134
3.256015
3.265836
3.275930
3.285661
3.295623
3.305459
3.315229
3.325332
3.335102
3.345055
3.354882
3.364868
3.374701
3.384627
3.394496
3.404479
3.414288
3.424160
3.434077
3.443889
3.453827
3.463672
3.473520
3.483335
3.493210
3.503250
3.513020
3.522769
3.532680
3.542552
3.552265
3.562095
3.571946
3.581749
3.591567
3.601373
3.611132
3.620842
3.630744
3.640508
3.650233
3.660033
3.669693
3.679564
3.689323
3.698919
3.708617
3.718444
3.728074
3.737661
3.747428
3.757082
3.766771
3.776481
3.786125
3.795725
3.805303
3.815058
3.824598
3.834290
3.843889
3.853486
3.863097
3.872555
3.882218
3.891760
3.901240
3.910800
3.920456
3.929909
3.939451
3.949111
3.958467
3.968229
3.977660
3.987152
3.996670
4.006188
4.015740
4.025393
4.034897
4.044451
4.054020
4.063527
4.073123
4.082624
4.092083
4.101592
4.111371
4.120695
4.130306
4.139843
4.149346
4.158883
4.168515
4.178054
4.187606
4.197022
4.206687
4.216182
4.225818
4.235309
4.244938
4.254442
4.264035
4.273473
4.283144
4.292588
4.302160
4.311681
4.321176
4.330721
4.340270
4.349839
4.359226
4.368945
4.378311
4.387925
4.397456
4.406995
4.416474
4.425972
4.435508
4.445057
4.454462
4.463908
4.473451
4.482846
4.492476
4.501847
4.511297
4.520731
4.530160
4.539705
4.549116
4.558554
4.568012
4.577414
4.586854
4.596250
4.605588
4.615137
4.624482
4.633856
4.643165
4.652603
4.661983
4.671250
4.680652
4.690074
4.699284
4.708887
4.718204
4.727444
4.736917
4.746163
4.755595
4.764970
4.774305
4.783668
4.793070
4.802349
4.811726
4.821170
4.830491
4.839778
4.849213
4.858680
4.868007
4.877424
4.886768
4.896101
4.905563
4.914919
4.924252
4.933726
4.942986
4.952427
4.961817
4.971140
4.980503
4.990030
4.999363
5.008690
5.017990
5.027463
5.036778
5.046174
5.055518
5.064881
5.074297
5.083624
5.093044
5.102460
5.111703
5.120976
5.130348
5.139797
5.149121
5.158505
5.167747
5.177047
5.186395
5.195800
5.205063
5.214327
5.223534
5.232996
5.242122
5.251340
5.260658
5.269931
5.279081
5.288309
5.297554
5.306735
5.316055
5.325175
5.334523
5.343553
5.352760
5.361910
5.371105
5.380252
5.389366
5.398429
5.407585
5.416660
5.425753
5.434882
5.443942
5.453026
5.462131
5.471221
5.480215
5.489224
5.498288
5.507312
5.516330
5.525501
5.534396
5.543453
5.552357
5.561441
5.570498
5.579453
5.588430
5.597454
5.606370
5.615373
5.624350
5.633389
5.642221
5.651395
5.660275
5.669279
5.678246
5.687189
5.696147
5.705120
5.714030
5.723075
5.732028
5.740956
5.749917
5.758945
5.767900
5.776702
5.785720
5.794591
5.803532
5.812553
5.821403
5.830319
5.839257
5.848125
5.857092
5.865975
5.874877
5.883673
5.892620
5.901473
5.910380
5.919209
5.927997
5.937033
5.945823
5.954605
5.963473
5.972351
5.981123
5.989970
5.998884
6.007605
6.016389
6.025237
6.033947
6.042773
6.051596
6.060422
6.069021
6.077821
6.086494
6.095228
6.103937
6.112770
6.121377
6.130276
6.138721
6.147632
6.156209
6.164838
6.173383
6.182075
6.190847
6.199437
6.208122
6.216580
6.225263
6.234080
6.242553
6.251154
6.259738
6.268301
6.276803
0.002340
0.010888
0.019423
0.027983
0.036486
0.044989
0.053809
0.062234
0.070794
0.079401
0.087856
0.096329
0.105108
0.113497
0.122173
0.130667
0.139224
0.147622
0.156202
0.164939
0.173304
0.181894
0.190426
0.198971
0.207504
0.216058
0.224641
0.233132
0.241704
0.250210
0.258739
0.267233
0.275739
0.284305
0.292876
0.301382
0.309897
0.318439
0.326918
0.335465
0.343935
0.352441
0.361010
0.369468
0.377964
0.386584
0.395033
0.403455
0.412030
0.420487
0.428969
0.437388
0.445822
0.454376
0.462849
0.471196
0.479654
0.488141
0.496545
0.505042
0.513500
0.521922
0.530260
0.538748
0.547005
0.555547
0.563906
0.572292
0.580633
0.589118
0.597378
0.605659
0.614174
0.622452
0.630808
0.639191
0.647493
0.655843
0.664229
0.672513
0.680866
0.689114
0.697449
0.705832
0.713933
0.722232
0.730744
0.738863
0.747175
0.755414
0.763635
0.771904
0.780218
0.788412
0.796708
0.804968
0.813178
0.821474
0.829707
0.837934
0.846161
0.854502
0.862654
0.870804
0.879124
0.887357
0.895626
0.903895
0.912158
0.920424
0.928762
0.936861
0.945118
0.953417
0.961620
0.969865
0.978176
0.986413
0.994604
1.002951
1.011175
1.019471
1.027881
1.035874
1.044188
1.052491
1.060733
1.068951
1.077226
1.085522
1.093869
1.102069
1.110332
1.118512
1.126874
1.134960
1.143220
1.151564
1.159800
1.168054
1.176399
1.184530
1.192793
1.201059
1.209268
1.217495
1.225851
1.234079
1.242237
1.250479
1.258820
1.266828
1.275104
1.283286
1.291615
1.299821
1.308078
1.316233
1.324473
1.332655
1.340864
1.349004
1.357351
1.365533
1.373674
1.381730
1.390062
1.398179
1.406334
1.414441
1.422743
1.430877
1.438991
1.447218
1.455280
1.463445
1.471624
1.479845
1.487865
1.496075
1.504137
1.512283
1.520472
1.528630
1.536707
1.544704
1.552832
1.561032
1.569100
1.577166
1.585354
1.593452
1.601518
1.609646
1.617813
1.625831
1.633995
1.642153
1.650294
1.658326
1.666508
1.674526
1.682690
1.690863
1.698878
1.707054
1.715173
1.723272
1.731388
1.739630
1.747591
1.755851
1.763946
1.772077
1.780194
1.788460
1.796543
1.804516
1.812851
1.820829
1.829008
1.837143
1.845253
1.853366
1.861582
1.869656
1.877715
1.885975
1.893981
1.902139
1.910339
1.918402
1.926581
1.934763
1.942835
1.950888
1.959076
1.967208
1.975252
1.983407
1.991470
1.999631
2.007699
2.015750
2.023863
2.031997
2.040126
2.048167
2.056310
2.064292
2.072345
2.080393
2.088401
2.096574
2.104622
2.112699
2.120654
2.128800
2.136739
2.144784
2.152798
2.160840
2.168791
2.176860
2.184742
2.192760
2.200777
2.208726
2.216749
2.224605
2.232670
2.240496
2.248648
2.256450
2.264452
2.272332
2.280277
2.288184
2.296118
2.304018
2.311952
2.319816
2.327693
2.335510
2.343473
2.351302
2.359161
2.367148
2.374908
2.382680
2.390610
2.398430
2.406312
2.414114
2.421877
2.429835
2.437708
2.445564
2.453330
2.461224
2.469041
2.476855
2.484743
2.492452
2.500362
2.508313
2.515998
2.524043
2.531754
2.539535
2.547361
2.555274
2.563027
2.570847
2.578700
2.586543
2.594411
2.602114
2.610032
2.617831
2.625609
2.633384
2.641203
2.649086
2.656801
2.664606
2.672527
2.680323
2.688035
2.695845
2.703620
2.711422
2.719191
2.726954
2.734695
2.742644
2.750308
2.758065
2.765854
2.773596
2.781347
2.789140
2.796836
2.804596
2.812386
2.820143
2.827804
2.835552
2.843210
2.851026
2.858633
2.866345
2.874063
2.881730
2.889436
2.897123
2.904787
2.912469
2.920148
2.927860
2.935464
2.943038
2.950765
2.958348
2.966012
2.973628
2.981271
2.988830
2.996470
3.004122
3.011657
3.019246
3.026733
3.034352
3.041941
3.049494
3.057062
3.064687
3.072147
3.079736
3.087235
3.094710
3.102293
3.109783
3.117271
3.124776
3.132329
3.139705
3.147216
3.154841
3.162289
3.169774
3.177198
3.184619
3.192226
3.199665
3.207122
3.214580
3.222145
3.229539
3.237017
3.244456
3.251922
3.259443
3.266885
3.274267
3.281733
3.289289
3.296720
3.304156
3.311595
3.319022
3.326542
3.333946
3.341385
3.348863
3.356227
3.363693
3.371145
3.378437
3.385894
3.393438
3.400743
3.408170
3.415537
3.422988
3.430407
3.437882
3.445330
3.452661
3.460022
3.467396
3.474781
3.482205
3.489513
3.496919
3.504250
3.511612
3.518982
3.526313
3.533672
3.540967
3.548481
3.555783
3.563084
3.570343
3.577761
3.585006
3.592289
3.599633
3.606952
3.614254
3.621489
3.628727
3.636035
3.643339
3.650602
3.657810
3.665097
3.672401
3.679597
3.686896
3.693975
3.701400
3.708414
3.715601
3.722938
3.730078
3.737304
3.744393
3.751524
3.758726
3.766028
3.773140
3.780241
3.787351
3.794499
3.801585
3.808781
3.815849
3.822992
3.830059
3.837136
3.844291
3.851361
3.858405
3.865488
3.872615
3.879653
3.886661
3.893783
3.900799
3.907801
3.915007
3.921906
3.929073
3.936000
3.943164
3.950052
3.957260
3.964127
3.971261
3.978196
3.985222
3.992191
3.999298
4.006293
4.013241
4.020342
4.027290
4.034295
4.041306
4.048265
4.055327
4.062365
4.069369
4.076293
4.083274
4.090360
4.097236
4.104219
4.111230
4.118223
4.125252
4.132209
4.139172
4.146203
4.153181
4.160258
4.167161
4.174204
4.181125
4.188127
4.195063
4.202050
4.209103
4.216033
4.222962
4.229949
4.236885
4.243848
4.250841
4.257701
4.264763
4.271750
4.278614
4.285670
4.292656
4.299493
4.306474
4.313419
4.320313
4.327252
4.334122
4.341055
4.347913
4.354978
4.361850
4.368693
4.375641
4.382583
4.389486
4.396455
4.403334
4.410192
4.417077
4.423938
4.430822
4.437740
4.444571
4.451462
4.458314
4.465074
4.471931
4.478810
4.485593
4.492424
4.499303
4.506027
4.512938
4.519740
4.526630
4.533327
4.540143
4.547016
4.553727
4.560498
4.567251
4.574085
4.580871
4.587561
4.594344
4.601107
4.607832
4.614583
4.621333
4.628068
4.634845
4.641535
4.648211
4.654933
4.661687
4.668314
4.675043
4.681742
4.688424
4.695099
4.701768
4.708434
4.715083
4.721776
4.728421
4.735096
4.741786
4.748402
4.755062
4.761764
4.768340
4.775126
4.781673
4.788330
4.795008
4.801683
4.808299
4.814950
4.821631
4.828259
4.834955
4.841660
4.848206
4.854857
4.861500
4.868142
4.874808
4.881423
4.888057
4.894645
4.901365
4.907948
4.914542
4.921193
4.927724
4.934412
4.941102
4.947654
4.954329
4.960915
4.967482
4.974097
4.980722
4.987268
4.993877
5.000478
5.007078
5.013658
5.020270
5.026825
5.033422
5.040044
5.046527
5.053106
5.059791
5.066238
5.072796
5.079367
5.085928
5.092516
5.098961
5.105582
5.112057
5.118612
5.125105
5.131648
5.138195
5.144750
5.151248
5.157723
5.164278
5.170705
5.177308
5.183708
5.190206
5.196681
5.203164
5.209599
5.216119
5.222507
5.229002
5.235437
5.241876
5.248263
5.254762
5.261165
5.267528
5.274003
5.280375
5.286754
5.293091
5.299577
5.305878
5.312242
5.318572
5.324930
5.331293
5.337570
5.343880
5.350246
5.356517
5.362830
5.369157
5.375416
5.381744
5.387994
5.394258
5.400514
5.406803
5.413077
5.419309
5.425564
5.431727
5.437965
5.444191
5.450396
5.456597
5.462820
5.469034
5.475197
5.481405
5.487556
5.493761
5.499890
5.506125
5.512267
5.518457
5.524524
5.530669
5.536874
5.542989
5.549083
5.555240
5.561316
5.567403
5.573623
5.579711
5.585799
5.592004
5.598044
5.604147
5.610310
5.616341
5.622435
5.628526
5.634584
5.640672
5.646733
5.652929
5.658933
5.664889
5.670956
5.677113
5.683159
5.689136
5.695296
5.701252
5.707280
5.713296
5.719339
5.725349
5.731417
5.737403
5.743374
5.749402
5.755484
5.761374
5.767492
5.773409
5.779335
5.785478
5.791395
5.797405
5.803316
5.809317
5.815315
5.821343
5.827230
5.833226
5.839155
5.845096
5.851109
5.857020
5.862877
5.868858
5.874853
5.880674
5.886639
5.892712
5.898534
5.904409
5.910323
5.916243
5.922145
5.928012
5.933917
5.939789
5.945671
5.951501
5.957373
5.963245
5.969037
5.974939
5.980820
5.986687
5.992466
5.998371
6.004076
6.009957
6.015841
6.021617
6.027373
6.033206
6.038947
6.044753
6.050524
6.056300
6.062037
6.067829
6.073611
6.079268
6.085119
6.090817
6.096582
6.102244
6.108030
6.113719
6.119487
6.125176
6.130830
6.136561
6.142233
6.147925
6.153648
6.159296
6.164889
6.170686
6.176286
6.181891
6.187632
6.193310
6.198915
6.204644
6.210192
6.215885
6.221490
6.227063
6.232744
6.238286
6.244021
6.249497
6.255265
6.260778
6.266380
6.271989
6.277553
6.283119
0.005531
0.011085
0.016667
0.022273
0.027803
0.033352
0.038910
0.044443
0.050055
0.055595
0.061153
0.066737
0.072187
0.077757
0.083323
0.088887
0.094433
0.099868
0.105470
0.110971
0.116502
0.122056
0.127542
0.133127
0.138580
0.144176
0.149623
0.155160
0.160720
0.166224
0.171710
0.177163
0.182676
0.188311
0.193713
0.199250
0.204744
0.210206
0.215695
0.221217
0.226691
0.232167
0.237668
0.243112
0.248541
0.254051
0.259494
0.264962
0.270592
0.275988
0.281426
0.286884
0.292421
0.297862
0.303345
0.308750
0.314193
0.319643
0.325060
0.330525
0.335990
0.341455
0.346835
0.352294
0.357705
0.363137
0.368599
0.373932
0.379454
0.384837
0.390209
0.395536
0.401013
0.406409
0.411853
0.417183
0.422657
0.427990
0.433427
0.438769
0.444141
0.449546
0.454915
0.460254
0.465677
0.470959
0.476409
0.481706
0.487045
0.492402
0.497753
0.503083
0.508431
0.513749
0.519190
0.524385
0.529882
0.535030
0.540384
0.545681
0.550951
0.556377
0.561638
0.566899
0.572208
0.577445
0.582784
0.587976
0.593363
0.598567
0.603789
0.609179
0.614386
0.619680
0.624926
0.630205
0.635371
0.640740
0.645905
0.651148
0.656427
0.661580
0.666823
0.672072
0.677267
0.682478
0.687715
0.692898
0.698117
0.703372
0.708522
0.713756
0.718967
0.724132
0.729330
0.734540
0.739684
0.744865
0.750048
0.755174
0.760315
0.765498
0.770646
0.775832
0.780991
0.786147
0.791273
0.796457
0.801574
0.806760
0.811934
0.816989
0.822184
0.827295
0.832454
0.837545
0.842710
0.847818
0.852965
0.858088
0.863119
0.868275
0.873425
0.878561
0.883660
0.888795
0.893888
0.899033
0.904225
0.909267
0.914354
0.919538
0.924511
0.929709
0.934794
0.939911
0.944914
0.950046
0.955221
0.960311
0.965440
0.970518
0.975588
0.980723
0.985789
0.990850
0.996000
1.001033
1.006154
1.011223
1.016310
1.021389
1.026485
1.031581
1.036626
1.041726
1.046816
1.051858
1.057015
1.062063
1.067093
1.072211
1.077301
1.082385
1.087395
1.092458
1.097488
1.102579
1.107588
1.112678
1.117724
1.122799
1.127883
1.132932
1.137962
1.143049
1.148041
1.153065
1.158066
1.163177
1.168150
1.173205
1.178280
1.183253
1.188290
1.193314
1.198288
1.203390
1.208327
1.213307
1.218421
1.223398
1.228380
1.233470
1.238426
1.243393
1.248406
1.253403
1.258374
1.263425
1.268353
1.273357
1.278384
1.283319
1.288295
1.293326
1.298182
1.303204
1.308201
1.313120
1.318067
1.323046
1.328032
1.332915
1.337922
1.342844
1.347785
1.352740
1.357651
1.362612
1.367550
1.372442
1.377416
1.382323
1.387240
1.392267
1.397088
1.401966
1.406873
1.411760
1.416673
1.421614
1.426443
1.431342
1.436324
1.441133
1.445984
1.450948
1.455817
1.460670
1.465572
1.470473
1.475345
1.480154
1.484986
1.489909
1.494714
1.499550
1.504389
1.509260
1.514138
1.518923
1.523758
1.528627
1.533474
1.538259
1.543089
1.547936
1.552763
1.557629
1.562320
1.567219
1.572028
1.576824
1.581546
1.586421
1.591301
1.596041
1.600868
1.605587
1.610476
1.615225
1.620010
1.624851
1.629654
1.634483
1.639262
1.644041
1.648919
1.653640
1.658419
1.663195
1.668018
1.672794
1.677564
1.682354
1.687151
1.691900
1.696694
1.701508
1.706272
1.711069
1.715910
1.720614
1.725387
1.730243
1.734923
1.739690
1.744508
1.749223
1.753987
1.758775
1.763530
1.768281
1.773093
1.777800
1.782576
1.787315
1.792067
1.796807
1.801559
1.806310
1.811035
1.815823
1.820479
1.825251
1.830069
1.834731
1.839486
1.844139
1.848881
1.853615
1.858361
1.863095
1.867780
1.872598
1.877218
1.881907
1.886671
1.891383
1.896069
1.900815
1.905486
1.910244
1.914941
1.919600
1.924265
1.928951
1.933655
1.938367
1.943038
1.947709
1.952404
1.957093
1.961794
1.966455
1.971135
1.975773
1.980429
1.985091
1.989762
1.994400
1.999071
2.003852
2.008397
2.013062
2.017676
2.022347
2.026994
2.031659
2.036276
2.040931
2.045632
2.050147
2.054809
2.059357
2.064049
2.068600
2.073232
2.077849
2.082469
2.087041
2.091655
2.096299
2.100865
2.105467
2.110029
2.114593
2.119231
2.123739
2.128311
2.132842
2.137476
2.141983
2.146488
2.151067
2.155617
2.160160
2.164654
2.169244
2.173807
2.178316
2.182864
2.187307
2.191894
2.196391
2.200816
2.205328
2.209858
2.214349
2.218801
2.223263
2.227804
2.232326
2.236784
2.241218
2.245790
2.250212
2.254628
2.259089
2.263562
2.268044
2.272494
2.276952
2.281386
2.285859
2.290227
2.294667
2.299134
2.303566
2.307964
2.312329
2.316778
2.321275
2.325689
2.330045
2.334419
2.338862
2.343287
2.347647
2.351988
2.356452
2.360785
2.365258
2.369578
2.373958
2.378395
2.382770
2.387087
2.391467
2.395871
2.400222
2.404587
2.409000
2.413350
2.417733
2.422042
2.426380
2.430730
2.435117
2.439452
2.443757
2.448087
2.452452
2.456805
2.461089
2.465437
2.469799
2.474146
2.478440
2.482796
2.487134
2.491460
2.495805
2.500059
2.504418
2.508763
2.513035
2.517313
2.521649
2.525924
2.530226
2.534550
2.538828
2.543115
2.547466
2.551726
2.556028
2.560316
2.564606
2.568885
2.573181
2.577363
2.581756
2.585971
2.590279
2.594471
2.598791
2.602992
2.607342
2.611566
2.615839
2.620120
2.624374
2.628596
2.632850
2.637117
2.641371
2.645548
2.649889
2.654047
2.658311
2.662538
2.666757
2.670999
2.675245
2.679436
2.683666
2.687915
2.692121
2.696358
2.700534
2.704720
2.708938
2.713109
2.717318
2.721522
2.725674
2.729959
2.734132
2.738285
2.742473
2.746716
2.750832
2.755008
2.759185
2.763346
2.767487
2.771676
2.775849
2.779981
2.784178
2.788352
2.792492
2.796612
2.800773
2.804902
2.809012
2.813138
2.817279
2.821419
2.825485
2.829640
2.833817
2.837924
2.842041
2.846086
2.850199
2.854307
2.858414
2.862513
2.866618
2.870719
2.874782
2.878862
2.882964
2.887036
2.891101
2.895188
2.899227
2.903310
2.907385
2.911433
2.915474
2.919591
2.923635
2.927635
2.931668
2.935671
2.939790
2.943802
2.947787
2.951831
2.955864
2.959846
2.963959
2.967884
2.971947
2.975953
2.979973
2.983922
2.987919
2.992000
2.995948
2.999927
3.003945
3.007894
3.011887
3.015917
3.019788
3.023815
3.027751
3.031697
3.035667
3.039679
3.043619
3.047538
3.051513
3.055450
3.059360
3.063300
3.067228
3.071179
3.075119
3.078987
3.082912
3.086846
3.090783
3.094680
3.098581
3.102494
3.106401
3.110299
3.114185
3.118101
3.121984
3.125839
3.129716
3.133620
3.137476
3.141341
3.145233
3.149092
3.152939
3.156804
3.160639
3.164510
3.168428
3.172194
3.176068
3.179939
3.183738
3.187660
3.191438
3.195342
3.199126
3.202961
3.206769
3.210610
3.214466
3.218253
3.222091
3.225926
3.229734
3.233548
3.237376
3.241230
3.244903
3.248806
3.252584
3.256384
3.260177
3.263976
3.267775
3.271550
3.275378
3.279130
3.282923
3.286647
3.290488
3.294221
3.298020
3.301777
3.305591
3.309330
3.313066
3.316832
3.320583
3.324334
3.328067
3.331851
3.335512
3.339359
3.343041
3.346792
3.350538
3.354241
3.357992
3.361719
3.365416
3.369131
3.372885
3.376543
3.380306
3.383986
3.387674
3.391368
3.395119
3.398714
3.402468
3.406159
3.409827
3.413539
3.417218
3.420882
3.424561
3.428219
3.431880
3.435527
3.439182
3.442801
3.446456
3.450154
3.453707
3.457371
3.461029
3.464648
3.468283
3.471935
3.475569
3.479137
3.482769
3.486358
3.489980
3.493608
3.497108
3.500724
3.504331
3.507932
3.511468
3.515054
3.518622
3.522188
3.525750
3.529315
3.532854
3.536443
3.539945
3.543496
3.547040
3.550542
3.554063
3.557568
3.561121
3.564579
3.568084
3.571548
3.575050
3.578562
3.582052
3.585533
3.589039
3.592505
3.595957
3.599435
3.602844
3.606281
3.609753
3.613196
3.616620
3.620048
3.623514
3.626876
3.630423
3.633782
3.637221
3.640580
3.644016
3.647396
3.650826
3.654164
3.657612
3.661025
3.664341
3.667655
3.671095
3.674369
3.677785
3.681113
3.684445
3.687777
3.691129
3.694476
3.697846
3.701163
3.704471
3.707784
3.711101
3.714388
3.717692
3.720985
3.724245
3.727549
3.730884
3.734087
3.737350
3.740690
3.743920
3.747174
3.750505
3.753672
3.756932
3.760155
3.763409
3.766648
3.769893
3.773068
3.776259
3.779450
3.782689
3.785861
3.789073
3.792237
3.795419
3.798613
3.801777
3.804929
3.808140
3.811283
3.814447
3.817596
3.820760
3.823896
3.827093
3.830158
3.833289
3.836420
3.839560
3.842673
3.845795
3.848914
3.851996
3.855115
3.858252
3.861335
3.864475
3.867507
3.870584
3.873637
3.876708
3.879776
3.882835
3.885864
3.888881
3.891952
3.894924
3.898001
3.901018
3.904059
3.907136
3.910120
3.913197
3.916238
3.919270
3.922305
3.925325
3.928273
3.931275
3.934274
3.937240
3.940242
3.943214
3.946196
3.949156
3.952158
3.955139
3.958087
3.961029
3.963998
3.966976
3.970008
3.972950
3.975878
3.978811
3.981771
3.984680
3.987664
3.990636
3.993614
3.996529
3.999426
4.002405
4.005314
4.008244
4.011147
4.014137
4.016986
4.019872
4.022787
4.025687
4.028572
4.031446
4.034330
4.037237
4.040167
4.043064
4.045889
4.048790
4.051633
4.054491
4.057418
4.060336
4.063195
4.066065
4.068893
4.071745
4.074601
4.077414
4.080281
4.083202
4.085923
4.088796
4.091588
4.094440
4.097236
4.100076
4.102871
4.105679
4.108450
4.111218
4.114011
4.116812
4.119601
4.122415
4.125204
4.127924
4.130678
4.133464
4.136271
4.138992
4.141742
4.144493
4.147252
4.150005
4.152761
4.155521
4.158262
4.160941
4.163655
4.166409
4.169141
4.171846
4.174588
4.177260
4.179996
4.182683
4.185344
4.188064
4.190817
4.193541
4.196168
4.198847
4.201531
4.204210
4.206913
4.209582
4.212257
4.214918
4.217542
4.220242
4.222867
4.225545
4.228167
4.230812
4.233446
4.236094
4.238691
4.241286
4.243932
4.246601
4.249214
4.251808
4.254391
4.256998
4.259619
4.262208
4.264793
4.267409
4.270024
4.272565
4.275103
4.277703
4.280337
4.282910
4.285478
4.288022
4.290580
4.293100
4.295622
4.298187
4.300785
4.303317
4.305830
4.308389
4.310915
4.313431
4.315942
4.318464
4.321011
4.323579
4.326051
4.328543
4.331069
4.333586
4.336126
4.338637
4.341088
4.343580
4.346082
4.348530
4.351011
4.353515
4.355984
4.358474
4.360919
4.363348
4.365808
4.368247
4.370719
4.373158
4.375618
4.378062
4.380507
4.382915
4.385301
4.387751
4.390127
4.392575
4.394969
4.397360
4.399724
4.402117
4.404508
4.406881
4.409254
4.411612
4.413982
4.416352
4.418736
4.421046
4.423387
4.425741
4.428105
4.430412
4.432734
4.435071
4.437429
4.439706
4.442007
4.444338
4.446648
4.448940
4.451250
4.453545
4.455840
4.458081
4.460373
4.462611
4.464891
4.467090
4.469370
4.471560
4.473858
4.476042
4.478319
4.480536
4.482729
4.484937
4.487178
4.489408
4.491570
4.493809
4.495990
4.498168
4.500346
4.502503
4.504673
4.506866
4.509002
4.511198
4.513313
4.515467
4.517603
4.519763
4.521897
4.524009
4.526115
4.528234
4.530331
4.532452
4.534540
4.536613
4.538708
4.540757
4.542857
4.544930
4.546998
4.549032
4.551099
4.553161
4.555207
4.557301
4.559299
4.561379
4.563413
4.565450
4.567476
4.569495
4.571506
4.573525
4.575523
4.577518
4.579535
4.581533
4.583540
4.585539
4.587549
4.589536
4.591504
4.593479
4.595471
4.597415
4.599405
4.601349
4.603318
4.605259
4.607188
4.609166
4.611080
4.613028
4.614930
4.616824
4.618768
4.620662
4.622600
4.624517
4.626399
4.628304
4.630207
4.632113
4.633985
4.635861
4.637751
4.639642
4.641496
4.643372
4.645226
4.647069
4.648909
4.650757
4.652588
4.654451
4.656300
4.658136
4.659961
4.661795
4.663601
4.665384
4.667214
4.669009
4.670804
4.672568
4.674357
4.676152
4.677970
4.679750
4.681503
4.683321
4.685056
4.686862
4.688594
4.690359
4.692132
4.693843
4.695569
4.697295
4.699012
4.700722
4.702481
4.704189
4.705887
4.707589
4.709288
4.710975
4.712700
4.714369
4.716047
4.717716
4.719409
4.721075
4.722755
4.724433
4.726099
4.727780
4.729410
4.731070
4.732720
4.734377
4.736037
4.737711
4.739324
4.740983
4.742613
4.744255
4.745900
4.747530
4.749135
4.750741
4.752336
4.753956
4.755550
4.757144
4.758738
4.760323
4.761896
4.763448
4.765015
4.766588
4.768167
4.769752
4.771309
4.772846
4.774395
4.775950
4.777487
4.779033
4.780567
4.782074
4.783623
4.785133
4.786625
4.788138
4.789693
4.791224
4.792755
4.794268
4.795766
4.797267
4.798774
4.800278
4.801737
4.803199
4.804658
4.806115
4.807565
4.809000
4.810444
4.811912
4.813362
4.814809
4.816232
4.817640
4.819052
4.820477
4.821874
4.823288
4.824669
4.826053
4.827423
4.828819
4.830164
4.831533
4.832947
4.834301
4.835707
4.837067
4.838403
4.839763
4.841124
4.842457
4.843775
4.845120
4.846436
4.847760
4.849066
4.850339
4.851628
4.852922
4.854216
4.855514
4.856781
4.858057
4.859307
4.860595
4.861874
4.863132
4.864391
4.865664
4.866899
4.868142
4.869346
4.870608
4.871842
4.873100
4.874308
4.875539
4.876729
4.877906
4.879110
4.880318
4.881495
4.882727
4.883901
4.885085
4.886256
4.887403
4.888575
4.889735
4.890891
4.892021
4.893171
4.894291
4.895427
4.896574
4.897686
4.898813
4.899927
4.901045
4.902165
4.903265
4.904352
4.905464
4.906593
4.907693
4.908811
4.909898
4.910971
4.912055
4.913137
4.914212
4.915249
4.916313
4.917346
4.918383
4.919407
4.920432
4.921436
4.922445
4.923461
4.924465
4.925466
4.926460
4.927455
4.928473
4.929462
4.930490
4.931488
4.932488
4.933483
4.934481
4.935463
4.936410
4.937375
4.938315
4.939247
4.940182
4.941084
4.942016
4.942909
4.943813
4.944700
4.945614
4.946543
4.947435
4.948352
4.949224
4.950132
4.951037
4.951930
4.952823
4.953701
4.954599
4.955468
4.956346
4.957209
4.958047
4.958901
4.959728
4.960585
4.961445
4.962254
4.963072
4.963890
4.964693
4.965493
4.966290
4.967084
4.967890
4.968687
4.969469
4.970232
4.971014
4.971794
4.972563
4.973342
4.974118
4.974876
4.975679
4.976470
4.977262
4.978037
4.978804
4.979574
4.980350
4.981093
4.981836
4.982537
4.983242
4.983945
4.984650
4.985321
4.986016
4.986711
4.987388
4.988056
4.988727
4.989392
4.990055
4.990726
4.991388
4.992029
4.992673
4.993305
4.993934
4.994569
4.995181
4.995786
4.996412
4.997038
4.997671
4.998297
4.998947
4.999609
5.000253
5.000897
5.001529
5.002152
5.002791
5.003435
5.004055
5.004648
5.005239
5.005814
5.006374
5.006919
5.007480
5.007992
5.008537
5.009068
5.009577
5.010077
5.010590
5.011099
5.011602
5.012105
5.012573
5.013055
5.013511
5.013978
5.014452
5.014916
5.015383
5.015827
5.016255
5.016684
5.017103
5.017510
5.017936
5.018352
5.018769
5.019155
5.019530
5.019934
5.020348
5.020764
5.021181
5.021573
5.022013
5.022436
5.022849
5.023254
5.023691
5.024128
5.024566
5.024989
5.025408
5.025821
5.026235
5.026649
5.027050
5.027430
5.027799
5.028149
5.028485
5.028814
5.029132
5.029426
5.029722
5.030025
5.030297
5.030549
5.030804
5.031067
5.031310
5.031550
5.031775
5.031978
5.032185
5.032380
5.032566
5.032748
5.032940
5.033114
5.033282
5.033443
5.033602
5.033764
5.033923
5.034091
5.034237
5.034369
5.034510
5.034654
5.034791
5.034920
5.035046
5.035157
5.035283
5.035406
5.035517
5.035622
5.035741
5.035855
5.035951
5.036038
5.036122
5.036194
5.036260
5.036346
5.036416
5.036460
5.036511
5.036562
5.036610
5.036658
5.036700
5.036727
5.036760
5.036787
5.036817
5.036832
5.036850
5.036874
5.036886
5.036901
5.036907
5.036907
5.036907
5.036907
5.036907
5.036907
5.036907
5.036907
5.036907
5.036907
5.036907
5.036907
5.036907
5.036907
5.036907
5.036907
5.036907
5.036907
5.036907
5.036907
5.036907
5.036907
5.036907
5.036907
5.036907
5.036907
5.036907
5.036907
5.036907
5.036907
5.036907
5.036907
5.036907
5.036907
5.036907
5.036907
5.036907
5.036907
5.036907
5.036907
5.036907
5.036907
5.036907
5.036907
5.036907
5.036907
5.036907
5.036907
5.036907
5.036907
5.036907
5.036907
5.036907
5.036907
5.036907
5.036907
5.036907
5.036907
5.036907
5.036907
5.036907
5.036907
5.036907
5.036907
5.036907
5.036907
5.036907
5.036907
5.036907
5.036907
5.036907
5.036907
5.036907
5.036907
5.036907
5.036907
5.036907
5.036907
5.036907
5.036907
5.036907
5.036907
5.036907
5.036907
5.036907
5.036907
5.036907
5.036907
5.036907
5.036907
5.036907
5.036907
5.036907
5.036907
5.036907
5.036907
5.036907
5.036907
5.036907
5.036907