6.131714
6.131714
6.131714
6.131714
6.131714
6.131714
6.131714
6.131714
6.131743
6.131890
6.132130
6.132460
6.132888
6.133358
6.133916
6.134572
6.135333
6.136226
6.137220
6.138320
6.139485
6.140765
6.142182
6.143710
6.145358
6.147129
6.148998
6.150987
6.153013
6.155167
6.157462
6.159799
6.162315
6.164943
6.167664
6.170495
6.173443
6.176499
6.179657
6.182952
6.186281
6.189771
6.193360
6.197109
6.200902
6.204875
6.208877
6.213003
6.217299
6.221658
6.226143
6.230796
6.235392
6.240150
6.245076
6.250130
6.255268
6.260583
6.265805
6.271279
6.276879
6.282451
0.005045
0.010960
0.016913
0.022998
0.029245
0.035647
0.041972
0.048494
0.055265
0.062000
0.068981
0.075953
0.082919
0.090181
0.097621
0.104940
0.112613
0.120253
0.128021
0.136021
0.143844
0.152104
0.160367
0.168594
0.177097
0.185657
0.194291
0.203100
0.212007
0.221004
0.230076
0.239427
0.248751
0.258188
0.267829
0.277441
0.287292
0.297191
0.307141
0.317273
0.327661
0.337922
0.348295
0.358907
0.369522
0.380316
0.391162
0.401894
0.412563
0.423508
0.434443
0.445244
0.456123
0.466944
0.477886
0.488759
0.499745
0.510603
0.521515
0.532393
0.543227
0.554097
0.564951
0.575749
0.586577
0.597459
0.608181
0.619054
0.629777
0.640707
0.651453
0.662221
0.673055
0.683835
0.694579
0.705382
0.716171
0.726957
0.737713
0.748478
0.759222
0.769780
0.780706
0.791199
0.802080
0.812719
0.823379
0.834150
0.844813
0.855443
0.866247
0.876946
0.887471
0.898421
0.908911
0.919777
0.930494
0.941145
0.951829
0.962684
0.973398
0.983998
0.994730
1.005497
1.016196
1.026916
1.037732
1.048491
1.059226
1.069943
1.080746
1.091418
1.102276
1.112948
1.123617
1.134358
1.145048
1.155947
1.166715
1.177351
1.187984
1.198743
1.209460
1.220144
1.231020
1.241706
1.252396
1.263200
1.273836
1.284553
1.295411
1.305918
1.316713
1.327376
1.338135
1.348738
1.359488
1.370219
1.380882
1.391506
1.402160
1.412874
1.423519
1.434131
1.444842
1.455484
1.466117
1.476696
1.487416
1.497866
1.508592
1.519255
1.529816
1.540380
1.550992
1.561634
1.572312
1.582897
1.593521
1.604035
1.614683
1.625274
1.635943
1.646558
1.657101
1.667842
1.678394
1.688982
1.699657
1.710221
1.720896
1.731568
1.742186
1.752834
1.763566
1.774157
1.784847
1.795608
1.806164
1.816808
1.827540
1.838131
1.848824
1.859622
1.870162
1.880933
1.891653
1.902184
1.912904
1.923534
1.934131
1.944977
1.955619
1.966330
1.976852
1.987527
1.998379
2.008898
2.019528
2.030179
2.040857
2.051457
2.061994
2.072666
2.083287
2.093803
2.104409
2.114970
2.125498
2.136224
2.146764
2.157277
2.167895
2.178543
2.188832
2.199507
2.209981
2.220542
2.230962
2.241577
2.252001
2.262397
2.273006
2.283306
2.293874
2.304360
2.314726
2.325158
2.335549
2.345987
2.356320
2.366902
2.377116
2.387491
2.397900
2.408266
2.418683
2.429106
2.439539
2.449713
2.460248
2.470416
2.480866
2.491467
2.501653
2.511947
2.522559
2.532944
2.543077
2.553730
2.563914
2.574286
2.584701
2.595004
2.605454
2.615836
2.626112
2.636478
2.646932
2.657211
2.667593
2.678085
2.688313
2.698617
2.709034
2.719316
2.729632
2.740031
2.750284
2.760608
2.771023
2.781245
2.791554
2.801978
2.812173
2.822507
2.832753
2.843039
2.853249
2.863684
2.873697
2.884187
2.894298
2.904653
2.914719
2.925053
2.935069
2.945402
2.955574
2.965661
2.975869
2.986061
2.996167
3.006303
3.016567
3.026667
3.036743
3.046798
3.056858
3.066940
3.077082
3.087067
3.097242
3.107387
3.117301
3.127418
3.137404
3.147381
3.157382
3.167461
3.177423
3.187525
3.197550
3.207482
3.217546
3.227603
3.237580
3.247563
3.257591
3.267628
3.277578
3.287674
3.297660
3.307544
3.317584
3.327510
3.337538
3.347557
3.357491
3.367663
3.377547
3.387479
3.397633
3.407499
3.417640
3.427374
3.437618
3.447541
3.457431
3.467378
3.477373
3.487319
3.497261
3.507150
3.517184
3.527131
3.537018
3.546857
3.556735
3.566610
3.576644
3.586564
3.596421
3.606227
3.616456
3.625983
3.635921
3.645808
3.655560
3.665495
3.675466
3.685167
3.695096
3.704851
3.714639
3.724499
3.734276
3.743968
3.753735
3.763607
3.773251
3.783015
3.792887
3.802520
3.812230
3.821946
3.831647
3.841256
3.850987
3.860769
3.870548
3.880258
3.889894
3.899454
3.909140
3.918749
3.928375
3.938097
3.947607
3.957332
3.966910
3.976582
3.986205
3.995891
4.005476
4.015051
4.024920
4.034339
4.043942
4.053823
4.063371
4.072974
4.082708
4.092265
4.101919
4.111611
4.121150
4.130785
4.140541
4.150068
4.159632
4.169399
4.178947
4.188687
4.198424
4.208072
4.217629
4.227334
4.236951
4.246583
4.256279
4.265815
4.275639
4.285157
4.294781
4.304688
4.314201
4.323864
4.333469
4.343137
4.352808
4.362381
4.372034
4.381654
4.391323
4.400934
4.410578
4.420187
4.429729
4.439379
4.449069
4.458482
4.468216
4.477720
4.487358
4.496901
4.506455
4.516046
4.525600
4.535112
4.544744
4.554311
4.563698
4.573273
4.582921
4.592292
4.602011
4.611326
4.620818
4.630387
4.639932
4.649433
4.659023
4.668416
4.677896
4.687450
4.696776
4.706403
4.715810
4.725329
4.734794
4.744249
4.753744
4.763121
4.772613
4.782086
4.791644
4.801084
4.810477
4.820035
4.829664
4.838855
4.848557
4.857937
4.867381
4.876803
4.886376
4.895972
4.905380
4.914880
4.924273
4.933953
4.943277
4.952768
4.962215
4.971773
4.981249
4.990800
5.000361
5.009808
5.019326
5.028718
5.038276
5.047743
5.057106
5.066700
5.076197
5.085626
5.095051
5.104483
5.114073
5.123487
5.133008
5.142461
5.151922
5.161330
5.170755
5.180148
5.189637
5.199044
5.208422
5.217824
5.227078
5.236621
5.246065
5.255298
5.264844
5.274081
5.283392
5.292719
5.302100
5.311355
5.320726
5.330104
5.339314
5.348589
5.357821
5.367156
5.376402
5.385711
5.395020
5.404053
5.413361
5.422652
5.431715
5.441117
5.450126
5.459315
5.468683
5.477702
5.486920
5.496115
5.505148
5.514277
5.523589
5.532625
5.541721
5.550946
5.559982
5.569252
5.578279
5.587456
5.596579
5.605684
5.614768
5.623879
5.633113
5.642113
5.651338
5.660332
5.669419
5.678551
5.687647
5.696723
5.705812
5.715082
5.723980
5.733098
5.742208
5.751271
5.760427
5.769470
5.778493
5.787563
5.796677
5.805683
5.814755
5.823878
5.832839
5.841944
5.851028
5.860034
5.868966
5.878139
5.887107
5.896146
5.905203
5.914173
5.923095
5.932224
5.941117
5.950159
5.959150
5.968045
5.977021
5.986045
5.994946
6.003893
6.012902
6.021759
6.030687
6.039711
6.048504
6.057438
6.066355
6.075313
6.084055
6.093086
6.101906
6.110615
6.119520
6.128292
6.137122
6.145969
6.154771
6.163697
6.172457
6.181190
6.189912
6.198798
6.207535
6.216160
6.225101
6.233750
6.242451
6.251328
6.259915
6.268750
6.277478
0.002888
0.011562
0.020376
0.028945
0.037705
0.046442
0.055062
0.063735
0.072454
0.081118
0.089843
0.098588
0.107193
0.115846
0.124585
0.133214
0.141848
0.150621
0.159192
0.167917
0.176555
0.185210
0.193920
0.202632
0.211276
0.219905
0.228629
0.237234
0.246000
0.254542
0.263174
0.271880
0.280641
0.289185
0.297790
0.306488
0.315041
0.323814
0.332427
0.340999
0.349649
0.358316
0.366903
0.375562
0.384244
0.392762
0.401370
0.410049
0.418567
0.427202
0.435827
0.444381
0.452929
0.461581
0.470132
0.478704
0.487318
0.495859
0.504368
0.513078
0.521467
0.530059
0.538499
0.547158
0.555601
0.564166
0.572690
0.581130
0.589591
0.598058
0.606537
0.615054
0.623482
0.631970
0.640455
0.648892
0.657407
0.665754
0.674307
0.682609
0.691124
0.699426
0.707905
0.716381
0.724737
0.733195
0.741506
0.750006
0.758305
0.766775
0.775149
0.783409
0.791995
0.800259
0.808600
0.816941
0.825330
0.833713
0.842134
0.850475
0.858849
0.867277
0.875672
0.883962
0.892360
0.900737
0.909141
0.917560
0.925868
0.934170
0.942619
0.951095
0.959352
0.967780
0.976022
0.984495
0.992998
1.001252
1.009602
1.018087
1.026437
1.034829
1.043254
1.051535
1.059999
1.068421
1.076708
1.085154
1.093585
1.101997
1.110281
1.118733
1.127080
1.135469
1.143876
1.152283
1.160606
1.168962
1.177303
1.185653
1.194198
1.202491
1.210847
1.219266
1.227532
1.236065
1.244355
1.252777
1.261097
1.269381
1.277692
1.286174
1.294542
1.302826
1.311074
1.319712
1.327789
1.336124
1.344642
1.352842
1.361186
1.369578
1.377814
1.386095
1.394457
1.402724
1.411101
1.419361
1.427591
1.435878
1.444204
1.452458
1.460793
1.469104
1.477382
1.485657
1.493855
1.502154
1.510396
1.518596
1.526859
1.535212
1.543334
1.551571
1.559891
1.567971
1.576294
1.584485
1.592656
1.600961
1.609239
1.617490
1.625702
1.633944
1.642165
1.650396
1.658644
1.666943
1.675131
1.683427
1.691612
1.699860
1.708171
1.716414
1.724665
1.732985
1.741098
1.749448
1.757747
1.765867
1.774253
1.782567
1.790701
1.799111
1.807317
1.815556
1.823753
1.832127
1.840274
1.848615
1.856896
1.865165
1.873332
1.881580
1.889924
1.898142
1.906433
1.914750
1.922905
1.931297
1.939389
1.947721
1.955927
1.964179
1.972418
1.980657
1.988854
1.997087
2.005362
2.013541
2.021781
2.030068
2.038289
2.046462
2.054689
2.062934
2.071012
2.079380
2.087484
2.095687
2.103855
2.112082
2.120165
2.128491
2.136512
2.144697
2.152885
2.161013
2.169154
2.177342
2.185410
2.193595
2.201685
2.209810
2.217843
2.226049
2.234126
2.242177
2.250254
2.258259
2.266331
2.274426
2.282476
2.290533
2.298655
2.306646
2.314693
2.322687
2.330752
2.338733
2.346751
2.354699
2.362723
2.370734
2.378779
2.386736
2.394721
2.402753
2.410684
2.418728
2.426716
2.434589
2.442694
2.450642
2.458630
2.466722
2.474542
2.482574
2.490589
2.498555
2.506644
2.514440
2.522527
2.530418
2.538433
2.546345
2.554273
2.562371
2.570272
2.578229
2.586229
2.594165
2.602087
2.610077
2.617972
2.625950
2.633911
2.641841
2.649772
2.657891
2.665783
2.673567
2.681521
2.689542
2.697481
2.705454
2.713213
2.721195
2.729093
2.736957
2.744981
2.752806
2.760857
2.768569
2.776685
2.784457
2.792310
2.800306
2.808087
2.816011
2.823903
2.831624
2.839557
2.847491
2.855239
2.863028
2.871079
2.878800
2.886553
2.894523
2.902229
2.909980
2.917796
2.925556
2.933370
2.941222
2.949012
2.956790
2.964526
2.972268
2.980063
2.987799
2.995508
3.003166
3.011057
3.018679
3.026511
3.034169
3.041854
3.049419
3.057221
3.064894
3.072572
3.080281
3.087927
3.095585
3.103378
3.110958
3.118670
3.126205
3.133743
3.141410
3.149086
3.156669
3.164270
3.171940
3.179523
3.187253
3.194773
3.202386
3.209987
3.217657
3.225266
3.232730
3.240480
3.247992
3.255596
3.263158
3.270816
3.278429
3.286047
3.293490
3.301112
3.308847
3.316287
3.323951
3.331552
3.339117
3.346676
3.354301
3.361884
3.369341
3.377017
3.384483
3.392081
3.399616
3.407220
3.414710
3.422299
3.429882
3.437390
3.444973
3.452583
3.459980
3.467665
3.475042
3.482646
3.490169
3.497638
3.505125
3.512675
3.520228
3.527712
3.535275
3.542597
3.550147
3.557715
3.565157
3.572572
3.580050
3.587538
3.594953
3.602425
3.609837
3.617295
3.624767
3.632203
3.639519
3.647078
3.654368
3.661783
3.669180
3.676542
3.683897
3.691339
3.698646
3.706089
3.713369
3.720754
3.728098
3.735462
3.742889
3.750038
3.757537
3.764691
3.772077
3.779315
3.786662
3.793954
3.801178
3.808515
3.815756
3.823115
3.830308
3.837517
3.844893
3.852104
3.859334
3.866578
3.873796
3.880995
3.888249
3.895365
3.902567
3.909904
3.916969
3.924165
3.931431
3.938534
3.945716
3.952982
3.960079
3.967234
3.974538
3.981627
3.988827
3.995975
4.003099
4.010239
4.017445
4.024608
4.031733
4.038867
4.046138
4.053194
4.060402
4.067497
4.074747
4.081854
4.088910
4.096121
4.103374
4.110434
4.117570
4.124733
4.131828
4.139040
4.146185
4.153253
4.160464
4.167526
4.174687
4.181910
4.188936
4.196124
4.203233
4.210379
4.217483
4.224631
4.231681
4.238805
4.245963
4.253099
4.260215
4.267367
4.274428
4.281610
4.288651
4.295781
4.302846
4.309950
4.317018
4.324118
4.331246
4.338274
4.345369
4.352470
4.359510
4.366602
4.373592
4.380764
4.387701
4.394909
4.401986
4.408984
4.416031
4.423096
4.430107
4.437210
4.444179
4.451217
4.458258
4.465259
4.472258
4.479311
4.486393
4.493341
4.500319
4.507318
4.514227
4.521255
4.528248
4.535124
4.542135
4.549194
4.556031
4.563087
4.570004
4.577000
4.583894
4.590737
4.597670
4.604669
4.611521
4.618442
4.625485
4.632220
4.639213
4.646020
4.652980
4.659814
4.666729
4.673569
4.680445
4.687321
4.694194
4.701082
4.707907
4.714729
4.721566
4.728388
4.735276
4.742047
4.748956
4.755829
4.762684
4.769587
4.776301
4.783174
4.790050
4.796878
4.803730
4.810585
4.817446
4.824292
4.831129
4.837873
4.844716
4.851583
4.858414
4.865194
4.872055
4.878829
4.885675
4.892485
4.899304
4.906108
4.913005
4.919800
4.926550
4.933372
4.940149
4.946965
4.953793
4.960582
4.967407
4.974208
4.980961
4.987807
4.994555
5.001370
5.008145
5.014931
5.021723
5.028449
5.035316
5.042000
5.048783
5.055563
5.062295
5.069090
5.075843
5.082558
5.089254
5.096043
5.102868
5.109510
5.116365
5.123016
5.129820
5.136547
5.143246
5.149951
5.156668
5.163283
5.169998
5.176721
5.183429
5.190065
5.196753
5.203428
5.210097
5.216790
5.223405
5.229970
5.236744
5.243296
5.249932
5.256557
5.263202
5.269817
5.276391
5.282949
5.289516
5.296174
5.302726
5.309251
5.315828
5.322368
5.328908
5.335524
5.341995
5.348554
5.355100
5.361583
5.368085
5.374616
5.381148
5.387514
5.394196
5.400505
5.407063
5.413466
5.420015
5.426316
5.432887
5.439202
5.445692
5.452139
5.458530
5.464893
5.471443
5.477770
5.484095
5.490614
5.496918
5.503327
5.509703
5.516081
5.522445
5.528760
5.535130
5.541544
5.547896
5.554185
5.560599
5.566936
5.573270
5.579535
5.585871
5.592196
5.598583
5.604836
5.611119
5.617455
5.623780
5.630081
5.636430
5.642730
5.648995
5.655323
5.661693
5.667900
5.674159
5.680487
5.686781
5.693067
5.699329
5.705573
5.711823
5.718111
5.724334
5.730638
5.736927
5.743050
5.749462
5.755640
5.761899
5.768088
5.774365
5.780588
5.786868
5.793078
5.799232
5.805470
5.811723
5.817865
5.824090
5.830349
5.836509
5.842708
5.848874
5.855088
5.861322
5.867414
5.873582
5.879742
5.885929
5.892080
5.898273
5.904451
5.910530
5.916789
5.922904
5.929042
5.935122
5.941326
5.947381
5.953457
5.959644
5.965729
5.971784
5.977944
5.984059
5.990126
5.996184
6.002230
6.008351
6.014436
6.020407
6.026540
6.032568
6.038590
6.044621
6.050715
6.056702
6.062736
6.068788
6.074774
6.080850
6.086785
6.092825
6.098691
6.104815
6.110711
6.116692
6.122630
6.128700
6.134539
6.140591
6.146460
6.152458
6.158372
6.164320
6.170216
6.176160
6.182063
6.188010
6.193894
6.199790
6.205689
6.211579
6.217485
6.223303
6.229155
6.235084
6.240971
6.246849
6.252739
6.258567
6.264430
6.270227
6.276079
6.281879
0.004596
0.010393
0.016203
0.022108
0.027812
0.033730
0.039425
0.045414
0.051089
0.056973
0.062785
0.068559
0.074359
0.080234
0.085999
0.091811
0.097621
0.103406
0.109140
0.114947
0.120765
0.126568
0.132309
0.138103
0.143868
0.149689
0.155441
0.161218
0.166997
0.172786
0.178532
0.184323
0.190106
0.195861
0.201674
0.207378
0.213112
0.218892
0.224650
0.230394
0.236146
0.241893
0.247618
0.253341
0.259156
0.264815
0.270697
0.276335
0.282109
0.287837
0.293539
0.299327
0.305016
0.310727
0.316533
0.322124
0.327957
0.333581
0.339324
0.345032
0.350688
0.356456
0.362163
0.367790
0.373590
0.379256
0.384954
0.390632
0.396309
0.401987
0.407655
0.413375
0.418989
0.424706
0.430318
0.435986
0.441664
0.447251
0.452905
0.458546
0.464188
0.469830
0.475507
0.481209
0.486757
0.492444
0.498046
0.503607
0.509279
0.514833
0.520484
0.526054
0.531653
0.537298
0.542894
0.548416
0.554055
0.559639
0.565191
0.570800
0.576369
0.581945
0.587476
0.593132
0.598576
0.604101
0.609724
0.615219
0.620762
0.626314
0.631838
0.637369
0.642891
0.648436
0.653952
0.659501
0.664972
0.670484
0.676009
0.681552
0.687029
0.692490
0.698030
0.703393
0.708993
0.714383
0.719937
0.725450
0.730834
0.736269
0.741776
0.747198
0.752663
0.758161
0.763551
0.769058
0.774451
0.779888
0.785293
0.790728
0.796184
0.801622
0.807060
0.812447
0.817887
0.823337
0.828742
0.834114
0.839588
0.844945
0.850365
0.855874
0.861135
0.866540
0.871966
0.877371
0.882788
0.888268
0.893592
0.898994
0.904419
0.909815
0.915247
0.920676
0.926003
0.931375
0.936804
0.942122
0.947623
0.952998
0.958358
0.963732
0.969119
0.974488
0.979860
0.985295
0.990622
0.996030
1.001411
1.006768
1.012143
1.017554
1.022902
1.028211
1.033627
1.038969
1.044359
1.049710
1.055043
1.060442
1.065787
1.071282
1.076567
1.081912
1.087284
1.092686
1.097992
1.103319
1.108661
1.114033
1.119390
1.124699
1.130062
1.135376
1.140772
1.146069
1.151378
1.156711
1.162068
1.167368
1.172683
1.178097
1.183385
1.188685
1.194039
1.199345
1.204693
1.209972
1.215269
1.220581
1.225860
1.231250
1.236469
1.241844
1.247114
1.252373
1.257679
1.263014
1.268314
1.273570
1.278822
1.284107
1.289464
1.294689
1.299932
1.305223
1.310487
1.315784
1.321030
1.326246
1.331540
1.336759
1.342074
1.347267
1.352552
1.357735
1.363116
1.368263
1.373470
1.378710
1.383965
1.389139
1.394365
1.399596
1.404791
1.410058
1.415175
1.420400
1.425619
1.430800
1.436061
1.441172
1.446511
1.451658
1.456784
1.461989
1.467124
1.472292
1.477496
1.482631
1.487794
1.492980
1.498085
1.503250
1.508412
1.513551
1.518698
1.523860
1.528980
1.534116
1.539287
1.544416
1.549536
1.554705
1.559798
1.564915
1.570134
1.575219
1.580354
1.585483
1.590588
1.595673
1.600793
1.605958
1.611039
1.616178
1.621271
1.626400
1.631502
1.636551
1.641752
1.646779
1.651918
1.657050
1.662197
1.667236
1.672348
1.677468
1.682540
1.687663
1.692706
1.697868
1.702943
1.708025
1.713100
1.718202
1.723311
1.728410
1.733476
1.738477
1.743636
1.748690
1.753798
1.758919
1.763964
1.769006
1.774076
1.779166
1.784229
1.789284
1.794368
1.799458
1.804504
1.809633
1.814633
1.819691
1.824763
1.829853
1.834872
1.839959
1.845082
1.850044
1.855131
1.860152
1.865204
1.870285
1.875306
1.880379
1.885436
1.890455
1.895470
1.900599
1.905594
1.910612
1.915669
1.920658
1.925676
1.930758
1.935704
1.940746
1.945840
1.950783
1.955835
1.960841
1.965844
1.970842
1.975869
1.980849
1.985870
1.990849
1.995838
2.000850
2.005857
2.010803
2.015771
2.020798
2.025783
2.030784
2.035721
2.040638
2.045680
2.050573
2.055612
2.060550
2.065487
2.070401
2.075329
2.080351
2.085270
2.090193
2.095115
2.100032
2.105002
2.109868
2.114826
2.119740
2.124671
2.129549
2.134486
2.139412
2.144274
2.149224
2.154072
2.158970
2.163767
2.168722
2.173564
2.178483
2.183334
2.188125
2.193095
2.197913
2.202751
2.207677
2.212510
2.217339
2.222169
2.227115
2.231822
2.236793
2.241565
2.246362
2.251198
2.255997
2.260770
2.265585
2.270489
2.275265
2.279993
2.284790
2.289628
2.294371
2.299203
2.303979
2.308719
2.313543
2.318228
2.322980
2.327810
2.332559
2.337298
2.342047
2.346799
2.351548
2.356272
2.361000
2.365737
2.370519
2.375216
2.379989
2.384714
2.389403
2.394116
2.398924
2.403538
2.408263
2.412967
2.417605
2.422386
2.427141
2.431758
2.436504
2.441220
2.445920
2.450606
2.455280
2.459984
2.464652
2.469385
2.474068
2.478661
2.483500
2.488099
2.492740
2.497420
2.502052
2.506848
2.511432
2.516157
2.520783
2.525514
2.530133
2.534795
2.539505
2.544095
2.548781
2.553404
2.558051
2.562701
2.567359
2.571982
2.576650
2.581333
2.585923
2.590546
2.595214
2.599819
2.604499
2.609089
2.613714
2.618325
2.622975
2.627601
2.632206
2.636826
2.641419
2.646030
2.650674
2.655273
2.659833
2.664510
2.669055
2.673636
2.678277
2.682825
2.687408
2.691989
2.696621
2.701193
2.705717
2.710343
2.714873
2.719460
2.724008
2.728571
2.733131
2.737712
2.742260
2.746838
2.751371
2.755931
2.760524
2.764985
2.769569
2.774090
2.778605
2.783123
2.787716
2.792169
2.796714
2.801232
2.805756
2.810202
2.814825
2.819253
2.823846
2.828334
2.832810
2.837313
2.841795
2.846277
2.850721
2.855308
2.859745
2.864185
2.868724
2.873131
2.877610
2.882116
2.886511
2.891026
2.895461
2.899934
2.904365
2.908826
2.913248
2.917670
2.922162
2.926557
2.930964
2.935368
2.939796
2.944272
2.948704
2.953060
2.957431
2.961880
2.966326
2.970650
2.975135
2.979413
2.983880
2.988278
2.992608
2.997042
3.001386
3.005743
3.010087
3.014434
3.018799
3.023126
3.027521
3.031871
3.036221
3.040569
3.044922
3.049212
3.053566
3.057859
3.062197
3.066518
3.070805
3.075098
3.079433
3.083718
3.088011
3.092337
3.096613
3.100891
3.105221
3.109526
3.113831
3.118101
3.122406
3.126627
3.130927
3.135208
3.139403
3.143681
3.147938
3.152160
3.156441
3.160722
3.164890
3.169252
3.173423
3.177632
3.181964
3.186165
3.190452
3.194668
3.198895
3.203123
3.207335
3.211509
3.215727
3.219966
3.224224
3.228376
3.232619
3.236852
3.241035
3.245223
3.249439
3.253684
3.257861
3.262013
3.266304
3.270450
3.274647
3.278821
3.283054
3.287198
3.291407
3.295602
3.299731
3.303919
3.308122
3.312260
3.316425
3.320637
3.324744
3.328957
3.333068
3.337277
3.341376
3.345552
3.349705
3.353836
3.357959
3.362126
3.366258
3.370357
3.374548
3.378644
3.382766
3.386808
3.391044
3.395083
3.399194
3.403274
3.407382
3.411462
3.415612
3.419660
3.423740
3.427806
3.431875
3.435982
3.440021
3.444110
3.448158
3.452260
3.456271
3.460301
3.464364
3.468400
3.472429
3.476462
3.480462
3.484518
3.488521
3.492563
3.496589
3.500631
3.504583
3.508574
3.512609
3.516570
3.520579
3.524546
3.528551
3.532500
3.536506
3.540434
3.544490
3.548415
3.552322
3.556334
3.560225
3.564231
3.568159
3.572135
3.576030
3.579943
3.583885
3.587804
3.591684
3.595648
3.599534
3.603417
3.607315
3.611192
3.615125
3.619020
3.622879
3.626762
3.630660
3.634519
3.638369
3.642279
3.646051
3.649904
3.653784
3.657606
3.661462
3.665252
3.669102
3.672871
3.676721
3.680505
3.684277
3.688100
3.691887
3.695743
3.699443
3.703236
3.707029
3.710801
3.714552
3.718295
3.722159
3.725854
3.729638
3.733386
3.737053
3.740786
3.744561
3.748252
3.751958
3.755664
3.759350
3.763053
3.766765
3.770426
3.774081
3.777811
3.781427
3.785146
3.788810
3.792435
3.796144
3.799790
3.803406
3.807035
3.810648
3.814276
3.817946
3.821542
3.825179
3.828789
3.832408
3.836036
3.839650
3.843272
3.846867
3.850487
3.854037
3.857617
3.861218
3.864889
3.868328
3.871902
3.875483
3.879042
3.882601
3.886232
3.889675
3.893270
3.896815
3.900293
3.903864
3.907448
3.910965
3.914518
3.918018
3.921520
3.925055
3.928567
3.932102
3.935565
3.939107
3.942579
3.946088
3.949605
3.953072
3.956562
3.960061
3.963537
3.967003
3.970509
3.974002
3.977468
3.980941
3.984371
3.987847
3.991292
3.994756
3.998162
4.001623
4.005095
4.008451
4.011941
4.015326
4.018721
4.022254
4.025609
4.029097
4.032509
4.035933
4.039355
4.042785
4.046180
4.049574
4.052960
4.056334
4.059734
4.063140
4.066508
4.069858
4.073249
4.076641
4.079990
4.083376
4.086705
4.090051
4.093395
4.096720
4.100082
4.103449
4.106742
4.110062
4.113423
4.116737
4.120012
4.123349
4.126681
4.130010
4.133353
4.136610
4.139926
4.143240
4.146530
4.149817
4.153157
4.156414
4.159649
4.162933
4.166193
4.169537
4.172787
4.176065
4.179334
4.182626
4.185856
4.189116
4.192390
4.195647
4.198907
4.202173
4.205400
4.208656
4.211889
4.215125
4.218408
4.221581
4.224856
4.228041
4.231282
4.234446
4.237670
4.240909
4.244141
4.247377
4.250547
4.253738
4.256938
4.260137
4.263328
4.266537
4.269710
4.272889
4.276028
4.279264
4.282401
4.285589
4.288768
4.291932
4.295092
4.298244
4.301402
4.304584
4.307727
4.310882
4.314009
4.317110
4.320220
4.323324
4.326452
4.329589
4.332684
4.335848
4.338966
4.342017
4.345135
4.348260
4.351331
4.354471
4.357542
4.360634
4.363711
4.366788
4.369817
4.372915
4.375971
4.379033
4.382116
4.385145
4.388159
4.391212
4.394217
4.397285
4.400344
4.403403
4.406372
4.409350
4.412397
4.415357
4.418443
4.421358
4.424402
4.427359
4.430295
4.433331
4.436234
4.439215
4.442181
4.445123
4.448071
4.451034
4.453976
4.456951
4.459923
4.462785
4.465700
4.468666
4.471569
4.474475
4.477417
4.480299
4.483170
4.486070
4.488979
4.491888
4.494782
4.497626
4.500547
4.503399
4.506269
4.509104
4.512034
4.514895
4.517702
4.520564
4.523377
4.526187
4.529033
4.531870
4.534687
4.537470
4.540275
4.543079
4.545898
4.548697
4.551471
4.554242
4.557014
4.559791
4.562595
4.565363
4.568132
4.570918
4.573585
4.576389
4.579094
4.581860
4.584601
4.587367
4.590075
4.592795
4.595540
4.598251
4.600972
4.603701
4.606412
4.609091
4.611799
4.614460
4.617138
4.619853
4.622537
4.625285
4.627921
4.630573
4.633218
4.635915
4.638530
4.641218
4.643896
4.646506
4.649145
4.651785
4.654377
4.657013
4.659652
4.662244
4.664833
4.667442
4.670016
4.672628
4.675250
4.677842
4.680448
4.683001
4.685595
4.688085
4.690701
4.693220
4.695821
4.698364
4.700905
4.703443
4.705945
4.708476
4.710996
4.713531
4.716056
4.718585
4.721093
4.723585
4.726084
4.728601
4.731091
4.733589
4.736097
4.738565
4.741076
4.743506
4.745996
4.748456
4.750939
4.753399
4.755871
4.758337
4.760757
4.763211
4.765674
4.768116
4.770555
4.773026
4.775459
4.777880
4.780315
4.782694
4.785145
4.787539
4.789963
4.792354
4.794781
4.797165
4.799550
4.801965
4.804359
4.806741
4.809141
4.811508
4.813901
4.816271
4.818638
4.820996
4.823345
4.825715
4.828037
4.830428
4.832720
4.835069
4.837420
4.839760
4.842088
4.844461
4.846753
4.849081
4.851394
4.853695
4.856026
4.858354
4.860598
4.862974
4.865233
4.867507
4.869784
4.872067
4.874338
4.876603
4.878859
4.881109
4.883386
4.885672
4.887898
4.890136
4.892380
4.894612
4.896841
4.899094
4.901284
4.903499
4.905727
4.907948
4.910161
4.912382
4.914551
4.916735
4.918952
4.921166
4.923332
4.925529
4.927665
4.929846
4.932048
4.934172
4.936317
4.938474
4.940614
4.942750
4.944889
4.946998
4.949107
4.951229
4.953359
4.955480
4.957574
4.959683
4.961736
4.963899
4.965951
4.968033
4.970122
4.972174
4.974236
4.976308
4.978364
4.980464
4.982534
4.984560
4.986621
4.988688
4.990720
4.992802
4.994803
4.996840
4.998863
5.000900
5.002920
5.004918
5.006907
5.008885
5.010877
5.012848
5.014808
5.016827
5.018793
5.020749
5.022732
5.024713
5.026654
5.028608
5.030549
5.032475
5.034432
5.036379
5.038306
5.040236
5.042159
5.044049
5.045958
5.047884
5.049799
5.051713
5.053613
5.055503
5.057400
5.059309
5.061184
5.063068
5.064923
5.066790
5.068641
5.070526
5.072383
5.074232
5.076077
5.077923
5.079751
5.081605
5.083442
5.085257
5.087079
5.088888
5.090677
5.092511
5.094329
5.096157
5.097970
5.099737
5.101499
5.103287
5.105058
5.106850
5.108635
5.110385
5.112144
5.113926
5.115691
5.117474
5.119229
5.120976
5.122744
5.124461
5.126177
5.127900
5.129638
5.131366
5.133086
5.134791
5.136487
5.138200
5.139920
5.141625
5.143342
5.145029
5.146709
5.148405
5.150089
5.151772
5.153420
5.155083
5.156695
5.158364
5.160021
5.161663
5.163325
5.164979
5.166636
5.168257
5.169902
5.171504
5.173152
5.174782
5.176394
5.177988
5.179576
5.181164
5.182755
5.184334
5.185901
5.187483
5.189067
5.190659
5.192231
5.193783
5.195332
5.196914
5.198457
5.200012
5.201519
5.203050
5.204539
5.206079
5.207583
5.209099
5.210633
5.212146
5.213653
5.215127
5.216613
5.218096
5.219597
5.221056
5.222516
5.223984
5.225437
5.226884
5.228331
5.229754
5.231192
5.232600
5.234024
5.235458
5.236882
5.238314
5.239689
5.241121
5.242496
5.243877
5.245255
5.246649
5.248036
5.249408
5.250741
5.252096
5.253462
5.254825
5.256158
5.257513
5.258828
5.260158
5.261476
5.262794
5.264107
5.265419
5.266728
5.268038
5.269314
5.270581
5.271840
5.273116
5.274392
5.275671
5.276939
5.278164
5.279417
5.280669
5.281909
5.283144
5.284393
5.285618
5.286859
5.288066
5.289262
5.290475
5.291674
5.292854
5.294065
5.295230
5.296413
5.297522
5.298693
5.299841
5.300994
5.302145
5.303268
5.304437
5.305587
5.306711
5.307828
5.308979
5.310105
5.311202
5.312307
5.313368
5.314486
5.315561
5.316616
5.317664
5.318725
5.319756
5.320795
5.321862
5.322880
5.323929
5.324969
5.326014
5.327057
5.328112
5.329133
5.330137
5.331197
5.332207
5.333211
5.334211
5.335185
5.336162
5.337106
5.338052
5.338996
5.339931
5.340863
5.341764
5.342693
5.343604
5.344536
5.345447
5.346340
5.347268
5.348161
5.349054
5.349983
5.350893
5.351801
5.352727
5.353626
5.354510
5.355388
5.356241
5.357071
5.357904
5.358767
5.359573
5.360394
5.361200
5.362009
5.362809
5.363582
5.364361
5.365137
5.365921
5.366701
5.367476
5.368247
5.369035
5.369804
5.370593
5.371372
5.372139
5.372906
5.373661
5.374440
5.375218
5.375961
5.376726
5.377466
5.378200
5.378916
5.379629
5.380306
5.380983
5.381654
5.382325
5.382981
5.383656
5.384312
5.384964
5.385606
5.386238
5.386873
5.387493
5.388128
5.388763
5.389390
5.390010
5.390618
5.391232
5.391831
5.392434
5.393018
5.393587
5.394168
5.394756
5.395334
5.395927
5.396535
5.397123
5.397698
5.398255
5.398824
5.399388
5.399981
5.400577
5.401144
5.401691
5.402234
5.402752
5.403286
5.403789
5.404292
5.404799
5.405287
5.405754
5.406201
5.406662
5.407133
5.407597
5.408055
5.408517
5.408948
5.409377
5.409826
5.410275
5.410728
5.411180
5.411623
5.412046
5.412462
5.412864
5.413253
5.413652
5.414038
5.414425
5.414782
5.415141
5.415504
5.415857
5.416211
5.416558
5.416891
5.417232
5.417571
5.417921
5.418257
5.418611
5.418958
5.419314
5.419659
5.420012
5.420372
5.420738
5.421100
5.421469
5.421822
5.422184
5.422547
5.422910
5.423260
5.423587
5.423895
5.424207
5.424531
5.424827
5.425097
5.425366
5.425621
5.425855
5.426085
5.426310
5.426523
5.426727
5.426924
5.427128
5.427323
5.427515
5.427697
5.427877
5.428063
5.428231
5.428378
5.428524
5.428680
5.428821
5.428950
5.429076
5.429202
5.429321
5.429429
5.429534
5.429633
5.429741
5.429842
5.429938
5.430019
5.430106
5.430187
5.430277
5.430355
5.430433
5.430496
5.430559
5.430631
5.430699
5.430768
5.430840
5.430921
5.430993
5.431062
5.431116
5.431161
5.431212
5.431269
5.431320
5.431355
5.431388
5.431421
5.431451
5.431479
5.431502
5.431511
5.431518
5.431532
5.431544
5.431551
5.431556
5.431565
5.431568
5.431568
5.431568
5.431568
5.431568
5.431568
5.431568
5.431568
5.431568
5.431568
5.431568
5.431568
5.431568
5.431568
5.431568
5.431568
5.431568
5.431568
5.431568
5.431568
5.431568
5.431568
5.431568
5.431568
5.431568
5.431568
5.431568
5.431568
5.431568
5.431568
5.431568
5.431568
5.431568
5.431568
5.431568
5.431568
5.431568
5.431568
5.431568
5.431568
5.431568
5.431568
5.431568
5.431568
5.431568
5.431568
5.431568
5.431568
5.431568
5.431568
5.431568
5.431568
5.431568
5.431568
5.431568
5.431568
5.431568
5.431568
5.431568
5.431568
5.431568
5.431568
5.431568
5.431568
5.431568
5.431568
5.431568
5.431568
5.431568
5.431568
5.431568
5.431568
5.431568
5.431568
5.431568
5.431568
5.431568
5.431568
5.431568
5.431568
5.431568
5.431568
5.431568
5.431568
5.431568
5.431568
5.431568
5.431568
5.431568
5.431568
5.431568
5.431568
5.431568
5.431568
5.431568
5.431568
5.431568
5.431568
5.431568
5.431568