5.431568
5.431568
5.431568
5.431568
5.431568
5.431568
5.431568
5.431568
5.431568
5.431733
5.432006
5.432377
5.432806
5.433318
5.433941
5.434672
5.435508
5.436455
5.437521
5.438693
5.439972
5.441369
5.442870
5.444445
5.446144
5.447981
5.449892
5.451921
5.454051
5.456298
5.458673
5.461089
5.463656
5.466394
5.469169
5.472096
5.475128
5.478235
5.481468
5.484877
5.488275
5.491873
5.495600
5.499408
5.503306
5.507399
5.511500
5.515790
5.520156
5.524611
5.529210
5.533974
5.538713
5.543639
5.548630
5.553702
5.558976
5.564281
5.569737
5.575391
5.580982
5.586752
5.592678
5.598751
5.604767
5.610999
5.617381
5.623825
5.630387
5.637086
5.643950
5.650838
5.657866
5.664928
5.672208
5.679561
5.686934
5.694481
5.702196
5.710013
5.717898
5.725928
5.734059
5.742280
5.750726
5.759073
5.767750
5.776465
5.785268
5.794286
5.803319
5.812448
5.821730
5.831038
5.840515
5.850093
5.859864
5.869697
5.879721
5.889785
5.899837
5.910290
5.920650
5.931160
5.941710
5.952448
5.963257
5.974109
5.985305
5.996232
6.007437
6.018523
6.029839
6.040646
6.052073
6.063194
6.074498
6.085577
6.096783
6.108054
6.119262
6.130452
6.141691
6.152935
6.163960
6.175124
6.186332
6.197381
6.208436
6.219690
6.230640
6.241849
6.252910
6.263936
6.274907
0.002921
0.013977
0.025173
0.036093
0.047107
0.058210
0.069215
0.080139
0.091434
0.102354
0.113407
0.124369
0.135572
0.146498
0.157494
0.168597
0.179656
0.190711
0.201733
0.212672
0.223671
0.234822
0.245629
0.256789
0.267692
0.278900
0.289755
0.300849
0.311803
0.322786
0.333848
0.344765
0.355758
0.366768
0.377719
0.388693
0.399725
0.410583
0.421590
0.432496
0.443410
0.454400
0.465329
0.476163
0.487165
0.498040
0.508886
0.519840
0.530736
0.541453
0.552362
0.563202
0.574062
0.584818
0.595796
0.606480
0.617265
0.628132
0.638885
0.649629
0.660484
0.671248
0.681890
0.692724
0.703414
0.714146
0.724836
0.735550
0.746330
0.757032
0.767763
0.778501
0.789212
0.799716
0.810577
0.821354
0.831930
0.842626
0.853352
0.863907
0.874699
0.885541
0.896093
0.906714
0.917566
0.928277
0.938964
0.949738
0.960356
0.971127
0.981835
0.992560
1.003208
1.014048
1.024723
1.035404
1.046232
1.057015
1.067618
1.078427
1.089141
1.099825
1.110530
1.121559
1.132123
1.142834
1.153530
1.164345
1.175038
1.185692
1.196508
1.207192
1.218002
1.228707
1.239504
1.250119
1.260917
1.271646
1.282372
1.293080
1.303755
1.314466
1.325177
1.335840
1.346515
1.357285
1.367903
1.378581
1.389214
1.399859
1.410672
1.421161
1.431935
1.442502
1.453219
1.463810
1.474509
1.485121
1.495730
1.506396
1.517008
1.527581
1.538175
1.548886
1.559339
1.569981
1.580516
1.591172
1.601758
1.612463
1.623122
1.633564
1.644299
1.654821
1.665595
1.676198
1.686705
1.697452
1.708091
1.718810
1.729363
1.740091
1.750679
1.761447
1.772068
1.782824
1.793445
1.804099
1.814765
1.825470
1.836130
1.846871
1.857477
1.868362
1.878923
1.889490
1.900231
1.910861
1.921569
1.932289
1.942945
1.953629
1.964322
1.975036
1.985558
1.996437
2.007016
2.017706
2.028294
2.039089
2.049629
2.060424
2.070901
2.081564
2.092230
2.102872
2.113499
2.124096
2.134624
2.145350
2.155830
2.166505
2.176952
2.187657
2.198132
2.208684
2.219257
2.229698
2.240226
2.250706
2.261157
2.271676
2.282195
2.292681
2.303092
2.313720
2.324092
2.334560
2.345004
2.355376
2.365806
2.376367
2.386703
2.397085
2.407604
2.417862
2.428355
2.438790
2.449078
2.459522
2.470159
2.480480
2.490912
2.501389
2.511702
2.522212
2.532566
2.542945
2.553365
2.563821
2.574176
2.584683
2.595034
2.605451
2.615755
2.626235
2.636649
2.647099
2.657649
2.667784
2.678366
2.688802
2.699159
2.709534
2.719922
2.730237
2.740643
2.751066
2.761381
2.771780
2.782291
2.792441
2.802745
2.813153
2.823528
2.833892
2.844246
2.854553
2.864826
2.875117
2.885460
2.895775
2.906139
2.916172
2.926560
2.936743
2.946954
2.957167
2.967510
2.977603
2.987844
2.998100
3.008286
3.018503
3.028650
3.038870
3.049009
3.059183
3.069283
3.079418
3.089464
3.099684
3.109586
3.119964
3.129836
3.140101
3.150048
3.160018
3.170235
3.180260
3.190222
3.200471
3.210514
3.220524
3.230567
3.240810
3.250718
3.260755
3.270905
3.280852
3.290832
3.301109
3.311085
3.321071
3.331207
3.341256
3.351236
3.361371
3.371345
3.381406
3.391413
3.401569
3.411537
3.421688
3.431659
3.441786
3.451777
3.461757
3.471722
3.481789
3.491766
3.501812
3.511833
3.521888
3.531808
3.541938
3.551714
3.561772
3.571766
3.581839
3.591687
3.601649
3.611536
3.621456
3.631418
3.641329
3.651351
3.661133
3.671128
3.680916
3.690941
3.700624
3.710670
3.720443
3.730378
3.740232
3.750170
3.759865
3.769758
3.779540
3.789304
3.799128
3.808967
3.818555
3.828561
3.838191
3.847985
3.857674
3.867483
3.877199
3.886957
3.896677
3.906330
3.916049
3.925750
3.935470
3.945213
3.954938
3.964552
3.974409
3.984060
3.993626
4.003486
4.013185
4.022694
4.032491
4.042318
4.051965
4.061711
4.071392
4.081075
4.090725
4.100534
4.110292
4.119820
4.129773
4.139258
4.149062
4.158876
4.168491
4.178300
4.188076
4.197511
4.207464
4.217081
4.226875
4.236433
4.246382
4.255871
4.265749
4.275501
4.285161
4.294916
4.304709
4.314354
4.324046
4.333807
4.343547
4.353234
4.363013
4.372621
4.382427
4.392075
4.401671
4.411375
4.421205
4.430721
4.440530
4.450114
4.459825
4.469367
4.479236
4.488835
4.498444
4.508184
4.517660
4.527529
4.537045
4.546525
4.556301
4.565861
4.575379
4.585104
4.594644
4.604240
4.613861
4.623427
4.632987
4.642641
4.652192
4.661693
4.671370
4.680715
4.690272
4.699841
4.709333
4.719019
4.728568
4.738002
4.747524
4.757150
4.766612
4.776220
4.785727
4.795263
4.804730
4.814518
4.823932
4.833570
4.843071
4.852695
4.862257
4.871854
4.881423
4.890891
4.900455
4.910105
4.919539
4.929121
4.938819
4.948233
4.957871
4.967431
4.977027
4.986723
4.996181
5.005757
5.015446
5.024868
5.034429
5.044065
5.053571
5.063131
5.072680
5.082285
5.091815
5.101382
5.110858
5.120434
5.129991
5.139575
5.148926
5.158786
5.168044
5.177566
5.187111
5.196627
5.206055
5.215633
5.225086
5.234506
5.244075
5.253345
5.262851
5.272340
5.281751
5.291173
5.300659
5.310039
5.319417
5.328839
5.338190
5.347550
5.356952
5.366260
5.375533
5.384997
5.394277
5.403513
5.412867
5.422349
5.431509
5.440895
5.450102
5.459414
5.468603
5.477833
5.487220
5.496349
5.505748
5.514775
5.524110
5.533455
5.542515
5.551833
5.560959
5.570175
5.579346
5.588529
5.597894
5.607050
5.616158
5.625434
5.634665
5.643743
5.652941
5.662256
5.671442
5.680576
5.689864
5.698984
5.708137
5.717446
5.726479
5.735872
5.744815
5.754088
5.763262
5.772480
5.781547
5.790718
5.799984
5.809030
5.818176
5.827359
5.836530
5.845593
5.854875
5.863962
5.873049
5.882052
5.891331
5.900361
5.909538
5.918550
5.927613
5.936805
5.945787
5.954842
5.963988
5.972977
5.982031
5.991175
6.000121
6.009283
6.018298
6.027217
6.036313
6.045271
6.054256
6.063236
6.072320
6.081179
6.090209
6.099204
6.108090
6.117033
6.126006
6.134895
6.143707
6.152677
6.161507
6.170510
6.179387
6.188291
6.197100
6.205947
6.214782
6.223678
6.232651
6.241414
6.250133
6.259175
6.267807
6.276552
0.002214
0.010987
0.019780
0.028591
0.037355
0.046205
0.055029
0.063819
0.072726
0.081409
0.090148
0.098966
0.107738
0.116499
0.125232
0.134077
0.142783
0.151526
0.160358
0.169088
0.177951
0.186711
0.195460
0.204160
0.213032
0.221789
0.230454
0.239322
0.247972
0.256765
0.265543
0.274283
0.283016
0.291777
0.300445
0.309400
0.318052
0.326750
0.335489
0.344307
0.352879
0.361816
0.370477
0.379130
0.387860
0.396669
0.405297
0.413992
0.422794
0.431489
0.440154
0.448785
0.457534
0.466129
0.474893
0.483501
0.492207
0.500818
0.509470
0.518120
0.526824
0.535416
0.544057
0.552751
0.561284
0.569916
0.578556
0.587110
0.595742
0.604364
0.612810
0.621487
0.629996
0.638663
0.647187
0.655786
0.664280
0.672821
0.681390
0.689920
0.698438
0.706937
0.715506
0.723997
0.732518
0.741012
0.749493
0.758029
0.766496
0.775077
0.783454
0.792058
0.800450
0.809007
0.817414
0.825941
0.834390
0.842839
0.851305
0.859898
0.868323
0.876829
0.885329
0.893793
0.902232
0.910783
0.919352
0.927660
0.936250
0.944692
0.953204
0.961716
0.970159
0.978740
0.987225
0.995652
1.004134
1.012661
1.021119
1.029634
1.038148
1.046612
1.055154
1.063546
1.072082
1.080671
1.089186
1.097626
1.106168
1.114716
1.123186
1.131613
1.140170
1.148622
1.157056
1.165562
1.174139
1.182627
1.191046
1.199537
1.208094
1.216567
1.224929
1.233674
1.241958
1.250551
1.258988
1.267476
1.275972
1.284421
1.292885
1.301340
1.309789
1.318241
1.326708
1.335109
1.343620
1.351943
1.360491
1.368832
1.377284
1.385745
1.394101
1.402595
1.410966
1.419412
1.427860
1.436216
1.444546
1.452991
1.461398
1.469760
1.478134
1.486508
1.494861
1.503163
1.511786
1.520040
1.528447
1.536737
1.545144
1.553359
1.561901
1.570200
1.578424
1.586753
1.595202
1.603483
1.611896
1.620264
1.628494
1.636919
1.645260
1.653769
1.662053
1.670307
1.678807
1.687052
1.695450
1.703743
1.712219
1.720539
1.728865
1.737380
1.745712
1.754029
1.762427
1.770852
1.779175
1.787660
1.796085
1.804450
1.812887
1.821075
1.829536
1.837904
1.846329
1.854712
1.863098
1.871454
1.879890
1.888285
1.896641
1.905000
1.913437
1.921772
1.930161
1.938643
1.946861
1.955316
1.963714
1.972112
1.980351
1.988680
1.997048
2.005488
2.013862
2.022122
2.030466
2.038924
2.047178
2.055540
2.063953
2.072252
2.080536
2.088907
2.097158
2.105500
2.113847
2.122137
2.130370
2.138741
2.146950
2.155351
2.163536
2.171838
2.180032
2.188415
2.196609
2.204870
2.213148
2.221279
2.229569
2.237689
2.245850
2.254251
2.262310
2.270537
2.278734
2.286953
2.295090
2.303266
2.311529
2.319613
2.327825
2.335935
2.344051
2.352186
2.360356
2.368469
2.376619
2.384762
2.392845
2.400964
2.409111
2.417248
2.425391
2.433430
2.441615
2.449680
2.457869
2.465895
2.474089
2.482212
2.490286
2.498366
2.506516
2.514695
2.522673
2.530820
2.538954
2.547037
2.555121
2.563270
2.571275
2.579532
2.587499
2.595639
2.603723
2.611812
2.619883
2.628081
2.636056
2.644208
2.652199
2.660378
2.668372
2.676482
2.684481
2.692667
2.700657
2.708714
2.716743
2.724841
2.732937
2.740984
2.748945
2.757067
2.765069
2.773213
2.781149
2.789206
2.797199
2.805192
2.813204
2.821314
2.829338
2.837124
2.845292
2.853171
2.861189
2.869182
2.877143
2.885130
2.893088
2.901063
2.908958
2.916996
2.924846
2.932747
2.940683
2.948515
2.956562
2.964475
2.972324
2.980231
2.988171
2.995936
3.003858
3.011795
3.019605
3.027464
3.035316
3.043196
3.051001
3.058806
3.066530
3.074358
3.082438
3.089971
3.097937
3.105724
3.113421
3.121228
3.129066
3.136805
3.144571
3.152406
3.160063
3.167907
3.175721
3.183286
3.191180
3.198886
3.206589
3.214349
3.222112
3.229841
3.237610
3.245403
3.253067
3.260872
3.268709
3.276235
3.284046
3.291884
3.299530
3.307260
3.314960
3.322764
3.330392
3.338281
3.345876
3.353657
3.361377
3.369116
3.376738
3.384555
3.392243
3.399907
3.407648
3.415327
3.423012
3.430739
3.438376
3.446121
3.453794
3.461455
3.469115
3.476848
3.484500
3.492155
3.499852
3.507486
3.515126
3.522832
3.530433
3.538085
3.545913
3.553371
3.560963
3.568666
3.576320
3.583939
3.591501
3.599129
3.606658
3.614418
3.621809
3.629447
3.637098
3.644594
3.652231
3.659749
3.667317
3.674888
3.682429
3.689868
3.697430
3.704923
3.712416
3.719954
3.727507
3.734884
3.742425
3.749867
3.757363
3.764850
3.772218
3.779687
3.787216
3.794553
3.801953
3.809464
3.816937
3.824271
3.831773
3.839140
3.846460
3.853944
3.861260
3.868654
3.876052
3.883359
3.890765
3.898142
3.905488
3.912813
3.920199
3.927524
3.934886
3.942304
3.949584
3.956856
3.964247
3.971572
3.978811
3.986160
3.993437
4.000841
4.008178
4.015476
4.022789
4.030082
4.037389
4.044694
4.052046
4.059288
4.066619
4.073932
4.081234
4.088523
4.095819
4.103081
4.110362
4.117723
4.124973
4.132275
4.139594
4.146922
4.154179
4.161552
4.168871
4.176011
4.183486
4.190602
4.198014
4.205225
4.212503
4.219790
4.227130
4.234374
4.241709
4.249028
4.256167
4.263622
4.270758
4.278183
4.285355
4.292710
4.299940
4.307178
4.314477
4.321751
4.328921
4.336219
4.343451
4.350681
4.357974
4.365140
4.372385
4.379671
4.386889
4.394067
4.401281
4.408523
4.415750
4.422970
4.430145
4.437303
4.444523
4.451714
4.458872
4.466059
4.473271
4.480461
4.487631
4.494815
4.501937
4.509133
4.516321
4.523520
4.530603
4.537704
4.544868
4.552061
4.559084
4.566169
4.573402
4.580497
4.587576
4.594680
4.601780
4.608866
4.615937
4.623041
4.630003
4.637260
4.644199
4.651302
4.658382
4.665327
4.672482
4.679489
4.686491
4.693511
4.700575
4.707559
4.714534
4.721650
4.728621
4.735665
4.742697
4.749681
4.756677
4.763705
4.770731
4.777757
4.784756
4.791739
4.798795
4.805773
4.812808
4.819795
4.826818
4.833789
4.840818
4.847823
4.854836
4.861805
4.868858
4.875830
4.882834
4.889839
4.896814
4.903849
4.910890
4.917775
4.924782
4.931790
4.938756
4.945734
4.952735
4.959669
4.966661
4.973672
4.980611
4.987568
4.994666
5.001586
5.008492
5.015491
5.022391
5.029378
5.036395
5.043264
5.050227
5.057166
5.064060
5.071035
5.077980
5.084909
5.091827
5.098787
5.105654
5.112602
5.119583
5.126462
5.133320
5.140265
5.147201
5.154065
5.160866
5.167906
5.174684
5.181571
5.188441
5.195282
5.202193
5.209006
5.215843
5.222752
5.229565
5.236372
5.243251
5.249980
5.256799
5.263624
5.270399
5.277191
5.284004
5.290741
5.297516
5.304278
5.311019
5.317736
5.324501
5.331230
5.337972
5.344659
5.351328
5.358114
5.364825
5.371452
5.378116
5.384827
5.391505
5.398102
5.404826
5.411423
5.418161
5.424827
5.431406
5.437998
5.444682
5.451190
5.457870
5.464546
5.471089
5.477651
5.484251
5.490830
5.497410
5.504001
5.510518
5.517091
5.523676
5.530220
5.536778
5.543369
5.549889
5.556468
5.563077
5.569510
5.576053
5.582549
5.589068
5.595561
5.602104
5.608605
5.615125
5.621659
5.628121
5.634641
5.641145
5.647689
5.654187
5.660689
5.667163
5.673629
5.680154
5.686539
5.693007
5.699481
5.705872
5.712398
5.718866
5.725311
5.731752
5.738277
5.744695
5.751143
5.757566
5.763969
5.770344
5.776909
5.783288
5.789735
5.796155
5.802492
5.808972
5.815426
5.821826
5.828150
5.834655
5.840971
5.847439
5.853799
5.860178
5.866605
5.872968
5.879329
5.885681
5.892035
5.898387
5.904720
5.911147
5.917543
5.923811
5.930166
5.936551
5.942830
5.949185
5.955456
5.961727
5.968129
5.974388
5.980763
5.987034
5.993302
5.999576
6.005906
6.012126
6.018370
6.024719
6.030921
6.037197
6.043402
6.049628
6.055886
6.062098
6.068338
6.074561
6.080760
6.086953
6.093175
6.099425
6.105606
6.111808
6.117926
6.124094
6.130300
6.136429
6.142637
6.148773
6.154843
6.161024
6.167154
6.173269
6.179414
6.185571
6.191659
6.197822
6.203901
6.210040
6.216176
6.222246
6.228417
6.234380
6.240530
6.246522
6.252656
6.258638
6.264678
6.270730
6.276866
6.282853
0.005779
0.011777
0.017949
0.023909
0.029976
0.035950
0.041996
0.048051
0.054070
0.060080
0.066117
0.072124
0.078128
0.084153
0.090157
0.096146
0.102178
0.108209
0.114177
0.120250
0.126215
0.132171
0.138181
0.144227
0.150303
0.156154
0.162248
0.168139
0.174167
0.180093
0.186088
0.192257
0.198123
0.204145
0.210086
0.216034
0.222017
0.228057
0.233890
0.239993
0.245883
0.251932
0.257832
0.263782
0.269768
0.275733
0.281623
0.287621
0.293545
0.299537
0.305529
0.311377
0.317318
0.323292
0.329180
0.335115
0.341074
0.346961
0.352885
0.358844
0.364722
0.370660
0.376613
0.382527
0.388478
0.394359
0.400204
0.406160
0.411997
0.417902
0.423843
0.429676
0.435501
0.441502
0.447323
0.453180
0.459110
0.464841
0.470776
0.476643
0.482476
0.488390
0.494295
0.500000
0.505941
0.511720
0.517599
0.523357
0.529208
0.535045
0.540836
0.546669
0.552515
0.558249
0.564091
0.569838
0.575581
0.581460
0.587224
0.593042
0.598840
0.604553
0.610315
0.616160
0.621849
0.627659
0.633330
0.639158
0.644922
0.650654
0.656343
0.662113
0.667917
0.673549
0.679353
0.685036
0.690762
0.696517
0.702204
0.707977
0.713607
0.719335
0.725040
0.730675
0.736419
0.742072
0.747753
0.753481
0.759105
0.764779
0.770454
0.776113
0.781779
0.787474
0.793116
0.798782
0.804480
0.810074
0.815742
0.821390
0.827025
0.832640
0.838276
0.843929
0.849562
0.855224
0.860791
0.866450
0.872119
0.877758
0.883342
0.889008
0.894595
0.900249
0.905867
0.911505
0.917078
0.922725
0.928307
0.933934
0.939602
0.945175
0.950792
0.956446
0.962046
0.967675
0.973341
0.978907
0.984552
0.990137
0.995799
1.001279
1.006998
1.012535
1.018192
1.023782
1.029373
1.034958
1.040626
1.046154
1.051790
1.057371
1.062956
1.068540
1.074122
1.079695
1.085378
1.090936
1.096542
1.102117
1.107717
1.113218
1.118847
1.124408
1.130005
1.135559
1.141132
1.146705
1.152256
1.157967
1.163405
1.168974
1.174511
1.180087
1.185647
1.191217
1.196721
1.202305
1.207896
1.213418
1.218919
1.224488
1.229950
1.235490
1.241089
1.246560
1.252058
1.257663
1.263200
1.268680
1.274262
1.279706
1.285302
1.290701
1.296316
1.301786
1.307257
1.312743
1.318241
1.323771
1.329212
1.334716
1.340208
1.345715
1.351239
1.356749
1.362130
1.367619
1.373096
1.378518
1.383944
1.389544
1.394877
1.400417
1.405839
1.411259
1.416703
1.422150
1.427591
1.433032
1.438550
1.443928
1.449294
1.454774
1.460176
1.465566
1.470983
1.476400
1.481792
1.487191
1.492557
1.497974
1.503337
1.508739
1.514183
1.519588
1.524924
1.530290
1.535733
1.540986
1.546369
1.551807
1.557128
1.562467
1.567932
1.573166
1.578577
1.583901
1.589336
1.594579
1.600065
1.605323
1.610701
1.616109
1.621436
1.626736
1.632144
1.637465
1.642789
1.648118
1.653484
1.658844
1.664180
1.669516
1.674900
1.680251
1.685530
1.690929
1.696211
1.701571
1.706922
1.712228
1.717588
1.722927
1.728227
1.733560
1.738884
1.744214
1.749577
1.754901
1.760273
1.765456
1.770855
1.776122
1.781446
1.786803
1.792154
1.797430
1.802769
1.808060
1.813363
1.818702
1.823972
1.829284
1.834566
1.839836
1.845211
1.850451
1.855865
1.861066
1.866396
1.871669
1.877047
1.882263
1.887608
1.892887
1.898130
1.903383
1.908662
1.913968
1.919199
1.924511
1.929766
1.935102
1.940300
1.945573
1.950783
1.956122
1.961398
1.966641
1.971872
1.977134
1.982395
1.987575
1.992824
1.998160
2.003334
2.008571
2.013832
2.019030
2.024273
2.029472
2.034661
2.040012
2.045171
2.050402
2.055582
2.060762
2.065984
2.071198
2.076318
2.081564
2.086804
2.091912
2.097095
2.102273
2.107420
2.112627
2.117786
2.122967
2.128060
2.133300
2.138405
2.143543
2.148697
2.153814
2.159000
2.164117
2.169247
2.174358
2.179466
2.184544
2.189698
2.194794
2.199893
2.204966
2.210086
2.215158
2.220275
2.225384
2.230450
2.235519
2.240664
2.245748
2.250715
2.255898
2.260872
2.265902
2.270969
2.276044
2.281065
2.286150
2.291138
2.296232
2.301259
2.306262
2.311305
2.316338
2.321329
2.326408
2.331357
2.336370
2.341361
2.346403
2.351350
2.356356
2.361405
2.366327
2.371370
2.376286
2.381343
2.386236
2.391314
2.396231
2.401228
2.406193
2.411127
2.416092
2.421137
2.426033
2.430976
2.435982
2.440947
2.445854
2.450933
2.455781
2.460724
2.465715
2.470623
2.475560
2.480507
2.485450
2.490424
2.495295
2.500290
2.505170
2.510177
2.515024
2.519914
2.524944
2.529795
2.534708
2.539715
2.544599
2.549488
2.554429
2.559318
2.564250
2.569166
2.574128
2.578918
2.583865
2.588751
2.593674
2.598569
2.603420
2.608259
2.613241
2.618122
2.622984
2.627886
2.632790
2.637632
2.642507
2.647369
2.652334
2.657175
2.661990
2.666865
2.671739
2.676614
2.681455
2.686375
2.691163
2.696007
2.700888
2.705690
2.710511
2.715422
2.720212
2.725042
2.729878
2.734704
2.739558
2.744387
2.749196
2.754014
2.758858
2.763616
2.768392
2.773233
2.778018
2.782794
2.787611
2.792384
2.797172
2.801963
2.806736
2.811589
2.816299
2.821099
2.825817
2.830614
2.835390
2.840138
2.844899
2.849648
2.854397
2.859199
2.863807
2.868616
2.873299
2.878093
2.882757
2.887554
2.892252
2.896974
2.901698
2.906462
2.911082
2.915849
2.920514
2.925190
2.929942
2.934577
2.939275
2.943985
2.948662
2.953332
2.958036
2.962638
2.967351
2.972061
2.976630
2.981295
2.985948
2.990621
2.995238
2.999903
3.004499
3.009122
3.013799
3.018410
3.023042
3.027650
3.032254
3.036892
3.041509
3.046093
3.050692
3.055297
3.059911
3.064435
3.069004
3.073639
3.078271
3.082729
3.087385
3.091873
3.096556
3.101047
3.105598
3.110185
3.114694
3.119323
3.123868
3.128374
3.132877
3.137407
3.141904
3.146515
3.151000
3.155497
3.160051
3.164554
3.169070
3.173563
3.178085
3.182552
3.187112
3.191588
3.196085
3.200597
3.205109
3.209555
3.214055
3.218597
3.223055
3.227576
3.232083
3.236538
3.240987
3.245484
3.249951
3.254400
3.258909
3.263373
3.267834
3.272377
3.276814
3.281278
3.285715
3.290200
3.294607
3.299092
3.303571
3.308027
3.312473
3.316913
3.321377
3.325787
3.330209
3.334665
3.339117
3.343533
3.347982
3.352458
3.356769
3.361231
3.365629
3.370036
3.374482
3.378877
3.383279
3.387710
3.392111
3.396488
3.400919
3.405249
3.409656
3.414075
3.418425
3.422877
3.427225
3.431563
3.435952
3.440311
3.444671
3.449000
3.453353
3.457662
3.462021
3.466407
3.470661
3.474997
3.479437
3.483703
3.488081
3.492332
3.496703
3.500967
3.505263
3.509613
3.513823
3.518158
3.522409
3.526664
3.530969
3.535239
3.539502
3.543807
3.548053
3.552280
3.556552
3.560780
3.564983
3.569220
3.573447
3.577729
3.581917
3.586100
3.590285
3.594524
3.598743
3.602934
3.607102
3.611260
3.615476
3.619739
3.623799
3.628014
3.632167
3.636331
3.640478
3.644657
3.648771
3.652956
3.657088
3.661178
3.665294
3.669477
3.673522
3.677656
3.681833
3.685847
3.689964
3.694101
3.698215
3.702209
3.706370
3.710397
3.714468
3.718546
3.722579
3.726639
3.730701
3.734698
3.738802
3.742850
3.746790
3.750886
3.754843
3.758825
3.762888
3.766870
3.770866
3.774809
3.778806
3.782776
3.786775
3.790727
3.794691
3.798685
3.802645
3.806618
3.810543
3.814537
3.818471
3.822434
3.826410
3.830278
3.834197
3.838146
3.842047
3.845944
3.849923
3.853725
3.857638
3.861554
3.865428
3.869278
3.873200
3.877062
3.880924
3.884833
3.888710
3.892587
3.896407
3.900281
3.904122
3.907951
3.911840
3.915678
3.919501
3.923309
3.927162
3.931000
3.934829
3.938663
3.942468
3.946273
3.950054
3.953898
3.957688
3.961535
3.965361
3.969139
3.972941
3.976734
3.980512
3.984288
3.988107
3.991864
3.995648
3.999418
4.003174
4.006956
4.010743
4.014514
4.018278
4.022047
4.025801
4.029549
4.033309
4.037051
4.040844
4.044556
4.048238
4.052046
4.055776
4.059479
4.063216
4.066964
4.070714
4.074400
4.078133
4.081815
4.085542
4.089254
4.092930
4.096631
4.100358
4.103995
4.107653
4.111338
4.115017
4.118679
4.122366
4.125995
4.129668
4.133359
4.136993
4.140640
4.144364
4.147917
4.151581
4.155219
4.158846
4.162496
4.166118
4.169731
4.173350
4.177021
4.180562
4.184283
4.187870
4.191423
4.195036
4.198652
4.202239
4.205849
4.209459
4.213021
4.216596
4.220158
4.223768
4.227393
4.230971
4.234527
4.238077
4.241633
4.245163
4.248749
4.252363
4.255904
4.259454
4.262978
4.266525
4.270072
4.273632
4.277143
4.280723
4.284178
4.287728
4.291215
4.294807
4.298277
4.301797
4.305297
4.308862
4.312356
4.315849
4.319405
4.322854
4.326368
4.329867
4.333289
4.336839
4.340255
4.343724
4.347239
4.350660
4.354117
4.357626
4.361072
4.364508
4.367990
4.371411
4.374850
4.378287
4.381738
4.385184
4.388599
4.392015
4.395409
4.398822
4.402198
4.405644
4.409023
4.412421
4.415815
4.419225
4.422601
4.425987
4.429399
4.432737
4.436105
4.439490
4.442837
4.446175
4.449476
4.452895
4.456181
4.459537
4.462781
4.466095
4.469409
4.472692
4.476054
4.479368
4.482634
4.485911
4.489213
4.492496
4.495777
4.499055
4.502336
4.505610
4.508870
4.512103
4.515341
4.518610
4.521914
4.525105
4.528362
4.531595
4.534834
4.537982
4.541188
4.544451
4.547675
4.550850
4.554044
4.557193
4.560387
4.563530
4.566718
4.569942
4.573087
4.576236
4.579430
4.582552
4.585770
4.588892
4.592083
4.595216
4.598305
4.601493
4.604621
4.607761
4.610898
4.613998
4.617096
4.620227
4.623325
4.626414
4.629485
4.632559
4.635609
4.638752
4.641802
4.644906
4.647959
4.651000
4.654041
4.657115
4.660161
4.663245
4.666297
4.669255
4.672320
4.675337
4.678393
4.681404
4.684472
4.687456
4.690443
4.693436
4.696420
4.699419
4.702463
4.705411
4.708371
4.711325
4.714280
4.717248
4.720170
4.723094
4.726102
4.729032
4.731959
4.734874
4.737904
4.740807
4.743784
4.746682
4.749612
4.752560
4.755505
4.758423
4.761344
4.764194
4.767133
4.770051
4.772960
4.775905
4.778731
4.781631
4.784549
4.787389
4.790301
4.793163
4.796048
4.798912
4.801723
4.804595
4.807424
4.810309
4.813110
4.816010
4.818788
4.821688
4.824481
4.827321
4.830167
4.833001
4.835808
4.838652
4.841468
4.844239
4.847059
4.849836
4.852643
4.855421
4.858177
4.860933
4.863675
4.866467
4.869254
4.872004
4.874766
4.877478
4.880237
4.883011
4.885768
4.888572
4.891295
4.894025
4.896769
4.899496
4.902204
4.904954
4.907705
4.910413
4.913122
4.915797
4.918467
4.921187
4.923881
4.926568
4.929249
4.931967
4.934612
4.937276
4.939963
4.942669
4.945300
4.947993
4.950614
4.953251
4.955941
4.958554
4.961226
4.963881
4.966508
4.969133
4.971782
4.974394
4.977048
4.979658
4.982292
4.984910
4.987535
4.990127
4.992748
4.995306
4.997913
5.000475
5.003117
5.005628
5.008246
5.010772
5.013352
5.015925
5.018508
5.021049
5.023583
5.026142
5.028665
5.031193
5.033773
5.036320
5.038830
5.041371
5.043855
5.046362
5.048891
5.051375
5.053895
5.056408
5.058892
5.061376
5.063892
5.066334
5.068800
5.071283
5.073767
5.076263
5.078720
5.081189
5.083618
5.086042
5.088526
5.090956
5.093442
5.095854
5.098254
5.100711
5.103117
5.105505
5.107931
5.110331
5.112749
5.115155
5.117534
5.119918
5.122280
5.124685
5.127028
5.129419
5.131744
5.134114
5.136499
5.138827
5.141179
5.143518
5.145844
5.148169
5.150550
5.152839
5.155149
5.157450
5.159778
5.162079
5.164395
5.166705
5.168958
5.171274
5.173557
5.175852
5.178102
5.180367
5.182641
5.184924
5.187192
5.189424
5.191680
5.193918
5.196156
5.198397
5.200590
5.202831
5.205037
5.207244
5.209450
5.211676
5.213833
5.216062
5.218288
5.220493
5.222662
5.224841
5.227001
5.229203
5.231360
5.233508
5.235656
5.237819
5.239962
5.242098
5.244252
5.246337
5.248467
5.250621
5.252755
5.254864
5.257003
5.259109
5.261174
5.263319
5.265401
5.267498
5.269572
5.271684
5.273700
5.275770
5.277822
5.279887
5.281933
5.283974
5.286014
5.288081
5.290115
5.292153
5.294187
5.296216
5.298202
5.300239
5.302244
5.304230
5.306228
5.308200
5.310213
5.312209
5.314162
5.316130
5.318117
5.320049
5.322023
5.323998
5.325936
5.327914
5.329837
5.331773
5.333714
5.335631
5.337537
5.339464
5.341372
5.343245
5.345168
5.347053
5.348949
5.350824
5.352709
5.354552
5.356421
5.358306
5.360151
5.362030
5.363866
5.365721
5.367572
5.369382
5.371210
5.373031
5.374820
5.376636
5.378457
5.380234
5.382073
5.383871
5.385666
5.387436
5.389237
5.390990
5.392778
5.394549
5.396293
5.398027
5.399774
5.401530
5.403288
5.405020
5.406743
5.408460
5.410180
5.411875
5.413583
5.415315
5.417014
5.418679
5.420369
5.422056
5.423743
5.425436
5.427095
5.428788
5.430451
5.432096
5.433753
5.435397
5.437063
5.438711
5.440401
5.442013
5.443624
5.445227
5.446857
5.448445
5.450108
5.451699
5.453278
5.454869
5.456439
5.458024
5.459609
5.461190
5.462775
5.464330
5.465885
5.467461
5.469046
5.470604
5.472177
5.473726
5.475272
5.476806
5.478337
5.479841
5.481357
5.482879
5.484398
5.485944
5.487439
5.488895
5.490426
5.491906
5.493398
5.494896
5.496397
5.497886
5.499375
5.500843
5.502314
5.503773
5.505268
5.506710
5.508156
5.509585
5.511024
5.512462
5.513918
5.515362
5.516800
5.518238
5.519667
5.521081
5.522501
5.523889
5.525300
5.526729
5.528092
5.529503
5.530879
5.532278
5.533632
5.535043
5.536430
5.537815
5.539186
5.540571
5.541961
5.543342
5.544708
5.546041
5.547420
5.548759
5.550119
5.551449
5.552777
5.554140
5.555458
5.556788
5.558104
5.559431
5.560737
5.562074
5.563404
5.564695
5.566007
5.567319
5.568611
5.569929
5.571220
5.572503
5.573776
5.575073
5.576362
5.577623
5.578927
5.580182
5.581449
5.582701
5.583960
5.585224
5.586485
5.587723
5.588978
5.590228
5.591468
5.592705
5.593964
5.595186
5.596399
5.597595
5.598799
5.600021
5.601223
5.602412
5.603608
5.604806
5.605978
5.607173
5.608351
5.609525
5.610693
5.611874
5.613037
5.614238
5.615400
5.616566
5.617731
5.618891
5.620005
5.621129
5.622243
5.623361
5.624499
5.625620
5.626729
5.627831
5.628919
5.630009
5.631088
5.632163
5.633242
5.634324
5.635426
5.636496
5.637571
5.638665
5.639752
5.640822
5.641891
5.642934
5.643965
5.645010
5.646029
5.647042
5.648060
5.649067
5.650074
5.651074
5.652021
5.653007
5.653981
5.654969
5.655964
5.656959
5.657948
5.658951
5.659940
5.660916
5.661902
5.662861
5.663805
5.664752
5.665689
5.666594
5.667505
5.668413
5.669317
5.670246
5.671136
5.672011
5.672898
5.673797
5.674677
5.675537
5.676403
5.677272
5.678135
5.679030
5.679882
5.680732
5.681604
5.682461
5.683303
5.684145
5.684990
5.685822
5.686616
5.687414
5.688225
5.689007
5.689780
5.690557
5.691350
5.692114
5.692873
5.693645
5.694388
5.695149
5.695904
5.696644
5.697372
5.698133
5.698846
5.699581
5.700303
5.701015
5.701732
5.702457
5.703167
5.703889
5.704602
5.705318
5.706031
5.706741
5.707442
5.708116
5.708781
5.709441
5.710093
5.710735
5.711367
5.712023
5.712673
5.713287
5.713890
5.714507
5.715118
5.715720
5.716311
5.716865
5.717446
5.718027
5.718615
5.719184
5.719771
5.720340
5.720889
5.721446
5.722003
5.722554
5.723091
5.723627
5.724169
5.724705
5.725233
5.725778
5.726329
5.726869
5.727411
5.727944
5.728480
5.729017
5.729550
5.730074
5.730590
5.731114
5.731629
5.732118
5.732615
5.733086
5.733538
5.733981
5.734419
5.734844
5.735267
5.735674
5.736073
5.736471
5.736848
5.737220
5.737586
5.737966
5.738338
5.738688
5.739033
5.739398
5.739748
5.740102
5.740444
5.740773
5.741094
5.741420
5.741741
5.742059
5.742373
5.742679
5.742979
5.743287
5.743581
5.743868
5.744150
5.744434
5.744704
5.744962
5.745214
5.745486
5.745741
5.745992
5.746238
5.746475
5.746717
5.746951
5.747188
5.747422
5.747667
5.747925
5.748179
5.748437
5.748695
5.748943
5.749186
5.749462
5.749732
5.750004
5.750277
5.750553
5.750837
5.751122
5.751403
5.751670
5.751940
5.752215
5.752497
5.752763
5.753027
5.753297
5.753542
5.753776
5.753995
5.754201
5.754402
5.754600
5.754789
5.754951
5.755095
5.755226
5.755349
5.755466
5.755565
5.755637
5.755697
5.755744
5.755777
5.755786
5.755793
5.755793
5.755793
5.755793
5.755793
5.755793
5.755793
5.755793
5.755793
5.755793
5.755718
5.755640
5.755550
5.755451
5.755346
5.755226
5.755097
5.754978
5.754849
5.754705
5.754573
5.754444
5.754313
5.754184
5.754052
5.753920
5.753788
5.753671
5.753551
5.753432
5.753309
5.753201
5.753084
5.752979
5.752862
5.752746
5.752635
5.752533
5.752437
5.752335
5.752242
5.752152
5.752069
5.751990
5.751919
5.751850
5.751775
5.751715
5.751661
5.751604
5.751553
5.751517
5.751490
5.751469
5.751448
5.751427
5.751409
5.751403
5.751403
5.751403
5.751403
5.751403
5.751403
5.751403
5.751403
5.751403
5.751403
5.751403
5.751403
5.751403
5.751403
5.751403
5.751403
5.751403
5.751403
5.751403
5.751415
5.751457
5.751496
5.751526
5.751550
5.751583
5.751613
5.751640
5.751673
5.751682
5.751682
5.751694
5.751718
5.751727
5.751736
5.751754
5.751772
5.751784
5.751802
5.751805
5.751805
5.751808
5.751817
5.751817
5.751817
5.751817
5.751817
5.751817
5.751817
5.751817
5.751817
5.751817
5.751817
5.751817
5.751817
5.751817
5.751817
5.751817
5.751817
5.751817
5.751817
5.751817
5.751817
5.751817
5.751817
5.751817
5.751817
5.751817
5.751817
5.751817
5.751817
5.751817
5.751817
5.751817
5.751817
5.751817
5.751817
5.751817
5.751817
5.751817
5.751817
5.751817
5.751817
5.751817
5.751817
5.751817
5.751817
5.751817
5.751817
5.751817
5.751817
5.751817
5.751817
5.751817
5.751817
5.751817
5.751817
5.751817
5.751817
5.751817
5.751817
5.751817
5.751817
5.751817
5.751817
5.751817
5.751817
5.751817
5.751817
5.751817
5.751817
5.751817
5.751817
5.751817
5.751817
5.751817
5.751817
5.751817
5.751817
5.751817
5.751817
5.751817
5.751817
5.751817
5.751817
5.751817
5.751817
5.751817
5.751817
5.751817
5.751817
5.751817
5.751817
5.751817
5.751817
5.751817
5.751817
5.751817
5.751817
5.751817
5.751817
5.751817