5.557433
5.557433
5.557433
5.557433
5.557433
5.557433
5.557433
5.557433
5.557433
5.557468
5.557810
5.558250
5.558751
5.559323
5.560009
5.560791
5.561720
5.562751
5.563913
5.565171
5.566504
5.567973
5.569576
5.571286
5.573120
5.575070
5.577105
5.579238
5.581404
5.583723
5.586123
5.588685
5.591303
5.594078
5.596987
5.599923
5.603018
5.606211
5.609528
5.612920
5.616503
5.620110
5.623888
5.627765
5.631735
5.635872
5.640133
5.644480
5.648887
5.653462
5.658109
5.662903
5.667804
5.672817
5.677949
5.683192
5.688426
5.693885
5.699464
5.705141
5.710933
5.716838
5.722815
5.728954
5.735249
5.741600
5.748036
5.754720
5.761329
5.768169
5.775126
5.782083
5.789282
5.796533
5.803852
5.811274
5.818916
5.826535
5.834331
5.842295
5.850252
5.858401
5.866704
5.875078
5.883550
5.892233
5.900832
5.909676
5.918517
5.927658
5.936697
5.945982
5.955309
5.964714
5.974382
5.984020
5.993835
6.003764
6.013693
6.023766
6.034195
6.044337
6.054892
6.065444
6.076095
6.086893
6.097763
6.108584
6.119424
6.130458
6.141298
6.152162
6.163095
6.174114
6.185199
6.196378
6.207205
6.218330
6.229268
6.240132
6.251217
6.262425
6.273188
0.000920
0.012011
0.022965
0.033751
0.044824
0.055727
0.066695
0.077718
0.088692
0.099628
0.110674
0.121583
0.132599
0.143592
0.154573
0.165514
0.176543
0.187358
0.198396
0.209469
0.220342
0.231379
0.242288
0.253317
0.264252
0.275305
0.286174
0.297125
0.308135
0.319011
0.329992
0.340912
0.351725
0.362727
0.373713
0.384571
0.395405
0.406367
0.417467
0.428307
0.439156
0.450026
0.460907
0.471768
0.482865
0.493588
0.504404
0.515196
0.526009
0.536905
0.547766
0.558549
0.569341
0.580084
0.590906
0.601683
0.612430
0.623198
0.634082
0.644706
0.655531
0.666173
0.677061
0.687601
0.698324
0.709077
0.719671
0.730373
0.741012
0.751731
0.762415
0.772938
0.783690
0.794296
0.804804
0.815544
0.826294
0.836807
0.847563
0.858154
0.868745
0.879372
0.890110
0.900677
0.911385
0.922054
0.932672
0.943344
0.954007
0.964649
0.975306
0.986086
0.996722
1.007301
1.017952
1.028750
1.039401
1.050070
1.060697
1.071360
1.082029
1.092794
1.103319
1.114137
1.124785
1.135511
1.146069
1.156807
1.167617
1.178133
1.188856
1.199603
1.210191
1.220845
1.231604
1.242327
1.253077
1.263524
1.274298
1.285074
1.295579
1.306331
1.316899
1.327582
1.338314
1.348837
1.359401
1.370046
1.380640
1.391243
1.401888
1.412440
1.423064
1.433658
1.444234
1.454786
1.465416
1.475980
1.486532
1.497168
1.507672
1.518257
1.528828
1.539398
1.549893
1.560427
1.570937
1.581480
1.592038
1.602564
1.613178
1.623545
1.634190
1.644844
1.655333
1.665930
1.676575
1.687043
1.697637
1.708225
1.718733
1.729339
1.739972
1.750644
1.761199
1.771676
1.782357
1.792780
1.803605
1.814115
1.824688
1.835387
1.845987
1.856449
1.867109
1.877697
1.888375
1.898912
1.909572
1.920172
1.930829
1.941361
1.952006
1.962746
1.973143
1.983800
1.994418
2.004994
2.015624
2.026227
2.036716
2.047349
2.057880
2.068525
2.079041
2.089614
2.100041
2.110563
2.121175
2.131703
2.142222
2.152735
2.163159
2.173815
2.184152
2.194488
2.205118
2.215566
2.225920
2.236376
2.246832
2.257250
2.267682
2.278057
2.288493
2.298880
2.309315
2.319637
2.330135
2.340408
2.350727
2.361174
2.371459
2.381832
2.392165
2.402699
2.412733
2.423084
2.433439
2.443751
2.454232
2.464442
2.474754
2.485082
2.495553
2.505910
2.516343
2.526553
2.536866
2.547280
2.557700
2.567917
2.578100
2.588644
2.598950
2.609200
2.619599
2.629860
2.640137
2.650560
2.661046
2.671236
2.681557
2.691786
2.702263
2.712473
2.722606
2.732939
2.743369
2.753597
2.764060
2.774234
2.784505
2.794751
2.805141
2.815286
2.825539
2.835746
2.846047
2.856233
2.866354
2.876756
2.886850
2.897073
2.907247
2.917467
2.927605
2.937717
2.947906
2.958090
2.968214
2.978418
2.988527
2.998582
3.008739
3.018763
3.028917
3.038912
3.049116
3.059207
3.069013
3.079263
3.089246
3.099148
3.109307
3.119284
3.129336
3.139310
3.149359
3.159374
3.169399
3.179388
3.189206
3.199408
3.209163
3.219182
3.229072
3.239162
3.249103
3.259227
3.269045
3.278941
3.289016
3.298949
3.308872
3.318935
3.328834
3.338832
3.348884
3.358639
3.368766
3.378581
3.388551
3.398630
3.408526
3.418353
3.428381
3.438355
3.448260
3.458195
3.468073
3.478062
3.488021
3.497902
3.507744
3.517843
3.527670
3.537539
3.547498
3.557385
3.567197
3.577231
3.587067
3.596960
3.606748
3.616653
3.626459
3.636250
3.646137
3.655980
3.665789
3.675538
3.685329
3.695120
3.705085
3.714687
3.724517
3.734293
3.743971
3.753690
3.763538
3.773206
3.782896
3.792639
3.802313
3.812002
3.821880
3.831336
3.841166
3.850645
3.860398
3.870039
3.879704
3.889333
3.898828
3.908589
3.918233
3.927842
3.937396
3.947142
3.956631
3.966329
3.975830
3.985510
3.995235
4.004642
4.014311
4.023904
4.033566
4.043064
4.052729
4.062374
4.071973
4.081590
4.091181
4.100675
4.110508
4.120006
4.129746
4.139513
4.148768
4.158589
4.168131
4.177725
4.187423
4.197037
4.206645
4.216308
4.225979
4.235486
4.245112
4.254843
4.264293
4.274003
4.283698
4.293303
4.302867
4.312628
4.322051
4.331872
4.341387
4.350957
4.360625
4.370206
4.379737
4.389360
4.398915
4.408646
4.418164
4.427833
4.437342
4.446878
4.456517
4.465928
4.475488
4.485252
4.494585
4.504223
4.513837
4.523383
4.532862
4.542470
4.551776
4.561439
4.570936
4.580392
4.589883
4.599411
4.608860
4.618484
4.627783
4.637413
4.646721
4.656279
4.665689
4.675100
4.684556
4.693966
4.703380
4.713036
4.722285
4.731962
4.741292
4.750592
4.760185
4.769389
4.779000
4.788408
4.797684
4.807112
4.816795
4.826131
4.835515
4.845099
4.854393
4.864022
4.873337
4.882834
4.892350
4.901833
4.911147
4.920690
4.930166
4.939613
4.949006
4.958515
4.967890
4.977381
4.986858
4.996301
5.005721
5.015239
5.024716
5.034111
5.043594
5.053026
5.062523
5.071946
5.081413
5.090839
5.100312
5.109732
5.119101
5.128658
5.138041
5.147294
5.156818
5.166097
5.175591
5.185047
5.194308
5.203772
5.213216
5.222680
5.231899
5.241307
5.250535
5.259930
5.269386
5.278656
5.287929
5.297273
5.306534
5.315938
5.325124
5.334382
5.343619
5.352865
5.362078
5.371405
5.380701
5.389851
5.399046
5.408394
5.417535
5.426604
5.435952
5.444877
5.454218
5.463324
5.472465
5.481524
5.490893
5.499914
5.508903
5.518307
5.527199
5.536391
5.545598
5.554475
5.563850
5.572877
5.581898
5.590980
5.600156
5.609210
5.618303
5.627285
5.636501
5.645493
5.654624
5.663685
5.672769
5.681937
5.690913
5.700000
5.709054
5.718120
5.727141
5.736309
5.745240
5.754280
5.763388
5.772460
5.781502
5.790580
5.799607
5.808631
5.817565
5.826709
5.835673
5.844809
5.853715
5.862800
5.871851
5.880785
5.889788
5.898818
5.907890
5.916711
5.925873
5.934804
5.943777
5.952762
5.961667
5.970640
5.979568
5.988463
5.997460
6.006353
6.015236
6.024131
6.033069
6.041973
6.050844
6.059724
6.068548
6.077401
6.086315
6.095177
6.103892
6.112875
6.121674
6.130423
6.139297
6.148060
6.156857
6.165707
6.174431
6.183231
6.192033
6.200740
6.209521
6.218279
6.227021
6.235713
6.244470
6.253135
6.261874
6.270614
6.279284
0.004851
0.013515
0.022207
0.030838
0.039602
0.048171
0.056880
0.065512
0.074080
0.082733
0.091491
0.100086
0.108805
0.117532
0.126182
0.134754
0.143529
0.152149
0.160831
0.169517
0.178140
0.186783
0.195604
0.204154
0.212765
0.221447
0.230094
0.238699
0.247393
0.256055
0.264657
0.273351
0.281995
0.290602
0.299414
0.307938
0.316518
0.325186
0.333776
0.342383
0.351057
0.359623
0.368338
0.376955
0.385488
0.394158
0.402733
0.411323
0.419900
0.428511
0.437065
0.445660
0.454286
0.462930
0.471429
0.479968
0.488549
0.497001
0.505650
0.514129
0.522677
0.531273
0.539728
0.548308
0.556793
0.565269
0.573967
0.582340
0.590765
0.599172
0.607768
0.616262
0.624672
0.633172
0.641608
0.650090
0.658590
0.667018
0.675380
0.683901
0.692335
0.700727
0.709181
0.717576
0.726007
0.734387
0.742764
0.751180
0.759539
0.767856
0.776203
0.784739
0.793086
0.801457
0.809882
0.818190
0.826564
0.834944
0.843417
0.851692
0.860195
0.868470
0.876817
0.885215
0.893556
0.901924
0.910316
0.918663
0.927043
0.935468
0.943839
0.952240
0.960581
0.968988
0.977376
0.985750
0.994058
1.002504
1.010953
1.019225
1.027683
1.036051
1.044554
1.052898
1.061164
1.069634
1.077993
1.086400
1.094747
1.103178
1.111603
1.119974
1.128363
1.136725
1.145257
1.153637
1.162077
1.170397
1.178801
1.187172
1.195546
1.203983
1.212297
1.220671
1.228988
1.237434
1.245757
1.254152
1.262544
1.270825
1.279226
1.287558
1.295851
1.304396
1.312656
1.321021
1.329368
1.337553
1.346044
1.354382
1.362648
1.371016
1.379339
1.387635
1.395866
1.404258
1.412524
1.420841
1.429152
1.437436
1.445753
1.454079
1.462261
1.470569
1.478901
1.487087
1.495356
1.503721
1.511939
1.520181
1.528453
1.536725
1.544982
1.553275
1.561362
1.569556
1.577849
1.586082
1.594273
1.602650
1.610755
1.619039
1.627287
1.635529
1.643795
1.652004
1.660280
1.668513
1.676842
1.685039
1.693191
1.701568
1.709858
1.718121
1.726346
1.734633
1.742899
1.751177
1.759389
1.767676
1.776035
1.784247
1.792522
1.800801
1.809025
1.817300
1.825629
1.833913
1.842173
1.850403
1.858723
1.866938
1.875291
1.883480
1.891659
1.900042
1.908284
1.916595
1.924858
1.933077
1.941310
1.949687
1.957923
1.966186
1.974464
1.982697
1.990990
1.999217
2.007447
2.015687
2.023962
2.032129
2.040398
2.048697
2.056942
2.065092
2.073352
2.081585
2.089776
2.097973
2.106194
2.114323
2.122574
2.130705
2.138881
2.147184
2.155135
2.163359
2.171628
2.179655
2.187855
2.195983
2.204142
2.212252
2.220482
2.228508
2.236649
2.244711
2.252693
2.260923
2.268970
2.277153
2.285029
2.293310
2.301283
2.309333
2.317456
2.325371
2.333442
2.341514
2.349540
2.357609
2.365626
2.373629
2.381652
2.389771
2.397594
2.405740
2.413725
2.421685
2.429727
2.437747
2.445708
2.453728
2.461766
2.469799
2.477661
2.485753
2.493731
2.501785
2.509781
2.517733
2.525771
2.533810
2.541785
2.549689
2.557709
2.565718
2.573666
2.581618
2.589704
2.597596
2.605631
2.613493
2.621534
2.629558
2.637494
2.645494
2.653478
2.661406
2.669378
2.677366
2.685404
2.693269
2.701232
2.709067
2.717078
2.725078
2.732973
2.740927
2.748968
2.756728
2.764707
2.772688
2.780580
2.788507
2.796405
2.804264
2.812152
2.820092
2.828028
2.835767
2.843842
2.851586
2.859472
2.867403
2.875165
2.883045
2.890964
2.898708
2.906561
2.914474
2.922221
2.930032
2.937918
2.945624
2.953485
2.961254
2.969083
2.976819
2.984662
2.992407
3.000179
3.007968
3.015651
3.023398
3.031149
3.038936
3.046591
3.054350
3.062077
3.069834
3.077459
3.085150
3.092829
3.100556
3.108118
3.115979
3.123499
3.131271
3.138857
3.146578
3.154194
3.161858
3.169516
3.177132
3.184772
3.192367
3.200040
3.207677
3.215383
3.222980
3.230572
3.238293
3.245837
3.253447
3.261120
3.268727
3.276370
3.284067
3.291647
3.299332
3.306906
3.314534
3.322156
3.329808
3.337337
3.344986
3.352674
3.360185
3.367831
3.375453
3.383030
3.390613
3.398238
3.405824
3.413449
3.421047
3.428726
3.436180
3.443805
3.451406
3.458941
3.466536
3.474086
3.481612
3.489216
3.496799
3.504283
3.512004
3.519443
3.526948
3.534513
3.542069
3.549530
3.557071
3.564552
3.572033
3.579637
3.587034
3.594545
3.602060
3.609535
3.617097
3.624506
3.631924
3.639414
3.646914
3.654296
3.661714
3.669207
3.676589
3.684080
3.691468
3.698778
3.706256
3.713699
3.721033
3.728457
3.735810
3.743156
3.750541
3.757929
3.765345
3.772667
3.779968
3.787240
3.794583
3.802046
3.809276
3.816565
3.823879
3.831204
3.838433
3.845678
3.852871
3.860260
3.867510
3.874734
3.881987
3.889303
3.896506
3.903768
3.910914
3.918149
3.925532
3.932632
3.939976
3.947172
3.954306
3.961562
3.968792
3.975910
3.983122
3.990363
3.997527
4.004822
4.011974
4.019245
4.026343
4.033699
4.040751
4.047998
4.055243
4.062439
4.069606
4.076812
4.083960
4.091156
4.098365
4.105502
4.112833
4.119898
4.127064
4.134285
4.141493
4.148594
4.155829
4.163014
4.170142
4.177281
4.184553
4.191674
4.198823
4.206035
4.213147
4.220251
4.227615
4.234680
4.241843
4.249013
4.256162
4.263415
4.270441
4.277682
4.284831
4.291934
4.299026
4.306238
4.313293
4.320592
4.327590
4.334940
4.341927
4.349105
4.356218
4.363291
4.370443
4.377532
4.384596
4.391796
4.398960
4.405952
4.413098
4.420106
4.427230
4.434409
4.441513
4.448529
4.455630
4.462667
4.469741
4.476830
4.483844
4.490998
4.497961
4.504996
4.511947
4.519065
4.526118
4.533099
4.540080
4.547225
4.554056
4.561055
4.568135
4.574969
4.582025
4.589083
4.595974
4.603012
4.610008
4.616944
4.623909
4.630899
4.637826
4.644702
4.651725
4.658574
4.665516
4.672451
4.679384
4.686386
4.693166
4.700102
4.707032
4.713995
4.720850
4.727690
4.734752
4.741514
4.748509
4.755379
4.762217
4.769131
4.776073
4.782844
4.789756
4.796659
4.803559
4.810375
4.817317
4.824160
4.831006
4.837915
4.844818
4.851745
4.858659
4.865442
4.872327
4.879374
4.886094
4.892964
4.899810
4.906695
4.913556
4.920441
4.927263
4.934145
4.941018
4.947864
4.954677
4.961499
4.968315
4.975284
4.982094
4.988955
4.995795
5.002719
5.009406
5.016255
5.023227
5.029872
5.036817
5.043636
5.050341
5.057331
5.064096
5.070858
5.077650
5.084574
5.091273
5.098065
5.104887
5.111622
5.118351
5.125267
5.132005
5.138749
5.145637
5.152297
5.159068
5.165848
5.172601
5.179396
5.186080
5.192768
5.199536
5.206232
5.212910
5.219633
5.226389
5.233035
5.239737
5.246451
5.253192
5.259774
5.266533
5.273155
5.279701
5.286559
5.293013
5.299754
5.306309
5.313035
5.319660
5.326224
5.332830
5.339386
5.346025
5.352586
5.359199
5.365835
5.372213
5.378895
5.385339
5.391984
5.398480
5.405005
5.411546
5.418077
5.424584
5.431026
5.437638
5.444110
5.450491
5.457020
5.463512
5.470011
5.476440
5.482921
5.489326
5.495798
5.502254
5.508612
5.515062
5.521666
5.527955
5.534411
5.540834
5.547228
5.553643
5.560021
5.566472
5.572883
5.579349
5.585689
5.592094
5.598485
5.604881
5.611329
5.617677
5.624065
5.630465
5.636765
5.643258
5.649546
5.655928
5.662202
5.668685
5.675019
5.681320
5.687743
5.694122
5.700326
5.706717
5.713135
5.719381
5.725712
5.732061
5.738349
5.744689
5.751062
5.757318
5.763615
5.769949
5.776214
5.782529
5.788830
5.795089
5.801374
5.807699
5.813985
5.820256
5.826571
5.832776
5.839038
5.845347
5.851573
5.857871
5.864187
5.870347
5.876557
5.882768
5.888985
5.895280
5.901473
5.907720
5.913966
5.920228
5.926433
5.932713
5.938843
5.945026
5.951252
5.957445
5.963569
5.969813
5.975961
5.982097
5.988296
5.994491
6.000558
6.006751
6.012839
6.019068
6.025132
6.031373
6.037368
6.043489
6.049604
6.055653
6.061939
6.067934
6.074028
6.080082
6.086156
6.092196
6.098272
6.104366
6.110477
6.116338
6.122570
6.128541
6.134554
6.140552
6.146580
6.152611
6.158609
6.164592
6.170569
6.176541
6.182584
6.188585
6.194571
6.200491
6.206519
6.212499
6.218447
6.224465
6.230314
6.236321
6.242283
6.248114
6.254187
6.260035
6.265943
6.271878
6.277756
0.000494
0.006445
0.012377
0.018228
0.024124
0.030050
0.035917
0.041840
0.047766
0.053629
0.059508
0.065410
0.071240
0.077130
0.083102
0.088938
0.094858
0.100688
0.106558
0.112421
0.118263
0.124112
0.130005
0.135868
0.141770
0.147667
0.153509
0.159333
0.165215
0.171180
0.176884
0.182828
0.188689
0.194522
0.200340
0.206198
0.212007
0.217861
0.223722
0.229549
0.235334
0.241299
0.247058
0.252912
0.258775
0.264576
0.270394
0.276233
0.282025
0.287792
0.293617
0.299468
0.305235
0.311116
0.316923
0.322726
0.328574
0.334384
0.340079
0.346021
0.351719
0.357543
0.363305
0.369027
0.374843
0.380601
0.386371
0.392148
0.397906
0.403746
0.409459
0.415286
0.421048
0.426743
0.432622
0.438299
0.444045
0.449804
0.455529
0.461261
0.466992
0.472781
0.478380
0.484190
0.489882
0.495599
0.501324
0.507008
0.512709
0.518456
0.524109
0.529805
0.535545
0.541184
0.546891
0.552605
0.558222
0.563873
0.569589
0.575198
0.580896
0.586532
0.592147
0.597812
0.603463
0.609071
0.614686
0.620381
0.625948
0.631530
0.637225
0.642798
0.648412
0.654087
0.659642
0.665223
0.670838
0.676390
0.681986
0.687622
0.693174
0.698701
0.704310
0.709841
0.715479
0.720995
0.726583
0.732077
0.737707
0.743181
0.748729
0.754293
0.759803
0.765334
0.770927
0.776386
0.781905
0.787435
0.792948
0.798539
0.803992
0.809448
0.815026
0.820548
0.826094
0.831522
0.837053
0.842512
0.848055
0.853537
0.859053
0.864572
0.870028
0.875523
0.881065
0.886539
0.892028
0.897490
0.903041
0.908449
0.913968
0.919511
0.924901
0.930392
0.936046
0.941340
0.946877
0.952419
0.957830
0.963316
0.968805
0.974240
0.979713
0.985217
0.990673
0.996156
1.001644
1.007094
1.012553
1.018021
1.023471
1.028903
1.034421
1.039868
1.045354
1.050798
1.056284
1.061661
1.067153
1.072567
1.078023
1.083503
1.088944
1.094387
1.099906
1.105299
1.110731
1.116202
1.121664
1.127107
1.132518
1.137923
1.143385
1.148820
1.154255
1.159644
1.165118
1.170508
1.175973
1.181426
1.186768
1.192212
1.197659
1.203048
1.208450
1.213882
1.219308
1.224620
1.230142
1.235457
1.240850
1.246276
1.251683
1.257040
1.262472
1.267874
1.273264
1.278642
1.283975
1.289359
1.294776
1.300139
1.305523
1.310912
1.316212
1.321563
1.326953
1.332262
1.337634
1.343003
1.348327
1.353648
1.359035
1.364395
1.369674
1.375037
1.380430
1.385697
1.391072
1.396354
1.401621
1.406972
1.412230
1.417554
1.422911
1.428196
1.433508
1.438808
1.444126
1.449402
1.454741
1.459912
1.465323
1.470566
1.475779
1.481166
1.486409
1.491652
1.496911
1.502169
1.507370
1.512748
1.517967
1.523192
1.528504
1.533762
1.538963
1.544203
1.549473
1.554684
1.559912
1.565155
1.570371
1.575632
1.580791
1.586037
1.591259
1.596491
1.601656
1.606935
1.612157
1.617388
1.622631
1.627856
1.633036
1.638250
1.643526
1.648682
1.653937
1.659111
1.664285
1.669519
1.674724
1.679928
1.685174
1.690330
1.695519
1.700768
1.705951
1.711153
1.716363
1.721537
1.726765
1.731906
1.737167
1.742344
1.747591
1.752708
1.757900
1.763131
1.768296
1.773453
1.778705
1.783864
1.789074
1.794269
1.799431
1.804606
1.809819
1.814939
1.820158
1.825287
1.830459
1.835714
1.840951
1.846017
1.851200
1.856422
1.861546
1.866693
1.871888
1.876987
1.882143
1.887423
1.892516
1.897708
1.902768
1.908000
1.913120
1.918276
1.923381
1.928510
1.933685
1.938781
1.943898
1.949066
1.954226
1.959253
1.964529
1.969637
1.974641
1.979893
1.984905
1.989972
1.995152
2.000227
2.005275
2.010423
2.015525
2.020615
2.025687
2.030751
2.035892
2.041045
2.046121
2.051178
2.056304
2.061320
2.066425
2.071479
2.076513
2.081609
2.086666
2.091679
2.096727
2.101838
2.106773
2.111923
2.116905
2.121939
2.126987
2.132027
2.136997
2.142066
2.147124
2.152094
2.157157
2.162200
2.167107
2.172126
2.177177
2.182070
2.187145
2.192106
2.197065
2.202050
2.207018
2.211982
2.216911
2.221956
2.226834
2.231837
2.236724
2.241685
2.246626
2.251629
2.256435
2.261378
2.266361
2.271259
2.276176
2.281101
2.285985
2.290901
2.295842
2.300683
2.305603
2.310499
2.315445
2.320206
2.325191
2.330051
2.334913
2.339773
2.344573
2.349459
2.354412
2.359137
2.364056
2.368919
2.373724
2.378569
2.383516
2.388282
2.393199
2.398001
2.402813
2.407643
2.412514
2.417323
2.422126
2.426961
2.431785
2.436606
2.441423
2.446214
2.451086
2.455870
2.460718
2.465485
2.470353
2.475147
2.479962
2.484749
2.489540
2.494340
2.499157
2.503900
2.508745
2.513502
2.518317
2.523093
2.527899
2.532650
2.537468
2.542241
2.547010
2.551789
2.556577
2.561263
2.566092
2.570820
2.575608
2.580404
2.585084
2.589899
2.594669
2.599402
2.604130
2.608882
2.613652
2.618358
2.623131
2.627907
2.632599
2.637353
2.642021
2.646815
2.651549
2.656225
2.660959
2.665702
2.670433
2.675137
2.679834
2.684547
2.689245
2.693949
2.698683
2.703347
2.708066
2.712794
2.717453
2.722169
2.726912
2.731522
2.736193
2.740912
2.745592
2.750245
2.754937
2.759581
2.764275
2.768949
2.773584
2.778270
2.782905
2.787549
2.792196
2.796870
2.801540
2.806142
2.810816
2.815460
2.820083
2.824733
2.829332
2.833961
2.838574
2.843179
2.847745
2.852407
2.857045
2.861620
2.866288
2.870848
2.875444
2.880046
2.884603
2.889184
2.893777
2.898355
2.902975
2.907514
2.912071
2.916619
2.921200
2.925730
2.930305
2.934868
2.939401
2.943961
2.948545
2.953000
2.957617
2.962084
2.966632
2.971153
2.975623
2.980186
2.984662
2.989231
2.993737
2.998222
3.002725
3.007220
3.011687
3.016178
3.020726
3.025166
3.029663
3.034118
3.038552
3.043010
3.047561
3.051990
3.056415
3.060858
3.065304
3.069783
3.074211
3.078666
3.083083
3.087541
3.091975
3.096421
3.100816
3.105247
3.109676
3.114047
3.118454
3.122867
3.127275
3.131664
3.136128
3.140466
3.144816
3.149239
3.153655
3.158014
3.162382
3.166765
3.171125
3.175520
3.179801
3.184224
3.188568
3.192963
3.197265
3.201661
3.205990
3.210337
3.214679
3.219047
3.223415
3.227711
3.232083
3.236409
3.240783
3.245094
3.249457
3.253747
3.258058
3.262382
3.266726
3.271034
3.275331
3.279702
3.283980
3.288318
3.292585
3.296902
3.301234
3.305495
3.309872
3.314183
3.318402
3.322725
3.327039
3.331240
3.335554
3.339848
3.344093
3.348383
3.352641
3.356880
3.361132
3.365404
3.369647
3.373904
3.378134
3.382350
3.386610
3.390865
3.395104
3.399295
3.403493
3.407735
3.411954
3.416190
3.420424
3.424555
3.428818
3.433007
3.437249
3.441414
3.445585
3.449803
3.454036
3.458177
3.462317
3.466488
3.470697
3.474862
3.479002
3.483188
3.487305
3.491484
3.495616
3.499744
3.503906
3.508031
3.512211
3.516318
3.520480
3.524537
3.528647
3.532824
3.536874
3.541000
3.545048
3.549188
3.553281
3.557355
3.561469
3.565529
3.569564
3.573645
3.577734
3.581761
3.585839
3.589899
3.593943
3.597988
3.602047
3.606053
3.610113
3.614119
3.618118
3.622136
3.626127
3.630067
3.634171
3.638141
3.642099
3.646054
3.650035
3.653999
3.657966
3.661951
3.665867
3.669827
3.673803
3.677749
3.681659
3.685554
3.689466
3.693385
3.697358
3.701217
3.705163
3.709070
3.713010
3.716907
3.720802
3.724658
3.728559
3.732349
3.736268
3.740082
3.743950
3.747743
3.751599
3.755434
3.759284
3.763109
3.766957
3.770806
3.774587
3.778440
3.782233
3.786050
3.789870
3.793651
3.797444
3.801255
3.805018
3.808826
3.812628
3.816365
3.820107
3.823909
3.827645
3.831369
3.835177
3.838952
3.842670
3.846424
3.850154
3.853878
3.857629
3.861344
3.865065
3.868793
3.872487
3.876229
3.879932
3.883638
3.887299
3.891011
3.894705
3.898393
3.902102
3.905764
3.909467
3.913158
3.916783
3.920460
3.924136
3.927755
3.931407
3.935068
3.938694
3.942364
3.946052
3.949608
3.953293
3.956888
3.960469
3.964094
3.967755
3.971362
3.974979
3.978583
3.982190
3.985773
3.989333
3.992940
3.996490
4.000119
4.003720
4.007252
4.010850
4.014428
4.017972
4.021621
4.025118
4.028671
4.032308
4.035799
4.039343
4.042908
4.046432
4.049970
4.053538
4.057029
4.060540
4.064120
4.067605
4.071149
4.074678
4.078199
4.081719
4.085218
4.088715
4.092196
4.095699
4.099219
4.102685
4.106236
4.109669
4.113160
4.116596
4.120075
4.123553
4.127043
4.130498
4.133940
4.137452
4.140906
4.144313
4.147791
4.151320
4.154700
4.158152
4.161588
4.164989
4.168488
4.171895
4.175379
4.178788
4.182249
4.185655
4.189074
4.192472
4.195887
4.199320
4.202691
4.206178
4.209600
4.212949
4.216362
4.219807
4.223112
4.226489
4.229919
4.233212
4.236612
4.239980
4.243293
4.246709
4.250071
4.253441
4.256749
4.260149
4.263505
4.266845
4.270186
4.273524
4.276816
4.280169
4.283506
4.286835
4.290224
4.293438
4.296791
4.300057
4.303409
4.306723
4.310028
4.313317
4.316592
4.319894
4.323195
4.326458
4.329772
4.332998
4.336297
4.339560
4.342811
4.346076
4.349384
4.352599
4.355828
4.359190
4.362360
4.365611
4.368867
4.372127
4.375315
4.378623
4.381771
4.384980
4.388180
4.391395
4.394573
4.397812
4.400976
4.404194
4.407354
4.410530
4.413712
4.416921
4.420091
4.423278
4.426451
4.429597
4.432737
4.435868
4.439035
4.442190
4.445333
4.448508
4.451642
4.454752
4.457838
4.461038
4.464079
4.467225
4.470341
4.473451
4.476548
4.479685
4.482705
4.485770
4.488892
4.491942
4.494986
4.498087
4.501095
4.504118
4.507159
4.510221
4.513268
4.516354
4.519329
4.522352
4.525384
4.528419
4.531415
4.534441
4.537426
4.540424
4.543411
4.546446
4.549413
4.552384
4.555417
4.558320
4.561319
4.564273
4.567227
4.570181
4.573141
4.576038
4.578990
4.581911
4.584829
4.587744
4.590686
4.593526
4.596463
4.599380
4.602242
4.605151
4.608057
4.610904
4.613810
4.616716
4.619511
4.622453
4.625324
4.628176
4.630971
4.633838
4.636655
4.639507
4.642374
4.645175
4.648007
4.650841
4.653625
4.656458
4.659287
4.662091
4.664856
4.667688
4.670462
4.673224
4.676038
4.678860
4.681658
4.684421
4.687198
4.689930
4.692744
4.695452
4.698226
4.701022
4.703727
4.706442
4.709192
4.711906
4.714672
4.717425
4.720101
4.722866
4.725578
4.728259
4.730974
4.733712
4.736366
4.739105
4.741786
4.744522
4.747173
4.749876
4.752575
4.755278
4.757965
4.760643
4.763337
4.765995
4.768667
4.771369
4.774033
4.776702
4.779333
4.782005
4.784654
4.787344
4.789981
4.792677
4.795362
4.797947
4.800551
4.803178
4.805797
4.808431
4.811082
4.813731
4.816346
4.818962
4.821535
4.824127
4.826751
4.829352
4.831941
4.834547
4.837136
4.839697
4.842262
4.844853
4.847439
4.850031
4.852583
4.855151
4.857674
4.860220
4.862740
4.865311
4.867830
4.870386
4.872906
4.875413
4.877897
4.880444
4.882972
4.885510
4.888030
4.890501
4.892973
4.895505
4.898013
4.900476
4.902983
4.905422
4.907900
4.910359
4.912786
4.915216
4.917652
4.920117
4.922583
4.925085
4.927455
4.929935
4.932314
4.934735
4.937153
4.939562
4.941968
4.944367
4.946792
4.949149
4.951522
4.953913
4.956292
4.958674
4.961011
4.963372
4.965747
4.968114
4.970445
4.972800
4.975143
4.977477
4.979850
4.982166
4.984482
4.986807
4.989168
4.991451
4.993763
4.996082
4.998390
5.000709
5.003025
5.005328
5.007627
5.009918
5.012166
5.014496
5.016737
5.019053
5.021309
5.023610
5.025836
5.028122
5.030352
5.032596
5.034836
5.037117
5.039376
5.041635
5.043864
5.046113
5.048325
5.050593
5.052741
5.054991
5.057220
5.059407
5.061603
5.063838
5.065980
5.068210
5.070382
5.072548
5.074714
5.076952
5.079109
5.081294
5.083484
5.085635
5.087801
5.089985
5.092103
5.094263
5.096396
5.098524
5.100702
5.102820
5.104968
5.107101
5.109229
5.111356
5.113468
5.115628
5.117711
5.119826
5.121914
5.124011
5.126108
5.128223
5.130282
5.132373
5.134461
5.136514
5.138611
5.140645
5.142697
5.144795
5.146832
5.148888
5.150916
5.152950
5.154999
5.157043
5.159065
5.161093
5.163134
5.165120
5.167109
5.169126
5.171121
5.173110
5.175118
5.177125
5.179102
5.181053
5.183075
5.185032
5.187000
5.188987
5.190949
5.192875
5.194841
5.196779
5.198691
5.200620
5.202538
5.204449
5.206352
5.208272
5.210190
5.212065
5.213980
5.215858
5.217755
5.219630
5.221500
5.223396
5.225227
5.227069
5.228939
5.230809
5.232648
5.234506
5.236327
5.238125
5.239967
5.241789
5.243605
5.245390
5.247185
5.248991
5.250747
5.252542
5.254316
5.256107
5.257848
5.259610
5.261333
5.263070
5.264823
5.266545
5.268307
5.270054
5.271741
5.273460
5.275159
5.276888
5.278625
5.280339
5.282026
5.283695
5.285408
5.287098
5.288773
5.290442
5.292111
5.293750
5.295406
5.297024
5.298678
5.300314
5.301965
5.303610
5.305258
5.306870
5.308490
5.310087
5.311693
5.313305
5.314890
5.316457
5.318036
5.319627
5.321164
5.322740
5.324339
5.325910
5.327485
5.329064
5.330607
5.332111
5.333684
5.335227
5.336746
5.338253
5.339745
5.341252
5.342756
5.344248
5.345758
5.347259
5.348773
5.350279
5.351778
5.353236
5.354734
5.356194
5.357653
5.359121
5.360583
5.362021
5.363459
5.364891
5.366323
5.367755
5.369199
5.370632
5.372078
5.373502
5.374907
5.376282
5.377699
5.379119
5.380516
5.381909
5.383323
5.384704
5.386076
5.387457
5.388803
5.390202
5.391571
5.392910
5.394294
5.395622
5.396982
5.398330
5.399675
5.401021
5.402369
5.403717
5.405026
5.406360
5.407657
5.408966
5.410285
5.411591
5.412870
5.414161
5.415452
5.416735
5.418020
5.419323
5.420597
5.421897
5.423192
5.424468
5.425729
5.426987
5.428228
5.429477
5.430696
5.431943
5.433141
5.434367
5.435571
5.436793
5.438001
5.439238
5.440470
5.441674
5.442887
5.444119
5.445308
5.446525
5.447741
5.448934
5.450090
5.451273
5.452394
5.453562
5.454710
5.455863
5.456990
5.458134
5.459255
5.460382
5.461532
5.462677
5.463833
5.464972
5.466110
5.467248
5.468375
5.469460
5.470589
5.471685
5.472776
5.473876
5.474939
5.476009
5.477081
5.478160
5.479215
5.480248
5.481312
5.482348
5.483406
5.484467
5.485507
5.486561
5.487625
5.488670
5.489695
5.490716
5.491732
5.492787
5.493803
5.494812
5.495810
5.496808
5.497799
5.498794
5.499776
5.500765
5.501733
5.502701
5.503665
5.504615
5.505562
5.506494
5.507446
5.508417
5.509367
5.510299
5.511249
5.512189
5.513127
5.514083
5.514997
5.515931
5.516848
5.517711
5.518595
5.519479
5.520357
5.521234
5.522106
5.522975
5.523832
5.524668
5.525539
5.526381
5.527232
5.528074
5.528931
5.529794
5.530639
5.531475
5.532320
5.533153
5.533986
5.534810
5.535600
5.536418
5.537236
5.538036
5.538860
5.539651
5.540442
5.541200
5.541961
5.542740
5.543489
5.544250
5.544993
5.545745
5.546479
5.547210
5.547938
5.548669
5.549373
5.550098
5.550799
5.551528
5.552240
5.552978
5.553706
5.554442
5.555177
5.555890
5.556609
5.557331
5.558035
5.558733
5.559437
5.560132
5.560824
5.561516
5.562184
5.562838
5.563497
5.564132
5.564740
5.565363
5.565992
5.566616
5.567233
5.567835
5.568407
5.568995
5.569576
5.570169
5.570747
5.571332
5.571909
5.572488
5.573063
5.573644
5.574220
5.574786
5.575358
5.575927
5.576469
5.577024
5.577599
5.578156
5.578729
5.579307
5.579849
5.580412
5.580978
5.581542
5.582090
5.582638
5.583163
5.583684
5.584188
5.584685
5.585167
5.585640
5.586099
5.586548
5.586971
5.587381
5.587798
5.588208
5.588610
5.589014
5.589413
5.589796
5.590191
5.590596
5.590980
5.591378
5.591783
5.592169
5.592556
5.592936
5.593298
5.593667
5.594027
5.594377
5.594709
5.595039
5.595360
5.595689
5.596016
5.596331
5.596642
5.596953
5.597274
5.597592
5.597898
5.598188
5.598491
5.598802
5.599105
5.599425
5.599725
5.600030
5.600363
5.600687
5.601016
5.601346
5.601687
5.602017
5.602349
5.602667
5.602982
5.603293
5.603605
5.603920
5.604219
5.604506
5.604785
5.605055
5.605319
5.605570
5.605813
5.606040
5.606259
5.606478
5.606658
5.606832
5.606997
5.607149
5.607290
5.607410
5.607509
5.607605
5.607679
5.607730
5.607763
5.607793
5.607817
5.607832
5.607838
5.607838
5.607838
5.607838
5.607838
5.607838
5.607838
5.607838
5.607838
5.607838
5.607838
5.607838
5.607763
5.607677
5.607602
5.607524
5.607431
5.607341
5.607251
5.607164
5.607068
5.606978
5.606880
5.606784
5.606688
5.606592
5.606490
5.606382
5.606289
5.606199
5.606115
5.606038
5.605954
5.605876
5.605816
5.605753
5.605693
5.605627
5.605585
5.605549
5.605514
5.605480
5.605447
5.605421
5.605409
5.605388
5.605361
5.605351
5.605351
5.605351
5.605351
5.605351
5.605351
5.605351
5.605351
5.605351
5.605351
5.605351
5.605351
5.605351
5.605351
5.605351
5.605351
5.605351
5.605351
5.605351
5.605351
5.605351
5.605351
5.605351
5.605351
5.605351
5.605351
5.605351
5.605351
5.605351
5.605351
5.605351
5.605351
5.605351
5.605351
5.605351
5.605351
5.605351
5.605351
5.605351
5.605351
5.605351
5.605351
5.605351
5.605351
5.605351
5.605351
5.605351
5.605351
5.605351
5.605351
5.605351
5.605351
5.605351
5.605351
5.605351
5.605351
5.605351
5.605351
5.605351
5.605351
5.605351
5.605351
5.605351
5.605351
5.605351
5.605351
5.605351
5.605351
5.605351
5.605351
5.605351
5.605351
5.605351
5.605351
5.605351
5.605351
5.605351
5.605351
5.605351
5.605351
5.605351
5.605351
5.605351
5.605351
5.605351
5.605351
5.605351
5.605351
5.605351
5.605351
5.605351
5.605351
5.605351
5.605351
5.605351
5.605351
5.605351
5.605351
5.605351
5.605351