5.605346
5.605346
5.605346
5.605346
5.605346
5.605346
5.605346
5.605346
5.605346
5.605346
5.605346
5.605576
5.605930
5.606352
5.606834
5.607425
5.608123
5.608950
5.609848
5.610894
5.611988
5.613189
5.614492
5.615958
5.617522
5.619211
5.621009
5.622900
5.624934
5.627031
5.629227
5.631564
5.633970
5.636561
5.639186
5.641952
5.644819
5.647832
5.650925
5.654136
5.657411
5.660832
5.664392
5.668107
5.671867
5.675729
5.679675
5.683785
5.688034
5.692420
5.696809
5.701411
5.706073
5.710837
5.715690
5.720733
5.725829
5.731057
5.736438
5.741939
5.747509
5.753099
5.758887
5.764691
5.770770
5.776897
5.783111
5.789501
5.795981
5.802507
5.809269
5.815974
5.822898
5.829942
5.836988
5.844305
5.851798
5.859061
5.866898
5.874595
5.882253
5.890169
5.898267
5.906314
5.914592
5.922969
5.931424
5.939993
5.948682
5.957544
5.966322
5.975517
5.984481
5.993739
6.003339
6.012653
6.022157
6.032020
6.041721
6.051587
6.061708
6.071777
6.081832
6.092438
6.102559
6.113147
6.123714
6.134626
6.145208
6.156048
6.166396
6.177289
6.188073
6.198652
6.209578
6.220379
6.231123
6.241924
6.252709
6.263540
6.274248
0.001840
0.012401
0.023207
0.033954
0.044737
0.055499
0.066120
0.076897
0.087964
0.098513
0.109227
0.119971
0.130679
0.141450
0.152167
0.162952
0.173624
0.184377
0.195166
0.205847
0.216513
0.227314
0.238016
0.248580
0.259399
0.270250
0.280826
0.291570
0.302224
0.312899
0.323529
0.334360
0.344948
0.355650
0.366292
0.376955
0.387747
0.398266
0.408950
0.419712
0.430210
0.440759
0.451629
0.462109
0.472751
0.483390
0.494002
0.504515
0.515124
0.525646
0.536306
0.546789
0.557222
0.567876
0.578464
0.588890
0.599397
0.609943
0.620420
0.630898
0.641453
0.651840
0.662305
0.672782
0.683092
0.693617
0.704001
0.714290
0.724701
0.735154
0.745664
0.755842
0.766364
0.776692
0.787070
0.797475
0.807800
0.818256
0.828475
0.839019
0.849199
0.859640
0.869950
0.880340
0.890754
0.901061
0.911565
0.921961
0.932157
0.942727
0.953105
0.963478
0.973847
0.984183
0.994571
1.005009
1.015331
1.025745
1.036294
1.046460
1.056988
1.067213
1.077888
1.088042
1.098609
1.109068
1.119488
1.129789
1.140269
1.150629
1.161026
1.171416
1.181947
1.192200
1.202590
1.213016
1.223374
1.233869
1.244073
1.254682
1.264998
1.275322
1.285814
1.296208
1.306571
1.316895
1.327400
1.337649
1.348034
1.358523
1.368706
1.379115
1.389433
1.399811
1.410028
1.420340
1.430853
1.441139
1.451436
1.461617
1.471932
1.482269
1.492551
1.502810
1.513149
1.523402
1.533681
1.544033
1.554378
1.564553
1.574784
1.585109
1.595298
1.605682
1.615920
1.626223
1.636560
1.646830
1.657113
1.667458
1.677678
1.688125
1.698362
1.708648
1.718933
1.729285
1.739561
1.749940
1.760210
1.770498
1.780919
1.791087
1.801645
1.811811
1.822285
1.832481
1.842829
1.853199
1.863499
1.873811
1.884250
1.894487
1.904953
1.915229
1.925556
1.935794
1.946253
1.956539
1.966821
1.977223
1.987542
1.997764
2.008185
2.018422
2.028734
2.039092
2.049377
2.059579
2.069915
2.080099
2.090295
2.100595
2.110770
2.120929
2.131454
2.141401
2.151824
2.162062
2.172159
2.182348
2.192577
2.202736
2.212956
2.223095
2.233221
2.243471
2.253514
2.263595
2.273806
2.283939
2.293990
2.304150
2.314115
2.324364
2.334377
2.344582
2.354544
2.364559
2.374674
2.384846
2.394649
2.404824
2.414920
2.424930
2.434988
2.445129
2.455124
2.465329
2.475153
2.485229
2.495436
2.505362
2.515432
2.525604
2.535631
2.545620
2.555645
2.565679
2.575794
2.585758
2.595816
2.605973
2.615929
2.625953
2.636152
2.646003
2.656232
2.666178
2.676371
2.686213
2.696262
2.706200
2.716455
2.726378
2.736256
2.746443
2.756480
2.766414
2.776364
2.786458
2.796357
2.806376
2.816398
2.826309
2.836324
2.846331
2.856140
2.866114
2.876115
2.885978
2.895988
2.905920
2.915741
2.925721
2.935545
2.945489
2.955286
2.965227
2.974973
2.984932
2.994798
3.004580
3.014344
3.024186
3.034076
3.043909
3.053760
3.063462
3.073282
3.083044
3.092745
3.102542
3.112291
3.122085
3.131751
3.141446
3.151156
3.160929
3.170645
3.180344
3.190024
3.199758
3.209447
3.219155
3.228892
3.238581
3.248276
3.258001
3.267790
3.277458
3.287153
3.296908
3.306499
3.316284
3.325802
3.335506
3.345336
3.354942
3.364640
3.374494
3.384010
3.393690
3.403589
3.413131
3.422844
3.432585
3.442193
3.451888
3.461583
3.471216
3.480848
3.490585
3.500182
3.509919
3.519524
3.529109
3.538753
3.548418
3.558092
3.567653
3.577282
3.586864
3.596472
3.606065
3.615536
3.625225
3.634806
3.644367
3.654041
3.663515
3.672994
3.682465
3.692112
3.701624
3.711230
3.720623
3.730237
3.739599
3.749124
3.758576
3.768083
3.777508
3.786946
3.796354
3.805839
3.815277
3.824712
3.834083
3.843479
3.852871
3.862315
3.871648
3.881037
3.890583
3.899643
3.909122
3.918350
3.927893
3.937103
3.946555
3.955789
3.965158
3.974523
3.983835
3.993183
4.002566
4.011854
4.021136
4.030690
4.039819
4.049215
4.058673
4.067838
4.077267
4.086696
4.095926
4.105385
4.114694
4.123981
4.133329
4.142713
4.152067
4.161390
4.170762
4.180083
4.189451
4.198826
4.208165
4.217494
4.226917
4.236193
4.245585
4.255029
4.264287
4.273671
4.283126
4.292411
4.301767
4.311034
4.320310
4.329720
4.339191
4.348596
4.357767
4.367162
4.376468
4.385843
4.395194
4.404508
4.413814
4.423162
4.432477
4.441746
4.451058
4.460409
4.469681
4.478948
4.488248
4.497491
4.506776
4.516067
4.525336
4.534687
4.543840
4.553107
4.562290
4.571589
4.580841
4.590078
4.599285
4.608459
4.617702
4.626929
4.636079
4.645292
4.654427
4.663679
4.672853
4.682021
4.691138
4.700447
4.709408
4.718791
4.727843
4.736894
4.746212
4.755329
4.764503
4.773586
4.782850
4.791949
4.801213
4.810243
4.819549
4.828609
4.837861
4.846996
4.856095
4.865418
4.874521
4.883707
4.892934
4.902105
4.911222
4.920384
4.929720
4.938711
4.948026
4.957158
4.966356
4.975616
4.984622
4.993913
5.003159
5.012208
5.021486
5.030699
5.039801
5.049017
5.058182
5.067368
5.076389
5.085608
5.094860
5.103950
5.113151
5.122252
5.131468
5.140597
5.149711
5.158751
5.167930
5.177044
5.186290
5.195425
5.204446
5.213587
5.222677
5.231710
5.240798
5.249923
5.258917
5.267990
5.276981
5.285999
5.295089
5.304008
5.313137
5.322068
5.331230
5.340033
5.349012
5.358183
5.367033
5.375932
5.384962
5.393788
5.402764
5.411764
5.420579
5.429534
5.438444
5.447258
5.456115
5.465031
5.473971
5.482771
5.491627
5.500439
5.509418
5.518232
5.527029
5.535888
5.544705
5.553466
5.562394
5.571218
5.580026
5.588876
5.597619
5.606421
5.615260
5.624080
5.632858
5.641724
5.650514
5.659302
5.668107
5.676849
5.685706
5.694523
5.703212
5.712077
5.720805
5.729556
5.738377
5.747140
5.755865
5.764652
5.773448
5.782236
5.790927
5.799745
5.808379
5.817188
5.825999
5.834697
5.843445
5.852200
5.860912
5.869678
5.878466
5.887092
5.895834
5.904553
5.913277
5.922053
5.930630
5.939427
5.948020
5.956753
5.965370
5.974073
5.982777
5.991354
5.999992
6.008747
6.017321
6.025908
6.034578
6.043156
6.051716
6.060342
6.068871
6.077527
6.086147
6.094602
6.103110
6.111685
6.120215
6.128810
6.137451
6.145741
6.154298
6.162951
6.171319
6.179866
6.188384
6.196761
6.205216
6.213778
6.222213
6.230614
6.239086
6.247541
6.256008
6.264532
6.272819
6.281217
0.006474
0.014813
0.023204
0.031659
0.039994
0.048398
0.056823
0.065203
0.073574
0.082005
0.090433
0.098708
0.107118
0.115381
0.123824
0.132312
0.140578
0.149009
0.157380
0.165703
0.174146
0.182499
0.190900
0.199214
0.207633
0.215956
0.224408
0.232677
0.241078
0.249407
0.257733
0.266101
0.274475
0.282864
0.291190
0.299597
0.307941
0.316261
0.324656
0.332952
0.341263
0.349595
0.357990
0.366259
0.374591
0.382932
0.391213
0.399509
0.407880
0.416140
0.424430
0.432759
0.441037
0.449325
0.457690
0.465935
0.474276
0.482536
0.490739
0.498978
0.507337
0.515474
0.523818
0.532025
0.540135
0.548512
0.556688
0.564888
0.573092
0.581358
0.589501
0.597689
0.605913
0.614096
0.622263
0.630544
0.638636
0.646870
0.655004
0.663135
0.671320
0.679452
0.687583
0.695768
0.703843
0.711926
0.720153
0.728245
0.736278
0.744433
0.752558
0.760636
0.768710
0.776826
0.784904
0.793077
0.801017
0.809172
0.817276
0.825357
0.833353
0.841421
0.849478
0.857609
0.865674
0.873863
0.881892
0.890023
0.898179
0.906154
0.914190
0.922291
0.930389
0.938431
0.946595
0.954579
0.962687
0.970860
0.978854
0.986976
0.995128
1.003131
1.011205
1.019345
1.027393
1.035512
1.043685
1.051691
1.059834
1.067965
1.076031
1.084033
1.092197
1.100224
1.108349
1.116444
1.124531
1.132590
1.140754
1.148784
1.156957
1.164939
1.173133
1.181150
1.189246
1.197278
1.205301
1.213460
1.221441
1.229710
1.237731
1.245715
1.253778
1.261930
1.269893
1.277887
1.286123
1.294087
1.302122
1.310289
1.318244
1.326174
1.334435
1.342377
1.350260
1.358364
1.366387
1.374531
1.382392
1.390545
1.398421
1.406487
1.414507
1.422399
1.430506
1.438460
1.446475
1.454546
1.462495
1.470416
1.478350
1.486293
1.494391
1.502301
1.510246
1.518183
1.526158
1.534092
1.542001
1.549998
1.557877
1.565757
1.573712
1.581702
1.589615
1.597599
1.605527
1.613436
1.621397
1.629315
1.637234
1.645200
1.653116
1.661056
1.669049
1.676944
1.684925
1.692877
1.700819
1.708759
1.716752
1.724647
1.732643
1.740556
1.748474
1.756540
1.764560
1.772431
1.780442
1.788361
1.796247
1.804354
1.812258
1.820134
1.828232
1.836169
1.844121
1.852246
1.860069
1.868098
1.875933
1.883857
1.891848
1.899841
1.907844
1.915684
1.923744
1.931677
1.939641
1.947580
1.955610
1.963498
1.971471
1.979336
1.987239
1.995337
2.003148
2.010980
2.018950
2.026973
2.034811
2.042786
2.050666
2.058584
2.066584
2.074353
2.082271
2.090214
2.098021
2.106012
2.113858
2.121771
2.129591
2.137491
2.145422
2.153254
2.161061
2.168833
2.176731
2.184544
2.192379
2.200142
2.208034
2.215775
2.223514
2.231517
2.239094
2.246961
2.254817
2.262451
2.270259
2.278183
2.285730
2.293670
2.301304
2.309031
2.316820
2.324574
2.332205
2.339914
2.347754
2.355332
2.363055
2.370809
2.378536
2.386296
2.393936
2.401579
2.409246
2.417038
2.424726
2.432360
2.440078
2.447751
2.455409
2.463112
2.470773
2.478455
2.486262
2.493854
2.501539
2.509182
2.516960
2.524618
2.532195
2.539895
2.547547
2.555207
2.562833
2.570514
2.578229
2.585827
2.593515
2.601242
2.608924
2.616402
2.624213
2.631784
2.639436
2.647094
2.654757
2.662326
2.669981
2.677734
2.685224
2.693008
2.700516
2.708135
2.715802
2.723442
2.731070
2.738626
2.746143
2.753765
2.761432
2.769009
2.776607
2.784175
2.791764
2.799350
2.806936
2.814522
2.822093
2.829691
2.837202
2.844728
2.852309
2.859823
2.867441
2.874950
2.882455
2.890005
2.897540
2.904970
2.912457
2.920055
2.927447
2.934997
2.942469
2.949947
2.957419
2.964891
2.972354
2.979812
2.987296
2.994765
3.002132
3.009631
3.017032
3.024411
3.031817
3.039241
3.046540
3.054015
3.061430
3.068762
3.076189
3.083484
3.090890
3.098255
3.105622
3.112974
3.120423
3.127694
3.135013
3.142309
3.149676
3.156986
3.164327
3.171559
3.178989
3.186216
3.193625
3.200816
3.208282
3.215514
3.222828
3.230108
3.237478
3.244855
3.252009
3.259392
3.266666
3.273976
3.281245
3.288531
3.295871
3.303194
3.310441
3.317749
3.324948
3.332349
3.339593
3.346853
3.354115
3.361443
3.368715
3.375965
3.383240
3.390490
3.397794
3.404973
3.412241
3.419465
3.426787
3.434023
3.441255
3.448565
3.455747
3.462962
3.470245
3.477432
3.484692
3.491948
3.499082
3.506377
3.513622
3.520771
3.527934
3.535113
3.542237
3.549464
3.556738
3.563821
3.571002
3.578229
3.585320
3.592529
3.599750
3.606775
3.613945
3.621088
3.628194
3.635295
3.642428
3.649604
3.656603
3.663805
3.670831
3.677863
3.684948
3.691989
3.699036
3.706211
3.713156
3.720221
3.727412
3.734234
3.741322
3.748399
3.755407
3.762429
3.769437
3.776379
3.783342
3.790401
3.797324
3.804308
3.811343
3.818264
3.825266
3.832154
3.839117
3.846142
3.852937
3.859867
3.866758
3.873748
3.880660
3.887533
3.894433
3.901309
3.908304
3.915114
3.921960
3.928821
3.935757
3.942579
3.949437
3.956271
3.963252
3.969933
3.976860
3.983700
3.990516
3.997431
4.004346
4.011141
4.018053
4.024869
4.031622
4.038555
4.045311
4.052271
4.058991
4.065846
4.072689
4.079553
4.086372
4.093236
4.100049
4.106916
4.113645
4.120464
4.127307
4.134081
4.141005
4.147800
4.154637
4.161480
4.168272
4.175163
4.181937
4.188783
4.195539
4.202397
4.209166
4.215966
4.222825
4.229566
4.236396
4.243201
4.250001
4.256761
4.263547
4.270300
4.277095
4.283908
4.290658
4.297471
4.304275
4.310977
4.317842
4.324508
4.331315
4.338071
4.344860
4.351565
4.358372
4.365191
4.371806
4.378616
4.385268
4.392126
4.398855
4.405638
4.412235
4.419087
4.425828
4.432515
4.439245
4.445971
4.452529
4.459318
4.465970
4.472683
4.479424
4.486016
4.492730
4.499405
4.506078
4.512726
4.519398
4.526049
4.532682
4.539361
4.545937
4.552600
4.559278
4.565801
4.572458
4.578987
4.585620
4.592232
4.598871
4.605400
4.611973
4.618609
4.625165
4.631735
4.638383
4.644792
4.651488
4.657987
4.664551
4.670990
4.677680
4.684082
4.690661
4.697328
4.703763
4.710238
4.716826
4.723291
4.729856
4.736354
4.742868
4.749360
4.755946
4.762480
4.768991
4.775447
4.781963
4.788378
4.795008
4.801429
4.807957
4.814488
4.820858
4.827470
4.833960
4.840425
4.846903
4.853434
4.859867
4.866305
4.872846
4.879308
4.885816
4.892227
4.898681
4.905155
4.911657
4.918119
4.924564
4.931071
4.937563
4.943993
4.950510
4.956912
4.963449
4.969828
4.976275
4.982711
4.989198
4.995591
5.002045
5.008525
5.014991
5.021384
5.027829
5.034198
5.040640
5.047102
5.053430
5.059869
5.066370
5.072689
5.079062
5.085476
5.091878
5.098233
5.104702
5.111065
5.117402
5.123858
5.130162
5.136631
5.142967
5.149262
5.155679
5.162052
5.168503
5.174722
5.181059
5.187321
5.193685
5.200051
5.206424
5.212623
5.218875
5.225236
5.231494
5.237825
5.244027
5.250319
5.256596
5.262797
5.269113
5.275390
5.281586
5.287829
5.294130
5.300227
5.306438
5.312736
5.319048
5.325121
5.331431
5.337486
5.343709
5.349875
5.356041
5.362243
5.368423
5.374485
5.380644
5.386771
5.393042
5.399097
5.405278
5.411336
5.417394
5.423638
5.429603
5.435655
5.441887
5.447900
5.453982
5.460061
5.466104
5.472150
5.478244
5.484260
5.490240
5.496265
5.502317
5.508345
5.514505
5.520398
5.526370
5.532359
5.538375
5.544436
5.550332
5.556408
5.562415
5.568419
5.574354
5.580347
5.586318
5.592322
5.598320
5.604237
5.610130
5.616209
5.622087
5.628037
5.634021
5.639911
5.645927
5.651824
5.657815
5.663739
5.669662
5.675594
5.681425
5.687410
5.693343
5.699254
5.705195
5.711073
5.717011
5.722884
5.728837
5.734661
5.740621
5.746517
5.752347
5.758270
5.764182
5.770021
5.775944
5.781780
5.787641
5.793495
5.799352
5.805231
5.811100
5.816954
5.822689
5.828552
5.834457
5.840245
5.846085
5.851858
5.857775
5.863543
5.869433
5.875179
5.880998
5.886765
5.892637
5.898348
5.904163
5.909868
5.915695
5.921423
5.927176
5.933063
5.938788
5.944466
5.950237
5.956055
5.961723
5.967506
5.973288
5.978924
5.984748
5.990384
5.996151
6.001721
6.007557
6.013208
6.018918
6.024563
6.030291
6.036011
6.041616
6.047234
6.052896
6.058562
6.064249
6.069893
6.075550
6.081200
6.086770
6.092459
6.098044
6.103611
6.109342
6.114822
6.120442
6.126114
6.131722
6.137232
6.142808
6.148408
6.154010
6.159586
6.165126
6.170644
6.176214
6.181862
6.187284
6.192941
6.198379
6.203960
6.209423
6.214959
6.220448
6.225996
6.231494
6.237013
6.242538
6.248026
6.253503
6.258965
6.264439
6.269990
6.275381
6.280926
0.003167
0.008653
0.014087
0.019573
0.024981
0.030491
0.035998
0.041358
0.046804
0.052377
0.057731
0.063253
0.068706
0.074140
0.079602
0.084977
0.090472
0.095865
0.101279
0.106752
0.112151
0.117568
0.122988
0.128390
0.133831
0.139248
0.144707
0.150132
0.155450
0.160963
0.166368
0.171731
0.177082
0.182514
0.187910
0.193288
0.198818
0.204124
0.209607
0.215000
0.220357
0.225678
0.231194
0.236509
0.241890
0.247354
0.252714
0.258041
0.263482
0.268785
0.274166
0.279592
0.284940
0.290330
0.295678
0.301029
0.306392
0.311797
0.317109
0.322439
0.327855
0.333173
0.338512
0.343944
0.349178
0.354508
0.359979
0.365246
0.370564
0.375870
0.381197
0.386500
0.391806
0.397148
0.402436
0.407763
0.413087
0.418399
0.423708
0.428963
0.434347
0.439566
0.444848
0.450080
0.455460
0.460707
0.465947
0.471277
0.476586
0.481781
0.487036
0.492357
0.497579
0.502867
0.508107
0.513347
0.518626
0.523848
0.529098
0.534332
0.539524
0.544818
0.549971
0.555130
0.560442
0.565584
0.570854
0.576007
0.581286
0.586367
0.591724
0.596856
0.602120
0.607259
0.612460
0.617577
0.622760
0.627964
0.633055
0.638214
0.643406
0.648544
0.653674
0.658836
0.663986
0.669121
0.674295
0.679389
0.684500
0.689722
0.694764
0.699870
0.705008
0.710140
0.715192
0.720354
0.725438
0.730462
0.735652
0.740676
0.745733
0.750926
0.755980
0.761055
0.766154
0.771206
0.776233
0.781276
0.786384
0.791423
0.796484
0.801508
0.806592
0.811689
0.816647
0.821728
0.826822
0.831819
0.836873
0.841949
0.846925
0.851977
0.857076
0.862118
0.867116
0.872176
0.877206
0.882240
0.887288
0.892262
0.897295
0.902352
0.907347
0.912401
0.917470
0.922447
0.927465
0.932445
0.937490
0.942514
0.947611
0.952629
0.957543
0.962675
0.967603
0.972616
0.977667
0.982647
0.987656
0.992692
0.997681
1.002675
1.007724
1.012682
1.017715
1.022758
1.027758
1.032729
1.037717
1.042637
1.047700
1.052622
1.057704
1.062653
1.067627
1.072687
1.077589
1.082673
1.087577
1.092575
1.097572
1.102531
1.107492
1.112451
1.117463
1.122445
1.127437
1.132380
1.137333
1.142360
1.147226
1.152214
1.157134
1.162179
1.167099
1.172045
1.176932
1.181881
1.186837
1.191759
1.196796
1.201661
1.206656
1.211560
1.216531
1.221468
1.226412
1.231319
1.236197
1.241161
1.246108
1.251006
1.255911
1.260854
1.265753
1.270666
1.275628
1.280487
1.285374
1.290336
1.295168
1.300073
1.304980
1.309837
1.314762
1.319589
1.324458
1.329452
1.334240
1.339141
1.344001
1.348881
1.353690
1.358580
1.363460
1.368293
1.373123
1.377994
1.382809
1.387629
1.392516
1.397298
1.402163
1.406969
1.411766
1.416646
1.421491
1.426243
1.431063
1.435902
1.440690
1.445501
1.450292
1.455110
1.459903
1.464658
1.469440
1.474239
1.479066
1.483803
1.488558
1.493423
1.498196
1.502924
1.507768
1.512481
1.517227
1.522012
1.526733
1.531473
1.536255
1.541010
1.545731
1.550540
1.555274
1.559981
1.564687
1.569496
1.574197
1.578901
1.583619
1.588353
1.593105
1.597812
1.602593
1.607300
1.611965
1.616810
1.621436
1.626169
1.630879
1.635577
1.640263
1.645036
1.649808
1.654548
1.659240
1.663923
1.668615
1.673339
1.678031
1.682723
1.687439
1.692155
1.696846
1.701547
1.706224
1.710949
1.715638
1.720356
1.725030
1.729758
1.734435
1.739148
1.743822
1.748504
1.753166
1.757885
1.762508
1.767203
1.771919
1.776583
1.781227
1.785934
1.790692
1.795279
1.799977
1.804630
1.809318
1.813998
1.818678
1.823316
1.828053
1.832730
1.837397
1.842011
1.846715
1.851347
1.856012
1.860641
1.865312
1.870021
1.874614
1.879273
1.883956
1.888636
1.893274
1.897897
1.902514
1.907179
1.911837
1.916460
1.921110
1.925682
1.930305
1.935003
1.939602
1.944222
1.948836
1.953465
1.958058
1.962743
1.967405
1.971887
1.976564
1.981187
1.985732
1.990343
1.994930
1.999550
2.004140
2.008739
2.013344
2.017910
2.022542
2.027105
2.031671
2.036219
2.040836
2.045399
2.049935
2.054468
2.059127
2.063710
2.068118
2.072729
2.077322
2.081831
2.086319
2.090879
2.095430
2.099984
2.104454
2.109011
2.113526
2.118098
2.122622
2.127071
2.131637
2.136128
2.140619
2.145110
2.149586
2.154123
2.158620
2.163057
2.167557
2.172075
2.176542
2.180997
2.185482
2.189958
2.194422
2.198889
2.203300
2.207800
2.212246
2.216710
2.221108
2.225545
2.229998
2.234387
2.238773
2.243210
2.247710
2.252136
2.256447
2.260854
2.265372
2.269716
2.274079
2.278465
2.282917
2.287279
2.291656
2.296013
2.300423
2.304830
2.309129
2.313438
2.317857
2.322213
2.326551
2.330944
2.335225
2.339623
2.344003
2.348273
2.352605
2.356992
2.361315
2.365593
2.369865
2.374243
2.378575
2.382901
2.387165
2.391524
2.395901
2.400126
2.404443
2.408736
2.413048
2.417356
2.421649
2.425922
2.430260
2.434598
2.438814
2.443080
2.447371
2.451721
2.455948
2.460248
2.464544
2.468810
2.473059
2.477334
2.481645
2.485864
2.490220
2.494438
2.498708
2.502953
2.507220
2.511456
2.515732
2.520022
2.524261
2.528483
2.532719
2.537004
2.541210
2.545473
2.549734
2.553988
2.558213
2.562458
2.566667
2.570913
2.575170
2.579383
2.583571
2.587886
2.592014
2.596251
2.600493
2.604717
2.608897
2.613160
2.617286
2.621582
2.625783
2.629974
2.634178
2.638411
2.642606
2.646764
2.650923
2.655084
2.659338
2.663542
2.667709
2.671850
2.676075
2.680251
2.684386
2.688643
2.692748
2.696906
2.701163
2.705241
2.709388
2.713645
2.717714
2.721902
2.726064
2.730165
2.734315
2.738497
2.742611
2.746766
2.750907
2.755027
2.759152
2.763305
2.767403
2.771523
2.775645
2.779774
2.783906
2.787971
2.792064
2.796144
2.800264
2.804408
2.808488
2.812554
2.816640
2.820706
2.824802
2.828864
2.832984
2.837065
2.841148
2.845211
2.849300
2.853309
2.857348
2.861387
2.865434
2.869479
2.873586
2.877637
2.881637
2.885709
2.889744
2.893762
2.897792
2.901866
2.905869
2.909863
2.913868
2.917886
2.921925
2.925898
2.929876
2.933876
2.937849
2.941915
2.945896
2.949845
2.953851
2.957785
2.961817
2.965733
2.969769
2.973679
2.977624
2.981672
2.985561
2.989552
2.993489
2.997443
3.001389
3.005284
3.009248
3.013230
3.017080
3.021055
3.024965
3.028875
3.032809
3.036773
3.040617
3.044526
3.048535
3.052325
3.056268
3.060160
3.064013
3.067878
3.071775
3.075667
3.079544
3.083451
3.087301
3.091199
3.095055
3.098911
3.102761
3.106635
3.110491
3.114281
3.118220
3.121971
3.125851
3.129662
3.133491
3.137320
3.141143
3.145041
3.148768
3.152609
3.156477
3.160291
3.164117
3.167925
3.171757
3.175571
3.179367
3.183133
3.186977
3.190734
3.194506
3.198383
3.202128
3.205945
3.209768
3.213504
3.217246
3.221135
3.224841
3.228625
3.232448
3.236184
3.239965
3.243767
3.247497
3.251311
3.255044
3.258798
3.262555
3.266319
3.270034
3.273794
3.277566
3.281362
3.285104
3.288855
3.292591
3.296312
3.300099
3.303808
3.307523
3.311292
3.315031
3.318722
3.322492
3.326126
3.329856
3.333604
3.337295
3.340977
3.344707
3.348440
3.352125
3.355835
3.359556
3.363196
3.366929
3.370539
3.374263
3.378000
3.381613
3.385274
3.388974
3.392632
3.396302
3.399976
3.403607
3.407217
3.410920
3.414560
3.418171
3.421817
3.425412
3.429058
3.432693
3.436264
3.439862
3.443481
3.447092
3.450711
3.454312
3.457886
3.461488
3.465137
3.468624
3.472267
3.475836
3.479401
3.482963
3.486613
3.490103
3.493638
3.497236
3.500745
3.504325
3.507860
3.511351
3.514907
3.518425
3.521996
3.525510
3.529073
3.532557
3.536059
3.539574
3.543100
3.546612
3.550099
3.553544
3.557062
3.560540
3.564018
3.567458
3.570946
3.574379
3.577872
3.581312
3.584760
3.588203
3.591717
3.595130
3.598590
3.601997
3.605397
3.608816
3.612252
3.615680
3.619140
3.622555
3.625908
3.629303
3.632697
3.636107
3.639435
3.642851
3.646236
3.649544
3.652945
3.656300
3.659629
3.663074
3.666334
3.669636
3.672991
3.676305
3.679663
3.682968
3.686291
3.689553
3.692906
3.696205
3.699512
3.702799
3.706083
3.709342
3.712623
3.715919
3.719136
3.722396
3.725674
3.728949
3.732184
3.735450
3.738605
3.741843
3.745076
3.748306
3.751539
3.754771
3.757959
3.761204
3.764344
3.767562
3.770743
3.773913
3.777041
3.780214
3.783357
3.786530
3.789726
3.792857
3.796012
3.799206
3.802328
3.805474
3.808638
3.811744
3.814875
3.818051
3.821140
3.824256
3.827348
3.830389
3.833538
3.836642
3.839695
3.842820
3.845948
3.849025
3.852104
3.855193
3.858276
3.861419
3.864490
3.867531
3.870575
3.873661
3.876702
3.879752
3.882811
3.885828
3.888863
3.891886
3.894885
3.897917
3.900964
3.903984
3.907034
3.910084
3.913113
3.916124
3.919204
3.922146
3.925175
3.928183
3.931182
3.934172
3.937139
3.940158
3.943146
3.946127
3.949129
3.952143
3.955121
3.957997
3.960966
3.963962
3.966913
3.969912
3.972875
3.975830
3.978775
3.981696
3.984614
3.987565
3.990510
3.993422
3.996337
3.999250
4.002168
4.005107
4.008043
4.010979
4.013870
4.016800
4.019668
4.022592
4.025477
4.028332
4.031239
4.034112
4.036979
4.039918
4.042809
4.045656
4.048460
4.051366
4.054167
4.057055
4.059932
4.062793
4.065633
4.068461
4.071260
4.074073
4.076875
4.079673
4.082564
4.085314
4.088109
4.090953
4.093733
4.096505
4.099381
4.102129
4.104906
4.107698
4.110463
4.113238
4.116033
4.118816
4.121561
4.124323
4.127064
4.129830
4.132598
4.135355
4.138105
4.140846
4.143561
4.146299
4.149046
4.151803
4.154592
4.157325
4.160024
4.162726
4.165492
4.168149
4.170888
4.173638
4.176329
4.179040
4.181757
4.184427
4.187162
4.189880
4.192579
4.195261
4.197981
4.200651
4.203344
4.206002
4.208749
4.211373
4.214046
4.216698
4.219364
4.222018
4.224703
4.227360
4.230027
4.232643
4.235264
4.237927
4.240537
4.243234
4.245843
4.248497
4.251122
4.253729
4.256338
4.258954
4.261563
4.264209
4.266819
4.269455
4.272007
4.274605
4.277200
4.279782
4.282377
4.285052
4.287635
4.290131
4.292713
4.295275
4.297861
4.300422
4.302978
4.305575
4.308137
4.310645
4.313168
4.315729
4.318300
4.320852
4.323393
4.325928
4.328441
4.330991
4.333484
4.336003
4.338574
4.341088
4.343547
4.346040
4.348509
4.351023
4.353539
4.356002
4.358501
4.361042
4.363477
4.365928
4.368376
4.370878
4.373328
4.375800
4.378227
4.380662
4.383066
4.385483
4.387907
4.390349
4.392743
4.395164
4.397590
4.399999
4.402372
4.404805
4.407193
4.409614
4.412019
4.414386
4.416804
4.419210
4.421544
4.423941
4.426296
4.428720
4.431050
4.433411
4.435745
4.438082
4.440425
4.442741
4.445075
4.447427
4.449704
4.452050
4.454387
4.456687
4.458956
4.461268
4.463540
4.465840
4.468132
4.470409
4.472683
4.474967
4.477232
4.479503
4.481782
4.484009
4.486259
4.488554
4.490774
4.493003
4.495268
4.497503
4.499729
4.501982
4.504166
4.506380
4.508597
4.510818
4.513011
4.515210
4.517442
4.519599
4.521813
4.523991
4.526175
4.528350
4.530516
4.532682
4.534855
4.536976
4.539115
4.541287
4.543417
4.545536
4.547681
4.549787
4.551905
4.554023
4.556159
4.558245
4.560378
4.562479
4.564572
4.566664
4.568758
4.570813
4.572937
4.574981
4.577036
4.579085
4.581198
4.583238
4.585320
4.587367
4.589398
4.591456
4.593500
4.595540
4.597562
4.599615
4.601586
4.603641
4.605649
4.607656
4.609672
4.611656
4.613666
4.615667
4.617645
4.619637
4.621612
4.623601
4.625578
4.627580
4.629515
4.631451
4.633419
4.635345
4.637275
4.639219
4.641146
4.643060
4.644987
4.646904
4.648825
4.650736
4.652612
4.654514
4.656425
4.658325
4.660219
4.662133
4.664039
4.665905
4.667778
4.669600
4.671475
4.673359
4.675217
4.677048
4.678902
4.680759
4.682599
4.684439
4.686269
4.688103
4.689939
4.691710
4.693541
4.695371
4.697169
4.699008
4.700782
4.702559
4.704339
4.706130
4.707925
4.709713
4.711448
4.713204
4.714981
4.716742
4.718486
4.720265
4.721985
4.723708
4.725431
4.727169
4.728915
4.730632
4.732361
4.734077
4.735779
4.737511
4.739203
4.740917
4.742628
4.744297
4.746014
4.747680
4.749378
4.751122
4.752812
4.754531
4.756173
4.757872
4.759520
4.761209
4.762876
4.764533
4.766192
4.767852
4.769488
4.771127
4.772787
4.774434
4.776100
4.777727
4.779333
4.780954
4.782557
4.784193
4.785804
4.787431
4.789028
4.790640
4.792225
4.793837
4.795461
4.797063
4.798678
4.800305
4.801884
4.803478
4.805051
4.806618
4.808194
4.809788
4.811334
4.812877
4.814450
4.815954
4.817542
4.819078
4.820603
4.822125
4.823666
4.825175
4.826701
4.828228
4.829748
4.831282
4.832791
4.834266
4.835773
4.837262
4.838775
4.840246
4.841764
4.843230
4.844707
4.846184
4.847652
4.849111
4.850579
4.852011
4.853470
4.854923
4.856349
4.857769
4.859199
4.860637
4.862021
4.863474
4.864841
4.866275
4.867671
4.869089
4.870485
4.871902
4.873280
4.874703
4.876091
4.877475
4.878850
4.880204
4.881561
4.882930
4.884246
4.885603
4.886903
4.888272
4.889603
4.890966
4.892293
4.893618
4.894959
4.896287
4.897587
4.898900
4.900221
4.901515
4.902803
4.904088
4.905356
4.906587
4.907879
4.909122
4.910408
4.911672
4.912939
4.914194
4.915456
4.916696
4.917952
4.919186
4.920417
4.921639
4.922880
4.924067
4.925286
4.926472
4.927677
4.928857
4.930068
4.931218
4.932398
4.933582
4.934732
4.935916
4.937126
4.938301
4.939463
4.940635
4.941773
4.942912
4.944053
4.945179
4.946285
4.947391
4.948517
4.949605
4.950701
4.951780
4.952870
4.953934
4.955021
4.956109
4.957197
4.958293
4.959375
4.960463
4.961526
4.962623
4.963668
4.964708
4.965765
4.966790
4.967812
4.968831
4.969849
4.970883
4.971889
4.972878
4.973855
4.974837
4.975841
4.976833
4.977795
4.978783
4.979751
4.980746
4.981713
4.982687
4.983661
4.984643
4.985605
4.986582
4.987559
4.988479
4.989408
4.990360
4.991256
4.992155
4.993048
4.993928
4.994794
4.995678
4.996544
4.997398
4.998267
4.999138
5.000001
5.000864
5.001718
5.002575
5.003441
5.004322
5.005208
5.006080
5.006967
5.007818
5.008675
5.009508
5.010332
5.011144
5.011938
5.012732
5.013499
5.014247
5.015000
5.015760
5.016507
5.017247
5.017981
5.018700
5.019443
5.020192
5.020926
5.021648
5.022391
5.023119
5.023829
5.024551
5.025264
5.025971
5.026699
5.027430
5.028167
5.028883
5.029605
5.030324
5.031046
5.031754
5.032454
5.033132
5.033806
5.034474
5.035103
5.035714
5.036337
5.036955
5.037563
5.038168
5.038767
5.039358
5.039960
5.040577
5.041176
5.041775
5.042372
5.042977
5.043570
5.044154
5.044717
5.045281
5.045841
5.046410
5.046947
5.047498
5.048037
5.048576
5.049095
5.049616
5.050159
5.050713
5.051264
5.051815
5.052351
5.052876
5.053418
5.053963
5.054512
5.055051
5.055569
5.056067
5.056555
5.057049
5.057514
5.057966
5.058436
5.058892
5.059332
5.059761
5.060165
5.060575
5.060992
5.061394
5.061798
5.062193
5.062592
5.062994
5.063398
5.063797
5.064192
5.064596
5.065007
5.065399
5.065789
5.066163
5.066553
5.066936
5.067311
5.067682
5.068024
5.068353
5.068680
5.069013
5.069324
5.069627
5.069935
5.070229
5.070526
5.070810
5.071095
5.071371
5.071655
5.071922
5.072195
5.072458
5.072740
5.073015
5.073297
5.073594
5.073887
5.074199
5.074510
5.074834
5.075137
5.075433
5.075747
5.076080
5.076404
5.076713
5.077009
5.077306
5.077611
5.077902
5.078177
5.078444
5.078717
5.078966
5.079214
5.079463
5.079688
5.079879
5.080068
5.080248
5.080428
5.080586
5.080742
5.080880
5.081003
5.081101
5.081189
5.081273
5.081350
5.081422
5.081476
5.081524
5.081566
5.081599
5.081626
5.081647
5.081668
5.081677
5.081686
5.081692
5.081692
5.081692
5.081692
5.081692
5.081692
5.081692
5.081692
5.081692
5.081692
5.081692
5.081692
5.081692
5.081665
5.081614
5.081557
5.081497
5.081422
5.081338
5.081257
5.081180
5.081084
5.080988
5.080889
5.080784
5.080673
5.080559
5.080440
5.080317
5.080191
5.080071
5.079945
5.079816
5.079690
5.079565
5.079436
5.079301
5.079160
5.079016
5.078887
5.078759
5.078624
5.078483
5.078357
5.078240
5.078130
5.078022
5.077905
5.077797
5.077701
5.077608
5.077515
5.077423
5.077342
5.077255
5.077171
5.077105
5.077045
5.076973
5.076916
5.076865
5.076817
5.076769
5.076736
5.076715
5.076697
5.076674
5.076646
5.076622
5.076604
5.076602
5.076599
5.076587
5.076587
5.076587
5.076587
5.076587
5.076583
5.076581
5.076581
5.076581
5.076581
5.076581
5.076581
5.076581
5.076581
5.076581
5.076581
5.076581
5.076581
5.076581
5.076581
5.076581
5.076581
5.076581
5.076581
5.076581
5.076581
5.076581
5.076581
5.076581
5.076581
5.076581
5.076581
5.076581
5.076581
5.076581
5.076581
5.076581
5.076581
5.076581
5.076581
5.076581
5.076581
5.076581
5.076581
5.076581
5.076581
5.076581
5.076581
5.076581
5.076581
5.076581
5.076581
5.076581
5.076581
5.076581
5.076581
5.076581
5.076581
5.076581
5.076581
5.076581
5.076581
5.076581
5.076581
5.076581
5.076581
5.076581
5.076581
5.076581
5.076581
5.076581
5.076581
5.076581
5.076581
5.076581
5.076581
5.076581
5.076581
5.076581
5.076581
5.076581
5.076581
5.076581
5.076581
5.076581
5.076581
5.076581
5.076581
5.076581
5.076581
5.076581
5.076581
5.076581
5.076581
5.076581
5.076581
5.076581
5.076581
5.076581
5.076581
5.076581
5.076581
5.076581
5.076581
5.076581
5.076581