5.076581
5.076581
5.076581
5.076581
5.076581
5.076581
5.076581
5.076581
5.076721
5.076997
5.077360
5.077782
5.078303
5.078885
5.079562
5.080349
5.081275
5.082321
5.083438
5.084643
5.085949
5.087379
5.088927
5.090599
5.092373
5.094260
5.096241
5.098389
5.100552
5.102859
5.105310
5.107853
5.110511
5.113282
5.116126
5.119107
5.122229
5.125360
5.128679
5.132110
5.135725
5.139357
5.143183
5.147027
5.150997
5.155245
5.159412
5.163760
5.168242
5.172796
5.177482
5.182302
5.187186
5.192163
5.197277
5.202547
5.207934
5.213315
5.218881
5.224646
5.230377
5.236324
5.242320
5.248402
5.254603
5.260910
5.267438
5.273922
5.280645
5.287431
5.294256
5.301318
5.308371
5.315609
5.322889
5.330296
5.337858
5.345584
5.353341
5.361107
5.369044
5.377310
5.385312
5.393755
5.402126
5.410662
5.419207
5.428069
5.436856
5.445761
5.454905
5.464006
5.473277
5.482756
5.492053
5.501823
5.511524
5.521318
5.531283
5.541332
5.551497
5.561732
5.572128
5.582689
5.593292
5.604030
5.614708
5.625521
5.636400
5.647152
5.657864
5.668955
5.679693
5.690664
5.701818
5.712595
5.723546
5.734565
5.745399
5.756338
5.767313
5.778116
5.789016
5.800032
5.810959
5.821799
5.832686
5.843541
5.854501
5.865481
5.876405
5.887550
5.898282
5.909230
5.920030
5.930939
5.941827
5.952765
5.963509
5.974487
5.985398
5.996199
6.007134
6.017960
6.028635
6.039327
6.050359
6.061046
6.071721
6.082591
6.093295
6.103880
6.114678
6.125628
6.136037
6.146931
6.157525
6.168203
6.178844
6.189442
6.200089
6.210762
6.221455
6.232028
6.242649
6.253123
6.263786
6.274326
0.001696
0.012371
0.022899
0.033394
0.043967
0.054498
0.064987
0.075590
0.086110
0.096671
0.107094
0.117937
0.128255
0.138825
0.149332
0.159843
0.170356
0.180857
0.191328
0.201946
0.212322
0.222787
0.233318
0.243885
0.254365
0.264866
0.275622
0.285887
0.296601
0.307024
0.317468
0.328032
0.338581
0.348987
0.359644
0.369947
0.380601
0.390940
0.401555
0.411916
0.422423
0.432972
0.443365
0.453852
0.464296
0.474662
0.485109
0.495620
0.505941
0.516349
0.526776
0.537271
0.547574
0.557920
0.568274
0.578685
0.588938
0.599370
0.609644
0.620025
0.630181
0.640599
0.650938
0.661266
0.671446
0.681669
0.692119
0.702222
0.712510
0.722829
0.732979
0.743322
0.753442
0.763689
0.773935
0.784215
0.794365
0.804603
0.814721
0.824949
0.835250
0.845238
0.855503
0.865758
0.876029
0.886296
0.896438
0.906529
0.916727
0.927061
0.937145
0.947407
0.957626
0.967816
0.978015
0.988315
0.998544
1.008667
1.018935
1.029139
1.039356
1.049674
1.059861
1.070032
1.080390
1.090621
1.100961
1.111090
1.121316
1.131742
1.141869
1.152133
1.162431
1.172686
1.182909
1.193137
1.203429
1.213837
1.223934
1.234180
1.244283
1.254587
1.264860
1.275011
1.285263
1.295546
1.305603
1.315964
1.326198
1.336412
1.346578
1.356896
1.366957
1.377146
1.387339
1.397555
1.407751
1.417938
1.428034
1.438251
1.448545
1.458480
1.468814
1.478943
1.489088
1.499152
1.509443
1.519441
1.529607
1.539703
1.549866
1.559969
1.570176
1.580114
1.590352
1.600484
1.610581
1.620642
1.630891
1.640931
1.651121
1.661331
1.671308
1.681653
1.691732
1.701877
1.711980
1.722064
1.732260
1.742440
1.752687
1.762796
1.773048
1.783094
1.793493
1.803500
1.813740
1.823771
1.833952
1.844384
1.854487
1.864629
1.874776
1.884912
1.895107
1.905402
1.915547
1.925832
1.935896
1.946187
1.956383
1.966530
1.976759
1.986865
1.997252
2.007256
2.017430
2.027665
2.037801
2.047900
2.058078
2.068211
2.078316
2.088509
2.098621
2.108690
2.118820
2.128890
2.138978
2.149188
2.159171
2.169324
2.179412
2.189410
2.199492
2.209535
2.219544
2.229626
2.239603
2.249619
2.259551
2.269671
2.279606
2.289607
2.299632
2.309573
2.319493
2.329506
2.339399
2.349364
2.359283
2.369200
2.379099
2.389109
2.398930
2.408898
2.418833
2.428738
2.438628
2.448617
2.458540
2.468343
2.478233
2.488273
2.498181
2.508112
2.517940
2.527874
2.537704
2.547621
2.557637
2.567420
2.577453
2.587340
2.597242
2.607105
2.616929
2.627014
2.636886
2.646659
2.656585
2.666568
2.676401
2.686429
2.696148
2.706044
2.715946
2.725701
2.735720
2.745544
2.755374
2.765228
2.775202
2.784987
2.794790
2.804731
2.814456
2.824256
2.834329
2.843910
2.853740
2.863610
2.873311
2.883078
2.892971
2.902624
2.912388
2.922344
2.931896
2.941645
2.951397
2.961254
2.970916
2.980615
2.990316
3.000059
3.009733
3.019320
3.029028
3.038690
3.048352
3.057979
3.067617
3.077279
3.086855
3.096493
3.106024
3.115593
3.125399
3.134753
3.144436
3.154050
3.163614
3.173198
3.182786
3.192307
3.201921
3.211413
3.220949
3.230593
3.240067
3.249648
3.259403
3.268787
3.278393
3.287998
3.297504
3.306978
3.316619
3.326141
3.335677
3.345292
3.354834
3.364409
3.373946
3.383413
3.392932
3.402534
3.412158
3.421568
3.431126
3.440707
3.450166
3.459762
3.469193
3.478829
3.488263
3.497749
3.507291
3.516867
3.526229
3.535778
3.545284
3.554686
3.564142
3.573738
3.583074
3.592562
3.602041
3.611461
3.620857
3.630324
3.639774
3.649262
3.658616
3.667943
3.677317
3.686755
3.696001
3.705453
3.714819
3.724155
3.733431
3.742826
3.752099
3.761519
3.770851
3.780118
3.789343
3.798753
3.807787
3.817203
3.826350
3.835662
3.844872
3.854157
3.863346
3.872588
3.881840
3.891020
3.900200
3.909443
3.918608
3.927854
3.937004
3.946160
3.955429
3.964564
3.973798
3.982996
3.992134
4.001329
4.010452
4.019716
4.028869
4.038105
4.047249
4.056361
4.065588
4.074843
4.084011
4.093182
4.102443
4.111524
4.120773
4.129929
4.139081
4.148322
4.157507
4.166684
4.175906
4.185074
4.194266
4.203443
4.212653
4.221901
4.230920
4.240318
4.249321
4.258726
4.267867
4.276954
4.286116
4.295455
4.304521
4.313704
4.322920
4.332048
4.341324
4.350507
4.359615
4.368768
4.378038
4.387209
4.396284
4.405422
4.414638
4.423803
4.432968
4.442025
4.451324
4.460346
4.469520
4.478667
4.487757
4.496835
4.506000
4.515152
4.524156
4.533276
4.542390
4.551414
4.560522
4.569726
4.578588
4.587798
4.596813
4.605804
4.614855
4.623957
4.632918
4.641913
4.651012
4.659976
4.669054
4.678069
4.687075
4.696141
4.705088
4.713998
4.723142
4.732118
4.741085
4.750124
4.759124
4.768083
4.777068
4.786173
4.795188
4.804062
4.813230
4.822125
4.831161
4.840201
4.849216
4.858237
4.867285
4.876186
4.885276
4.894249
4.903292
4.912328
4.921310
4.930364
4.939382
4.948445
4.957341
4.966445
4.975428
4.984473
4.993485
5.002542
5.011509
5.020464
5.029614
5.038516
5.047435
5.056726
5.065621
5.074543
5.083639
5.092544
5.101565
5.110592
5.119616
5.128574
5.137574
5.146458
5.155446
5.164356
5.173362
5.182380
5.191213
5.200252
5.209018
5.218135
5.226869
5.235902
5.244824
5.253663
5.262570
5.271513
5.280385
5.289235
5.298094
5.306884
5.315887
5.324681
5.333477
5.342298
5.351064
5.359930
5.368624
5.377448
5.386220
5.395016
5.403852
5.412487
5.421196
5.430064
5.438795
5.447375
5.456175
5.464849
5.473654
5.482288
5.490998
5.499540
5.508411
5.516980
5.525723
5.534351
5.542902
5.551581
5.560414
5.568995
5.577548
5.586270
5.594877
5.603524
5.612368
5.620811
5.629446
5.638167
5.646697
5.655413
5.664056
5.672580
5.681262
5.689864
5.698433
5.707244
5.715810
5.724325
5.733005
5.741579
5.750202
5.758798
5.767384
5.776013
5.784564
5.793204
5.801692
5.810273
5.818949
5.827467
5.835994
5.844667
5.853305
5.861691
5.870278
5.878852
5.887427
5.895969
5.904490
5.913013
5.921498
5.930004
5.938540
5.947091
5.955522
5.964063
5.972566
5.981018
5.989545
5.998060
6.006478
6.014976
6.023493
6.031816
6.040373
6.048711
6.057103
6.065558
6.073983
6.082411
6.090866
6.099144
6.107500
6.115933
6.124206
6.132504
6.140951
6.149223
6.157708
6.166025
6.174240
6.182605
6.190997
6.199233
6.207502
6.215855
6.224070
6.232372
6.240737
6.248904
6.257153
6.265449
6.273787
6.281903
0.006999
0.015256
0.023369
0.031737
0.039857
0.048126
0.056356
0.064553
0.072699
0.080935
0.089094
0.097303
0.105602
0.113814
0.121990
0.130263
0.138406
0.146666
0.154794
0.162952
0.171159
0.179500
0.187667
0.195780
0.203963
0.212187
0.220405
0.228605
0.236700
0.244901
0.253251
0.261298
0.269627
0.277791
0.285938
0.294204
0.302329
0.310514
0.318628
0.326909
0.335007
0.343039
0.351327
0.359488
0.367670
0.375723
0.383906
0.392106
0.400315
0.408350
0.416509
0.424634
0.432795
0.440915
0.449085
0.457099
0.465291
0.473377
0.481439
0.489547
0.497648
0.505593
0.513755
0.521775
0.529817
0.537957
0.546046
0.554058
0.562150
0.570203
0.578218
0.586319
0.594292
0.602372
0.610315
0.618296
0.626284
0.634268
0.642322
0.650285
0.658329
0.666362
0.674313
0.682340
0.690264
0.698201
0.706125
0.714134
0.721978
0.729986
0.737932
0.745811
0.753769
0.761714
0.769606
0.777516
0.785473
0.793356
0.801367
0.809244
0.817129
0.825018
0.833000
0.840789
0.848897
0.856677
0.864602
0.872473
0.880484
0.888241
0.896285
0.904195
0.912035
0.919942
0.927876
0.935722
0.943767
0.951664
0.959586
0.967483
0.975450
0.983279
0.991221
0.999209
1.007100
1.014956
1.022946
1.030844
1.038760
1.046681
1.054549
1.062459
1.070449
1.078332
1.086268
1.094208
1.102108
1.109958
1.118005
1.125852
1.133744
1.141728
1.149590
1.157526
1.165466
1.173360
1.181261
1.189258
1.197107
1.205011
1.213055
1.220860
1.228812
1.236673
1.244592
1.252435
1.260366
1.268198
1.276107
1.283987
1.291798
1.299692
1.307665
1.315448
1.323379
1.331313
1.339060
1.346976
1.354934
1.362678
1.370546
1.378360
1.386221
1.394101
1.401990
1.409722
1.417527
1.425389
1.433193
1.441052
1.448854
1.456635
1.464403
1.472313
1.480052
1.487872
1.495805
1.503358
1.511211
1.519096
1.526784
1.534577
1.542355
1.550127
1.557889
1.565676
1.573370
1.581178
1.588961
1.596721
1.604535
1.612301
1.620084
1.627817
1.635604
1.643310
1.651139
1.658967
1.666658
1.674439
1.682187
1.689929
1.697727
1.705517
1.713355
1.721097
1.728901
1.736610
1.744478
1.752210
1.759970
1.767742
1.775589
1.783295
1.791120
1.798949
1.806691
1.814445
1.822324
1.830057
1.837868
1.845690
1.853420
1.861309
1.868946
1.876906
1.884549
1.892405
1.900090
1.907937
1.915690
1.923432
1.931228
1.938982
1.946765
1.954465
1.962330
1.970123
1.977862
1.985642
1.993438
2.001249
2.008945
2.016645
2.024339
2.032252
2.039919
2.047699
2.055471
2.063135
2.070850
2.078565
2.086247
2.093998
2.101769
2.109344
2.117154
2.124827
2.132515
2.140305
2.148001
2.155617
2.163215
2.170924
2.178612
2.186288
2.193844
2.201628
2.209235
2.216797
2.224416
2.232137
2.239726
2.247378
2.255000
2.262568
2.270127
2.277767
2.285299
2.292900
2.300483
2.307982
2.315589
2.323178
2.330686
2.338194
2.345804
2.353342
2.360817
2.368394
2.375938
2.383396
2.391036
2.398442
2.405992
2.413590
2.421101
2.428489
2.436111
2.443542
2.451032
2.458597
2.466132
2.473529
2.481073
2.488728
2.496044
2.503642
2.511070
2.518692
2.526149
2.533552
2.541192
2.548649
2.556100
2.563608
2.571150
2.578583
2.586055
2.593572
2.601023
2.608507
2.616013
2.623470
2.630936
2.638453
2.645880
2.653367
2.660836
2.668312
2.675718
2.683196
2.690632
2.698152
2.705627
2.712983
2.720458
2.727966
2.735348
2.742710
2.750236
2.757627
2.765045
2.772475
2.779867
2.787282
2.794688
2.802005
2.809450
2.816997
2.824238
2.831618
2.839165
2.846349
2.853809
2.861204
2.868556
2.875864
2.883309
2.890583
2.897965
2.905258
2.912577
2.919945
2.927234
2.934517
2.941807
2.949231
2.956424
2.963756
2.971009
2.978335
2.985606
2.992857
3.000143
3.007396
3.014659
3.021855
3.029070
3.036362
3.043580
3.050857
3.057982
3.065295
3.072369
3.079706
3.086741
3.094060
3.101221
3.108372
3.115536
3.122720
3.129884
3.137060
3.144277
3.151252
3.158553
3.165672
3.172817
3.179885
3.186992
3.194212
3.201310
3.208465
3.215571
3.222780
3.229952
3.237035
3.244145
3.251278
3.258376
3.265605
3.272646
3.279756
3.286892
3.294011
3.301082
3.308275
3.315352
3.322485
3.329529
3.336720
3.343889
3.350807
3.358058
3.365074
3.372184
3.379285
3.386370
3.393453
3.400569
3.407600
3.414680
3.421784
3.428828
3.435895
3.442942
3.449971
3.457167
3.464217
3.471201
3.478271
3.485339
3.492383
3.499430
3.506387
3.513415
3.520483
3.527521
3.534570
3.541539
3.548562
3.555534
3.562539
3.569549
3.576539
3.583481
3.590552
3.597542
3.604507
3.611425
3.618421
3.625378
3.632215
3.639175
3.646101
3.653040
3.660027
3.666846
3.673764
3.680631
3.687540
3.694449
3.701349
3.708243
3.715071
3.721905
3.728793
3.735732
3.742518
3.749208
3.756183
3.762888
3.769683
3.776583
3.783351
3.790182
3.797007
3.803748
3.810465
3.817278
3.824070
3.830913
3.837708
3.844372
3.851134
3.857869
3.864580
3.871345
3.878101
3.884851
3.891589
3.898214
3.905021
3.911693
3.918350
3.925181
3.931767
3.938487
3.945096
3.951843
3.958560
3.965253
3.971878
3.978640
3.985234
3.991846
3.998626
4.005293
4.011869
4.018622
4.025252
4.031916
4.038585
4.045326
4.051878
4.058722
4.065286
4.071859
4.078558
4.085167
4.091849
4.098482
4.105142
4.111749
4.118418
4.125036
4.131649
4.138330
4.144948
4.151668
4.158217
4.164851
4.171514
4.178144
4.184781
4.191372
4.198128
4.204566
4.211272
4.217860
4.224520
4.231205
4.237739
4.244360
4.250999
4.257608
4.264191
4.270839
4.277421
4.284034
4.290574
4.297267
4.303784
4.310378
4.317018
4.323519
4.330077
4.336705
4.343266
4.349887
4.356391
4.362974
4.369478
4.376142
4.382703
4.389216
4.395763
4.402291
4.408772
4.415453
4.421882
4.428515
4.434966
4.441459
4.448017
4.454545
4.460984
4.467533
4.474014
4.480467
4.487092
4.493443
4.499990
4.506500
4.512897
4.519383
4.525995
4.532320
4.538759
4.545278
4.551615
4.558071
4.564528
4.570960
4.577357
4.583807
4.590171
4.596580
4.603054
4.609373
4.615754
4.622169
4.628463
4.634962
4.641328
4.647716
4.654005
4.660410
4.666699
4.673066
4.679456
4.685763
4.692142
4.698481
4.704803
4.711152
4.717464
4.723750
4.730120
4.736403
4.742721
4.749028
4.755454
4.761674
4.768011
4.774363
4.780645
4.786961
4.793315
4.799583
4.805914
4.812242
4.818539
4.824795
4.831150
4.837439
4.843703
4.850046
4.856317
4.862650
4.868990
4.875162
4.881489
4.887829
4.894139
4.900278
4.906743
4.912873
4.919210
4.925501
4.931695
4.937950
4.944239
4.950512
4.956777
4.962991
4.969256
4.975461
4.981759
4.987987
4.994225
5.000493
5.006749
5.012983
5.019158
5.025420
5.031631
5.037920
5.044046
5.050231
5.056570
5.062616
5.068923
5.075109
5.081275
5.087510
5.093682
5.099926
5.106068
5.112311
5.118477
5.124629
5.130794
5.136969
5.143102
5.149301
5.155467
5.161549
5.167750
5.173874
5.179977
5.186212
5.192249
5.198361
5.204503
5.210540
5.216754
5.222839
5.228885
5.235012
5.241055
5.247086
5.253150
5.259178
5.265317
5.271294
5.277343
5.283365
5.289370
5.295448
5.301429
5.307508
5.313461
5.319438
5.325376
5.331404
5.337435
5.343307
5.349392
5.355274
5.361275
5.367231
5.373169
5.379045
5.385069
5.390939
5.396826
5.402830
5.408768
5.414563
5.420450
5.426451
5.432287
5.438184
5.443984
5.449859
5.455714
5.461529
5.467422
5.473247
5.479098
5.484919
5.490800
5.496589
5.502380
5.508190
5.513987
5.519874
5.525671
5.531451
5.537185
5.543040
5.548804
5.554572
5.560414
5.566064
5.571946
5.577710
5.583441
5.589242
5.594970
5.600753
5.606562
5.612309
5.617998
5.623840
5.629458
5.635285
5.640942
5.646685
5.652291
5.658091
5.663816
5.669485
5.675205
5.680954
5.686625
5.692300
5.698035
5.703673
5.709366
5.715139
5.720751
5.726464
5.732118
5.737801
5.743416
5.749180
5.754753
5.760467
5.766090
5.771726
5.777367
5.783060
5.788749
5.794298
5.800056
5.805590
5.811229
5.816849
5.822452
5.828054
5.833750
5.839323
5.844928
5.850576
5.856080
5.861724
5.867300
5.872825
5.878505
5.884096
5.889617
5.895160
5.900835
5.906398
5.911917
5.917585
5.922964
5.928590
5.934040
5.939640
5.945134
5.950674
5.956145
5.961658
5.967185
5.972683
5.978172
5.983628
5.989092
5.994680
6.000187
6.005595
6.011117
6.016566
6.022022
6.027508
6.032958
6.038351
6.043866
6.049220
6.054751
6.060141
6.065537
6.070971
6.076320
6.081826
6.087183
6.092570
6.097924
6.103290
6.108656
6.114073
6.119451
6.124781
6.130162
6.135530
6.140884
6.146235
6.151577
6.156913
6.162273
6.167615
6.172945
6.178176
6.183551
6.188804
6.194179
6.199479
6.204740
6.210040
6.215283
6.220613
6.225856
6.231102
6.236405
6.241705
6.246948
6.252164
6.257422
6.262614
6.267867
6.273263
6.278409
0.000413
0.005648
0.010885
0.016122
0.021344
0.026533
0.031767
0.036956
0.042247
0.047395
0.052659
0.057830
0.063079
0.068268
0.073403
0.078706
0.083806
0.089010
0.094223
0.099418
0.104601
0.109817
0.114971
0.120166
0.125352
0.130553
0.135670
0.140911
0.146061
0.151238
0.156436
0.161589
0.166707
0.171935
0.177013
0.182169
0.187364
0.192536
0.197647
0.202827
0.207917
0.213077
0.218287
0.223407
0.228566
0.233725
0.238843
0.243903
0.249092
0.254236
0.259345
0.264498
0.269558
0.274750
0.279814
0.284934
0.290036
0.295213
0.300316
0.305349
0.310541
0.315632
0.320710
0.325782
0.330944
0.336032
0.341095
0.346170
0.351270
0.356342
0.361420
0.366487
0.371613
0.376652
0.381725
0.386839
0.391872
0.396956
0.402029
0.407050
0.412125
0.417165
0.422207
0.427226
0.432274
0.437286
0.442338
0.447377
0.452401
0.457441
0.462444
0.467475
0.472460
0.477511
0.482464
0.487467
0.492492
0.497498
0.502466
0.507505
0.512395
0.517476
0.522386
0.527336
0.532300
0.537280
0.542262
0.547215
0.552182
0.557135
0.562081
0.567028
0.572025
0.576888
0.581870
0.586736
0.591703
0.596605
0.601542
0.606402
0.611354
0.616265
0.621181
0.626122
0.630942
0.635898
0.640758
0.645623
0.650531
0.655420
0.660232
0.665187
0.670071
0.674940
0.679772
0.684644
0.689467
0.694336
0.699196
0.704103
0.708885
0.713727
0.718616
0.723407
0.728281
0.733072
0.737938
0.742701
0.747552
0.752349
0.757190
0.761969
0.766805
0.771622
0.776374
0.781165
0.786030
0.790764
0.795564
0.800384
0.805217
0.809933
0.814777
0.819553
0.824317
0.829108
0.833850
0.838617
0.843414
0.848151
0.852953
0.857741
0.862412
0.867265
0.872002
0.876799
0.881518
0.886386
0.891012
0.895884
0.900596
0.905336
0.910088
0.914879
0.919616
0.924358
0.929095
0.933868
0.938596
0.943383
0.948120
0.952827
0.957641
0.962324
0.967082
0.971843
0.976586
0.981280
0.986149
0.990772
0.995473
1.000224
1.004937
1.009683
1.014462
1.019180
1.023902
1.028603
1.033310
1.038121
1.042732
1.047571
1.052221
1.056985
1.061668
1.066365
1.071129
1.075863
1.080459
1.085300
1.089899
1.094624
1.099325
1.104008
1.108706
1.113454
1.118059
1.122835
1.127524
1.132177
1.136854
1.141593
1.146246
1.150929
1.155633
1.160277
1.164950
1.169633
1.174280
1.178927
1.183613
1.188263
1.192940
1.197644
1.202233
1.206898
1.211572
1.216243
1.220866
1.225528
1.230190
1.234848
1.239483
1.244061
1.248714
1.253331
1.257969
1.262592
1.267257
1.271883
1.276488
1.281123
1.285773
1.290344
1.294979
1.299620
1.304171
1.308839
1.313408
1.317971
1.322609
1.327154
1.331759
1.336361
1.340936
1.345529
1.350122
1.354712
1.359266
1.363874
1.368383
1.372955
1.377587
1.382060
1.386629
1.391243
1.395689
1.400309
1.404818
1.409348
1.413893
1.418453
1.422935
1.427477
1.432028
1.436543
1.441004
1.445606
1.450076
1.454591
1.459043
1.463600
1.468086
1.472610
1.477038
1.481556
1.486074
1.490574
1.495041
1.499496
1.503987
1.508499
1.512936
1.517455
1.521850
1.526320
1.530802
1.535302
1.539697
1.544236
1.548625
1.553021
1.557470
1.561961
1.566398
1.570865
1.575293
1.579722
1.584207
1.588566
1.593015
1.597479
1.601970
1.606291
1.610728
1.615138
1.619605
1.624018
1.628464
1.632860
1.637336
1.641752
1.646183
1.650572
1.655036
1.659411
1.663851
1.668270
1.672719
1.677090
1.681504
1.685887
1.690333
1.694746
1.699120
1.703543
1.707950
1.712384
1.716749
1.721156
1.725516
1.729893
1.734363
1.738713
1.743100
1.747528
1.751914
1.756300
1.760677
1.765052
1.769459
1.773881
1.778186
1.782588
1.786974
1.791366
1.795692
1.800055
1.804462
1.808866
1.813210
1.817540
1.821905
1.826324
1.830671
1.835039
1.839342
1.843713
1.848081
1.852426
1.856707
1.861096
1.865512
1.869857
1.874063
1.878512
1.882836
1.887189
1.891521
1.895787
1.900150
1.904521
1.908787
1.913099
1.917458
1.921790
1.926093
1.930404
1.934760
1.939066
1.943374
1.947640
1.951922
1.956308
1.960562
1.964877
1.969194
1.973478
1.977763
1.982086
1.986298
1.990607
1.994900
1.999202
2.003442
2.007768
2.011981
2.016292
2.020573
2.024840
2.029067
2.033357
2.037537
2.041815
2.046061
2.050294
2.054519
2.058860
2.063021
2.067255
2.071533
2.075683
2.079985
2.084177
2.088392
2.092640
2.096856
2.101020
2.105206
2.109478
2.113613
2.117810
2.121969
2.126118
2.130310
2.134537
2.138714
2.142830
2.147106
2.151216
2.155372
2.159503
2.163704
2.167853
2.171985
2.176087
2.180233
2.184479
2.188538
2.192637
2.196789
2.200927
2.205025
2.209208
2.213265
2.217381
2.221492
2.225564
2.229680
2.233767
2.237859
2.241934
2.246042
2.250146
2.254185
2.258286
2.262379
2.266421
2.270504
2.274543
2.278630
2.282680
2.286740
2.290800
2.294874
2.298883
2.302958
2.306987
2.310975
2.315071
2.319070
2.323091
2.327100
2.331198
2.335147
2.339120
2.343219
2.347191
2.351215
2.355269
2.359217
2.363202
2.367244
2.371169
2.375201
2.379222
2.383165
2.387168
2.391186
2.395170
2.399110
2.403053
2.407022
2.411052
2.414971
2.418950
2.422905
2.426934
2.430838
2.434832
2.438790
2.442736
2.446702
2.450627
2.454594
2.458516
2.462468
2.466380
2.470290
2.474275
2.478215
2.482158
2.486106
2.490043
2.493938
2.497863
2.501800
2.505713
2.509665
2.513535
2.517454
2.521412
2.525376
2.529148
2.533159
2.536983
2.540865
2.544811
2.548739
2.552613
2.556508
2.560379
2.564301
2.568195
2.572063
2.575982
2.579880
2.583736
2.587610
2.591457
2.595361
2.599196
2.603138
2.606991
2.610829
2.614706
2.618556
2.622427
2.626304
2.630151
2.633977
2.637833
2.641644
2.645503
2.649356
2.653208
2.657037
2.660887
2.664719
2.668545
2.672389
2.676140
2.680035
2.683801
2.687633
2.691435
2.695273
2.699093
2.702883
2.706712
2.710466
2.714268
2.718115
2.721860
2.725680
2.729443
2.733254
2.737059
2.740846
2.744609
2.748384
2.752174
2.755940
2.759679
2.763454
2.767247
2.770960
2.774759
2.778462
2.782210
2.785958
2.789706
2.793439
2.797193
2.800911
2.804668
2.808413
2.812170
2.815871
2.819645
2.823352
2.827025
2.830782
2.834464
2.838215
2.841849
2.845618
2.849333
2.853007
2.856659
2.860380
2.864062
2.867786
2.871435
2.875129
2.878839
2.882497
2.886152
2.889801
2.893486
2.897126
2.900797
2.904467
2.908137
2.911738
2.915405
2.919010
2.922665
2.926350
2.929981
2.933609
2.937268
2.940824
2.944524
2.948059
2.951634
2.955343
2.958911
2.962572
2.966138
2.969763
2.973355
2.976968
2.980579
2.984123
2.987763
2.991364
2.994900
2.998474
3.002078
3.005617
3.009194
3.012780
3.016355
3.019926
3.023440
3.027038
3.030526
3.034100
3.037611
3.041162
3.044721
3.048242
3.051816
3.055360
3.058872
3.062452
3.065942
3.069439
3.072944
3.076479
3.079967
3.083454
3.086981
3.090450
3.093973
3.097449
3.100915
3.104496
3.107908
3.111428
3.114886
3.118373
3.121837
3.125297
3.128803
3.132251
3.135729
3.139190
3.142626
3.146087
3.149535
3.152975
3.156396
3.159863
3.163323
3.166775
3.170238
3.173671
3.177099
3.180550
3.183948
3.187408
3.190818
3.194251
3.197661
3.201037
3.204522
3.207916
3.211314
3.214679
3.218136
3.221557
3.224994
3.228334
3.231777
3.235115
3.238497
3.241943
3.245319
3.248711
3.252087
3.255476
3.258879
3.262226
3.265611
3.268982
3.272358
3.275735
3.279118
3.282434
3.285862
3.289145
3.292534
3.295875
3.299242
3.302604
3.305917
3.309258
3.312598
3.315915
3.319268
3.322593
3.325904
3.329218
3.332612
3.335926
3.339242
3.342571
3.345879
3.349186
3.352530
3.355820
3.359097
3.362429
3.365689
3.369005
3.372325
3.375615
3.378874
3.382173
3.385397
3.388704
3.391997
3.395248
3.398489
3.401767
3.404988
3.408302
3.411528
3.414779
3.417994
3.421278
3.424486
3.427707
3.430973
3.434173
3.437396
3.440650
3.443853
3.447086
3.450279
3.453476
3.456646
3.459855
3.463033
3.466239
3.469379
3.472534
3.475707
3.478874
3.482055
3.485231
3.488401
3.491553
3.494684
3.497851
3.500978
3.504154
3.507285
3.510422
3.513526
3.516603
3.519758
3.522811
3.525981
3.529073
3.532156
3.535233
3.538280
3.541380
3.544481
3.547570
3.550689
3.553748
3.556795
3.559857
3.562928
3.565933
3.568986
3.572030
3.575086
3.578151
3.581183
3.584182
3.587193
3.590222
3.593248
3.596301
3.599270
3.602245
3.605271
3.608238
3.611207
3.614197
3.617202
3.620180
3.623161
3.626136
3.629063
3.632059
3.635016
3.638027
3.640930
3.643890
3.646836
3.649790
3.652756
3.655653
3.658556
3.661471
3.664383
3.667272
3.670187
3.673072
3.675993
3.678851
3.681737
3.684661
3.687555
3.690455
3.693325
3.696157
3.699006
3.701840
3.704770
3.707608
3.710493
3.713339
3.716119
3.718927
3.721755
3.724565
3.727394
3.730213
3.732990
3.735795
3.738542
3.741316
3.744123
3.746952
3.749678
3.752453
3.755212
3.757950
3.760716
3.763499
3.766246
3.768997
3.771738
3.774459
3.777191
3.779947
3.782686
3.785370
3.788088
3.790784
3.793463
3.796195
3.798885
3.801567
3.804266
3.806945
3.809593
3.812242
3.814905
3.817608
3.820304
3.822938
3.825562
3.828193
3.830868
3.833505
3.836180
3.838793
3.841441
3.844084
3.846690
3.849303
3.851865
3.854543
3.857138
3.859735
3.862324
3.864930
3.867495
3.870090
3.872687
3.875294
3.877867
3.880444
3.882970
3.885525
3.888105
3.890712
3.893246
3.895799
3.898391
3.900859
3.903451
3.905962
3.908511
3.911076
3.913607
3.916130
3.918671
3.921154
3.923668
3.926224
3.928756
3.931296
3.933786
3.936273
3.938750
3.941267
3.943703
3.946255
3.948751
3.951250
3.953713
3.956202
3.958647
3.961149
3.963645
3.966086
3.968549
3.971015
3.973478
3.975937
3.978361
3.980845
3.983290
3.985782
3.988191
3.990597
3.993036
3.995481
3.997934
4.000382
4.002839
4.005251
4.007684
4.010087
4.012471
4.014913
4.017328
4.019761
4.022170
4.024558
4.026939
4.029327
4.031724
4.034118
4.036524
4.038941
4.041281
4.043663
4.046015
4.048379
4.050755
4.053104
4.055462
4.057796
4.060135
4.062484
4.064839
4.067134
4.069480
4.071841
4.074154
4.076437
4.078750
4.081051
4.083394
4.085674
4.087990
4.090291
4.092616
4.094884
4.097158
4.099435
4.101688
4.103965
4.106224
4.108492
4.110787
4.113049
4.115302
4.117552
4.119826
4.122046
4.124284
4.126558
4.128757
4.131034
4.133227
4.135459
4.137661
4.139905
4.142078
4.144286
4.146494
4.148696
4.150892
4.153082
4.155305
4.157447
4.159674
4.161798
4.164000
4.166166
4.168320
4.170441
4.172619
4.174777
4.176955
4.179097
4.181254
4.183382
4.185554
4.187660
4.189796
4.191935
4.194059
4.196192
4.198328
4.200426
4.202586
4.204665
4.206741
4.208830
4.210942
4.213054
4.215158
4.217237
4.219316
4.221428
4.223514
4.225578
4.227666
4.229709
4.231759
4.233838
4.235866
4.237897
4.239977
4.242041
4.244066
4.246140
4.248150
4.250145
4.252177
4.254208
4.256227
4.258292
4.260341
4.262354
4.264400
4.266405
4.268409
4.270429
4.272424
4.274390
4.276385
4.278383
4.280352
4.282389
4.284393
4.286374
4.288354
4.290344
4.292312
4.294277
4.296249
4.298196
4.300177
4.302184
4.304141
4.306118
4.308086
4.310007
4.311969
4.313908
4.315840
4.317709
4.319675
4.321559
4.323501
4.325421
4.327345
4.329253
4.331189
4.333043
4.334952
4.336864
4.338727
4.340588
4.342475
4.344350
4.346241
4.348123
4.350010
4.351901
4.353758
4.355607
4.357494
4.359354
4.361182
4.363046
4.364894
4.366686
4.368556
4.370383
4.372229
4.374044
4.375860
4.377666
4.379470
4.381283
4.383062
4.384845
4.386631
4.388441
4.390214
4.392018
4.393812
4.395592
4.397357
4.399095
4.400835
4.402588
4.404319
4.406084
4.407834
4.409563
4.411297
4.413023
4.414743
4.416511
4.418206
4.419890
4.421598
4.423287
4.424956
4.426658
4.428354
4.430020
4.431688
4.433324
4.435005
4.436665
4.438349
4.440012
4.441650
4.443301
4.444910
4.446558
4.448209
4.449841
4.451436
4.453044
4.454626
4.456232
4.457829
4.459423
4.461044
4.462680
4.464259
4.465814
4.467378
4.468924
4.470505
4.472090
4.473612
4.475185
4.476734
4.478262
4.479817
4.481405
4.482900
4.484446
4.485941
4.487451
4.488952
4.490441
4.491942
4.493470
4.494974
4.496463
4.497955
4.499447
4.500891
4.502375
4.503854
4.505301
4.506782
4.508223
4.509670
4.511129
4.512558
4.514011
4.515458
4.516893
4.518304
4.519719
4.521124
4.522520
4.523928
4.525336
4.526756
4.528122
4.529500
4.530870
4.532239
4.533617
4.534986
4.536368
4.537707
4.539049
4.540391
4.541713
4.543079
4.544421
4.545743
4.547076
4.548448
4.549778
4.551102
4.552430
4.553745
4.555075
4.556378
4.557679
4.558976
4.560264
4.561541
4.562844
4.564132
4.565400
4.566658
4.567949
4.569192
4.570463
4.571733
4.572979
4.574220
4.575454
4.576692
4.577929
4.579154
4.580350
4.581560
4.582783
4.583990
4.585200
4.586426
4.587624
4.588829
4.590063
4.591217
4.592397
4.593601
4.594755
4.595932
4.597098
4.598275
4.599456
4.600615
4.601780
4.602925
4.604075
4.605235
4.606380
4.607521
4.608665
4.609789
4.610930
4.612033
4.613139
4.614235
4.615335
4.616422
4.617522
4.618609
4.619697
4.620809
4.621902
4.622990
4.624083
4.625156
4.626216
4.627274
4.628356
4.629416
4.630480
4.631535
4.632556
4.633590
4.634608
4.635624
4.636634
4.637661
4.638671
4.639687
4.640697
4.641718
4.642734
4.643740
4.644750
4.645736
4.646728
4.647752
4.648729
4.649696
4.650646
4.651608
4.652567
4.653520
4.654493
4.655413
4.656366
4.657315
4.658247
4.659170
4.660090
4.661004
4.661917
4.662843
4.663751
4.664644
4.665537
4.666435
4.667337
4.668239
4.669123
4.670013
4.670906
4.671777
4.672631
4.673503
4.674330
4.675202
4.676044
4.676892
4.677704
4.678548
4.679358
4.680196
4.681026
4.681835
4.682650
4.683453
4.684262
4.685053
4.685850
4.686647
4.687453
4.688250
4.689032
4.689820
4.690593
4.691369
4.692127
4.692888
4.693628
4.694380
4.695111
4.695842
4.696582
4.697286
4.697999
4.698709
4.699440
4.700132
4.700839
4.701558
4.702235
4.702921
4.703610
4.704270
4.704929
4.705588
4.706247
4.706885
4.707532
4.708179
4.708824
4.709459
4.710091
4.710714
4.711340
4.711967
4.712605
4.713231
4.713854
4.714486
4.715116
4.715718
4.716344
4.716925
4.717515
4.718091
4.718663
4.719211
4.719747
4.720286
4.720823
4.721359
4.721896
4.722405
4.722914
4.723430
4.723951
4.724460
4.724963
4.725470
4.725979
4.726482
4.726980
4.727468
4.727965
4.728454
4.728942
4.729415
4.729886
4.730368
4.730848
4.731324
4.731794
4.732244
4.732702
4.733167
4.733643
4.734101
4.734563
4.735033
4.735483
4.735959
4.736423
4.736891
4.737352
4.737832
4.738275
4.738730
4.739171
4.739611
4.740016
4.740408
4.740788
4.741145
4.741502
4.741858
4.742221
4.742553
4.742877
4.743209
4.743530
4.743833
4.744141
4.744429
4.744708
4.744989
4.745262
4.745519
4.745780
4.746056
4.746313
4.746568
4.746823
4.747068
4.747302
4.747548
4.747797
4.748030
4.748258
4.748486
4.748701
4.748920
4.749126
4.749324
4.749519
4.749732
4.749936
4.750130
4.750310
4.750505
4.750693
4.750870
4.751047
4.751209
4.751353
4.751509
4.751661
4.751808
4.751949
4.752081
4.752201
4.752326
4.752443
4.752566
4.752668
4.752782
4.752892
4.752985
4.753088
4.753195
4.753303
4.753402
4.753492
4.753579
4.753675
4.753779
4.753881
4.753974
4.754061
4.754154
4.754241
4.754334
4.754424
4.754510
4.754594
4.754694
4.754795
4.754879
4.754969
4.755068
4.755173
4.755274
4.755373
4.755463
4.755556
4.755670
4.755799
4.755925
4.756051
4.756188
4.756329
4.756470
4.756620
4.756770
4.756917
4.757069
4.757240
4.757396
4.757548
4.757710
4.757857
4.758019
4.758178
4.758327
4.758468
4.758618
4.758774
4.758918
4.759061
4.759217
4.759367
4.759502
4.759628
4.759748
4.759855
4.759969
4.760077
4.760179
4.760278
4.760374
4.760470
4.760562
4.760655
4.760739
4.760808
4.760889
4.760970
4.761033
4.761084
4.761147
4.761207
4.761251
4.761281
4.761291
4.761302
4.761318
4.761327
4.761333
4.761333
4.761333
4.761333
4.761333
4.761333
4.761333
4.761333
4.761333
4.761333
4.761333
4.761333
4.761333
4.761333
4.761333
4.761333
4.761333
4.761333
4.761333
4.761333
4.761321
4.761297
4.761288
4.761272
4.761251
4.761230
4.761207
4.761180
4.761165
4.761153
4.761138
4.761117
4.761114
4.761111
4.761111
4.761111
4.761111
4.761093
4.761090
4.761090
4.761090
4.761090
4.761090
4.761090
4.761090
4.761090
4.761090
4.761090
4.761090
4.761090
4.761090
4.761090
4.761090
4.761090
4.761090
4.761090
4.761090
4.761090
4.761090
4.761090
4.761090
4.761090
4.761090
4.761090
4.761090
4.761090
4.761090
4.761090
4.761090
4.761090
4.761090
4.761090
4.761090
4.761090
4.761090
4.761090
4.761090
4.761090
4.761090
4.761090
4.761090
4.761090
4.761090
4.761090
4.761090
4.761090
4.761090
4.761090
4.761090
4.761090
4.761090
4.761090
4.761090
4.761090
4.761090
4.761090
4.761090
4.761090
4.761090
4.761090
4.761090
4.761090
4.761090
4.761090
4.761090
4.761090
4.761090
4.761090
4.761090
4.761090
4.761090
4.761090
4.761090
4.761090
4.761090
4.761090
4.761090
4.761090
4.761090
4.761090
4.761090
4.761090
4.761090
4.761090
4.761090
4.761090
4.761090
4.761090
4.761090
4.761090
4.761090
4.761090
4.761090
4.761090
4.761090
4.761090
4.761090
4.761090