5.751823
5.751823
5.751823
5.751823
5.751823
5.751823
5.751823
5.751826
5.751945
5.752158
5.752476
5.752865
5.753321
5.753836
5.754426
5.755139
5.755963
5.756886
5.757929
5.759097
5.760334
5.761692
5.763145
5.764730
5.766447
5.768286
5.770281
5.772307
5.774443
5.776678
5.778991
5.781421
5.783961
5.786598
5.789414
5.792284
5.795320
5.798432
5.801638
5.805030
5.808409
5.812052
5.815747
5.819510
5.823485
5.827533
5.831617
5.835868
5.840233
5.844730
5.849350
5.854096
5.858890
5.863801
5.868852
5.873990
5.879275
5.884659
5.890172
5.895786
5.901545
5.907411
5.913301
5.919443
5.925531
5.931844
5.938246
5.944778
5.951333
5.958167
5.965004
5.971865
5.979047
5.986073
5.993350
6.000753
6.008294
6.015910
6.023556
6.031325
6.039247
6.047422
6.055341
6.063802
6.072113
6.080424
6.089190
6.097861
6.106517
6.115436
6.124472
6.133559
6.142913
6.152024
6.161536
6.171052
6.180690
6.190347
6.200140
6.210207
6.220193
6.230254
6.240561
6.251119
6.261353
6.272154
6.282715
0.010306
0.021050
0.031887
0.042658
0.053408
0.064415
0.075135
0.086026
0.097126
0.107843
0.119042
0.129768
0.140842
0.151753
0.162725
0.173615
0.184569
0.195559
0.206407
0.217490
0.228329
0.239238
0.250282
0.261175
0.272165
0.283181
0.293967
0.304924
0.315904
0.326912
0.337742
0.348744
0.359620
0.370594
0.381620
0.392399
0.403311
0.414127
0.425116
0.435935
0.446880
0.457737
0.468520
0.479435
0.490251
0.501111
0.512137
0.522794
0.533616
0.544389
0.555151
0.565964
0.576771
0.587461
0.598324
0.609035
0.619758
0.630541
0.641267
0.651912
0.662560
0.673486
0.683949
0.694728
0.705466
0.716090
0.726744
0.737425
0.748094
0.758631
0.769306
0.779909
0.790569
0.801196
0.811823
0.822477
0.833038
0.843615
0.854233
0.864949
0.875502
0.886129
0.896881
0.907287
0.918309
0.928616
0.939327
0.949885
0.960557
0.971217
0.981856
0.992480
1.003116
1.013829
1.024379
1.035149
1.045830
1.056224
1.067159
1.077621
1.088404
1.098977
1.109634
1.120300
1.131026
1.141659
1.152271
1.162925
1.173651
1.184389
1.194977
1.205619
1.216246
1.226870
1.237491
1.248163
1.258775
1.269477
1.280029
1.290680
1.301208
1.311853
1.322384
1.332981
1.343719
1.354226
1.364895
1.375406
1.386003
1.396576
1.407131
1.417785
1.428259
1.438811
1.449360
1.459969
1.470410
1.481035
1.491596
1.502196
1.512664
1.523171
1.533714
1.544179
1.554758
1.565188
1.575842
1.586247
1.596763
1.607204
1.617807
1.628330
1.638762
1.649299
1.659770
1.670370
1.680931
1.691409
1.702045
1.712516
1.723194
1.733683
1.744259
1.754805
1.765378
1.776077
1.786491
1.797184
1.807775
1.818369
1.828784
1.839492
1.850026
1.860608
1.871271
1.881805
1.892330
1.903047
1.913512
1.924085
1.934763
1.945273
1.955939
1.966533
1.977100
1.987593
1.998271
2.008784
2.019360
2.029933
2.040557
2.051064
2.061568
2.072031
2.082580
2.093249
2.103732
2.114152
2.124692
2.135271
2.145740
2.156283
2.166835
2.177114
2.187609
2.198000
2.208450
2.218960
2.229323
2.239732
2.250260
2.260599
2.270957
2.281398
2.291797
2.302113
2.312548
2.322821
2.333248
2.343500
2.353890
2.364170
2.374506
2.384816
2.395131
2.405411
2.415861
2.426063
2.436357
2.446744
2.457036
2.467426
2.477669
2.488036
2.498441
2.508607
2.518928
2.529241
2.539529
2.549839
2.560160
2.570440
2.580740
2.591214
2.601353
2.611743
2.622065
2.632293
2.642689
2.652834
2.663284
2.673390
2.684008
2.694237
2.704381
2.714625
2.725159
2.735118
2.745598
2.755790
2.765974
2.776376
2.786581
2.796849
2.807092
2.817222
2.827366
2.837634
2.847937
2.858235
2.868284
2.878539
2.888705
2.898864
2.908994
2.919123
2.929319
2.939491
2.949614
2.959783
2.969697
2.979973
2.990049
3.000140
3.010081
3.020276
3.030292
3.040323
3.050441
3.060403
3.070622
3.080494
3.090501
3.100499
3.110559
3.120461
3.130450
3.140454
3.150404
3.160360
3.170256
3.180278
3.190222
3.200211
3.210100
3.220083
3.230048
3.239941
3.249819
3.260060
3.269806
3.279669
3.289700
3.299710
3.309737
3.319630
3.329544
3.339497
3.349342
3.359502
3.369221
3.379147
3.389250
3.398954
3.409045
3.418971
3.428744
3.438888
3.448599
3.458770
3.468591
3.478445
3.488437
3.498333
3.508262
3.518170
3.528105
3.537869
3.547783
3.557748
3.567545
3.577549
3.587283
3.597176
3.606865
3.616842
3.626624
3.636529
3.646230
3.656001
3.665965
3.675718
3.685506
3.695252
3.705088
3.714708
3.724550
3.734377
3.744004
3.753759
3.763484
3.773185
3.783051
3.792609
3.802298
3.812023
3.821581
3.831453
3.841037
3.850678
3.860284
3.869937
3.879668
3.889193
3.898885
3.908514
3.918072
3.927698
3.937303
3.946837
3.956469
3.966131
3.975623
3.985252
3.994860
4.004484
4.014002
4.023746
4.033282
4.042830
4.052418
4.062050
4.071688
4.081303
4.090995
4.100537
4.110185
4.119634
4.129330
4.138947
4.148468
4.158068
4.167814
4.177464
4.186962
4.196582
4.206121
4.215790
4.225410
4.235078
4.244600
4.254307
4.263900
4.273476
4.283063
4.292675
4.302361
4.311939
4.321494
4.331162
4.340677
4.350334
4.359879
4.369473
4.379081
4.388689
4.398196
4.407777
4.417379
4.427000
4.436485
4.446124
4.455612
4.465214
4.474874
4.484302
4.493863
4.503405
4.512945
4.522484
4.531991
4.541434
4.550922
4.560489
4.569935
4.579445
4.588952
4.598308
4.607886
4.617429
4.626950
4.636373
4.645802
4.655341
4.664668
4.674120
4.683453
4.692977
4.702373
4.711817
4.721236
4.730626
4.740027
4.749501
4.758936
4.768346
4.777724
4.787200
4.796599
4.806025
4.815564
4.824942
4.834406
4.843973
4.853317
4.862776
4.872201
4.881654
4.891107
4.900556
4.909997
4.919458
4.928902
4.938331
4.947837
4.957295
4.966766
4.976123
4.985716
4.994995
5.004585
5.014005
5.023430
5.032874
5.042398
5.051809
5.061262
5.070723
5.080203
5.089604
5.099132
5.108596
5.117959
5.127373
5.136741
5.146239
5.155613
5.164997
5.174429
5.183860
5.193190
5.202610
5.212038
5.221428
5.230830
5.240057
5.249474
5.258819
5.268209
5.277505
5.286841
5.296167
5.305488
5.314704
5.324043
5.333244
5.342537
5.351861
5.360981
5.370359
5.379569
5.388784
5.398042
5.407291
5.416462
5.425672
5.434948
5.443996
5.453182
5.462368
5.471452
5.480626
5.489866
5.498902
5.508016
5.517103
5.526340
5.535283
5.544591
5.553469
5.562754
5.571826
5.580895
5.589937
5.599162
5.608090
5.617216
5.626498
5.635399
5.644513
5.653681
5.662669
5.671735
5.680978
5.689918
5.699005
5.708080
5.717116
5.726177
5.735347
5.744282
5.753428
5.762498
5.771462
5.780441
5.789591
5.798645
5.807618
5.816729
5.825768
5.834664
5.843864
5.852706
5.861877
5.870871
5.879739
5.888877
5.897746
5.906851
5.915833
5.924788
5.933728
5.942705
5.951684
5.960591
5.969552
5.978450
5.987579
5.996337
6.005304
6.014166
6.023098
6.032029
6.040873
6.049798
6.058685
6.067607
6.076344
6.085233
6.094065
6.102933
6.111742
6.120523
6.129425
6.138197
6.146904
6.155823
6.164596
6.173404
6.182101
6.190916
6.199586
6.208353
6.217051
6.225949
6.234601
6.243335
6.252026
6.260640
6.269410
6.278068
0.003547
0.012362
0.020927
0.029640
0.038251
0.047086
0.055682
0.064460
0.072903
0.081553
0.090406
0.098939
0.107699
0.116250
0.125037
0.133606
0.142340
0.150962
0.159627
0.168294
0.176935
0.185576
0.194279
0.202863
0.211543
0.220297
0.228860
0.237563
0.246177
0.254782
0.263413
0.272135
0.280718
0.289389
0.298048
0.306709
0.315287
0.323979
0.332568
0.341098
0.349760
0.358412
0.366984
0.375678
0.384238
0.392813
0.401439
0.410094
0.418636
0.427259
0.435854
0.444450
0.453013
0.461623
0.470180
0.478845
0.487285
0.495991
0.504464
0.512952
0.521419
0.530059
0.538610
0.547125
0.555712
0.564139
0.572636
0.581178
0.589699
0.598100
0.606644
0.615129
0.623578
0.632054
0.640473
0.648964
0.657401
0.665796
0.674262
0.682780
0.691100
0.699549
0.708013
0.716399
0.724788
0.733249
0.741590
0.750000
0.758386
0.766733
0.775194
0.783469
0.791948
0.800283
0.808657
0.816950
0.825303
0.833722
0.842111
0.850392
0.858808
0.867152
0.875472
0.883804
0.892309
0.900558
0.908994
0.917353
0.925769
0.934149
0.942529
0.950894
0.959145
0.967657
0.976073
0.984288
0.992842
1.001120
1.009560
1.017898
1.026251
1.034688
1.042999
1.051385
1.059804
1.068169
1.076540
1.084881
1.093330
1.101710
1.110090
1.118443
1.126907
1.135254
1.143607
1.151999
1.160376
1.168806
1.177091
1.185441
1.193809
1.202230
1.210569
1.218936
1.227328
1.235699
1.244055
1.252453
1.260728
1.269087
1.277476
1.285725
1.294173
1.302514
1.310829
1.319134
1.327502
1.335855
1.344121
1.352528
1.360692
1.369006
1.377545
1.385700
1.393999
1.402358
1.410666
1.418944
1.427273
1.435384
1.443787
1.452006
1.460263
1.468625
1.476825
1.485076
1.493375
1.501617
1.509833
1.518081
1.526347
1.534568
1.542798
1.551100
1.559351
1.567582
1.575755
1.583964
1.592359
1.600487
1.608729
1.617002
1.625262
1.633429
1.641713
1.649985
1.658203
1.666427
1.674780
1.682978
1.691169
1.699453
1.707599
1.715988
1.724224
1.732494
1.740739
1.749041
1.757250
1.765525
1.773893
1.781988
1.790305
1.798649
1.806799
1.815074
1.823349
1.831666
1.839881
1.848192
1.856407
1.864763
1.873089
1.881278
1.889514
1.897783
1.906118
1.914258
1.922689
1.930776
1.939129
1.947374
1.955613
1.963906
1.972145
1.980324
1.988551
1.996866
2.005066
2.013287
2.021526
2.029753
2.037959
2.046249
2.054333
2.062680
2.070844
2.079026
2.087164
2.095526
2.103555
2.111932
2.119982
2.128141
2.136362
2.144538
2.152693
2.160819
2.168953
2.177093
2.185200
2.193341
2.201559
2.209535
2.217771
2.225818
2.233949
2.242063
2.250128
2.258211
2.266277
2.274291
2.282381
2.290452
2.298472
2.306511
2.314564
2.322558
2.330611
2.338620
2.346751
2.354693
2.362768
2.370692
2.378818
2.386634
2.394748
2.402606
2.410765
2.418578
2.426755
2.434709
2.442595
2.450645
2.458687
2.466635
2.474536
2.482595
2.490618
2.498585
2.506522
2.514593
2.522467
2.530568
2.538397
2.546315
2.554461
2.562386
2.570242
2.578352
2.586366
2.594162
2.602201
2.610119
2.618113
2.626160
2.634034
2.641985
2.649976
2.657879
2.665855
2.673833
2.681803
2.689692
2.697595
2.705511
2.713555
2.721450
2.729386
2.737311
2.745259
2.753112
2.761019
2.769036
2.776907
2.784732
2.792720
2.800546
2.808434
2.816359
2.824265
2.832010
2.840049
2.847826
2.855625
2.863517
2.871465
2.879186
2.887192
2.894945
2.902780
2.910558
2.918419
2.926239
2.934074
2.941825
2.949548
2.957581
2.965179
2.972897
2.980711
2.988530
2.996275
3.004119
3.011824
3.019581
3.027350
3.035014
3.042792
3.050456
3.058251
3.065861
3.073540
3.081150
3.088832
3.096529
3.104229
3.111971
3.119545
3.127229
3.134881
3.142653
3.150110
3.157900
3.165492
3.173108
3.180760
3.188415
3.196091
3.203641
3.211302
3.218891
3.226597
3.234183
3.241772
3.249562
3.257091
3.264572
3.272337
3.279906
3.287543
3.295152
3.302819
3.310307
3.317917
3.325667
3.333223
3.340714
3.348449
3.356071
3.363576
3.371294
3.378761
3.386448
3.393975
3.401531
3.409113
3.416727
3.424262
3.431800
3.439428
3.446963
3.454600
3.462132
3.469682
3.477166
3.484686
3.492194
3.499759
3.507408
3.514793
3.522451
3.529974
3.537521
3.544997
3.552460
3.559959
3.567434
3.574960
3.582411
3.589916
3.597311
3.604852
3.612468
3.619697
3.627262
3.634699
3.642084
3.649583
3.656959
3.664377
3.671862
3.679253
3.686671
3.694044
3.701418
3.708794
3.716116
3.723547
3.730866
3.738170
3.745565
3.752887
3.760266
3.767604
3.774899
3.782108
3.789526
3.796812
3.804078
3.811376
3.818620
3.825910
3.833193
3.840450
3.847685
3.855026
3.862183
3.869437
3.876780
3.883887
3.891269
3.898513
3.905617
3.912832
3.920130
3.927302
3.934505
3.941701
3.948925
3.956056
3.963297
3.970536
3.977693
3.984866
3.992011
3.999292
4.006443
4.013658
4.020779
4.027991
4.035151
4.042354
4.049607
4.056723
4.063893
4.071143
4.078250
4.085381
4.092643
4.099743
4.106889
4.114086
4.121252
4.128368
4.135579
4.142677
4.149885
4.157058
4.164197
4.171361
4.178566
4.185760
4.192855
4.199995
4.207116
4.214259
4.221521
4.228658
4.235695
4.243066
4.250022
4.257192
4.264395
4.271453
4.278587
4.285763
4.292929
4.300003
4.307199
4.314246
4.321356
4.328621
4.335686
4.342658
4.349866
4.356841
4.363966
4.371165
4.378266
4.385348
4.392419
4.399538
4.406555
4.413730
4.420741
4.427773
4.434867
4.441935
4.448970
4.456068
4.463138
4.470080
4.477283
4.484210
4.491232
4.498261
4.505275
4.512280
4.519320
4.526301
4.533309
4.540322
4.547330
4.554257
4.561262
4.568198
4.575197
4.582123
4.589053
4.595992
4.603066
4.609960
4.616917
4.623891
4.630767
4.637640
4.644654
4.651518
4.658442
4.665312
4.672251
4.679022
4.686038
4.692840
4.699722
4.706538
4.713500
4.720337
4.727250
4.734068
4.740935
4.747778
4.754723
4.761545
4.768487
4.775270
4.782134
4.789031
4.795838
4.802693
4.809614
4.816391
4.823306
4.830131
4.836977
4.843805
4.850681
4.857512
4.864385
4.871237
4.878179
4.884905
4.891844
4.898579
4.905410
4.912295
4.919213
4.925927
4.932725
4.939586
4.946405
4.953284
4.960181
4.966871
4.973828
4.980449
4.987397
4.994189
5.000969
5.007767
5.014583
5.021360
5.028185
5.035037
5.041811
5.048496
5.055419
5.062218
5.069001
5.075724
5.082486
5.089281
5.096031
5.102835
5.109519
5.116338
5.123032
5.129808
5.136532
5.143279
5.150032
5.156773
5.163457
5.170138
5.177032
5.183636
5.190320
5.197079
5.203700
5.210450
5.217155
5.223753
5.230602
5.237178
5.243817
5.250453
5.257186
5.263741
5.270329
5.277152
5.283707
5.290313
5.296949
5.303556
5.310153
5.316751
5.323264
5.329864
5.336425
5.342960
5.349506
5.356124
5.362590
5.369133
5.375728
5.382113
5.388749
5.395253
5.401758
5.408244
5.414754
5.421211
5.427610
5.434253
5.440634
5.447076
5.453580
5.459995
5.466368
5.472896
5.479299
5.485743
5.492143
5.498593
5.504999
5.511425
5.517831
5.524224
5.530684
5.537146
5.543429
5.549826
5.556168
5.562595
5.568983
5.575397
5.581683
5.588082
5.594452
5.600828
5.607176
5.613558
5.619895
5.626240
5.632574
5.638877
5.645235
5.651647
5.657851
5.664269
5.670570
5.676831
5.683177
5.689457
5.695778
5.702163
5.708425
5.714681
5.720990
5.727246
5.733553
5.739892
5.746160
5.752473
5.758648
5.764906
5.771255
5.777445
5.783713
5.790029
5.796281
5.802429
5.808808
5.814982
5.821265
5.827479
5.833747
5.839886
5.846189
5.852361
5.858581
5.864897
5.871021
5.877208
5.883472
5.889585
5.895801
5.902006
5.908163
5.914311
5.920618
5.926733
5.932910
5.939151
5.945167
5.951336
5.957589
5.963584
5.969771
5.975922
5.982076
5.988188
5.994287
6.000360
6.006464
6.012641
6.018600
6.024713
6.030860
6.036933
6.043004
6.049061
6.055206
6.061204
6.067314
6.073291
6.079319
6.085431
6.091399
6.097403
6.103440
6.109477
6.115475
6.121464
6.127444
6.133442
6.139443
6.145423
6.151377
6.157381
6.163328
6.169278
6.175357
6.181146
6.187231
6.193073
6.199095
6.204997
6.210965
6.216790
6.222710
6.228798
6.234586
6.240551
6.246415
6.252290
6.258216
6.264163
6.270015
6.275851
6.281774
0.004437
0.010372
0.016287
0.022123
0.027929
0.033802
0.039692
0.045501
0.051370
0.057222
0.063028
0.068948
0.074776
0.080576
0.086592
0.092335
0.098172
0.104017
0.109838
0.115738
0.121565
0.127398
0.133214
0.139095
0.144877
0.150678
0.156541
0.162332
0.168202
0.174005
0.179859
0.185621
0.191472
0.197230
0.203031
0.208873
0.214712
0.220450
0.226262
0.232086
0.237962
0.243669
0.249440
0.255282
0.261085
0.266862
0.272698
0.278391
0.284245
0.289973
0.295795
0.301544
0.307311
0.313082
0.318840
0.324608
0.330411
0.336175
0.341922
0.347773
0.353397
0.359257
0.364998
0.370660
0.376395
0.382114
0.387923
0.393592
0.399347
0.405061
0.410825
0.416557
0.422183
0.427996
0.433703
0.439360
0.445058
0.450829
0.456455
0.462217
0.467909
0.473575
0.479258
0.484921
0.490574
0.496258
0.501953
0.507601
0.513245
0.518947
0.524583
0.530239
0.535908
0.541528
0.547152
0.552829
0.558339
0.563969
0.569592
0.575309
0.580809
0.586490
0.592015
0.597671
0.603325
0.608802
0.614461
0.619995
0.625705
0.631200
0.636713
0.642318
0.647861
0.653422
0.658959
0.664507
0.670062
0.675545
0.681081
0.686663
0.692179
0.697770
0.703318
0.708825
0.714410
0.719841
0.725414
0.730891
0.736437
0.741931
0.747378
0.752852
0.758314
0.763878
0.769285
0.774807
0.780287
0.785779
0.791225
0.796723
0.802314
0.807650
0.813211
0.818669
0.824092
0.829512
0.835031
0.840376
0.845874
0.851365
0.856836
0.862277
0.867736
0.873147
0.878611
0.884097
0.889460
0.895003
0.900426
0.905843
0.911313
0.916814
0.922225
0.927639
0.933059
0.938512
0.943940
0.949399
0.954798
0.960281
0.965704
0.971187
0.976547
0.982026
0.987404
0.992800
0.998409
1.003685
1.009159
1.014605
1.019959
1.025421
1.030853
1.036237
1.041756
1.047086
1.052527
1.057964
1.063393
1.068759
1.074167
1.079596
1.085022
1.090385
1.095826
1.101305
1.106689
1.112052
1.117511
1.122808
1.128291
1.133657
1.139008
1.144433
1.149853
1.155228
1.160630
1.165972
1.171458
1.176713
1.182160
1.187448
1.192997
1.198201
1.203657
1.209044
1.214334
1.219710
1.225072
1.230432
1.235774
1.241251
1.246473
1.251827
1.257259
1.262583
1.267928
1.273255
1.278588
1.283954
1.289290
1.294506
1.299845
1.305193
1.310487
1.315859
1.321183
1.326489
1.331849
1.337113
1.342347
1.347776
1.352977
1.358376
1.363631
1.368943
1.374180
1.379528
1.384681
1.390089
1.395305
1.400572
1.405845
1.411119
1.416419
1.421590
1.426914
1.432172
1.437496
1.442727
1.447943
1.453117
1.458504
1.463675
1.468871
1.474117
1.479327
1.484555
1.489786
1.494954
1.500161
1.505410
1.510588
1.515795
1.521041
1.526233
1.531431
1.536605
1.541764
1.546978
1.552167
1.557329
1.562476
1.567668
1.572861
1.578029
1.583179
1.588377
1.593542
1.598723
1.603840
1.609074
1.614260
1.619377
1.624549
1.629708
1.634846
1.640020
1.645194
1.650357
1.655495
1.660666
1.665810
1.671020
1.676141
1.681321
1.686387
1.691606
1.696739
1.701913
1.707063
1.712213
1.717417
1.722541
1.727652
1.732766
1.737988
1.743109
1.748289
1.753427
1.758541
1.763658
1.768839
1.773980
1.779115
1.784370
1.789365
1.794563
1.799659
1.804749
1.809942
1.815080
1.820101
1.825239
1.830444
1.835579
1.840651
1.845831
1.850889
1.856024
1.861111
1.866202
1.871319
1.876469
1.881565
1.886656
1.891764
1.896851
1.901950
1.907011
1.912191
1.917257
1.922363
1.927399
1.932510
1.937603
1.942691
1.947775
1.952865
1.957968
1.963040
1.968109
1.973191
1.978269
1.983326
1.988420
1.993468
1.998516
2.003547
2.008586
2.013661
2.018680
2.023752
2.028818
2.033855
2.038903
2.043984
2.048946
2.053982
2.059124
2.064043
2.069056
2.074041
2.079026
2.084057
2.089129
2.094141
2.099100
2.104154
2.109125
2.114107
2.119102
2.124066
2.129076
2.134022
2.138986
2.143939
2.148870
2.153907
2.158769
2.163854
2.168695
2.173681
2.178618
2.183541
2.188454
2.193401
2.198341
2.203186
2.208129
2.213046
2.217950
2.222861
2.227709
2.232643
2.237521
2.242362
2.247279
2.252159
2.257007
2.261894
2.266768
2.271691
2.276430
2.281365
2.286204
2.291066
2.295866
2.300696
2.305519
2.310370
2.315244
2.320023
2.324844
2.329652
2.334536
2.339294
2.344069
2.348902
2.353732
2.358543
2.363274
2.368131
2.372933
2.377712
2.382524
2.387294
2.392051
2.396872
2.401603
2.406384
2.411157
2.415990
2.420694
2.425502
2.430239
2.435039
2.439844
2.444581
2.449351
2.454127
2.458872
2.463585
2.468391
2.473077
2.477873
2.482664
2.487299
2.492099
2.496826
2.501572
2.506285
2.511055
2.515764
2.520507
2.525241
2.529999
2.534699
2.539463
2.544164
2.548850
2.553596
2.558296
2.562985
2.567725
2.572387
2.577175
2.581840
2.586522
2.591262
2.596002
2.600682
2.605397
2.610119
2.614781
2.619464
2.624171
2.628842
2.633575
2.638261
2.642905
2.647582
2.652292
2.656954
2.661630
2.666316
2.670984
2.675655
2.680326
2.684943
2.689650
2.694344
2.698982
2.703623
2.708261
2.712959
2.717561
2.722211
2.726822
2.731504
2.736145
2.740771
2.745403
2.750026
2.754658
2.759269
2.763910
2.768503
2.773102
2.777814
2.782288
2.786916
2.791557
2.796138
2.800743
2.805327
2.809851
2.814498
2.819091
2.823681
2.828298
2.832873
2.837427
2.841951
2.846559
2.851092
2.855673
2.860260
2.864811
2.869317
2.873868
2.878398
2.882961
2.887452
2.891970
2.896488
2.901093
2.905527
2.910183
2.914632
2.919138
2.923687
2.928094
2.932585
2.937217
2.941606
2.946055
2.950540
2.955004
2.959561
2.964031
2.968477
2.972969
2.977472
2.981936
2.986352
2.990864
2.995256
2.999712
3.004175
3.008592
3.013026
3.017421
3.021870
3.026289
3.030769
3.035194
3.039565
3.043975
3.048406
3.052789
3.057224
3.061613
3.065981
3.070385
3.074754
3.079155
3.083529
3.087909
3.092310
3.096640
3.100990
3.105367
3.109754
3.114065
3.118427
3.122756
3.127137
3.131469
3.135822
3.140146
3.144469
3.148801
3.153068
3.157442
3.161699
3.166103
3.170322
3.174681
3.179007
3.183307
3.187603
3.191932
3.196226
3.200561
3.204824
3.209100
3.213459
3.217701
3.222040
3.226312
3.230572
3.234890
3.239189
3.243420
3.247707
3.251976
3.256249
3.260518
3.264853
3.269060
3.273314
3.277566
3.281847
3.286104
3.290389
3.294598
3.298853
3.303068
3.307307
3.311550
3.315783
3.320047
3.324235
3.328544
3.332741
3.336962
3.341181
3.345396
3.349615
3.353824
3.358043
3.362309
3.366447
3.370653
3.374857
3.379063
3.383249
3.387386
3.391632
3.395772
3.399964
3.404197
3.408332
3.412514
3.416706
3.420846
3.425023
3.429199
3.433328
3.437483
3.441657
3.445779
3.449944
3.454069
3.458201
3.462332
3.466527
3.470667
3.474703
3.478880
3.482993
3.487092
3.491230
3.495328
3.499439
3.503540
3.507609
3.511704
3.515800
3.519908
3.523964
3.528075
3.532135
3.536158
3.540287
3.544292
3.548352
3.552439
3.556474
3.560483
3.564534
3.568531
3.572539
3.576593
3.580578
3.584580
3.588598
3.592610
3.596565
3.600606
3.604573
3.608525
3.612516
3.616473
3.620470
3.624398
3.628344
3.632296
3.636254
3.640157
3.644106
3.648022
3.651965
3.655857
3.659770
3.663688
3.667592
3.671544
3.675397
3.679313
3.683187
3.687082
3.690962
3.694799
3.698712
3.702556
3.706445
3.710265
3.714118
3.717962
3.721800
3.725641
3.729479
3.733344
3.737110
3.740957
3.744795
3.748603
3.752414
3.756168
3.759970
3.763787
3.767556
3.771268
3.775082
3.778830
3.782614
3.786377
3.790122
3.793861
3.797639
3.801348
3.805105
3.808844
3.812610
3.816260
3.820023
3.823753
3.827492
3.831165
3.834862
3.838535
3.842262
3.845942
3.849666
3.853330
3.856976
3.860649
3.864370
3.868037
3.871747
3.875375
3.879030
3.882682
3.886349
3.889983
3.893624
3.897276
3.900886
3.904469
3.908110
3.911705
3.915309
3.918919
3.922500
3.926113
3.929756
3.933295
3.936932
3.940545
3.944167
3.947717
3.951289
3.954869
3.958405
3.962009
3.965580
3.969106
3.972711
3.976210
3.979754
3.983386
3.986936
3.990465
3.994051
3.997527
4.001119
4.004652
4.008190
4.011665
4.015258
4.018748
4.022277
4.025804
4.029297
4.032808
4.036353
4.039870
4.043391
4.046914
4.050410
4.053871
4.057376
4.060861
4.064393
4.067847
4.071308
4.074795
4.078342
4.081764
4.085227
4.088721
4.092113
4.095588
4.099102
4.102571
4.105948
4.109424
4.112872
4.116285
4.119817
4.123169
4.126591
4.130028
4.133461
4.136870
4.140310
4.143692
4.147141
4.150545
4.153909
4.157321
4.160716
4.164111
4.167547
4.170918
4.174288
4.177656
4.181104
4.184463
4.187845
4.191171
4.194551
4.197924
4.201265
4.204659
4.208033
4.211356
4.214717
4.218081
4.221416
4.224712
4.228065
4.231357
4.234722
4.238056
4.241301
4.244615
4.247949
4.251221
4.254535
4.257854
4.261117
4.264416
4.267708
4.271001
4.274297
4.277575
4.280867
4.284160
4.287473
4.290676
4.293885
4.297165
4.300434
4.303703
4.306966
4.310222
4.313431
4.316703
4.319944
4.323201
4.326476
4.329643
4.332909
4.336078
4.339317
4.342559
4.345788
4.349021
4.352224
4.355397
4.358621
4.361749
4.364969
4.368163
4.371309
4.374512
4.377631
4.380800
4.384060
4.387137
4.390298
4.393483
4.396677
4.399793
4.402911
4.406066
4.409170
4.412319
4.415435
4.418593
4.421706
4.424786
4.427889
4.431023
4.434139
4.437297
4.440404
4.443472
4.446549
4.449659
4.452682
4.455765
4.458881
4.461892
4.464933
4.467962
4.470988
4.474032
4.477082
4.480078
4.483113
4.486160
4.489150
4.492170
4.495223
4.498204
4.501191
4.504190
4.507201
4.510140
4.513142
4.516097
4.519063
4.522068
4.524950
4.527994
4.530954
4.533905
4.536826
4.539747
4.542635
4.545566
4.548547
4.551453
4.554326
4.557253
4.560123
4.563015
4.565918
4.568809
4.571688
4.574574
4.577423
4.580290
4.583172
4.586051
4.588919
4.591786
4.594617
4.597472
4.600318
4.603114
4.606011
4.608794
4.611589
4.614394
4.617255
4.620057
4.622909
4.625710
4.628526
4.631310
4.634111
4.636868
4.639687
4.642485
4.645244
4.648025
4.650796
4.653520
4.656270
4.659032
4.661795
4.664536
4.667301
4.669974
4.672775
4.675498
4.678210
4.680952
4.683669
4.686362
4.689071
4.691773
4.694434
4.697166
4.699893
4.702556
4.705235
4.707904
4.710565
4.713243
4.715954
4.718618
4.721302
4.723960
4.726596
4.729248
4.731926
4.734596
4.737217
4.739881
4.742508
4.745118
4.747739
4.750373
4.753018
4.755664
4.758244
4.760853
4.763460
4.766060
4.768676
4.771270
4.773841
4.776469
4.779042
4.781601
4.784246
4.786775
4.789393
4.791946
4.794544
4.797109
4.799643
4.802211
4.804751
4.807322
4.809926
4.812436
4.814974
4.817514
4.820037
4.822560
4.825079
4.827605
4.830182
4.832660
4.835179
4.837666
4.840138
4.842637
4.845120
4.847625
4.850070
4.852560
4.855061
4.857434
4.859936
4.862357
4.864804
4.867252
4.869709
4.872133
4.874554
4.876995
4.879440
4.881888
4.884264
4.886712
4.889084
4.891562
4.893911
4.896311
4.898720
4.901104
4.903504
4.905901
4.908259
4.910644
4.912978
4.915333
4.917697
4.920115
4.922428
4.924786
4.927140
4.929504
4.931793
4.934139
4.936467
4.938798
4.941138
4.943451
4.945740
4.948056
4.950351
4.952667
4.954950
4.957253
4.959534
4.961826
4.964094
4.966415
4.968672
4.970954
4.973205
4.975502
4.977756
4.980032
4.982285
4.984536
4.986777
4.989036
4.991262
4.993500
4.995744
4.997964
5.000163
5.002389
5.004615
5.006854
5.009082
5.011267
5.013474
5.015677
5.017876
5.020072
5.022277
5.024449
5.026607
5.028832
5.030974
5.033147
5.035325
5.037488
5.039645
5.041821
5.044014
5.046111
5.048259
5.050404
5.052570
5.054709
5.056825
5.058940
5.061088
5.063209
5.065336
5.067430
5.069543
5.071652
5.073755
5.075847
5.077971
5.080026
5.082135
5.084218
5.086306
5.088352
5.090428
5.092495
5.094539
5.096609
5.098656
5.100708
5.102772
5.104806
5.106847
5.108869
5.110882
5.112941
5.115008
5.116971
5.119011
5.121036
5.123025
5.125039
5.127019
5.129014
5.130953
5.132981
5.134956
5.136921
5.138875
5.140840
5.142797
5.144753
5.146688
5.148612
5.150562
5.152513
5.154445
5.156377
5.158271
5.160198
5.162112
5.164011
5.165944
5.167831
5.169734
5.171625
5.173542
5.175417
5.177290
5.179157
5.181035
5.182887
5.184738
5.186545
5.188387
5.190257
5.192091
5.193915
5.195725
5.197546
5.199356
5.201180
5.202990
5.204782
5.206597
5.208368
5.210190
5.211987
5.213755
5.215523
5.217296
5.219025
5.220799
5.222539
5.224268
5.226018
5.227765
5.229484
5.231180
5.232894
5.234634
5.236369
5.238083
5.239764
5.241451
5.243158
5.244824
5.246532
5.248230
5.249927
5.251616
5.253255
5.254906
5.256536
5.258204
5.259843
5.261500
5.263112
5.264739
5.266351
5.267981
5.269596
5.271214
5.272816
5.274398
5.275992
5.277589
5.279168
5.280765
5.282350
5.283935
5.285520
5.287101
5.288632
5.290184
5.291754
5.293324
5.294858
5.296434
5.297947
5.299493
5.300967
5.302513
5.304005
5.305542
5.307046
5.308550
5.310033
5.311498
5.312987
5.314500
5.316025
5.317500
5.318971
5.320433
5.321901
5.323372
5.324813
5.326263
5.327731
5.329172
5.330607
5.332039
5.333454
5.334867
5.336279
5.337687
5.339098
5.340530
5.341929
5.343331
5.344755
5.346136
5.347526
5.348895
5.350258
5.351636
5.352991
5.354336
5.355675
5.357011
5.358348
5.359690
5.361017
5.362365
5.363702
5.365071
5.366377
5.367683
5.369020
5.370326
5.371647
5.372939
5.374215
5.375494
5.376761
5.378029
5.379299
5.380560
5.381840
5.383086
5.384362
5.385603
5.386846
5.388086
5.389333
5.390585
5.391808
5.393000
5.394219
5.395442
5.396649
5.397866
5.399055
5.400257
5.401458
5.402659
5.403822
5.405014
5.406207
5.407381
5.408565
5.409727
5.410874
5.412007
5.413160
5.414302
5.415443
5.416582
5.417715
5.418841
5.419973
5.421100
5.422212
5.423338
5.424444
5.425537
5.426622
5.427701
5.428779
5.429882
5.430942
5.431994
5.433060
5.434109
5.435173
5.436254
5.437318
5.438357
5.439421
5.440454
5.441494
5.442525
5.443534
5.444538
5.445554
5.446555
5.447549
5.448529
5.449515
5.450506
5.451477
5.452448
5.453403
5.454381
5.455351
5.456331
5.457295
5.458251
5.459237
5.460198
5.461133
5.462074
5.463012
5.463932
5.464876
5.465792
5.466685
5.467575
5.468471
5.469352
5.470230
5.471116
5.471973
5.472824
5.473681
5.474559
5.475430
5.476287
5.477156
5.478031
5.478897
5.479772
5.480602
5.481480
5.482327
5.483208
5.484047
5.484895
5.485704
5.486528
5.487328
5.488122
5.488907
5.489668
5.490444
5.491220
5.491969
5.492685
5.493428
5.494198
5.494938
5.495693
5.496415
5.497164
5.497904
5.498653
5.499390
5.500142
5.500906
5.501634
5.502386
5.503126
5.503860
5.504591
5.505319
5.506044
5.506781
5.507476
5.508153
5.508825
5.509478
5.510143
5.510769
5.511398
5.512024
5.512662
5.513262
5.513870
5.514478
5.515090
5.515695
5.516291
5.516881
5.517486
5.518085
5.518664
5.519257
5.519826
5.520419
5.520998
5.521570
5.522145
5.522714
5.523278
5.523841
5.524428
5.524994
5.525567
5.526139
5.526714
5.527277
5.527832
5.528386
5.528931
5.529494
5.530046
5.530582
5.531100
5.531586
5.532086
5.532568
5.533039
5.533506
5.533958
5.534408
5.534839
5.535262
5.535687
5.536134
5.536571
5.536991
5.537407
5.537817
5.538216
5.538620
5.539049
5.539468
5.539867
5.540280
5.540670
5.541065
5.541451
5.541826
5.542207
5.542584
5.542938
5.543276
5.543606
5.543951
5.544298
5.544636
5.544960
5.545271
5.545571
5.545883
5.546206
5.546527
5.546839
5.547168
5.547495
5.547824
5.548166
5.548498
5.548828
5.549158
5.549499
5.549832
5.550170
5.550518
5.550853
5.551180
5.551509
5.551824
5.552126
5.552432
5.552735
5.553034
5.553319
5.553595
5.553861
5.554110
5.554353
5.554586
5.554808
5.555033
5.555240
5.555416
5.555584
5.555752
5.555917
5.556069
5.556210
5.556339
5.556459
5.556582
5.556705
5.556816
5.556923
5.557028
5.557127
5.557217
5.557301
5.557376
5.557436
5.557501
5.557559
5.557600
5.557631
5.557660
5.557690
5.557714
5.557732
5.557738
5.557738
5.557738
5.557738
5.557741
5.557741
5.557741
5.557741
5.557741
5.557741
5.557741
5.557741
5.557741
5.557741
5.557741
5.557741
5.557741
5.557741
5.557741
5.557741
5.557741
5.557741
5.557741
5.557741
5.557741
5.557741
5.557741
5.557741
5.557741
5.557720
5.557696
5.557669
5.557648
5.557642
5.557621
5.557603
5.557594
5.557589
5.557589
5.557580
5.557561
5.557547
5.557543
5.557538
5.557522
5.557508
5.557498
5.557496
5.557496
5.557489
5.557489
5.557480
5.557480
5.557480
5.557480
5.557480
5.557480
5.557480
5.557480
5.557480
5.557480
5.557480
5.557480
5.557480
5.557480
5.557477
5.557477
5.557477
5.557477
5.557477
5.557477
5.557477
5.557477
5.557477
5.557477
5.557477
5.557477
5.557477
5.557477
5.557477
5.557477
5.557468
5.557466
5.557466
5.557466
5.557466
5.557466
5.557466
5.557466
5.557466
5.557466
5.557466
5.557466
5.557466
5.557466
5.557466
5.557466
5.557466
5.557466
5.557466
5.557466
5.557466
5.557459
5.557459
5.557459
5.557459
5.557459
5.557459
5.557459
5.557459
5.557459
5.557459
5.557459
5.557459
5.557459
5.557459
5.557459
5.557459
5.557459
5.557459
5.557459
5.557459
5.557459
5.557459
5.557459
5.557459
5.557459
5.557459
5.557459
5.557459
5.557459
5.557459
5.557459
5.557459
5.557459
5.557459
5.557459
5.557459
5.557459
5.557459
5.557459
5.557459
5.557459
5.557459
5.557459
5.557459
5.557459
5.557459
5.557459
5.557459
5.557459
5.557459
5.557459
5.557459
5.557459
5.557459
5.557459
5.557459
5.557459
5.557459
5.557459
5.557459
5.557459
5.557459
5.557459
5.557459
5.557459
5.557459
5.557459
5.557459
5.557459
5.557459
5.557459
5.557459
5.557459
5.557459
5.557459
5.557459
5.557459
5.557459
5.557459
5.557459
5.557456
5.557456
5.557456
5.557456
5.557456
5.557456
5.557456
5.557456
5.557456
5.557456
5.557456
5.557456
5.557456
5.557456
5.557456
5.557456
5.557456
5.557456
5.557456
5.557456
5.557456
5.557456
5.557456
5.557456
5.557456
5.557456
5.557456
5.557456
5.557456
5.557456
5.557456
5.557456
5.557456
5.557456
5.557456
5.557456
5.557456
5.557456
5.557456
5.557456
5.557456
5.557456
5.557456
5.557456
5.557456
5.557456
5.557456
5.557456
5.557456
5.557456
5.557456
5.557456
5.557456
5.557456
5.557456
5.557456
5.557456
5.557456
5.557456
5.557456
5.557456
5.557456
5.557456
5.557456
5.557456
5.557456
5.557456
5.557456
5.557456
5.557456
5.557456
5.557456
5.557456
5.557456
5.557456
5.557456
5.557456
5.557456
5.557456
5.557456
5.557456
5.557456
5.557456
5.557456
5.557456
5.557456
5.557456
5.557456
5.557456
5.557456
5.557456
5.557456
5.557456
5.557456
5.557456
5.557456
5.557456
5.557456
5.557456
5.557456