0.788574
0.788574
0.788574
0.788574
0.788574
0.788574
0.788574
0.788574
0.788574
0.788574
0.788622
0.788931
0.789434
0.790108
0.790866
0.791699
0.792619
0.793679
0.794905
0.796316
0.797895
0.799695
0.801643
0.803689
0.805897
0.808318
0.810916
0.813633
0.816530
0.819559
0.822837
0.826142
0.829686
0.833344
0.837227
0.841194
0.845403
0.849706
0.854116
0.858861
0.863622
0.868575
0.873689
0.878935
0.884424
0.890032
0.895842
0.901747
0.907772
0.914226
0.920499
0.927166
0.933913
0.940935
0.947988
0.955293
0.962726
0.970345
0.978108
0.985948
0.994038
1.002379
1.010738
1.019186
1.028193
1.037025
1.046310
1.055373
1.064981
1.074521
1.084378
1.094226
1.104406
1.114854
1.125235
1.135820
1.146591
1.157598
1.168872
1.180161
1.191675
1.203264
1.215404
1.227221
1.239370
1.251791
1.264147
1.276862
1.289685
1.302640
1.315811
1.329242
1.342560
1.356282
1.370162
1.384181
1.398250
1.412721
1.426923
1.441540
1.456694
1.471603
1.486622
1.502142
1.517398
1.533001
1.549009
1.564672
1.580393
1.596700
1.612411
1.628548
1.644661
1.660645
1.676962
1.692940
1.709307
1.725336
1.741703
1.758047
1.774211
1.790743
1.806981
1.823358
1.839716
1.855907
1.872454
1.888840
1.905090
1.921506
1.938014
1.954190
1.970536
1.987083
2.003538
2.019821
2.036282
2.052568
2.069028
2.085306
2.101739
2.118116
2.134346
2.150668
2.167095
2.183256
2.199495
2.215769
2.231804
2.248154
2.264401
2.280373
2.296633
2.312863
2.328789
2.345046
2.361201
2.377089
2.393193
2.409401
2.425547
2.441546
2.457728
2.473850
2.489998
2.506081
2.522191
2.538163
2.554438
2.570526
2.586459
2.602656
2.618709
2.634909
2.651135
2.667059
2.683217
2.699411
2.715518
2.731558
2.747779
2.763700
2.779828
2.795833
2.811820
2.827750
2.843985
2.860029
2.875822
2.891877
2.907622
2.923723
2.939889
2.955346
2.971483
2.987305
3.003232
3.018919
3.034975
3.050444
3.066607
3.082040
3.097928
3.113487
3.129213
3.144936
3.160540
3.176296
3.191929
3.207698
3.223502
3.238959
3.254604
3.270348
3.286015
3.301816
3.317329
3.333065
3.348917
3.364532
3.380184
3.395817
3.411597
3.427219
3.442789
3.458779
3.474287
3.489986
3.505835
3.521325
3.537099
3.552789
3.568438
3.584068
3.599753
3.615338
3.630960
3.646443
3.662148
3.677710
3.693233
3.708989
3.724206
3.739806
3.755245
3.770621
3.786548
3.801573
3.817275
3.832645
3.847880
3.863675
3.879033
3.894283
3.909703
3.925007
3.940368
3.955600
3.971078
3.986421
4.001796
4.017181
4.032638
4.048047
4.063371
4.078831
4.094282
4.109807
4.124973
4.140541
4.155976
4.171550
4.186806
4.202370
4.217788
4.233245
4.248791
4.264338
4.279770
4.295416
4.310896
4.326413
4.341978
4.357257
4.372891
4.388407
4.403840
4.419312
4.434840
4.450435
4.465891
4.481411
4.496670
4.512208
4.527796
4.543396
4.558700
4.573983
4.589772
4.605004
4.620272
4.635894
4.651039
4.666858
4.682030
4.697448
4.712865
4.728076
4.743536
4.759044
4.774386
4.789774
4.805291
4.820717
4.836168
4.851691
4.867094
4.882649
4.898082
4.913493
4.929153
4.944637
4.960100
4.975497
4.991382
5.006647
5.022478
5.037971
5.053499
5.069219
5.084700
5.100202
5.115802
5.131442
5.147045
5.162457
5.178231
5.193652
5.209039
5.224604
5.240072
5.255538
5.270995
5.286344
5.302091
5.317454
5.332821
5.348077
5.363636
5.378940
5.394201
5.409604
5.425130
5.440242
5.455477
5.470915
5.486100
5.501340
5.516423
5.531873
5.546889
5.562163
5.577449
5.592783
5.607724
5.623397
5.638194
5.653564
5.668571
5.684157
5.699023
5.714450
5.729505
5.744956
5.760035
5.775270
5.790475
5.805644
5.820915
5.836045
5.851379
5.866506
5.881678
5.896844
5.912010
5.927140
5.942264
5.957478
5.972488
5.987840
6.002527
6.017807
6.032841
6.047803
6.062855
6.077788
6.092828
6.107703
6.122669
6.137784
6.152542
6.167450
6.182344
6.197289
6.212269
6.226997
6.241606
6.256646
6.271339
0.003005
0.017716
0.032510
0.047284
0.062084
0.076822
0.091527
0.106252
0.121217
0.135670
0.150768
0.165502
0.180150
0.194974
0.209703
0.224524
0.239310
0.254164
0.268881
0.283619
0.298512
0.313256
0.328026
0.342764
0.357456
0.372257
0.387099
0.401789
0.416461
0.431483
0.445975
0.460638
0.475405
0.489933
0.504877
0.519519
0.533993
0.548883
0.563372
0.578134
0.592596
0.607364
0.622140
0.636584
0.651352
0.665727
0.680288
0.694684
0.709253
0.723754
0.738207
0.752720
0.767245
0.781821
0.796184
0.810817
0.825273
0.839828
0.854158
0.868727
0.883216
0.897687
0.912218
0.926578
0.941298
0.955796
0.970264
0.984834
0.999400
1.013829
1.028513
1.043158
1.057809
1.072294
1.086954
1.101455
1.116097
1.130840
1.145254
1.159974
1.174586
1.189278
1.203675
1.218433
1.232784
1.247450
1.262119
1.276715
1.291429
1.306020
1.320335
1.335324
1.349571
1.364185
1.378782
1.393157
1.407958
1.422375
1.436828
1.451341
1.466048
1.480483
1.494915
1.509428
1.523851
1.538403
1.553015
1.567417
1.581888
1.596511
1.611045
1.625295
1.640107
1.654335
1.668959
1.683478
1.698060
1.712669
1.727226
1.741865
1.756228
1.771179
1.785464
1.800087
1.814723
1.829425
1.843962
1.858708
1.873305
1.888001
1.902586
1.917239
1.931776
1.946697
1.961102
1.975845
1.990511
2.005015
2.019717
2.034253
2.048826
2.063570
2.078190
2.092628
2.107294
2.121870
2.136356
2.150890
2.165561
2.179963
2.194575
2.208902
2.223284
2.237862
2.252411
2.266789
2.281173
2.295719
2.310211
2.324355
2.338754
2.353091
2.367589
2.381973
2.396135
2.410720
2.424993
2.439194
2.453611
2.467977
2.482284
2.496674
2.511136
2.525292
2.539709
2.554162
2.568354
2.582651
2.597098
2.611387
2.625813
2.640391
2.654335
2.669094
2.683295
2.697493
2.711907
2.726291
2.740586
2.754808
2.769153
2.783396
2.797684
2.811922
2.826240
2.840582
2.855035
2.868979
2.883461
2.897600
2.911777
2.925894
2.940084
2.954192
2.968370
2.982544
2.996673
3.010659
3.024857
3.038939
3.052754
3.067189
3.080952
3.095010
3.108984
3.123191
3.136925
3.150985
3.164791
3.178762
3.192783
3.206694
3.220847
3.234704
3.248570
3.262522
3.276526
3.290506
3.304416
3.318390
3.332379
3.346346
3.360422
3.374290
3.388231
3.402402
3.416328
3.430173
3.444155
3.458060
3.472109
3.486190
3.499900
3.513969
3.527907
3.541767
3.555717
3.569612
3.583430
3.597353
3.611386
3.625123
3.638977
3.652972
3.666711
3.680646
3.694644
3.708192
3.722144
3.735902
3.749391
3.763286
3.777248
3.790892
3.804515
3.818327
3.832052
3.845564
3.859295
3.872765
3.886550
3.900254
3.913745
3.927500
3.941180
3.954836
3.968468
3.982118
3.995750
4.009170
4.023170
4.036655
4.050204
4.063934
4.077600
4.091196
4.104908
4.118529
4.132226
4.146090
4.159491
4.173464
4.187078
4.200794
4.214357
4.228277
4.242047
4.255634
4.269365
4.283171
4.296911
4.310567
4.324250
4.338017
4.351814
4.365479
4.379365
4.392994
4.406618
4.420348
4.434106
4.447819
4.461397
4.475209
4.488793
4.502476
4.516186
4.529905
4.543522
4.557415
4.570747
4.584406
4.598131
4.611722
4.625371
4.638941
4.652483
4.666139
4.679705
4.693238
4.706831
4.720463
4.734221
4.747718
4.761344
4.774794
4.788534
4.802130
4.815690
4.829418
4.842933
4.856817
4.870416
4.884162
4.897791
4.911414
4.925130
4.938957
4.952508
4.966254
4.979901
4.993647
5.007432
5.021135
5.034777
5.048460
5.062286
5.075984
5.089733
5.103398
5.117174
5.130920
5.144519
5.158238
5.172038
5.185634
5.199299
5.213105
5.226743
5.240351
5.254034
5.267702
5.281259
5.294834
5.308455
5.322102
5.335598
5.349060
5.362467
5.376333
5.389719
5.403276
5.416645
5.429938
5.443394
5.456981
5.470358
5.483840
5.497257
5.510733
5.524143
5.537569
5.550883
5.564096
5.577563
5.590812
5.604399
5.617833
5.631070
5.644522
5.658034
5.671244
5.684535
5.698157
5.711280
5.724679
5.738053
5.751355
5.764781
5.778164
5.791484
5.804718
5.818335
5.831539
5.844949
5.858267
5.871596
5.885048
5.898138
5.911384
5.924710
5.938192
5.951279
5.964549
5.977830
5.990992
6.004157
6.017306
6.030501
6.043935
6.057094
6.070208
6.083364
6.096393
6.109555
6.122788
6.135639
6.148866
6.161884
6.174884
6.188031
6.201108
6.214132
6.226991
6.239940
6.253102
6.265937
6.278940
0.008587
0.021578
0.034554
0.047410
0.060353
0.073427
0.086224
0.099128
0.112103
0.125007
0.137917
0.150938
0.163782
0.176713
0.189767
0.202536
0.215488
0.228479
0.241356
0.254341
0.267326
0.280152
0.293176
0.306080
0.318912
0.331966
0.344894
0.357738
0.370651
0.383633
0.396363
0.409564
0.422300
0.435090
0.448066
0.460925
0.473745
0.486628
0.499520
0.512368
0.524921
0.537897
0.550576
0.563342
0.576199
0.589216
0.601821
0.614635
0.627335
0.639991
0.652781
0.665391
0.678211
0.691100
0.703489
0.716393
0.729054
0.741563
0.754116
0.767023
0.779391
0.792352
0.804905
0.817459
0.830174
0.842824
0.855341
0.868035
0.880667
0.893379
0.905837
0.918729
0.931198
0.944027
0.956638
0.969269
0.981972
0.994781
1.007415
1.020133
1.032759
1.045591
1.058234
1.071042
1.083620
1.096425
1.109188
1.121891
1.134654
1.147415
1.160094
1.172848
1.185716
1.198306
1.211036
1.223766
1.236481
1.249182
1.261960
1.274654
1.287339
1.300040
1.312791
1.325467
1.338207
1.350754
1.363577
1.376158
1.388702
1.401480
1.414079
1.426746
1.439317
1.452015
1.464586
1.477235
1.489891
1.502546
1.515115
1.527764
1.540377
1.552883
1.565616
1.578218
1.590852
1.603579
1.616007
1.628647
1.641323
1.653916
1.666511
1.679269
1.691798
1.704471
1.717166
1.729965
1.742357
1.755291
1.767787
1.780529
1.793244
1.805924
1.818504
1.831498
1.844025
1.856869
1.869593
1.882164
1.894925
1.907763
1.920496
1.932927
1.945885
1.958447
1.971405
1.983914
1.996608
2.009413
2.022032
2.034709
2.047448
2.060217
2.072729
2.085387
2.098078
2.110874
2.123425
2.135963
2.148481
2.161244
2.173800
2.186441
2.199015
2.211512
2.224098
2.236631
2.249160
2.261711
2.274199
2.286890
2.299260
2.311565
2.324260
2.336558
2.349082
2.361554
2.373967
2.386278
2.398867
2.411217
2.423480
2.436156
2.448443
2.460916
2.473238
2.485735
2.498210
2.510731
2.522889
2.535559
2.547957
2.560352
2.572711
2.585132
2.597668
2.609996
2.622394
2.634846
2.647363
2.659746
2.672282
2.684538
2.697179
2.709340
2.721764
2.734114
2.746737
2.758900
2.771355
2.783669
2.796004
2.808455
2.820751
2.833095
2.845585
2.857749
2.870123
2.882314
2.894571
2.906849
2.919183
2.931353
2.943817
2.955975
2.968280
2.980309
2.992785
3.004703
3.017235
3.029130
3.041249
3.053500
3.065622
3.077618
3.089944
3.101958
3.114113
3.126016
3.138315
3.150266
3.162316
3.174334
3.186369
3.198506
3.210412
3.222540
3.234581
3.246589
3.258720
3.270765
3.282743
3.294826
3.307062
3.319025
3.331099
3.343122
3.355172
3.367193
3.379222
3.391350
3.403334
3.415402
3.427527
3.439476
3.451732
3.463627
3.475494
3.487739
3.499717
3.511698
3.523656
3.535685
3.547654
3.559644
3.571656
3.583601
3.595600
3.607671
3.619506
3.631499
3.643558
3.655320
3.667221
3.679244
3.691042
3.703012
3.714921
3.726677
3.738446
3.750415
3.762424
3.774123
3.786011
3.797834
3.809569
3.821392
3.833109
3.844929
3.856709
3.868502
3.880109
3.891928
3.903460
3.915291
3.927024
3.938780
3.950357
3.962090
3.973840
3.985444
3.997272
4.008858
4.020537
4.032431
4.043999
4.055776
4.067512
4.079217
4.090947
4.102701
4.114334
4.126132
4.137838
4.149526
4.161414
4.173057
4.184688
4.196621
4.208305
4.220065
4.231836
4.243614
4.255359
4.267064
4.278955
4.290526
4.302535
4.314045
4.325907
4.337690
4.349399
4.361131
4.372975
4.384617
4.396329
4.408173
4.419860
4.431592
4.443250
4.454917
4.466763
4.478367
4.490052
4.501745
4.513529
4.525217
4.536976
4.548615
4.560225
4.571877
4.583603
4.595246
4.606889
4.618516
4.630153
4.641817
4.653483
4.664940
4.676535
4.688232
4.699683
4.711359
4.723004
4.734527
4.746140
4.757743
4.769317
4.780885
4.792695
4.804146
4.815762
4.827420
4.839011
4.850555
4.862309
4.874014
4.885459
4.897357
4.908853
4.920459
4.932317
4.943912
4.955516
4.967281
4.978924
4.990630
5.002365
5.013891
5.025564
5.037287
5.048780
5.060633
5.072260
5.083888
5.095542
5.107239
5.118870
5.130546
5.142254
5.153900
5.165435
5.177128
5.188729
5.200336
5.211879
5.223603
5.235120
5.246792
5.258402
5.269955
5.281484
5.292959
5.304533
5.316025
5.327509
5.338996
5.350495
5.361919
5.373361
5.384914
5.396290
5.407747
5.419123
5.430502
5.442007
5.453496
5.464621
5.476138
5.487493
5.498647
5.510095
5.521348
5.532706
5.544130
5.555294
5.566756
5.577872
5.589427
5.600585
5.611901
5.623247
5.634389
5.645807
5.657150
5.668317
5.679681
5.690898
5.702322
5.713458
5.724969
5.736042
5.747422
5.758786
5.769808
5.781268
5.792341
5.803648
5.815099
5.826095
5.837525
5.848679
5.859965
5.871066
5.882277
5.893554
5.904787
5.915983
5.927167
5.938348
5.949523
5.960732
5.971754
5.983100
5.994210
6.005211
6.016282
6.027487
6.038521
6.049604
6.060887
6.071712
6.082752
6.093790
6.104860
6.115942
6.126959
6.137867
6.148866
6.159871
6.170845
6.181736
6.192785
6.203700
6.214513
6.225454
6.236294
6.247092
6.258198
6.268912
6.279806
0.007586
0.018372
0.029280
0.039970
0.051044
0.061773
0.072648
0.083344
0.094271
0.105096
0.116025
0.126727
0.137603
0.148308
0.159192
0.170074
0.180962
0.191876
0.202572
0.213463
0.224219
0.235080
0.245967
0.256732
0.267560
0.278438
0.289161
0.300031
0.310709
0.321540
0.332466
0.343321
0.354059
0.364881
0.375532
0.386572
0.397298
0.408021
0.418771
0.429691
0.440306
0.451083
0.461992
0.472658
0.483417
0.494101
0.504808
0.515693
0.526329
0.537019
0.547757
0.558429
0.569035
0.579776
0.590529
0.601000
0.611738
0.622410
0.633052
0.643652
0.654357
0.664936
0.675626
0.686067
0.696709
0.707324
0.717867
0.728485
0.738983
0.749508
0.760087
0.770583
0.781159
0.791750
0.802158
0.812737
0.823484
0.833829
0.844280
0.854745
0.865273
0.875849
0.886596
0.896995
0.907694
0.918073
0.928637
0.939321
0.949729
0.960299
0.970914
0.981409
0.992063
1.002588
1.013146
1.023642
1.034376
1.044677
1.055355
1.065988
1.076669
1.087080
1.097737
1.108346
1.118820
1.129465
1.140068
1.150599
1.161211
1.171842
1.182403
1.192892
1.203438
1.214056
1.224677
1.235070
1.245793
1.256327
1.266915
1.277423
1.287957
1.298668
1.309028
1.319523
1.330072
1.340609
1.351182
1.361761
1.372080
1.382791
1.393076
1.403664
1.414213
1.424592
1.435168
1.445585
1.456209
1.466605
1.477062
1.487500
1.498124
1.508403
1.518986
1.529370
1.539850
1.550192
1.560541
1.571078
1.581573
1.591996
1.602357
1.612753
1.623287
1.633723
1.644086
1.654650
1.665070
1.675541
1.685980
1.696484
1.706865
1.717579
1.727910
1.738348
1.748723
1.759326
1.769735
1.780427
1.790707
1.801382
1.811760
1.822207
1.832754
1.843363
1.853834
1.864239
1.874917
1.885295
1.895794
1.906397
1.916793
1.927300
1.937846
1.948257
1.958678
1.969326
1.979806
1.990196
2.000802
2.011244
2.021655
2.032258
2.042618
2.053227
2.063722
2.074041
2.084587
2.095046
2.105448
2.115845
2.126301
2.136781
2.147136
2.157610
2.167889
2.178247
2.188604
2.198994
2.209460
2.219697
2.230078
2.240448
2.250790
2.261121
2.271430
2.281730
2.291986
2.302185
2.312548
2.322750
2.332969
2.343434
2.353477
2.363894
2.374048
2.384238
2.394391
2.404761
2.414884
2.425155
2.435353
2.445621
2.455870
2.466225
2.476378
2.486388
2.496811
2.506986
2.517146
2.527416
2.537561
2.547688
2.558021
2.568219
2.578481
2.588691
2.598755
2.609107
2.619293
2.629528
2.639633
2.649952
2.660058
2.670262
2.680497
2.690662
2.700840
2.711152
2.721180
2.731379
2.741478
2.751728
2.761741
2.771960
2.782084
2.792151
2.802454
2.812524
2.822635
2.832819
2.842865
2.853028
2.863115
2.873155
2.883210
2.893327
2.903421
2.913380
2.923468
2.933448
2.943487
2.953527
2.963579
2.973637
2.983613
2.993542
3.003495
3.013505
3.023455
3.033393
3.043346
3.053224
3.063162
3.073202
3.083071
3.092913
3.102842
3.112627
3.122538
3.132302
3.142228
3.152004
3.162047
3.171724
3.181764
3.191543
3.201409
3.211158
3.221105
3.230785
3.240600
3.250517
3.260293
3.270082
3.280001
3.289730
3.299599
3.309393
3.319199
3.329047
3.338913
3.348677
3.358501
3.368409
3.378203
3.387982
3.397950
3.407499
3.417418
3.427159
3.437148
3.446714
3.456754
3.466368
3.476153
3.485909
3.495783
3.505538
3.515354
3.525055
3.534825
3.544607
3.554350
3.564054
3.573843
3.583472
3.593251
3.602940
3.612672
3.622391
3.632119
3.641769
3.651503
3.661199
3.670843
3.680412
3.690096
3.699773
3.709492
3.719068
3.728601
3.738158
3.747922
3.757396
3.766902
3.776499
3.786041
3.795647
3.805180
3.814744
3.824439
3.833714
3.843359
3.852808
3.862264
3.871869
3.881319
3.890810
3.900254
3.909626
3.919204
3.928612
3.938175
3.947622
3.957020
3.966416
3.975967
3.985354
3.994881
4.004280
4.013688
4.023197
4.032683
4.042042
4.051483
4.060963
4.070373
4.079993
4.089326
4.098713
4.108246
4.117687
4.127112
4.136565
4.146027
4.155467
4.164935
4.174417
4.183887
4.193319
4.202853
4.212176
4.221776
4.231063
4.240723
4.249924
4.259499
4.268943
4.278458
4.287905
4.297291
4.306756
4.316245
4.325646
4.335123
4.344527
4.353932
4.363360
4.372825
4.382182
4.391598
4.401033
4.410398
4.419821
4.429247
4.438597
4.448050
4.457434
4.466724
4.476171
4.485546
4.494824
4.504238
4.513595
4.522903
4.532173
4.541545
4.550833
4.560171
4.569429
4.578846
4.588037
4.597418
4.606580
4.615937
4.625243
4.634584
4.643761
4.653058
4.662253
4.671550
4.680784
4.689979
4.699200
4.708524
4.717617
4.726857
4.736079
4.745339
4.754568
4.763780
4.772948
4.782206
4.791473
4.800701
4.809914
4.819136
4.828340
4.837624
4.846837
4.855963
4.865272
4.874629
4.883790
4.892964
4.902315
4.911459
4.920756
4.929965
4.939176
4.948403
4.957712
4.966853
4.976195
4.985495
4.994531
5.003693
5.013160
5.022232
5.031541
5.040682
5.049946
5.059134
5.068257
5.077518
5.086854
5.096031
5.105199
5.114496
5.123625
5.132754
5.142087
5.151170
5.160332
5.169620
5.178590
5.187917
5.197028
5.206157
5.215316
5.224469
5.233562
5.242709
5.251910
5.260883
5.269970
5.279177
5.288141
5.297246
5.306315
5.315318
5.324348
5.333366
5.342316
5.351421
5.360457
5.369349
5.378310
5.387430
5.396281
5.405230
5.414200
5.423113
5.431973
5.440991
5.449844
5.458755
5.467710
5.476620
5.485425
5.494339
5.503186
5.512117
5.520988
5.529779
5.538647
5.547540
5.556321
5.565175
5.573971
5.582752
5.591650
5.600519
5.609351
5.618097
5.626980
5.635779
5.644516
5.653450
5.662130
5.670908
5.679777
5.688501
5.697363
5.706112
5.714858
5.723576
5.732390
5.741190
5.749953
5.758824
5.767498
5.776333
5.785097
5.793779
5.802606
5.811306
5.820076
5.828776
5.837573
5.846262
5.855019
5.863773
5.872354
5.881040
5.889851
5.898453
5.907090
5.915815
5.924461
5.933126
5.941797
5.950428
5.959105
5.967772
5.976392
5.984988
5.993533
6.002290
6.010799
6.019415
6.027885
6.036571
6.045211
6.053720
6.062220
6.070822
6.079316
6.087896
6.096462
6.104902
6.113390
6.121976
6.130386
6.138943
6.147443
6.155829
6.164245
6.172757
6.181170
6.189621
6.198029
6.206486
6.214788
6.223294
6.231701
6.240201
6.248410
6.256913
6.265146
6.273568
6.281906
0.007092
0.015451
0.023744
0.032100
0.040465
0.048773
0.057156
0.065476
0.073814
0.082122
0.090532
0.098759
0.107067
0.115426
0.123740
0.132057
0.140425
0.148697
0.156939
0.165283
0.173717
0.181947
0.190286
0.198579
0.207018
0.215228
0.223491
0.231790
0.240068
0.248445
0.256606
0.264947
0.273339
0.281557
0.289868
0.298180
0.306401
0.314733
0.323092
0.331229
0.339621
0.347797
0.356039
0.364350
0.372596
0.380838
0.389065
0.397334
0.405513
0.413830
0.422051
0.430330
0.438599
0.446715
0.454864
0.463196
0.471373
0.479558
0.487758
0.495970
0.504170
0.512403
0.520529
0.528687
0.536890
0.545007
0.553192
0.561332
0.569439
0.577544
0.585726
0.593764
0.601950
0.610093
0.618095
0.626299
0.634340
0.642408
0.650510
0.658644
0.666700
0.674769
0.682768
0.690822
0.698848
0.706946
0.714946
0.722906
0.731074
0.739040
0.747028
0.755051
0.763146
0.770978
0.779124
0.787070
0.795054
0.803135
0.811035
0.819122
0.826947
0.835025
0.842958
0.851054
0.858930
0.866909
0.874989
0.882947
0.890784
0.898949
0.906879
0.914807
0.922884
0.930794
0.938772
0.946838
0.954738
0.962741
0.970728
0.978680
0.986700
0.994691
1.002627
1.010600
1.018695
1.026575
1.034631
1.042571
1.050606
1.058558
1.066560
1.074470
1.082499
1.090466
1.098438
1.106429
1.114488
1.122377
1.130358
1.138265
1.146264
1.154297
1.162161
1.170152
1.178181
1.186061
1.193967
1.201937
1.209963
1.217876
1.225815
1.233797
1.241709
1.249664
1.257580
1.265576
1.273399
1.281266
1.289275
1.297095
1.305166
1.313067
1.320889
1.328889
1.336705
1.344621
1.352647
1.360446
1.368272
1.376119
1.384082
1.391923
1.399787
1.407619
1.415478
1.423366
1.431156
1.438946
1.446841
1.454723
1.462510
1.470392
1.478179
1.486008
1.493813
1.501596
1.509422
1.517278
1.525017
1.532860
1.540665
1.548491
1.556218
1.564058
1.571797
1.579707
1.587460
1.595115
1.602947
1.610884
1.618550
1.626442
1.634154
1.641887
1.649718
1.657568
1.665325
1.673103
1.680913
1.688685
1.696493
1.704328
1.712108
1.719901
1.727757
1.735507
1.743321
1.751021
1.758796
1.766726
1.774516
1.782249
1.790075
1.797828
1.805636
1.813501
1.821279
1.829035
1.836861
1.844696
1.852465
1.860302
1.868059
1.875807
1.883677
1.891383
1.899242
1.907002
1.914726
1.922518
1.930422
1.938182
1.945956
1.953722
1.961491
1.969317
1.977121
1.984800
1.992566
2.000356
2.008092
2.015827
2.023605
2.031392
2.039143
2.046861
2.054560
2.062356
2.070155
2.077735
2.085450
2.093219
2.100894
2.108562
2.116354
2.123895
2.131718
2.139331
2.146953
2.154638
2.162335
2.169930
2.177573
2.185290
2.192906
2.200505
2.208186
2.215865
2.223442
2.231049
2.238641
2.246287
2.253855
2.261432
2.269012
2.276556
2.284148
2.291630
2.299165
2.306661
2.314283
2.321944
2.329356
2.336879
2.344381
2.351940
2.359391
2.367046
2.374434
2.382030
2.389490
2.396917
2.404416
2.411936
2.419387
2.426913
2.434427
2.441870
2.449321
2.456907
2.464286
2.471734
2.479353
2.486721
2.494169
2.501701
2.509137
2.516585
2.524070
2.531500
2.539020
2.546456
2.553898
2.561376
2.568950
2.576204
2.583802
2.591187
2.598710
2.606066
2.613613
2.620908
2.628443
2.635867
2.643241
2.650704
2.658044
2.665495
2.672899
2.680380
2.687756
2.695198
2.702578
2.709972
2.717414
2.724808
2.732206
2.739600
2.746889
2.754376
2.761627
2.769138
2.776418
2.783780
2.791210
2.798502
2.805855
2.813228
2.820547
2.827939
2.835216
2.842631
2.849879
2.857243
2.864455
2.871894
2.879144
2.886407
2.893699
2.901018
2.908269
2.915549
2.922853
2.930104
2.937361
2.944632
2.951864
2.959061
2.966455
2.973601
2.980794
2.988060
2.995223
3.002411
3.009670
3.016855
3.024036
3.031236
3.038438
3.045554
3.052747
3.059869
3.067066
3.074190
3.081300
3.088452
3.095609
3.102698
3.109811
3.116938
3.124042
3.131247
3.138324
3.145269
3.152504
3.159527
3.166610
3.173701
3.180802
3.187822
3.194890
3.202020
3.209073
3.216158
3.223229
3.230270
3.237370
3.244423
3.251425
3.258526
3.265590
3.272595
3.279774
3.286701
3.293837
3.300788
3.307919
3.315007
3.322054
3.329107
3.336142
3.343119
3.350181
3.357207
3.364239
3.371225
3.378248
3.385304
3.392282
3.399302
3.406273
3.413374
3.420328
3.427276
3.434307
3.441276
3.448347
3.455319
3.462210
3.469119
3.476252
3.483068
3.490121
3.497066
3.504008
3.510994
3.517924
3.524839
3.531766
3.538708
3.545584
3.552535
3.559456
3.566311
3.573330
3.580221
3.587019
3.593898
3.600816
3.607656
3.614514
3.621387
3.628239
3.635061
3.641916
3.648789
3.655644
3.662451
3.669270
3.676074
3.682899
3.689679
3.696390
3.703254
3.710061
3.716773
3.723588
3.730264
3.737083
3.743824
3.750475
3.757219
3.763975
3.770689
3.777362
3.784148
3.790781
3.797468
3.804156
3.810798
3.817500
3.824160
3.830722
3.837433
3.844159
3.850663
3.857380
3.863885
3.870599
3.877163
3.883848
3.890439
3.897039
3.903676
3.910255
3.916783
3.923479
3.929978
3.936557
3.943164
3.949680
3.956241
3.962833
3.969376
3.975952
3.982592
3.989081
3.995696
4.002231
4.008768
4.015321
4.021867
4.028425
4.034912
4.041455
4.048014
4.054548
4.061076
4.067554
4.074100
4.080653
4.087193
4.093691
4.100196
4.106655
4.113232
4.119772
4.126274
4.132766
4.139381
4.145736
4.152375
4.158751
4.165249
4.171816
4.178300
4.184772
4.191255
4.197786
4.204312
4.210786
4.217288
4.223774
4.230204
4.236738
4.243218
4.249684
4.256162
4.262642
4.269011
4.275459
4.281919
4.288450
4.294826
4.301333
4.307781
4.314300
4.320649
4.327141
4.333514
4.340063
4.346436
4.352776
4.359313
4.365688
4.372040
4.378434
4.384830
4.391191
4.397566
4.404011
4.410405
4.416705
4.423129
4.429495
4.435865
4.442202
4.448547
4.454863
4.461209
4.467551
4.473822
4.480150
4.486480
4.492820
4.499100
4.505376
4.511728
4.518128
4.524305
4.530564
4.536862
4.543094
4.549358
4.555650
4.561882
4.568123
4.574369
4.580575
4.586818
4.592999
4.599201
4.605412
4.611733
4.617783
4.624158
4.630279
4.636457
4.642641
4.648906
4.655017
4.661180
4.667337
4.673470
4.679546
4.685745
4.691878
4.698017
4.704153
4.710247
4.716368
4.722588
4.728580
4.734692
4.740813
4.746961
4.753039
4.759119
4.765194
4.771316
4.777469
4.783453
4.789484
4.795652
4.801719
4.807796
4.813883
4.819947
4.826024
4.832123
4.838217
4.844201
4.850393
4.856377
4.862464
4.868570
4.874587
4.880644
4.886733
4.892764
4.898792
4.904823
4.910806
4.916882
4.922907
4.928956
4.934984
4.940994
4.946968
4.953035
4.959078
4.965086
4.971080
4.977087
4.983074
4.989105
4.995184
5.001047
5.007033
5.013049
5.018991
5.024980
5.031002
5.036916
5.042914
5.048942
5.054856
5.060801
5.066676
5.072653
5.078636
5.084556
5.090491
5.096310
5.102311
5.108240
5.114121
5.120071
5.125932
5.131819
5.137841
5.143641
5.149481
5.155410
5.161246
5.167170
5.173008
5.178830
5.184678
5.190617
5.196384
5.202202
5.208059
5.213866
5.219678
5.225509
5.231393
5.237064
5.242985
5.248722
5.254543
5.260284
5.266078
5.271768
5.277643
5.283288
5.289025
5.294763
5.300434
5.306156
5.311903
5.317577
5.323276
5.328977
5.334658
5.340288
5.345986
5.351610
5.357248
5.362899
5.368513
5.374173
5.379773
5.385351
5.390936
5.396514
5.402180
5.407753
5.413250
5.418886
5.424456
5.430005
5.435511
5.441066
5.446653
5.452160
5.457643
5.463264
5.468689
5.474214
5.479748
5.485264
5.490765
5.496196
5.501778
5.507180
5.512666
5.518148
5.523559
5.528991
5.534561
5.539870
5.545397
5.550748
5.556174
5.561699
5.567065
5.572545
5.577938
5.583277
5.588661
5.594182
5.599494
5.604965
5.610334
5.615724
5.621141
5.626483
5.631912
5.637239
5.642604
5.647943
5.653327
5.658642
5.664056
5.669317
5.674665
5.679920
5.685343
5.690583
5.695952
5.701210
5.706541
5.711909
5.717179
5.722557
5.727812
5.733100
5.738352
5.743619
5.748847
5.754112
5.759316
5.764568
5.769946
5.775057
5.780312
5.785654
5.790825
5.796030
5.801342
5.806581
5.811768
5.817068
5.822257
5.827425
5.832608
5.837882
5.842954
5.848242
5.853446
5.858510
5.863801
5.868866
5.874086
5.879284
5.884419
5.889543
5.894762
5.899909
5.905020
5.910158
5.915234
5.920441
5.925561
5.930711
5.935822
5.940940
5.946036
5.951135
5.956253
5.961340
5.966394
5.971448
5.976536
5.981569
5.986717
5.991720
5.996765
6.001847
6.006886
6.011910
6.016950
6.021953
6.026989
6.031951
6.036927
6.042015
6.047060
6.051959
6.056914
6.061944
6.066843
6.071837
6.076760
6.081716
6.086635
6.091635
6.096489
6.101462
6.106418
6.111326
6.116215
6.121110
6.126084
6.130920
6.135857
6.140774
6.145607
6.150454
6.155379
6.160251
6.165090
6.169985
6.174743
6.179717
6.184450
6.189367
6.194118
6.199038
6.203820
6.208685
6.213446
6.218273
6.223156
6.227980
6.232770
6.237628
6.242322
6.247128
6.251943
6.256694
6.261497
6.266233
6.271019
6.275788
6.280528
0.002127
0.006921
0.011604
0.016358
0.021176
0.025883
0.030665
0.035476
0.040066
0.044785
0.049513
0.054208
0.058968
0.063678
0.068379
0.073089
0.077796
0.082499
0.087227
0.091973
0.096566
0.101303
0.106015
0.110752
0.115402
0.120064
0.124714
0.129412
0.134100
0.138840
0.143439
0.148116
0.152772
0.157488
0.162144
0.166775
0.171461
0.176123
0.180773
0.185393
0.190094
0.194708
0.199316
0.203930
0.208630
0.213268
0.217876
0.222529
0.227134
0.231781
0.236383
0.241018
0.245656
0.250222
0.254857
0.259524
0.264075
0.268671
0.273261
0.277923
0.282453
0.287040
0.291630
0.296187
0.300777
0.305367
0.309954
0.314532
0.319089
0.323682
0.328242
0.332790
0.337401
0.341868
0.346404
0.351003
0.355509
0.360036
0.364683
0.369156
0.373749
0.378246
0.382803
0.387282
0.391857
0.396333
0.400833
0.405342
0.409929
0.414358
0.418852
0.423331
0.427828
0.432385
0.436858
0.441316
0.445795
0.450259
0.454714
0.459283
0.463763
0.468245
0.472697
0.477128
0.481628
0.485990
0.490508
0.494922
0.499362
0.503814
0.508296
0.512649
0.517146
0.521500
0.525967
0.530356
0.534757
0.539197
0.543604
0.547994
0.552347
0.556757
0.561179
0.565548
0.569988
0.574302
0.578700
0.583101
0.587443
0.591814
0.596221
0.600538
0.604883
0.609287
0.613604
0.617952
0.622320
0.626628
0.630960
0.635326
0.639628
0.643918
0.648260
0.652562
0.656867
0.661155
0.665481
0.669756
0.674122
0.678328
0.682681
0.686963
0.691280
0.695516
0.699885
0.704058
0.708379
0.712591
0.716941
0.721163
0.725402
0.729684
0.733911
0.738189
0.742396
0.746629
0.750884
0.755138
0.759332
0.763596
0.767784
0.772006
0.776248
0.780434
0.784652
0.788841
0.793116
0.797257
0.801493
0.805669
0.809855
0.814064
0.818283
0.822468
0.826681
0.830845
0.835022
0.839165
0.843396
0.847536
0.851740
0.855862
0.860036
0.864233
0.868377
0.872523
0.876697
0.880879
0.884993
0.889143
0.893271
0.897460
0.901594
0.905735
0.909935
0.914028
0.918183
0.922279
0.926440
0.930515
0.934665
0.938781
0.942922
0.947020
0.951197
0.955218
0.959412
0.963508
0.967603
0.971696
0.975801
0.979875
0.984004
0.988171
0.992198
0.996309
1.000428
1.004515
1.008583
1.012679
1.016703
1.020777
1.024882
1.028983
1.033049
1.037169
1.041180
1.045291
1.049402
1.053419
1.057476
1.061527
1.065565
1.069643
1.073724
1.077777
1.081843
1.085950
1.089935
1.093950
1.098040
1.102045
1.106036
1.110102
1.114167
1.118224
1.122266
1.126322
1.130298
1.134307
1.138367
1.142285
1.146384
1.150333
1.154413
1.158389
1.162374
1.166413
1.170379
1.174403
1.178421
1.182385
1.186369
1.190375
1.194432
1.198324
1.202338
1.206278
1.210323
1.214233
1.218179
1.222118
1.226157
1.230121
1.234058
1.238021
1.241988
1.245964
1.249883
1.253855
1.257801
1.261738
1.265678
1.269603
1.273516
1.277461
1.281380
1.285353
1.289332
1.293191
1.297107
1.301058
1.304884
1.308890
1.312731
1.316692
1.320551
1.324440
1.328328
1.332214
1.336088
1.340037
1.343878
1.347773
1.351623
1.355500
1.359404
1.363250
1.367121
1.370992
1.374836
1.378674
1.382605
1.386416
1.390260
1.394134
1.397966
1.401789
1.405648
1.409474
1.413330
1.417093
1.420931
1.424733
1.428580
1.432364
1.436177
1.440042
1.443808
1.447619
1.451415
1.455152
1.458984
1.462803
1.466516
1.470321
1.474129
1.477880
1.481628
1.485421
1.489202
1.492941
1.496701
1.500410
1.504188
1.507939
1.511654
1.515450
1.519165
1.522964
1.526595
1.530409
1.534002
1.537810
1.541480
1.545255
1.548940
1.552709
1.556379
1.560053
1.563759
1.567456
1.571153
1.574832
1.578496
1.582205
1.585878
1.589594
1.593261
1.596937
1.600607
1.604262
1.607924
1.611612
1.615294
1.618934
1.622610
1.626289
1.629933
1.633579
1.637258
1.640907
1.644556
1.648220
1.651849
1.655501
1.659144
1.662757
1.666454
1.670062
1.673747
1.677348
1.680976
1.684620
1.688260
1.691861
1.695525
1.699174
1.702803
1.706371
1.709981
1.713627
1.717229
1.720845
1.724449
1.728020
1.731670
1.735301
1.738839
1.742482
1.746045
1.749700
1.753232
1.756869
1.760429
1.763994
1.767553
1.771152
1.774753
1.778333
1.781880
1.785455
1.789038
1.792603
1.796214
1.799752
1.803305
1.806847
1.810427
1.813965
1.817501
1.821084
1.824544
1.828131
1.831669
1.835180
1.838728
1.842236
1.845747
1.849316
1.852875
1.856294
1.859853
1.863409
1.866953
1.870441
1.873967
1.877410
1.880975
1.884456
1.887947
1.891464
1.894961
1.898421
1.901914
1.905420
1.908967
1.912437
1.915972
1.919384
1.922878
1.926341
1.929784
1.933298
1.936777
1.940162
1.943655
1.947152
1.950591
1.954058
1.957515
1.960928
1.964358
1.967879
1.971294
1.974728
1.978230
1.981645
1.985088
1.988482
1.991919
1.995367
1.998720
2.002204
2.005578
2.009017
2.012403
2.015774
2.019201
2.022688
2.026050
2.029457
2.032848
2.036276
2.039670
2.043020
2.046378
2.049785
2.053212
2.056520
2.059906
2.063336
2.066668
2.070041
2.073373
2.076749
2.080105
2.083427
2.086765
2.090172
2.093476
2.096793
2.100101
2.103468
2.106755
2.110096
2.113376
2.116729
2.120066
2.123332
2.126607
2.129941
2.133243
2.136509
2.139825
2.143076
2.146405
2.149661
2.152897
2.156166
2.159443
2.162670
2.165906
2.169175
2.172410
2.175661
2.178912
2.182163
2.185386
2.188676
2.191891
2.195064
2.198344
2.201553
2.204702
2.207914
2.211096
2.214328
2.217546
2.220692
2.223916
2.227103
2.230291
2.233473
2.236649
2.239819
2.243001
2.246158
2.249316
2.252489
2.255611
2.258775
2.261912
2.265060
2.268197
2.271331
2.274489
2.277665
2.280808
2.283900
2.286992
2.290111
2.293283
2.296369
2.299509
2.302613
2.305687
2.308824
2.311913
2.315032
2.318103
2.321186
2.324260
2.327352
2.330461
2.333505
2.336603
2.339677
2.342697
2.345816
2.348869
2.351949
2.354987
2.358070
2.361105
2.364137
2.367178
2.370270
2.373287
2.376319
2.379354
2.382371
2.385421
2.388438
2.391476
2.394496
2.397573
2.400599
2.403607
2.406585
2.409608
2.412616
2.415615
2.418626
2.421616
2.424594
2.427605
2.430623
2.433609
2.436654
2.439596
2.442625
2.445561
2.448587
2.451574
2.454537
2.457494
2.460460
2.463435
2.466413
2.469373
2.472307
2.475273
2.478233
2.481169
2.484174
2.487101
2.490046
2.493001
2.495922
2.498864
2.501821
2.504715
2.507678
2.510599
2.513496
2.516457
2.519384
2.522335
2.525193
2.528141
2.531014
2.533911
2.536818
2.539706
2.542609
2.545524
2.548421
2.551301
2.554240
2.557113
2.559989
2.562877
2.565748
2.568627
2.571443
2.574373
2.577202
2.580075
2.582939
2.585800
2.588659
2.591499
2.594381
2.597236
2.600088
2.602935
2.605814
2.608645
2.611455
2.614248
2.617055
2.619913
2.622766
2.625567
2.628374
2.631233
2.634031
2.636829
2.639648
2.642450
2.645266
2.648061
2.650851
2.653655
2.656450
2.659210
2.662014
2.664776
2.667557
2.670346
2.673072
2.675859
2.678654
2.681410
2.684152
2.686923
2.689703
2.692451
2.695213
2.697946
2.700651
2.703461
2.706140
2.708893
2.711637
2.714361
2.717084
2.719814
2.722543
2.725249
2.727936
2.730659
2.733398
2.736121
2.738857
2.741490
2.744217
2.746970
2.749634
2.752321
2.755006
2.757684
2.760383
2.763044
2.765737
2.768428
2.771073
2.773737
2.776439
2.779076
2.781742
2.784424
2.787102
2.789730
2.792357
2.795045
2.797654
2.800339
2.802945
2.805579
2.808209
2.810816
2.813452
2.816077
2.818687
2.821341
2.823954
2.826584
2.829206
2.831795
2.834389
2.836996
2.839635
2.842158
2.844737
2.847386
2.849947
2.852509
2.855095
2.857656
2.860245
2.862839
2.865401
2.867963
2.870554
2.873116
2.875654
2.878224
2.880813
2.883324
2.885873
2.888396
2.890943
2.893459
2.895970
2.898517
2.901033
2.903574
2.906118
2.908655
2.911112
2.913638
2.916160
2.918686
2.921188
2.923707
2.926176
2.928723
2.931204
2.933645
2.936129
2.938619
2.941100
2.943574
2.946040
2.948512
2.951005
2.953464
2.955930
2.958420
2.960897
2.963339
2.965772
2.968232
2.970629
2.973089
2.975527
2.977975
2.980411
2.982829
2.985231
2.987661
2.990127
2.992548
2.994948
2.997411
2.999816
3.002201
3.004628
3.006983
3.009380
3.011797
3.014191
3.016573
3.018955
3.021337
3.023734
3.026125
3.028503
3.030879
3.033264
3.035649
3.038010
3.040386
3.042720
3.045063
3.047421
3.049763
3.052115
3.054467
3.056807
3.059111
3.061505
3.063791
3.066122
3.068456
3.070763
3.073127
3.075452
3.077759
3.080039
3.082337
3.084623
3.086924
3.089252
3.091541
3.093838
3.096148
3.098404
3.100670
3.102958
3.105188
3.107491
3.109771
3.112007
3.114272
3.116573
3.118865
3.121091
3.123392
3.125591
3.127844
3.130088
3.132299
3.134543
3.136769
3.138974
3.141275
3.143504
3.145709
3.147950
3.150188
3.152400
3.154608
3.156819
3.158982
3.161214
3.163389
3.165624
3.167796
3.170022
3.172203
3.174372
3.176593
3.178711
3.180943
3.183130
3.185323
3.187513
3.189688
3.191839
3.193997
3.196163
3.198317
3.200447
3.202592
3.204746
3.206949
3.209058
3.211221
3.213363
3.215496
3.217690
3.219826
3.221956
3.224068
3.226231
3.228359
3.230468
3.232565
3.234689
3.236819
3.238908
3.241035
3.243138
3.245241
3.247371
3.249448
3.251596
3.253702
3.255781
3.257890
3.259970
3.262061
3.264140
3.266237
3.268317
3.270372
3.272466
3.274513
3.276556
3.278644
3.280625
3.282686
3.284720
3.286805
3.288861
3.290952
3.293016
3.295084
3.297112
3.299119
3.301139
3.303155
3.305123
3.307101
3.309129
3.311142
3.313165
3.315175
3.317173
3.319205
3.321218
3.323189
3.325179
3.327150
3.329152
3.331087
3.333122
3.335105
3.337046
3.338991
3.340971
3.342943
3.344887
3.346817
3.348782
3.350705
3.352644
3.354597
3.356581
3.358516
3.360449
3.362390
3.364313
3.366228
3.368140
3.370021
3.371902
3.373793
3.375699
3.377607
3.379548
3.381460
3.383314
3.385235
3.387110
3.388983
3.390879
3.392716
3.394553
3.396434
3.398304
3.400176
3.402037
3.403888
3.405725
3.407565
3.409395
3.411220
3.413047
3.414881
3.416703
3.418533
3.420367
3.422218
3.424061
3.425864
3.427659
3.429448
3.431216
3.433004
3.434799
3.436572
3.438352
3.440153
3.441926
3.443706
3.445504
3.447250
3.449012
3.450753
3.452508
3.454276
3.456020
3.457761
3.459501
3.461236
3.462926
3.464648
3.466380
3.468112
3.469835
3.471566
3.473262
3.474982
3.476699
3.478415
3.480135
3.481756
3.483446
3.485111
3.486777
3.488440
3.490127
3.491820
3.493461
3.495115
3.496763
3.498378
3.500023
3.501665
3.503309
3.504933
3.506557
3.508178
3.509835
3.511471
3.513101
3.514728
3.516279
3.517837
3.519431
3.521001
3.522583
3.524174
3.525741
3.527314
3.528884
3.530433
3.532018
3.533588
3.535151
3.536662
3.538198
3.539724
3.541222
3.542786
3.544296
3.545812
3.547310
3.548778
3.550252
3.551714
3.553209
3.554677
3.556181
3.557667
3.559165
3.560669
3.562119
3.563587
3.565049
3.566487
3.567904
3.569322
3.570679
3.572090
3.573483
3.574858
3.576248
3.577678
3.579122
3.580536
3.581953
3.583328
3.584715
3.586102
3.587451
3.588820
3.590165
3.591504
3.592802
3.594114
3.595432
3.596712
3.598087
3.599399
3.600726
3.602060
3.603366
3.604708
3.606047
3.607324
3.608615
3.609894
3.611138
3.612396
3.613633
3.614844
3.616048
3.617259
3.618466
3.619688
3.620941
3.622208
3.623490
3.624767
3.626016
3.627241
3.628434
3.629620
3.630801
3.631975
3.633138
3.634297
3.635474
3.636619
3.637758
3.638881
3.639993
3.641125
3.642285
3.643441
3.644580
3.645751
3.646904
3.648025
3.649163
3.650275
3.651390
3.652477
3.653580
3.654664
3.655737
3.656818
3.657891
3.658928
3.659985
3.661016
3.662038
3.663077
3.664141
3.665195
3.666238
3.667299
3.668344
3.669360
3.670393
3.671397
3.672431
3.673444
3.674477
3.675481
3.676464
3.677464
3.678441
3.679421
3.680379
3.681317
3.682246
3.683193
3.684113
3.685041
3.685994
3.686920
3.687881
3.688831
3.689736
3.690647
3.691552
3.692481
3.693409
3.694362
3.695297
3.696234
3.697166
3.698089
3.698970
3.699815
3.700633
3.701442
3.702260
3.703081
3.703887
3.704716
3.705561
3.706415
3.707263
3.708120
3.708944
3.709753
3.710550
3.711332
3.712141
3.712953
3.713762
3.714579
3.715388
3.716179
3.716991
3.717788
3.718576
3.719355
3.720095
3.720841
3.721599
3.722309
3.723046
3.723777
3.724481
3.725177
3.725868
3.726540
3.727217
3.727897
3.728598
3.729332
3.730069
3.730788
3.731483
3.732190
3.732858
3.733505
3.734171
3.734821
3.735477
3.736127
3.736780
3.737439
3.738111
3.738781
3.739462
3.740133
3.740774
3.741421
3.742065
3.742679
3.743291
3.743887
3.744444
3.745007
3.745568
3.746092
3.746616
3.747162
3.747731
3.748303
3.748866
3.749421
3.749981
3.750535
3.751068
3.751578
3.752090
3.752608
3.753112
3.753603
3.754079
3.754544
3.754996
3.755458
3.755922
3.756377
3.756815
3.757252
3.757714
3.758181
3.758666
3.759146
3.759631
3.760131
3.760635
3.761123
3.761615
3.762100
3.762582
3.763038
3.763502
3.763933
3.764371
3.764796
3.765225
3.765629
3.766025
3.766414
3.766798
3.767160
3.767520
3.767870
3.768212
3.768562
3.768913
3.769254
3.769590
3.769932
3.770264
3.770579
3.770893
3.771205
3.771502
3.771810
3.772122
3.772418
3.772712
3.773026
3.773320
3.773605
3.773877
3.774114
3.774342
3.774570
3.774782
3.774986
3.775184
3.775390
3.775615
3.775822
3.776016
3.776193
3.776364
3.776544
3.776733
3.776903
3.777065
3.777224
3.777383
3.777535
3.777676
3.777811
3.777931
3.778063
3.778198
3.778327
3.778452
3.778596
3.778740
3.778890
3.779031
3.779159
3.779294
3.779435
3.779576
3.779702
3.779828
3.779962
3.780103
3.780247
3.780406
3.780574
3.780732
3.780891
3.781056
3.781215
3.781385
3.781565
3.781751
3.781937
3.782120
3.782302
3.782485
3.782662
3.782845
3.783021
3.783195
3.783378
3.783564
3.783749
3.783944
3.784130
3.784307
3.784492
3.784681
3.784858
3.785026
3.785199
3.785376
3.785541
3.785703
3.785850
3.785975
3.786113
3.786257
3.786380
3.786494
3.786611
3.786718
3.786817
3.786907
3.786985
3.787048
3.787117
3.787168
3.787204
3.787228
3.787252
3.787264
3.787267
3.787273
3.787273
3.787273
3.787273
3.787273
3.787273
3.787273
3.787273
3.787273
3.787273
3.787273
3.787216
3.787147
3.787072
3.786994
3.786907
3.786817
3.786731
3.786647
3.786566
3.786476
3.786386
3.786293
3.786212
3.786146
3.786071
3.785993
3.785930
3.785865
3.785805
3.785742
3.785673
3.785604
3.785553
3.785508
3.785454
3.785406
3.785370
3.785340
3.785310
3.785280
3.785256
3.785232
3.785220
3.785218
3.785199
3.785184
3.785178
3.785178
3.785178
3.785178
3.785178
3.785178
3.785178
3.785178
3.785178
3.785178
3.785178
3.785178
3.785178
3.785178
3.785178
3.785178
3.785178
3.785178
3.785178
3.785178
3.785178
3.785178
3.785178
3.785178
3.785178
3.785178
3.785178
3.785178
3.785178
3.785178
3.785178
3.785178
3.785178
3.785178
3.785178
3.785178
3.785178
3.785178
3.785178
3.785178
3.785178
3.785178
3.785178
3.785178
3.785178
3.785178
3.785178
3.785178
3.785178
3.785178
3.785178
3.785178
3.785178
3.785178
3.785178
3.785178
3.785178
3.785178
3.785178
3.785178
3.785178
3.785178
3.785178
3.785178
3.785178
3.785178
3.785178
3.785178
3.785178
3.785178
3.785178
3.785178
3.785178
3.785178
3.785178
3.785178
3.785178
3.785178
3.785178
3.785178
3.785178
3.785178
3.785178
3.785178
3.785178
3.785178
3.785178
3.785178
3.785178
3.785178
3.785178
3.785178
3.785178
3.785178
3.785178
3.785178
3.785178
3.785178
3.785178
3.785178