3.785178
3.785178
3.785178
3.785178
3.785178
3.785178
3.785178
3.785178
3.785182
3.785523
3.786005
3.786611
3.787318
3.788189
3.789262
3.790545
3.792010
3.793633
3.795368
3.797196
3.799119
3.801142
3.803263
3.805579
3.808104
3.810801
3.813785
3.816934
3.820244
3.823633
3.827297
3.830952
3.834856
3.838766
3.842931
3.847245
3.851703
3.856329
3.861215
3.866195
3.871330
3.876618
3.881996
3.887638
3.893378
3.899148
3.905149
3.911450
3.917907
3.924462
3.931299
3.938166
3.945357
3.952526
3.959897
3.967420
3.975188
3.983002
3.990918
3.999130
4.007522
4.016067
4.024782
4.033569
4.042677
4.051905
4.061205
4.070724
4.080455
4.090276
4.100415
4.110547
4.120988
4.131499
4.142551
4.153346
4.164413
4.175699
4.187099
4.198712
4.210541
4.222462
4.234602
4.247140
4.259367
4.272028
4.284846
4.297828
4.310975
4.324322
4.337693
4.351370
4.365260
4.379170
4.393426
4.407873
4.422296
4.436971
4.451951
4.466727
4.481962
4.497236
4.512774
4.528563
4.544382
4.560150
4.576446
4.592730
4.609070
4.625360
4.642005
4.658535
4.674665
4.691441
4.707796
4.724457
4.741079
4.757429
4.774272
4.790637
4.807373
4.823872
4.840758
4.857626
4.874128
4.891074
4.907612
4.924540
4.941504
4.958266
4.975092
4.992113
5.008924
5.025914
5.042686
5.059581
5.076482
5.093400
5.110229
5.127061
5.144094
5.160881
5.178045
5.195006
5.211990
5.228460
5.245561
5.262213
5.279237
5.295859
5.312607
5.329397
5.346046
5.362926
5.379659
5.396356
5.413064
5.429483
5.446231
5.462925
5.479400
5.496142
5.512528
5.529054
5.545517
5.561990
5.578701
5.595294
5.611769
5.628307
5.644965
5.661582
5.678060
5.694547
5.711175
5.727807
5.744246
5.760628
5.777445
5.793858
5.810522
5.826922
5.843556
5.859965
5.876372
5.893081
5.909499
5.926023
5.942719
5.959003
5.975556
5.992097
6.008375
6.024785
6.041227
6.057648
6.073932
6.090308
6.106532
6.122884
6.139111
6.155359
6.171717
6.187860
6.204218
6.220064
6.236594
6.252676
6.268714
0.001669
0.017683
0.033802
0.049989
0.065988
0.082167
0.098334
0.114309
0.130430
0.146567
0.162809
0.178799
0.195010
0.211147
0.227110
0.243391
0.259387
0.275478
0.291747
0.307851
0.323871
0.340154
0.356210
0.372182
0.388427
0.404327
0.420302
0.436768
0.452431
0.468916
0.484861
0.500719
0.516718
0.532813
0.548752
0.564721
0.580747
0.596620
0.612574
0.628615
0.644524
0.660328
0.676279
0.692104
0.707935
0.723811
0.739606
0.755435
0.771389
0.787016
0.802862
0.818831
0.834309
0.850410
0.866250
0.881880
0.897942
0.913563
0.929287
0.945340
0.961372
0.977101
0.992893
1.008898
1.024744
1.040641
1.056736
1.072498
1.088515
1.104406
1.120255
1.136380
1.152337
1.168213
1.184062
1.200094
1.216126
1.232146
1.248172
1.263904
1.279810
1.295818
1.311718
1.327654
1.343611
1.359658
1.375417
1.391356
1.407191
1.423115
1.438913
1.454906
1.470818
1.486757
1.502438
1.518242
1.534181
1.550076
1.565817
1.581726
1.597473
1.613337
1.629264
1.645090
1.661070
1.676809
1.692829
1.708762
1.724716
1.740541
1.756549
1.772545
1.788514
1.804641
1.820673
1.836585
1.852665
1.868583
1.884840
1.900500
1.916814
1.932588
1.948794
1.964712
1.980711
1.996755
2.012820
2.028884
2.044796
2.060975
2.076881
2.092772
2.108813
2.124884
2.140688
2.156513
2.172497
2.188475
2.204438
2.220251
2.235870
2.251956
2.267592
2.283504
2.299210
2.314825
2.330914
2.346496
2.362229
2.378048
2.393711
2.409446
2.425269
2.440869
2.456706
2.472388
2.488153
2.503834
2.519447
2.535299
2.550980
2.566922
2.582352
2.598363
2.614002
2.629561
2.645410
2.661382
2.676760
2.692741
2.708486
2.724041
2.739920
2.755470
2.771029
2.786815
2.802547
2.818165
2.833931
2.849627
2.865063
2.880786
2.896405
2.911960
2.927474
2.942966
2.958549
2.974170
2.989711
3.005050
3.020408
3.036030
3.051450
3.066796
3.082184
3.097491
3.113094
3.128392
3.143570
3.158925
3.174268
3.189497
3.204842
3.220359
3.235513
3.250766
3.266046
3.281556
3.296959
3.312023
3.327291
3.342946
3.357995
3.373655
3.388842
3.404230
3.419474
3.434883
3.450213
3.465430
3.480836
3.496257
3.511405
3.526870
3.542228
3.557194
3.572782
3.587897
3.603150
3.618547
3.633713
3.649020
3.664162
3.679484
3.694623
3.709807
3.725015
3.740301
3.755248
3.770591
3.785562
3.800752
3.815837
3.830701
3.845660
3.860913
3.875881
3.890966
3.906084
3.921041
3.935964
3.951010
3.966191
3.981046
3.996092
4.010976
4.026190
4.041141
4.056306
4.071152
4.086294
4.101379
4.116327
4.131612
4.146646
4.161831
4.176907
4.192049
4.207065
4.222031
4.237448
4.252384
4.267678
4.282766
4.297765
4.313047
4.328193
4.343503
4.358597
4.373604
4.388680
4.403915
4.418955
4.434307
4.449230
4.464480
4.479341
4.494636
4.509814
4.524638
4.540149
4.554952
4.570025
4.585074
4.600115
4.615158
4.630153
4.645298
4.660329
4.675466
4.690344
4.705360
4.720430
4.735474
4.750376
4.765491
4.780486
4.795500
4.810636
4.825685
4.840713
4.855951
4.870895
4.886070
4.901233
4.916418
4.931425
4.946683
4.961871
4.977115
4.992176
5.007360
5.022517
5.037731
5.052867
5.068266
5.083295
5.098290
5.113798
5.128942
5.144076
5.159104
5.174336
5.189553
5.204827
5.219750
5.234934
5.250079
5.265266
5.280196
5.295260
5.310510
5.325319
5.340209
5.355262
5.370494
5.385285
5.400322
5.415066
5.430139
5.445251
5.460010
5.474993
5.489629
5.504705
5.519263
5.534360
5.549041
5.563892
5.578794
5.593553
5.608372
5.623163
5.638167
5.652914
5.667828
5.682566
5.697426
5.712293
5.727036
5.741879
5.756832
5.771582
5.786406
5.801270
5.816241
5.830907
5.846055
5.860490
5.875221
5.890279
5.904906
5.919671
5.934465
5.949191
5.963971
5.978711
5.993356
6.007935
6.022786
6.037401
6.052049
6.066840
6.081431
6.096115
6.110657
6.124964
6.139812
6.154388
6.168772
6.183378
6.197962
6.212403
6.226848
6.241393
6.255637
6.270032
0.001369
0.015693
0.030179
0.044506
0.058923
0.073161
0.087626
0.101989
0.116403
0.131158
0.145351
0.159720
0.174218
0.188716
0.202983
0.217595
0.231898
0.246402
0.260852
0.275083
0.289704
0.304028
0.318352
0.332766
0.347267
0.361621
0.375906
0.390572
0.404779
0.419316
0.433805
0.448009
0.462339
0.476786
0.491009
0.505315
0.519705
0.534029
0.548245
0.562656
0.576795
0.591179
0.605593
0.619426
0.633897
0.648155
0.662191
0.676252
0.690759
0.704750
0.718886
0.733051
0.747222
0.761400
0.775586
0.789668
0.803782
0.817842
0.832008
0.846101
0.860285
0.874399
0.888483
0.902856
0.916733
0.930902
0.945106
0.959196
0.973353
0.987593
1.001830
1.016008
1.030242
1.044395
1.058707
1.072894
1.086894
1.101521
1.115468
1.129657
1.143861
1.158117
1.172399
1.186729
1.200840
1.215078
1.229489
1.243645
1.257867
1.272203
1.286261
1.300459
1.314738
1.328889
1.343111
1.357360
1.371517
1.385733
1.399916
1.414025
1.428169
1.442493
1.456482
1.470704
1.484815
1.498897
1.513023
1.527177
1.541348
1.555322
1.569637
1.583685
1.597716
1.611983
1.625939
1.640095
1.654317
1.668390
1.682561
1.696864
1.711048
1.725219
1.739375
1.753762
1.767784
1.782084
1.796315
1.810484
1.824796
1.839075
1.853235
1.867691
1.881775
1.896207
1.910330
1.924556
1.938874
1.953300
1.967381
1.981642
1.995925
2.010273
2.024465
2.038912
2.052949
2.067300
2.081612
2.095690
2.109826
2.124102
2.138324
2.152343
2.166553
2.180796
2.194812
2.209076
2.223065
2.237041
2.251315
2.265528
2.279442
2.293607
2.307515
2.321485
2.335498
2.349570
2.363535
2.377601
2.391611
2.405399
2.419549
2.433520
2.447424
2.461512
2.475425
2.489492
2.503358
2.517484
2.531404
2.545339
2.559285
2.573663
2.587439
2.601398
2.615362
2.629465
2.643354
2.657298
2.671371
2.685320
2.699312
2.713369
2.727214
2.741158
2.755098
2.769009
2.782914
2.796896
2.810753
2.824790
2.838760
2.852725
2.866486
2.880543
2.894205
2.908059
2.921949
2.935689
2.949455
2.963363
2.977187
2.990807
3.004721
3.018332
3.032129
3.045785
3.059465
3.073169
3.086858
3.100451
3.114152
3.127787
3.141275
3.154928
3.168599
3.182168
3.195689
3.209384
3.222822
3.236418
3.250302
3.263817
3.277287
3.290922
3.304455
3.317994
3.331698
3.345205
3.358864
3.372490
3.386029
3.399652
3.413242
3.426862
3.440416
3.454156
3.467627
3.481259
3.494864
3.508340
3.521906
3.535418
3.548996
3.562524
3.576150
3.589656
3.603159
3.616728
3.630231
3.643867
3.657334
3.670771
3.684115
3.697879
3.711065
3.724403
3.737988
3.751557
3.764572
3.778264
3.791518
3.804896
3.818228
3.831393
3.844899
3.858378
3.871399
3.884800
3.898145
3.911390
3.924561
3.937747
3.951076
3.964415
3.977717
3.990981
4.004151
4.017619
4.030654
4.044062
4.057343
4.070538
4.083939
4.097245
4.110586
4.123916
4.137197
4.150482
4.163985
4.177401
4.190443
4.203877
4.217312
4.230605
4.243836
4.257348
4.270632
4.284091
4.297489
4.310756
4.324037
4.337570
4.350867
4.364142
4.377628
4.390951
4.404361
4.417481
4.431077
4.444332
4.457709
4.470925
4.484227
4.497614
4.510734
4.524156
4.537536
4.550845
4.564057
4.577474
4.590656
4.603932
4.617231
4.630372
4.643660
4.656965
4.670130
4.683238
4.696534
4.709746
4.723055
4.736103
4.749591
4.762717
4.776028
4.789340
4.802388
4.816020
4.829034
4.842277
4.855507
4.868825
4.882059
4.895415
4.908718
4.922080
4.935550
4.948748
4.961955
4.975368
4.988643
5.002027
5.015455
5.028763
5.041991
5.055452
5.068926
5.082093
5.095479
5.108773
5.122136
5.135477
5.148672
5.162100
5.175510
5.188723
5.202244
5.215334
5.228589
5.241792
5.255113
5.268379
5.281598
5.294777
5.308041
5.321274
5.334283
5.347625
5.360556
5.373888
5.386939
5.400173
5.413232
5.426310
5.439313
5.452451
5.465535
5.478445
5.491504
5.504492
5.517588
5.530618
5.543468
5.556519
5.569665
5.582489
5.595614
5.608545
5.621527
5.634443
5.647440
5.660287
5.673554
5.686422
5.699239
5.712308
5.725391
5.738490
5.751263
5.764379
5.777106
5.790274
5.803058
5.816190
5.829049
5.842061
5.854980
5.867989
5.880956
5.893836
5.906752
5.919575
5.932530
5.945512
5.958263
5.971194
5.984197
5.996915
6.009663
6.022576
6.035339
6.048187
6.060941
6.073671
6.086446
6.099234
6.111922
6.124661
6.137391
6.150199
6.162813
6.175420
6.188046
6.200641
6.213359
6.225934
6.238520
6.251187
6.263816
6.276303
0.005716
0.018264
0.030814
0.043539
0.055945
0.068601
0.080977
0.093690
0.106129
0.118791
0.131287
0.143724
0.156505
0.168840
0.181633
0.194156
0.206635
0.219197
0.231853
0.244409
0.256888
0.269522
0.282139
0.294605
0.307273
0.319709
0.332323
0.344933
0.357352
0.369911
0.382489
0.394823
0.407622
0.420083
0.432493
0.445037
0.457657
0.470159
0.482620
0.495005
0.507562
0.520025
0.532381
0.545001
0.557245
0.569781
0.582146
0.594519
0.607043
0.619285
0.631647
0.644191
0.656418
0.668840
0.681153
0.693413
0.705826
0.718125
0.730325
0.742620
0.754994
0.767287
0.779463
0.791990
0.804046
0.816317
0.828637
0.840879
0.853139
0.865549
0.877809
0.890041
0.902223
0.914585
0.926848
0.939297
0.951598
0.963741
0.976043
0.988483
1.000749
1.013083
1.025364
1.037669
1.050076
1.062375
1.074712
1.087173
1.099370
1.111729
1.124183
1.136518
1.148802
1.161182
1.173378
1.185734
1.198426
1.210455
1.222942
1.235355
1.247621
1.259956
1.272356
1.284628
1.296930
1.309423
1.321465
1.334018
1.346131
1.358598
1.370660
1.383312
1.395215
1.407769
1.419969
1.432139
1.444474
1.456620
1.468832
1.481337
1.493555
1.505632
1.517964
1.530188
1.542415
1.554624
1.566949
1.579167
1.591214
1.603549
1.615872
1.627850
1.640254
1.652634
1.664750
1.676983
1.689215
1.701556
1.713810
1.726184
1.738309
1.750781
1.763029
1.775289
1.787648
1.799833
1.812162
1.824541
1.836888
1.849184
1.861576
1.873967
1.886203
1.898664
1.910873
1.923231
1.935593
1.947841
1.960182
1.972636
1.984830
1.997234
2.009596
2.021886
2.034169
2.046522
2.058893
2.071093
2.083419
2.095747
2.107965
2.120321
2.132458
2.144763
2.156999
2.169166
2.181396
2.193676
2.205840
2.217989
2.230261
2.242320
2.254709
2.266577
2.278926
2.290952
2.303038
2.315155
2.327142
2.339270
2.351215
2.363397
2.375684
2.387500
2.399574
2.411783
2.423789
2.435815
2.448021
2.459999
2.471983
2.484069
2.496080
2.508148
2.520273
2.532252
2.544272
2.556466
2.568390
2.580452
2.592532
2.604562
2.616651
2.628740
2.640811
2.652792
2.664977
2.677006
2.688823
2.701080
2.713175
2.725006
2.737062
2.749022
2.761060
2.773168
2.785110
2.797028
2.809084
2.821108
2.832972
2.845103
2.856979
2.868865
2.880900
2.892707
2.904632
2.916751
2.928528
2.940476
2.952140
2.964088
2.975872
2.987775
2.999547
3.011270
3.023147
3.034873
3.046636
3.058533
3.070071
3.082028
3.093776
3.105433
3.117262
3.128892
3.140457
3.152037
3.163856
3.175571
3.187262
3.198868
3.210511
3.222187
3.233970
3.245598
3.257306
3.269036
3.280538
3.292243
3.303946
3.315624
3.327273
3.338979
3.350616
3.362315
3.373928
3.385576
3.397237
3.408928
3.420576
3.432258
3.443889
3.455510
3.467180
3.478835
3.490615
3.502033
3.513760
3.525229
3.536943
3.548568
3.560151
3.571707
3.583469
3.594890
3.606533
3.618280
3.629767
3.641362
3.652945
3.664402
3.675972
3.687501
3.699045
3.710499
3.721959
3.733407
3.744854
3.756383
3.767753
3.779198
3.790706
3.801944
3.813527
3.824891
3.836237
3.847535
3.858959
3.870302
3.881670
3.893087
3.904299
3.915776
3.927003
3.938406
3.949707
3.961062
3.972303
3.983751
3.995037
4.006326
4.017762
4.028950
4.040359
4.051713
4.062844
4.074268
4.085575
4.097149
4.108285
4.119856
4.131013
4.142398
4.153768
4.165117
4.176493
4.187893
4.199180
4.210535
4.221994
4.233212
4.244680
4.256209
4.267373
4.278821
4.290233
4.301570
4.312958
4.324346
4.335683
4.347047
4.358366
4.369970
4.381136
4.392683
4.403888
4.415291
4.426655
4.437905
4.449255
4.460657
4.471955
4.483344
4.494609
4.505841
4.517217
4.528557
4.539741
4.551183
4.562319
4.573627
4.584802
4.596031
4.607230
4.618637
4.629848
4.641026
4.652306
4.663571
4.674749
4.685871
4.697178
4.708434
4.719463
4.730761
4.741891
4.753118
4.764368
4.775480
4.786775
4.797992
4.809114
4.820349
4.831632
4.842918
4.854103
4.865376
4.876555
4.887652
4.899035
4.910350
4.921484
4.932767
4.944185
4.955288
4.966562
4.977897
4.989156
5.000382
5.011686
5.022885
5.034219
5.045461
5.056642
5.068066
5.079187
5.090419
5.101762
5.112920
5.124185
5.135459
5.146652
5.157932
5.169221
5.180409
5.191581
5.202906
5.213974
5.225137
5.236360
5.247485
5.258645
5.269820
5.280965
5.292063
5.303139
5.314279
5.325334
5.336488
5.347499
5.358572
5.369625
5.380752
5.391601
5.402971
5.413703
5.424698
5.435631
5.446719
5.457607
5.468629
5.479511
5.490450
5.501457
5.512321
5.523236
5.534156
5.545047
5.555860
5.566948
5.577773
5.588601
5.599608
5.610433
5.621243
5.632322
5.642991
5.653914
5.664916
5.675585
5.686665
5.697501
5.708293
5.719208
5.730083
5.740851
5.751754
5.762657
5.773448
5.784264
5.795164
5.806225
5.816804
5.827794
5.838568
5.849413
5.860370
5.871051
5.881828
5.892775
5.903489
5.914239
5.925154
5.935846
5.946656
5.957421
5.968105
5.978759
5.989464
6.000358
6.010958
6.021708
6.032394
6.043111
6.053810
6.064461
6.075085
6.085796
6.096474
6.107014
6.117689
6.128229
6.138742
6.149585
6.159985
6.170567
6.181200
6.191638
6.202199
6.212769
6.223252
6.233900
6.244243
6.254753
6.265278
6.275746
0.003059
0.013533
0.023846
0.034425
0.044923
0.055331
0.065590
0.076202
0.086643
0.097048
0.107484
0.118066
0.128552
0.138975
0.149377
0.159813
0.170239
0.180731
0.191088
0.201563
0.211971
0.222358
0.232689
0.243253
0.253742
0.264108
0.274487
0.285054
0.295345
0.305909
0.316282
0.326720
0.337203
0.347519
0.357942
0.368416
0.378848
0.389206
0.399596
0.409986
0.420260
0.430794
0.441064
0.451431
0.461860
0.472226
0.482554
0.492851
0.503269
0.513536
0.523848
0.534098
0.544407
0.554729
0.565050
0.575279
0.585585
0.595793
0.606102
0.616376
0.626556
0.636890
0.647145
0.657287
0.667569
0.677723
0.687927
0.698102
0.708376
0.718442
0.728614
0.738869
0.749020
0.759060
0.769258
0.779490
0.789563
0.799683
0.809864
0.819916
0.830219
0.840154
0.850320
0.860404
0.870714
0.880676
0.890844
0.901046
0.911191
0.921302
0.931414
0.941634
0.951751
0.961917
0.972238
0.982155
0.992432
1.002549
1.012763
1.022833
1.033085
1.043218
1.053365
1.063597
1.073742
1.083880
1.094157
1.104361
1.114443
1.124663
1.134900
1.145009
1.155133
1.165367
1.175503
1.185686
1.195888
1.206009
1.216138
1.226334
1.236481
1.246578
1.256923
1.266978
1.277018
1.287214
1.297385
1.307470
1.317701
1.327789
1.337862
1.348114
1.358082
1.368395
1.378453
1.388447
1.398619
1.408776
1.418815
1.428804
1.438967
1.449037
1.459166
1.469194
1.479297
1.489352
1.499379
1.509386
1.519525
1.529508
1.539586
1.549593
1.559567
1.569604
1.579620
1.589671
1.599699
1.609778
1.619755
1.629837
1.639909
1.649928
1.659851
1.670110
1.680066
1.690102
1.700280
1.710218
1.720294
1.730417
1.740430
1.750509
1.760558
1.770855
1.780727
1.790854
1.800911
1.811020
1.821153
1.831193
1.841292
1.851386
1.861528
1.871540
1.881706
1.891755
1.901756
1.912038
1.922120
1.932052
1.942406
1.952374
1.962426
1.972606
1.982544
1.992632
2.002897
2.012835
2.022841
2.033130
2.042876
2.053102
2.063010
2.073196
2.083038
2.093255
2.103178
2.113178
2.123320
2.133195
2.143181
2.153245
2.163150
2.173189
2.183091
2.192960
2.202961
2.212965
2.222909
2.232847
2.242791
2.252636
2.262676
2.272308
2.282399
2.292148
2.302140
2.311886
2.321782
2.331615
2.341439
2.351221
2.361150
2.370863
2.380726
2.390517
2.400434
2.410016
2.420082
2.429706
2.439500
2.449408
2.459193
2.468918
2.478751
2.488443
2.498444
2.508148
2.517859
2.527893
2.537615
2.547382
2.557095
2.566961
2.576659
2.586492
2.596283
2.606015
2.615929
2.625714
2.635397
2.645191
2.655018
2.664668
2.674522
2.684325
2.693973
2.703788
2.713582
2.723310
2.733050
2.742824
2.752585
2.762172
2.772161
2.781635
2.791554
2.801211
2.810861
2.820508
2.830395
2.839881
2.849564
2.859514
2.868948
2.878674
2.888393
2.897938
2.907562
2.917260
2.926856
2.936519
2.946019
2.955738
2.965272
2.974880
2.984470
2.994052
3.003609
3.013107
3.022649
3.032228
3.041794
3.051220
3.060780
3.070230
3.079691
3.089276
3.098734
3.108121
3.117621
3.126954
3.136565
3.145907
3.155449
3.164851
3.174361
3.183747
3.193203
3.202562
3.211934
3.221348
3.230797
3.240190
3.249681
3.259074
3.268512
3.277946
3.287381
3.296755
3.306154
3.315679
3.324942
3.334485
3.343871
3.353228
3.362639
3.372070
3.381502
3.390831
3.400242
3.409749
3.419057
3.428441
3.437759
3.447169
3.456592
3.465982
3.475314
3.484776
3.494076
3.503355
3.512690
3.522074
3.531434
3.540850
3.550192
3.559411
3.568767
3.578142
3.587367
3.596876
3.606032
3.615302
3.624569
3.633866
3.643052
3.652423
3.661582
3.670834
3.680227
3.689254
3.698476
3.707820
3.716883
3.726159
3.735285
3.744498
3.753693
3.762846
3.771834
3.781062
3.790305
3.799380
3.808458
3.817605
3.826647
3.835803
3.844872
3.853935
3.863001
3.871968
3.881001
3.890220
3.899187
3.908170
3.917308
3.926311
3.935341
3.944326
3.953395
3.962362
3.971458
3.980428
3.989465
3.998417
4.007465
4.016444
4.025468
4.034537
4.043580
4.052490
4.061564
4.070622
4.079619
4.088628
4.097631
4.106584
4.115625
4.124578
4.133671
4.142656
4.151620
4.160594
4.169707
4.178687
4.187630
4.196663
4.205663
4.214687
4.223738
4.232720
4.241682
4.250813
4.259760
4.268832
4.277790
4.286826
4.295698
4.304692
4.313785
4.322611
4.331821
4.340779
4.349701
4.358627
4.367729
4.376678
4.385675
4.394642
4.403525
4.412631
4.421472
4.430406
4.439442
4.448361
4.457227
4.466197
4.475086
4.483925
4.492922
4.501988
4.510709
4.519668
4.528530
4.537405
4.546290
4.555129
4.564000
4.572902
4.581704
4.590518
4.599417
4.608285
4.617024
4.626016
4.634710
4.643507
4.652363
4.661165
4.669968
4.678767
4.687534
4.696396
4.705151
4.713878
4.722764
4.731447
4.740232
4.748995
4.757920
4.766567
4.775435
4.784109
4.792956
4.801728
4.810447
4.819264
4.828094
4.836839
4.845614
4.854390
4.863102
4.871929
4.880725
4.889468
4.898312
4.907207
4.915731
4.924668
4.933387
4.942111
4.950833
4.959711
4.968489
4.977303
4.986073
4.994785
5.003546
5.012339
5.021052
5.029824
5.038627
5.047333
5.056067
5.064869
5.073591
5.082201
5.091082
5.099815
5.108566
5.117342
5.126012
5.134674
5.143330
5.152069
5.160833
5.169509
5.178171
5.186868
5.195671
5.204213
5.212904
5.221653
5.230188
5.238853
5.247532
5.256095
5.264718
5.273379
5.281984
5.290505
5.299176
5.307684
5.316328
5.324858
5.333501
5.341899
5.350453
5.358929
5.367492
5.376007
5.384452
5.392892
5.401431
5.409880
5.418353
5.426826
5.435191
5.443585
5.452133
5.460456
5.468911
5.477369
5.485641
5.494033
5.502431
5.510835
5.519176
5.527517
5.535855
5.544256
5.552657
5.560968
5.569312
5.577653
5.585967
5.594248
5.602685
5.610942
5.619226
5.627657
5.635902
5.644282
5.652545
5.660820
5.669216
5.677524
5.685892
5.694086
5.702382
5.710792
5.718815
5.727267
5.735494
5.743778
5.752078
5.760311
5.768520
5.776855
5.785001
5.793270
5.801626
5.809758
5.818029
5.826254
5.834460
5.842729
5.850974
5.859138
5.867383
5.875575
5.883838
5.891969
5.900223
5.908253
5.916600
5.924719
5.932887
5.941041
5.949266
5.957373
5.965547
5.973714
5.981785
5.989913
5.998044
6.006170
6.014208
6.022378
6.030462
6.038467
6.046590
6.054637
6.062708
6.070768
6.078687
6.086839
6.094982
6.102787
6.110912
6.118876
6.126917
6.134839
6.142856
6.150786
6.158816
6.166761
6.174734
6.182623
6.190712
6.198568
6.206444
6.214393
6.222272
6.230311
6.238173
6.245971
6.253902
6.261838
6.269607
6.277451
0.002163
0.010037
0.017946
0.025751
0.033613
0.041441
0.049387
0.057075
0.065065
0.072885
0.080735
0.088486
0.096332
0.104122
0.112011
0.119878
0.127659
0.135428
0.143295
0.151082
0.158953
0.166892
0.174613
0.182394
0.190211
0.197991
0.205808
0.213652
0.221406
0.229285
0.237120
0.244853
0.252627
0.260423
0.268186
0.275976
0.283930
0.291645
0.299339
0.307165
0.314906
0.322711
0.330444
0.338129
0.346131
0.353741
0.361591
0.369222
0.377066
0.384745
0.392486
0.400255
0.407904
0.415625
0.423400
0.431097
0.438829
0.446589
0.454274
0.461968
0.469749
0.477368
0.485166
0.492878
0.500467
0.508149
0.515792
0.523420
0.531114
0.538817
0.546484
0.554040
0.561689
0.569347
0.576921
0.584576
0.592209
0.599769
0.607373
0.614920
0.622601
0.630146
0.637690
0.645258
0.652874
0.660469
0.667956
0.675494
0.683077
0.690633
0.698207
0.705661
0.713295
0.720854
0.728290
0.735783
0.743322
0.750731
0.758350
0.765897
0.773267
0.780808
0.788289
0.795729
0.803240
0.810730
0.818169
0.825665
0.833242
0.840550
0.848085
0.855617
0.863044
0.870534
0.878024
0.885433
0.892954
0.900387
0.907868
0.915355
0.922851
0.930284
0.937826
0.945253
0.952617
0.960197
0.967654
0.975093
0.982551
0.989999
0.997486
1.004922
1.012397
1.019750
1.027405
1.034769
1.042163
1.049785
1.057185
1.064640
1.072157
1.079608
1.087074
1.094486
1.101961
1.109392
1.116855
1.124336
1.131787
1.139190
1.146713
1.154165
1.161556
1.169028
1.176491
1.184017
1.191292
1.198821
1.206104
1.213747
1.220986
1.228401
1.235972
1.243294
1.250710
1.258155
1.265477
1.273048
1.280263
1.287768
1.295096
1.302472
1.310038
1.317324
1.324718
1.332113
1.339486
1.346820
1.354235
1.361552
1.368898
1.376265
1.383660
1.390919
1.398397
1.405714
1.412961
1.420295
1.427711
1.434985
1.442337
1.449648
1.456982
1.464304
1.471642
1.478850
1.486128
1.493531
1.500698
1.508050
1.515258
1.522551
1.529843
1.537064
1.544302
1.551589
1.558980
1.566057
1.573274
1.580749
1.587799
1.595175
1.602426
1.609571
1.616864
1.624159
1.631371
1.638621
1.645833
1.653092
1.660420
1.667605
1.674840
1.682085
1.689470
1.696631
1.703821
1.711165
1.718334
1.725621
1.732940
1.740115
1.747402
1.754652
1.761888
1.769165
1.776383
1.783552
1.790803
1.798065
1.805337
1.812560
1.819948
1.827124
1.834350
1.841703
1.848857
1.856147
1.863370
1.870624
1.877874
1.885095
1.892258
1.899566
1.906822
1.913989
1.921194
1.928451
1.935683
1.942954
1.950247
1.957368
1.964529
1.971756
1.978949
1.986191
1.993435
2.000623
2.007759
2.015004
2.022170
2.029346
2.036551
2.043769
2.050905
2.058189
2.065217
2.072498
2.079563
2.086672
2.093911
2.101023
2.108154
2.115371
2.122448
2.129603
2.136635
2.143792
2.150935
2.157984
2.165115
2.172201
2.179310
2.186378
2.193470
2.200564
2.207536
2.214556
2.221609
2.228829
2.235726
2.242782
2.249888
2.256836
2.263853
2.270843
2.277973
2.284975
2.291890
2.298871
2.305906
2.312881
2.319858
2.326800
2.333811
2.340738
2.347671
2.354759
2.361617
2.368487
2.375564
2.382410
2.389337
2.396333
2.403277
2.410166
2.417164
2.424028
2.430958
2.437906
2.444794
2.451772
2.458738
2.465631
2.472477
2.479428
2.486349
2.493249
2.500251
2.507082
2.513970
2.520846
2.527722
2.534607
2.541560
2.548436
2.555381
2.562221
2.569031
2.575946
2.582924
2.589701
2.596676
2.603495
2.610389
2.617265
2.624156
2.630951
2.637824
2.644760
2.651546
2.658401
2.665316
2.672084
2.678924
2.685809
2.692676
2.699456
2.706311
2.713169
2.720060
2.726885
2.733554
2.740546
2.747270
2.754107
2.760917
2.767730
2.774483
2.781245
2.788103
2.794847
2.801615
2.808449
2.815154
2.821944
2.828696
2.835423
2.842191
2.848962
2.855733
2.862438
2.869299
2.875944
2.882683
2.889364
2.896066
2.902744
2.909431
2.916214
2.922761
2.929523
2.936222
2.942846
2.949584
2.956251
2.962869
2.969547
2.976246
2.982790
2.989438
2.996011
3.002764
3.009314
3.015971
3.022475
3.029232
3.035751
3.042342
3.048964
3.055531
3.062089
3.068684
3.075233
3.081833
3.088383
3.094920
3.101478
3.108028
3.114547
3.121148
3.127646
3.134120
3.140589
3.147132
3.153646
3.160108
3.166637
3.173111
3.179610
3.186201
3.192688
3.199219
3.205687
3.212174
3.218651
3.225153
3.231606
3.238087
3.244582
3.250976
3.257447
3.263942
3.270438
3.276910
3.283435
3.289819
3.296321
3.302753
3.309171
3.315738
3.322150
3.328535
3.335093
3.341465
3.347931
3.354355
3.360838
3.367285
3.373694
3.380115
3.386457
3.393001
3.399379
3.405887
3.412247
3.418671
3.425040
3.431527
3.437870
3.444179
3.450648
3.457122
3.463438
3.469769
3.476204
3.482580
3.488889
3.495259
3.501659
3.507971
3.514386
3.520666
3.527011
3.533330
3.539700
3.546009
3.552367
3.558632
3.564926
3.571416
3.577522
3.583883
3.590213
3.596433
3.602719
3.609001
3.615260
3.621486
3.627775
3.634009
3.640247
3.646500
3.652765
3.659000
3.665156
3.671418
3.677590
3.683783
3.689952
3.696160
3.702311
3.708498
3.714633
3.720832
3.726989
3.733149
3.739285
3.745412
3.751530
3.757654
3.763817
3.769881
3.776011
3.782066
3.788139
3.794218
3.800315
3.806549
3.812446
3.818630
3.824655
3.830695
3.836732
3.842793
3.848827
3.854894
3.860886
3.866863
3.872843
3.878970
3.884914
3.890870
3.896895
3.902864
3.908862
3.914911
3.920870
3.926808
3.932770
3.938705
3.944689
3.950747
3.956520
3.962575
3.968450
3.974484
3.980360
3.986271
3.992335
3.998282
4.004133
4.010087
4.016022
4.022008
4.027829
4.033758
4.039753
4.045587
4.051564
4.057418
4.063392
4.069145
4.075128
4.081015
4.086941
4.092834
4.098692
4.104621
4.110604
4.116444
4.122274
4.128158
4.134090
4.139933
4.145841
4.151740
4.157594
4.163404
4.169258
4.175196
4.181038
4.186848
4.192750
4.198619
4.204420
4.210295
4.216167
4.222015
4.227798
4.233700
4.239485
4.245394
4.251152
4.256938
4.262852
4.268670
4.274452
4.280283
4.286077
4.291865
4.297687
4.303487
4.309302
4.315124
4.320936
4.326644
4.332483
4.338314
4.343955
4.349818
4.355567
4.361305
4.367103
4.372849
4.378607
4.384396
4.390148
4.395897
4.401581
4.407444
4.413131
4.418848
4.424600
4.430310
4.435943
4.441722
4.447388
4.453035
4.458848
4.464546
4.470212
4.475928
4.481567
4.487257
4.492928
4.498521
4.504187
4.509882
4.515437
4.521058
4.526772
4.532308
4.537914
4.543591
4.549131
4.554718
4.560360
4.565891
4.571473
4.577069
4.582645
4.588235
4.593769
4.599300
4.604843
4.610484
4.615973
4.621489
4.627004
4.632559
4.638105
4.643593
4.649031
4.654532
4.660081
4.665555
4.670962
4.676514
4.682003
4.687441
4.693019
4.698352
4.703877
4.709297
4.714807
4.720215
4.725581
4.731105
4.736483
4.742017
4.747323
4.752851
4.758304
4.763688
4.769116
4.774572
4.779917
4.785394
4.790859
4.796201
4.801573
4.806983
4.812388
4.817739
4.823201
4.828531
4.833906
4.839311
4.844647
4.850091
4.855453
4.860847
4.866081
4.871516
4.876903
4.882196
4.887568
4.892880
4.898234
4.903627
4.908855
4.914215
4.919512
4.924851
4.930217
4.935523
4.940814
4.946150
4.951504
4.956723
4.962059
4.967365
4.972626
4.977930
4.983214
4.988488
4.993737
4.999052
5.004283
5.009523
5.014802
5.020039
5.025351
5.030627
5.035858
5.041101
5.046371
5.051618
5.056804
5.062071
5.067290
5.072461
5.077806
5.082920
5.088130
5.093361
5.098539
5.103704
5.108926
5.114112
5.119262
5.124449
5.129626
5.134812
5.139968
5.145088
5.150271
5.155434
5.160476
5.165683
5.170810
5.175861
5.180981
5.186134
5.191213
5.196345
5.201471
5.206478
5.211580
5.216679
5.221715
5.226818
5.231818
5.236941
5.241927
5.247029
5.251994
5.256991
5.261971
5.267052
5.272019
5.277032
5.282011
5.287000
5.292009
5.297000
5.301917
5.306888
5.311852
5.316786
5.321757
5.326688
5.331569
5.336545
5.341399
5.346315
5.351199
5.356059
5.360945
5.365847
5.370739
5.375587
5.380569
5.385453
5.390196
5.395118
5.399885
5.404778
5.409556
5.414365
5.419186
5.423979
5.428800
5.433615
5.438406
5.443169
5.447978
5.452703
5.457469
5.462197
5.466961
5.471743
5.476479
5.481195
5.485857
5.490654
5.495348
5.500061
5.504729
5.509499
5.514131
5.518882
5.523472
5.528257
5.532943
5.537542
5.542162
5.546833
5.551551
5.556219
5.560815
5.565540
5.570157
5.574813
5.579364
5.584011
5.588655
5.593194
5.597882
5.602499
5.607101
5.611691
5.616299
5.620883
5.625500
5.630177
5.634608
5.639282
5.643794
5.648360
5.652869
5.657498
5.662004
5.666519
5.671139
5.675573
5.680256
5.684696
5.689247
5.693714
5.698301
5.702834
5.707304
5.711834
5.716331
5.720808
5.725344
5.729820
5.734278
5.738841
5.743221
5.747748
5.752227
5.756664
5.761135
5.765674
5.770030
5.774527
5.779000
5.783365
5.787808
5.792245
5.796647
5.801066
5.805479
5.809889
5.814314
5.818704
5.823078
5.827536
5.831907
5.836320
5.840662
5.845060
5.849455
5.853803
5.858147
5.862494
5.866877
5.871201
5.875545
5.879865
5.884215
5.888563
5.892865
5.897215
5.901500
5.905841
5.910152
5.914458
5.918751
5.923095
5.927359
5.931664
5.935966
5.940280
5.944559
5.948843
5.953062
5.957325
5.961604
5.965876
5.970094
5.974376
5.978636
5.982891
5.987136
5.991354
5.995531
5.999746
6.004028
6.008165
6.012459
6.016626
6.020809
6.025012
6.029222
6.033365
6.037563
6.041751
6.045897
6.050065
6.054227
6.058412
6.062532
6.066702
6.070855
6.075007
6.079097
6.083238
6.087426
6.091453
6.095611
6.099662
6.103794
6.107883
6.112048
6.116059
6.120200
6.124224
6.128352
6.132403
6.136456
6.140495
6.144552
6.148612
6.152662
6.156680
6.160695
6.164733
6.168757
6.172801
6.176819
6.180852
6.184846
6.188813
6.192809
6.196800
6.200785
6.204775
6.208775
6.212733
6.216733
6.220717
6.224645
6.228663
6.232579
6.236513
6.240468
6.244455
6.248407
6.252308
6.256323
6.260235
6.264184
6.268088
6.272010
6.275908
6.279850
0.000539
0.004476
0.008332
0.012227
0.016164
0.020089
0.023980
0.027893
0.031761
0.035620
0.039515
0.043407
0.047260
0.051155
0.055044
0.058911
0.062773
0.066614
0.070485
0.074350
0.078206
0.082014
0.085909
0.089741
0.093603
0.097426
0.101252
0.105072
0.108913
0.112781
0.116595
0.120412
0.124237
0.128024
0.131853
0.135658
0.139433
0.143349
0.147124
0.150893
0.154707
0.158518
0.162290
0.166086
0.169903
0.173666
0.177447
0.181249
0.185006
0.188767
0.192560
0.196311
0.200053
0.203870
0.207600
0.211363
0.215132
0.218937
0.222661
0.226439
0.230190
0.233935
0.237647
0.241386
0.245176
0.248945
0.252598
0.256361
0.260145
0.263785
0.267563
0.271263
0.274981
0.278717
0.282465
0.286159
0.289871
0.293628
0.297275
0.300984
0.304666
0.308390
0.312060
0.315763
0.319469
0.323128
0.326825
0.330540
0.334183
0.337847
0.341529
0.345206
0.348873
0.352558
0.356210
0.359895
0.363523
0.367146
0.370819
0.374444
0.378102
0.381743
0.385362
0.388999
0.392642
0.396264
0.399872
0.403518
0.407119
0.410738
0.414343
0.417959
0.421569
0.425197
0.428784
0.432358
0.435995
0.439536
0.443120
0.446700
0.450295
0.453923
0.457432
0.461015
0.464554
0.468182
0.471738
0.475288
0.478878
0.482392
0.485924
0.489559
0.493019
0.496560
0.500150
0.503673
0.507178
0.510738
0.514225
0.517736
0.521290
0.524783
0.528322
0.531860
0.535338
0.538835
0.542376
0.545848
0.549330
0.552859
0.556332
0.559807
0.563268
0.566725
0.570230
0.573694
0.577172
0.580606
0.584105
0.587554
0.591008
0.594483
0.597896
0.601347
0.604781
0.608205
0.611666
0.615051
0.618452
0.621894
0.625319
0.628728
0.632165
0.635550
0.638984
0.642393
0.645791
0.649191
0.652637
0.655939
0.659348
0.662749
0.666146
0.669514
0.672911
0.676240
0.679571
0.683008
0.686349
0.689719
0.693066
0.696391
0.699720
0.703073
0.706455
0.709754
0.713130
0.716426
0.719770
0.723086
0.726409
0.729693
0.733018
0.736326
0.739636
0.742959
0.746255
0.749550
0.752876
0.756130
0.759473
0.762712
0.766023
0.769279
0.772575
0.775850
0.779124
0.782426
0.785668
0.788931
0.792214
0.795432
0.798758
0.801960
0.805208
0.808462
0.811710
0.814933
0.818169
0.821438
0.824709
0.827906
0.831151
0.834342
0.837581
0.840831
0.844022
0.847231
0.850496
0.853687
0.856911
0.860153
0.863347
0.866534
0.869725
0.872949
0.876149
0.879360
0.882506
0.885745
0.888924
0.892097
0.895294
0.898502
0.901681
0.904848
0.908039
0.911200
0.914378
0.917536
0.920730
0.923921
0.927070
0.930230
0.933361
0.936540
0.939725
0.942826
0.945984
0.949118
0.952240
0.955454
0.958546
0.961707
0.964820
0.967951
0.971109
0.974258
0.977358
0.980468
0.983635
0.986745
0.989885
0.992998
0.996093
0.999206
1.002325
1.005414
1.008518
1.011642
1.014710
1.017817
1.020900
1.023971
1.027081
1.030197
1.033337
1.036366
1.039413
1.042508
1.045561
1.048647
1.051682
1.054824
1.057919
1.060921
1.064016
1.067087
1.070119
1.073181
1.076252
1.079293
1.082352
1.085381
1.088407
1.091490
1.094510
1.097518
1.100544
1.103594
1.106629
1.109637
1.112651
1.115653
1.118662
1.121726
1.124711
1.127755
1.130760
1.133744
1.136740
1.139754
1.142741
1.145734
1.148724
1.151696
1.154707
1.157664
1.160657
1.163614
1.166613
1.169603
1.172543
1.175515
1.178493
1.181468
1.184455
1.187373
1.190300
1.193317
1.196199
1.199198
1.202090
1.205047
1.207986
1.210934
1.213861
1.216803
1.219748
1.222634
1.225552
1.228500
1.231430
1.234363
1.237242
1.240158
1.243073
1.245931
1.248801
1.251683
1.254640
1.257529
1.260435
1.263308
1.266220
1.269081
1.271967
1.274840
1.277710
1.280574
1.283442
1.286321
1.289212
1.292001
1.294907
1.297730
1.300642
1.303488
1.306328
1.309145
1.311949
1.314771
1.317540
1.320419
1.323328
1.326072
1.328883
1.331702
1.334512
1.337287
1.340112
1.342892
1.345727
1.348516
1.351281
1.354074
1.356878
1.359667
1.362433
1.365225
1.368023
1.370804
1.373542
1.376370
1.379118
1.381922
1.384651
1.387426
1.390194
1.392926
1.395674
1.398382
1.401184
1.403868
1.406636
1.409342
1.412104
1.414828
1.417587
1.420272
1.423028
1.425730
1.428406
1.431102
1.433820
1.436594
1.439251
1.441939
1.444602
1.447323
1.449989
1.452650
1.455361
1.458079
1.460769
1.463433
1.466114
1.468802
1.471471
1.474063
1.476777
1.479462
1.482107
1.484702
1.487419
1.490035
1.492695
1.495308
1.497926
1.500647
1.503268
1.505881
1.508496
1.511172
1.513778
1.516346
1.518980
1.521622
1.524205
1.526844
1.529412
1.532054
1.534667
1.537264
1.539817
1.542451
1.545051
1.547616
1.550213
1.552799
1.555388
1.557979
1.560484
1.563102
1.565670
1.568205
1.570787
1.573376
1.575911
1.578448
1.581010
1.583586
1.586157
1.588686
1.591211
1.593770
1.596365
1.598845
1.601392
1.603975
1.606485
1.609008
1.611522
1.614038
1.616549
1.619093
1.621594
1.624102
1.626640
1.629121
1.631661
1.634133
1.636641
1.639148
1.641644
1.644176
1.646671
1.649191
1.651603
1.654129
1.656585
1.659063
1.661529
1.664028
1.666505
1.668980
1.671410
1.673879
1.676365
1.678795
1.681261
1.683712
1.686180
1.688628
1.691061
1.693485
1.695954
1.698410
1.700810
1.703246
1.705706
1.708153
1.710547
1.713013
1.715434
1.717861
1.720320
1.722678
1.725090
1.727487
1.729917
1.732290
1.734708
1.737113
1.739492
1.741874
1.744256
1.746635
1.749041
1.751417
1.753778
1.756201
1.758601
1.760968
1.763314
1.765699
1.768063
1.770439
1.772745
1.775178
1.777557
1.779876
1.782225
1.784607
1.786974
1.789302
1.791636
1.794003
1.796351
1.798670
1.800980
1.803317
1.805654
1.808015
1.810277
1.812674
1.814951
1.817273
1.819613
1.821893
1.824224
1.826552
1.828841
1.831157
1.833497
1.835804
1.838084
1.840387
1.842655
1.844962
1.847266
1.849531
1.851817
1.854121
1.856413
1.858642
1.860928
1.863211
1.865482
1.867726
1.870039
1.872280
1.874575
1.876825
1.879079
1.881347
1.883582
1.885841
1.888109
1.890317
1.892582
1.894835
1.897052
1.899305
1.901558
1.903790
1.906025
1.908260
1.910462
1.912703
1.914920
1.917099
1.919307
1.921530
1.923723
1.925910
1.928136
1.930365
1.932537
1.934742
1.936920
1.939098
1.941319
1.943479
1.945696
1.947892
1.950052
1.952182
1.954393
1.956547
1.958699
1.960898
1.963040
1.965206
1.967351
1.969485
1.971636
1.973784
1.975893
1.978047
1.980219
1.982338
1.984459
1.986601
1.988761
1.990876
1.992989
1.995083
1.997207
1.999337
2.001428
2.003514
2.005590
2.007723
2.009794
2.011879
2.013997
2.016085
2.018179
2.020262
2.022362
2.024447
2.026502
2.028549
2.030631
2.032692
2.034778
2.036818
2.038846
2.040884
2.043002
2.045021
2.047079
2.049132
2.051172
2.053203
2.055244
2.057266
2.059294
2.061350
2.063369
2.065370
2.067387
2.069397
2.071431
2.073424
2.075416
2.077409
2.079416
2.081411
2.083386
2.085402
2.087394
2.089384
2.091385
2.093369
2.095343
2.097308
2.099247
2.101206
2.103187
2.105143
2.107117
2.109101
2.111066
2.113011
2.114982
2.116905
2.118838
2.120752
2.122664
2.124611
2.126535
2.128473
2.130409
2.132353
2.134295
2.136191
2.138076
2.139999
2.141901
2.143789
2.145653
2.147555
2.149500
2.151390
2.153299
2.155216
2.157134
2.159027
2.160894
2.162748
2.164627
2.166469
2.168300
2.170145
2.172036
2.173857
2.175745
2.177629
2.179511
2.181366
2.183232
2.185051
2.186878
2.188736
2.190576
2.192367
2.194180
2.195983
2.197826
2.199662
2.201481
2.203306
2.205160
2.206955
2.208735
2.210547
2.212321
2.214107
2.215892
2.217660
2.219478
2.221279
2.223053
2.224859
2.226654
2.228413
2.230153
2.231924
2.233656
2.235411
2.237140
2.238872
2.240633
2.242413
2.244163
2.245925
2.247686
2.249442
2.251186
2.252872
2.254598
2.256315
2.258038
2.259697
2.261387
2.263086
2.264767
2.266481
2.268236
2.269953
2.271670
2.273381
2.275070
2.276757
2.278408
2.280053
2.281724
2.283387
2.285032
2.286683
2.288337
2.289997
2.291689
2.293367
2.295015
2.296675
2.298332
2.299949
2.301591
2.303257
2.304878
2.306457
2.308072
2.309693
2.311316
2.312925
2.314528
2.316170
2.317800
2.319373
2.321000
2.322594
2.324242
2.325818
2.327369
2.328942
2.330512
2.332073
2.333610
2.335198
2.336825
2.338413
2.339974
2.341571
2.343162
2.344714
2.346245
2.347785
2.349339
2.350852
2.352342
2.353863
2.355424
2.357000
2.358543
2.360086
2.361605
2.363184
2.364703
2.366207
2.367723
2.369242
2.370740
2.372211
2.373703
2.375211
2.376720
2.378204
2.379702
2.381230
2.382734
2.384214
2.385727
2.387222
2.388708
2.390155
2.391611
2.393076
2.394565
2.395991
2.397429
2.398903
2.400356
2.401821
2.403275
2.404749
2.406229
2.407694
2.409129
2.410576
2.412029
2.413431
2.414875
2.416289
2.417691
2.419127
2.420520
2.421928
2.423363
2.424801
2.426206
2.427635
2.429076
2.430518
2.431914
2.433322
2.434688
2.436087
2.437478
2.438838
2.440207
2.441597
2.442963
2.444305
2.445702
2.447077
2.448461
2.449854
2.451241
2.452644
2.454022
2.455364
2.456718
2.458090
2.459424
2.460736
2.462054
2.463390
2.464736
2.466042
2.467366
2.468717
2.470060
2.471411
2.472726
2.474077
2.475425
2.476759
2.478089
2.479392
2.480702
2.482035
2.483290
2.484581
2.485894
2.487149
2.488399
2.489684
2.490984
2.492263
2.493546
2.494864
2.496173
2.497471
2.498759
2.500017
2.501306
2.502540
2.503804
2.505051
2.506294
2.507531
2.508760
2.510006
2.511225
2.512472
2.513697
2.514952
2.516217
2.517433
2.518671
2.519884
2.521151
2.522377
2.523602
2.524833
2.526050
2.527251
2.528417
2.529606
2.530787
2.531979
2.533175
2.534340
2.535553
2.536719
2.537905
2.539077
2.540272
2.541462
2.542636
2.543819
2.545015
2.546198
2.547343
2.548502
2.549638
2.550770
2.551936
2.553044
2.554174
2.555327
2.556442
2.557586
2.558716
2.559848
2.560978
2.562104
2.563258
2.564387
2.565517
2.566617
2.567740
2.568878
2.569996
2.571129
2.572216
2.573304
2.574400
2.575470
2.576542
2.577612
2.578700
2.579772
2.580845
2.581935
2.583011
2.584090
2.585165
2.586226
2.587289
2.588374
2.589434
2.590501
2.591565
2.592634
2.593677
2.594726
2.595777
2.596814
2.597829
2.598863
2.599867
2.600906
2.601883
2.602908
2.603920
2.604942
2.605976
2.607003
2.608031
2.609041
2.610062
2.611060
2.612070
2.613079
2.614080
2.615096
2.616132
2.617160
2.618125
2.619137
2.620099
2.621064
2.622029
2.622969
2.623904
2.624872
2.625834
2.626795
2.627763
2.628734
2.629701
2.630648
2.631580
2.632530
2.633467
2.634414
2.635385
2.636362
2.637315
2.638300
2.639262
2.640194
2.641131
2.642051
2.642926
2.643801
2.644697
2.645578
2.646456
2.647381
2.648280
2.649212
2.650117
2.651018
2.651920
2.652840
2.653724
2.654578
2.655462
2.656336
2.657232
2.658137
2.659042
2.659950
2.660854
2.661753
2.662634
2.663512
2.664342
2.665190
2.666005
2.666844
2.667674
2.668515
2.669330
2.670184
2.671041
2.671868
2.672704
2.673537
2.674352
2.675158
2.675979
2.676785
2.677603
2.678405
2.679235
2.680047
2.680865
2.681692
2.682534
2.683361
2.684194
2.684988
2.685791
2.686582
2.687361
2.688128
2.688879
2.689644
2.690405
2.691151
2.691926
2.692699
2.693445
2.694227
2.694998
2.695774
2.696517
2.697272
2.698009
2.698761
2.699492
2.700208
2.700924
2.701661
2.702407
2.703153
2.703899
2.704648
2.705418
2.706161
2.706907
2.707647
2.708372
2.709094
2.709813
2.710523
2.711209
2.711883
2.712569
2.713234
2.713903
2.714568
2.715236
2.715943
2.716620
2.717291
2.717980
2.718663
2.719349
2.720003
2.720668
2.721306
2.721941
2.722570
2.723193
2.723814
2.724446
2.725069
2.725731
2.726387
2.727058
2.727720
2.728385
2.729063
2.729752
2.730396
2.731025
2.731675
2.732292
2.732901
2.733479
2.734045
2.734626
2.735219
2.735798
2.736379
2.736954
2.737541
2.738141
2.738725
2.739312
2.739890
2.740466
2.741032
2.741595
2.742162
2.742713
2.743267
2.743821
2.744367
2.744903
2.745424
2.745945
2.746491
2.747036
2.747572
2.748124
2.748705
2.749286
2.749867
2.750437
2.751012
2.751584
2.752135
2.752707
2.753247
2.753804
2.754349
2.754871
2.755398
2.755916
2.756420
2.756905
2.757387
2.757882
2.758364
2.758820
2.759281
2.759757
2.760228
2.760683
2.761115
2.761558
2.762025
2.762487
2.762939
2.763380
2.763829
2.764272
2.764704
2.765141
2.765567
2.765986
2.766408
2.766819
2.767226
2.767628
2.768026
2.768422
2.768823
2.769225
2.769608
2.770001
2.770411
2.770834
2.771262
2.771700
2.772155
2.772616
2.773072
2.773524
2.773973
2.774405
2.774848
2.775274
2.775675
2.776080
2.776490
2.776895
2.777293
2.777686
2.778063
2.778432
2.778812
2.779178
2.779543
2.779897
2.780247
2.780595
2.780936
2.781266
2.781587
2.781898
2.782219
2.782536
2.782827
2.783127
2.783426
2.783720
2.784016
2.784307
2.784592
2.784858
2.785128
2.785409
2.785676
2.785937
2.786201
2.786467
2.786740
2.786994
2.787240
2.787498
2.787761
2.788025
2.788277
2.788525
2.788780
2.789044
2.789284
2.789526
2.789769
2.790002
2.790218
2.790434
2.790656
2.790880
2.791102
2.791318
2.791545
2.791770
2.791971
2.792172
2.792405
2.792651
2.792867
2.793085
2.793316
2.793562
2.793798
2.794026
2.794263
2.794508
2.794766
2.795024
2.795281
2.795548
2.795824
2.796099
2.796372
2.796663
2.796947
2.797226
2.797508
2.797804
2.798101
2.798364
2.798643
2.798922
2.799203
2.799479
2.799725
2.799979
2.800237
2.800483
2.800713
2.800938
2.801166
2.801373
2.801570
2.801756
2.801927
2.802088
2.802235
2.802373
2.802502
2.802619
2.802727
2.802832
2.802927
2.803005
2.803068
2.803125
2.803185
2.803239
2.803266
2.803290
2.803320
2.803329
2.803335
2.803335
2.803335
2.803335
2.803335
2.803335
2.803335
2.803335
2.803335
2.803335
2.803308
2.803230
2.803134
2.803035
2.802936
2.802826
2.802706
2.802571
2.802439
2.802304
2.802161
2.802005
2.801846
2.801675
2.801501
2.801337
2.801160
2.800977
2.800797
2.800611
2.800423
2.800228
2.800030
2.799827
2.799626
2.799425
2.799221
2.799021
2.798835
2.798655
2.798469
2.798286
2.798110
2.797933
2.797777
2.797616
2.797463
2.797316
2.797187
2.797073
2.796962
2.796849
2.796735
2.796639
2.796561
2.796483
2.796405
2.796342
2.796288
2.796243
2.796216
2.796204
2.796189
2.796177
2.796177
2.796177
2.796177
2.796177
2.796177
2.796177
2.796177
2.796177
2.796177
2.796177
2.796177
2.796183
2.796258
2.796357
2.796462
2.796558
2.796648
2.796756
2.796863
2.796965
2.797067
2.797187
2.797301
2.797406
2.797513
2.797639
2.797774
2.797897
2.798011
2.798137
2.798269
2.798394
2.798502
2.798613
2.798733
2.798847
2.798952
2.799051
2.799134
2.799212
2.799296
2.799374
2.799452
2.799509
2.799569
2.799617
2.799674
2.799722
2.799755
2.799773
2.799806
2.799833
2.799839
2.799839
2.799839
2.799839
2.799839
2.799839
2.799839
2.799839
2.799839
2.799839
2.799839
2.799839
2.799839
2.799839
2.799791
2.799734
2.799668
2.799599
2.799533
2.799461
2.799389
2.799314
2.799245
2.799182
2.799110
2.799039
2.798970
2.798907
2.798856
2.798802
2.798742
2.798685
2.798634
2.798586
2.798547
2.798496
2.798451
2.798400
2.798373
2.798356
2.798335
2.798316
2.798311
2.798311
2.798311
2.798311
2.798311
2.798311
2.798311
2.798311
2.798311
2.798311
2.798311
2.798311
2.798311
2.798311
2.798311
2.798311
2.798311
2.798311
2.798311
2.798311
2.798314
2.798364
2.798406
2.798439
2.798475
2.798505
2.798541
2.798568
2.798589
2.798607
2.798634
2.798661
2.798685
2.798703
2.798718
2.798724
2.798736
2.798757
2.798763
2.798766
2.798775
2.798784
2.798787
2.798787
2.798787
2.798787
2.798787
2.798787
2.798787
2.798787
2.798787
2.798787
2.798787
2.798787
2.798787
2.798787
2.798787
2.798787
2.798787
2.798787
2.798787
2.798787
2.798787
2.798787
2.798787
2.798787
2.798787
2.798787
2.798787
2.798787
2.798787
2.798787
2.798787
2.798787
2.798787
2.798787
2.798787
2.798787
2.798787
2.798787
2.798787
2.798787
2.798787
2.798787
2.798787
2.798787
2.798787
2.798787
2.798787
2.798787
2.798787
2.798787
2.798787
2.798787
2.798787
2.798787
2.798787
2.798787
2.798787
2.798787
2.798787
2.798787
2.798787
2.798787
2.798787
2.798787
2.798787
2.798787
2.798787
2.798787
2.798787
2.798787
2.798787
2.798787
2.798787
2.798787
2.798787
2.798787
2.798787
2.798787
2.798787
2.798787
2.798787
2.798787
2.798787
2.798787
2.798787
2.798787
2.798787
2.798787
2.798787
2.798787
2.798787
2.798787
2.798787
2.798787
2.798787
2.798787
2.798787
2.798787
2.798787
2.798787