2.798787
2.798787
2.798787
2.798787
2.798787
2.798787
2.798787
2.798787
2.798787
2.798841
2.799224
2.799746
2.800417
2.801235
2.802202
2.803338
2.804668
2.806178
2.807808
2.809528
2.811349
2.813330
2.815475
2.817686
2.820047
2.822722
2.825509
2.828514
2.831654
2.835054
2.838562
2.842293
2.846062
2.850019
2.854163
2.858325
2.862762
2.867376
2.872127
2.877074
2.882161
2.887437
2.892959
2.898514
2.904257
2.910087
2.916187
2.922404
2.928771
2.935401
2.942163
2.949051
2.956146
2.963375
2.970701
2.978293
2.985975
2.993824
3.001866
3.010087
3.018488
3.026978
3.035667
3.044556
3.053560
3.062727
3.072081
3.081612
3.091199
3.100957
3.111051
3.121103
3.131310
3.141832
3.152498
3.163323
3.174211
3.185251
3.196510
3.208009
3.219541
3.231352
3.243464
3.255533
3.267906
3.280280
3.292881
3.305651
3.318660
3.331851
3.345046
3.358678
3.372355
3.386002
3.400140
3.414111
3.428396
3.443224
3.457674
3.472429
3.487487
3.502569
3.517936
3.533609
3.549131
3.564977
3.580910
3.596984
3.613229
3.629447
3.645733
3.661897
3.678144
3.694548
3.710915
3.727151
3.743309
3.759724
3.775771
3.791899
3.808209
3.824493
3.840998
3.857392
3.873682
3.889971
3.906393
3.922524
3.938819
3.954917
3.971326
3.987185
4.003684
4.019872
4.036329
4.052679
4.069112
4.085374
4.101810
4.118175
4.134680
4.151018
4.167457
4.183690
4.200234
4.216605
4.233236
4.249774
4.266243
4.282413
4.299044
4.315286
4.331716
4.347973
4.364700
4.380848
4.397347
4.413730
4.430137
4.446624
4.462919
4.479350
4.495834
4.512193
4.528620
4.544993
4.561442
4.577704
4.594141
4.610385
4.626627
4.643351
4.659368
4.675663
4.692339
4.708389
4.724864
4.741196
4.757429
4.773904
4.790250
4.806444
4.822851
4.839571
4.855747
4.872190
4.888848
4.905248
4.921616
4.938121
4.954806
4.970907
4.987792
5.004148
5.020695
5.037117
5.053634
5.070118
5.086710
5.103240
5.119913
5.136094
5.152645
5.169156
5.185700
5.201962
5.218564
5.235198
5.251508
5.267936
5.284417
5.300773
5.317188
5.333711
5.349890
5.366203
5.382541
5.399055
5.415231
5.431488
5.447714
5.463943
5.480218
5.496361
5.512558
5.528779
5.544894
5.561430
5.577351
5.593307
5.609657
5.626057
5.641918
5.658214
5.674309
5.690449
5.706864
5.723031
5.739182
5.755313
5.771552
5.787814
5.803870
5.820202
5.836177
5.852253
5.868741
5.884683
5.900820
5.916986
5.933090
5.949221
5.965417
5.981404
5.997469
6.013594
6.029542
6.045697
6.061675
6.077868
6.093394
6.109636
6.125464
6.141316
6.157336
6.172918
6.188959
6.204808
6.220619
6.236375
6.252323
6.267800
0.000363
0.016427
0.032103
0.047598
0.063379
0.079165
0.094777
0.110689
0.126601
0.142175
0.158105
0.173714
0.189447
0.205233
0.220917
0.236721
0.252630
0.268228
0.283960
0.299917
0.315527
0.331283
0.347162
0.362852
0.378513
0.394440
0.409941
0.425710
0.441586
0.457150
0.472820
0.488630
0.504188
0.519960
0.535560
0.551152
0.566791
0.582370
0.597896
0.613517
0.628974
0.644775
0.660169
0.675754
0.691202
0.706668
0.722202
0.737674
0.753146
0.768752
0.783945
0.799761
0.814987
0.830372
0.845724
0.861534
0.876784
0.892253
0.907820
0.923241
0.938715
0.954379
0.969832
0.985304
1.001003
1.016391
1.031869
1.047487
1.063061
1.078541
1.094295
1.109742
1.125280
1.140946
1.156466
1.172111
1.187858
1.203351
1.219137
1.234696
1.250164
1.265738
1.281284
1.296987
1.312647
1.328038
1.343503
1.359092
1.374821
1.390257
1.405813
1.421440
1.436819
1.452299
1.467873
1.483464
1.498849
1.514410
1.529912
1.545273
1.561125
1.576366
1.591751
1.607348
1.622898
1.638375
1.653859
1.669438
1.684892
1.700505
1.715994
1.731619
1.747369
1.762895
1.778423
1.794140
1.809723
1.825422
1.841026
1.856626
1.872313
1.888025
1.903571
1.919271
1.934862
1.950822
1.966273
1.982101
1.997740
2.013305
2.029085
2.044749
2.060262
2.075827
2.091628
2.107159
2.122880
2.138354
2.154024
2.169513
2.184847
2.200423
2.216090
2.231463
2.247006
2.262538
2.277818
2.293205
2.308779
2.324008
2.339500
2.354981
2.370357
2.385601
2.401201
2.416481
2.431698
2.447209
2.462438
2.477816
2.493120
2.508532
2.523932
2.539499
2.554701
2.569996
2.585384
2.600936
2.616228
2.631619
2.646950
2.662215
2.677650
2.693023
2.708549
2.723915
2.739372
2.754682
2.769968
2.785122
2.800629
2.815873
2.831144
2.846493
2.861875
2.876975
2.892255
2.907406
2.922641
2.937903
2.953009
2.968019
2.983332
2.998432
3.013475
3.028593
3.043616
3.058725
3.073909
3.088847
3.103842
3.118850
3.133752
3.148816
3.163838
3.178681
3.193700
3.208692
3.223598
3.238614
3.253594
3.268422
3.283363
3.298421
3.313330
3.328361
3.343365
3.358238
3.373278
3.388147
3.403166
3.418051
3.433319
3.448020
3.463294
3.478176
3.493123
3.508055
3.523036
3.537905
3.552897
3.567874
3.582753
3.597514
3.612594
3.627301
3.642293
3.657235
3.672158
3.686761
3.701672
3.716704
3.731300
3.746182
3.761177
3.775609
3.790583
3.805162
3.819897
3.834697
3.849381
3.863945
3.878721
3.893348
3.908137
3.922709
3.937564
3.951960
3.966572
3.981324
3.996071
4.010695
4.025294
4.039951
4.054755
4.069597
4.084005
4.098902
4.113435
4.128149
4.142926
4.157639
4.172476
4.187255
4.201963
4.216631
4.231432
4.246125
4.260952
4.275831
4.290568
4.305339
4.320154
4.334964
4.349716
4.364604
4.379120
4.393896
4.408762
4.423515
4.438169
4.453005
4.467647
4.482546
4.497122
4.512046
4.526625
4.541512
4.556234
4.570888
4.585524
4.600007
4.614804
4.629524
4.644291
4.658930
4.673599
4.687965
4.702991
4.717453
4.732034
4.746787
4.761428
4.776046
4.790805
4.805482
4.820253
4.834835
4.849597
4.864262
4.878895
4.893713
4.908418
4.923302
4.938169
4.952858
4.967782
4.982409
4.997470
5.012099
5.026963
5.041625
5.056639
5.071355
5.086093
5.100819
5.115658
5.130390
5.145187
5.160042
5.174770
5.189691
5.204575
5.219172
5.233915
5.248755
5.263400
5.278191
5.292926
5.307547
5.322188
5.336893
5.351295
5.366033
5.380710
5.395280
5.409838
5.424426
5.439125
5.453473
5.468030
5.482525
5.497077
5.511503
5.525917
5.540379
5.554898
5.569222
5.583657
5.598221
5.612671
5.627100
5.641520
5.655910
5.670507
5.684774
5.699269
5.713761
5.728312
5.742673
5.757111
5.771654
5.786050
5.800362
5.814995
5.829331
5.843784
5.858087
5.872600
5.887065
5.901461
5.915779
5.930211
5.944898
5.958931
5.973459
5.987678
6.002029
6.016273
6.030653
6.044897
6.059209
6.073420
6.087567
6.101945
6.116077
6.130204
6.144345
6.158546
6.172610
6.186754
6.201015
6.215019
6.229097
6.243428
6.257120
6.271294
0.002109
0.015954
0.029967
0.044231
0.058138
0.072115
0.086197
0.100143
0.114210
0.128372
0.142199
0.156253
0.170245
0.184320
0.198492
0.212435
0.226532
0.240685
0.254638
0.268507
0.282489
0.296732
0.310739
0.324587
0.338677
0.352768
0.366544
0.380850
0.394679
0.408698
0.422618
0.436762
0.450646
0.464742
0.478623
0.492612
0.506567
0.520544
0.534359
0.548290
0.562177
0.575968
0.589887
0.603603
0.617811
0.631359
0.645216
0.659249
0.673055
0.686693
0.700466
0.714371
0.728009
0.741791
0.755527
0.769222
0.782971
0.796777
0.810508
0.824239
0.838069
0.851752
0.865459
0.879202
0.892966
0.906720
0.920445
0.934077
0.948156
0.961836
0.975525
0.989280
1.003128
1.016948
1.030730
1.044539
1.058471
1.072127
1.086067
1.099750
1.113862
1.127545
1.141342
1.155100
1.169031
1.182834
1.196478
1.210688
1.224236
1.238267
1.252067
1.265861
1.279664
1.293478
1.307374
1.321168
1.335148
1.348843
1.362481
1.376448
1.390137
1.403739
1.417662
1.431474
1.445184
1.458864
1.472672
1.486421
1.500182
1.513934
1.527710
1.541369
1.555037
1.568753
1.582508
1.596194
1.609949
1.623743
1.637426
1.651303
1.665028
1.678532
1.692682
1.706248
1.719934
1.733710
1.747636
1.761364
1.775598
1.789059
1.802886
1.816716
1.830758
1.844459
1.858382
1.872092
1.885942
1.900018
1.913926
1.927722
1.941624
1.955364
1.969197
1.983338
1.997102
2.010875
2.024801
2.038511
2.052341
2.066326
2.080099
2.093731
2.107732
2.121546
2.135214
2.149008
2.162910
2.176479
2.190180
2.204067
2.217642
2.231472
2.245062
2.258718
2.272446
2.286069
2.299695
2.313267
2.326923
2.340510
2.354250
2.367699
2.381337
2.394922
2.408485
2.422048
2.435656
2.449429
2.462716
2.476714
2.489947
2.503544
2.517218
2.530772
2.544326
2.557940
2.571509
2.585090
2.598728
2.612228
2.625831
2.639585
2.653065
2.666595
2.680323
2.693760
2.707299
2.721132
2.734444
2.748288
2.761507
2.775262
2.788483
2.802490
2.815709
2.829101
2.842793
2.856365
2.869596
2.883135
2.896557
2.909869
2.923552
2.936857
2.950202
2.963588
2.976953
2.990295
3.003714
3.016999
3.030517
3.043709
3.056825
3.070457
3.083574
3.096685
3.110107
3.123329
3.136463
3.149568
3.162928
3.175963
3.189188
3.202485
3.215736
3.228832
3.241976
3.255110
3.268428
3.281589
3.294805
3.307961
3.321209
3.334356
3.347605
3.360799
3.373913
3.387161
3.400521
3.413575
3.426802
3.440105
3.453140
3.466395
3.479674
3.492680
3.505934
3.519042
3.532171
3.545365
3.558545
3.571686
3.584700
3.598156
3.611165
3.624257
3.637251
3.650392
3.663548
3.676679
3.689568
3.702742
3.715694
3.728634
3.741658
3.754796
3.767627
3.780582
3.793681
3.806615
3.819465
3.832336
3.845369
3.858180
3.871207
3.884078
3.896934
3.909760
3.922658
3.935527
3.948404
3.961248
3.974122
3.987053
3.999822
4.012609
4.025555
4.038378
4.051246
4.064399
4.077180
4.089952
4.102991
4.115725
4.128838
4.141802
4.154640
4.167607
4.180580
4.193361
4.206182
4.219325
4.232070
4.245004
4.258271
4.270911
4.283956
4.296953
4.309881
4.322907
4.335818
4.348701
4.361794
4.374673
4.387559
4.400476
4.413476
4.426421
4.439241
4.452235
4.465095
4.477927
4.491002
4.503891
4.516723
4.529779
4.542504
4.555354
4.568183
4.581126
4.593988
4.606856
4.619493
4.632514
4.645283
4.658151
4.670908
4.683831
4.696444
4.709258
4.722222
4.734811
4.747617
4.760518
4.773257
4.785948
4.798813
4.811660
4.824498
4.837435
4.850253
4.863223
4.875937
4.889019
4.901599
4.914674
4.927548
4.940509
4.953218
4.966221
4.979194
4.991975
5.004753
5.017885
5.030639
5.043624
5.056492
5.069471
5.082450
5.095429
5.108189
5.121036
5.133847
5.146967
5.159715
5.172532
5.185475
5.198358
5.211140
5.224211
5.236678
5.249612
5.262474
5.275345
5.287916
5.300862
5.313545
5.326278
5.339113
5.351897
5.364466
5.377208
5.389848
5.402615
5.415225
5.427823
5.440496
5.453170
5.465693
5.478316
5.491004
5.503351
5.516066
5.528641
5.541086
5.553735
5.566313
5.578864
5.591405
5.603922
5.616365
5.629098
5.641469
5.654184
5.666519
5.679258
5.691626
5.704069
5.716808
5.729301
5.741801
5.754447
5.766878
5.779459
5.791994
5.804254
5.816927
5.829516
5.841902
5.854408
5.866895
5.879374
5.891831
5.904478
5.916882
5.929258
5.941814
5.954153
5.966643
5.978903
5.991315
6.003824
6.016042
6.028356
6.040912
6.053220
6.065558
6.077809
6.090260
6.102532
6.114693
6.127028
6.139231
6.151533
6.163909
6.175872
6.188204
6.200548
6.212517
6.224669
6.236971
6.249051
6.261287
6.273200
0.002202
0.014459
0.026518
0.038556
0.050804
0.062716
0.074973
0.087083
0.099199
0.111127
0.123641
0.135338
0.147538
0.159732
0.171905
0.183769
0.196113
0.208073
0.220360
0.232461
0.244475
0.256522
0.268695
0.280829
0.292865
0.305130
0.317004
0.329237
0.341296
0.353238
0.365321
0.377728
0.389706
0.401747
0.413791
0.425865
0.437928
0.450074
0.462160
0.474078
0.486161
0.498160
0.510058
0.522138
0.534200
0.546178
0.558129
0.569973
0.581843
0.593917
0.605734
0.617769
0.629765
0.641528
0.653461
0.665424
0.677501
0.689234
0.701137
0.713040
0.724845
0.736691
0.748478
0.760300
0.772177
0.783954
0.795860
0.807644
0.819496
0.831274
0.843081
0.854808
0.866561
0.878498
0.890224
0.902086
0.913905
0.925700
0.937604
0.949489
0.961315
0.973215
0.985241
0.996863
1.008748
1.020792
1.032582
1.044575
1.056391
1.068313
1.080129
1.091967
1.103903
1.115719
1.127758
1.139550
1.151486
1.163423
1.175287
1.187100
1.199121
1.210847
1.222721
1.234660
1.246569
1.258377
1.270265
1.282117
1.293979
1.305834
1.317666
1.329527
1.341430
1.353214
1.364994
1.376966
1.388666
1.400408
1.412386
1.424196
1.435809
1.447712
1.459565
1.471169
1.483210
1.494831
1.506696
1.518392
1.530191
1.541860
1.553728
1.565397
1.577199
1.588943
1.600637
1.612549
1.624183
1.635907
1.647669
1.659599
1.671131
1.683011
1.694830
1.706491
1.718292
1.730369
1.741994
1.753810
1.765714
1.777503
1.789314
1.801334
1.813096
1.824874
1.836771
1.848639
1.860503
1.872346
1.884142
1.895997
1.907898
1.919678
1.931525
1.943446
1.955274
1.967166
1.978982
1.990903
2.002621
2.014503
2.026323
2.038115
2.050063
2.061742
2.073606
2.085453
2.097215
2.109002
2.120851
2.132578
2.144316
2.156118
2.167784
2.179556
2.191214
2.202946
2.214637
2.226331
2.237961
2.249724
2.261438
2.273021
2.284685
2.296369
2.307910
2.319508
2.331172
2.342781
2.354289
2.365914
2.377547
2.389040
2.400707
2.412173
2.423804
2.435401
2.446828
2.458585
2.470150
2.481675
2.493270
2.504898
2.516337
2.527916
2.539523
2.551022
2.562623
2.574254
2.585752
2.597407
2.608912
2.620447
2.631912
2.643882
2.655075
2.666697
2.678402
2.689979
2.701241
2.713100
2.724452
2.735990
2.747488
2.759056
2.770561
2.782021
2.793505
2.805034
2.816568
2.827983
2.839626
2.850876
2.862387
2.873799
2.885274
2.896554
2.908053
2.919498
2.930829
2.942211
2.953671
2.965005
2.976501
2.987811
2.999034
3.010383
3.021837
3.032983
3.044341
3.055507
3.066808
3.078115
3.089380
3.100601
3.111728
3.123080
3.134156
3.145404
3.156579
3.167790
3.178941
3.190174
3.201295
3.212536
3.223727
3.234986
3.246041
3.257249
3.268290
3.279669
3.290784
3.302079
3.313114
3.324388
3.335482
3.346694
3.357857
3.369062
3.380166
3.391437
3.402624
3.413713
3.425011
3.436132
3.447217
3.458620
3.469631
3.480698
3.491984
3.503058
3.514182
3.525274
3.536410
3.547537
3.558686
3.569705
3.580815
3.592035
3.602985
3.614032
3.625351
3.636281
3.647264
3.658352
3.669354
3.680460
3.691543
3.702311
3.713525
3.724451
3.735426
3.746380
3.757327
3.768149
3.779207
3.790224
3.801105
3.811954
3.822809
3.833840
3.844608
3.855721
3.866354
3.877256
3.888057
3.898960
3.909865
3.920702
3.931566
3.942325
3.953200
3.963884
3.974919
3.985719
3.996478
4.007351
4.018155
4.028944
4.039897
4.050656
4.061502
4.072344
4.083160
4.094087
4.104948
4.115664
4.126546
4.137536
4.148175
4.159263
4.170109
4.180892
4.191645
4.202496
4.213477
4.224133
4.235090
4.245975
4.256907
4.267750
4.278641
4.289595
4.300329
4.311088
4.322159
4.332855
4.343826
4.354720
4.365581
4.376384
4.387134
4.398082
4.408892
4.419749
4.430565
4.441312
4.452160
4.463066
4.473768
4.484569
4.495481
4.506203
4.516887
4.527793
4.538456
4.549182
4.560081
4.570610
4.581647
4.592289
4.602991
4.613690
4.624464
4.635118
4.645838
4.656605
4.667263
4.677866
4.688666
4.699344
4.709938
4.720691
4.731336
4.742023
4.752839
4.763352
4.773988
4.784819
4.795440
4.806127
4.816813
4.827518
4.838149
4.848904
4.859702
4.870362
4.881028
4.891754
4.902402
4.913197
4.923839
4.934466
4.945237
4.956091
4.966781
4.977477
4.988215
4.998893
5.009691
5.020462
5.031076
5.041865
5.052489
5.063293
5.074028
5.084691
5.095342
5.106104
5.116803
5.127427
5.138192
5.148896
5.159514
5.170231
5.180936
5.191680
5.202256
5.212916
5.223552
5.234248
5.244920
5.255358
5.266057
5.276738
5.287189
5.297719
5.308352
5.318871
5.329454
5.339943
5.350489
5.361053
5.371396
5.381900
5.392581
5.402851
5.413394
5.423907
5.434136
5.444613
5.455255
5.465424
5.475937
5.486360
5.496658
5.506952
5.517450
5.527790
5.538123
5.548615
5.558859
5.569042
5.579700
5.589871
5.600186
5.610616
5.620835
5.631312
5.641481
5.652027
5.662178
5.672559
5.682917
5.693229
5.703526
5.713782
5.724142
5.734488
5.744752
5.755163
5.765434
5.775674
5.785975
5.796365
5.806549
5.816882
5.827141
5.837390
5.847655
5.857964
5.868172
5.878460
5.888674
5.898935
5.909256
5.919449
5.929693
5.939996
5.950015
5.960426
5.970361
5.980761
5.990806
6.001005
6.011161
6.021339
6.031433
6.041605
6.051689
6.061935
6.072026
6.082030
6.092166
6.102302
6.112230
6.122324
6.132322
6.142344
6.152422
6.162468
6.172385
6.182422
6.192420
6.202405
6.212302
6.222332
6.232315
6.242178
6.252170
6.262129
6.271971
6.281879
0.008584
0.018564
0.028478
0.038332
0.048248
0.058156
0.067963
0.077924
0.087904
0.097704
0.107585
0.117478
0.127368
0.137252
0.147046
0.156879
0.166746
0.176800
0.186621
0.196517
0.206476
0.216285
0.226184
0.236047
0.245814
0.255692
0.265774
0.275353
0.285287
0.295216
0.305014
0.314880
0.324829
0.334650
0.344490
0.354308
0.364162
0.373962
0.383870
0.393532
0.403341
0.413237
0.423106
0.432867
0.442733
0.452503
0.462214
0.472116
0.481919
0.491536
0.501426
0.511241
0.520822
0.530772
0.540405
0.550037
0.559963
0.569661
0.579305
0.588968
0.598792
0.608322
0.618266
0.627674
0.637489
0.647133
0.656760
0.666416
0.676057
0.685674
0.695373
0.704951
0.714520
0.724042
0.733809
0.743381
0.752993
0.762622
0.772132
0.781611
0.791366
0.800870
0.810508
0.820140
0.829650
0.839126
0.848723
0.858193
0.867898
0.877464
0.887042
0.896579
0.906214
0.915733
0.925299
0.934943
0.944522
0.954004
0.963834
0.973209
0.982829
0.992378
1.001986
1.011618
1.021200
1.030829
1.040449
1.050013
1.059630
1.069250
1.078871
1.088374
1.098114
1.107540
1.117190
1.126712
1.136563
1.146016
1.155606
1.165208
1.174823
1.184449
1.194021
1.203561
1.213208
1.222840
1.232404
1.241979
1.251668
1.261094
1.270888
1.280272
1.289871
1.299488
1.308929
1.318516
1.328140
1.337691
1.347183
1.356794
1.366202
1.375750
1.385332
1.394769
1.404350
1.413890
1.423327
1.432915
1.442370
1.451847
1.461347
1.470953
1.480399
1.489702
1.499409
1.508808
1.518144
1.527863
1.537151
1.546663
1.556098
1.565463
1.574961
1.584374
1.593782
1.603226
1.612714
1.622149
1.631634
1.641060
1.650464
1.659956
1.669376
1.678771
1.688445
1.697895
1.707318
1.716716
1.726331
1.735984
1.745215
1.754730
1.764333
1.773626
1.783163
1.792753
1.802146
1.811859
1.821162
1.830794
1.840181
1.849633
1.859248
1.868847
1.878132
1.887797
1.897283
1.906687
1.916083
1.925667
1.935114
1.944578
1.954145
1.963621
1.973011
1.982541
1.991973
2.001578
2.010971
2.020421
2.029873
2.039517
2.048751
2.058398
2.067773
2.077103
2.086606
2.096008
2.105395
2.114823
2.124201
2.133609
2.143046
2.152286
2.161702
2.171104
2.180545
2.189895
2.199099
2.208492
2.217875
2.227193
2.236433
2.245781
2.255084
2.264431
2.273647
2.282935
2.292328
2.301543
2.310633
2.320080
2.329374
2.338548
2.347764
2.356920
2.366234
2.375417
2.384576
2.393924
2.403101
2.412164
2.421505
2.430673
2.439785
2.449180
2.458312
2.467495
2.476765
2.485945
2.495086
2.504349
2.513466
2.522667
2.532024
2.541033
2.550318
2.559489
2.568759
2.577942
2.587008
2.596220
2.605526
2.614622
2.623799
2.633021
2.642192
2.651369
2.660495
2.669657
2.678777
2.688112
2.697179
2.706394
2.715527
2.724581
2.733850
2.742902
2.752054
2.761252
2.770360
2.779558
2.788750
2.797720
2.806852
2.815978
2.825152
2.834098
2.843266
2.852311
2.861402
2.870488
2.879486
2.888570
2.897678
2.906729
2.915798
2.924783
2.933747
2.942693
2.951813
2.960727
2.969694
2.978787
2.987673
2.996652
3.005623
3.014518
3.023569
3.032578
3.041300
3.050324
3.059102
3.068171
3.076992
3.085899
3.094761
3.103627
3.112582
3.121414
3.130291
3.139100
3.147917
3.156840
3.165573
3.174376
3.183220
3.192076
3.200927
3.209693
3.218468
3.227421
3.236250
3.245080
3.253825
3.262603
3.271409
3.280358
3.289044
3.297891
3.306678
3.315544
3.324322
3.333053
3.341903
3.350750
3.359520
3.368226
3.377131
3.385831
3.394595
3.403445
3.412208
3.420990
3.429792
3.438526
3.447313
3.456110
3.464819
3.473700
3.482394
3.491143
3.499912
3.508541
3.517421
3.526142
3.534891
3.543519
3.552223
3.560942
3.569609
3.578385
3.587094
3.595663
3.604420
3.613037
3.621786
3.630315
3.638980
3.647686
3.656225
3.664896
3.673644
3.682012
3.690893
3.699225
3.707955
3.716437
3.725168
3.733574
3.742236
3.750700
3.759290
3.767810
3.776376
3.784828
3.793418
3.801831
3.810405
3.818938
3.827306
3.835872
3.844300
3.852728
3.861173
3.869763
3.878161
3.886586
3.895005
3.903382
3.911777
3.920232
3.928657
3.937025
3.945471
3.953835
3.962224
3.970691
3.979029
3.987412
3.995909
4.004253
4.012597
4.021034
4.029291
4.037779
4.046216
4.054605
4.062928
4.071350
4.079706
4.088089
4.096523
4.104933
4.113288
4.121707
4.130066
4.138455
4.146883
4.155254
4.163643
4.172044
4.180439
4.188715
4.197184
4.205561
4.213857
4.222354
4.230818
4.239012
4.247557
4.255811
4.264257
4.272595
4.280972
4.289319
4.297633
4.306028
4.314447
4.322698
4.330973
4.339377
4.347709
4.356083
4.364427
4.372768
4.381163
4.389366
4.397848
4.406051
4.414392
4.422664
4.430984
4.439328
4.447723
4.455914
4.464214
4.472441
4.480800
4.489060
4.497299
4.505529
4.513828
4.522026
4.530310
4.538555
4.546794
4.554982
4.563224
4.571394
4.579568
4.587801
4.595956
4.604133
4.612345
4.620476
4.628664
4.636849
4.644954
4.653118
4.661306
4.669491
4.677590
4.685697
4.693829
4.701936
4.710091
4.718142
4.726279
4.734434
4.742544
4.750574
4.758792
4.766860
4.775033
4.783102
4.791212
4.799311
4.807457
4.815579
4.823654
4.831791
4.839850
4.848042
4.856101
4.864310
4.872283
4.880447
4.888542
4.896521
4.904769
4.912783
4.920936
4.929016
4.937054
4.945165
4.953272
4.961308
4.969562
4.977483
4.985662
4.993623
5.001748
5.009808
5.017894
5.026019
5.034034
5.042105
5.050131
5.058092
5.066133
5.074355
5.082327
5.090363
5.098539
5.106410
5.114493
5.122666
5.130626
5.138578
5.146631
5.154664
5.162747
5.170609
5.178824
5.186653
5.194748
5.202604
5.210627
5.218612
5.226503
5.234437
5.242409
5.250343
5.258286
5.266201
5.274018
5.281987
5.289894
5.297678
5.305548
5.313464
5.321304
5.329133
5.337064
5.344839
5.352652
5.360490
5.368328
5.376054
5.383952
5.391616
5.399417
5.407138
5.415018
5.422682
5.430568
5.438138
5.445997
5.453712
5.461391
5.469106
5.476848
5.484509
5.492215
5.499992
5.507587
5.515263
5.522948
5.530576
5.538225
5.545982
5.553618
5.561208
5.568836
5.576467
5.584109
5.591785
5.599341
5.607023
5.614690
5.622270
5.629838
5.637400
5.645103
5.652641
5.660320
5.667909
5.675495
5.683081
5.690547
5.698286
5.705776
5.713464
5.720898
5.728576
5.736120
5.743682
5.751268
5.758789
5.766410
5.773910
5.781502
5.788965
5.796545
5.804026
5.811651
5.819222
5.826568
5.834044
5.841702
5.849036
5.856595
5.864130
5.871647
5.879050
5.886568
5.894112
5.901488
5.909005
5.916429
5.923886
5.931355
5.938830
5.946144
5.953724
5.961097
5.968513
5.975961
5.983307
5.990719
5.998084
6.005481
6.012812
6.020227
6.027541
6.034896
6.042303
6.049673
6.056830
6.064251
6.071613
6.078938
6.086215
6.093478
6.100839
6.108228
6.115364
6.122600
6.129835
6.137077
6.144393
6.151643
6.158888
6.166219
6.173371
6.180564
6.187737
6.195056
6.202121
6.209360
6.216613
6.223743
6.230982
6.238104
6.245348
6.252392
6.259660
6.266740
6.273861
6.281004
0.004896
0.012056
0.019178
0.026323
0.033358
0.040633
0.047643
0.054771
0.061893
0.068981
0.076064
0.083194
0.090199
0.097366
0.104505
0.111585
0.118647
0.125804
0.132884
0.139871
0.147010
0.154195
0.161167
0.168309
0.175311
0.182400
0.189531
0.196541
0.203648
0.210704
0.217879
0.224854
0.231880
0.238944
0.246003
0.253101
0.260154
0.267167
0.274184
0.281207
0.288281
0.295396
0.302422
0.309466
0.316521
0.323523
0.330570
0.337662
0.344630
0.351668
0.358616
0.365666
0.372673
0.379702
0.386665
0.393685
0.400693
0.407703
0.414663
0.421653
0.428553
0.435525
0.442610
0.449501
0.456473
0.463526
0.470402
0.477356
0.484318
0.491260
0.498208
0.505174
0.512113
0.519019
0.526033
0.532816
0.539823
0.546729
0.553608
0.560451
0.567420
0.574269
0.581157
0.588072
0.594909
0.601794
0.608727
0.615549
0.622452
0.629223
0.636174
0.642936
0.649746
0.656607
0.663435
0.670284
0.677076
0.683892
0.690750
0.697512
0.704286
0.711105
0.717840
0.724686
0.731481
0.738246
0.745002
0.751752
0.758559
0.765367
0.772120
0.778783
0.785530
0.792331
0.799003
0.805780
0.812479
0.819263
0.826013
0.832604
0.839519
0.846200
0.852875
0.859616
0.866370
0.873108
0.879798
0.886602
0.893226
0.899931
0.906765
0.913441
0.920140
0.926896
0.933601
0.940315
0.947050
0.953794
0.960461
0.967208
0.973907
0.980657
0.987356
0.994073
1.000752
1.007499
1.014213
1.020867
1.027617
1.034314
1.040977
1.047745
1.054366
1.061158
1.067845
1.074446
1.081145
1.087973
1.094525
1.101296
1.108008
1.114602
1.121394
1.127991
1.134645
1.141461
1.148101
1.154692
1.161466
1.168057
1.174766
1.181360
1.188089
1.194812
1.201442
1.208157
1.214814
1.221405
1.228060
1.234762
1.241350
1.247980
1.254724
1.261280
1.267940
1.274693
1.281206
1.287822
1.294494
1.301109
1.307767
1.314394
1.320934
1.327559
1.334186
1.340735
1.347320
1.354026
1.360551
1.367103
1.373800
1.380259
1.386850
1.393418
1.399946
1.406546
1.413120
1.419717
1.426180
1.432792
1.439248
1.445807
1.452335
1.458834
1.465377
1.471929
1.478434
1.484917
1.491476
1.497911
1.504470
1.510992
1.517485
1.523968
1.530448
1.537004
1.543448
1.549962
1.556388
1.562866
1.569367
1.575860
1.582322
1.588824
1.595265
1.601719
1.608244
1.614677
1.621169
1.627679
1.634112
1.640649
1.647076
1.653562
1.660079
1.666475
1.672950
1.679430
1.685836
1.692421
1.698890
1.705301
1.711707
1.718271
1.724707
1.731136
1.737620
1.744049
1.750509
1.756995
1.763530
1.769893
1.776404
1.782758
1.789293
1.795740
1.802200
1.808611
1.815236
1.821467
1.828083
1.834413
1.840861
1.847296
1.853918
1.860266
1.866732
1.873170
1.879558
1.886011
1.892468
1.898984
1.905318
1.911795
1.918219
1.924678
1.931123
1.937484
1.943883
1.950340
1.956745
1.963157
1.969622
1.975977
1.982475
1.988755
1.995224
2.001509
2.007975
2.014356
2.020729
2.027105
2.033459
2.039877
2.046312
2.052598
2.059052
2.065331
2.071755
2.077954
2.084464
2.090723
2.097072
2.103423
2.109706
2.116025
2.122391
2.128683
2.134951
2.141254
2.147576
2.153928
2.160115
2.166445
2.172707
2.178963
2.185320
2.191576
2.197862
2.204085
2.210346
2.216521
2.222867
2.228997
2.235373
2.241472
2.247761
2.253978
2.260114
2.266418
2.272572
2.278824
2.284927
2.291171
2.297349
2.303434
2.309612
2.315850
2.321991
2.328139
2.334206
2.340396
2.346691
2.352650
2.358951
2.364946
2.371094
2.377218
2.383396
2.389463
2.395626
2.401705
2.407844
2.413959
2.420070
2.426119
2.432345
2.438340
2.444452
2.450454
2.456706
2.462740
2.468783
2.474991
2.480965
2.487053
2.493165
2.499184
2.505230
2.511432
2.517442
2.523518
2.529609
2.535691
2.541776
2.547864
2.553934
2.559941
2.566062
2.572045
2.578070
2.584183
2.590243
2.596301
2.602339
2.608355
2.614434
2.620402
2.626481
2.632536
2.638618
2.644547
2.650620
2.656681
2.662739
2.668650
2.674807
2.680676
2.686749
2.692756
2.698806
2.704693
2.710859
2.716701
2.722741
2.728652
2.734692
2.740699
2.746655
2.752624
2.758583
2.764545
2.770552
2.776508
2.782404
2.788385
2.794353
2.800309
2.806262
2.812173
2.818117
2.823984
2.830003
2.835896
2.841798
2.847814
2.853609
2.859556
2.865452
2.871357
2.877188
2.883111
2.888998
2.894900
2.900806
2.906624
2.912565
2.918398
2.924136
2.930026
2.935898
2.941753
2.947622
2.953380
2.959337
2.965032
2.970907
2.976654
2.982502
2.988338
2.994118
2.999948
3.005716
3.011414
3.017292
3.022997
3.028869
3.034499
3.040356
3.045997
3.051849
3.057544
3.063255
3.069013
3.074733
3.080461
3.086157
3.091873
3.097616
3.103261
3.109010
3.114709
3.120360
3.126064
3.131814
3.137425
3.143151
3.148750
3.154458
3.160123
3.165792
3.171397
3.177078
3.182750
3.188367
3.194066
3.199656
3.205334
3.210954
3.216566
3.222198
3.227900
3.233479
3.239156
3.244750
3.250451
3.256033
3.261711
3.267280
3.272931
3.278536
3.284103
3.289730
3.295323
3.300932
3.306517
3.312155
3.317719
3.323357
3.328930
3.334515
3.340135
3.345762
3.351388
3.356880
3.362489
3.368002
3.373652
3.379228
3.384741
3.390253
3.395940
3.401408
3.406989
3.412502
3.418021
3.423626
3.429157
3.434640
3.440239
3.445728
3.451256
3.456724
3.462260
3.467758
3.473277
3.478781
3.484225
3.489755
3.495172
3.500724
3.506117
3.511702
3.517061
3.522556
3.527994
3.533438
3.538876
3.544328
3.549739
3.555123
3.560678
3.565972
3.571467
3.576827
3.582256
3.587705
3.593083
3.598455
3.603896
3.609283
3.614613
3.620000
3.625405
3.630738
3.636101
3.641518
3.646815
3.652166
3.657514
3.662817
3.668147
3.673426
3.678759
3.684005
3.689332
3.694548
3.699908
3.705115
3.710496
3.715634
3.720988
3.726222
3.731474
3.736729
3.741933
3.747128
3.752384
3.757603
3.762786
3.768008
3.773182
3.778353
3.783561
3.788684
3.793948
3.799140
3.804296
3.809417
3.814597
3.819762
3.824897
3.830062
3.835084
3.840312
3.845351
3.850502
3.855640
3.860784
3.865787
3.870905
3.876061
3.881133
3.886230
3.891323
3.896380
3.901440
3.906540
3.911579
3.916646
3.921721
3.926751
3.931839
3.936902
3.941890
3.946929
3.951987
3.957014
3.962009
3.967078
3.972117
3.977112
3.982145
3.987182
3.992149
3.997174
4.002189
4.007144
4.012238
4.017103
4.022161
4.027152
4.032081
4.037114
4.042102
4.047064
4.052025
4.056999
4.061996
4.066862
4.071874
4.076797
4.081764
4.086738
4.091693
4.096580
4.101511
4.106538
4.111425
4.116314
4.121246
4.126174
4.131154
4.135987
4.140921
4.145829
4.150733
4.155629
4.160510
4.165381
4.170349
4.175205
4.180089
4.184951
4.189907
4.194727
4.199608
4.204459
4.209390
4.214217
4.219184
4.223999
4.228882
4.233670
4.238545
4.243392
4.248264
4.253055
4.257872
4.262762
4.267577
4.272442
4.277308
4.282077
4.286871
4.291790
4.296506
4.301453
4.306178
4.310995
4.315822
4.320625
4.325412
4.330197
4.334988
4.339713
4.344518
4.349357
4.354136
4.358803
4.363648
4.368358
4.373122
4.377882
4.382637
4.387386
4.392089
4.396772
4.401542
4.406339
4.410959
4.415696
4.420471
4.425136
4.429840
4.434541
4.439190
4.443922
4.448616
4.453239
4.457907
4.462635
4.467294
4.471901
4.476587
4.481192
4.485866
4.490501
4.495085
4.499780
4.504373
4.508930
4.513562
4.518245
4.522780
4.527365
4.531996
4.536577
4.541167
4.545712
4.550282
4.554823
4.559390
4.563925
4.568449
4.573012
4.577509
4.582069
4.586615
4.591166
4.595705
4.600148
4.604702
4.609214
4.613711
4.618205
4.622678
4.627148
4.631693
4.636139
4.640529
4.644999
4.649493
4.653900
4.658370
4.662834
4.667295
4.671676
4.676161
4.680541
4.684978
4.689394
4.693715
4.698194
4.702589
4.706906
4.711329
4.715724
4.720038
4.724445
4.728747
4.733176
4.737496
4.741894
4.746253
4.750568
4.754936
4.759280
4.763600
4.767951
4.772283
4.776651
4.780966
4.785256
4.789618
4.794002
4.798298
4.802510
4.806879
4.811133
4.815498
4.819830
4.824064
4.828435
4.832711
4.837004
4.841243
4.845525
4.849776
4.854087
4.858402
4.862605
4.866863
4.871117
4.875383
4.879605
4.883859
4.888125
4.892353
4.896568
4.900748
4.905008
4.909305
4.913439
4.917715
4.921900
4.926095
4.930292
4.934502
4.938672
4.942795
4.947034
4.951199
4.955363
4.959630
4.963698
4.967941
4.972018
4.976216
4.980317
4.984506
4.988580
4.992754
4.996889
5.001020
5.005164
5.009277
5.013403
5.017501
5.021594
5.025702
5.029812
5.033890
5.037922
5.042033
5.046132
5.050149
5.054185
5.058326
5.062322
5.066373
5.070379
5.074444
5.078558
5.082552
5.086555
5.090611
5.094620
5.098643
5.102667
5.106724
5.110721
5.114676
5.118717
5.122693
5.126663
5.130639
5.134608
5.138602
5.142578
5.146493
5.150457
5.154436
5.158358
5.162385
5.166318
5.170222
5.174171
5.178102
5.182024
5.185940
5.189856
5.193748
5.197630
5.201609
5.205435
5.209291
5.213249
5.217030
5.220942
5.224802
5.228648
5.232546
5.236408
5.240204
5.244042
5.247868
5.251703
5.255454
5.259280
5.263079
5.266842
5.270647
5.274452
5.278203
5.282011
5.285762
5.289582
5.293291
5.297093
5.300760
5.304509
5.308187
5.311936
5.315660
5.319330
5.323042
5.326751
5.330394
5.334080
5.337753
5.341381
5.345084
5.348808
5.352442
5.356082
5.359729
5.363327
5.366908
5.370632
5.374158
5.377798
5.381382
5.384926
5.388539
5.392125
5.395693
5.399241
5.402830
5.406330
5.409922
5.413445
5.416977
5.420513
5.424081
5.427577
5.431059
5.434624
5.438109
5.441596
5.445126
5.448589
5.452088
5.455552
5.459018
5.462509
5.466011
5.469477
5.472890
5.476380
5.479814
5.483268
5.486711
5.490135
5.493575
5.497029
5.500418
5.503818
5.507252
5.510637
5.514047
5.517471
5.520833
5.524233
5.527607
5.530969
5.534333
5.537782
5.541074
5.544445
5.547785
5.551147
5.554551
5.557858
5.561229
5.564509
5.567901
5.571215
5.574474
5.577866
5.581192
5.584523
5.587812
5.591099
5.594425
5.597691
5.600992
5.604246
5.607530
5.610813
5.614061
5.617336
5.620584
5.623840
5.627139
5.630360
5.633655
5.636834
5.640103
5.643285
5.646601
5.649735
5.652983
5.656192
5.659359
5.662546
5.665740
5.668922
5.672074
5.675294
5.678452
5.681565
5.684756
5.687869
5.691042
5.694230
5.697387
5.700473
5.703610
5.706708
5.709881
5.713018
5.716056
5.719187
5.722300
5.725391
5.728456
5.731564
5.734628
5.737690
5.740782
5.743835
5.746942
5.750046
5.753072
5.756125
5.759160
5.762234
5.765284
5.768349
5.771381
5.774413
5.777436
5.780444
5.783476
5.786526
5.789543
5.792545
5.795550
5.798519
5.801554
5.804533
5.807540
5.810494
5.813485
5.816469
5.819471
5.822431
5.825379
5.828390
5.831347
5.834265
5.837243
5.840186
5.843178
5.846154
5.849060
5.851987
5.854950
5.857856
5.860807
5.863740
5.866620
5.869562
5.872468
5.875368
5.878274
5.881177
5.884042
5.886939
5.889884
5.892715
5.895654
5.898555
5.901434
5.904325
5.907201
5.910057
5.912858
5.915731
5.918571
5.921397
5.924237
5.927074
5.929920
5.932755
5.935568
5.938408
5.941239
5.944035
5.946839
5.949643
5.952466
5.955276
5.958077
5.960861
5.963626
5.966406
5.969154
5.971982
5.974741
5.977480
5.980233
5.982996
5.985722
5.988454
5.991208
5.993946
5.996648
5.999402
6.002116
6.004816
6.007491
6.010200
6.012899
6.015602
6.018274
6.020970
6.023628
6.026279
6.028949
6.031645
6.034312
6.036940
6.039615
6.042222
6.044858
6.047503
6.050128
6.052771
6.055413
6.058026
6.060620
6.063236
6.065843
6.068443
6.071080
6.073656
6.076209
6.078839
6.081410
6.083965
6.086593
6.089143
6.091743
6.094299
6.096837
6.099350
6.101888
6.104455
6.106966
6.109579
6.112081
6.114648
6.117195
6.119690
6.122207
6.124736
6.127241
6.129772
6.132268
6.134755
6.137236
6.139794
6.142251
6.144759
6.147257
6.149756
6.152198
6.154706
6.157183
6.159622
6.162148
6.164617
6.167070
6.169563
6.172008
6.174431
6.176900
6.179333
6.181790
6.184265
6.186718
6.189157
6.191578
6.194016
6.196393
6.198853
6.201243
6.203676
6.206151
6.208532
6.210929
6.213314
6.215678
6.218129
6.220514
6.222935
6.225305
6.227731
6.230098
6.232462
6.234847
6.237205
6.239599
6.242004
6.244359
6.246747
6.249105
6.251523
6.253830
6.256182
6.258525
6.260849
6.263193
6.265542
6.267867
6.270206
6.272582
6.274871
6.277256
6.279524
6.281882
0.000989
0.003293
0.005606
0.007946
0.010232
0.012538
0.014875
0.017170
0.019426
0.021730
0.023983
0.026272
0.028567
0.030835
0.033136
0.035410
0.037681
0.039940
0.042205
0.044443
0.046706
0.048968
0.051209
0.053453
0.055703
0.057929
0.060194
0.062417
0.064670
0.066872
0.069122
0.071351
0.073580
0.075812
0.078026
0.080222
0.082463
0.084663
0.086847
0.089049
0.091248
0.093441
0.095634
0.097818
0.100005
0.102189
0.104392
0.106612
0.108787
0.110989
0.113125
0.115324
0.117454
0.119642
0.121805
0.123941
0.126110
0.128318
0.130436
0.132584
0.134712
0.136836
0.138972
0.141114
0.143244
0.145390
0.147550
0.149692
0.151816
0.153943
0.156038
0.158168
0.160274
0.162386
0.164463
0.166542
0.168642
0.170766
0.172881
0.174973
0.177079
0.179194
0.181279
0.183335
0.185414
0.187469
0.189543
0.191634
0.193710
0.195771
0.197860
0.199924
0.201991
0.204052
0.206072
0.208112
0.210173
0.212181
0.214293
0.216309
0.218350
0.220450
0.222496
0.224509
0.226511
0.228503
0.230490
0.232518
0.234540
0.236557
0.238591
0.240628
0.242654
0.244673
0.246647
0.248655
0.250629
0.252639
0.254611
0.256579
0.258611
0.260582
0.262583
0.264567
0.266529
0.268477
0.270469
0.272425
0.274358
0.276353
0.278280
0.280278
0.282219
0.284188
0.286147
0.288110
0.290051
0.292002
0.293922
0.295825
0.297742
0.299687
0.301619
0.303533
0.305466
0.307383
0.309319
0.311254
0.313169
0.315056
0.316965
0.318864
0.320767
0.322669
0.324533
0.326438
0.328347
0.330228
0.332113
0.334027
0.335894
0.337745
0.339621
0.341490
0.343300
0.345164
0.347042
0.348888
0.350775
0.352627
0.354469
0.356381
0.358191
0.360051
0.361867
0.363697
0.365525
0.367352
0.369171
0.370987
0.372799
0.374621
0.376463
0.378282
0.380092
0.381907
0.383711
0.385521
0.387285
0.389065
0.390877
0.392657
0.394446
0.396204
0.398017
0.399761
0.401552
0.403332
0.405139
0.406924
0.408695
0.410436
0.412188
0.413938
0.415652
0.417387
0.419124
0.420871
0.422615
0.424361
0.426114
0.427882
0.429619
0.431327
0.433032
0.434761
0.436465
0.438185
0.439881
0.441586
0.443299
0.445025
0.446733
0.448432
0.450139
0.451817
0.453501
0.455191
0.456845
0.458513
0.460191
0.461887
0.463565
0.465237
0.466893
0.468571
0.470252
0.471918
0.473590
0.475258
0.476864
0.478500
0.480145
0.481778
0.483399
0.485011
0.486637
0.488276
0.489915
0.491563
0.493202
0.494865
0.496473
0.498100
0.499679
0.501267
0.502867
0.504455
0.506043
0.507607
0.509201
0.510786
0.512377
0.513976
0.515585
0.517188
0.518794
0.520352
0.521913
0.523477
0.525041
0.526593
0.528157
0.529706
0.531222
0.532792
0.534323
0.535884
0.537424
0.538976
0.540551
0.542103
0.543640
0.545159
0.546666
0.548155
0.549668
0.551193
0.552697
0.554199
0.555721
0.557207
0.558735
0.560251
0.561737
0.563244
0.564784
0.566252
0.567729
0.569197
0.570671
0.572160
0.573649
0.575120
0.576582
0.578041
0.579509
0.580983
0.582424
0.583886
0.585372
0.586850
0.588300
0.589732
0.591146
0.592587
0.594037
0.595484
0.596883
0.598324
0.599760
0.601165
0.602561
0.603990
0.605413
0.606824
0.608268
0.609670
0.611073
0.612484
0.613883
0.615276
0.616675
0.618062
0.619444
0.620816
0.622185
0.623557
0.624938
0.626275
0.627674
0.629046
0.630436
0.631805
0.633151
0.634493
0.635835
0.637204
0.638540
0.639877
0.641225
0.642558
0.643909
0.645216
0.646525
0.647837
0.649200
0.650516
0.651855
0.653203
0.654536
0.655843
0.657161
0.658437
0.659714
0.660990
0.662266
0.663564
0.664849
0.666122
0.667413
0.668708
0.669984
0.671239
0.672495
0.673786
0.675071
0.676363
0.677627
0.678897
0.680162
0.681381
0.682612
0.683865
0.685057
0.686280
0.687538
0.688760
0.689980
0.691217
0.692460
0.693665
0.694893
0.696098
0.697326
0.698581
0.699813
0.701032
0.702249
0.703441
0.704607
0.705814
0.706973
0.708169
0.709334
0.710506
0.711698
0.712879
0.714020
0.715189
0.716354
0.717517
0.718700
0.719880
0.721052
0.722244
0.723428
0.724575
0.725714
0.726822
0.727955
0.729090
0.730214
0.731343
0.732467
0.733593
0.734711
0.735837
0.736925
0.738042
0.739163
0.740284
0.741410
0.742528
0.743654
0.744766
0.745889
0.746989
0.748070
0.749149
0.750245
0.751327
0.752403
0.753484
0.754563
0.755632
0.756705
0.757772
0.758850
0.759887
0.760947
0.761999
0.763069
0.764135
0.765190
0.766253
0.767317
0.768399
0.769444
0.770481
0.771490
0.772512
0.773519
0.774543
0.775571
0.776599
0.777620
0.778651
0.779661
0.780652
0.781665
0.782627
0.783654
0.784628
0.785632
0.786656
0.787702
0.788718
0.789718
0.790722
0.791720
0.792712
0.793685
0.794632
0.795582
0.796543
0.797523
0.798497
0.799459
0.800399
0.801343
0.802281
0.803198
0.804136
0.805067
0.806008
0.806943
0.807902
0.808842
0.809783
0.810739
0.811689
0.812644
0.813594
0.814508
0.815431
0.816341
0.817228
0.818106
0.818996
0.819904
0.820800
0.821683
0.822558
0.823436
0.824311
0.825180
0.826061
0.826926
0.827801
0.828673
0.829542
0.830414
0.831295
0.832158
0.833035
0.833925
0.834800
0.835657
0.836520
0.837377
0.838231
0.839096
0.839941
0.840765
0.841595
0.842398
0.843204
0.844013
0.844816
0.845601
0.846413
0.847225
0.848019
0.848801
0.849583
0.850362
0.851162
0.851956
0.852744
0.853552
0.854349
0.855161
0.855985
0.856788
0.857591
0.858394
0.859182
0.859949
0.860719
0.861453
0.862187
0.862927
0.863673
0.864425
0.865159
0.865893
0.866624
0.867367
0.868077
0.868790
0.869503
0.870216
0.870918
0.871604
0.872299
0.873009
0.873722
0.874414
0.875130
0.875861
0.876583
0.877299
0.878015
0.878728
0.879435
0.880169
0.880885
0.881593
0.882291
0.882962
0.883627
0.884286
0.884921
0.885568
0.886239
0.886893
0.887546
0.888190
0.888840
0.889469
0.890062
0.890665
0.891279
0.891896
0.892492
0.893115
0.893742
0.894362
0.894946
0.895536
0.896132
0.896738
0.897310
0.897885
0.898499
0.899122
0.899746
0.900357
0.900992
0.901621
0.902226
0.902832
0.903431
0.904012
0.904605
0.905189
0.905774
0.906319
0.906846
0.907401
0.907967
0.908485
0.908997
0.909528
0.910064
0.910582
0.911104
0.911622
0.912152
0.912662
0.913153
0.913671
0.914187
0.914675
0.915142
0.915649
0.916179
0.916664
0.917126
0.917614
0.918105
0.918585
0.919058
0.919538
0.920038
0.920529
0.921012
0.921485
0.921976
0.922480
0.922980
0.923498
0.924011
0.924505
0.924990
0.925491
0.926003
0.926467
0.926923
0.927408
0.927888
0.928325
0.928741
0.929155
0.929580
0.929994
0.930395
0.930779
0.931180
0.931567
0.931932
0.932319
0.932693
0.933056
0.933424
0.933805
0.934194
0.934545
0.934895
0.935255
0.935602
0.935944
0.936295
0.936651
0.937005
0.937355
0.937715
0.938053
0.938398
0.938730
0.939057
0.939380
0.939701
0.940007
0.940291
0.940600
0.940908
0.941211
0.941493
0.941780
0.942062
0.942353
0.942640
0.942928
0.943239
0.943560
0.943893
0.944210
0.944546
0.944899
0.945229
0.945552
0.945888
0.946223
0.946547
0.946886
0.947239
0.947584
0.947931
0.948267
0.948602
0.948935
0.949246
0.949519
0.949786
0.950067
0.950340
0.950589
0.950810
0.951053
0.951287
0.951485
0.951667
0.951844
0.952018
0.952180
0.952338
0.952500
0.952662
0.952818
0.952965
0.953111
0.953249
0.953360
0.953465
0.953576
0.953681
0.953771
0.953872
0.953986
0.954091
0.954187
0.954271
0.954358
0.954433
0.954517
0.954588
0.954657
0.954738
0.954822
0.954897
0.954972
0.955041
0.955095
0.955164
0.955227
0.955278
0.955334
0.955394
0.955466
0.955541
0.955619
0.955700
0.955772
0.955844
0.955925
0.956009
0.956071
0.956149
0.956236
0.956308
0.956383
0.956479
0.956563
0.956650
0.956728
0.956820
0.956910
0.956985
0.957060
0.957138
0.957216
0.957288
0.957342
0.957390
0.957450
0.957507
0.957549
0.957594
0.957644
0.957683
0.957707
0.957740
0.957776
0.957803
0.957827
0.957851
0.957857
0.957857
0.957857
0.957857
0.957857
0.957857
0.957857
0.957857
0.957857
0.957857
0.957857
0.957857
0.957857
0.957857
0.957857
0.957857
0.957857
0.957857
0.957857
0.957857
0.957857
0.957815
0.957773
0.957728
0.957689
0.957647
0.957594
0.957549
0.957516
0.957489
0.957453
0.957429
0.957405
0.957381
0.957342
0.957312
0.957279
0.957246
0.957219
0.957198
0.957174
0.957159
0.957147
0.957138
0.957132
0.957120
0.957108
0.957093
0.957090
0.957090
0.957090
0.957090
0.957090
0.957090
0.957090
0.957090
0.957090
0.957090
0.957090
0.957090
0.957090
0.957090
0.957090
0.957090
0.957090
0.957090
0.957090
0.957090
0.957090
0.957090
0.957090
0.957090
0.957090
0.957090
0.957090
0.957090
0.957090
0.957090
0.957090
0.957090
0.957090
0.957090
0.957090
0.957090
0.957090
0.957090
0.957090
0.957090
0.957090
0.957090
0.957090
0.957090
0.957090
0.957090
0.957090
0.957090
0.957090
0.957090
0.957090
0.957090
0.957090
0.957090
0.957090
0.957090
0.957090
0.957090
0.957090
0.957090
0.957090
0.957090
0.957090
0.957090
0.957090
0.957090
0.957090
0.957090
0.957090
0.957090
0.957090
0.957090
0.957090
0.957090
0.957090
0.957090
0.957090
0.957090
0.957090
0.957090
0.957090
0.957090
0.957090
0.957090
0.957090
0.957090
0.957090
0.957090
0.957090
0.957090
0.957090
0.957090
0.957090
0.957090
0.957090
0.957090
0.957090
0.957090
0.957090
0.957090