0.957090
0.957090
0.957090
0.957090
0.957090
0.957090
0.957090
0.957090
0.957183
0.957528
0.958055
0.958747
0.959580
0.960470
0.961512
0.962726
0.964026
0.965533
0.967220
0.969116
0.971103
0.973200
0.975495
0.978015
0.980681
0.983449
0.986386
0.989564
0.992872
0.996294
0.999904
1.003682
1.007643
1.011717
1.015951
1.020361
1.024984
1.029709
1.034610
1.039718
1.044821
1.050163
1.055789
1.061518
1.067273
1.073298
1.079608
1.086043
1.092512
1.099196
1.106132
1.113287
1.120399
1.127784
1.135394
1.143139
1.151055
1.159003
1.167195
1.175625
1.184062
1.192811
1.201751
1.210889
1.220066
1.229378
1.239109
1.248816
1.258595
1.268728
1.278950
1.289500
1.300103
1.310688
1.321518
1.332700
1.343968
1.355206
1.366807
1.378641
1.390455
1.402562
1.414663
1.427022
1.439767
1.452329
1.465284
1.478566
1.491626
1.504868
1.518428
1.532252
1.546070
1.560265
1.574308
1.588884
1.603336
1.617963
1.633087
1.648175
1.663617
1.678756
1.694767
1.710577
1.726507
1.742668
1.759018
1.775601
1.792370
1.808878
1.825548
1.842281
1.859068
1.875783
1.892480
1.909264
1.926167
1.942993
1.959801
1.976687
1.993681
2.010695
2.027596
2.044596
2.061442
2.078499
2.095358
2.112229
2.128821
2.145889
2.162524
2.179451
2.196343
2.212920
2.229695
2.246545
2.263359
2.279966
2.296777
2.313405
2.330093
2.346964
2.363415
2.380133
2.396785
2.413572
2.430131
2.446813
2.463687
2.480222
2.496781
2.513335
2.530011
2.546726
2.563357
2.579946
2.596838
2.613418
2.629935
2.646581
2.663320
2.680038
2.696672
2.713522
2.730054
2.746632
2.763448
2.779858
2.796732
2.813135
2.829910
2.846292
2.862816
2.879441
2.895952
2.912490
2.929133
2.945510
2.962018
2.978427
2.994747
3.011165
3.027730
3.044032
3.060265
3.076659
3.092934
3.109211
3.125498
3.141656
3.158062
3.174175
3.190353
3.206469
3.223070
3.239183
3.255425
3.271696
3.287893
3.304117
3.320427
3.336648
3.352907
3.369224
3.385376
3.401797
3.418015
3.434194
3.450609
3.466851
3.483029
3.499250
3.515626
3.531784
3.547975
3.564282
3.580431
3.596658
3.612971
3.629045
3.645176
3.661519
3.677560
3.693727
3.709795
3.725617
3.741820
3.757828
3.773832
3.790152
3.806055
3.822342
3.838050
3.854112
3.870192
3.885936
3.901944
3.917829
3.933795
3.949731
3.965733
3.981657
3.997644
4.013517
4.029588
4.045506
4.061400
4.077345
4.093443
4.109289
4.125336
4.141362
4.157214
4.173375
4.189478
4.205432
4.221464
4.237622
4.253747
4.269653
4.285787
4.301704
4.317943
4.334110
4.349944
4.366132
4.382331
4.398355
4.414428
4.430556
4.446546
4.462746
4.478780
4.494734
4.510746
4.526885
4.542995
4.558853
4.574996
4.590914
4.606916
4.622948
4.638881
4.654933
4.670873
4.687027
4.702613
4.719040
4.734685
4.750849
4.766749
4.782680
4.798669
4.814812
4.830793
4.846678
4.863055
4.878829
4.895181
4.911369
4.927269
4.943361
4.959623
4.975688
4.991870
5.008151
5.023991
5.040421
5.056582
5.072497
5.088658
5.105025
5.121129
5.137305
5.153525
5.169623
5.185844
5.201843
5.218051
5.234137
5.250325
5.266399
5.282541
5.298693
5.314512
5.330412
5.346432
5.362485
5.378307
5.394465
5.410189
5.426095
5.442042
5.457984
5.473714
5.489617
5.505403
5.521318
5.537126
5.552864
5.568653
5.584520
5.600354
5.616179
5.632133
5.647985
5.663655
5.679522
5.695347
5.711115
5.727048
5.742736
5.758531
5.774431
5.790172
5.805962
5.821826
5.837597
5.853371
5.869196
5.885048
5.900526
5.916648
5.932278
5.947987
5.963779
5.979379
5.995088
6.010850
6.026462
6.041955
6.057657
6.073348
6.088951
6.104546
6.120089
6.135621
6.151188
6.166656
6.182248
6.197780
6.213138
6.228606
6.244063
6.259367
6.274778
0.007002
0.022318
0.037951
0.053252
0.068517
0.083914
0.099490
0.114746
0.130023
0.145482
0.160912
0.176174
0.191544
0.206998
0.222382
0.237809
0.253056
0.268510
0.283936
0.299399
0.314754
0.330117
0.345625
0.360881
0.376242
0.391423
0.407047
0.422363
0.437817
0.453079
0.468251
0.483782
0.499038
0.514282
0.529751
0.544755
0.560310
0.575426
0.590777
0.605958
0.621008
0.636153
0.651442
0.666697
0.681914
0.696946
0.712166
0.727104
0.742474
0.757238
0.772431
0.787732
0.802667
0.817753
0.832970
0.848004
0.863053
0.878255
0.893421
0.908536
0.923744
0.938838
0.954007
0.969236
0.984058
0.999571
1.014588
1.029607
1.044973
1.060199
1.075327
1.090618
1.105913
1.120980
1.136299
1.151594
1.166622
1.181992
1.197296
1.212330
1.227844
1.242863
1.258131
1.273246
1.288532
1.303731
1.319026
1.334330
1.349307
1.364617
1.379849
1.395120
1.410040
1.425323
1.440399
1.455523
1.470836
1.485822
1.500997
1.516193
1.531347
1.546441
1.561673
1.576714
1.591933
1.606923
1.622053
1.637069
1.652397
1.667398
1.682723
1.697616
1.712917
1.728107
1.743384
1.758556
1.773908
1.789182
1.804438
1.819757
1.834842
1.850457
1.865578
1.880684
1.896039
1.911373
1.926767
1.941819
1.957162
1.972397
1.987751
2.003292
2.018389
2.033645
2.048994
2.064097
2.079413
2.094621
2.109868
2.124998
2.140239
2.155623
2.170568
2.185988
2.200822
2.216003
2.231319
2.246305
2.261405
2.276604
2.291438
2.306625
2.321617
2.336600
2.351599
2.366621
2.381490
2.396423
2.411654
2.426434
2.441645
2.456362
2.471561
2.486418
2.501632
2.516495
2.531533
2.546468
2.561391
2.576509
2.591427
2.606344
2.621441
2.636535
2.651375
2.666223
2.681569
2.696307
2.711293
2.726327
2.741221
2.756093
2.771325
2.786138
2.800974
2.815948
2.830836
2.845786
2.860811
2.875501
2.890400
2.905437
2.920049
2.934892
2.949593
2.964580
2.979051
2.994235
3.008526
3.023551
3.038178
3.052966
3.067626
3.082226
3.096769
3.111437
3.126082
3.140595
3.155174
3.169956
3.184259
3.199039
3.213756
3.228340
3.242722
3.257525
3.271978
3.286605
3.301148
3.315804
3.330455
3.345106
3.359613
3.374242
3.388713
3.403268
3.418021
3.432674
3.447190
3.462033
3.476378
3.491119
3.505455
3.520342
3.534786
3.549182
3.563821
3.578552
3.592850
3.607707
3.622082
3.636565
3.651177
3.665690
3.680254
3.694728
3.709007
3.723544
3.737811
3.752522
3.766651
3.781152
3.795464
3.810007
3.824214
3.838640
3.852820
3.867280
3.881582
3.895718
3.910243
3.924414
3.938735
3.952967
3.967186
3.981519
3.995897
4.010068
4.024300
4.038648
4.052900
4.067281
4.081563
4.095809
4.110325
4.124524
4.138875
4.153241
4.167664
4.181880
4.196249
4.210696
4.225101
4.239426
4.254037
4.268020
4.282680
4.296869
4.311445
4.325781
4.340270
4.354591
4.368900
4.383512
4.397561
4.412205
4.426487
4.441069
4.455070
4.469852
4.483940
4.498306
4.512684
4.527062
4.541338
4.555689
4.569918
4.584191
4.598542
4.612806
4.627094
4.641416
4.655659
4.669929
4.684277
4.698424
4.712646
4.726998
4.741193
4.755526
4.769659
4.783881
4.798385
4.812694
4.826910
4.841205
4.855642
4.869910
4.884264
4.898621
4.913020
4.927386
4.941809
4.956223
4.970604
4.985081
4.999303
5.013637
5.028281
5.042554
5.056983
5.071292
5.085787
5.100288
5.114655
5.128982
5.143408
5.157861
5.172173
5.186638
5.200950
5.215103
5.229616
5.244012
5.258183
5.272501
5.286796
5.301099
5.315360
5.329891
5.343790
5.358129
5.372516
5.386594
5.400853
5.415075
5.429114
5.443295
5.457451
5.471506
5.485632
5.499759
5.513819
5.527876
5.542054
5.556108
5.570118
5.584109
5.598314
5.612302
5.626573
5.640561
5.654511
5.668655
5.682671
5.696869
5.710861
5.724897
5.738754
5.752898
5.767016
5.781178
5.795259
5.809305
5.823204
5.837468
5.851295
5.865571
5.879638
5.893467
5.907486
5.921493
5.935556
5.949383
5.963389
5.977318
5.991268
6.005295
6.019137
6.033009
6.046896
6.060713
6.074687
6.088669
6.102355
6.116182
6.130087
6.143794
6.157561
6.171351
6.184972
6.198798
6.212577
6.226171
6.239760
6.253519
6.267255
6.280758
0.011154
0.025110
0.038478
0.052260
0.065802
0.079261
0.093180
0.106606
0.120313
0.133954
0.147403
0.161260
0.174907
0.188518
0.202192
0.215791
0.229243
0.242992
0.256699
0.270325
0.283915
0.297628
0.311182
0.324925
0.338464
0.351983
0.365660
0.379313
0.393035
0.406709
0.420164
0.433820
0.447386
0.460946
0.474644
0.488091
0.501690
0.515151
0.528837
0.542235
0.555735
0.569362
0.582778
0.596149
0.609679
0.623114
0.636563
0.649967
0.663345
0.676776
0.690204
0.703555
0.716971
0.730531
0.743786
0.757064
0.770478
0.783834
0.797191
0.810469
0.823933
0.837176
0.850374
0.863793
0.877266
0.890623
0.904045
0.917210
0.930857
0.944048
0.957333
0.970857
0.984228
0.997636
1.011070
1.024355
1.037795
1.051361
1.064622
1.078191
1.091658
1.105029
1.118497
1.131928
1.145329
1.158794
1.172294
1.185752
1.199112
1.212720
1.226013
1.239447
1.252933
1.266325
1.279786
1.293260
1.306634
1.320029
1.333530
1.346940
1.360272
1.373773
1.387306
1.400363
1.414124
1.427327
1.440615
1.454037
1.467456
1.480729
1.494124
1.507394
1.520753
1.534170
1.547418
1.560739
1.574170
1.587484
1.600730
1.614119
1.627452
1.640808
1.654236
1.667611
1.680946
1.694476
1.707668
1.721150
1.734567
1.748025
1.761328
1.774834
1.788301
1.801756
1.815083
1.828712
1.842092
1.855694
1.868952
1.882386
1.895916
1.909324
1.922848
1.936297
1.949839
1.963226
1.976753
1.990244
2.003736
2.017245
2.030613
2.044203
2.057631
2.070898
2.084392
2.097842
2.111120
2.124503
2.137950
2.151243
2.164606
2.178022
2.191301
2.204639
2.218133
2.231415
2.244654
2.257957
2.271238
2.284373
2.297669
2.310873
2.324074
2.337331
2.350457
2.363765
2.376990
2.390206
2.403233
2.416484
2.429607
2.442832
2.456104
2.469173
2.482326
2.495547
2.508709
2.521897
2.535134
2.548233
2.561511
2.574937
2.587760
2.600957
2.614218
2.627281
2.640688
2.653727
2.666850
2.680011
2.693320
2.706490
2.719544
2.732715
2.745894
2.758978
2.772311
2.785284
2.798409
2.811526
2.824565
2.837610
2.850762
2.863858
2.876885
2.889918
2.902903
2.916139
2.928894
2.941926
2.955034
2.967974
2.981037
2.994028
3.006722
3.019797
3.032479
3.045707
3.058281
3.071335
3.084197
3.097032
3.109762
3.122703
3.135373
3.148328
3.161082
3.173797
3.186611
3.199461
3.212195
3.225090
3.237787
3.250550
3.263427
3.276170
3.288903
3.301729
3.314594
3.327225
3.340234
3.353081
3.365740
3.378632
3.391419
3.404164
3.417011
3.429756
3.442513
3.455426
3.468247
3.480893
3.493659
3.506566
3.519264
3.532012
3.544805
3.557595
3.570373
3.583107
3.595696
3.608459
3.621411
3.633770
3.646853
3.659203
3.672110
3.684472
3.697391
3.709906
3.722561
3.735294
3.747746
3.760362
3.772985
3.785532
3.798079
3.810684
3.823276
3.835602
3.848353
3.860727
3.873209
3.885747
3.898274
3.910674
3.923198
3.935503
3.948065
3.960664
3.973028
3.985378
3.998099
4.010410
4.022903
4.035442
4.047884
4.060402
4.073051
4.085395
4.097847
4.110436
4.122864
4.135394
4.147797
4.160366
4.172868
4.185479
4.197981
4.210472
4.223145
4.235707
4.248105
4.260755
4.273146
4.285697
4.298280
4.310690
4.323252
4.335773
4.348347
4.360888
4.373439
4.385969
4.398510
4.410995
4.423617
4.436015
4.448679
4.461026
4.473498
4.486040
4.498414
4.511030
4.523458
4.535850
4.548211
4.560911
4.573225
4.585605
4.598212
4.610469
4.622771
4.635348
4.647569
4.660161
4.672374
4.684801
4.697280
4.709567
4.721791
4.734275
4.746628
4.759061
4.771429
4.783791
4.796213
4.808553
4.821050
4.833274
4.845968
4.858327
4.870760
4.883122
4.895661
4.908050
4.920591
4.932986
4.945350
4.957895
4.970298
4.982813
4.995306
5.007737
5.020303
5.032748
5.045137
5.057645
5.070280
5.082593
5.095156
5.107599
5.120020
5.132415
5.144936
5.157321
5.169767
5.182225
5.194730
5.207158
5.219573
5.231938
5.244291
5.256610
5.269137
5.281319
5.293657
5.306165
5.318383
5.330871
5.343029
5.355388
5.367815
5.379976
5.392287
5.404484
5.416630
5.428770
5.441045
5.453293
5.465487
5.477720
5.489799
5.501961
5.514137
5.526196
5.538390
5.550527
5.562568
5.574843
5.586809
5.599075
5.611089
5.623367
5.635462
5.647476
5.659718
5.671759
5.683857
5.696018
5.708164
5.720304
5.732354
5.744392
5.756571
5.768742
5.780816
5.792743
5.805093
5.817032
5.829028
5.841153
5.853272
5.865343
5.877301
5.889557
5.901458
5.913544
5.925399
5.937515
5.949718
5.961433
5.973540
5.985602
5.997694
6.009454
6.021603
6.033416
6.045337
6.057240
6.069225
6.080999
6.093140
6.104728
6.116802
6.128487
6.140202
6.152027
6.163918
6.175702
6.187485
6.199374
6.211022
6.222884
6.234793
6.246232
6.258141
6.269805
6.281472
0.009980
0.021721
0.033364
0.045037
0.056769
0.068439
0.080109
0.091844
0.103457
0.115195
0.126988
0.138547
0.150162
0.161949
0.173577
0.185249
0.196973
0.208627
0.220213
0.231988
0.243528
0.255420
0.267024
0.278666
0.290210
0.302023
0.313648
0.325336
0.336981
0.348828
0.360345
0.372023
0.383642
0.395300
0.407041
0.418552
0.430273
0.441843
0.453318
0.465087
0.476676
0.488261
0.499832
0.511442
0.522977
0.534463
0.546064
0.557791
0.569296
0.580827
0.592284
0.603768
0.615216
0.626853
0.638241
0.649698
0.661089
0.672809
0.684039
0.695516
0.706943
0.718520
0.729890
0.741212
0.752657
0.764039
0.775436
0.786830
0.798194
0.809636
0.821102
0.832403
0.843671
0.855281
0.866543
0.877859
0.889460
0.900893
0.912035
0.923573
0.934961
0.946466
0.957866
0.969353
0.980567
0.992300
1.003583
1.014914
1.026323
1.037876
1.049261
1.060814
1.072088
1.083638
1.095109
1.106584
1.117975
1.129489
1.140994
1.152301
1.163914
1.175263
1.186639
1.198500
1.209577
1.221121
1.232694
1.244043
1.255533
1.266939
1.278354
1.289763
1.301430
1.312638
1.324056
1.335432
1.346973
1.358274
1.369722
1.381059
1.392360
1.403967
1.415307
1.426590
1.438038
1.449372
1.460805
1.472211
1.483452
1.494795
1.506228
1.517571
1.528920
1.540282
1.551520
1.562932
1.574290
1.585483
1.596826
1.608247
1.619566
1.630876
1.642204
1.653505
1.664822
1.676434
1.687654
1.698974
1.710362
1.721690
1.733075
1.744511
1.755896
1.767332
1.778774
1.790060
1.801568
1.812869
1.824269
1.835750
1.847132
1.858487
1.869941
1.881430
1.892771
1.904308
1.915693
1.927054
1.938466
1.949917
1.961269
1.972651
1.984141
1.995394
2.006800
2.018323
2.029675
2.041048
2.052511
2.063803
2.075167
2.086609
2.097889
2.109254
2.120522
2.131922
2.143235
2.154566
2.165846
2.177168
2.188376
2.199698
2.210958
2.222145
2.233461
2.244744
2.255979
2.267092
2.278480
2.289553
2.300773
2.311895
2.323073
2.334116
2.345433
2.356455
2.367762
2.378785
2.389951
2.401073
2.412191
2.423333
2.434397
2.445555
2.456781
2.467813
2.478970
2.490208
2.501323
2.512421
2.523581
2.534580
2.545599
2.556954
2.567842
2.579029
2.590127
2.601275
2.612312
2.623559
2.634585
2.645736
2.656900
2.668042
2.679088
2.690237
2.701340
2.712327
2.723457
2.734498
2.745532
2.756614
2.767796
2.778839
2.789832
2.800887
2.811907
2.822875
2.834113
2.845058
2.856119
2.866947
2.878173
2.888905
2.900057
2.910989
2.921907
2.932851
2.943844
2.954708
2.965616
2.976606
2.987568
2.998246
3.009410
3.020019
3.030861
3.041962
3.052625
3.063485
3.074424
3.085090
3.095963
3.106820
3.117504
3.128272
3.139064
3.149871
3.160642
3.171373
3.182066
3.192990
3.203608
3.214283
3.225102
3.235843
3.246500
3.257154
3.268101
3.278839
3.289496
3.300282
3.310951
3.321754
3.332582
3.343200
3.353998
3.364754
3.375423
3.386167
3.396827
3.407678
3.418323
3.429001
3.439862
3.450489
3.461257
3.471908
3.482682
3.493447
3.504025
3.514734
3.525459
3.536287
3.546878
3.557412
3.568276
3.578846
3.589464
3.600007
3.610688
3.621399
3.632002
3.642617
3.653424
3.663757
3.674384
3.684937
3.695477
3.706047
3.716662
3.727076
3.737619
3.748201
3.758669
3.769081
3.779762
3.790149
3.800554
3.811094
3.821575
3.832019
3.842451
3.852961
3.863148
3.873724
3.884216
3.894436
3.904865
3.915318
3.925613
3.936111
3.946450
3.956772
3.967234
3.977543
3.987823
3.998222
4.008546
4.018949
4.029408
4.039592
4.050126
4.060504
4.070978
4.081180
4.091774
4.101996
4.112414
4.122876
4.133146
4.143534
4.153966
4.164314
4.174708
4.185125
4.195488
4.205909
4.216269
4.226683
4.237092
4.247410
4.257917
4.268254
4.278743
4.289046
4.299448
4.309905
4.320247
4.330551
4.341076
4.351352
4.361695
4.372109
4.382475
4.392859
4.403256
4.413520
4.423812
4.434277
4.444607
4.455004
4.465382
4.475688
4.486163
4.496235
4.506584
4.517049
4.527368
4.537572
4.547887
4.558191
4.568422
4.578657
4.589053
4.599243
4.609546
4.619748
4.629971
4.640055
4.650341
4.660653
4.670828
4.681080
4.691204
4.701462
4.711622
4.721787
4.731992
4.742334
4.752303
4.762732
4.772936
4.783033
4.793241
4.803508
4.813722
4.823848
4.834083
4.844299
4.854558
4.864801
4.875099
4.885211
4.895619
4.905634
4.915956
4.926236
4.936428
4.946597
4.956870
4.967209
4.977450
4.987681
4.997949
5.008211
5.018433
5.028623
5.038863
5.049125
5.059267
5.069579
5.079933
5.090081
5.100267
5.110541
5.120733
5.130962
5.141253
5.151368
5.161648
5.171924
5.181925
5.192105
5.202433
5.212449
5.222575
5.232675
5.242775
5.253159
5.263190
5.273221
5.283344
5.293510
5.303517
5.313578
5.323716
5.333780
5.343796
5.353908
5.363710
5.373810
5.383913
5.393860
5.403870
5.413841
5.423802
5.433753
5.443756
5.453640
5.463497
5.473501
5.483349
5.493206
5.503144
5.512989
5.522810
5.532634
5.542614
5.552420
5.562313
5.572125
5.581991
5.591863
5.601729
5.611589
5.621428
5.631408
5.641061
5.650916
5.660743
5.670582
5.680346
5.690128
5.700063
5.709806
5.719738
5.729463
5.739434
5.749207
5.758912
5.768795
5.778542
5.788324
5.798142
5.807915
5.817700
5.827476
5.837228
5.847002
5.856841
5.866530
5.876273
5.886142
5.895765
5.905490
5.915234
5.924920
5.934648
5.944361
5.953940
5.963704
5.973483
5.983068
5.992715
6.002485
6.012123
6.021675
6.031337
6.040978
6.050581
6.060276
6.069797
6.079397
6.089236
6.098571
6.108203
6.117722
6.127255
6.136780
6.146466
6.155691
6.165377
6.174860
6.184402
6.193873
6.203269
6.212754
6.222188
6.231704
6.241127
6.250630
6.260047
6.269392
6.278850
0.005081
0.014402
0.023882
0.033322
0.042580
0.052119
0.061365
0.070875
0.080264
0.089654
0.098888
0.108451
0.117778
0.127153
0.136548
0.145908
0.155298
0.164840
0.174050
0.183407
0.192748
0.202243
0.211531
0.220926
0.230304
0.239756
0.249089
0.258401
0.267785
0.277225
0.286564
0.295885
0.305295
0.314691
0.323928
0.333389
0.342668
0.351989
0.361339
0.370654
0.380080
0.389442
0.398748
0.408045
0.417444
0.426725
0.436148
0.445364
0.454553
0.463840
0.473170
0.482551
0.491737
0.501165
0.510189
0.519531
0.528849
0.538101
0.547299
0.556568
0.565859
0.574967
0.584399
0.593396
0.602762
0.611861
0.621062
0.630226
0.639379
0.648517
0.657715
0.666898
0.676060
0.685204
0.694339
0.703489
0.712549
0.721744
0.730804
0.739909
0.749092
0.758083
0.767179
0.776329
0.785410
0.794473
0.803677
0.812554
0.821662
0.830881
0.839792
0.848906
0.858085
0.867026
0.876194
0.885308
0.894296
0.903356
0.912515
0.921473
0.930776
0.939785
0.948776
0.957809
0.967064
0.976028
0.985124
0.994316
1.003304
1.012505
1.021559
1.030607
1.039665
1.048883
1.057902
1.067039
1.076022
1.085160
1.094417
1.103418
1.112448
1.121439
1.130559
1.139613
1.148712
1.157970
1.166994
1.176138
1.185204
1.194288
1.203309
1.212438
1.221528
1.230489
1.239759
1.248559
1.257619
1.266888
1.275760
1.285033
1.293997
1.303102
1.312090
1.321195
1.330159
1.339282
1.348261
1.357243
1.366366
1.375310
1.384370
1.393355
1.402421
1.411331
1.420295
1.429278
1.438227
1.447359
1.456209
1.465242
1.474200
1.483219
1.492129
1.500916
1.510018
1.518932
1.527848
1.536830
1.545686
1.554576
1.563756
1.572450
1.581447
1.590420
1.599310
1.608349
1.617298
1.626193
1.635218
1.644191
1.653095
1.662041
1.671089
1.679937
1.688904
1.697880
1.706721
1.715725
1.724752
1.733683
1.742632
1.751620
1.760641
1.769546
1.778609
1.787471
1.796507
1.805492
1.814424
1.823406
1.832400
1.841340
1.850307
1.859299
1.868266
1.877263
1.886257
1.895176
1.904266
1.913144
1.922063
1.931054
1.940114
1.948961
1.957989
1.966914
1.975959
1.984926
1.993684
2.002759
2.011690
2.020651
2.029537
2.038505
2.047409
2.056364
2.065191
2.074161
2.083041
2.091924
2.100835
2.109751
2.118553
2.127481
2.136410
2.145146
2.154042
2.162853
2.171769
2.180581
2.189320
2.198239
2.207036
2.215805
2.224587
2.233563
2.242195
2.251048
2.259778
2.268527
2.277350
2.286075
2.294677
2.303476
2.312320
2.321003
2.329784
2.338401
2.347084
2.355814
2.364557
2.373200
2.381934
2.390673
2.399344
2.407876
2.416742
2.425296
2.433984
2.442727
2.451346
2.460047
2.468684
2.477319
2.485984
2.494630
2.503265
2.511950
2.520639
2.529259
2.537935
2.546618
2.555288
2.563881
2.572699
2.581303
2.589893
2.598590
2.607297
2.615881
2.624602
2.633249
2.641835
2.650497
2.659048
2.667742
2.676410
2.684919
2.693604
2.702215
2.710859
2.719430
2.728035
2.736652
2.745188
2.753852
2.762331
2.770939
2.779549
2.788022
2.796678
2.805285
2.813887
2.822465
2.830959
2.839494
2.848081
2.856530
2.865126
2.873563
2.882134
2.890556
2.899062
2.907598
2.916082
2.924474
2.932986
2.941627
2.949899
2.958555
2.966800
2.975359
2.983706
2.992158
3.000604
3.009023
3.017430
3.025768
3.034229
3.042558
3.050905
3.059369
3.067740
3.076042
3.084332
3.092697
3.101131
3.109274
3.117738
3.126004
3.134204
3.142551
3.150886
3.159120
3.167431
3.175754
3.184008
3.192337
3.200666
3.208905
3.217111
3.225446
3.233718
3.241972
3.250335
3.258538
3.266813
3.275085
3.283324
3.291596
3.299886
3.308021
3.316395
3.324637
3.332873
3.341127
3.349396
3.357587
3.365880
3.374108
3.382377
3.390622
3.399005
3.407136
3.415348
3.423579
3.431743
3.439964
3.448200
3.456412
3.464622
3.472786
3.481025
3.489222
3.497464
3.505658
3.513811
3.522095
3.530136
3.538435
3.546411
3.554593
3.562739
3.570913
3.579062
3.587151
3.595276
3.603408
3.611515
3.619721
3.627661
3.635747
3.643941
3.651911
3.660093
3.668200
3.676242
3.684352
3.692232
3.700396
3.708288
3.716476
3.724323
3.732370
3.740402
3.748288
3.756279
3.764326
3.772233
3.780235
3.788162
3.796210
3.803946
3.812050
3.819879
3.827761
3.835740
3.843536
3.851496
3.859412
3.867202
3.875150
3.883054
3.890828
3.898678
3.906615
3.914401
3.922248
3.930113
3.937914
3.945848
3.953626
3.961404
3.969265
3.977088
3.984884
3.992682
4.000586
4.008337
4.016160
4.024054
4.031919
4.039667
4.047531
4.055312
4.063119
4.070999
4.078702
4.086459
4.094300
4.102066
4.109855
4.117801
4.125459
4.133263
4.141101
4.148771
4.156702
4.164551
4.172248
4.180083
4.187938
4.195635
4.203344
4.211161
4.219040
4.226740
4.234659
4.242365
4.250101
4.258040
4.265677
4.273479
4.281232
4.288986
4.296812
4.304533
4.312260
4.320058
4.327830
4.335521
4.343257
4.351121
4.358791
4.366584
4.374245
4.381972
4.389693
4.397498
4.405110
4.412780
4.420525
4.428318
4.435967
4.443727
4.451352
4.459040
4.466733
4.474382
4.482046
4.489749
4.497335
4.505008
4.512669
4.520297
4.527919
4.535577
4.543166
4.550926
4.558527
4.566056
4.573609
4.581249
4.588808
4.596400
4.604001
4.611686
4.619164
4.626753
4.634240
4.641841
4.649385
4.656917
4.664596
4.672014
4.679513
4.687042
4.694551
4.702092
4.709558
4.717102
4.724520
4.732052
4.739584
4.747062
4.754552
4.762073
4.769518
4.777002
4.784492
4.792003
4.799487
4.806995
4.814432
4.821940
4.829388
4.836977
4.844368
4.851909
4.859343
4.866817
4.874317
4.881762
4.889240
4.896739
4.904196
4.911669
4.919075
4.926658
4.934091
4.941605
4.949039
4.956433
4.963923
4.971416
4.978858
4.986268
4.993731
5.001143
5.008606
5.016105
5.023437
5.030903
5.038306
5.045718
5.053175
5.060608
5.068027
5.075406
5.082819
5.090234
5.097640
5.104920
5.112392
5.119769
5.127130
5.134398
5.141945
5.149124
5.156569
5.163960
5.171340
5.178605
5.185919
5.193232
5.200599
5.207994
5.215256
5.222653
5.229853
5.237172
5.244443
5.251745
5.258935
5.266120
5.273544
5.280621
5.287971
5.295221
5.302393
5.309536
5.316885
5.323941
5.331218
5.338325
5.345504
5.352757
5.359816
5.367072
5.374101
5.381300
5.388440
5.395469
5.402662
5.409745
5.416861
5.423907
5.430948
5.438028
5.445242
5.452202
5.459267
5.466248
5.473375
5.480320
5.487406
5.494417
5.501431
5.508528
5.515419
5.522487
5.529435
5.536397
5.543333
5.550452
5.557397
5.564330
5.571337
5.578330
5.585242
5.592220
5.599075
5.606038
5.613084
5.620008
5.626953
5.633934
5.640864
5.647824
5.654775
5.661665
5.668568
5.675498
5.682392
5.689328
5.696183
5.703092
5.710103
5.716939
5.723836
5.730626
5.737588
5.744450
5.751280
5.758084
5.765069
5.771831
5.778799
5.785588
5.792533
5.799334
5.806105
5.813014
5.819830
5.826661
5.833507
5.840261
5.847148
5.853994
5.860765
5.867581
5.874388
5.881126
5.887939
5.894762
5.901547
5.908295
5.915099
5.921810
5.928551
5.935391
5.942156
5.948904
5.955638
5.962323
5.969064
5.975841
5.982561
5.989233
5.995944
6.002635
6.009316
6.016066
6.022789
6.029377
6.036008
6.042581
6.049289
6.056027
6.062645
6.069252
6.075912
6.082452
6.089026
6.095662
6.102227
6.108818
6.115361
6.122009
6.128547
6.135153
6.141682
6.148222
6.154801
6.161339
6.167909
6.174443
6.180885
6.187452
6.194029
6.200416
6.206921
6.213440
6.219960
6.226440
6.233010
6.239398
6.245887
6.252356
6.258801
6.265257
6.271701
6.278185
0.001363
0.007760
0.014171
0.020622
0.027216
0.033496
0.040018
0.046343
0.052892
0.059229
0.065623
0.071974
0.078395
0.084794
0.091215
0.097570
0.103993
0.110372
0.116795
0.123171
0.129528
0.135964
0.142319
0.148745
0.155013
0.161547
0.167884
0.174206
0.180620
0.186936
0.193371
0.199693
0.206033
0.212387
0.218784
0.225109
0.231499
0.237854
0.244173
0.250503
0.256918
0.263242
0.269618
0.275955
0.282339
0.288583
0.294980
0.301229
0.307581
0.313876
0.320162
0.326522
0.332832
0.339121
0.345439
0.351833
0.358062
0.364389
0.370741
0.376997
0.383282
0.389595
0.395917
0.402074
0.408479
0.414690
0.420943
0.427238
0.433478
0.439743
0.445981
0.452252
0.458513
0.464835
0.471001
0.477293
0.483534
0.489726
0.495928
0.502076
0.508263
0.514546
0.520819
0.526958
0.533199
0.539401
0.545636
0.551811
0.557959
0.564160
0.570335
0.576513
0.582661
0.588806
0.595026
0.601078
0.607250
0.613455
0.619521
0.625636
0.631784
0.637890
0.644005
0.650174
0.656229
0.662347
0.668471
0.674538
0.680632
0.686747
0.692799
0.698875
0.704975
0.711066
0.717100
0.723194
0.729237
0.735310
0.741416
0.747399
0.753433
0.759527
0.765513
0.771541
0.777623
0.783639
0.789647
0.795699
0.801682
0.807680
0.813711
0.819748
0.825656
0.831798
0.837739
0.843740
0.849720
0.855817
0.861717
0.867763
0.873761
0.879762
0.885787
0.891734
0.897705
0.903709
0.909791
0.915703
0.921758
0.927669
0.933730
0.939698
0.945627
0.951640
0.957617
0.963643
0.969548
0.975630
0.981541
0.987491
0.993489
0.999439
1.005405
1.011385
1.017290
1.023363
1.029277
1.035221
1.041139
1.047164
1.053126
1.059085
1.065101
1.070976
1.077004
1.082877
1.088881
1.094777
1.100721
1.106677
1.112645
1.118631
1.124489
1.130391
1.136353
1.142270
1.148203
1.154165
1.160058
1.165972
1.171919
1.177819
1.183730
1.189707
1.195564
1.201473
1.207351
1.213277
1.219248
1.225084
1.231014
1.236880
1.242788
1.248678
1.254584
1.260426
1.266268
1.272185
1.278046
1.283891
1.289805
1.295722
1.301520
1.307413
1.313264
1.319044
1.324898
1.330911
1.336652
1.342521
1.348366
1.354169
1.360006
1.365875
1.371672
1.377527
1.383324
1.389166
1.395015
1.400749
1.406561
1.412368
1.418153
1.423909
1.429760
1.435536
1.441340
1.447104
1.452917
1.458645
1.464397
1.470234
1.475947
1.481706
1.487521
1.493234
1.498975
1.504781
1.510459
1.516229
1.521925
1.527653
1.533349
1.539119
1.544868
1.550606
1.556274
1.561967
1.567746
1.573385
1.579122
1.584848
1.590540
1.596209
1.601976
1.607567
1.613337
1.619096
1.624725
1.630424
1.636116
1.641842
1.647537
1.653203
1.658853
1.664651
1.670250
1.676060
1.681602
1.687340
1.692973
1.698740
1.704370
1.710098
1.715853
1.721456
1.727214
1.732841
1.738560
1.744169
1.749886
1.755578
1.761253
1.766951
1.772596
1.778315
1.783912
1.789598
1.795195
1.800947
1.806640
1.812240
1.817947
1.823580
1.829215
1.834890
1.840576
1.846176
1.851814
1.857444
1.863181
1.868742
1.874357
1.880001
1.885658
1.891266
1.896869
1.902538
1.908182
1.913755
1.919366
1.925014
1.930623
1.936318
1.941870
1.947389
1.953009
1.958726
1.964188
1.969865
1.975399
1.980965
1.986559
1.992282
1.997794
2.003340
2.008945
2.014497
2.020100
2.025702
2.031194
2.036815
2.042372
2.047984
2.053521
2.059049
2.064615
2.070113
2.075686
2.081223
2.086708
2.092335
2.097746
2.103264
2.108813
2.114302
2.119845
2.125318
2.130783
2.136320
2.141779
2.147213
2.152735
2.158203
2.163626
2.169055
2.174567
2.179996
2.185461
2.190917
2.196286
2.201772
2.207210
2.212582
2.218046
2.223463
2.228955
2.234204
2.239711
2.245074
2.250464
2.255821
2.261208
2.266562
2.271966
2.277323
2.282614
2.288016
2.293499
2.298742
2.304102
2.309402
2.314813
2.320167
2.325503
2.330779
2.336259
2.341400
2.346787
2.352063
2.357381
2.362696
2.368050
2.373308
2.378641
2.383974
2.389232
2.394565
2.399856
2.405129
2.410384
2.415690
2.420906
2.426308
2.431557
2.436767
2.442094
2.447412
2.452665
2.457881
2.463187
2.468448
2.473697
2.478976
2.484216
2.489420
2.494777
2.499966
2.505266
2.510491
2.515740
2.520957
2.526245
2.531422
2.536737
2.541965
2.547163
2.552397
2.557643
2.562833
2.568049
2.573295
2.578475
2.583724
2.588949
2.594210
2.599345
2.604544
2.609796
2.614952
2.620138
2.625312
2.630525
2.635709
2.640898
2.646090
2.651261
2.656453
2.661628
2.666841
2.672021
2.677225
2.682339
2.687465
2.692637
2.697814
2.702943
2.708099
2.713315
2.718349
2.723565
2.728661
2.733889
2.738902
2.744163
2.749226
2.754349
2.759488
2.764584
2.769710
2.774816
2.779942
2.785011
2.790137
2.795201
2.800216
2.805450
2.810483
2.815586
2.820658
2.825686
2.830758
2.835836
2.840920
2.846026
2.851035
2.856050
2.861114
2.866153
2.871124
2.876250
2.881217
2.886305
2.891260
2.896315
2.901315
2.906327
2.911412
2.916361
2.921365
2.926362
2.931356
2.936348
2.941378
2.946250
2.951217
2.956257
2.961179
2.966129
2.971102
2.976111
2.981007
2.985948
2.990909
2.995850
3.000778
3.005718
3.010635
3.015531
3.020399
3.025376
3.030226
3.035191
3.040002
3.044928
3.049907
3.054740
3.059615
3.064507
3.069373
3.074268
3.079116
3.083970
3.088838
3.093686
3.098557
3.103441
3.108235
3.113085
3.117894
3.122747
3.127538
3.132353
3.137156
3.141964
3.146866
3.151635
3.156426
3.161274
3.166055
3.170831
3.175691
3.180418
3.185215
3.190084
3.194743
3.199521
3.204393
3.209109
3.213870
3.218705
3.223406
3.228292
3.233074
3.237742
3.242512
3.247407
3.252024
3.256848
3.261633
3.266346
3.271142
3.275861
3.280577
3.285352
3.290086
3.294838
3.299560
3.304279
3.309054
3.313725
3.318423
3.323217
3.327932
3.332639
3.337313
3.342092
3.346721
3.351541
3.356140
3.360829
3.365491
3.370246
3.374932
3.379635
3.384372
3.388950
3.393714
3.398340
3.403026
3.407687
3.412391
3.417041
3.421655
3.426389
3.430988
3.435637
3.440317
3.444949
3.449587
3.454219
3.458785
3.463492
3.468142
3.472720
3.477349
3.481990
3.486556
3.491188
3.495748
3.500322
3.504960
3.509550
3.514044
3.518619
3.523221
3.527736
3.532335
3.536895
3.541446
3.545961
3.550524
3.555078
3.559578
3.564142
3.568662
3.573184
3.577684
3.582184
3.586648
3.591148
3.595642
3.600142
3.604624
3.609073
3.613552
3.618011
3.622460
3.626876
3.631367
3.635798
3.640223
3.644613
3.649044
3.653469
3.657891
3.662304
3.666631
3.671065
3.675421
3.679831
3.684277
3.688616
3.692963
3.697334
3.701663
3.706044
3.710418
3.714708
3.719049
3.723370
3.727750
3.731962
3.736379
3.740606
3.744923
3.749244
3.753498
3.757788
3.762088
3.766342
3.770639
3.774911
3.779109
3.783402
3.787677
3.791899
3.796129
3.800377
3.804617
3.808880
3.813039
3.817302
3.821530
3.825730
3.829913
3.834074
3.838385
3.842517
3.846699
3.850858
3.855098
3.859244
3.863415
3.867549
3.871708
3.875875
3.879998
3.884147
3.888270
3.892410
3.896560
3.900733
3.904784
3.908859
3.913038
3.917158
3.921265
3.925292
3.929412
3.933501
3.937657
3.941638
3.945719
3.949845
3.953910
3.957967
3.962114
3.966146
3.970200
3.974281
3.978352
3.982352
3.986423
3.990483
3.994480
3.998588
4.002587
4.006635
4.010715
4.014658
4.018697
4.022838
4.026804
4.030801
4.034903
4.038852
4.042944
4.046917
4.050896
4.054842
4.058955
4.062877
4.066835
4.070835
4.074822
4.078792
4.082783
4.086696
4.090695
4.094689
4.098641
4.102587
4.106575
4.110517
4.114505
4.118445
4.122382
4.126307
4.130273
4.134240
4.138156
4.142107
4.146027
4.149957
4.153879
4.157798
4.161675
4.165600
4.169483
4.173378
4.177314
4.181158
4.185002
4.188915
4.192786
4.196663
4.200525
4.204375
4.208242
4.212125
4.215912
4.219828
4.223681
4.227567
4.231381
4.235198
4.239051
4.242877
4.246700
4.250526
4.254337
4.258229
4.261947
4.265785
4.269611
4.273383
4.277182
4.280993
4.284771
4.288576
4.292375
4.296123
4.299928
4.303724
4.307517
4.311229
4.314977
4.318797
4.322503
4.326299
4.330053
4.333724
4.337490
4.341210
4.344941
4.348674
4.352392
4.356101
4.359843
4.363570
4.367243
4.370955
4.374652
4.378362
4.382056
4.385711
4.389387
4.393093
4.396811
4.400419
4.404074
4.407768
4.411375
4.415159
4.418727
4.422386
4.426038
4.429654
4.433312
4.436904
4.440545
4.444158
4.447753
4.451343
4.454962
4.458548
4.462099
4.465744
4.469250
4.472884
4.476381
4.479982
4.483511
4.487068
4.490636
4.494171
4.497697
4.501188
4.504687
4.508307
4.511821
4.515278
4.518757
4.522316
4.525771
4.529225
4.532784
4.536221
4.539672
4.543142
4.546578
4.550030
4.553505
4.556870
4.560309
4.563743
4.567146
4.570549
4.573962
4.577336
4.580784
4.584182
4.587573
4.590887
4.594353
4.597718
4.601091
4.604495
4.607857
4.611185
4.614544
4.617876
4.621294
4.624629
4.627996
4.631322
4.634656
4.637943
4.641320
4.644639
4.647974
4.651293
4.654565
4.657852
4.661153
4.664440
4.667721
4.671004
4.674267
4.677509
4.680813
4.684055
4.687309
4.690554
4.693796
4.697064
4.700297
4.703506
4.706765
4.709977
4.713195
4.716392
4.719669
4.722845
4.726021
4.729245
4.732415
4.735635
4.738859
4.742041
4.745205
4.748414
4.751589
4.754750
4.757977
4.761111
4.764266
4.767447
4.770557
4.773685
4.776855
4.779983
4.783165
4.786290
4.789402
4.792561
4.795671
4.798771
4.801875
4.805015
4.808131
4.811208
4.814333
4.817410
4.820496
4.823585
4.826653
4.829744
4.832812
4.835875
4.838901
4.841986
4.844997
4.848063
4.851089
4.854156
4.857185
4.860218
4.863202
4.866224
4.869266
4.872264
4.875255
4.878251
4.881217
4.884261
4.887221
4.890178
4.893147
4.896140
4.899064
4.902009
4.904999
4.907950
4.910913
4.913877
4.916774
4.919740
4.922646
4.925550
4.928476
4.931386
4.934283
4.937174
4.940128
4.942986
4.945914
4.948802
4.951630
4.954524
4.957451
4.960262
4.963171
4.966029
4.968896
4.971701
4.974580
4.977384
4.980225
4.983100
4.985944
4.988733
4.991570
4.994393
4.997203
5.000055
5.002836
5.005667
5.008492
5.011258
5.014068
5.016854
5.019640
5.022418
5.025219
5.027973
5.030753
5.033503
5.036260
5.039064
5.041817
5.044600
5.047303
5.050038
5.052798
5.055515
5.058263
5.060953
5.063701
5.066382
5.069043
5.071799
5.074477
5.077186
5.079882
5.082593
5.085254
5.087939
5.090650
5.093352
5.096016
5.098719
5.101370
5.104024
5.106682
5.109334
5.111979
5.114594
5.117189
5.119838
5.122471
5.125087
5.127717
5.130288
5.132904
5.135495
5.138095
5.140642
5.143234
5.145813
5.148381
5.150943
5.153519
5.156093
5.158601
5.161174
5.163685
5.166225
5.168763
5.171265
5.173832
5.176370
5.178854
5.181371
5.183876
5.186353
5.188855
5.191339
5.193801
5.196249
5.198742
5.201192
5.203613
5.206067
5.208500
5.210927
5.213384
5.215771
5.218147
5.220571
5.222974
5.225398
5.227798
5.230179
5.232582
5.234967
5.237304
5.239671
5.242035
5.244401
5.246763
5.249084
5.251457
5.253731
5.256122
5.258396
5.260748
5.263061
5.265356
5.267666
5.269982
5.272268
5.274539
5.276816
5.279105
5.281349
5.283668
5.285882
5.288159
5.290415
5.292644
5.294885
5.297141
5.299403
5.301602
5.303828
5.306046
5.308245
5.310420
5.312625
5.314827
5.316999
5.319168
5.321350
5.323534
5.325679
5.327845
5.329984
5.332156
5.334290
5.336452
5.338586
5.340725
5.342867
5.344979
5.347092
5.349204
5.351292
5.353368
5.355468
5.357539
5.359618
5.361688
5.363773
5.365838
5.367905
5.369934
5.372004
5.374044
5.376072
5.378077
5.380135
5.382139
5.384180
5.386184
5.388186
5.390175
5.392191
5.394163
5.396170
5.398135
5.400107
5.402075
5.404088
5.406051
5.408028
5.410006
5.411932
5.413874
5.415815
5.417762
5.419635
5.421579
5.423518
5.425459
5.427350
5.429231
5.431155
5.433031
5.434909
5.436811
5.438717
5.440533
5.442417
5.444332
5.446150
5.448008
5.449847
5.451675
5.453490
5.455345
5.457158
5.459009
5.460831
5.462635
5.464432
5.466257
5.468078
5.469864
5.471646
5.473444
5.475188
5.476971
5.478759
5.480521
5.482280
5.484035
5.485752
5.487508
5.489257
5.490977
5.492694
5.494413
5.496161
5.497856
5.499582
5.501319
5.502997
5.504735
5.506404
5.508118
5.509744
5.511437
5.513100
5.514787
5.516468
5.518125
5.519733
5.521402
5.523041
5.524689
5.526333
5.527964
5.529590
5.531202
5.532772
5.534417
5.535999
5.537590
5.539217
5.540787
5.542387
5.543951
5.545527
5.547102
5.548666
5.550275
5.551800
5.553343
5.554913
5.556435
5.558002
5.559551
5.561079
5.562628
5.564144
5.565660
5.567161
5.568704
5.570184
5.571739
5.573243
5.574717
5.576194
5.577701
5.579187
5.580667
5.582153
5.583627
5.585077
5.586527
5.587963
5.589416
5.590878
5.592325
5.593784
5.595234
5.596657
5.598086
5.599518
5.600950
5.602374
5.603800
5.605202
5.606595
5.607997
5.609384
5.610759
5.612159
5.613519
5.614921
5.616260
5.617632
5.619005
5.620377
5.621725
5.623076
5.624424
5.625749
5.627097
5.628442
5.629751
5.631067
5.632376
5.633664
5.634964
5.636289
5.637568
5.638859
5.640151
5.641433
5.642713
5.644012
5.645286
5.646568
5.647853
5.649103
5.650331
5.651548
5.652773
5.654016
5.655257
5.656488
5.657717
5.658942
5.660141
5.661333
5.662555
5.663751
5.664985
5.666193
5.667391
5.668583
5.669788
5.670968
5.672140
5.673338
5.674465
5.675609
5.676775
5.677895
5.679021
5.680151
5.681287
5.682410
5.683534
5.684648
5.685757
5.686883
5.688025
5.689148
5.690275
5.691381
5.692510
5.693588
5.694667
5.695743
5.696800
5.697834
5.698888
5.699955
5.700992
5.702040
5.703080
5.704111
5.705153
5.706187
5.707179
5.708185
5.709210
5.710210
5.711220
5.712257
5.713303
5.714336
5.715358
5.716343
5.717314
5.718285
5.719255
5.720208
5.721185
5.722132
5.723094
5.724041
5.724969
5.725898
5.726827
5.727737
5.728645
5.729565
5.730458
5.731366
5.732285
5.733196
5.734128
5.735054
5.735947
5.736851
5.737759
5.738670
5.739533
5.740390
5.741238
5.742085
5.742945
5.743757
5.744576
5.745411
5.746250
5.747080
5.747886
5.748686
5.749522
5.750328
5.751107
5.751883
5.752674
5.753458
5.754252
5.755037
5.755826
5.756601
5.757395
5.758180
5.758962
5.759750
5.760511
5.761261
5.762033
5.762764
5.763468
5.764199
5.764925
5.765623
5.766326
5.767010
5.767684
5.768358
5.769032
5.769718
5.770380
5.771042
5.771717
5.772379
5.773023
5.773676
5.774314
5.774955
5.775590
5.776249
5.776867
5.777484
5.778113
5.778724
5.779350
5.779980
5.780594
5.781223
5.781855
5.782487
5.783102
5.783731
5.784342
5.784929
5.785513
5.786086
5.786634
5.787182
5.787727
5.788261
5.788764
5.789261
5.789771
5.790280
5.790783
5.791269
5.791751
5.792224
5.792710
5.793207
5.793693
5.794184
5.794675
5.795146
5.795616
5.796062
5.796497
5.796940
5.797381
5.797830
5.798259
5.798672
5.799098
5.799514
5.799933
5.800362
5.800766
5.801198
5.801623
5.802054
5.802486
5.802908
5.803334
5.803768
5.804200
5.804640
5.805078
5.805494
5.805929
5.806360
5.806767
5.807175
5.807585
5.807981
5.808370
5.808745
5.809089
5.809413
5.809745
5.810054
5.810345
5.810638
5.810926
5.811204
5.811462
5.811708
5.811935
5.812169
5.812397
5.812616
5.812810
5.813011
5.813200
5.813383
5.813557
5.813721
5.813871
5.814021
5.814171
5.814318
5.814446
5.814584
5.814722
5.814860
5.814989
5.815120
5.815240
5.815357
5.815471
5.815576
5.815669
5.815764
5.815855
5.815938
5.816013
5.816079
5.816130
5.816175
5.816229
5.816286
5.816322
5.816358
5.816391
5.816418
5.816436
5.816453
5.816457
5.816457
5.816457
5.816457
5.816457
5.816457
5.816457
5.816457
5.816457
5.816457
5.816457
5.816457
5.816457
5.816457
5.816457
5.816457
5.816457
5.816457
5.816457
5.816457
5.816457
5.816457
5.816457
5.816457
5.816457
5.816457
5.816457
5.816457
5.816457
5.816457
5.816457
5.816457
5.816457
5.816457
5.816457
5.816457
5.816457
5.816457
5.816457
5.816457
5.816457
5.816457
5.816457
5.816457
5.816457
5.816457
5.816457
5.816457
5.816457
5.816457
5.816457
5.816457
5.816457
5.816457
5.816457
5.816457
5.816457
5.816457
5.816457
5.816457
5.816457
5.816457
5.816457
5.816457
5.816457
5.816457
5.816457
5.816457
5.816457
5.816457
5.816457
5.816457
5.816457
5.816457
5.816457
5.816457
5.816457
5.816457
5.816457
5.816457
5.816457
5.816457
5.816457
5.816457
5.816457
5.816457
5.816457
5.816457
5.816457
5.816457
5.816457
5.816457
5.816457
5.816457
5.816457
5.816457
5.816457
5.816457
5.816457
5.816457