3.385540
3.385540
3.385540
3.385540
3.385540
3.385540
3.385540
3.385540
3.385717
3.386248
3.386913
3.387677
3.388599
3.389732
3.391056
3.392638
3.394427
3.396353
3.398370
3.400488
3.402717
3.405066
3.407547
3.410180
3.413038
3.416109
3.419366
3.422796
3.426548
3.430344
3.434319
3.438502
3.442777
3.447148
3.451735
3.456400
3.461296
3.466371
3.471623
3.477145
3.482766
3.488548
3.494576
3.500769
3.506956
3.513463
3.520168
3.526891
3.533878
3.541084
3.548403
3.555896
3.563596
3.571452
3.579316
3.587600
3.595825
3.604310
3.612923
3.621630
3.630507
3.639762
3.649089
3.658580
3.668359
3.678015
3.688154
3.698245
3.708539
3.719034
3.729640
3.740292
3.751374
3.762414
3.773770
3.784927
3.796818
3.808314
3.820379
3.832459
3.844587
3.857060
3.869733
3.882517
3.895221
3.908119
3.921331
3.934745
3.948392
3.961946
3.975958
3.989947
4.004202
4.018733
4.033081
4.048059
4.063236
4.078232
4.093568
4.109019
4.124689
4.140484
4.156560
4.172859
4.189149
4.205678
4.222486
4.239273
4.256398
4.273323
4.290478
4.307712
4.324615
4.341942
4.359043
4.375989
4.393444
4.410587
4.427746
4.445027
4.462137
4.479449
4.496721
4.514128
4.531328
4.548379
4.565720
4.582819
4.599971
4.617489
4.634351
4.651617
4.668718
4.685787
4.702978
4.720223
4.737427
4.754475
4.771594
4.788992
4.806231
4.823252
4.840641
4.857883
4.875027
4.892138
4.909916
4.926838
4.943909
4.961310
4.978828
4.995897
5.013187
5.030561
5.047929
5.065114
5.082543
5.099803
5.117018
5.134539
5.151707
5.169135
5.186141
5.203517
5.220682
5.238164
5.255298
5.272265
5.289864
5.306792
5.323986
5.341201
5.358201
5.375422
5.392455
5.409445
5.426706
5.443588
5.460441
5.477312
5.494659
5.511518
5.528365
5.545308
5.562556
5.579112
5.596364
5.613147
5.630222
5.647069
5.663960
5.680951
5.698110
5.714830
5.731755
5.748830
5.765916
5.782625
5.799652
5.816633
5.833429
5.850525
5.867383
5.884185
5.901263
5.917966
5.934867
5.951818
5.968638
5.985497
6.002281
6.019014
6.036067
6.052792
6.069500
6.086252
6.103086
6.119639
6.136303
6.153055
6.169587
6.186422
6.203065
6.219486
6.236153
6.252623
6.269119
0.002451
0.018980
0.035309
0.052218
0.068774
0.085064
0.101548
0.117871
0.134433
0.150956
0.167402
0.184012
0.200637
0.217172
0.233543
0.250141
0.266664
0.283085
0.299713
0.316174
0.332655
0.349160
0.365839
0.382018
0.398973
0.415259
0.431756
0.448240
0.464727
0.481086
0.497465
0.513941
0.530350
0.546711
0.563414
0.579563
0.595972
0.612370
0.628579
0.644805
0.661134
0.677444
0.693551
0.709871
0.726079
0.742402
0.758697
0.774948
0.790968
0.807042
0.823286
0.839549
0.856066
0.871894
0.888217
0.904689
0.920844
0.937106
0.953426
0.969713
0.985897
1.002328
1.018605
1.034790
1.051232
1.067588
1.083910
1.100146
1.116555
1.132926
1.149341
1.165622
1.182268
1.198551
1.214646
1.231029
1.247495
1.263961
1.280137
1.296816
1.313019
1.329443
1.345936
1.361944
1.378471
1.394997
1.411247
1.427273
1.443653
1.460050
1.476528
1.492617
1.509096
1.525217
1.541456
1.558042
1.574290
1.590441
1.606719
1.623018
1.639253
1.655621
1.671946
1.688427
1.704705
1.721102
1.737536
1.754020
1.770331
1.787067
1.803200
1.819661
1.836292
1.852569
1.869192
1.885664
1.902259
1.918731
1.935144
1.951460
1.968295
1.984567
2.001165
2.017586
2.034154
2.050537
2.066928
2.083476
2.099792
2.116240
2.132779
2.149218
2.165498
2.182174
2.198278
2.214550
2.231052
2.247324
2.263547
2.279867
2.296106
2.312245
2.328538
2.344846
2.360973
2.377191
2.393238
2.409686
2.425940
2.442019
2.458384
2.474479
2.490633
2.506866
2.523225
2.539301
2.555612
2.571896
2.588026
2.604280
2.620408
2.636730
2.652819
2.668986
2.685341
2.701517
2.717884
2.733943
2.750107
2.766597
2.782449
2.798760
2.814948
2.830986
2.847272
2.863367
2.879375
2.895446
2.911639
2.927692
2.943724
2.959708
2.975674
2.991580
3.007579
3.023446
3.039394
3.055531
3.071371
3.087139
3.102998
3.118954
3.134552
3.150734
3.166313
3.181929
3.197895
3.213531
3.229608
3.245328
3.261156
3.276990
3.292786
3.308602
3.324502
3.340237
3.356041
3.371965
3.387872
3.403703
3.419489
3.435257
3.451064
3.467105
3.482751
3.498561
3.514431
3.530187
3.546033
3.561969
3.577696
3.593449
3.609397
3.625057
3.640814
3.656627
3.672197
3.687974
3.703761
3.719397
3.735070
3.750769
3.766507
3.781964
3.797603
3.813293
3.828927
3.844479
3.859954
3.875441
3.891152
3.906591
3.922131
3.937705
3.952982
3.968726
3.984329
3.999663
4.015321
4.031098
4.046411
4.061954
4.077534
4.093251
4.108830
4.124656
4.140100
4.155829
4.171547
4.187034
4.202727
4.218618
4.233916
4.249744
4.265752
4.281232
4.296917
4.312811
4.328331
4.343805
4.359837
4.375422
4.391056
4.406830
4.422467
4.438064
4.453955
4.469522
4.484964
4.500807
4.516681
4.531937
4.547926
4.563491
4.578978
4.594761
4.610244
4.625854
4.641556
4.657085
4.672733
4.688301
4.703883
4.719403
4.734940
4.750493
4.766507
4.781816
4.797534
4.813314
4.828966
4.844686
4.860155
4.876055
4.891787
4.907477
4.923120
4.939055
4.954593
4.970541
4.986259
5.002141
5.017969
5.033587
5.049430
5.065310
5.081114
5.096795
5.112794
5.128778
5.144085
5.160224
5.175921
5.191581
5.207391
5.223312
5.238865
5.254711
5.270306
5.286095
5.301794
5.317433
5.333067
5.348883
5.364397
5.379878
5.395541
5.411057
5.426991
5.442282
5.457769
5.473600
5.488994
5.504609
5.519853
5.535726
5.551006
5.566504
5.581932
5.597571
5.613108
5.628694
5.644192
5.659440
5.675271
5.690452
5.706220
5.721667
5.736974
5.752725
5.768214
5.783701
5.799023
5.814638
5.830328
5.845611
5.861436
5.876821
5.892053
5.907650
5.923266
5.938606
5.954134
5.969492
5.984901
6.000561
6.015718
6.031061
6.046497
6.061825
6.077156
6.092531
6.107799
6.123145
6.138476
6.153675
6.169126
6.184270
6.199337
6.214609
6.229849
6.244935
6.260125
6.275165
0.007104
0.022189
0.037361
0.052413
0.067660
0.082904
0.097719
0.113185
0.128156
0.143152
0.158357
0.173600
0.188623
0.203720
0.218940
0.234130
0.249107
0.264369
0.279364
0.294554
0.309963
0.324838
0.340112
0.355221
0.370244
0.385410
0.400615
0.415676
0.430899
0.445897
0.460949
0.476175
0.491132
0.506106
0.521203
0.536396
0.551113
0.566273
0.581328
0.596248
0.611106
0.626379
0.641249
0.656115
0.671111
0.686067
0.700837
0.715794
0.730627
0.745491
0.760429
0.775304
0.790096
0.805013
0.819877
0.834716
0.849720
0.864407
0.879378
0.894257
0.909105
0.923966
0.939066
0.953803
0.968745
0.983758
0.998598
1.013566
1.028591
1.043487
1.058570
1.073622
1.088566
1.103615
1.118584
1.133537
1.148733
1.163611
1.178544
1.193587
1.208690
1.223532
1.238579
1.253763
1.268599
1.283672
1.298844
1.313618
1.328670
1.343656
1.358652
1.373728
1.388576
1.403553
1.418525
1.433688
1.448548
1.463517
1.478290
1.493426
1.508233
1.523282
1.538136
1.552919
1.568124
1.582903
1.597752
1.612903
1.627778
1.642750
1.657907
1.672710
1.687744
1.702863
1.717666
1.732610
1.748067
1.762724
1.777785
1.793212
1.808135
1.823289
1.838320
1.853447
1.868676
1.883657
1.898769
1.913818
1.929140
1.944018
1.959331
1.974503
1.989504
2.004673
2.019696
2.034870
2.050093
2.065143
2.080207
2.095427
2.110383
2.125414
2.140440
2.155498
2.170565
2.185497
2.200651
2.215275
2.230642
2.245304
2.260489
2.275331
2.290221
2.305052
2.320053
2.334890
2.349714
2.364634
2.379453
2.394307
2.409201
2.423986
2.438862
2.453713
2.468448
2.483548
2.498294
2.513275
2.527874
2.542699
2.557823
2.572411
2.587742
2.602291
2.617223
2.632089
2.646992
2.661780
2.676800
2.691516
2.706356
2.721255
2.736238
2.750859
2.765794
2.780598
2.795371
2.810457
2.825014
2.839890
2.854726
2.869422
2.884219
2.899032
2.913548
2.928402
2.943263
2.957539
2.972444
2.987008
3.001872
3.016208
3.030900
3.045452
3.060136
3.074778
3.089356
3.103797
3.118379
3.132691
3.147321
3.161855
3.176299
3.190650
3.205211
3.219655
3.234126
3.248669
3.263164
3.277679
3.292294
3.306702
3.321236
3.335716
3.350229
3.364634
3.379201
3.393633
3.408415
3.422632
3.437360
3.451744
3.466263
3.480803
3.495247
3.509766
3.524294
3.538813
3.553269
3.567734
3.582259
3.596493
3.611218
3.625396
3.639951
3.654356
3.668740
3.683199
3.697439
3.711895
3.726201
3.740510
3.754918
3.769243
3.783600
3.797870
3.812110
3.826443
3.840582
3.855124
3.868972
3.883443
3.897650
3.911864
3.926014
3.940245
3.954285
3.968594
3.982903
3.997063
4.011243
4.025543
4.039742
4.053940
4.068255
4.082459
4.096741
4.111053
4.125162
4.139711
4.153655
4.168110
4.182518
4.196546
4.210987
4.225101
4.239494
4.254014
4.268296
4.282712
4.296851
4.311334
4.325670
4.339973
4.354166
4.368774
4.382952
4.397347
4.411660
4.425942
4.440266
4.454785
4.468905
4.483358
4.497722
4.511938
4.526232
4.540490
4.554847
4.569019
4.583385
4.597610
4.611847
4.626246
4.640385
4.654703
4.668997
4.682962
4.697418
4.711646
4.725770
4.740013
4.754403
4.768655
4.782913
4.797258
4.811576
4.825778
4.840024
4.854411
4.868618
4.883018
4.897180
4.911612
4.926164
4.940446
4.954710
4.969157
4.983556
4.997946
5.012381
5.026777
5.041170
5.055647
5.069956
5.084433
5.098898
5.113219
5.127604
5.142071
5.156428
5.170831
5.185158
5.199488
5.214061
5.228259
5.242823
5.257006
5.271372
5.285798
5.300047
5.314279
5.328492
5.342735
5.357095
5.371414
5.385399
5.399879
5.414014
5.428087
5.442330
5.456550
5.470691
5.484889
5.498836
5.513091
5.527379
5.541131
5.555317
5.569639
5.583573
5.597622
5.611817
5.625844
5.639830
5.654205
5.668176
5.682329
5.696609
5.710426
5.724870
5.738886
5.752997
5.767037
5.781238
5.795287
5.809407
5.823503
5.837591
5.851702
5.865802
5.879769
5.893926
5.908130
5.922128
5.936146
5.950212
5.964183
5.978259
5.992328
6.006248
6.020260
6.034408
6.048232
6.062130
6.076218
6.090135
6.103955
6.117965
6.131687
6.145595
6.159499
6.173362
6.187212
6.200875
6.214929
6.228468
6.242223
6.256107
6.269907
0.000437
0.014168
0.027821
0.041750
0.055376
0.069179
0.082823
0.096575
0.110345
0.124022
0.137612
0.151538
0.165215
0.178951
0.192733
0.206443
0.220273
0.233887
0.247660
0.261601
0.275287
0.289203
0.302623
0.316512
0.330378
0.343974
0.358044
0.371514
0.385302
0.398988
0.412686
0.426411
0.440037
0.453777
0.467487
0.481274
0.494972
0.508554
0.522386
0.535716
0.549623
0.563304
0.576723
0.590280
0.603990
0.617607
0.631308
0.644886
0.658419
0.671830
0.685564
0.698944
0.712540
0.725971
0.739418
0.752915
0.766457
0.779888
0.793419
0.806913
0.820362
0.833853
0.847431
0.860854
0.874225
0.887962
0.901399
0.914876
0.928517
0.941906
0.955550
0.969053
0.982629
0.996120
1.009704
1.023327
1.036791
1.050501
1.064040
1.077631
1.091074
1.104892
1.118230
1.132219
1.145581
1.159138
1.172833
1.186390
1.199971
1.213732
1.227265
1.240960
1.254500
1.268045
1.281698
1.295450
1.309058
1.322627
1.336118
1.349897
1.363427
1.376901
1.390440
1.403991
1.417575
1.431192
1.444695
1.458306
1.471744
1.485181
1.498789
1.512463
1.526062
1.539467
1.553015
1.566452
1.580081
1.593545
1.607052
1.620615
1.634178
1.647702
1.661349
1.674691
1.688532
1.702075
1.715611
1.729117
1.742749
1.756321
1.770001
1.783627
1.797373
1.811005
1.824700
1.838431
1.851985
1.865620
1.879276
1.892833
1.906789
1.920262
1.933969
1.947697
1.961329
1.975129
1.988758
2.002474
2.016130
2.029777
2.043367
2.057125
2.070718
2.084344
2.097898
2.111486
2.125031
2.138786
2.152574
2.165948
2.179559
2.193284
2.206814
2.220186
2.233797
2.247255
2.260830
2.274342
2.287720
2.301172
2.314681
2.328169
2.341376
2.355182
2.368248
2.382005
2.395284
2.408700
2.422033
2.435653
2.449153
2.462330
2.475869
2.489192
2.502711
2.516154
2.529555
2.542828
2.556508
2.569723
2.583397
2.596583
2.610062
2.623476
2.636955
2.650473
2.663898
2.677267
2.690740
2.704072
2.717603
2.730890
2.744444
2.757834
2.771070
2.784544
2.798005
2.811241
2.824607
2.838017
2.851470
2.864763
2.878018
2.891293
2.904605
2.918009
2.931114
2.944476
2.957793
2.970991
2.984195
2.997476
3.010539
3.023860
3.037078
3.050183
3.063477
3.076542
3.089527
3.102668
3.116087
3.128898
3.142039
3.155144
3.168291
3.181273
3.194458
3.207338
3.220419
3.233632
3.246655
3.259712
3.272829
3.285928
3.298907
3.312113
3.325056
3.338137
3.351266
3.364299
3.377430
3.390601
3.403646
3.416729
3.429819
3.442939
3.455912
3.469017
3.482040
3.495178
3.508301
3.521106
3.534271
3.547375
3.560459
3.573408
3.586498
3.599462
3.612447
3.625621
3.638519
3.651464
3.664455
3.677332
3.690278
3.703314
3.716188
3.729239
3.742143
3.755005
3.767939
3.780732
3.793732
3.806465
3.819277
3.832118
3.844968
3.857797
3.870539
3.883353
3.896218
3.909053
3.921520
3.934466
3.947169
3.959962
3.972795
3.985498
3.998297
4.011138
4.023751
4.036784
4.049467
4.062395
4.075089
4.087876
4.100612
4.113474
4.126339
4.139093
4.151965
4.165028
4.177647
4.190431
4.203440
4.216173
4.229167
4.242038
4.254969
4.267717
4.280594
4.293424
4.306151
4.319262
4.331992
4.344995
4.357794
4.370614
4.383518
4.396419
4.409230
4.422173
4.434939
4.447870
4.460672
4.473367
4.486298
4.499270
4.512028
4.524779
4.537746
4.550434
4.563413
4.576131
4.588892
4.601712
4.614523
4.627142
4.639941
4.652864
4.665465
4.678429
4.691147
4.703739
4.716479
4.729302
4.742095
4.754771
4.767678
4.780457
4.793178
4.805989
4.818728
4.831665
4.844425
4.857275
4.870218
4.883002
4.895741
4.908652
4.921586
4.934415
4.947244
4.960151
4.972917
4.985731
4.998815
5.011623
5.024458
5.037440
5.050395
5.063087
5.076047
5.089014
5.101703
5.114735
5.127501
5.140382
5.153289
5.166211
5.179043
5.191965
5.204719
5.217575
5.230551
5.243263
5.256065
5.268915
5.281667
5.294523
5.307238
5.320112
5.332714
5.345491
5.358162
5.370907
5.383677
5.396349
5.408963
5.421729
5.434330
5.447088
5.459638
5.472159
5.484799
5.497611
5.509972
5.522513
5.535181
5.547773
5.560438
5.572931
5.585377
5.598161
5.610703
5.623232
5.635809
5.648534
5.661009
5.673581
5.686287
5.698754
5.711346
5.723945
5.736387
5.749357
5.761713
5.774248
5.786805
5.799514
5.811948
5.824705
5.837219
5.849539
5.862386
5.874844
5.887364
5.899903
5.912420
5.924929
5.937431
5.949925
5.962370
5.974843
5.987370
5.999998
6.012393
6.024668
6.037284
6.049517
6.062238
6.074534
6.086848
6.099276
6.111607
6.123927
6.136361
6.148629
6.160946
6.173197
6.185682
6.197720
6.210210
6.222443
6.234652
6.246978
6.259262
6.271411
0.000342
0.012817
0.024831
0.037166
0.049231
0.061512
0.073757
0.085825
0.098121
0.110465
0.122518
0.134676
0.147103
0.159204
0.171437
0.183586
0.195675
0.208001
0.220399
0.232488
0.244715
0.257044
0.269028
0.281252
0.293772
0.305712
0.317930
0.330096
0.342590
0.354634
0.366813
0.379073
0.391261
0.403416
0.415619
0.427762
0.440043
0.452150
0.464248
0.476433
0.488540
0.500758
0.512922
0.525032
0.537040
0.549183
0.561218
0.573409
0.585474
0.597557
0.609554
0.621763
0.633798
0.645779
0.657922
0.669849
0.681881
0.693749
0.705853
0.717759
0.729845
0.741785
0.753646
0.765750
0.777767
0.789712
0.801652
0.813627
0.825578
0.837586
0.849448
0.861465
0.873407
0.885436
0.897406
0.909342
0.921242
0.933293
0.945226
0.957273
0.969269
0.981517
0.993399
1.005351
1.017431
1.029481
1.041447
1.053518
1.065520
1.077565
1.089681
1.101683
1.113787
1.125993
1.137995
1.149889
1.162065
1.174029
1.186187
1.198084
1.210164
1.222283
1.234444
1.246518
1.258377
1.270711
1.282570
1.294632
1.306631
1.318816
1.330755
1.342871
1.354721
1.366831
1.378941
1.390835
1.402939
1.415091
1.426776
1.438976
1.450939
1.462929
1.474863
1.486802
1.498810
1.510683
1.522820
1.534706
1.546636
1.558722
1.570584
1.582610
1.594552
1.606449
1.618326
1.630352
1.642510
1.654404
1.666496
1.678358
1.690402
1.702467
1.714427
1.726456
1.738599
1.750443
1.762652
1.774837
1.786698
1.798856
1.810810
1.822834
1.835165
1.847108
1.859158
1.871235
1.883477
1.895323
1.907499
1.919618
1.931653
1.943673
1.955799
1.967978
1.980061
1.992234
2.004278
2.016346
2.028342
2.040644
2.052610
2.064609
2.076674
2.088763
2.100763
2.112747
2.124830
2.136814
2.148813
2.160840
2.172794
2.184784
2.196697
2.208543
2.220677
2.232616
2.244544
2.256510
2.268434
2.280310
2.292184
2.304039
2.315871
2.327852
2.339647
2.351362
2.363397
2.375258
2.387126
2.398730
2.410815
2.422554
2.434404
2.446358
2.458019
2.469880
2.481885
2.493585
2.505374
2.517277
2.529079
2.541009
2.552814
2.564633
2.576479
2.588383
2.600184
2.612025
2.623940
2.635801
2.647651
2.659458
2.671251
2.683088
2.694952
2.706733
2.718588
2.730450
2.742227
2.753942
2.766082
2.777713
2.789508
2.801259
2.813024
2.824793
2.836594
2.848324
2.860137
2.871861
2.883521
2.895236
2.906933
2.918851
2.930332
2.942184
2.953737
2.965493
2.977178
2.988707
3.000445
3.012127
3.023599
3.035206
3.046935
3.058446
3.069942
3.081549
3.093075
3.104693
3.116159
3.127742
3.139259
3.150716
3.162226
3.173737
3.185251
3.196699
3.208213
3.219913
3.231202
3.242703
3.254232
3.265707
3.277371
3.288792
3.300186
3.311679
3.323241
3.334599
3.346241
3.357848
3.369230
3.380711
3.392458
3.403744
3.415201
3.426772
3.438145
3.449908
3.461275
3.472615
3.484186
3.495693
3.507141
3.518473
3.530067
3.541656
3.552879
3.564471
3.575889
3.587271
3.598764
3.610152
3.621597
3.633003
3.644247
3.655740
3.667230
3.678606
3.689871
3.701271
3.712563
3.723993
3.735366
3.746607
3.757923
3.769216
3.780580
3.791743
3.803098
3.814255
3.825589
3.836696
3.847970
3.859187
3.870551
3.881550
3.892980
3.903987
3.915249
3.926445
3.937609
3.948736
3.959908
3.971126
3.982298
3.993482
4.004724
4.015857
4.027161
4.038486
4.049565
4.060729
4.072069
4.083184
4.094383
4.105649
4.116815
4.128065
4.139303
4.150485
4.161744
4.173027
4.184283
4.195402
4.206691
4.217992
4.229236
4.240435
4.251688
4.262990
4.274210
4.285481
4.296707
4.308155
4.319190
4.330554
4.341816
4.352997
4.364187
4.375497
4.386724
4.398037
4.409338
4.420480
4.431736
4.442998
4.454102
4.465307
4.476611
4.487778
4.498974
4.510203
4.521453
4.532706
4.543678
4.554910
4.566017
4.577381
4.588520
4.599644
4.610865
4.621923
4.633057
4.644244
4.655287
4.666453
4.677629
4.688750
4.699800
4.710999
4.722153
4.733223
4.744318
4.755499
4.766579
4.777709
4.788911
4.799997
4.811121
4.822299
4.833421
4.844569
4.855681
4.866833
4.878188
4.889204
4.900364
4.911663
4.922835
4.933935
4.945165
4.956313
4.967614
4.978762
4.989992
5.001221
5.012390
5.023623
5.034753
5.046024
5.057193
5.068383
5.079618
5.090788
5.102041
5.113207
5.124338
5.135531
5.146856
5.157890
5.169090
5.180331
5.191366
5.202610
5.213731
5.224816
5.236031
5.247278
5.258309
5.269389
5.280534
5.291544
5.302606
5.313793
5.324774
5.335853
5.347046
5.357746
5.369040
5.379943
5.390954
5.401946
5.412993
5.423916
5.434837
5.445836
5.456723
5.467713
5.478768
5.489515
5.500451
5.511380
5.522205
5.533104
5.544028
5.554961
5.565714
5.576826
5.587429
5.598568
5.609321
5.620290
5.630992
5.642161
5.652830
5.663867
5.674593
5.685640
5.696393
5.707274
5.718111
5.729143
5.739874
5.750882
5.761668
5.772550
5.783383
5.794295
5.805129
5.815962
5.826841
5.837651
5.848517
5.859540
5.870227
5.881025
5.891951
5.902656
5.913532
5.924389
5.935091
5.946036
5.956831
5.967485
5.978223
5.989206
5.999860
6.010607
6.021396
6.032089
6.042812
6.053514
6.064225
6.074879
6.085550
6.096292
6.106930
6.117572
6.128178
6.138991
6.149588
6.160203
6.170809
6.181388
6.191982
6.202573
6.213218
6.223627
6.234388
6.244782
6.255328
6.265913
6.276408
0.003757
0.014300
0.024906
0.035285
0.045900
0.056443
0.066878
0.077430
0.087901
0.098549
0.108850
0.119540
0.129978
0.140440
0.151058
0.161511
0.171992
0.182604
0.193012
0.203507
0.214143
0.224632
0.235119
0.245635
0.256112
0.266565
0.277144
0.287579
0.298162
0.308777
0.319155
0.329566
0.340370
0.350646
0.361124
0.371733
0.382210
0.392525
0.403140
0.413642
0.424164
0.434506
0.445103
0.455314
0.466040
0.476328
0.486763
0.497211
0.507691
0.517955
0.528603
0.538832
0.549369
0.559651
0.570024
0.580537
0.590693
0.601201
0.611534
0.621825
0.632123
0.642525
0.652853
0.663144
0.673394
0.683817
0.694096
0.704223
0.714784
0.725025
0.735166
0.745518
0.755704
0.765978
0.776236
0.786462
0.796720
0.807084
0.817201
0.827469
0.837751
0.848001
0.858208
0.868614
0.878647
0.889158
0.899386
0.909543
0.919858
0.930186
0.940423
0.950679
0.960997
0.971199
0.981436
0.991844
1.002001
1.012376
1.022653
1.032959
1.043269
1.053617
1.063888
1.074122
1.084458
1.094831
1.104982
1.115372
1.125828
1.136093
1.146366
1.156669
1.167003
1.177387
1.187682
1.197862
1.208390
1.218562
1.228892
1.239256
1.249508
1.259797
1.270178
1.280502
1.290719
1.300974
1.311377
1.321518
1.331957
1.342194
1.352447
1.362783
1.373021
1.383447
1.393505
1.403877
1.414160
1.424436
1.434629
1.444839
1.455167
1.465365
1.475594
1.485837
1.496021
1.506255
1.516520
1.526709
1.536959
1.547205
1.557347
1.567552
1.577810
1.588063
1.598246
1.608412
1.618670
1.628833
1.639097
1.649335
1.659495
1.669855
1.679973
1.690330
1.700547
1.710784
1.721016
1.731340
1.741607
1.751848
1.762232
1.772473
1.782695
1.793044
1.803275
1.813633
1.823927
1.834180
1.844435
1.854828
1.865096
1.875576
1.885769
1.895994
1.906283
1.916616
1.926872
1.937205
1.947547
1.957716
1.968073
1.978434
1.988695
1.998981
2.009263
2.019662
2.029885
2.040206
2.050339
2.060532
2.071024
2.081189
2.091457
2.101758
2.111953
2.122200
2.132473
2.142612
2.152906
2.163063
2.173100
2.183559
2.193595
2.203767
2.213882
2.224092
2.234102
2.244304
2.254499
2.264584
2.274726
2.284960
2.294925
2.304941
2.315134
2.325161
2.335402
2.345436
2.355410
2.365467
2.375579
2.385562
2.395638
2.405806
2.415756
2.425802
2.436000
2.445825
2.456131
2.465940
2.476115
2.486017
2.496257
2.506075
2.516295
2.526325
2.536296
2.546411
2.556445
2.566386
2.576500
2.586636
2.596571
2.606647
2.616711
2.626693
2.636895
2.646818
2.656876
2.666877
2.676919
2.686875
2.696975
2.706994
2.716908
2.726948
2.736966
2.746997
2.757031
2.767005
2.776964
2.786926
2.797025
2.806981
2.817027
2.826890
2.836882
2.846829
2.856758
2.866683
2.876657
2.886559
2.896464
2.906405
2.916283
2.926200
2.936030
2.945842
2.955897
2.965658
2.975509
2.985564
2.995223
3.005041
3.014934
3.024746
3.034481
3.044305
3.054225
3.063878
3.073645
3.083493
3.093221
3.103004
3.112786
3.122487
3.132203
3.141970
3.151644
3.161304
3.171155
3.180805
3.190527
3.200255
3.209951
3.219685
3.229425
3.239174
3.248732
3.258589
3.268131
3.277913
3.287749
3.297367
3.307053
3.316796
3.326482
3.336178
3.345939
3.355604
3.365368
3.375087
3.384785
3.394406
3.404146
3.413853
3.423558
3.433223
3.442876
3.452562
3.462317
3.471899
3.481657
3.491376
3.501014
3.510653
3.520291
3.530004
3.539640
3.549311
3.558892
3.568540
3.578208
3.587840
3.597437
3.607105
3.616713
3.626202
3.635834
3.645376
3.654943
3.664584
3.674100
3.683681
3.693325
3.702751
3.712245
3.721740
3.731252
3.740876
3.750334
3.759751
3.769269
3.778830
3.788291
3.797720
3.807298
3.816571
3.825991
3.835422
3.844941
3.854262
3.863849
3.873098
3.882457
3.891994
3.901333
3.910809
3.920115
3.929496
3.938855
3.948311
3.957608
3.966925
3.976318
3.985582
3.994896
4.004466
4.013762
4.023080
4.032515
4.041860
4.051249
4.060672
4.070007
4.079319
4.088730
4.098123
4.107464
4.116938
4.126193
4.135579
4.145044
4.154344
4.163781
4.173195
4.182623
4.191860
4.201366
4.210690
4.220083
4.229533
4.238811
4.248240
4.257657
4.267046
4.276361
4.285808
4.295146
4.304458
4.313824
4.323264
4.332663
4.342029
4.351343
4.360721
4.370188
4.379377
4.388833
4.398271
4.407543
4.416909
4.426296
4.435667
4.444937
4.454318
4.463605
4.472953
4.482316
4.491637
4.500885
4.510308
4.519737
4.528815
4.538174
4.547393
4.556786
4.566077
4.575265
4.584508
4.593802
4.603039
4.612204
4.621552
4.630791
4.639924
4.649184
4.658475
4.667852
4.676946
4.686209
4.695368
4.704608
4.713845
4.722983
4.732238
4.741400
4.750571
4.759778
4.768939
4.778203
4.787467
4.796599
4.805839
4.815207
4.824469
4.833652
4.842975
4.852062
4.861356
4.870718
4.879862
4.889030
4.898273
4.907477
4.916717
4.926050
4.935340
4.944484
4.953730
4.963000
4.972192
4.981486
4.990758
4.999929
5.009220
5.018424
5.027691
5.036940
5.046153
5.055366
5.064593
5.073776
5.083067
5.092274
5.101562
5.110765
5.120044
5.129314
5.138467
5.147719
5.156977
5.166106
5.175340
5.184477
5.193666
5.202981
5.212026
5.221098
5.230317
5.239410
5.248563
5.257851
5.266998
5.275953
5.285115
5.294355
5.303430
5.312571
5.321619
5.330685
5.339766
5.348763
5.357817
5.366875
5.375928
5.384911
5.394025
5.402989
5.411998
5.420897
5.430022
5.438911
5.447987
5.456867
5.465921
5.474891
5.483721
5.492694
5.501670
5.510490
5.519401
5.528365
5.537248
5.546200
5.555198
5.563970
5.572892
5.581755
5.590838
5.599509
5.608632
5.617455
5.626288
5.635186
5.644031
5.652866
5.661770
5.670690
5.679558
5.688627
5.697328
5.706199
5.715118
5.724037
5.732837
5.741786
5.750642
5.759592
5.768349
5.777148
5.786029
5.794924
5.803718
5.812544
5.821430
5.830247
5.839071
5.848014
5.856733
5.865505
5.874308
5.883263
5.892137
5.900769
5.909661
5.918458
5.927203
5.935955
5.944754
5.953517
5.962290
5.971065
5.979787
5.988589
5.997332
6.006026
6.014750
6.023583
6.032266
6.040957
6.049667
6.058388
6.067026
6.075732
6.084364
6.093140
6.101816
6.110382
6.119050
6.127651
6.136282
6.144864
6.153657
6.162175
6.170836
6.179297
6.188013
6.196581
6.205090
6.213773
6.222242
6.230859
6.239374
6.247886
6.256422
6.264978
6.273520
6.282011
0.007367
0.015846
0.024421
0.032921
0.041411
0.049905
0.058459
0.066887
0.075447
0.083929
0.092506
0.100955
0.109425
0.117919
0.126413
0.134945
0.143385
0.151936
0.160466
0.168882
0.177501
0.185893
0.194384
0.202908
0.211375
0.219878
0.228377
0.236835
0.245341
0.253865
0.262287
0.270691
0.279370
0.287735
0.296217
0.304669
0.313265
0.321606
0.330267
0.338566
0.347183
0.355596
0.364075
0.372482
0.380976
0.389445
0.397843
0.406328
0.414768
0.423202
0.431681
0.440028
0.448573
0.456920
0.465311
0.473748
0.482248
0.490571
0.498969
0.507382
0.515735
0.524253
0.532525
0.540944
0.549282
0.557707
0.565973
0.574320
0.582727
0.591065
0.599307
0.607804
0.616019
0.624363
0.632644
0.641051
0.649374
0.657628
0.665903
0.674209
0.682499
0.690789
0.699088
0.707336
0.715659
0.723820
0.732167
0.740406
0.748598
0.756933
0.765244
0.773528
0.781551
0.789838
0.797925
0.806242
0.814400
0.822576
0.830956
0.839078
0.847309
0.855572
0.863859
0.871984
0.880289
0.888579
0.896612
0.904875
0.913267
0.921368
0.929676
0.937954
0.946080
0.954343
0.962564
0.970848
0.979099
0.987320
0.995515
1.003874
1.011975
1.020301
1.028594
1.036758
1.045075
1.053321
1.061554
1.069877
1.078014
1.086388
1.094483
1.102869
1.111058
1.119213
1.127641
1.135760
1.144023
1.152343
1.160549
1.168753
1.177025
1.185360
1.193590
1.201808
1.209996
1.218190
1.226567
1.234588
1.243025
1.251186
1.259311
1.267646
1.275957
1.284080
1.292340
1.300597
1.308803
1.316961
1.325252
1.333449
1.341697
1.349810
1.357965
1.366157
1.374402
1.382587
1.390763
1.399050
1.407107
1.415250
1.423450
1.431651
1.439764
1.448006
1.456137
1.464287
1.472472
1.480489
1.488626
1.496836
1.504934
1.513041
1.521268
1.529385
1.537573
1.545671
1.553743
1.561910
1.570086
1.578221
1.586316
1.594468
1.602623
1.610692
1.618817
1.626886
1.635053
1.643172
1.651324
1.659408
1.667575
1.675727
1.683843
1.692035
1.700223
1.708273
1.716462
1.724575
1.732772
1.740987
1.749128
1.757163
1.765342
1.773483
1.781719
1.789907
1.797981
1.806116
1.814328
1.822537
1.830560
1.838824
1.846952
1.855131
1.863343
1.871421
1.879576
1.887770
1.895997
1.904003
1.912374
1.920385
1.928540
1.936783
1.944851
1.953009
1.961227
1.969398
1.977484
1.985711
1.993822
2.001899
2.010009
2.018101
2.026290
2.034457
2.042585
2.050654
2.058803
2.066895
2.074997
2.083125
2.091181
2.099301
2.107426
2.115506
2.123596
2.131709
2.139759
2.147741
2.155866
2.163905
2.171946
2.179955
2.187942
2.195992
2.204067
2.212045
2.220054
2.228119
2.236089
2.244067
2.252174
2.259988
2.268200
2.275945
2.284037
2.291944
2.299964
2.307976
2.315820
2.323774
2.331726
2.339641
2.347524
2.355433
2.363412
2.371294
2.379213
2.387189
2.395029
2.402984
2.410789
2.418713
2.426623
2.434553
2.442358
2.450399
2.458186
2.466269
2.474044
2.481951
2.489810
2.497725
2.505575
2.513517
2.521391
2.529310
2.537168
2.545066
2.552990
2.560846
2.568702
2.576710
2.584437
2.592499
2.600289
2.608163
2.616036
2.624072
2.631796
2.639690
2.647609
2.655402
2.663293
2.671098
2.679013
2.686884
2.694719
2.702580
2.710418
2.718322
2.726141
2.733901
2.741823
2.749643
2.757537
2.765375
2.773138
2.781065
2.788882
2.796612
2.804479
2.812329
2.819966
2.827941
2.835695
2.843434
2.851257
2.859005
2.866743
2.874524
2.882371
2.890086
2.897828
2.905635
2.913362
2.921098
2.928888
2.936573
2.944237
2.951999
2.959624
2.967390
2.975078
2.982733
2.990469
2.998142
3.005790
3.013382
3.021145
3.028764
3.036446
3.044230
3.051756
3.059282
3.067003
3.074562
3.082169
3.089992
3.097380
3.105104
3.112651
3.120213
3.127862
3.135415
3.143001
3.150524
3.158119
3.165690
3.173300
3.180754
3.188403
3.195911
3.203485
3.211059
3.218579
3.226177
3.233712
3.241277
3.248852
3.256366
3.263934
3.271499
3.279070
3.286599
3.294125
3.301642
3.309246
3.316826
3.324259
3.331788
3.339428
3.346936
3.354439
3.362006
3.369464
3.377026
3.384600
3.391970
3.399523
3.407211
3.414602
3.422149
3.429633
3.437133
3.444644
3.452176
3.459657
3.467141
3.474526
3.482013
3.489480
3.497021
3.504466
3.511965
3.519488
3.526876
3.534298
3.541794
3.549227
3.556657
3.564121
3.571521
3.578948
3.586387
3.593886
3.601194
3.608651
3.616033
3.623406
3.630900
3.638117
3.645625
3.653004
3.660288
3.667799
3.675064
3.682378
3.689772
3.697026
3.704429
3.711622
3.719076
3.726267
3.733697
3.740906
3.748195
3.755491
3.762783
3.770006
3.777317
3.784570
3.791779
3.799020
3.806325
3.813587
3.820754
3.828025
3.835243
3.842424
3.849639
3.856898
3.864041
3.871249
3.878458
3.885606
3.892890
3.899984
3.907160
3.914368
3.921568
3.928803
3.935871
3.943059
3.950264
3.957425
3.964522
3.971755
3.978883
3.985929
3.993177
4.000286
4.007447
4.014581
4.021699
4.028881
4.035999
4.043175
4.050242
4.057445
4.064546
4.071625
4.078810
4.085977
4.093029
4.100175
4.107308
4.114433
4.121600
4.128748
4.135870
4.142952
4.150125
4.157202
4.164332
4.171487
4.178624
4.185694
4.192813
4.199851
4.207047
4.214193
4.221320
4.228478
4.235585
4.242664
4.249774
4.256973
4.263984
4.271211
4.278285
4.285388
4.292507
4.299646
4.306672
4.313787
4.320912
4.327947
4.335032
4.342169
4.349225
4.356320
4.363405
4.370374
4.377472
4.384704
4.391652
4.398711
4.405811
4.412796
4.419755
4.426904
4.433945
4.440940
4.448032
4.454986
4.461949
4.469112
4.476003
4.483077
4.490069
4.497036
4.504094
4.511045
4.518044
4.525052
4.532074
4.539022
4.546039
4.553053
4.559916
4.566813
4.573845
4.580754
4.587705
4.594686
4.601586
4.608519
4.615488
4.622366
4.629299
4.636190
4.643099
4.650044
4.656905
4.663814
4.670666
4.677620
4.684463
4.691405
4.698119
4.705070
4.711939
4.718750
4.725554
4.732499
4.739345
4.746214
4.753078
4.759918
4.766788
4.773688
4.780438
4.787305
4.794208
4.801013
4.807864
4.814740
4.821568
4.828468
4.835317
4.842130
4.849024
4.855882
4.862707
4.869544
4.876405
4.883317
4.890064
4.896922
4.903711
4.910548
4.917400
4.924210
4.930984
4.937983
4.944670
4.951555
4.958437
4.965172
4.972027
4.978966
4.985629
4.992544
4.999261
5.006056
5.012927
5.019703
5.026528
5.033327
5.040133
5.046907
5.053685
5.060498
5.067278
5.074133
5.080928
5.087615
5.094401
5.101247
5.107979
5.114723
5.121540
5.128265
5.134968
5.141778
5.148498
5.155257
5.162028
5.168754
5.175471
5.182212
5.188918
5.195650
5.202391
5.209048
5.215810
5.222558
5.229143
5.235824
5.242544
5.249198
5.255853
5.262543
5.269227
5.275842
5.282515
5.289130
5.295808
5.302483
5.308985
5.315678
5.322266
5.328857
5.335332
5.342004
5.348617
5.355142
5.361799
5.368274
5.374886
5.381372
5.388039
5.394483
5.401030
5.407531
5.414083
5.420588
5.427101
5.433552
5.440002
5.446522
5.453029
5.459542
5.465966
5.472479
5.478921
5.485344
5.491816
5.498300
5.504702
5.511245
5.517591
5.524077
5.530450
5.536942
5.543282
5.549778
5.556201
5.562568
5.568988
5.575376
5.581797
5.588190
5.594599
5.600959
5.607407
5.613789
5.620149
5.626558
5.632963
5.639336
5.645720
5.651985
5.658409
5.664757
5.671229
5.677508
5.683797
5.690176
5.696483
5.702864
5.709222
5.715568
5.721904
5.728253
5.734461
5.740941
5.747284
5.753531
5.759768
5.766225
5.772466
5.778754
5.785046
5.791329
5.797674
5.803954
5.810222
5.816532
5.822886
5.829097
5.835386
5.841699
5.847936
5.854219
5.860528
5.866794
5.873058
5.879284
5.885552
5.891801
5.898042
5.904277
5.910473
5.916765
5.923029
5.929210
5.935448
5.941659
5.947801
5.953985
5.960252
5.966418
5.972617
5.978771
5.984982
5.991184
5.997311
6.003479
6.009657
6.015853
6.021938
6.028233
6.034252
6.040433
6.046566
6.052680
6.058907
6.064940
6.071032
6.077135
6.083271
6.089370
6.095426
6.101525
6.107635
6.113738
6.119802
6.125850
6.131962
6.137954
6.143998
6.149983
6.156123
6.162175
6.168176
6.174234
6.180229
6.186272
6.192237
6.198334
6.204329
6.210321
6.216248
6.222363
6.228271
6.234325
6.240222
6.246370
6.252251
6.258237
6.264196
6.270158
6.276063
6.282056
0.004806
0.010783
0.016739
0.022623
0.028576
0.034551
0.040456
0.046400
0.052401
0.058270
0.064208
0.070180
0.076106
0.082047
0.087931
0.093839
0.099700
0.105728
0.111537
0.117499
0.123473
0.129355
0.135290
0.141198
0.147034
0.153003
0.158959
0.164792
0.170763
0.176671
0.182580
0.188485
0.194387
0.200217
0.206072
0.212049
0.217912
0.223748
0.229753
0.235565
0.241518
0.247405
0.253266
0.259129
0.265085
0.270891
0.276770
0.282657
0.288568
0.294378
0.300298
0.306122
0.311952
0.317864
0.323673
0.329554
0.335426
0.341194
0.347138
0.352980
0.358823
0.364629
0.370492
0.376305
0.382159
0.387953
0.393712
0.399656
0.405381
0.411188
0.417087
0.422926
0.428679
0.434548
0.440243
0.446131
0.451892
0.457761
0.463490
0.469278
0.475094
0.480810
0.486622
0.492387
0.498169
0.503922
0.509653
0.515394
0.521245
0.526877
0.532630
0.538403
0.544192
0.549938
0.555625
0.561431
0.567114
0.572858
0.578544
0.584276
0.589998
0.595670
0.601320
0.607127
0.612762
0.618497
0.624135
0.629888
0.635523
0.641234
0.646926
0.652577
0.658311
0.663929
0.669508
0.675227
0.680905
0.686468
0.692191
0.697817
0.703414
0.709077
0.714694
0.720384
0.726082
0.731604
0.737329
0.742950
0.748463
0.754131
0.759788
0.765361
0.770990
0.776605
0.782159
0.787810
0.793407
0.798973
0.804537
0.810220
0.815706
0.821405
0.826923
0.832484
0.838108
0.843698
0.849229
0.854811
0.860416
0.865983
0.871559
0.877173
0.882833
0.888283
0.893966
0.899509
0.905070
0.910699
0.916239
0.921818
0.927474
0.932918
0.938512
0.944060
0.949642
0.955194
0.960784
0.966327
0.971864
0.977469
0.983027
0.988639
0.994184
0.999745
1.005306
1.010875
1.016421
1.022024
1.027551
1.033106
1.038652
1.044230
1.049722
1.055358
1.060936
1.066491
1.071977
1.077502
1.083083
1.088791
1.094223
1.099816
1.105329
1.110875
1.116426
1.121951
1.127500
1.133034
1.138597
1.144095
1.149653
1.155204
1.160759
1.166242
1.171749
1.177345
1.182864
1.188359
1.193934
1.199441
1.204918
1.210431
1.215925
1.221432
1.226996
1.232422
1.237905
1.243477
1.248942
1.254515
1.259964
1.265444
1.270966
1.276467
1.281881
1.287426
1.292909
1.298347
1.303863
1.309295
1.314795
1.320269
1.325680
1.331124
1.336619
1.342149
1.347497
1.353043
1.358430
1.363904
1.369350
1.374833
1.380340
1.385694
1.391192
1.396510
1.402082
1.407379
1.412766
1.418279
1.423666
1.429119
1.434497
1.439881
1.445280
1.450696
1.456146
1.461467
1.466908
1.472334
1.477622
1.483033
1.488456
1.493855
1.499191
1.504575
1.510003
1.515300
1.520675
1.525990
1.531323
1.536734
1.542082
1.547463
1.552880
1.558168
1.563528
1.568846
1.574128
1.579506
1.584884
1.590217
1.595454
1.600820
1.606243
1.611534
1.616915
1.622218
1.627542
1.632902
1.638208
1.643600
1.648975
1.654233
1.659543
1.664956
1.670238
1.675562
1.680898
1.686243
1.691588
1.696879
1.702224
1.707539
1.712923
1.718256
1.723523
1.728838
1.734192
1.739573
1.744879
1.750170
1.755506
1.760803
1.766175
1.771460
1.776796
1.782102
1.787444
1.792729
1.798077
1.803377
1.808710
1.814031
1.819295
1.824667
1.830015
1.835240
1.840558
1.845795
1.851209
1.856515
1.861791
1.867085
1.872418
1.877688
1.882943
1.888282
1.893600
1.898826
1.904165
1.909420
1.914669
1.919972
1.925275
1.930542
1.935836
1.941130
1.946400
1.951706
1.956913
1.962177
1.967474
1.972753
1.977972
1.983248
1.988542
1.993798
1.998990
2.004311
2.009515
2.014854
2.020043
2.025301
2.030520
2.035781
2.041006
2.046235
2.051442
2.056685
2.061979
2.067114
2.072297
2.077654
2.082807
2.088000
2.093165
2.098441
2.103564
2.108753
2.113957
2.119162
2.124354
2.129492
2.134666
2.139903
2.145011
2.150150
2.155342
2.160489
2.165681
2.170802
2.175958
2.181090
2.186216
2.191364
2.196493
2.201667
2.206694
2.211821
2.216965
2.222040
2.227133
2.232257
2.237326
2.242425
2.247572
2.252579
2.257651
2.262795
2.267889
2.272955
2.277977
2.283004
2.288124
2.293187
2.298257
2.303293
2.308389
2.313378
2.318426
2.323457
2.328496
2.333568
2.338572
2.343578
2.348626
2.353609
2.358669
2.363718
2.368727
2.373715
2.378734
2.383734
2.388732
2.393729
2.398766
2.403679
2.408739
2.413722
2.418725
2.423785
2.428699
2.433625
2.438664
2.443679
2.448665
2.453626
2.458582
2.463564
2.468570
2.473538
2.478508
2.483440
2.488405
2.493372
2.498369
2.503352
2.508298
2.513269
2.518233
2.523183
2.528174
2.533013
2.538064
2.542924
2.547918
2.552841
2.557838
2.562683
2.567722
2.572615
2.577564
2.582466
2.587493
2.592431
2.597335
2.602255
2.607171
2.612133
2.617088
2.621936
2.626903
2.631826
2.636649
2.641656
2.646488
2.651465
2.656396
2.661373
2.666148
2.671170
2.676048
2.680904
2.685797
2.690731
2.695633
2.700453
2.705364
2.710248
2.715125
2.720036
2.724859
2.729740
2.734656
2.739525
2.744423
2.749277
2.754119
2.758990
2.763865
2.768688
2.773566
2.778417
2.783249
2.788058
2.792951
2.797741
2.802610
2.807461
2.812203
2.817093
2.821955
2.826752
2.831591
2.836408
2.841199
2.846074
2.850828
2.855607
2.860371
2.865314
2.869997
2.874797
2.879579
2.884345
2.889157
2.893945
2.898675
2.903457
2.908245
2.913002
2.917748
2.922512
2.927246
2.932007
2.936779
2.941522
2.946259
2.950987
2.955741
2.960475
2.965179
2.969862
2.974631
2.979362
2.984027
2.988716
2.993462
2.998192
3.002923
3.007588
3.012229
3.017020
3.021625
3.026259
3.031011
3.035628
3.040392
3.045000
3.049677
3.054327
3.059000
3.063656
3.068273
3.072947
3.077561
3.082172
3.086843
3.091496
3.096068
3.100739
3.105370
3.109969
3.114535
3.119236
3.123790
3.128329
3.132949
3.137578
3.142195
3.146794
3.151378
3.155950
3.160537
3.165106
3.169687
3.174277
3.178813
3.183406
3.188035
3.192553
3.197113
3.201694
3.206257
3.210814
3.215442
3.219913
3.224518
3.229122
3.233649
3.238189
3.242781
3.247329
3.251815
3.256407
3.260905
3.265447
3.270010
3.274504
3.279049
3.283594
3.288103
3.292660
3.297202
3.301759
3.306172
3.310786
3.315265
3.319789
3.324325
3.328789
3.333262
3.337894
3.342287
3.346807
3.351299
3.355826
3.360311
3.364796
3.369284
3.373829
3.378317
3.382748
3.387212
3.391709
3.396137
3.400626
3.405117
3.409572
3.414015
3.418494
3.422931
3.427440
3.431859
3.436288
3.440743
3.445285
3.449647
3.454075
3.458611
3.462953
3.467405
3.471863
3.476180
3.480671
3.485079
3.489474
3.493881
3.498297
3.502680
3.507091
3.511528
3.515869
3.520225
3.524653
3.529049
3.533366
3.537815
3.542102
3.546489
3.550803
3.555219
3.559536
3.563902
3.568228
3.572515
3.576872
3.581177
3.585455
3.589842
3.594180
3.598437
3.602740
3.607030
3.611338
3.615629
3.619865
3.624161
3.628485
3.632715
3.636958
3.641257
3.645499
3.649742
3.654017
3.658233
3.662511
3.666777
3.670987
3.675196
3.679472
3.683657
3.687834
3.692097
3.696316
3.700450
3.704638
3.708839
3.713045
3.717231
3.721377
3.725530
3.729676
3.733862
3.738014
3.742164
3.746314
3.750454
3.754601
3.758690
3.762834
3.766995
3.771082
3.775172
3.779342
3.783378
3.787477
3.791650
3.795650
3.799790
3.803940
3.807957
3.812053
3.816056
3.820139
3.824190
3.828286
3.832243
3.836324
3.840432
3.844423
3.848506
3.852494
3.856554
3.860598
3.864547
3.868580
3.872627
3.876642
3.880615
3.884615
3.888617
3.892647
3.896626
3.900584
3.904595
3.908556
3.912520
3.916496
3.920439
3.924456
3.928432
3.932414
3.936344
3.940305
3.944227
3.948179
3.952131
3.956068
3.959920
3.963854
3.967878
3.971803
3.975695
3.979631
3.983523
3.987478
3.991418
3.995304
3.999214
4.003141
4.007042
4.010976
4.014838
4.018745
4.022652
4.026544
4.030394
4.034280
4.038201
4.042081
4.045949
4.049802
4.053637
4.057577
4.061439
4.065280
4.069142
4.072995
4.076875
4.080758
4.084604
4.088442
4.092262
4.096163
4.099965
4.103788
4.107635
4.111470
4.115308
4.119167
4.122987
4.126792
4.130600
4.134450
4.138261
4.142102
4.145856
4.149691
4.153492
4.157253
4.161022
4.164878
4.168617
4.172425
4.176236
4.180002
4.183723
4.187552
4.191351
4.195105
4.198868
4.202571
4.206400
4.210157
4.213890
4.217653
4.221404
4.225134
4.228891
4.232610
4.236358
4.240103
4.243857
4.247551
4.251281
4.254981
4.258732
4.262453
4.266177
4.269892
4.273545
4.277319
4.280930
4.284666
4.288351
4.292099
4.295736
4.299458
4.303133
4.306819
4.310480
4.314132
4.317832
4.321550
4.325202
4.328876
4.332588
4.336222
4.339844
4.343484
4.347122
4.350792
4.354414
4.358067
4.361689
4.365362
4.368942
4.372624
4.376240
4.379863
4.383494
4.387140
4.390741
4.394384
4.397947
4.401599
4.405126
4.408790
4.412310
4.415878
4.419507
4.423027
4.426574
4.430191
4.433744
4.437303
4.440845
4.444347
4.447915
4.451522
4.455025
4.458527
4.462066
4.465556
4.469097
4.472588
4.476069
4.479583
4.483098
4.486606
4.490106
4.493629
4.497077
4.500574
4.504088
4.507528
4.510991
4.514482
4.517933
4.521348
4.524827
4.528243
4.531691
4.535151
4.538561
4.541944
4.545407
4.548741
4.552172
4.555647
4.558976
4.562386
4.565789
4.569178
4.572515
4.575907
4.579265
4.582642
4.586018
4.589380
4.592714
4.596055
4.599390
4.602757
4.606104
4.609436
4.612755
4.616108
4.619448
4.622732
4.626139
4.629371
4.632691
4.636004
4.639294
4.642587
4.645925
4.649211
4.652507
4.655823
4.659083
4.662361
4.665662
4.668931
4.672215
4.675487
4.678776
4.682018
4.685290
4.688478
4.691752
4.695009
4.698224
4.701462
4.704698
4.707892
4.711101
4.714355
4.717563
4.720829
4.724038
4.727213
4.730392
4.733622
4.736828
4.740010
4.743258
4.746406
4.749549
4.752791
4.755993
4.759121
4.762375
4.765482
4.768751
4.771884
4.774998
4.778224
4.781382
4.784525
4.787677
4.790820
4.793972
4.797132
4.800257
4.803367
4.806516
4.809674
4.812793
4.815891
4.819069
4.822144
4.825214
4.828351
4.831461
4.834583
4.837657
4.840716
4.843790
4.846915
4.849935
4.853006
4.856137
4.859145
4.862189
4.865302
4.868334
4.871408
4.874527
4.877543
4.880560
4.883595
4.886658
4.889705
4.892722
4.895720
4.898746
4.901761
4.904763
4.907765
4.910842
4.913808
4.916738
4.919752
4.922814
4.925774
4.928788
4.931721
4.934756
4.937731
4.940670
4.943645
4.946612
4.949560
4.952511
4.955468
4.958389
4.961376
4.964318
4.967272
4.970248
4.973133
4.976054
4.978975
4.981935
4.984869
4.987781
4.990702
4.993617
4.996508
4.999435
5.002329
5.005220
5.008100
5.011018
5.013858
5.016761
5.019608
5.022583
5.025387
5.028236
5.031088
5.033959
5.036862
5.039699
5.042548
5.045428
5.048244
5.051078
5.053909
5.056762
5.059611
5.062406
5.065268
5.068048
5.070861
5.073695
5.076533
5.079325
5.082138
5.084963
5.087690
5.090491
5.093263
5.096058
5.098841
5.101601
5.104384
5.107188
5.109912
5.112692
5.115454
5.118208
5.120946
5.123735
5.126384
5.129149
5.131876
5.134647
5.137356
5.140082
5.142739
5.145412
5.148222
5.150859
5.153561
5.156279
5.158984
5.161665
5.164356
5.166998
5.169656
5.172344
5.175049
5.177731
5.180316
5.183006
5.185622
5.188271
5.190889
5.193535
5.196189
5.198778
5.201390
5.204009
5.206630
5.209270
5.211900
5.214477
5.217072
5.219646
5.222207
5.224774
5.227354
5.229928
5.232519
5.235129
5.237643
5.240165
5.242718
5.245253
5.247802
5.250373
5.252899
5.255457
5.257914
5.260446
5.262956
5.265467
5.267981
5.270473
5.272957
5.275441
5.277922
5.280435
5.282883
5.285334
5.287848
5.290304
5.292755
5.295209
5.297630
5.300080
5.302540
5.304973
5.307385
5.309814
5.312235
5.314647
5.317062
5.319459
5.321877
5.324313
5.326715
5.329103
5.331512
5.333849
5.336228
5.338624
5.341010
5.343382
5.345752
5.348113
5.350450
5.352784
5.355094
5.357413
5.359780
5.362105
5.364391
5.366766
5.369029
5.371336
5.373652
5.375914
5.378232
5.380542
5.382802
5.385090
5.387376
5.389629
5.391891
5.394166
5.396430
5.398674
5.400967
5.403169
5.405422
5.407669
5.409910
5.412139
5.414353
5.416579
5.418796
5.421013
5.423206
5.425424
5.427593
5.429801
5.431925
5.434157
5.436299
5.438492
5.440673
5.442828
5.444963
5.447130
5.449314
5.451414
5.453589
5.455719
5.457832
5.459989
5.462104
5.464249
5.466355
5.468453
5.470559
5.472698
5.474781
5.476884
5.478993
5.481081
5.483175
5.485272
5.487349
5.489422
5.491496
5.493536
5.495603
5.497670
5.499681
5.501727
5.503791
5.505847
5.507860
5.509882
5.511896
5.513936
5.516006
5.518028
5.520042
5.522082
5.524045
5.526076
5.528035
5.530022
5.532008
5.534003
5.535987
5.537941
5.539917
5.541904
5.543902
5.545862
5.547818
5.549769
5.551746
5.553697
5.555665
5.557624
5.559548
5.561477
5.563452
5.565366
5.567284
5.569255
5.571169
5.573102
5.575044
5.576973
5.578887
5.580823
5.582684
5.584583
5.586479
5.588394
5.590305
5.592205
5.594083
5.595953
5.597816
5.599716
5.601589
5.603482
5.605309
5.607161
5.609040
5.610924
5.612797
5.614657
5.616485
5.618328
5.620182
5.622031
5.623858
5.625704
5.627522
5.629344
5.631175
5.632987
5.634794
5.636621
5.638407
5.640211
5.642002
5.643803
5.645616
5.647413
5.649181
5.650981
5.652755
5.654502
5.656302
5.658085
5.659811
5.661530
5.663307
5.665066
5.666852
5.668602
5.670345
5.672089
5.673830
5.675525
5.677251
5.678974
5.680687
5.682392
5.684094
5.685769
5.687440
5.689169
5.690865
5.692570
5.694269
5.695928
5.697606
5.699290
5.700971
5.702637
5.704284
5.705956
5.707601
5.709276
5.710887
5.712542
5.714204
5.715807
5.717464
5.719079
5.720676
5.722297
5.723941
5.725580
5.727192
5.728798
5.730380
5.731992
5.733550
5.735153
5.736741
5.738317
5.739907
5.741477
5.743023
5.744584
5.746178
5.747718
5.749285
5.750819
5.752362
5.753860
5.755412
5.756952
5.758480
5.760032
5.761569
5.763088
5.764616
5.766117
5.767600
5.769116
5.770584
5.772067
5.773568
5.775027
5.776525
5.778023
5.779524
5.780989
5.782454
5.783937
5.785444
5.786874
5.788306
5.789774
5.791224
5.792680
5.794112
5.795538
5.796947
5.798388
5.799789
5.801228
5.802642
5.804050
5.805485
5.806890
5.808337
5.809719
5.811100
5.812502
5.813862
5.815267
5.816637
5.818017
5.819396
5.820786
5.822134
5.823497
5.824870
5.826218
5.827581
5.828950
5.830280
5.831650
5.833010
5.834328
5.835668
5.837004
5.838316
5.839634
5.840961
5.842268
5.843559
5.844883
5.846187
5.847520
5.848832
5.850114
5.851358
5.852667
5.853946
5.855232
5.856499
5.857775
5.859073
5.860352
5.861607
5.862881
5.864166
5.865421
5.866689
5.867938
5.869184
5.870430
5.871680
5.872929
5.874164
5.875416
5.876629
5.877852
5.879095
5.880327
5.881534
5.882777
5.884003
5.885210
5.886424
5.887625
5.888800
5.890010
5.891226
5.892401
5.893596
5.894753
5.895921
5.897120
5.898300
5.899492
5.900670
5.901841
5.903025
5.904226
5.905365
5.906530
5.907704
5.908855
5.909997
5.911147
5.912268
5.913412
5.914550
5.915686
5.916803
5.917924
5.919027
5.920162
5.921277
5.922421
5.923542
5.924662
5.925786
5.926918
5.928018
5.929129
5.930241
5.931346
5.932419
5.933527
5.934591
5.935676
5.936745
5.937821
5.938872
5.939942
5.941030
5.942091
5.943160
5.944232
5.945302
5.946378
5.947459
5.948514
5.949563
5.950638
5.951690
5.952729
5.953769
5.954805
5.955818
5.956819
5.957831
5.958853
5.959863
5.960887
5.961909
5.962931
5.963925
5.964935
5.965921
5.966918
5.967925
5.968959
5.969930
5.970939
5.971949
5.972950
5.973950
5.974942
5.975898
5.976865
5.977809
5.978777
5.979730
5.980689
5.981656
5.982609
5.983559
5.984499
5.985407
5.986342
5.987259
5.988170
5.989078
5.990006
5.990947
5.991876
5.992793
5.993721
5.994656
5.995555
5.996490
5.997427
5.998320
5.999210
6.000109
6.000969
6.001856
6.002716
6.003563
6.004426
6.005289
6.006131
6.006973
6.007830
6.008687
6.009534
6.010370
6.011177
6.011997
6.012839
6.013669
6.014517
6.015383
6.016234
6.017061
6.017900
6.018738
6.019568
6.020368
6.021180
6.021989
6.022801
6.023565
6.024362
6.025159
6.025935
6.026696
6.027463
6.028188
6.028940
6.029692
6.030441
6.031181
6.031936
6.032679
6.033419
6.034162
6.034902
6.035627
6.036373
6.037110
6.037835
6.038572
6.039303
6.040058
6.040795
6.041521
6.042236
6.042925
6.043644
6.044337
6.045026
6.045682
6.046341
6.047036
6.047704
6.048388
6.049058
6.049703
6.050356
6.051009
6.051647
6.052270
6.052902
6.053553
6.054193
6.054835
6.055455
6.056072
6.056707
6.057340
6.057975
6.058580
6.059191
6.059805
6.060429
6.061055
6.061681
6.062289
6.062876
6.063478
6.064087
6.064674
6.065261
6.065876
6.066457
6.067026
6.067595
6.068143
6.068704
6.069255
6.069794
6.070315
6.070843
6.071361
6.071867
6.072380
6.072898
6.073390
6.073899
6.074399
6.074905
6.075394
6.075891
6.076416
6.076916
6.077401
6.077887
6.078354
6.078827
6.079307
6.079768
6.080205
6.080664
6.081116
6.081542
6.081979
6.082428
6.082857
6.083301
6.083747
6.084211
6.084663
6.085098
6.085568
6.086033
6.086500
6.086971
6.087399
6.087849
6.088301
6.088738
6.089146
6.089559
6.089961
6.090353
6.090728
6.091099
6.091455
6.091809
6.092157
6.092489
6.092816
6.093152
6.093481
6.093790
6.094104
6.094413
6.094712
6.095018
6.095345
6.095671
6.095971
6.096279
6.096591
6.096897
6.097193
6.097484
6.097768
6.098044
6.098335
6.098613
6.098868
6.099146
6.099419
6.099683
6.099949
6.100210
6.100447
6.100696
6.100956
6.101208
6.101439
6.101675
6.101903
6.102118
6.102331
6.102532
6.102709
6.102907
6.103107
6.103311
6.103500
6.103683
6.103871
6.104060
6.104249
6.104432
6.104609
6.104788
6.104986
6.105184
6.105370
6.105582
6.105792
6.105996
6.106193
6.106412
6.106613
6.106843
6.107071
6.107311
6.107535
6.107763
6.108027
6.108273
6.108524
6.108776
6.109001
6.109243
6.109486
6.109723
6.109938
6.110172
6.110406
6.110636
6.110861
6.111074
6.111269
6.111472
6.111685
6.111895
6.112078
6.112266
6.112452
6.112617
6.112784
6.112928
6.113042
6.113150
6.113267
6.113363
6.113438
6.113519
6.113596
6.113657
6.113696
6.113731
6.113746
6.113755
6.113767
6.113770
6.113770
6.113770
6.113770
6.113770
6.113770
6.113770
6.113770
6.113770
6.113746
6.113662
6.113558
6.113459
6.113360
6.113252
6.113144
6.113024
6.112886
6.112763
6.112629
6.112497
6.112344
6.112209
6.112074
6.111937
6.111799
6.111667
6.111526
6.111388
6.111278
6.111167
6.111035
6.110921
6.110810
6.110703
6.110603
6.110505
6.110391
6.110292
6.110196
6.110100
6.109995
6.109893
6.109816
6.109732
6.109654
6.109582
6.109501
6.109444
6.109390
6.109342
6.109279
6.109231
6.109186
6.109141
6.109108
6.109087
6.109055
6.109043
6.109034
6.109025
6.109006
6.109004
6.109004
6.109004
6.109004
6.109004
6.109004
6.109004
6.109004
6.109004
6.109004
6.109004
6.109004
6.109004
6.109004
6.109004
6.109004
6.109004
6.109004
6.109004
6.109004
6.109004
6.109004
6.109031
6.109055
6.109081
6.109085
6.109097
6.109115
6.109129
6.109136
6.109150
6.109165
6.109177
6.109190
6.109201
6.109201
6.109216
6.109222
6.109228
6.109228
6.109228
6.109228
6.109228
6.109228
6.109228
6.109228
6.109228
6.109228
6.109228
6.109228
6.109228
6.109228
6.109228
6.109228
6.109228
6.109228
6.109228
6.109228
6.109228
6.109228
6.109228
6.109228
6.109228
6.109228
6.109228
6.109228
6.109228
6.109228
6.109228
6.109228
6.109228
6.109228
6.109228
6.109228
6.109228
6.109228
6.109228
6.109228
6.109228
6.109228
6.109228
6.109228
6.109228
6.109228
6.109228
6.109228
6.109228
6.109228
6.109228
6.109228
6.109228
6.109228
6.109231
6.109231
6.109231
6.109231
6.109231
6.109231
6.109231
6.109231
6.109231
6.109231
6.109231
6.109231
6.109234
6.109234
6.109234
6.109234
6.109240
6.109240
6.109240
6.109240
6.109240
6.109240
6.109240
6.109240
6.109240
6.109240
6.109240
6.109240
6.109240
6.109240
6.109240
6.109240
6.109240
6.109240
6.109240
6.109240
6.109240
6.109240
6.109240
6.109240
6.109240
6.109240
6.109240
6.109240
6.109240
6.109240
6.109240
6.109240
6.109240
6.109240
6.109240
6.109240
6.109240
6.109240
6.109240
6.109240
6.109240
6.109240
6.109240
6.109240
6.109240
6.109240
6.109240
6.109240
6.109240
6.109240
6.109240
6.109240
6.109240
6.109240
6.109240
6.109240
6.109240
6.109240
6.109240
6.109240
6.109240
6.109240
6.109240
6.109240
6.109240
6.109240
6.109240
6.109240
6.109240
6.109240
6.109240
6.109240
6.109240
6.109240
6.109240
6.109240
6.109240
6.109240
6.109240
6.109240
6.109240
6.109240
6.109240
6.109240
6.109240
6.109240
6.109240
6.109240
6.109240
6.109240
6.109240
6.109240
6.109240
6.109240
6.109240
6.109240
6.109240
6.109240
6.109240
6.109240