3.228622
3.228622
3.228622
3.228622
3.228622
3.228622
3.228622
3.228622
3.228622
3.228652
3.228991
3.229518
3.230177
3.230947
3.231885
3.232969
3.234279
3.235813
3.237520
3.239390
3.241322
3.243363
3.245547
3.247860
3.250283
3.252875
3.255763
3.258798
3.262007
3.265441
3.269015
3.272760
3.276658
3.280684
3.284885
3.289217
3.293654
3.298391
3.303209
3.308194
3.313392
3.318779
3.324337
3.330119
3.335977
3.342014
3.348297
3.354597
3.361186
3.367834
3.374898
3.381789
3.388977
3.396467
3.404041
3.411729
3.419636
3.427707
3.435904
3.444341
3.452766
3.461601
3.470551
3.479692
3.488899
3.498444
3.508010
3.517726
3.527763
3.537758
3.548014
3.558518
3.569199
3.579733
3.590839
3.601718
3.613250
3.624467
3.636041
3.647902
3.659859
3.671934
3.684080
3.696510
3.708872
3.721533
3.734623
3.747614
3.760662
3.774210
3.787623
3.801243
3.815151
3.829131
3.843266
3.857614
3.872028
3.886655
3.901644
3.916391
3.931602
3.946849
3.962341
3.977894
3.993791
4.009784
4.025645
4.041842
4.058215
4.074349
4.090932
4.107102
4.123460
4.139963
4.156360
4.172556
4.189194
4.205510
4.221836
4.238826
4.255149
4.271777
4.288480
4.305045
4.321650
4.338247
4.354843
4.371108
4.387781
4.404514
4.420936
4.437582
4.454027
4.470553
4.487253
4.503642
4.520246
4.536730
4.553098
4.569801
4.586360
4.602700
4.619170
4.635708
4.651965
4.668491
4.685050
4.701361
4.717737
4.734227
4.750586
4.767349
4.783620
4.799886
4.816373
4.832896
4.849330
4.865889
4.882490
4.898959
4.915473
4.932156
4.948796
4.965250
4.981908
4.998620
5.015257
5.031814
5.048403
5.065049
5.081665
5.098281
5.114870
5.131594
5.148085
5.164677
5.181386
5.197900
5.214330
5.231198
5.247541
5.264056
5.280618
5.297102
5.313476
5.329948
5.346264
5.362635
5.379185
5.395418
5.411705
5.428084
5.444538
5.460771
5.476971
5.493266
5.509481
5.525740
5.541910
5.558212
5.574516
5.590719
5.606960
5.623313
5.639387
5.655715
5.671951
5.688157
5.704542
5.720768
5.736953
5.753138
5.769536
5.785684
5.801809
5.818101
5.834472
5.850420
5.866946
5.882727
5.899181
5.915390
5.931395
5.947693
5.963899
5.979856
5.996010
6.012210
6.028356
6.044316
6.060380
6.076478
6.092505
6.108440
6.124472
6.140444
6.156380
6.172103
6.188085
6.204044
6.219741
6.235656
6.251424
6.267321
6.282823
0.015514
0.031498
0.047296
0.062974
0.078820
0.094424
0.110279
0.126125
0.141642
0.157757
0.173310
0.189261
0.205023
0.220719
0.236670
0.252427
0.268297
0.284104
0.300031
0.315670
0.331358
0.347366
0.362999
0.378794
0.394605
0.410208
0.425964
0.441837
0.457693
0.473233
0.489058
0.504713
0.520298
0.535923
0.551868
0.567336
0.583059
0.598627
0.614195
0.629924
0.645383
0.660831
0.676836
0.692134
0.707701
0.723254
0.738681
0.754212
0.769768
0.785233
0.800924
0.816299
0.831723
0.847243
0.863029
0.878267
0.893864
0.909360
0.924990
0.940441
0.956030
0.971639
0.987168
1.002900
1.018473
1.033999
1.049668
1.065344
1.080920
1.096718
1.112022
1.128147
1.143550
1.159024
1.175107
1.190450
1.206185
1.221959
1.237431
1.253184
1.268899
1.284529
1.300285
1.316039
1.331480
1.347132
1.362918
1.378464
1.394011
1.409644
1.425203
1.440747
1.456377
1.472043
1.487527
1.503316
1.518608
1.534217
1.550097
1.565502
1.581046
1.596529
1.611986
1.627608
1.643334
1.658988
1.674460
1.690183
1.705918
1.721735
1.737353
1.752972
1.768695
1.784481
1.800258
1.815817
1.831660
1.847458
1.863184
1.879046
1.894652
1.910262
1.926305
1.941921
1.957686
1.973562
1.989297
2.004973
2.020786
2.036464
2.052206
2.068046
2.083673
2.099381
2.115135
2.130765
2.146306
2.162404
2.177749
2.193368
2.209112
2.224662
2.240244
2.256012
2.271592
2.287004
2.302535
2.317995
2.333589
2.349076
2.364521
2.380205
2.395542
2.411031
2.426305
2.441852
2.457563
2.472897
2.488575
2.503768
2.519339
2.534972
2.550480
2.566026
2.581495
2.596922
2.612408
2.628084
2.643429
2.658898
2.674531
2.689919
2.705529
2.720961
2.736448
2.751758
2.767499
2.782761
2.798373
2.813701
2.829257
2.844417
2.860026
2.875219
2.890934
2.906151
2.921340
2.936704
2.952275
2.967399
2.982646
2.998291
3.013191
3.028522
3.043741
3.058883
3.073918
3.089386
3.104277
3.119886
3.134738
3.149778
3.165040
3.180155
3.195138
3.210223
3.225428
3.240513
3.255623
3.270797
3.285829
3.301121
3.316191
3.331363
3.346370
3.361629
3.376696
3.391733
3.407040
3.422257
3.437327
3.452463
3.467522
3.482772
3.497956
3.512879
3.527901
3.543328
3.558254
3.573420
3.588445
3.603525
3.618613
3.633749
3.648819
3.663838
3.678977
3.693996
3.708887
3.723978
3.738922
3.753968
3.768760
3.783872
3.798628
3.813659
3.828418
3.843350
3.858390
3.873107
3.888003
3.902884
3.917766
3.932489
3.947406
3.962075
3.976905
3.991948
4.006746
4.021708
4.036599
4.051213
4.066359
4.081180
4.095926
4.110883
4.125875
4.140915
4.155671
4.170654
4.185538
4.200591
4.215532
4.230542
4.245355
4.260416
4.275417
4.290326
4.305336
4.320268
4.335251
4.350276
4.365479
4.380081
4.395274
4.410042
4.425070
4.440221
4.455225
4.469954
4.485219
4.499963
4.514913
4.529800
4.544760
4.559854
4.574825
4.589365
4.604525
4.619427
4.634216
4.649145
4.664120
4.678833
4.693750
4.708767
4.723522
4.738344
4.753387
4.768178
4.783183
4.798085
4.812979
4.828022
4.842942
4.857883
4.872849
4.888012
4.902818
4.917721
4.933162
4.947876
4.963123
4.978058
4.993155
5.008076
5.023092
5.038447
5.053295
5.068404
5.083379
5.098476
5.113615
5.128583
5.143662
5.158813
5.173800
5.188732
5.203859
5.218935
5.234047
5.248821
5.263933
5.278925
5.293879
5.308769
5.323833
5.338858
5.353656
5.368537
5.383434
5.398306
5.413274
5.428000
5.442989
5.457547
5.472432
5.487202
5.501982
5.516818
5.531505
5.546272
5.561010
5.575831
5.590764
5.605600
5.620287
5.634955
5.649939
5.664557
5.679282
5.694149
5.708853
5.723636
5.738326
5.753027
5.768133
5.782769
5.797641
5.812361
5.827107
5.841944
5.856625
5.871485
5.886241
5.900972
5.915758
5.930415
5.945233
5.959887
5.974493
5.989290
6.003881
6.018337
6.033359
6.047662
6.062361
6.076967
6.091578
6.106151
6.120694
6.135174
6.149771
6.164382
6.178593
6.193163
6.207703
6.222230
6.236594
6.250921
6.265275
6.279791
0.011073
0.025428
0.039872
0.054321
0.068622
0.083027
0.097462
0.111684
0.126266
0.140620
0.154914
0.169352
0.183844
0.198186
0.212384
0.226972
0.241569
0.255606
0.270301
0.284470
0.299315
0.313471
0.327769
0.342159
0.356833
0.370981
0.385371
0.399926
0.414328
0.428502
0.442883
0.457174
0.471525
0.485906
0.500195
0.514642
0.529059
0.543257
0.557650
0.571872
0.586085
0.600362
0.614545
0.628803
0.643017
0.657299
0.671338
0.685570
0.699735
0.713843
0.727982
0.742189
0.756309
0.770301
0.784763
0.798602
0.812833
0.827052
0.841323
0.855155
0.869542
0.883396
0.897556
0.912080
0.926051
0.940112
0.954283
0.968421
0.982901
0.997001
1.011139
1.025415
1.039676
1.053812
1.068067
1.082421
1.096655
1.110938
1.125202
1.139400
1.153724
1.167962
1.182058
1.196580
1.210742
1.225006
1.239289
1.253658
1.267976
1.282225
1.296399
1.310697
1.324721
1.339126
1.353307
1.367430
1.381808
1.395890
1.410121
1.424679
1.438745
1.452967
1.467181
1.481424
1.495466
1.509728
1.523977
1.538082
1.552290
1.566407
1.580740
1.595028
1.609044
1.623167
1.637303
1.651825
1.665789
1.679979
1.694345
1.708642
1.722993
1.737146
1.751438
1.765980
1.780104
1.794407
1.808917
1.823103
1.837376
1.851686
1.866079
1.880340
1.894760
1.908889
1.923435
1.937903
1.952134
1.966488
1.980927
1.995200
2.009623
2.024082
2.038211
2.052568
2.066961
2.081172
2.095490
2.109970
2.124276
2.138255
2.152834
2.166781
2.181174
2.195438
2.209460
2.223982
2.237955
2.252300
2.266322
2.280562
2.294650
2.308800
2.323028
2.337041
2.351341
2.365294
2.379291
2.393244
2.407526
2.421587
2.435632
2.449842
2.463864
2.477846
2.492099
2.506102
2.520262
2.534388
2.548305
2.562488
2.576638
2.590744
2.604825
2.619089
2.632973
2.647192
2.661364
2.675382
2.689461
2.703707
2.717738
2.731783
2.745903
2.759844
2.773893
2.787992
2.802044
2.816068
2.830225
2.843964
2.858181
2.872046
2.886275
2.899988
2.914048
2.927953
2.941846
2.956044
2.969667
2.983560
2.997488
3.011315
3.025181
3.039056
3.052799
3.066589
3.080479
3.094237
3.107965
3.121780
3.135481
3.149221
3.163098
3.176665
3.190284
3.204078
3.217974
3.231606
3.245487
3.259062
3.272811
3.286695
3.300150
3.314094
3.327798
3.341334
3.355412
3.368876
3.382907
3.396554
3.410120
3.424004
3.437549
3.451604
3.465134
3.478862
3.492778
3.506341
3.520117
3.533818
3.547585
3.561208
3.575050
3.588694
3.602254
3.616123
3.629626
3.643150
3.656971
3.670606
3.684035
3.697894
3.711461
3.725012
3.738626
3.752156
3.765635
3.779318
3.792768
3.806271
3.819840
3.833241
3.846730
3.860358
3.873685
3.887152
3.900724
3.914012
3.927440
3.940928
3.954501
3.967638
3.981351
3.994675
4.007959
4.021663
4.035100
4.048433
4.062047
4.075404
4.088871
4.102392
4.115856
4.129338
4.142887
4.156342
4.169872
4.183444
4.196978
4.210427
4.224038
4.237520
4.251062
4.264649
4.278273
4.291755
4.305333
4.318845
4.332417
4.346292
4.359415
4.373346
4.386670
4.400203
4.413790
4.427317
4.440824
4.454327
4.467782
4.481315
4.495037
4.508582
4.522019
4.535589
4.549038
4.562496
4.576015
4.589416
4.602994
4.616419
4.629908
4.643333
4.656836
4.670159
4.683591
4.697121
4.710642
4.723876
4.737508
4.750861
4.764277
4.777799
4.791179
4.804548
4.818350
4.831650
4.845381
4.858638
4.872276
4.885747
4.899412
4.912840
4.926367
4.940128
4.953554
4.967234
4.980701
4.994255
5.007863
5.021552
5.034983
5.048604
5.062256
5.075822
5.089398
5.103137
5.116626
5.130066
5.143722
5.157249
5.170789
5.184532
5.197936
5.211457
5.225128
5.238595
5.252215
5.265701
5.279117
5.292611
5.306150
5.319588
5.333004
5.346624
5.359753
5.373337
5.386670
5.400056
5.413502
5.426951
5.440266
5.453610
5.466850
5.480146
5.493682
5.506901
5.520141
5.533386
5.546731
5.560012
5.573213
5.586545
5.599983
5.613168
5.626480
5.639647
5.653067
5.666393
5.679501
5.693001
5.706052
5.719483
5.732807
5.746013
5.759265
5.772630
5.786023
5.799142
5.812427
5.825778
5.838981
5.852269
5.865598
5.878775
5.892008
5.905173
5.918706
5.931754
5.945026
5.958284
5.971416
5.984685
5.997784
6.010940
6.024176
6.037338
6.050446
6.063637
6.076556
6.089970
6.103014
6.115948
6.128999
6.142077
6.155140
6.168182
6.181209
6.194134
6.207149
6.220322
6.233076
6.246100
6.259058
6.271989
0.001660
0.014750
0.027495
0.040396
0.053504
0.066336
0.079168
0.092228
0.105275
0.117982
0.130868
0.143754
0.156763
0.169679
0.182556
0.195505
0.208478
0.221331
0.234325
0.247268
0.260022
0.272971
0.286016
0.298830
0.311836
0.324799
0.337784
0.350721
0.363476
0.376526
0.389346
0.402212
0.415193
0.428020
0.440918
0.453681
0.466549
0.479627
0.492276
0.505213
0.517964
0.530886
0.543598
0.556437
0.569155
0.582053
0.594807
0.607510
0.620271
0.633088
0.645851
0.658509
0.671263
0.683967
0.696748
0.709376
0.722002
0.734729
0.747432
0.759905
0.772641
0.785461
0.797880
0.810541
0.823340
0.835939
0.848576
0.861303
0.873959
0.886683
0.899338
0.911943
0.924556
0.937394
0.950040
0.962618
0.975606
0.988294
1.000914
1.013788
1.026437
1.039074
1.051990
1.064664
1.077379
1.090130
1.102860
1.115722
1.128423
1.141120
1.153961
1.166718
1.179317
1.192089
1.204897
1.217612
1.230507
1.243477
1.256028
1.268869
1.281803
1.294380
1.307167
1.319766
1.332670
1.345190
1.357971
1.370768
1.383504
1.396240
1.408907
1.421614
1.434395
1.447020
1.459703
1.472445
1.485139
1.498007
1.510462
1.523162
1.535739
1.548628
1.561065
1.573855
1.586571
1.599199
1.612052
1.624797
1.637297
1.649976
1.662727
1.675371
1.688107
1.700915
1.713687
1.726355
1.739238
1.751974
1.764746
1.777482
1.790398
1.802943
1.815916
1.828556
1.841502
1.854382
1.866998
1.879789
1.892812
1.905615
1.918393
1.931204
1.944003
1.956805
1.969640
1.982422
1.995311
2.008101
2.020846
2.033687
2.046528
2.059309
2.072016
2.084848
2.097566
2.110548
2.123176
2.135927
2.148691
2.161400
2.174031
2.186723
2.199513
2.212144
2.224991
2.237545
2.250143
2.262828
2.275573
2.288070
2.300725
2.313363
2.326027
2.338494
2.351134
2.363670
2.376139
2.388651
2.401225
2.413836
2.426515
2.439149
2.451637
2.464134
2.476696
2.489255
2.501908
2.514437
2.526949
2.539676
2.552062
2.564663
2.577291
2.589866
2.602533
2.615060
2.627577
2.640278
2.652831
2.665442
2.677947
2.690372
2.703192
2.715430
2.728134
2.740660
2.753235
2.765683
2.778282
2.790910
2.803257
2.815799
2.828325
2.840765
2.853246
2.865818
2.878464
2.890763
2.903155
2.915489
2.928019
2.940300
2.952853
2.965215
2.977565
2.989965
3.002294
3.014596
3.026916
3.039229
3.051585
3.063881
3.076003
3.088422
3.100807
3.112864
3.125258
3.137374
3.149565
3.161735
3.173986
3.186243
3.198518
3.210670
3.222906
3.235076
3.247491
3.259529
3.271897
3.284010
3.296195
3.308497
3.320640
3.332876
3.345241
3.357408
3.369467
3.381819
3.394139
3.406237
3.418554
3.430646
3.442885
3.455256
3.467303
3.479416
3.491969
3.503909
3.516220
3.528368
3.540601
3.552852
3.565007
3.577129
3.589404
3.601331
3.613618
3.625674
3.637958
3.649993
3.662097
3.674169
3.686288
3.698275
3.710496
3.722501
3.734485
3.746631
3.758657
3.770782
3.782656
3.794820
3.806696
3.818818
3.830632
3.842580
3.854561
3.866435
3.878371
3.890376
3.902228
3.914153
3.926134
3.938082
3.950012
3.961928
3.973750
3.985791
3.997704
4.009610
4.021462
4.033483
4.045371
4.057313
4.069262
4.081240
4.093191
4.105085
4.116986
4.128943
4.141080
4.152882
4.164860
4.176889
4.188807
4.200866
4.212851
4.224790
4.236771
4.248809
4.260787
4.272768
4.284822
4.296797
4.308853
4.320942
4.332846
4.344878
4.356913
4.368688
4.380905
4.392994
4.404796
4.416843
4.428857
4.440740
4.452757
4.464801
4.476596
4.488694
4.500538
4.512444
4.524360
4.536502
4.548247
4.560189
4.572162
4.584113
4.596118
4.607869
4.619628
4.631729
4.643656
4.655416
4.667391
4.679187
4.691231
4.702978
4.714906
4.726719
4.738500
4.750412
4.762396
4.774233
4.786194
4.798049
4.809949
4.821931
4.833732
4.845693
4.857587
4.869589
4.881454
4.893369
4.905284
4.917328
4.929337
4.941153
4.953074
4.965256
4.977199
4.989156
5.001257
5.012920
5.025081
5.036949
5.048978
5.060965
5.072976
5.084904
5.096825
5.108878
5.120988
5.132853
5.144873
5.156716
5.168670
5.180685
5.192579
5.204488
5.216536
5.228436
5.240270
5.252185
5.264104
5.276016
5.287874
5.299694
5.311525
5.323464
5.335224
5.346918
5.359148
5.370539
5.382511
5.394235
5.405877
5.417987
5.429585
5.441260
5.452918
5.464900
5.476324
5.488128
5.499813
5.511476
5.523179
5.534965
5.546578
5.558167
5.569989
5.581602
5.593196
5.604914
5.616701
5.628211
5.640013
5.651670
5.663322
5.675001
5.686665
5.698343
5.709998
5.721641
5.733337
5.745079
5.756640
5.768373
5.780013
5.791614
5.803262
5.814980
5.826577
5.838220
5.849988
5.861490
5.873154
5.884827
5.896298
5.907992
5.919755
5.931251
5.942836
5.954467
5.965996
5.977582
5.989197
6.000672
6.012312
6.023838
6.035205
6.046707
6.058280
6.069818
6.081287
6.092915
6.104270
6.115733
6.127399
6.138545
6.150092
6.161614
6.172894
6.184300
6.195827
6.207235
6.218522
6.229841
6.241297
6.252464
6.263882
6.275129
0.003254
0.014612
0.025823
0.037163
0.048449
0.060008
0.071207
0.082481
0.093699
0.105042
0.116301
0.127608
0.139104
0.150186
0.161487
0.173067
0.184072
0.195699
0.206791
0.218119
0.229402
0.240814
0.252046
0.263305
0.274675
0.286010
0.297233
0.308588
0.319907
0.331220
0.342545
0.353774
0.365034
0.376356
0.387561
0.398949
0.410238
0.421497
0.432678
0.444099
0.455161
0.466516
0.477592
0.488983
0.500009
0.511520
0.522425
0.533693
0.544953
0.556158
0.567246
0.578443
0.589585
0.600817
0.612016
0.623105
0.634175
0.645455
0.656388
0.667497
0.678679
0.689776
0.700849
0.711983
0.722975
0.734052
0.745056
0.756202
0.767170
0.778363
0.789371
0.800429
0.811437
0.822450
0.833611
0.844585
0.855572
0.866690
0.877737
0.888684
0.899698
0.910870
0.921922
0.933050
0.944099
0.955152
0.966201
0.977376
0.988405
0.999556
1.010711
1.021712
1.032812
1.043943
1.055013
1.066165
1.077427
1.088392
1.099490
1.110689
1.121753
1.132956
1.144050
1.155159
1.166179
1.177450
1.188527
1.199657
1.210835
1.221974
1.233231
1.244217
1.255252
1.266391
1.277452
1.288751
1.299632
1.310912
1.321968
1.333068
1.344235
1.355164
1.366360
1.377512
1.388576
1.399740
1.410831
1.421778
1.432855
1.444075
1.454888
1.466051
1.477152
1.488228
1.499194
1.510270
1.521167
1.532261
1.543314
1.554540
1.565275
1.576633
1.587311
1.598624
1.609535
1.620582
1.631541
1.642552
1.653661
1.664621
1.675901
1.686813
1.697928
1.709046
1.720090
1.731199
1.742548
1.753457
1.764599
1.775769
1.786731
1.797835
1.809046
1.820197
1.831300
1.842416
1.853519
1.864629
1.875801
1.886817
1.898100
1.909255
1.920403
1.931626
1.942652
1.953860
1.964871
1.976058
1.987023
1.998160
2.009356
2.020453
2.031760
2.042783
2.054048
2.064900
2.076228
2.087188
2.098252
2.109397
2.120417
2.131454
2.142645
2.153640
2.164582
2.175661
2.186642
2.197754
2.208761
2.219625
2.230747
2.241673
2.252666
2.263547
2.274660
2.285500
2.296417
2.307449
2.318297
2.329233
2.340160
2.351059
2.361971
2.372847
2.383680
2.394619
2.405635
2.416418
2.427255
2.438268
2.449138
2.459960
2.470892
2.481768
2.492584
2.503579
2.514329
2.525217
2.536126
2.546953
2.557850
2.568849
2.579685
2.590543
2.601503
2.612411
2.623230
2.634154
2.644930
2.655908
2.666811
2.677546
2.688520
2.699447
2.710238
2.721108
2.731966
2.742794
2.753636
2.764422
2.775235
2.786060
2.796992
2.807709
2.818546
2.829416
2.840204
2.851029
2.861650
2.872565
2.883252
2.894136
2.904769
2.915525
2.926386
2.937085
2.947727
2.958384
2.969191
2.979845
2.990564
3.001254
3.011938
3.022607
3.033210
3.043921
3.054572
3.065094
3.075686
3.086387
3.096879
3.107450
3.118005
3.128734
3.139241
3.149865
3.160306
3.170927
3.181497
3.192103
3.202508
3.213243
3.223685
3.234234
3.244828
3.255371
3.265842
3.276400
3.286812
3.297540
3.308110
3.318606
3.329158
3.339761
3.350295
3.360853
3.371354
3.381849
3.392443
3.403059
3.413575
3.424130
3.434616
3.445186
3.455681
3.466248
3.476737
3.487293
3.497893
3.508373
3.518868
3.529501
3.539837
3.550234
3.560867
3.571464
3.581917
3.592137
3.602752
3.613235
3.623676
3.634043
3.644502
3.654967
3.665408
3.675777
3.686144
3.696747
3.707041
3.717336
3.727783
3.738149
3.748531
3.758855
3.769096
3.779474
3.789870
3.800132
3.810558
3.820694
3.831123
3.841435
3.851547
3.861902
3.872085
3.882437
3.892515
3.902884
3.912951
3.923459
3.933414
3.943814
3.953910
3.964196
3.974319
3.984764
3.994854
4.005098
4.015341
4.025453
4.035769
4.046042
4.056306
4.066382
4.076857
4.086965
4.097212
4.107533
4.117636
4.127987
4.138189
4.148411
4.158688
4.168991
4.179166
4.189517
4.199626
4.210103
4.220098
4.230485
4.240822
4.250946
4.261252
4.271447
4.281877
4.292042
4.302271
4.312532
4.322836
4.333094
4.343290
4.353593
4.363801
4.374113
4.384321
4.394444
4.404700
4.415075
4.425280
4.435487
4.445632
4.456047
4.466116
4.476339
4.486519
4.496736
4.507033
4.517073
4.527272
4.537503
4.547615
4.557747
4.568051
4.578160
4.588286
4.598599
4.608582
4.618705
4.629054
4.638920
4.649205
4.659287
4.669395
4.679471
4.689628
4.699722
4.709881
4.719858
4.729919
4.740094
4.750352
4.760392
4.770399
4.780624
4.790757
4.800850
4.810983
4.820990
4.831165
4.841411
4.851409
4.861605
4.871803
4.881843
4.892008
4.902123
4.912460
4.922428
4.932623
4.942738
4.952915
4.963162
4.973139
4.983541
4.993512
5.003791
5.013858
5.024149
5.034210
5.044274
5.054523
5.064686
5.074942
5.085095
5.095231
5.105361
5.115553
5.125584
5.135879
5.145999
5.156069
5.166204
5.176406
5.186473
5.196624
5.206714
5.216781
5.226968
5.236999
5.247083
5.257078
5.267411
5.277247
5.287329
5.297396
5.307385
5.317454
5.327425
5.337381
5.347358
5.357473
5.367408
5.377328
5.387296
5.397231
5.407124
5.417160
5.427026
5.436883
5.447040
5.456759
5.466754
5.476497
5.486480
5.496190
5.506272
5.516045
5.525878
5.535717
5.545562
5.555422
5.565297
5.575112
5.584984
5.594784
5.604578
5.614427
5.624452
5.633997
5.644001
5.653813
5.663568
5.673404
5.683432
5.693073
5.702951
5.712751
5.722551
5.732414
5.742223
5.752003
5.761794
5.771705
5.781406
5.791206
5.801063
5.810869
5.820591
5.830406
5.840242
5.850007
5.859809
5.869511
5.879248
5.889108
5.898794
5.908597
5.918299
5.927946
5.937869
5.947447
5.957214
5.967060
5.976674
5.986351
5.996022
6.005772
6.015314
6.024979
6.034680
6.044472
6.054023
6.063622
6.073324
6.082947
6.092675
6.102155
6.111787
6.121353
6.130887
6.140480
6.150109
6.159568
6.169143
6.178800
6.188252
6.197756
6.207346
6.216778
6.226323
6.235779
6.245222
6.254776
6.264277
6.273721
0.000084
0.009405
0.018947
0.028334
0.037792
0.047278
0.056613
0.066075
0.075611
0.085019
0.094436
0.103912
0.113209
0.122877
0.132183
0.141666
0.151091
0.160403
0.170011
0.179491
0.188838
0.198264
0.207794
0.217118
0.226577
0.236047
0.245440
0.254883
0.264294
0.273786
0.283235
0.292679
0.302044
0.311515
0.320938
0.330315
0.339741
0.349133
0.358622
0.367994
0.377461
0.386791
0.396216
0.405588
0.415020
0.424418
0.433883
0.443165
0.452461
0.461962
0.471310
0.480573
0.490104
0.499371
0.508691
0.518030
0.527543
0.536827
0.546109
0.555409
0.564849
0.574011
0.583299
0.592650
0.601905
0.611216
0.620456
0.629768
0.639023
0.648260
0.657395
0.666862
0.675970
0.685264
0.694438
0.703702
0.712789
0.722178
0.731331
0.740505
0.749802
0.758949
0.768072
0.777306
0.786525
0.795540
0.804864
0.814034
0.823086
0.832400
0.841604
0.850691
0.859871
0.869249
0.878249
0.887423
0.896657
0.905882
0.915044
0.924295
0.933397
0.942619
0.951823
0.960895
0.970225
0.979471
0.988591
0.997801
1.007097
1.016199
1.025406
1.034694
1.043691
1.052982
1.062294
1.071551
1.080680
1.089929
1.099088
1.108352
1.117604
1.126724
1.135976
1.145284
1.154461
1.163620
1.172875
1.182127
1.191364
1.200523
1.209691
1.219005
1.228224
1.237308
1.246602
1.255890
1.264998
1.274124
1.283367
1.292592
1.301786
1.311002
1.320173
1.329287
1.338521
1.347680
1.356788
1.365929
1.375229
1.384310
1.393472
1.402688
1.411742
1.421098
1.430107
1.439326
1.448395
1.457485
1.466659
1.475788
1.484884
1.494007
1.503181
1.512154
1.521349
1.530424
1.539646
1.548721
1.557752
1.566898
1.575929
1.585025
1.594229
1.603277
1.612432
1.621436
1.630592
1.639667
1.648924
1.657961
1.667090
1.676141
1.685267
1.694399
1.703504
1.712660
1.721812
1.730897
1.740053
1.749166
1.758526
1.767490
1.776676
1.785787
1.794973
1.804207
1.813327
1.822459
1.831783
1.840816
1.849927
1.859137
1.868233
1.877413
1.886706
1.895892
1.904842
1.914099
1.923243
1.932429
1.941621
1.950801
1.959819
1.969077
1.978179
1.987272
1.996635
2.005626
2.014710
2.024028
2.033022
2.042247
2.051337
2.060352
2.069562
2.078787
2.087811
2.096991
2.106156
2.115132
2.124222
2.133381
2.142480
2.151462
2.160567
2.169615
2.178783
2.187750
2.196822
2.205724
2.214910
2.223799
2.232841
2.241913
2.250889
2.259910
2.268982
2.277824
2.286827
2.295914
2.304857
2.313695
2.322672
2.331741
2.340531
2.349540
2.358334
2.367439
2.376310
2.385208
2.394217
2.403026
2.411972
2.420799
2.429766
2.438643
2.447775
2.456640
2.465449
2.474392
2.483326
2.492260
2.501153
2.510042
2.518931
2.527800
2.536770
2.545623
2.554482
2.563638
2.572357
2.581249
2.590333
2.599055
2.607965
2.616968
2.625726
2.634636
2.643594
2.652462
2.661418
2.670247
2.679085
2.688038
2.696885
2.705729
2.714598
2.723502
2.732325
2.741230
2.750092
2.758972
2.767796
2.776613
2.785491
2.794263
2.803125
2.811865
2.820820
2.829625
2.838389
2.847203
2.856062
2.864868
2.873598
2.882407
2.891143
2.899928
2.908697
2.917437
2.926206
2.934961
2.943628
2.952302
2.961266
2.969829
2.978520
2.987302
2.995993
3.004637
3.013436
3.022050
3.030754
3.039361
3.047993
3.056637
3.065295
3.073909
3.082540
3.091358
3.099714
3.108432
3.117004
3.125633
3.134300
3.142794
3.151417
3.160036
3.168488
3.177165
3.185785
3.194359
3.202766
3.211398
3.220021
3.228568
3.237056
3.245795
3.254205
3.262828
3.271379
3.279974
3.288465
3.297112
3.305627
3.314138
3.322800
3.331228
3.339758
3.348422
3.356964
3.365458
3.374081
3.382595
3.391095
3.399718
3.408209
3.416765
3.425409
3.433768
3.442334
3.450872
3.459444
3.467965
3.476426
3.484947
3.493470
3.501985
3.510467
3.519060
3.527449
3.535949
3.544556
3.552927
3.561448
3.569909
3.578355
3.586819
3.595294
3.603851
3.612183
3.620629
3.629006
3.637440
3.645934
3.654326
3.662730
3.671092
3.679412
3.687881
3.696351
3.704707
3.712961
3.721467
3.729799
3.738071
3.746520
3.754783
3.763119
3.771373
3.779669
3.788037
3.796276
3.804578
3.812841
3.821170
3.829379
3.837597
3.845978
3.854208
3.862423
3.870716
3.878958
3.887122
3.895463
3.903571
3.911825
3.920151
3.928225
3.936497
3.944656
3.952838
3.961032
3.969262
3.977355
3.985558
3.993794
4.001955
4.010164
4.018385
4.026517
4.034732
4.042935
4.051162
4.059434
4.067557
4.075820
4.083921
4.092103
4.100411
4.108582
4.116794
4.124922
4.133101
4.141314
4.149466
4.157771
4.165986
4.174144
4.182279
4.190584
4.198655
4.206981
4.215038
4.223256
4.231417
4.239620
4.247803
4.256060
4.264296
4.272343
4.280585
4.288663
4.296887
4.305123
4.313341
4.321452
4.329562
4.337849
4.345914
4.354171
4.362333
4.370332
4.378509
4.386763
4.394843
4.402926
4.411190
4.419309
4.427497
4.435640
4.443676
4.451798
4.459980
4.468025
4.476195
4.484296
4.492352
4.500544
4.508540
4.516732
4.524770
4.532892
4.540895
4.549053
4.557163
4.565154
4.573147
4.581326
4.589281
4.597278
4.605382
4.613379
4.621357
4.629338
4.637395
4.645409
4.653520
4.661495
4.669441
4.677464
4.685475
4.693475
4.701474
4.709408
4.717350
4.725404
4.733346
4.741310
4.749369
4.757309
4.765266
4.773287
4.781193
4.789241
4.797189
4.805195
4.813146
4.821224
4.829113
4.837234
4.845135
4.853162
4.861092
4.869175
4.877157
4.885064
4.893123
4.901060
4.909050
4.917070
4.925016
4.933031
4.941090
4.948999
4.956975
4.964998
4.972953
4.980902
4.988937
4.996873
5.004855
5.012923
5.020812
5.028788
5.036856
5.044709
5.052597
5.060687
5.068659
5.076491
5.084502
5.092421
5.100414
5.108420
5.116398
5.124350
5.132257
5.140232
5.148120
5.156132
5.164018
5.171891
5.179821
5.187696
5.195674
5.203496
5.211472
5.219271
5.227153
5.235009
5.242886
5.250751
5.258582
5.266423
5.274353
5.282143
5.289987
5.297782
5.305575
5.313386
5.321211
5.329025
5.336770
5.344647
5.352386
5.360070
5.367857
5.375653
5.383374
5.391130
5.398830
5.406575
5.414380
5.421999
5.429639
5.437363
5.445035
5.452721
5.460426
5.468108
5.475781
5.483403
5.491019
5.498620
5.506329
5.513870
5.521558
5.529324
5.536891
5.544517
5.552105
5.559716
5.567400
5.575049
5.582596
5.590212
5.597852
5.605319
5.612916
5.620652
5.628221
5.635762
5.643300
5.651005
5.658541
5.666094
5.673656
5.681253
5.688864
5.696396
5.704018
5.711574
5.719073
5.726644
5.734212
5.741750
5.749312
5.756937
5.764409
5.771995
5.779593
5.787056
5.794559
5.802142
5.809703
5.817230
5.824738
5.832255
5.839799
5.847394
5.854782
5.862293
5.869762
5.877367
5.884776
5.892317
5.899765
5.907231
5.914754
5.922224
5.929681
5.937228
5.944712
5.952103
5.959558
5.966972
5.974493
5.981896
5.989269
5.996678
6.004187
6.011518
6.018849
6.026273
6.033758
6.041005
6.048435
6.055941
6.063215
6.070564
6.078018
6.085287
6.092828
6.100045
6.107383
6.114657
6.121962
6.129314
6.136615
6.143980
6.151269
6.158523
6.165824
6.173128
6.180403
6.187695
6.195068
6.202235
6.209444
6.216793
6.223941
6.231192
6.238448
6.245675
6.252886
6.260137
6.267276
6.274428
6.281729
0.005728
0.012865
0.020184
0.027315
0.034563
0.041726
0.048890
0.056101
0.063343
0.070458
0.077655
0.084872
0.092003
0.099113
0.106324
0.113572
0.120750
0.127980
0.135137
0.142262
0.149593
0.156676
0.163800
0.170979
0.178148
0.185219
0.192404
0.199684
0.206692
0.213924
0.221067
0.228320
0.235358
0.242528
0.249796
0.256891
0.264111
0.271101
0.278424
0.285449
0.292706
0.299848
0.306940
0.314029
0.321213
0.328308
0.335349
0.342623
0.349619
0.356872
0.363964
0.371103
0.378189
0.385320
0.392480
0.399500
0.406673
0.413692
0.420838
0.427900
0.434920
0.442140
0.449211
0.456227
0.463337
0.470426
0.477538
0.484495
0.491641
0.498559
0.505731
0.512685
0.519744
0.526791
0.533957
0.540953
0.547898
0.554855
0.562006
0.568900
0.575968
0.582937
0.589980
0.596958
0.603948
0.610926
0.617979
0.624962
0.631943
0.638828
0.645758
0.652844
0.659753
0.666709
0.673672
0.680632
0.687508
0.694495
0.701398
0.708361
0.715225
0.722184
0.729201
0.735948
0.742992
0.749850
0.756780
0.763710
0.770481
0.777462
0.784341
0.791184
0.798072
0.805064
0.811802
0.818675
0.825611
0.832538
0.839408
0.846317
0.853166
0.860138
0.867017
0.873791
0.880733
0.887645
0.894509
0.901355
0.908260
0.915094
0.921976
0.928981
0.935719
0.942676
0.949546
0.956461
0.963268
0.970219
0.977014
0.983908
0.990838
0.997684
1.004530
1.011433
1.018452
1.025286
1.032207
1.039047
1.045920
1.052856
1.059681
1.066560
1.073448
1.080372
1.087209
1.094139
1.101087
1.107903
1.114818
1.121657
1.128489
1.135433
1.142273
1.149140
1.156055
1.162928
1.169774
1.176710
1.183505
1.190426
1.197296
1.204112
1.210922
1.217894
1.224683
1.231496
1.238357
1.245239
1.252121
1.258991
1.265852
1.272647
1.279562
1.286345
1.293152
1.300061
1.306838
1.313606
1.320572
1.327391
1.334198
1.341014
1.347830
1.354622
1.361438
1.368194
1.374974
1.381862
1.388588
1.395371
1.402181
1.408886
1.415774
1.422572
1.429266
1.436034
1.442814
1.449603
1.456377
1.463121
1.469850
1.476624
1.483386
1.490086
1.496842
1.503661
1.510315
1.517074
1.523821
1.530559
1.537324
1.543979
1.550666
1.557467
1.564313
1.570940
1.577639
1.584389
1.591044
1.597752
1.604499
1.611174
1.617849
1.624698
1.631308
1.638115
1.644826
1.651504
1.658248
1.664956
1.671671
1.678475
1.685159
1.691807
1.698521
1.705412
1.712021
1.718760
1.725540
1.732278
1.738977
1.745718
1.752423
1.759113
1.765908
1.772557
1.779325
1.786147
1.792801
1.799452
1.806208
1.812830
1.819661
1.826390
1.833059
1.839776
1.846517
1.853276
1.859958
1.866717
1.873458
1.880127
1.886919
1.893594
1.900264
1.907017
1.913725
1.920415
1.927147
1.933891
1.940495
1.947353
1.953929
1.960643
1.967402
1.974062
1.980747
1.987539
1.994166
2.000865
2.007681
2.014252
2.020930
2.027632
2.034223
2.040977
2.047538
2.054261
2.060933
2.067599
2.074230
2.081031
2.087535
2.094210
2.100930
2.107474
2.114101
2.120800
2.127413
2.134049
2.140664
2.147249
2.153853
2.160516
2.167029
2.173681
2.180251
2.186842
2.193446
2.200019
2.206580
2.213241
2.219745
2.226241
2.232880
2.239462
2.245916
2.252483
2.259104
2.265561
2.272083
2.278698
2.285212
2.291603
2.298296
2.304617
2.311182
2.317707
2.324239
2.330731
2.337245
2.343743
2.350166
2.356671
2.363124
2.369554
2.376196
2.382452
2.388983
2.395467
2.401911
2.408371
2.414732
2.421275
2.427689
2.434206
2.440587
2.447071
2.453557
2.459981
2.466437
2.472891
2.479308
2.485621
2.492209
2.498513
2.505042
2.511453
2.517904
2.524300
2.530781
2.537180
2.543637
2.550102
2.556472
2.562881
2.569304
2.575695
2.582103
2.588569
2.594956
2.601359
2.607812
2.614224
2.620600
2.627020
2.633411
2.639807
2.646267
2.652621
2.659045
2.665468
2.671805
2.678184
2.684586
2.690923
2.697367
2.703665
2.710119
2.716443
2.722825
2.729203
2.735579
2.742009
2.748342
2.754604
2.760944
2.767265
2.773659
2.779993
2.786332
2.792621
2.799015
2.805324
2.811658
2.818037
2.824334
2.830635
2.836999
2.843230
2.849543
2.855889
2.862139
2.868409
2.874773
2.880924
2.887317
2.893579
2.899847
2.906010
2.912367
2.918620
2.924822
2.931120
2.937336
2.943604
2.949821
2.956044
2.962222
2.968600
2.974718
2.980935
2.987158
2.993309
2.999532
3.005730
3.011905
3.018044
3.024351
3.030472
3.036599
3.042813
3.048973
3.055156
3.061355
3.067419
3.073645
3.079706
3.085902
3.092011
3.098156
3.104214
3.110350
3.116474
3.122607
3.128668
3.134777
3.140802
3.146955
3.153083
3.159087
3.165172
3.171394
3.177419
3.183496
3.189599
3.195651
3.201732
3.207820
3.213872
3.219943
3.225997
3.232091
3.238150
3.244246
3.250281
3.256363
3.262465
3.268446
3.274558
3.280640
3.286629
3.292738
3.298826
3.304836
3.310882
3.317060
3.322989
3.329017
3.335078
3.341130
3.347170
3.353231
3.359289
3.365299
3.371408
3.377289
3.383353
3.389510
3.395412
3.401459
3.407505
3.413428
3.419384
3.425544
3.431440
3.437492
3.443412
3.449536
3.455373
3.461506
3.467384
3.473346
3.479395
3.485336
3.491259
3.497231
3.503238
3.509185
3.515120
3.521112
3.527002
3.532974
3.538828
3.544796
3.550716
3.556603
3.562551
3.568447
3.574406
3.580293
3.586264
3.592092
3.597967
3.603857
3.609726
3.615596
3.621495
3.627313
3.633305
3.639064
3.644843
3.650781
3.656600
3.662424
3.668242
3.674067
3.679978
3.685679
3.691486
3.697325
3.703081
3.708899
3.714696
3.720488
3.726225
3.731972
3.737757
3.743539
3.749292
3.755077
3.760829
3.766522
3.772227
3.778033
3.783716
3.789403
3.795191
3.800788
3.806480
3.812212
3.817889
3.823549
3.829242
3.834910
3.840590
3.846229
3.852015
3.857536
3.863214
3.868885
3.874524
3.880183
3.885789
3.891443
3.897063
3.902753
3.908238
3.914003
3.919495
3.925151
3.930802
3.936378
3.942022
3.947658
3.953146
3.958902
3.964409
3.969990
3.975608
3.981228
3.986777
3.992347
3.997947
4.003516
4.009089
4.014668
4.020219
4.025855
4.031457
4.037021
4.042570
4.048094
4.053727
4.059246
4.064800
4.070349
4.075910
4.081440
4.087007
4.092586
4.098072
4.103623
4.109169
4.114730
4.120239
4.125797
4.131298
4.136826
4.142365
4.147857
4.153424
4.158988
4.164434
4.169953
4.175540
4.180996
4.186506
4.192025
4.197496
4.203098
4.208587
4.214043
4.219580
4.225122
4.230530
4.236073
4.241595
4.247098
4.252569
4.258073
4.263580
4.269006
4.274500
4.279971
4.285472
4.290952
4.296404
4.301888
4.307382
4.312868
4.318363
4.323761
4.329292
4.334622
4.340132
4.345600
4.351023
4.356472
4.361925
4.367363
4.372777
4.378137
4.383626
4.389055
4.394409
4.399909
4.405308
4.410710
4.416103
4.421484
4.426847
4.432225
4.437621
4.442966
4.448349
4.453784
4.459111
4.464378
4.469891
4.475164
4.480536
4.485884
4.491268
4.496592
4.501898
4.507201
4.512531
4.517882
4.523098
4.528458
4.533761
4.539031
4.544364
4.549631
4.554847
4.560264
4.565510
4.570729
4.576012
4.581315
4.586501
4.591792
4.597062
4.602257
4.607551
4.612788
4.617956
4.623250
4.628496
4.633658
4.638869
4.644109
4.649304
4.654508
4.659769
4.664880
4.670130
4.675301
4.680508
4.685640
4.690824
4.695971
4.701154
4.706337
4.711427
4.716610
4.721799
4.726932
4.732037
4.737247
4.742341
4.747464
4.752626
4.757734
4.762894
4.767981
4.773191
4.778251
4.783429
4.788504
4.793639
4.798732
4.803843
4.808961
4.814099
4.819204
4.824381
4.829367
4.834502
4.839611
4.844713
4.849794
4.854914
4.860005
4.865056
4.870134
4.875281
4.880339
4.885390
4.890504
4.895568
4.900613
4.905713
4.910764
4.915824
4.920965
4.925972
4.931020
4.936108
4.941168
4.946198
4.951243
4.956325
4.961301
4.966356
4.971359
4.976389
4.981435
4.986453
4.991487
4.996517
5.001622
5.006560
5.011614
5.016600
5.021567
5.026591
5.031589
5.036592
5.041602
5.046563
5.051560
5.056588
5.061471
5.066493
5.071469
5.076410
5.081380
5.086384
5.091324
5.096268
5.101235
5.106173
5.111140
5.116093
5.120967
5.125893
5.130809
5.135729
5.140612
5.145580
5.150455
5.155317
5.160243
5.165129
5.170066
5.174902
5.179875
5.184750
5.189634
5.194451
5.199323
5.204216
5.209051
5.213962
5.218726
5.223660
5.228463
5.233352
5.238140
5.242943
5.247784
5.252590
5.257411
5.262231
5.267019
5.271782
5.276642
5.281406
5.286173
5.290978
5.295730
5.300467
5.305243
5.309901
5.314728
5.319486
5.324225
5.328897
5.333651
5.338370
5.343017
5.347805
5.352460
5.357152
5.361847
5.366560
5.371174
5.375893
5.380537
5.385148
5.389833
5.394456
5.399163
5.403771
5.408370
5.413020
5.417715
5.422254
5.426912
5.431514
5.436092
5.440673
5.445290
5.449904
5.454467
5.459072
5.463632
5.468180
5.472794
5.477264
5.481875
5.486486
5.491049
5.495516
5.500127
5.504639
5.509190
5.513657
5.518223
5.522735
5.527319
5.531738
5.536286
5.540718
5.545334
5.549772
5.554314
5.558790
5.563323
5.567808
5.572272
5.576715
5.581275
5.585703
5.590182
5.594629
5.599084
5.603563
5.608060
5.612470
5.616883
5.621410
5.625821
5.630336
5.634671
5.639171
5.643521
5.648033
5.652393
5.656818
5.661282
5.665590
5.670099
5.674438
5.678851
5.683324
5.687626
5.692072
5.696516
5.700818
5.705180
5.709575
5.713968
5.718303
5.722719
5.727015
5.731315
5.735752
5.740039
5.744462
5.748731
5.753063
5.757422
5.761722
5.766009
5.770327
5.774683
5.778991
5.783296
5.787622
5.791904
5.796233
5.800541
5.804820
5.809131
5.813431
5.817694
5.821967
5.826275
5.830523
5.834807
5.839086
5.843346
5.847613
5.851957
5.856184
5.860415
5.864732
5.868921
5.873175
5.877367
5.881657
5.885908
5.890136
5.894303
5.898570
5.902827
5.907024
5.911210
5.915443
5.919692
5.923889
5.928123
5.932314
5.936488
5.940703
5.944895
5.949143
5.953221
5.957445
5.961622
5.965801
5.969914
5.974103
5.978271
5.982414
5.986558
5.990728
5.994869
5.998994
6.003123
6.007243
6.011347
6.015502
6.019619
6.023772
6.027843
6.031945
6.036035
6.040112
6.044184
6.048190
6.052279
6.056372
6.060429
6.064497
6.068533
6.072626
6.076715
6.080739
6.084756
6.088819
6.092843
6.096872
6.100890
6.104896
6.108929
6.112991
6.116961
6.120943
6.124949
6.128957
6.132915
6.136930
6.140876
6.144839
6.148875
6.152860
6.156824
6.160793
6.164700
6.168670
6.172646
6.176640
6.180478
6.184447
6.188465
6.192381
6.196327
6.200252
6.204221
6.208182
6.212053
6.216002
6.219914
6.223788
6.227668
6.231587
6.235512
6.239410
6.243365
6.247158
6.251136
6.255011
6.258908
6.262782
6.266668
6.270596
6.274410
6.278350
6.282166
0.002837
0.006657
0.010564
0.014381
0.018267
0.022159
0.025982
0.029829
0.033673
0.037538
0.041367
0.045255
0.049003
0.052916
0.056724
0.060547
0.064388
0.068184
0.072037
0.075818
0.079710
0.083497
0.087314
0.091116
0.094957
0.098759
0.102570
0.106429
0.110165
0.114003
0.117769
0.121601
0.125379
0.129178
0.132962
0.136806
0.140569
0.144392
0.148134
0.151936
0.155720
0.159492
0.163255
0.167075
0.170814
0.174595
0.178391
0.182193
0.185893
0.189737
0.193458
0.197221
0.200990
0.204724
0.208475
0.212280
0.216028
0.219752
0.223518
0.227254
0.231005
0.234765
0.238489
0.242219
0.246009
0.249685
0.253421
0.257181
0.260930
0.264603
0.268363
0.272030
0.275793
0.279469
0.283178
0.286896
0.290686
0.294324
0.298105
0.301787
0.305493
0.309142
0.312911
0.316569
0.320248
0.323967
0.327610
0.331370
0.335016
0.338683
0.342365
0.346033
0.349703
0.353361
0.357091
0.360671
0.364440
0.368077
0.371736
0.375361
0.379043
0.382656
0.386303
0.389964
0.393592
0.397298
0.400938
0.404563
0.408129
0.411835
0.415436
0.419052
0.422666
0.426300
0.429949
0.433619
0.437131
0.440831
0.444408
0.447988
0.451596
0.455221
0.458786
0.462372
0.465956
0.469578
0.473194
0.476801
0.480352
0.483899
0.487569
0.491099
0.494661
0.498250
0.501803
0.505390
0.508934
0.512484
0.516047
0.519588
0.523090
0.526641
0.530260
0.533750
0.537301
0.540920
0.544368
0.547958
0.551454
0.555004
0.558465
0.561979
0.565497
0.568987
0.572525
0.576055
0.579539
0.583059
0.586556
0.590067
0.593573
0.597081
0.600518
0.604116
0.607513
0.611028
0.614533
0.617937
0.621403
0.624890
0.628357
0.631814
0.635281
0.638729
0.642163
0.645674
0.649135
0.652589
0.656028
0.659438
0.662907
0.666347
0.669780
0.673205
0.676629
0.680045
0.683475
0.686945
0.690309
0.693761
0.697149
0.700559
0.703971
0.707354
0.710817
0.714221
0.717633
0.721067
0.724395
0.727820
0.731188
0.734597
0.737989
0.741353
0.744733
0.748121
0.751519
0.754889
0.758272
0.761600
0.765007
0.768390
0.771688
0.775050
0.778453
0.781767
0.785239
0.788523
0.791870
0.795213
0.798548
0.801897
0.805262
0.808612
0.811901
0.815311
0.818672
0.821989
0.825336
0.828652
0.831984
0.835312
0.838641
0.841934
0.845307
0.848576
0.851923
0.855293
0.858529
0.861884
0.865153
0.868470
0.871786
0.875112
0.878393
0.881706
0.885089
0.888346
0.891629
0.894910
0.898185
0.901459
0.904770
0.908051
0.911397
0.914654
0.917902
0.921206
0.924511
0.927807
0.931075
0.934350
0.937679
0.940914
0.944210
0.947437
0.950718
0.953998
0.957207
0.960446
0.963717
0.966995
0.970255
0.973536
0.976744
0.980022
0.983312
0.986538
0.989780
0.993046
0.996300
0.999532
1.002780
1.006025
1.009240
1.012493
1.015720
1.018992
1.022224
1.025400
1.028627
1.031854
1.035098
1.038325
1.041576
1.044794
1.047964
1.051211
1.054420
1.057632
1.060829
1.064055
1.067219
1.070422
1.073667
1.076840
1.080075
1.083275
1.086484
1.089648
1.092832
1.096032
1.099256
1.102360
1.105626
1.108810
1.111974
1.115159
1.118323
1.121514
1.124687
1.127844
1.131005
1.134175
1.137339
1.140506
1.143676
1.146869
1.150018
1.153176
1.156328
1.159468
1.162614
1.165727
1.168941
1.172045
1.175224
1.178340
1.181507
1.184638
1.187762
1.190881
1.194051
1.197179
1.200310
1.203432
1.206560
1.209673
1.212852
1.215889
1.219044
1.222148
1.225234
1.228344
1.231448
1.234552
1.237650
1.240742
1.243876
1.246956
1.250080
1.253181
1.256246
1.259353
1.262436
1.265525
1.268602
1.271676
1.274744
1.277824
1.280877
1.283945
1.287058
1.290081
1.293170
1.296202
1.299291
1.302371
1.305451
1.308450
1.311527
1.314568
1.317597
1.320641
1.323712
1.326756
1.329830
1.332850
1.335864
1.338908
1.341913
1.344924
1.347980
1.351009
1.354020
1.357031
1.360078
1.363092
1.366103
1.369084
1.372068
1.375133
1.378147
1.381092
1.384091
1.387135
1.390104
1.393085
1.396084
1.399083
1.402052
1.405072
1.408003
1.411008
1.413971
1.416985
1.419921
1.422899
1.425832
1.428786
1.431758
1.434712
1.437673
1.440672
1.443617
1.446547
1.449531
1.452440
1.455361
1.458291
1.461267
1.464158
1.467160
1.470006
1.472984
1.475917
1.478829
1.481754
1.484651
1.487584
1.490496
1.493414
1.496290
1.499209
1.502133
1.505006
1.507879
1.510785
1.513736
1.516556
1.519435
1.522314
1.525196
1.528061
1.530961
1.533861
1.536779
1.539604
1.542442
1.545288
1.548194
1.551046
1.553941
1.556784
1.559603
1.562515
1.565325
1.568163
1.571021
1.573834
1.576666
1.579527
1.582355
1.585192
1.588033
1.590864
1.593734
1.596577
1.599346
1.602180
1.605044
1.607854
1.610683
1.613490
1.616294
1.619120
1.621885
1.624737
1.627533
1.630352
1.633150
1.635964
1.638789
1.641590
1.644394
1.647208
1.650021
1.652804
1.655618
1.658356
1.661136
1.663932
1.666703
1.669507
1.672348
1.675128
1.677875
1.680683
1.683445
1.686177
1.689003
1.691768
1.694575
1.697353
1.700082
1.702847
1.705628
1.708363
1.711141
1.713903
1.716689
1.719455
1.722181
1.724943
1.727706
1.730426
1.733198
1.735978
1.738716
1.741455
1.744193
1.746931
1.749676
1.752426
1.755135
1.757870
1.760623
1.763380
1.766037
1.768788
1.771511
1.774240
1.776967
1.779687
1.782393
1.785182
1.787846
1.790560
1.793254
1.796010
1.798643
1.801409
1.804063
1.806775
1.809486
1.812153
1.814861
1.817582
1.820272
1.822914
1.825596
1.828352
1.831025
1.833712
1.836367
1.839054
1.841748
1.844372
1.847003
1.849708
1.852393
1.855059
1.857690
1.860332
1.863011
1.865686
1.868305
1.870971
1.873650
1.876295
1.878932
1.881580
1.884265
1.886862
1.889538
1.892159
1.894805
1.897453
1.900036
1.902610
1.905279
1.907928
1.910534
1.913168
1.915765
1.918387
1.921059
1.923612
1.926248
1.928876
1.931471
1.934035
1.936633
1.939230
1.941819
1.944429
1.947023
1.949618
1.952176
1.954747
1.957407
1.959936
1.962522
1.965110
1.967693
1.970290
1.972846
1.975417
1.977972
1.980522
1.983096
1.985627
1.988189
1.990780
1.993336
1.995844
1.998408
2.000934
2.003532
2.006054
2.008622
2.011157
2.013718
2.016223
2.018746
2.021289
2.023800
2.026317
2.028836
2.031305
2.033858
2.036413
2.038921
2.041441
2.043961
2.046477
2.048997
2.051526
2.053976
2.056436
2.059004
2.061434
2.063929
2.066437
2.068903
2.071374
2.073921
2.076390
2.078835
2.081321
2.083814
2.086289
2.088740
2.091166
2.093650
2.096149
2.098585
2.101008
2.103480
2.105904
2.108367
2.110832
2.113241
2.115710
2.118152
2.120582
2.123017
2.125456
2.127868
2.130289
2.132707
2.135134
2.137593
2.139945
2.142393
2.144760
2.147178
2.149586
2.151977
2.154392
2.156750
2.159177
2.161589
2.163944
2.166334
2.168758
2.171095
2.173474
2.175832
2.178175
2.180575
2.182927
2.185287
2.187651
2.190003
2.192349
2.194719
2.197077
2.199408
2.201739
2.204094
2.206416
2.208774
2.211102
2.213435
2.215748
2.218115
2.220419
2.222720
2.225033
2.227337
2.229668
2.232011
2.234303
2.236616
2.238944
2.241227
2.243522
2.245844
2.248088
2.250413
2.252726
2.254964
2.257250
2.259536
2.261822
2.264081
2.266367
2.268659
2.270933
2.273222
2.275442
2.277710
2.280002
2.282240
2.284493
2.286788
2.289020
2.291273
2.293502
2.295764
2.298008
2.300261
2.302469
2.304692
2.306957
2.309198
2.311385
2.313630
2.315871
2.318097
2.320329
2.322540
2.324775
2.327028
2.329200
2.331396
2.333601
2.335779
2.337964
2.340154
2.342368
2.344579
2.346793
2.348977
2.351176
2.353417
2.355553
2.357723
2.359907
2.362130
2.364272
2.366450
2.368604
2.370785
2.372927
2.375112
2.377263
2.379426
2.381577
2.383719
2.385882
2.388061
2.390215
2.392366
2.394505
2.396638
2.398816
2.400911
2.403026
2.405153
2.407307
2.409420
2.411535
2.413698
2.415795
2.417937
2.420091
2.422201
2.424307
2.426419
2.428516
2.430640
2.432744
2.434853
2.436959
2.439065
2.441184
2.443269
2.445324
2.447448
2.449528
2.451586
2.453647
2.455765
2.457857
2.459936
2.461997
2.464100
2.466132
2.468247
2.470299
2.472361
2.474422
2.476510
2.478562
2.480645
2.482667
2.484743
2.486789
2.488833
2.490894
2.492923
2.494987
2.497030
2.499085
2.501129
2.503160
2.505215
2.507235
2.509314
2.511309
2.513320
2.515357
2.517364
2.519366
2.521400
2.523389
2.525421
2.527449
2.529474
2.531530
2.533537
2.535527
2.537549
2.539505
2.541483
2.543478
2.545458
2.547439
2.549473
2.551468
2.553461
2.555453
2.557451
2.559426
2.561403
2.563372
2.565337
2.567306
2.569250
2.571236
2.573211
2.575194
2.577172
2.579128
2.581105
2.583062
2.585003
2.586939
2.588838
2.590807
2.592763
2.594696
2.596658
2.598605
2.600586
2.602521
2.604469
2.606368
2.608259
2.610221
2.612097
2.614029
2.615947
2.617885
2.619820
2.621777
2.623679
2.625588
2.627511
2.629372
2.631286
2.633147
2.635062
2.636934
2.638866
2.640754
2.642648
2.644559
2.646443
2.648352
2.650224
2.652064
2.653939
2.655806
2.657673
2.659548
2.661412
2.663278
2.665184
2.667086
2.668965
2.670783
2.672659
2.674469
2.676296
2.678139
2.679951
2.681779
2.683640
2.685506
2.687379
2.689242
2.691085
2.692942
2.694773
2.696585
2.698374
2.700154
2.701948
2.703788
2.705585
2.707389
2.709226
2.711080
2.712896
2.714718
2.716518
2.718298
2.720081
2.721872
2.723637
2.725443
2.727205
2.729039
2.730812
2.732622
2.734375
2.736178
2.737958
2.739771
2.741487
2.743270
2.745011
2.746763
2.748531
2.750284
2.752036
2.753804
2.755578
2.757349
2.759143
2.760854
2.762645
2.764362
2.766079
2.767805
2.769509
2.771205
2.772937
2.774678
2.776421
2.778195
2.779942
2.781691
2.783411
2.785149
2.786848
2.788531
2.790227
2.791923
2.793613
2.795309
2.797028
2.798700
2.800432
2.802142
2.803838
2.805573
2.807269
2.808947
2.810633
2.812326
2.813986
2.815670
2.817359
2.819004
2.820703
2.822345
2.824038
2.825742
2.827408
2.829059
2.830740
2.832430
2.834077
2.835752
2.837385
2.839000
2.840666
2.842311
2.843946
2.845621
2.847233
2.848923
2.850586
2.852234
2.853872
2.855502
2.857105
2.858726
2.860341
2.861956
2.863559
2.865180
2.866791
2.868418
2.870054
2.871690
2.873314
2.874941
2.876526
2.878114
2.879701
2.881274
2.882847
2.884444
2.886008
2.887596
2.889199
2.890787
2.892384
2.893984
2.895583
2.897192
2.898759
2.900299
2.901845
2.903394
2.904943
2.906519
2.908095
2.909617
2.911178
2.912733
2.914315
2.915864
2.917410
2.918977
2.920493
2.922039
2.923555
2.925071
2.926596
2.928118
2.929643
2.931150
2.932660
2.934167
2.935698
2.937232
2.938730
2.940270
2.941798
2.943320
2.944824
2.946304
2.947778
2.949270
2.950741
2.952239
2.953719
2.955199
2.956670
2.958156
2.959639
2.961137
2.962614
2.964100
2.965589
2.967054
2.968498
2.969931
2.971450
2.972879
2.974329
2.975770
2.977187
2.978619
2.980045
2.981492
2.982939
2.984387
2.985855
2.987317
2.988773
2.990190
2.991604
2.993027
2.994444
2.995843
2.997255
2.998657
3.000053
3.001440
3.002818
3.004244
3.005668
3.007085
3.008490
3.009934
3.011336
3.012702
3.014071
3.015474
3.016858
3.018221
3.019581
3.020917
3.022317
3.023659
3.025016
3.026394
3.027757
3.029118
3.030484
3.031871
3.033216
3.034597
3.035928
3.037273
3.038624
3.039963
3.041288
3.042663
3.043984
3.045305
3.046606
3.047909
3.049233
3.050566
3.051879
3.053227
3.054557
3.055912
3.057236
3.058557
3.059839
3.061184
3.062458
3.063776
3.065049
3.066362
3.067617
3.068935
3.070182
3.071494
3.072785
3.074068
3.075338
3.076653
3.077941
3.079236
3.080524
3.081809
3.083071
3.084332
3.085569
3.086828
3.088083
3.089341
3.090597
3.091843
3.093086
3.094312
3.095588
3.096817
3.098096
3.099342
3.100622
3.101877
3.103126
3.104349
3.105577
3.106808
3.108025
3.109241
3.110428
3.111656
3.112849
3.114056
3.115251
3.116501
3.117693
3.118933
3.120123
3.121366
3.122559
3.123751
3.124974
3.126166
3.127376
3.128551
3.129731
3.130936
3.132107
3.133279
3.134429
3.135582
3.136721
3.137869
3.139055
3.140208
3.141392
3.142593
3.143762
3.144951
3.146135
3.147282
3.148430
3.149565
3.150695
3.151821
3.152951
3.154077
3.155222
3.156354
3.157442
3.158574
3.159713
3.160839
3.161963
3.163092
3.164234
3.165348
3.166469
3.167572
3.168704
3.169812
3.170933
3.172024
3.173141
3.174253
3.175325
3.176419
3.177512
3.178582
3.179636
3.180670
3.181737
3.182845
3.183903
3.184982
3.186087
3.187169
3.188244
3.189311
3.190368
3.191435
3.192496
3.193553
3.194617
3.195689
3.196750
3.197814
3.198868
3.199890
3.200923
3.201912
3.202901
3.203920
3.204944
3.205972
3.207024
3.208072
3.209106
3.210145
3.211167
3.212189
3.213231
3.214268
3.215293
3.216287
3.217312
3.218334
3.219334
3.220326
3.221300
3.222261
3.223223
3.224182
3.225135
3.226126
3.227115
3.228104
3.229105
3.230093
3.231079
3.232044
3.233035
3.234000
3.234980
3.235926
3.236933
3.237892
3.238863
3.239824
3.240780
3.241715
3.242638
3.243551
3.244456
3.245352
3.246266
3.247189
3.248127
3.249073
3.250035
3.250976
3.251916
3.252845
3.253753
3.254658
3.255569
3.256480
3.257405
3.258331
3.259275
3.260206
3.261156
3.262055
3.262975
3.263838
3.264701
3.265546
3.266382
3.267232
3.268083
3.268940
3.269830
3.270729
3.271589
3.272448
3.273311
3.274159
3.274992
3.275828
3.276658
3.277521
3.278402
3.279279
3.280157
3.281041
3.281916
3.282764
3.283591
3.284418
3.285206
3.285985
3.286755
3.287537
3.288333
3.289115
3.289912
3.290697
3.291491
3.292267
3.293052
3.293825
3.294607
3.295383
3.296138
3.296917
3.297699
3.298475
3.299251
3.300018
3.300779
3.301546
3.302319
3.303083
3.303841
3.304599
3.305354
3.306130
3.306876
3.307601
3.308308
3.308991
3.309668
3.310358
3.311029
3.311688
3.312365
3.313060
3.313764
3.314456
3.315151
3.315837
3.316517
3.317189
3.317836
3.318498
3.319154
3.319810
3.320448
3.321125
3.321758
3.322405
3.323061
3.323717
3.324373
3.325020
3.325670
3.326333
3.326992
3.327639
3.328274
3.328939
3.329571
3.330182
3.330779
3.331357
3.331935
3.332519
3.333101
3.333700
3.334284
3.334871
3.335467
3.336064
3.336627
3.337181
3.337750
3.338311
3.338859
3.339407
3.339958
3.340516
3.341073
3.341615
3.342152
3.342679
3.343206
3.343728
3.344246
3.344758
3.345279
3.345798
3.346331
3.346885
3.347428
3.347958
3.348494
3.349040
3.349585
3.350118
3.350640
3.351161
3.351685
3.352188
3.352674
3.353153
3.353645
3.354136
3.354591
3.355041
3.355484
3.355922
3.356359
3.356799
3.357252
3.357695
3.358148
3.358600
3.359052
3.359499
3.359933
3.360359
3.360796
3.361231
3.361653
3.362057
3.362474
3.362872
3.363262
3.363642
3.364008
3.364376
3.364748
3.365108
3.365461
3.365826
3.366195
3.366581
3.366968
3.367352
3.367735
3.368127
3.368517
3.368922
3.369314
3.369700
3.370093
3.370485
3.370872
3.371264
3.371642
3.372022
3.372403
3.372780
3.373149
3.373511
3.373877
3.374228
3.374572
3.374919
3.375249
3.375570
3.375896
3.376217
3.376513
3.376804
3.377101
3.377388
3.377670
3.377949
3.378203
3.378464
3.378716
3.378964
3.379198
3.379417
3.379647
3.379878
3.380094
3.380301
3.380495
3.380702
3.380915
3.381124
3.381319
3.381508
3.381694
3.381879
3.382062
3.382239
3.382395
3.382562
3.382733
3.382892
3.383039
3.383186
3.383323
3.383476
3.383620
3.383749
3.383872
3.383995
3.384120
3.384252
3.384378
3.384504
3.384639
3.384753
3.384851
3.384950
3.385040
3.385136
3.385220
3.385301
3.385373
3.385448
3.385525
3.385615
3.385696
3.385780
3.385846
3.385912
3.385963
3.386008
3.386044
3.386086
3.386134
3.386179
3.386215
3.386245
3.386254
3.386269
3.386286
3.386299
3.386302
3.386302
3.386305
3.386313
3.386322
3.386328
3.386332
3.386332
3.386332
3.386332
3.386332
3.386332
3.386332
3.386332
3.386332
3.386332
3.386332
3.386332
3.386332
3.386332
3.386332
3.386332
3.386332
3.386332
3.386305
3.386275
3.386239
3.386200
3.386164
3.386125
3.386080
3.386032
3.386002
3.385966
3.385936
3.385906
3.385867
3.385840
3.385822
3.385798
3.385762
3.385738
3.385720
3.385702
3.385687
3.385666
3.385639
3.385615
3.385603
3.385597
3.385580
3.385571
3.385567
3.385565
3.385565
3.385565
3.385561
3.385556
3.385556
3.385556
3.385556
3.385556
3.385556
3.385556
3.385556
3.385556
3.385556
3.385556
3.385556
3.385556
3.385556
3.385556
3.385556
3.385556
3.385556
3.385556
3.385556
3.385556
3.385556
3.385556
3.385556
3.385556
3.385556
3.385556
3.385556
3.385556
3.385556
3.385556
3.385556
3.385556
3.385556
3.385556
3.385556
3.385556
3.385556
3.385556
3.385556
3.385556
3.385556
3.385556
3.385556
3.385556
3.385556
3.385556
3.385556
3.385556
3.385556
3.385556
3.385556
3.385556
3.385556
3.385556
3.385556
3.385556
3.385556
3.385556
3.385556
3.385556
3.385556
3.385556
3.385556
3.385556
3.385556
3.385556
3.385556
3.385556
3.385556
3.385556
3.385556
3.385556
3.385556
3.385556
3.385556
3.385556
3.385556
3.385556
3.385556
3.385556
3.385556
3.385556
3.385556
3.385556
3.385556
3.385556
3.385556
3.385556
3.385556
3.385556
3.385556
3.385556
3.385556
3.385556
3.385556
3.385556
3.385556
3.385556
3.385556