2.165483
2.165483
2.165483
2.165483
2.165483
2.165483
2.165483
2.165483
2.165483
2.165627
2.165927
2.166394
2.167065
2.167889
2.168845
2.169948
2.171209
2.172680
2.174283
2.175979
2.177869
2.179909
2.182046
2.184344
2.186857
2.189539
2.192436
2.195486
2.198680
2.202092
2.205693
2.209406
2.213268
2.217324
2.221531
2.225989
2.230483
2.235127
2.240067
2.245125
2.250401
2.255761
2.261318
2.267059
2.273042
2.279127
2.285257
2.291686
2.298401
2.305079
2.311910
2.319103
2.326336
2.333841
2.341412
2.349163
2.357078
2.365231
2.373440
2.381850
2.390523
2.399338
2.408272
2.417290
2.426548
2.436099
2.445747
2.455505
2.465506
2.475695
2.485978
2.496452
2.507187
2.518029
2.529172
2.540410
2.551654
2.563150
2.574960
2.586891
2.598842
2.611009
2.623428
2.636119
2.648822
2.661882
2.674624
2.688229
2.701289
2.715215
2.728670
2.742737
2.756653
2.771091
2.785329
2.799976
2.814981
2.829748
2.844944
2.860197
2.875552
2.890985
2.906986
2.922656
2.938709
2.955166
2.970994
2.987712
3.004113
3.020522
3.037045
3.053781
3.070209
3.086654
3.103297
3.119730
3.136269
3.152705
3.169087
3.185638
3.202335
3.218747
3.235579
3.252207
3.268946
3.285463
3.302106
3.318588
3.335225
3.351955
3.368337
3.384744
3.401590
3.418000
3.434793
3.451445
3.467989
3.484701
3.501398
3.517819
3.534352
3.550908
3.567503
3.584104
3.600585
3.616809
3.633620
3.649976
3.666355
3.682821
3.699183
3.715448
3.731876
3.748324
3.764509
3.780924
3.797316
3.813440
3.829664
3.845984
3.862276
3.878503
3.894645
3.910845
3.926991
3.943187
3.959258
3.975518
3.991870
4.007705
4.024189
4.040293
4.056705
4.072761
4.088984
4.105352
4.121525
4.137832
4.154149
4.170202
4.186620
4.202832
4.219244
4.235426
4.251742
4.267981
4.284369
4.300524
4.316841
4.333286
4.349456
4.365847
4.382133
4.398372
4.414659
4.431155
4.447292
4.463561
4.479997
4.496265
4.512474
4.528740
4.545131
4.561457
4.577773
4.593955
4.610445
4.626522
4.642731
4.658978
4.675277
4.691434
4.707700
4.724061
4.740285
4.756587
4.772969
4.788788
4.805357
4.821646
4.837963
4.854087
4.870542
4.886801
4.903166
4.919551
4.935898
4.952412
4.968815
4.985306
5.001601
5.018083
5.034507
5.050964
5.067386
5.083687
5.100316
5.116608
5.132999
5.149445
5.165806
5.182261
5.198652
5.214947
5.231252
5.247653
5.264050
5.280345
5.296614
5.313098
5.329253
5.345491
5.361853
5.378047
5.394268
5.410647
5.426691
5.442870
5.459210
5.475257
5.491552
5.507464
5.523479
5.539573
5.555809
5.571916
5.587938
5.604078
5.620275
5.636364
5.652378
5.668437
5.684615
5.700626
5.716739
5.733049
5.749096
5.765179
5.781484
5.797162
5.813718
5.829699
5.845584
5.861922
5.877945
5.894037
5.910164
5.926229
5.942492
5.958140
5.974364
5.990306
6.006170
6.022298
6.038180
6.054101
6.070175
6.086051
6.101930
6.117758
6.133580
6.149594
6.165299
6.181260
6.196716
6.212910
6.228396
6.244171
6.259972
6.275608
0.008035
0.023867
0.039449
0.055250
0.070836
0.086520
0.102136
0.117886
0.133654
0.149060
0.165089
0.180662
0.196520
0.212226
0.228006
0.243549
0.259111
0.274939
0.290695
0.306332
0.322049
0.337772
0.353430
0.369108
0.384810
0.400543
0.416197
0.431861
0.447683
0.463247
0.478806
0.494598
0.510061
0.525730
0.541402
0.556958
0.572525
0.588012
0.603741
0.619126
0.634768
0.650183
0.665622
0.681303
0.696598
0.712306
0.727475
0.743127
0.758464
0.773920
0.789251
0.804705
0.820182
0.835552
0.851024
0.866642
0.881874
0.897307
0.912841
0.928256
0.943707
0.959370
0.974722
0.990233
1.005866
1.021389
1.036896
1.052440
1.067935
1.083458
1.098998
1.114838
1.130220
1.145977
1.161448
1.176989
1.192715
1.208217
1.223901
1.239465
1.255015
1.270579
1.286246
1.301822
1.317351
1.333191
1.348507
1.364065
1.379696
1.395305
1.410714
1.426335
1.441810
1.457315
1.472906
1.488420
1.503924
1.519531
1.534937
1.550555
1.566045
1.581327
1.596817
1.612543
1.628045
1.643454
1.659123
1.674688
1.690399
1.705823
1.721423
1.737018
1.752705
1.768371
1.784026
1.799662
1.815221
1.830914
1.846535
1.862148
1.878036
1.893762
1.909423
1.925212
1.940776
1.956604
1.972052
1.987928
2.003502
2.019174
2.034906
2.050507
2.066218
2.082037
2.097587
2.113223
2.128968
2.144505
2.159971
2.175583
2.191241
2.206796
2.222241
2.237746
2.253370
2.268802
2.284226
2.299761
2.315298
2.330599
2.346035
2.361414
2.377080
2.392402
2.407775
2.423138
2.438535
2.454013
2.469347
2.484809
2.500413
2.515636
2.531170
2.546588
2.561937
2.577414
2.592931
2.608253
2.623544
2.639067
2.654587
2.670073
2.685497
2.700873
2.716359
2.731897
2.747102
2.762514
2.778042
2.793352
2.808713
2.824205
2.839476
2.854792
2.870225
2.885529
2.900680
2.916047
2.931356
2.946454
2.961811
2.977064
2.992155
3.007315
3.022844
3.037794
3.053089
3.068207
3.083224
3.098362
3.113412
3.128476
3.143690
3.158562
3.173519
3.188867
3.203722
3.218657
3.233673
3.248980
3.263853
3.279058
3.294044
3.309177
3.324208
3.339198
3.354271
3.369395
3.384621
3.399583
3.414683
3.429535
3.444910
3.459858
3.474853
3.489941
3.504957
3.520258
3.534999
3.550270
3.565286
3.580356
3.595462
3.610311
3.625348
3.640391
3.655356
3.670235
3.685224
3.700279
3.714990
3.730324
3.745022
3.759727
3.774848
3.789682
3.804488
3.819396
3.834233
3.848991
3.863861
3.878700
3.893369
3.908196
3.922910
3.937747
3.952709
3.967252
3.982025
3.996886
4.011674
4.026445
4.041308
4.056070
4.070942
4.085886
4.100648
4.115425
4.130390
4.145068
4.159928
4.175004
4.189709
4.204551
4.219652
4.234392
4.249282
4.264356
4.279201
4.294020
4.309009
4.323864
4.338838
4.353815
4.368514
4.383476
4.398885
4.413311
4.428534
4.443280
4.458093
4.473103
4.487858
4.502857
4.517786
4.532497
4.547333
4.562265
4.577147
4.591891
4.606856
4.621558
4.636388
4.651359
4.666318
4.680933
4.695746
4.710526
4.725383
4.740207
4.755032
4.769787
4.784720
4.799517
4.814429
4.829268
4.844218
4.859046
4.874155
4.888941
4.903936
4.918907
4.933753
4.948754
4.963695
4.978663
4.993721
5.008777
5.023634
5.038737
5.053673
5.068665
5.083756
5.098661
5.113591
5.128565
5.143767
5.158792
5.173524
5.188597
5.203541
5.218663
5.233490
5.248351
5.263283
5.278323
5.293178
5.308050
5.323048
5.337801
5.352532
5.367513
5.382280
5.397219
5.411920
5.426697
5.441434
5.456115
5.471095
5.485605
5.500385
5.515143
5.529608
5.544598
5.559233
5.573863
5.588724
5.603302
5.618010
5.632679
5.647410
5.662190
5.676907
5.691440
5.706327
5.721035
5.735539
5.750337
5.765203
5.779776
5.794493
5.809254
5.824025
5.838487
5.853503
5.868010
5.882825
5.897464
5.911893
5.926663
5.941584
5.956085
5.970855
5.985272
6.000103
6.014526
6.029168
6.043669
6.058202
6.072814
6.087306
6.101870
6.116326
6.130776
6.145268
6.159808
6.174120
6.188609
6.203254
6.217440
6.231839
6.246130
6.260604
6.274787
0.006160
0.020376
0.034607
0.048989
0.063154
0.077721
0.091961
0.106384
0.120642
0.134972
0.149201
0.163645
0.178077
0.192476
0.206467
0.221109
0.235394
0.249682
0.264099
0.278450
0.292688
0.307036
0.321456
0.335798
0.350089
0.364419
0.378678
0.393175
0.407347
0.421821
0.436133
0.450349
0.464589
0.478974
0.493181
0.507382
0.521565
0.535947
0.550334
0.564460
0.578580
0.592692
0.606941
0.621055
0.635227
0.649488
0.663614
0.677636
0.691783
0.705841
0.720048
0.733983
0.748301
0.762068
0.776302
0.790366
0.804471
0.818630
0.832589
0.846796
0.860650
0.874905
0.888852
0.903026
0.917069
0.931234
0.945337
0.959430
0.973541
0.987728
1.001893
1.016083
1.030062
1.044377
1.058489
1.072774
1.086900
1.101126
1.115246
1.129405
1.143708
1.158078
1.172108
1.186354
1.200508
1.214613
1.228988
1.242995
1.257580
1.271430
1.285758
1.299905
1.314031
1.328460
1.342617
1.356617
1.370929
1.385026
1.399185
1.413446
1.427528
1.441564
1.455850
1.469973
1.484007
1.498169
1.512415
1.526389
1.540554
1.554513
1.568666
1.583119
1.597024
1.611165
1.625274
1.639472
1.653535
1.667782
1.681842
1.696034
1.710436
1.724557
1.738764
1.753172
1.767068
1.781503
1.795755
1.809981
1.824284
1.838611
1.852743
1.867013
1.881448
1.895907
1.910013
1.924364
1.938577
1.952758
1.967528
1.981553
1.995760
2.010198
2.024417
2.038726
2.052979
2.067240
2.081507
2.095810
2.110008
2.124485
2.138594
2.152765
2.166826
2.181303
2.195186
2.209585
2.223670
2.237664
2.251794
2.265950
2.280008
2.293996
2.308204
2.322276
2.336145
2.350565
2.364308
2.378332
2.392495
2.406501
2.420412
2.434500
2.448392
2.462402
2.476771
2.490583
2.504607
2.518826
2.532797
2.546726
2.560876
2.574835
2.588928
2.602998
2.617142
2.630858
2.645125
2.659051
2.673210
2.687181
2.701316
2.715209
2.729207
2.743216
2.757288
2.771319
2.785356
2.799302
2.813291
2.827058
2.841214
2.855236
2.869119
2.882976
2.896905
2.910747
2.924696
2.938388
2.952236
2.966147
2.980060
2.994058
3.007768
3.021493
3.035266
3.049203
3.062820
3.076566
3.090282
3.103950
3.117681
3.131469
3.145041
3.158682
3.172341
3.186171
3.199812
3.213387
3.227040
3.240900
3.254415
3.268038
3.281769
3.295668
3.309036
3.322869
3.336504
3.350133
3.363861
3.377409
3.391125
3.404748
3.418692
3.432228
3.445881
3.459777
3.473400
3.486921
3.500559
3.514557
3.528048
3.541635
3.555381
3.568878
3.582558
3.596154
3.609732
3.623397
3.636925
3.650503
3.664162
3.677680
3.691285
3.704815
3.718537
3.731867
3.745400
3.758846
3.772343
3.785892
3.799356
3.812745
3.826275
3.839659
3.853048
3.866722
3.879776
3.893378
3.906696
3.920067
3.933495
3.946936
3.960184
3.973579
3.986960
4.000379
4.013622
4.027113
4.040538
4.053946
4.067317
4.080572
4.094291
4.107593
4.121030
4.134384
4.148001
4.161426
4.174735
4.188319
4.201798
4.215370
4.228646
4.242311
4.255577
4.269332
4.282536
4.296123
4.309623
4.323237
4.336441
4.350124
4.363537
4.377127
4.390790
4.403987
4.417727
4.430927
4.444479
4.457916
4.471542
4.484862
4.498252
4.511848
4.525303
4.538771
4.552154
4.565582
4.579068
4.592508
4.605942
4.619314
4.632829
4.646011
4.659623
4.672826
4.686323
4.699644
4.713075
4.726431
4.739695
4.753153
4.766498
4.779914
4.793378
4.806852
4.820304
4.833921
4.847106
4.860613
4.874047
4.887568
4.901030
4.914473
4.927961
4.941432
4.955067
4.968537
4.981809
4.995450
5.009169
5.022613
5.036068
5.049523
5.063083
5.076658
5.090138
5.103779
5.117369
5.130728
5.144265
5.157878
5.171352
5.184861
5.198376
5.211792
5.225122
5.238637
5.252308
5.265692
5.279114
5.292539
5.305899
5.319426
5.332716
5.346193
5.359564
5.372881
5.386268
5.399843
5.412732
5.426160
5.439589
5.452747
5.466074
5.479329
5.492508
5.505763
5.519143
5.532131
5.545338
5.558712
5.571886
5.585224
5.598487
5.611547
5.624868
5.638074
5.651260
5.664476
5.677754
5.691063
5.704200
5.717512
5.730757
5.743910
5.757285
5.770464
5.783731
5.796928
5.810042
5.823252
5.836554
5.849809
5.862848
5.876330
5.889264
5.902560
5.915740
5.928937
5.942105
5.955246
5.968459
5.981560
5.994725
6.007800
6.020919
6.034084
6.046967
6.060045
6.073222
6.086218
6.099239
6.112440
6.125233
6.138419
6.151353
6.164395
6.177155
6.190134
6.203068
6.215867
6.229167
6.241756
6.254570
6.267797
6.280318
0.010157
0.022977
0.035788
0.048632
0.061560
0.074398
0.087260
0.100161
0.112969
0.125843
0.138753
0.151421
0.164480
0.177420
0.190154
0.203100
0.215914
0.228701
0.241581
0.254611
0.267470
0.280314
0.293173
0.305993
0.318921
0.331759
0.344570
0.357409
0.370357
0.383103
0.395968
0.408854
0.421635
0.434476
0.447251
0.460128
0.472954
0.485760
0.498481
0.511415
0.524109
0.536851
0.549644
0.562444
0.575054
0.587781
0.600679
0.613209
0.625900
0.638714
0.651394
0.664034
0.676737
0.689195
0.701997
0.714628
0.727386
0.739705
0.752570
0.765124
0.777543
0.790417
0.802850
0.815479
0.828038
0.840523
0.853421
0.865812
0.878459
0.891123
0.903593
0.916392
0.928912
0.941643
0.954292
0.967070
0.979483
0.992384
1.005078
1.017596
1.030329
1.042978
1.055726
1.068364
1.081046
1.093818
1.106420
1.119066
1.131718
1.144529
1.157284
1.170062
1.182792
1.195447
1.208184
1.220809
1.233572
1.246201
1.258931
1.271697
1.284316
1.297014
1.309813
1.322450
1.335034
1.347968
1.360542
1.373197
1.386003
1.398523
1.411187
1.423987
1.436570
1.449297
1.461896
1.474476
1.486994
1.499829
1.512370
1.524855
1.537639
1.550201
1.562749
1.575392
1.588024
1.600571
1.613188
1.625768
1.638582
1.651306
1.663887
1.676548
1.689293
1.701952
1.714544
1.727286
1.739930
1.752762
1.765534
1.778207
1.790848
1.803581
1.816203
1.829119
1.841951
1.854679
1.867271
1.880136
1.892878
1.905630
1.918468
1.931150
1.943946
1.956706
1.969428
1.982188
1.995113
2.007756
2.020570
2.033265
2.046061
2.058686
2.071470
2.084132
2.096853
2.109718
2.122250
2.134936
2.147615
2.160282
2.173007
2.185725
2.198284
2.210994
2.223658
2.236352
2.248789
2.261510
2.273899
2.286629
2.299191
2.311646
2.324083
2.336816
2.349268
2.361872
2.374243
2.386790
2.399278
2.412068
2.424352
2.436833
2.449423
2.461901
2.474428
2.486981
2.499433
2.511924
2.524588
2.537009
2.549503
2.562032
2.574532
2.587056
2.599729
2.612237
2.624599
2.637093
2.649754
2.662263
2.674729
2.687217
2.699740
2.712237
2.724679
2.737083
2.749933
2.762232
2.774639
2.787093
2.799491
2.812074
2.824559
2.837124
2.849291
2.862043
2.874305
2.886676
2.899032
2.911421
2.923773
2.936165
2.948473
2.961017
2.973172
2.985426
2.997953
3.010093
3.022409
3.034654
3.047139
3.059195
3.071479
3.083736
3.095897
3.108085
3.120363
3.132476
3.144664
3.156863
3.169003
3.181242
3.193475
3.205508
3.217597
3.229805
3.242161
3.253999
3.266309
3.278599
3.290682
3.302814
3.315223
3.327204
3.339302
3.351583
3.363729
3.375848
3.387982
3.400290
3.412496
3.424597
3.436785
3.449045
3.461224
3.473235
3.485516
3.497602
3.509829
3.521933
3.533932
3.546153
3.558146
3.570466
3.582468
3.594629
3.606679
3.618850
3.631067
3.642971
3.655060
3.667122
3.679142
3.691198
3.703233
3.715220
3.727235
3.739282
3.751200
3.763175
3.775133
3.787099
3.799089
3.811241
3.822866
3.835078
3.846921
3.858792
3.870602
3.882610
3.894361
3.906267
3.918072
3.929990
3.941827
3.953665
3.965676
3.977450
3.989525
4.001410
4.013064
4.024998
4.036823
4.048625
4.060786
4.072584
4.084455
4.096367
4.108222
4.120080
4.132131
4.143953
4.155854
4.167859
4.179732
4.191666
4.203635
4.215484
4.227492
4.239480
4.251383
4.263328
4.275264
4.287158
4.299134
4.311154
4.323009
4.335030
4.346933
4.358908
4.370865
4.382763
4.394717
4.406614
4.418685
4.430559
4.442381
4.454371
4.466488
4.478154
4.490183
4.502018
4.513721
4.525762
4.537599
4.549502
4.561313
4.573108
4.584973
4.596918
4.608899
4.620539
4.632748
4.644333
4.656150
4.668110
4.679870
4.691623
4.703464
4.715226
4.727061
4.739048
4.750700
4.762597
4.774449
4.786296
4.798160
4.809968
4.821814
4.833801
4.845486
4.857428
4.869328
4.881247
4.893006
4.905122
4.916885
4.928767
4.940680
4.952595
4.964462
4.976503
4.988305
5.000328
5.012192
5.024105
5.035945
5.048082
5.059881
5.071871
5.083681
5.095572
5.107485
5.119505
5.131307
5.143252
5.155263
5.166977
5.178902
5.190823
5.202721
5.214573
5.226440
5.238269
5.250109
5.261992
5.273763
5.285550
5.297408
5.309128
5.321020
5.332791
5.344470
5.356256
5.368010
5.379713
5.391379
5.403250
5.414829
5.426436
5.438292
5.450045
5.461610
5.473133
5.484961
5.496586
5.508132
5.519715
5.531370
5.543061
5.554572
5.566211
5.577869
5.589427
5.601040
5.612806
5.624427
5.635863
5.647566
5.659134
5.670704
5.682365
5.693924
5.705534
5.717170
5.728729
5.740426
5.752032
5.763400
5.775123
5.786895
5.798313
5.810120
5.821526
5.833106
5.844742
5.856382
5.867788
5.879506
5.891100
5.902494
5.914119
5.925636
5.937282
5.948736
5.960297
5.971715
5.983259
5.994770
6.006089
6.017864
6.029303
6.040655
6.052117
6.063520
6.074861
6.086377
6.097717
6.109169
6.120383
6.131906
6.143225
6.154562
6.165986
6.177293
6.188714
6.200063
6.211229
6.222638
6.233778
6.245216
6.256352
6.267591
6.278892
0.006939
0.018204
0.029298
0.040713
0.051994
0.063091
0.074326
0.085615
0.096716
0.108161
0.119330
0.130436
0.141815
0.153164
0.164169
0.175488
0.186834
0.197973
0.209281
0.220537
0.231757
0.242983
0.254254
0.265448
0.276548
0.287891
0.299024
0.310355
0.321624
0.332853
0.344061
0.355278
0.366535
0.377716
0.388924
0.400126
0.411257
0.422576
0.433565
0.444869
0.456111
0.467193
0.478452
0.489574
0.500605
0.511891
0.522989
0.534179
0.545156
0.556481
0.567306
0.578625
0.589684
0.600736
0.611759
0.622886
0.633867
0.644922
0.656025
0.667057
0.677975
0.689192
0.699996
0.711222
0.722133
0.732994
0.744223
0.755120
0.766065
0.776931
0.788041
0.798982
0.810053
0.820937
0.831936
0.842887
0.853993
0.864812
0.875792
0.886803
0.897765
0.908770
0.919759
0.930599
0.941900
0.952635
0.963655
0.974692
0.985759
0.996692
1.007801
1.018815
1.029700
1.040818
1.052170
1.063004
1.074188
1.085004
1.096197
1.106992
1.118299
1.129181
1.140275
1.151202
1.162470
1.173432
1.184533
1.195375
1.206575
1.217738
1.228542
1.239819
1.250877
1.261813
1.272758
1.283843
1.294863
1.305984
1.317033
1.327909
1.339051
1.349927
1.361054
1.371975
1.383072
1.394089
1.405198
1.416008
1.427094
1.437975
1.449156
1.460017
1.470821
1.481981
1.493055
1.503822
1.514881
1.525903
1.536794
1.547673
1.558566
1.569433
1.580596
1.591502
1.602387
1.613331
1.624252
1.635277
1.646210
1.657218
1.668138
1.679275
1.690237
1.701140
1.712213
1.723107
1.734168
1.745104
1.756135
1.767113
1.778315
1.789281
1.800396
1.811410
1.822435
1.833434
1.844564
1.855527
1.866615
1.877667
1.888714
1.899859
1.910825
1.921976
1.933025
1.944033
1.954939
1.966093
1.977082
1.988222
1.999301
2.010300
2.021298
2.032354
2.043466
2.054372
2.065421
2.076438
2.087235
2.098477
2.109445
2.120321
2.131346
2.142375
2.153230
2.164222
2.175200
2.186108
2.197011
2.207977
2.218852
2.229905
2.240571
2.251521
2.262253
2.273264
2.284142
2.294910
2.305798
2.316658
2.327465
2.338155
2.349127
2.359826
2.370707
2.381478
2.392303
2.403065
2.413857
2.424903
2.435443
2.446247
2.457191
2.467774
2.478715
2.489576
2.500380
2.511025
2.521894
2.532713
2.543472
2.554246
2.565005
2.575847
2.586612
2.597425
2.608256
2.619077
2.629833
2.640613
2.651474
2.662149
2.672988
2.683726
2.694533
2.705304
2.716045
2.726882
2.737596
2.748381
2.759116
2.769881
2.780667
2.791330
2.802050
2.812838
2.823570
2.834212
2.844965
2.855664
2.866399
2.877119
2.887740
2.898370
2.909084
2.919657
2.930281
2.940992
2.951565
2.962222
2.972693
2.983503
2.993983
3.004559
3.015174
3.025636
3.036311
3.046821
3.057296
3.067890
3.078382
3.088883
3.099396
3.109903
3.120372
3.130822
3.141284
3.151890
3.162370
3.172707
3.183070
3.193568
3.204183
3.214499
3.225048
3.235438
3.245873
3.256390
3.266867
3.277260
3.287770
3.298161
3.308653
3.319199
3.329598
3.340048
3.350583
3.360892
3.371360
3.381891
3.392288
3.402744
3.413272
3.423638
3.434181
3.444647
3.454956
3.465451
3.475863
3.486223
3.496676
3.507192
3.517565
3.527883
3.538492
3.548751
3.559138
3.569564
3.579967
3.590288
3.600837
3.611036
3.621498
3.631765
3.641985
3.652468
3.662772
3.673141
3.683450
3.693718
3.704054
3.714295
3.724613
3.734857
3.745130
3.755332
3.765599
3.775891
3.786194
3.796300
3.806582
3.816826
3.826950
3.837052
3.847317
3.857440
3.867600
3.877892
3.887985
3.898061
3.908319
3.918383
3.928576
3.938774
3.948748
3.958878
3.969019
3.979146
3.989162
3.999426
4.009574
4.019698
4.029728
4.039888
4.050078
4.060366
4.070409
4.080383
4.090743
4.100765
4.110925
4.121102
4.131121
4.141421
4.151542
4.161660
4.171751
4.181952
4.192145
4.202316
4.212566
4.222702
4.232858
4.243051
4.253043
4.263364
4.273587
4.283638
4.293765
4.303955
4.314117
4.324352
4.334406
4.344530
4.354687
4.364957
4.375129
4.385211
4.395451
4.405512
4.415659
4.425810
4.435964
4.446054
4.456304
4.466197
4.476461
4.486558
4.496619
4.506704
4.516854
4.526984
4.536994
4.547244
4.557232
4.567254
4.577345
4.587352
4.597499
4.607524
4.617516
4.627706
4.637706
4.647605
4.657699
4.667697
4.677740
4.687665
4.697708
4.707703
4.717719
4.727771
4.737718
4.747739
4.757887
4.767747
4.777850
4.787854
4.797822
4.807858
4.817925
4.827983
4.837975
4.848107
4.858042
4.868124
4.878257
4.888258
4.898267
4.908460
4.918478
4.928441
4.938600
4.948577
4.958713
4.968722
4.978738
4.988811
4.998932
5.008945
5.019125
5.029072
5.039300
5.049215
5.059365
5.069384
5.079433
5.089553
5.099635
5.109660
5.119736
5.129806
5.139767
5.149885
5.159808
5.170066
5.179986
5.190092
5.200069
5.210088
5.220050
5.229943
5.240013
5.249977
5.259918
5.269922
5.279947
5.289783
5.299817
5.309677
5.319609
5.329537
5.339514
5.349374
5.359229
5.369077
5.378877
5.388947
5.398758
5.408493
5.418332
5.428257
5.437926
5.447861
5.457535
5.467434
5.477240
5.486897
5.496900
5.506554
5.516372
5.526082
5.535948
5.545577
5.555401
5.565177
5.574777
5.584649
5.594428
5.604093
5.613983
5.623666
5.633407
5.643144
5.652845
5.662543
5.672334
5.682110
5.691689
5.701456
5.711307
5.720945
5.730712
5.740417
5.750124
5.759855
5.769587
5.779246
5.788983
5.798648
5.808367
5.818080
5.827692
5.837405
5.847136
5.856757
5.866401
5.876135
5.885854
5.895439
5.905122
5.914745
5.924431
5.934139
5.943588
5.953376
5.963024
5.972521
5.982079
5.991807
6.001385
6.011098
6.020569
6.030123
6.039690
6.049212
6.058781
6.068326
6.077899
6.087477
6.096890
6.106466
6.115898
6.125395
6.134892
6.144348
6.153887
6.163286
6.172808
6.182107
6.191761
6.200980
6.210468
6.219855
6.229310
6.238766
6.248221
6.257545
6.266764
6.276261
0.002340
0.011745
0.021212
0.030482
0.039851
0.049279
0.058591
0.067927
0.077382
0.086739
0.096069
0.105467
0.114773
0.124016
0.133498
0.142741
0.152065
0.161511
0.170850
0.180195
0.189516
0.198830
0.208250
0.217628
0.226939
0.236275
0.245680
0.255060
0.264273
0.273837
0.283025
0.292304
0.301706
0.310856
0.320248
0.329569
0.338914
0.348327
0.357714
0.366951
0.376281
0.385610
0.394916
0.404255
0.413519
0.422800
0.432148
0.441415
0.450670
0.460014
0.469278
0.478512
0.487740
0.497043
0.506298
0.515561
0.524828
0.533951
0.543347
0.552551
0.561785
0.570967
0.580297
0.589369
0.598561
0.607774
0.616987
0.626101
0.635356
0.644458
0.653695
0.662844
0.671854
0.681114
0.690243
0.699363
0.708492
0.717693
0.726780
0.735759
0.744921
0.754068
0.763146
0.772260
0.781273
0.790497
0.799477
0.808633
0.817711
0.826807
0.835924
0.845026
0.854023
0.863185
0.872269
0.881407
0.890512
0.899578
0.908770
0.917869
0.926743
0.936043
0.945076
0.954103
0.963259
0.972415
0.981469
0.990601
0.999739
1.008742
1.018006
1.027078
1.036264
1.045387
1.054426
1.063543
1.072756
1.081837
1.090987
1.100020
1.109197
1.118368
1.127506
1.136644
1.145680
1.154845
1.163965
1.173151
1.182259
1.191343
1.200388
1.209730
1.218625
1.227901
1.236979
1.246048
1.255180
1.264309
1.273387
1.282519
1.291693
1.300801
1.309819
1.318960
1.328047
1.337176
1.346302
1.355317
1.364401
1.373464
1.382608
1.391629
1.400662
1.409680
1.418887
1.427819
1.436813
1.445888
1.454909
1.464071
1.473029
1.482026
1.491101
1.500209
1.509164
1.518183
1.527195
1.536279
1.545375
1.554186
1.563249
1.572300
1.581238
1.590325
1.599337
1.608340
1.617337
1.626367
1.635382
1.644406
1.653401
1.662494
1.671485
1.680476
1.689527
1.698617
1.707572
1.716611
1.725731
1.734746
1.743798
1.752945
1.761960
1.771131
1.780164
1.789086
1.798263
1.807329
1.816368
1.825365
1.834524
1.843545
1.852656
1.861797
1.870878
1.879786
1.889103
1.897966
1.907200
1.916233
1.925308
1.934437
1.943482
1.952482
1.961635
1.970725
1.979704
1.988728
1.997833
2.006896
2.015911
2.025154
2.034017
2.043119
2.052134
2.061332
2.070146
2.079353
2.088290
2.097398
2.106338
2.115288
2.124390
2.133396
2.142297
2.151279
2.160330
2.169360
2.178244
2.187328
2.196091
2.205136
2.214128
2.223080
2.231921
2.240921
2.249766
2.258736
2.267607
2.276475
2.285440
2.294311
2.303140
2.312015
2.320934
2.329742
2.338611
2.347449
2.356311
2.365177
2.373997
2.382871
2.391704
2.400419
2.409357
2.418063
2.426922
2.435848
2.444674
2.453449
2.462267
2.471138
2.479953
2.488755
2.497632
2.506408
2.515180
2.524108
2.532917
2.541713
2.550591
2.559432
2.568094
2.576917
2.585782
2.594651
2.603363
2.612234
2.621055
2.629896
2.638675
2.647483
2.656372
2.665097
2.673965
2.682732
2.691492
2.700393
2.709052
2.717890
2.726699
2.735336
2.744196
2.752959
2.761768
2.770480
2.779232
2.788061
2.796788
2.805510
2.814297
2.823013
2.831743
2.840480
2.849193
2.857941
2.866663
2.875267
2.884058
2.892683
2.901444
2.910028
2.918779
2.927426
2.936081
2.944797
2.953410
2.962060
2.970662
2.979269
2.987886
2.996593
3.005191
3.013697
3.022392
3.031014
3.039607
3.048059
3.056612
3.065238
3.073792
3.082373
3.090887
3.099399
3.107896
3.116432
3.124989
3.133494
3.141943
3.150488
3.158970
3.167490
3.175960
3.184475
3.192858
3.201541
3.209978
3.218432
3.226989
3.235483
3.243956
3.252483
3.260881
3.269372
3.277895
3.286362
3.294802
3.303368
3.311769
3.320241
3.328771
3.337295
3.345693
3.354217
3.362654
3.371174
3.379686
3.388072
3.396632
3.405033
3.413461
3.421940
3.430466
3.438792
3.447199
3.455837
3.464211
3.472654
3.481133
3.489531
3.497983
3.506446
3.514772
3.523248
3.531589
3.540125
3.548433
3.556873
3.565295
3.573720
3.582058
3.590531
3.598836
3.607186
3.615497
3.623817
3.632278
3.640517
3.648861
3.657361
3.665567
3.673923
3.682270
3.690497
3.698850
3.707194
3.715424
3.723705
3.731954
3.740238
3.748471
3.756710
3.764937
3.773239
3.781457
3.789685
3.797852
3.806163
3.814294
3.822470
3.830766
3.838916
3.847038
3.855244
3.863480
3.871624
3.879809
3.887877
3.896096
3.904260
3.912415
3.920528
3.928696
3.936764
3.944916
3.953074
3.961161
3.969280
3.977438
3.985498
3.993596
4.001826
4.009850
4.017948
4.026100
4.034184
4.042297
4.050440
4.058515
4.066658
4.074837
4.082834
4.091007
4.099129
4.107210
4.115314
4.123406
4.131520
4.139669
4.147767
4.155833
4.164027
4.172110
4.180184
4.188304
4.196537
4.204662
4.212695
4.220976
4.228889
4.237128
4.245169
4.253321
4.261351
4.269554
4.277575
4.285715
4.293789
4.301869
4.309959
4.318117
4.326210
4.334301
4.342361
4.350426
4.358513
4.366638
4.374706
4.382718
4.390939
4.398915
4.407001
4.415036
4.423123
4.431092
4.439286
4.447280
4.455342
4.463414
4.471413
4.479434
4.487508
4.495495
4.503504
4.511545
4.519611
4.527482
4.535619
4.543499
4.551603
4.559470
4.567470
4.575496
4.583436
4.591432
4.599435
4.607443
4.615323
4.623250
4.631247
4.639228
4.647000
4.655107
4.662975
4.670891
4.678830
4.686662
4.694571
4.702514
4.710414
4.718291
4.726213
4.734104
4.742116
4.749920
4.757824
4.765731
4.773634
4.781484
4.789334
4.797366
4.805204
4.813024
4.820999
4.828858
4.836830
4.844820
4.852574
4.860541
4.868561
4.876441
4.884284
4.892266
4.900149
4.907975
4.915908
4.923815
4.931691
4.939688
4.947502
4.955477
4.963315
4.971126
4.979167
4.986980
4.994860
5.002892
5.010769
5.018616
5.026532
5.034360
5.042249
5.050179
5.058110
5.065858
5.073806
5.081611
5.089473
5.097442
5.105199
5.113060
5.120970
5.128784
5.136616
5.144489
5.152255
5.160143
5.168071
5.175834
5.183666
5.191545
5.199329
5.207107
5.214932
5.222617
5.230425
5.238296
5.246112
5.253848
5.261593
5.269341
5.277175
5.284863
5.292575
5.300302
5.308059
5.315705
5.323426
5.331155
5.338813
5.346489
5.354258
5.361832
5.369454
5.377148
5.384878
5.392389
5.400199
5.407669
5.415413
5.423033
5.430585
5.438171
5.445815
5.453365
5.460909
5.468462
5.476081
5.483652
5.491247
5.498800
5.506404
5.513849
5.521507
5.528922
5.536601
5.544016
5.551590
5.559090
5.566586
5.574100
5.581662
5.589146
5.596636
5.604186
5.611682
5.619217
5.626683
5.634212
5.641676
5.649256
5.656701
5.664173
5.671723
5.679132
5.686611
5.694209
5.701597
5.709045
5.716496
5.724041
5.731476
5.738970
5.746358
5.753812
5.761302
5.768733
5.776073
5.783620
5.791005
5.798393
5.805851
5.813254
5.820891
5.828282
5.835659
5.843002
5.850423
5.858006
5.865293
5.872783
5.880135
5.887517
5.894932
5.902345
5.909757
5.917118
5.924444
5.931823
5.939178
5.946554
5.953982
5.961229
5.968719
5.975955
5.983277
5.990635
5.997997
6.005358
6.012510
6.019904
6.027199
6.034420
6.041733
6.049014
6.056228
6.063592
6.070801
6.078027
6.085287
6.092633
6.099911
6.107014
6.114301
6.121653
6.128726
6.136067
6.143126
6.150523
6.157681
6.164844
6.171968
6.179222
6.186371
6.193462
6.200704
6.207817
6.214956
6.222135
6.229205
6.236477
6.243517
6.250735
6.257791
6.265002
6.272013
6.279126
0.003053
0.010136
0.017245
0.024322
0.031372
0.038412
0.045525
0.052767
0.059774
0.066944
0.073925
0.081034
0.088150
0.095191
0.102324
0.109377
0.116526
0.123441
0.130565
0.137573
0.144641
0.151897
0.158779
0.165925
0.173013
0.180078
0.187155
0.194228
0.201284
0.208292
0.215434
0.222415
0.229570
0.236503
0.243552
0.250590
0.257853
0.264654
0.271748
0.278837
0.285830
0.292879
0.299992
0.306958
0.314035
0.321153
0.328032
0.335100
0.342123
0.349056
0.356210
0.363131
0.370259
0.377180
0.384259
0.391129
0.398167
0.405268
0.412239
0.419223
0.426198
0.433275
0.440214
0.447215
0.454133
0.461081
0.468119
0.475049
0.482000
0.488965
0.495883
0.502828
0.509797
0.516655
0.523615
0.530581
0.537486
0.544410
0.551367
0.558327
0.565215
0.572106
0.578973
0.585819
0.592961
0.599577
0.606555
0.613428
0.620277
0.627137
0.634034
0.640931
0.647804
0.654698
0.661529
0.668333
0.675203
0.682016
0.688847
0.695798
0.702572
0.709277
0.716171
0.722972
0.729881
0.736616
0.743381
0.750212
0.757172
0.763842
0.770649
0.777498
0.784248
0.791016
0.797784
0.804546
0.811329
0.818193
0.824862
0.831705
0.838518
0.845202
0.852006
0.858787
0.865597
0.872377
0.879061
0.885931
0.892591
0.899398
0.906322
0.912979
0.919732
0.926479
0.933445
0.940067
0.946880
0.953630
0.960536
0.967142
0.974006
0.980720
0.987578
0.994268
1.001159
1.007855
1.014617
1.021386
1.028268
1.034940
1.041837
1.048578
1.055409
1.062105
1.068876
1.075713
1.082442
1.089261
1.095993
1.102794
1.109527
1.116378
1.123096
1.129900
1.136686
1.143406
1.150192
1.156963
1.163722
1.170436
1.177327
1.183904
1.190786
1.197536
1.204265
1.210973
1.217702
1.224488
1.231265
1.238018
1.244753
1.251498
1.258224
1.265049
1.271685
1.278453
1.285149
1.291891
1.298608
1.305337
1.312060
1.318780
1.325476
1.332235
1.339045
1.345547
1.352417
1.359035
1.365839
1.372394
1.379148
1.385757
1.392555
1.399221
1.405810
1.412482
1.419166
1.425808
1.432531
1.439227
1.445786
1.452557
1.459148
1.465814
1.472406
1.479066
1.485729
1.492327
1.498963
1.505557
1.512232
1.518884
1.525493
1.532063
1.538738
1.545330
1.551927
1.558557
1.565107
1.571716
1.578319
1.584893
1.591511
1.598282
1.604757
1.611318
1.617954
1.624552
1.631194
1.637815
1.644382
1.650983
1.657625
1.664240
1.670832
1.677489
1.684038
1.690654
1.697305
1.703884
1.710431
1.717061
1.723667
1.730384
1.736955
1.743510
1.750098
1.756783
1.763395
1.769908
1.776497
1.783169
1.789859
1.796441
1.803018
1.809654
1.816254
1.822950
1.829347
1.836112
1.842623
1.849295
1.855799
1.862546
1.869048
1.875675
1.882236
1.888831
1.895431
1.902130
1.908629
1.915283
1.921907
1.928472
1.935006
1.941606
1.948189
1.954792
1.961398
1.967986
1.974563
1.981151
1.987686
1.994328
2.000844
2.007519
2.013958
2.020609
2.027135
2.033708
2.040224
2.046780
2.053398
2.059917
2.066479
2.073007
2.079551
2.086028
2.092581
2.099091
2.105604
2.112157
2.118622
2.125127
2.131685
2.138139
2.144610
2.151150
2.157664
2.164084
2.170574
2.177021
2.183526
2.190063
2.196382
2.202931
2.209382
2.215817
2.222202
2.228727
2.235040
2.241604
2.248025
2.254431
2.260857
2.267233
2.273605
2.280044
2.286476
2.292876
2.299134
2.305543
2.311949
2.318372
2.324877
2.331130
2.337535
2.343863
2.350235
2.356599
2.362918
2.369275
2.375630
2.382020
2.388261
2.394664
2.400959
2.407298
2.413599
2.420032
2.426308
2.432627
2.439050
2.445309
2.451595
2.457962
2.464232
2.470539
2.476954
2.483197
2.489519
2.495892
2.502141
2.508427
2.514755
2.521076
2.527344
2.533669
2.539976
2.546345
2.552562
2.558869
2.565104
2.571524
2.577780
2.584128
2.590360
2.596655
2.602851
2.609241
2.615473
2.621855
2.628054
2.634354
2.640565
2.646905
2.653149
2.659476
2.665756
2.671973
2.678229
2.684514
2.690755
2.697014
2.703240
2.709496
2.715736
2.722028
2.728296
2.734462
2.740744
2.746901
2.753202
2.759458
2.765662
2.771897
2.778231
2.784316
2.790572
2.796744
2.802969
2.809117
2.815394
2.821524
2.827801
2.833931
2.840142
2.846346
2.852572
2.858696
2.864892
2.871019
2.877188
2.883339
2.889495
2.895649
2.901755
2.907981
2.914054
2.920166
2.926287
2.932381
2.938499
2.944710
2.950849
2.956943
2.963022
2.969080
2.975249
2.981325
2.987422
2.993474
2.999577
3.005569
3.011791
3.017793
3.023806
3.029909
3.035970
3.041950
3.048038
3.054117
3.060112
3.066113
3.072186
3.078163
3.084215
3.090231
3.096232
3.102218
3.108220
3.114230
3.120210
3.126217
3.132164
3.138147
3.144085
3.150092
3.156046
3.161993
3.168015
3.173956
3.179945
3.185961
3.191803
3.197832
3.203716
3.209774
3.215676
3.221569
3.227546
3.233515
3.239426
3.245424
3.251350
3.257267
3.263293
3.269162
3.275061
3.281023
3.286964
3.292809
3.298877
3.304695
3.310645
3.316574
3.322435
3.328430
3.334416
3.340198
3.346175
3.352117
3.358127
3.363924
3.369886
3.375707
3.381664
3.387548
3.393402
3.399310
3.405192
3.411022
3.417047
3.422832
3.428825
3.434583
3.440518
3.446342
3.452209
3.458075
3.463944
3.469760
3.475629
3.481498
3.487346
3.493126
3.498941
3.504778
3.510665
3.516423
3.522238
3.528099
3.533890
3.539709
3.545509
3.551345
3.557095
3.562892
3.568668
3.574442
3.580272
3.586019
3.591741
3.597521
3.603276
3.609064
3.614712
3.620533
3.626232
3.632008
3.637671
3.643462
3.649188
3.654814
3.660644
3.666343
3.671999
3.677650
3.683355
3.689029
3.694734
3.700417
3.706053
3.711733
3.717375
3.723007
3.728709
3.734311
3.739962
3.745490
3.751245
3.756776
3.762447
3.767999
3.773605
3.779177
3.784816
3.790344
3.795940
3.801561
3.807116
3.812676
3.818228
3.823729
3.829427
3.834886
3.840462
3.845971
3.851532
3.857021
3.862540
3.868109
3.873553
3.879183
3.884633
3.890112
3.895619
3.901168
3.906618
3.912091
3.917607
3.923042
3.928603
3.934031
3.939580
3.944991
3.950468
3.955924
3.961401
3.966886
3.972315
3.977789
3.983272
3.988701
3.994153
3.999669
4.005107
4.010560
4.016010
4.021411
4.026849
4.032344
4.037779
4.043220
4.048645
4.054033
4.059551
4.064929
4.070313
4.075730
4.081207
4.086617
4.091993
4.097434
4.102871
4.108258
4.113651
4.119050
4.124416
4.129848
4.135199
4.140625
4.146107
4.151390
4.156803
4.162205
4.167631
4.173027
4.178360
4.183708
4.189119
4.194533
4.199872
4.205235
4.210609
4.215949
4.221392
4.226755
4.232061
4.237418
4.242799
4.248126
4.253504
4.258867
4.264179
4.269449
4.274869
4.280217
4.285541
4.290838
4.296243
4.301549
4.306888
4.312185
4.317497
4.322794
4.328121
4.333457
4.338748
4.344036
4.349345
4.354672
4.359966
4.365290
4.370563
4.375848
4.381100
4.386394
4.391664
4.396967
4.402219
4.407450
4.412726
4.418012
4.423254
4.428432
4.433741
4.438963
4.444164
4.449431
4.454647
4.459897
4.465079
4.470284
4.475554
4.480701
4.485869
4.491067
4.496302
4.501398
4.506590
4.511752
4.516908
4.522145
4.527281
4.532443
4.537536
4.542722
4.547896
4.553035
4.558155
4.563260
4.568485
4.573537
4.578672
4.583745
4.588903
4.593937
4.599090
4.604231
4.609250
4.614337
4.619502
4.624551
4.629605
4.634770
4.639705
4.644810
4.649903
4.654994
4.659961
4.665087
4.670076
4.675103
4.680170
4.685164
4.690194
4.695242
4.700270
4.705252
4.710298
4.715322
4.720293
4.725287
4.730314
4.735300
4.740300
4.745268
4.750304
4.755313
4.760218
4.765260
4.770255
4.775177
4.780181
4.785175
4.790116
4.795161
4.800093
4.805051
4.809995
4.815076
4.819926
4.824900
4.829874
4.834814
4.839767
4.844734
4.849689
4.854627
4.859519
4.864484
4.869403
4.874431
4.879275
4.884291
4.889138
4.894088
4.899049
4.903918
4.908807
4.913751
4.918658
4.923578
4.928476
4.933345
4.938256
4.943187
4.948086
4.952936
4.957901
4.962766
4.967683
4.972548
4.977342
4.982306
4.987154
4.991999
4.996871
5.001739
5.006593
5.011452
5.016318
5.021156
5.026007
5.030894
5.035729
5.040562
5.045419
5.050218
5.055027
5.059902
5.064665
5.069501
5.074265
5.079088
5.083927
5.088673
5.093505
5.098371
5.103117
5.107883
5.112659
5.117432
5.122204
5.126917
5.131717
5.136436
5.141277
5.146014
5.150796
5.155437
5.160306
5.165003
5.169710
5.174462
5.179172
5.183926
5.188630
5.193313
5.198040
5.202763
5.207496
5.212113
5.216835
5.221533
5.226252
5.230856
5.235509
5.240204
5.244875
5.249501
5.254145
5.258759
5.263423
5.268034
5.272690
5.277340
5.281981
5.286589
5.291191
5.295823
5.300434
5.304964
5.309527
5.314126
5.318797
5.323201
5.327848
5.332321
5.336926
5.341579
5.346031
5.350558
5.355085
5.359633
5.364139
5.368702
5.373166
5.377714
5.382229
5.386661
5.391149
5.395652
5.400136
5.404577
5.409083
5.413541
5.417996
5.422439
5.426886
5.431346
5.435838
5.440254
5.444619
5.449101
5.453496
5.457922
5.462326
5.466748
5.471107
5.475544
5.479901
5.484284
5.488703
5.493083
5.497439
5.501817
5.506146
5.510530
5.514906
5.519260
5.523601
5.527985
5.532314
5.536598
5.541026
5.545275
5.549682
5.553984
5.558311
5.562685
5.567038
5.571346
5.575685
5.579972
5.584322
5.588610
5.592951
5.597214
5.601513
5.605816
5.610085
5.614399
5.618759
5.623022
5.627250
5.631552
5.635839
5.640097
5.644381
5.648674
5.652920
5.657168
5.661438
5.665632
5.669952
5.674120
5.678386
5.682662
5.686877
5.691078
5.695362
5.699590
5.703775
5.708041
5.712176
5.716385
5.720691
5.724810
5.729011
5.733235
5.737439
5.741534
5.745789
5.749938
5.754205
5.758282
5.762462
5.766608
5.770803
5.774970
5.779078
5.783233
5.787428
5.791488
5.795718
5.799721
5.803933
5.808071
5.812199
5.816292
5.820433
5.824612
5.828678
5.832821
5.836878
5.841012
5.845123
5.849176
5.853308
5.857344
5.861457
5.865538
5.869652
5.873690
5.877753
5.881938
5.885935
5.890016
5.894078
5.898114
5.902171
5.906240
5.910239
5.914302
5.918379
5.922415
5.926487
5.930499
5.934495
5.938549
5.942605
5.946623
5.950641
5.954602
5.958659
5.962634
5.966634
5.970592
5.974607
5.978648
5.982642
5.986650
5.990635
5.994617
5.998548
6.002557
6.006470
6.010454
6.014397
6.018337
6.022286
6.026223
6.030148
6.034108
6.038036
6.041952
6.045856
6.049808
6.053705
6.057618
6.061591
6.065432
6.069318
6.073215
6.077107
6.080978
6.084837
6.088643
6.092525
6.096432
6.100300
6.104147
6.108000
6.111841
6.115706
6.119550
6.123367
6.127199
6.131063
6.134881
6.138670
6.142574
6.146356
6.150151
6.153996
6.157764
6.161602
6.165377
6.169215
6.172997
6.176771
6.180529
6.184336
6.188190
6.191958
6.195697
6.199472
6.203254
6.207026
6.210806
6.214558
6.218306
6.222078
6.225802
6.229553
6.233325
6.237079
6.240806
6.244530
6.248284
6.252020
6.255744
6.259474
6.263240
6.266953
6.270668
6.274347
6.278077
6.281762
0.002286
0.006049
0.009737
0.013404
0.017143
0.020802
0.024526
0.028229
0.031911
0.035617
0.039281
0.042972
0.046646
0.050304
0.053983
0.057674
0.061317
0.064999
0.068685
0.072364
0.076037
0.079728
0.083401
0.087029
0.090697
0.094343
0.097995
0.101668
0.105293
0.108949
0.112613
0.116241
0.119857
0.123563
0.127162
0.130784
0.134436
0.138064
0.141692
0.145348
0.148997
0.152562
0.156238
0.159876
0.163414
0.167093
0.170700
0.174284
0.177897
0.181495
0.185162
0.188784
0.192326
0.195921
0.199582
0.203121
0.206734
0.210362
0.213897
0.217523
0.221178
0.224737
0.228290
0.231907
0.235457
0.239055
0.242615
0.246174
0.249760
0.253320
0.256897
0.260435
0.264030
0.267578
0.271137
0.274726
0.278292
0.281833
0.285368
0.288910
0.292460
0.295992
0.299513
0.303075
0.306598
0.310119
0.313651
0.317201
0.320701
0.324266
0.327819
0.331325
0.334878
0.338396
0.341829
0.345406
0.348867
0.352414
0.355878
0.359428
0.362897
0.366397
0.369890
0.373422
0.376850
0.380415
0.383858
0.387327
0.390821
0.394308
0.397786
0.401331
0.404779
0.408231
0.411700
0.415170
0.418627
0.422099
0.425566
0.428978
0.432466
0.435998
0.439432
0.442865
0.446305
0.449714
0.453189
0.456653
0.460056
0.463526
0.466965
0.470366
0.473802
0.477233
0.480627
0.484094
0.487497
0.490904
0.494343
0.497720
0.501159
0.504569
0.507984
0.511370
0.514743
0.518159
0.521595
0.524999
0.528349
0.531725
0.535093
0.538517
0.541903
0.545291
0.548644
0.551999
0.555418
0.558773
0.562129
0.565497
0.568861
0.572244
0.575584
0.578934
0.582257
0.585594
0.588938
0.592290
0.595637
0.598951
0.602318
0.605641
0.608957
0.612286
0.615639
0.618934
0.622302
0.625538
0.628860
0.632171
0.635520
0.638804
0.642082
0.645401
0.648661
0.651954
0.655288
0.658551
0.661847
0.665148
0.668423
0.671707
0.674990
0.678253
0.681543
0.684812
0.688059
0.691316
0.694588
0.697835
0.701101
0.704346
0.707633
0.710859
0.714107
0.717361
0.720555
0.723847
0.727086
0.730319
0.733569
0.736820
0.740023
0.743265
0.746485
0.749670
0.752903
0.756073
0.759335
0.762499
0.765702
0.768917
0.772177
0.775367
0.778558
0.781830
0.785021
0.788170
0.791366
0.794560
0.797748
0.800963
0.804133
0.807317
0.810478
0.813654
0.816845
0.820030
0.823214
0.826381
0.829575
0.832730
0.835903
0.839123
0.842188
0.845373
0.848552
0.851740
0.854811
0.857990
0.861138
0.864317
0.867481
0.870642
0.873758
0.876889
0.880050
0.883174
0.886344
0.889478
0.892612
0.895806
0.898907
0.901972
0.905160
0.908260
0.911394
0.914528
0.917602
0.920769
0.923891
0.926980
0.930123
0.933248
0.936357
0.939443
0.942586
0.945654
0.948749
0.951868
0.954975
0.958070
0.961180
0.964272
0.967340
0.970453
0.973506
0.976588
0.979692
0.982793
0.985885
0.988995
0.992042
0.995146
0.998220
1.001264
1.004329
1.007421
1.010516
1.013548
1.016619
1.019690
1.022749
1.025835
1.028870
1.031926
1.035027
1.038056
1.041055
1.044188
1.047170
1.050274
1.053279
1.056373
1.059361
1.062452
1.065454
1.068534
1.071534
1.074619
1.077621
1.080665
1.083754
1.086709
1.089753
1.092761
1.095808
1.098849
1.101830
1.104841
1.107912
1.110902
1.113913
1.116918
1.119938
1.122973
1.125954
1.128917
1.131949
1.134954
1.137965
1.140967
1.144026
1.146983
1.150009
1.152939
1.155995
1.158913
1.161895
1.164876
1.167920
1.170814
1.173813
1.176827
1.179790
1.182732
1.185743
1.188700
1.191666
1.194638
1.197581
1.200565
1.203531
1.206476
1.209400
1.212375
1.215308
1.218211
1.221205
1.224090
1.227101
1.230037
1.232970
1.235894
1.238833
1.241742
1.244673
1.247615
1.250557
1.253436
1.256396
1.259242
1.262182
1.265124
1.268015
1.270933
1.273842
1.276742
1.279637
1.282543
1.285422
1.288310
1.291231
1.294105
1.296981
1.299926
1.302769
1.305669
1.308519
1.311398
1.314277
1.317159
1.320011
1.322906
1.325797
1.328592
1.331486
1.334363
1.337176
1.340043
1.342916
1.345762
1.348597
1.351446
1.354265
1.357082
1.359988
1.362804
1.365629
1.368449
1.371304
1.374120
1.376984
1.379741
1.382608
1.385406
1.388256
1.391039
1.393876
1.396677
1.399464
1.402280
1.405058
1.407865
1.410654
1.413452
1.416218
1.419034
1.421806
1.424598
1.427372
1.430179
1.432984
1.435779
1.438509
1.441262
1.444063
1.446775
1.449501
1.452284
1.455098
1.457836
1.460649
1.463331
1.466081
1.468850
1.471591
1.474347
1.477095
1.479860
1.482566
1.485313
1.488057
1.490772
1.493507
1.496218
1.498981
1.501722
1.504407
1.507127
1.509878
1.512586
1.515303
1.517997
1.520726
1.523432
1.526149
1.528837
1.531524
1.534235
1.536896
1.539595
1.542289
1.544964
1.547682
1.550372
1.553042
1.555723
1.558411
1.561077
1.563756
1.566455
1.569139
1.571812
1.574458
1.577106
1.579769
1.582406
1.585046
1.587727
1.590418
1.593030
1.595694
1.598357
1.601024
1.603666
1.606315
1.608972
1.611579
1.614287
1.616879
1.619530
1.622194
1.624791
1.627440
1.630058
1.632731
1.635316
1.637956
1.640577
1.643217
1.645869
1.648493
1.651121
1.653718
1.656319
1.658949
1.661577
1.664168
1.666790
1.669438
1.671997
1.674586
1.677204
1.679793
1.682390
1.685027
1.687568
1.690189
1.692790
1.695420
1.697973
1.700577
1.703150
1.705748
1.708324
1.710895
1.713462
1.716057
1.718595
1.721192
1.723775
1.726316
1.728880
1.731454
1.734010
1.736595
1.739154
1.741697
1.744232
1.746788
1.749346
1.751929
1.754508
1.757016
1.759575
1.762104
1.764632
1.767161
1.769704
1.772251
1.774789
1.777339
1.779858
1.782369
1.784925
1.787408
1.789913
1.792463
1.794964
1.797499
1.800016
1.802520
1.805025
1.807542
1.810046
1.812575
1.815059
1.817543
1.820056
1.822570
1.825051
1.827534
1.830057
1.832520
1.835019
1.837472
1.839956
1.842446
1.844932
1.847377
1.849876
1.852369
1.854805
1.857207
1.859673
1.862154
1.864637
1.867085
1.869557
1.872065
1.874528
1.876936
1.879357
1.881805
1.884253
1.886667
1.889115
1.891527
1.893960
1.896396
1.898799
1.901252
1.903685
1.906097
1.908518
1.910966
1.913380
1.915792
1.918204
1.920622
1.923034
1.925470
1.927866
1.930263
1.932690
1.935087
1.937460
1.939868
1.942268
1.944692
1.947110
1.949474
1.951868
1.954247
1.956640
1.959010
1.961371
1.963759
1.966153
1.968520
1.970884
1.973269
1.975617
1.977978
1.980381
1.982760
1.985136
1.987482
1.989837
1.992204
1.994583
1.996937
1.999244
2.001605
2.003951
2.006291
2.008622
2.010944
2.013308
2.015660
2.017967
2.020292
2.022671
2.024981
2.027320
2.029648
2.031973
2.034313
2.036638
2.038939
2.041216
2.043544
2.045839
2.048128
2.050426
2.052751
2.055046
2.057374
2.059666
2.062009
2.064313
2.066587
2.068861
2.071156
2.073448
2.075710
2.077990
2.080264
2.082511
2.084797
2.087071
2.089369
2.091643
2.093878
2.096173
2.098435
2.100691
2.102908
2.105158
2.107414
2.109688
2.111926
2.114167
2.116402
2.118616
2.120890
2.123110
2.125330
2.127553
2.129765
2.132006
2.134229
2.136467
2.138672
2.140886
2.143079
2.145317
2.147501
2.149703
2.151899
2.154078
2.156271
2.158488
2.160651
2.162829
2.165022
2.167197
2.169387
2.171604
2.173762
2.175928
2.178097
2.180260
2.182393
2.184532
2.186711
2.188856
2.190995
2.193110
2.195312
2.197418
2.199573
2.201688
2.203818
2.205969
2.208091
2.210227
2.212354
2.214487
2.216590
2.218709
2.220827
2.222921
2.224994
2.227091
2.229189
2.231337
2.233380
2.235528
2.237596
2.239678
2.241805
2.243866
2.245943
2.248049
2.250110
2.252204
2.254287
2.256321
2.258358
2.260428
2.262484
2.264578
2.266648
2.268683
2.270777
2.272814
2.274882
2.276889
2.278947
2.280978
2.283031
2.285065
2.287072
2.289119
2.291162
2.293193
2.295186
2.297205
2.299239
2.301280
2.303314
2.305268
2.307284
2.309309
2.311335
2.313348
2.315340
2.317354
2.319358
2.321350
2.323325
2.325314
2.327316
2.329281
2.331285
2.333236
2.335255
2.337235
2.339234
2.341208
2.343180
2.345172
2.347069
2.349025
2.350987
2.352941
2.354891
2.356899
2.358855
2.360826
2.362789
2.364724
2.366648
2.368595
2.370510
2.372430
2.374354
2.376289
2.378252
2.380226
2.382173
2.384109
2.386035
2.387941
2.389852
2.391776
2.393666
2.395566
2.397498
2.399371
2.401279
2.403212
2.405123
2.407047
2.408970
2.410876
2.412769
2.414660
2.416523
2.418429
2.420334
2.422186
2.424040
2.425964
2.427824
2.429751
2.431602
2.433478
2.435359
2.437241
2.439092
2.440974
2.442828
2.444689
2.446537
2.448425
2.450286
2.452158
2.454031
2.455888
2.457722
2.459574
2.461353
2.463178
2.465035
2.466860
2.468702
2.470578
2.472430
2.474296
2.476127
2.477972
2.479752
2.481586
2.483362
2.485184
2.486957
2.488764
2.490562
2.492386
2.494232
2.496041
2.497866
2.499649
2.501497
2.503265
2.505018
2.506779
2.508589
2.510365
2.512139
2.513919
2.515707
2.517490
2.519288
2.521049
2.522847
2.524627
2.526359
2.528120
2.529921
2.531623
2.533396
2.535119
2.536878
2.538645
2.540422
2.542172
2.543939
2.545701
2.547415
2.549146
2.550866
2.552580
2.554303
2.556022
2.557733
2.559492
2.561194
2.562955
2.564690
2.566455
2.568156
2.569861
2.571551
2.573244
2.574901
2.576593
2.578286
2.580006
2.581693
2.583359
2.585060
2.586807
2.588527
2.590195
2.591909
2.593593
2.595268
2.596904
2.598569
2.600244
2.601880
2.603537
2.605230
2.606910
2.608570
2.610242
2.611941
2.613613
2.615269
2.616893
2.618523
2.620195
2.621825
2.623488
2.625076
2.626756
2.628371
2.630013
2.631667
2.633321
2.634959
2.636595
2.638189
2.639861
2.641428
2.643049
2.644658
2.646300
2.647891
2.649503
2.651087
2.652732
2.654353
2.655950
2.657568
2.659204
2.660806
2.662370
2.663961
2.665528
2.667089
2.668665
2.670247
2.671838
2.673426
2.674984
2.676563
2.678181
2.679772
2.681347
2.682914
2.684478
2.686024
2.687561
2.689101
2.690650
2.692199
2.693748
2.695300
2.696861
2.698386
2.699941
2.701511
2.703081
2.704636
2.706164
2.707680
2.709181
2.710703
2.712228
2.713702
2.715230
2.716770
2.718256
2.719772
2.721279
2.722837
2.724374
2.725869
2.727382
2.728895
2.730378
2.731852
2.733335
2.734833
2.736307
2.737778
2.739258
2.740738
2.742245
2.743698
2.745182
2.746682
2.748180
2.749655
2.751126
2.752609
2.754089
2.755530
2.756953
2.758382
2.759844
2.761309
2.762744
2.764179
2.765588
2.767068
2.768524
2.769977
2.771433
2.772886
2.774300
2.775723
2.777155
2.778569
2.779984
2.781383
2.782791
2.784232
2.785631
2.787027
2.788418
2.789868
2.791267
2.792663
2.794080
2.795506
2.796923
2.798301
2.799707
2.801073
2.802445
2.803814
2.805181
2.806571
2.807937
2.809312
2.810687
2.812038
2.813420
2.814786
2.816155
2.817548
2.818938
2.820257
2.821632
2.822977
2.824319
2.825668
2.827013
2.828307
2.829664
2.830976
2.832307
2.833631
2.834982
2.836313
2.837646
2.839000
2.840339
2.841672
2.842994
2.844309
2.845618
2.846928
2.848231
2.849525
2.850837
2.852138
2.853411
2.854702
2.855976
2.857276
2.858576
2.859859
2.861186
2.862495
2.863792
2.865087
2.866375
2.867639
2.868916
2.870168
2.871423
2.872688
2.873931
2.875192
2.876424
2.877697
2.878925
2.880157
2.881430
2.882700
2.883968
2.885220
2.886469
2.887719
2.888983
2.890221
2.891446
2.892665
2.893873
2.895095
2.896287
2.897507
2.898708
2.899937
2.901129
2.902354
2.903559
2.904766
2.905977
2.907196
2.908401
2.909599
2.910812
2.912005
2.913200
2.914390
2.915549
2.916736
2.917925
2.919102
2.920271
2.921418
2.922572
2.923759
2.924933
2.926113
2.927255
2.928441
2.929604
2.930763
2.931920
2.933085
2.934254
2.935395
2.936525
2.937672
2.938826
2.939928
2.941058
2.942205
2.943317
2.944431
2.945558
2.946690
2.947823
2.948943
2.950037
2.951157
2.952284
2.953395
2.954513
2.955624
2.956730
2.957827
2.958929
2.960038
2.961125
2.962213
2.963291
2.964367
2.965446
2.966476
2.967534
2.968636
2.969697
2.970803
2.971866
2.972930
2.973981
2.975051
2.976105
2.977175
2.978269
2.979338
2.980417
2.981477
2.982532
2.983566
2.984605
2.985618
2.986628
2.987643
2.988635
2.989645
2.990669
2.991688
2.992716
2.993746
2.994777
2.995805
2.996808
2.997806
2.998831
2.999855
3.000871
3.001887
3.002914
3.003906
3.004915
3.005925
3.006914
3.007885
3.008843
3.009808
3.010764
3.011717
3.012666
3.013640
3.014617
3.015609
3.016594
3.017577
3.018548
3.019500
3.020450
3.021400
3.022356
3.023293
3.024276
3.025271
3.026263
3.027209
3.028174
3.029142
3.030056
3.030972
3.031838
3.032734
3.033633
3.034526
3.035433
3.036365
3.037318
3.038229
3.039178
3.040071
3.041000
3.041863
3.042750
3.043661
3.044574
3.045479
3.046396
3.047343
3.048275
3.049185
3.050090
3.050959
3.051825
3.052679
3.053509
3.054342
3.055186
3.056046
3.056921
3.057820
3.058707
3.059582
3.060462
3.061316
3.062158
3.062994
3.063818
3.064660
3.065499
3.066335
3.067186
3.068069
3.068944
3.069825
3.070673
3.071521
3.072357
3.073187
3.073996
3.074802
3.075602
3.076384
3.077186
3.077986
3.078774
3.079583
3.080401
3.081192
3.081998
3.082822
3.083604
3.084404
3.085195
3.085992
3.086777
3.087568
3.088344
3.089135
3.089944
3.090744
3.091522
3.092310
3.093102
3.093913
3.094687
3.095450
3.096217
3.096975
3.097730
3.098459
3.099192
3.099941
3.100667
3.101413
3.102153
3.102908
3.103651
3.104385
3.105128
3.105865
3.106581
3.107294
3.108022
3.108753
3.109472
3.110188
3.110910
3.111659
3.112402
3.113133
3.113855
3.114595
3.115329
3.116051
3.116758
3.117471
3.118185
3.118876
3.119551
3.120228
3.120884
3.121516
3.122157
3.122834
3.123508
3.124186
3.124869
3.125546
3.126226
3.126897
3.127541
3.128185
3.128841
3.129483
3.130118
3.130768
3.131409
3.132053
3.132700
3.133353
3.134004
3.134639
3.135301
3.135951
3.136619
3.137269
3.137923
3.138591
3.139247
3.139879
3.140511
3.141113
3.141725
3.142312
3.142887
3.143468
3.144070
3.144655
3.145248
3.145850
3.146440
3.147007
3.147585
3.148163
3.148741
3.149307
3.149868
3.150443
3.151042
3.151612
3.152169
3.152738
3.153310
3.153871
3.154410
3.154955
3.155518
3.156082
3.156627
3.157199
3.157768
3.158347
3.158931
3.159524
3.160114
3.160684
3.161256
3.161819
3.162382
3.162943
3.163482
3.163991
3.164539
3.165064
3.165573
3.166080
3.166592
3.167074
3.167557
3.168045
3.168536
3.169024
3.169519
3.170013
3.170514
3.171011
3.171514
3.172009
3.172491
3.172967
3.173432
3.173878
3.174334
3.174810
3.175271
3.175730
3.176188
3.176644
3.177102
3.177557
3.178007
3.178465
3.178930
3.179412
3.179888
3.180377
3.180889
3.181395
3.181890
3.182369
3.182845
3.183325
3.183798
3.184265
3.184742
3.185200
3.185653
3.186102
3.186548
3.186974
3.187390
3.187780
3.188172
3.188580
3.188969
3.189368
3.189775
3.190183
3.190584
3.190974
3.191366
3.191761
3.192157
3.192541
3.192918
3.193308
3.193697
3.194081
3.194467
3.194844
3.195204
3.195540
3.195881
3.196220
3.196552
3.196873
3.197217
3.197565
3.197901
3.198242
3.198581
3.198925
3.199276
3.199629
3.199971
3.200303
3.200639
3.200978
3.201328
3.201697
3.202050
3.202404
3.202769
3.203138
3.203497
3.203857
3.204222
3.204600
3.204983
3.205358
3.205726
3.206089
3.206445
3.206808
3.207155
3.207500
3.207841
3.208165
3.208486
3.208794
3.209103
3.209394
3.209693
3.209999
3.210283
3.210559
3.210838
3.211101
3.211362
3.211622
3.211865
3.212108
3.212348
3.212587
3.212806
3.213019
3.213249
3.213468
3.213684
3.213893
3.214100
3.214301
3.214517
3.214753
3.214969
3.215188
3.215410
3.215616
3.215817
3.216021
3.216203
3.216380
3.216578
3.216764
3.216944
3.217126
3.217318
3.217513
3.217695
3.217890
3.218073
3.218253
3.218421
3.218597
3.218774
3.218936
3.219101
3.219254
3.219400
3.219547
3.219682
3.219811
3.219958
3.220098
3.220218
3.220341
3.220476
3.220596
3.220706
3.220823
3.220931
3.221039
3.221141
3.221243
3.221333
3.221423
3.221506
3.221587
3.221668
3.221749
3.221815
3.221884
3.221956
3.222043
3.222124
3.222190
3.222267
3.222342
3.222414
3.222477
3.222534
3.222591
3.222666
3.222750
3.222828
3.222900
3.222980
3.223070
3.223169
3.223277
3.223373
3.223466
3.223571
3.223685
3.223789
3.223903
3.224029
3.224155
3.224281
3.224407
3.224532
3.224658
3.224796
3.224943
3.225093
3.225245
3.225410
3.225581
3.225746
3.225917
3.226090
3.226264
3.226447
3.226624
3.226798
3.226977
3.227166
3.227358
3.227544
3.227735
3.227924
3.228101
3.228302
3.228478
3.228658
3.228823
3.228994
3.229164
3.229329
3.229488
3.229626
3.229755
3.229895
3.230030
3.230150
3.230258
3.230375
3.230486
3.230582
3.230675
3.230761
3.230830
3.230893
3.230962
3.231010
3.231052
3.231094
3.231115
3.231130
3.231139
3.231148
3.231148
3.231148
3.231148
3.231148
3.231148
3.231148
3.231148
3.231148
3.231148
3.231148
3.231148
3.231130
3.231064
3.230980
3.230893
3.230809
3.230719
3.230623
3.230525
3.230420
3.230306
3.230204
3.230105
3.229997
3.229877
3.229769
3.229659
3.229551
3.229437
3.229311
3.229185
3.229063
3.228958
3.228844
3.228739
3.228634
3.228532
3.228430
3.228338
3.228242
3.228146
3.228062
3.227981
3.227903
3.227822
3.227756
3.227681
3.227615
3.227556
3.227504
3.227460
3.227424
3.227388
3.227358
3.227334
3.227328
3.227316
3.227313
3.227313
3.227313
3.227310
3.227310
3.227310
3.227310
3.227310
3.227310
3.227310
3.227310
3.227310
3.227310
3.227310
3.227310
3.227310
3.227331
3.227385
3.227451
3.227517
3.227573
3.227628
3.227681
3.227729
3.227783
3.227855
3.227912
3.227972
3.228041
3.228110
3.228176
3.228245
3.228305
3.228349
3.228397
3.228457
3.228508
3.228556
3.228607
3.228652
3.228691
3.228715
3.228742
3.228772
3.228811
3.228841
3.228862
3.228880
3.228910
3.228928
3.228946
3.228964
3.228973
3.228973
3.228973
3.228973
3.228973
3.228973
3.228973
3.228973
3.228973
3.228973
3.228973
3.228973
3.228973
3.228973
3.228973
3.228973
3.228973
3.228973
3.228973
3.228973
3.228973
3.228973
3.228973
3.228973
3.228949
3.228913
3.228886
3.228862
3.228841
3.228826
3.228808
3.228784
3.228769
3.228757
3.228739
3.228721
3.228712
3.228703
3.228688
3.228679
3.228664
3.228643
3.228634
3.228631
3.228628
3.228622
3.228622
3.228622
3.228622
3.228622
3.228622
3.228622
3.228622
3.228622
3.228622
3.228622
3.228622
3.228622
3.228622
3.228622
3.228622
3.228622
3.228622
3.228622
3.228622
3.228622
3.228622
3.228622
3.228622
3.228622
3.228622
3.228622
3.228622
3.228622
3.228622
3.228622
3.228622
3.228622
3.228622
3.228622
3.228622
3.228622
3.228622
3.228622
3.228622
3.228622
3.228622
3.228622
3.228622
3.228622
3.228622
3.228622
3.228622
3.228622
3.228622
3.228622
3.228622
3.228622
3.228622
3.228622
3.228622
3.228622
3.228622
3.228622
3.228622
3.228622
3.228622
3.228622
3.228622
3.228622
3.228622
3.228622
3.228622
3.228622
3.228622
3.228622
3.228622
3.228622
3.228622
3.228622
3.228622
3.228622
3.228622
3.228622
3.228622
3.228622
3.228622
3.228622
3.228622
3.228622
3.228622
3.228622
3.228622
3.228622
3.228622
3.228622
3.228622
3.228622
3.228622
3.228622
3.228622
3.228622
3.228622
3.228622
3.228622