0.565140
0.565140
0.565140
0.565140
0.565140
0.565140
0.565140
0.565140
0.565140
0.565209
0.565625
0.566222
0.566962
0.567813
0.568765
0.569847
0.571096
0.572519
0.574122
0.575875
0.577810
0.579941
0.582152
0.584605
0.587242
0.590070
0.593012
0.596143
0.599475
0.602830
0.606435
0.610198
0.614075
0.618092
0.622341
0.626691
0.631221
0.635970
0.640874
0.645941
0.651172
0.656466
0.662077
0.667818
0.673741
0.679778
0.686094
0.692472
0.698977
0.705784
0.712669
0.719773
0.727062
0.734423
0.741961
0.749781
0.757619
0.765738
0.773974
0.782432
0.790893
0.799722
0.808588
0.817618
0.826956
0.836379
0.845892
0.855749
0.865567
0.875723
0.885904
0.896621
0.907023
0.917932
0.928915
0.940141
0.951404
0.962929
0.974593
0.986508
0.998574
1.010753
1.023171
1.035560
1.048497
1.061464
1.074497
1.087622
1.101042
1.114767
1.128566
1.142624
1.156646
1.170937
1.185614
1.200100
1.215093
1.230154
1.245374
1.260839
1.276320
1.291855
1.307940
1.324020
1.340301
1.356626
1.373188
1.389930
1.406657
1.423654
1.440663
1.457767
1.474695
1.491482
1.508586
1.525951
1.542954
1.560022
1.577199
1.594543
1.611630
1.628908
1.646246
1.663488
1.680755
1.698093
1.715659
1.732991
1.750338
1.767802
1.785041
1.802565
1.819873
1.837290
1.854763
1.872080
1.889457
1.906918
1.924295
1.941819
1.959064
1.976732
1.994049
2.011552
2.029070
2.046438
2.063830
2.081396
2.098639
2.116025
2.133381
2.150458
2.167967
2.185371
2.202539
2.219559
2.236945
2.253963
2.271196
2.288310
2.305411
2.322573
2.339824
2.356722
2.373988
2.391015
2.407978
2.425311
2.442112
2.459436
2.476118
2.493561
2.510378
2.527431
2.544518
2.561541
2.578655
2.595825
2.612723
2.629782
2.646962
2.664009
2.680880
2.698452
2.714957
2.732316
2.749124
2.766337
2.783297
2.800381
2.817279
2.834236
2.851245
2.867993
2.884906
2.902031
2.918899
2.935686
2.952559
2.969286
2.986055
3.002980
3.019605
3.036350
3.052948
3.069684
3.086369
3.102991
3.119545
3.136607
3.153059
3.169666
3.186138
3.202721
3.219550
3.235965
3.252773
3.269315
3.285742
3.302715
3.319010
3.335587
3.352488
3.368894
3.385454
3.402157
3.418593
3.435242
3.451849
3.468405
3.485028
3.501659
3.518173
3.534789
3.551234
3.567997
3.584254
3.600957
3.617303
3.633782
3.650500
3.666789
3.683408
3.699848
3.716200
3.732697
3.749142
3.765450
3.781958
3.798337
3.814597
3.830907
3.847266
3.863600
3.879749
3.895922
3.912196
3.928558
3.944874
3.960957
3.977169
3.993758
4.009853
4.026094
4.042231
4.058850
4.074786
4.091300
4.107378
4.123676
4.140361
4.156432
4.172679
4.189415
4.205276
4.221917
4.238107
4.254786
4.270947
4.287414
4.303901
4.320331
4.336720
4.353042
4.369344
4.386125
4.402405
4.418886
4.435185
4.451645
4.468174
4.484356
4.501038
4.517064
4.533779
4.549772
4.566436
4.582666
4.598934
4.615248
4.631654
4.647854
4.664179
4.680412
4.696834
4.713114
4.729427
4.745744
4.762075
4.778524
4.794814
4.811004
4.827743
4.844066
4.860209
4.876989
4.893318
4.909700
4.926206
4.942573
4.959060
4.975640
4.992104
5.008567
5.025168
5.041646
5.058335
5.074768
5.091070
5.107889
5.124344
5.140762
5.157333
5.173923
5.190470
5.206819
5.223405
5.239878
5.256185
5.272822
5.289207
5.305536
5.322089
5.338289
5.354711
5.371300
5.387443
5.404037
5.420094
5.436443
5.452625
5.469007
5.485321
5.501469
5.517747
5.533923
5.549910
5.566205
5.582372
5.598784
5.615214
5.631420
5.647572
5.663966
5.679998
5.696351
5.712670
5.728879
5.745004
5.761305
5.777490
5.793830
5.810285
5.826179
5.842624
5.858611
5.875006
5.891100
5.907384
5.923515
5.939903
5.956046
5.972021
5.988104
6.004666
6.020560
6.036643
6.052759
6.068788
6.084903
6.100881
6.116850
6.133152
6.148974
6.164967
6.180597
6.196848
6.212580
6.228531
6.244359
6.260293
6.276139
0.008590
0.024508
0.040315
0.056341
0.072004
0.087844
0.103861
0.119636
0.135461
0.151253
0.167033
0.183110
0.198929
0.214611
0.230457
0.246279
0.262197
0.278148
0.293988
0.309912
0.325644
0.341583
0.357313
0.373378
0.388996
0.405043
0.420778
0.436552
0.452306
0.468200
0.483926
0.499706
0.515654
0.531225
0.546957
0.562611
0.578257
0.594067
0.609838
0.625310
0.641150
0.656828
0.672507
0.688116
0.703762
0.719281
0.734852
0.750494
0.766014
0.781587
0.797032
0.812803
0.828502
0.843851
0.859748
0.874959
0.890611
0.906280
0.921773
0.937445
0.953013
0.968760
0.984441
1.000126
1.015696
1.031578
1.047083
1.062746
1.078583
1.094277
1.110024
1.125702
1.141366
1.157131
1.172956
1.188574
1.204295
1.220159
1.235834
1.251543
1.267332
1.282893
1.298700
1.314681
1.329955
1.345783
1.361768
1.377215
1.392825
1.408862
1.424319
1.439881
1.455556
1.471492
1.486868
1.502672
1.518284
1.533663
1.549662
1.565083
1.580833
1.596493
1.612238
1.627733
1.643346
1.658991
1.674646
1.690483
1.706230
1.721861
1.737776
1.753762
1.769273
1.785008
1.800935
1.816764
1.832568
1.848291
1.864182
1.880028
1.895949
1.911574
1.927402
1.943377
1.959220
1.975069
1.990975
2.006528
2.022512
2.038247
2.053997
2.070113
2.085974
2.101377
2.117349
2.133285
2.148939
2.164606
2.180359
2.196100
2.211743
2.227427
2.243001
2.258715
2.274348
2.290062
2.305792
2.321272
2.336810
2.352455
2.367891
2.383387
2.399044
2.414603
2.430122
2.445797
2.461047
2.476777
2.492443
2.508121
2.523563
2.539122
2.554716
2.570191
2.586061
2.601230
2.617145
2.632641
2.648148
2.663665
2.679382
2.694869
2.710385
2.726115
2.741652
2.757082
2.772589
2.788088
2.803700
2.819160
2.834836
2.850118
2.865614
2.881008
2.896488
2.911999
2.927300
2.942738
2.958369
2.973469
2.988677
3.004457
3.019518
3.034822
3.050177
3.065451
3.080650
3.095762
3.111303
3.126130
3.141539
3.156510
3.171817
3.187088
3.202188
3.217369
3.232568
3.247788
3.262921
3.278210
3.293442
3.308596
3.323678
3.338907
3.354184
3.369452
3.384519
3.399829
3.414995
3.430119
3.445219
3.460679
3.475701
3.490900
3.506231
3.521331
3.536518
3.551729
3.566820
3.582139
3.597206
3.612318
3.627463
3.642590
3.657633
3.672755
3.687932
3.702808
3.717950
3.733062
3.747905
3.763035
3.778150
3.793061
3.808017
3.822953
3.837867
3.852901
3.867672
3.882625
3.897525
3.912520
3.927344
3.942352
3.957230
3.972174
3.986993
4.001940
4.016830
4.031748
4.046752
4.061622
4.076605
4.091756
4.106542
4.121747
4.136580
4.151474
4.166558
4.181578
4.196501
4.211487
4.226683
4.241565
4.256485
4.271544
4.286532
4.301750
4.316832
4.331818
4.346900
4.361892
4.377017
4.392156
4.407298
4.422017
4.437300
4.452379
4.467159
4.482118
4.497200
4.512318
4.527323
4.542354
4.557346
4.572332
4.587337
4.602206
4.617342
4.632101
4.647375
4.662097
4.677137
4.691860
4.707068
4.722036
4.736876
4.751841
4.766860
4.781781
4.796794
4.811885
4.826937
4.842085
4.857006
4.871956
4.886963
4.902204
4.917268
4.932204
4.947358
4.962440
4.977552
4.992700
5.007851
5.022882
5.038162
5.053175
5.068434
5.083517
5.098554
5.113687
5.128984
5.143965
5.159134
5.174426
5.189211
5.204419
5.219795
5.234488
5.249857
5.264838
5.279908
5.295056
5.309889
5.324914
5.340045
5.354956
5.369820
5.384752
5.399963
5.414766
5.429627
5.444526
5.459476
5.474283
5.489147
5.503917
5.519032
5.533704
5.548522
5.563437
5.578141
5.593116
5.607919
5.622630
5.637679
5.652366
5.667157
5.682047
5.696992
5.711897
5.726401
5.741648
5.756290
5.771070
5.786086
5.800766
5.815597
5.830469
5.845321
5.860091
5.874960
5.889875
5.904406
5.919500
5.933983
5.948906
5.963704
5.978399
5.993227
6.007950
6.022648
6.037368
6.052075
6.066738
6.081446
6.096180
6.110670
6.125245
6.139923
6.154454
6.168898
6.183611
6.198103
6.212517
6.227165
6.241663
6.256188
6.270671
0.002013
0.016388
0.030895
0.045276
0.059720
0.074239
0.088695
0.103085
0.117604
0.131991
0.146453
0.160855
0.175584
0.189878
0.204565
0.218799
0.233366
0.247975
0.262284
0.276623
0.291414
0.305748
0.320219
0.334594
0.349310
0.363592
0.377976
0.392723
0.406981
0.421569
0.435944
0.450304
0.464781
0.479183
0.493618
0.507996
0.522431
0.536731
0.551304
0.565491
0.579773
0.594166
0.608418
0.622811
0.637165
0.651310
0.665547
0.679958
0.694138
0.708352
0.722628
0.736820
0.751033
0.765400
0.779439
0.793751
0.807943
0.822154
0.836256
0.850538
0.864719
0.878926
0.893187
0.907353
0.921623
0.936139
0.950004
0.964538
0.978716
0.993106
1.007337
1.021604
1.035695
1.050142
1.064460
1.078958
1.093171
1.107498
1.121759
1.136164
1.150462
1.164807
1.179122
1.193467
1.207776
1.222487
1.236508
1.251039
1.265390
1.279655
1.294003
1.308300
1.322804
1.336942
1.351329
1.365743
1.379963
1.394164
1.408635
1.422866
1.437034
1.451619
1.465710
1.480025
1.494355
1.508523
1.522701
1.537109
1.551322
1.565454
1.579820
1.593998
1.608355
1.622610
1.636940
1.651094
1.665439
1.679907
1.693904
1.708651
1.722729
1.736949
1.751467
1.765849
1.780242
1.794644
1.808977
1.823400
1.837892
1.852291
1.866738
1.880999
1.895626
1.909950
1.924526
1.938817
1.953201
1.967738
1.982092
1.996368
2.011246
2.025298
2.039748
2.054321
2.068558
2.082942
2.097413
2.111710
2.126044
2.140512
2.154773
2.168977
2.183499
2.197709
2.212096
2.226375
2.240793
2.254694
2.269219
2.283271
2.297448
2.311811
2.325868
2.340049
2.354268
2.368278
2.382692
2.396743
2.410944
2.425149
2.439380
2.453300
2.467591
2.482098
2.495945
2.510189
2.524483
2.538496
2.552742
2.566895
2.580983
2.595256
2.609544
2.623643
2.637614
2.652148
2.666050
2.680353
2.694542
2.708624
2.723011
2.736891
2.751350
2.765396
2.779606
2.793559
2.807586
2.821925
2.835929
2.850091
2.864167
2.878194
2.892237
2.906354
2.920328
2.934400
2.948380
2.962471
2.976195
2.990543
3.004298
3.018209
3.032186
3.046129
3.059857
3.073912
3.087736
3.101736
3.115482
3.129279
3.143100
3.157052
3.170723
3.184553
3.198545
3.212108
3.226156
3.239863
3.253606
3.267490
3.281326
3.295108
3.309003
3.322821
3.336648
3.350535
3.364328
3.378185
3.392042
3.405791
3.419531
3.433370
3.447259
3.460876
3.474802
3.488680
3.502569
3.516354
3.530007
3.543741
3.557832
3.571380
3.585294
3.599132
3.612896
3.626543
3.640256
3.654134
3.667667
3.681380
3.695138
3.708740
3.722411
3.736154
3.749822
3.763484
3.776975
3.790595
3.804263
3.817770
3.831345
3.845112
3.858495
3.872037
3.885621
3.899289
3.912616
3.926257
3.939685
3.953239
3.966724
3.980237
3.993710
4.007384
4.020779
4.034208
4.047954
4.061373
4.075020
4.088529
4.102011
4.115479
4.129384
4.142752
4.156354
4.170022
4.183582
4.197241
4.210804
4.224466
4.238098
4.251661
4.265240
4.278976
4.292600
4.306364
4.319849
4.333502
4.347125
4.360685
4.374362
4.388060
4.401701
4.415255
4.428821
4.442573
4.456250
4.469792
4.483305
4.497062
4.510571
4.524159
4.537821
4.551342
4.564833
4.578504
4.591885
4.605466
4.619170
4.632526
4.646149
4.659694
4.673165
4.686674
4.700240
4.713728
4.727294
4.740825
4.754313
4.767786
4.781457
4.795101
4.808410
4.822062
4.835575
4.849240
4.863049
4.876483
4.890058
4.903741
4.917376
4.931083
4.944574
4.958290
4.971931
4.985695
4.999279
5.012866
5.026666
5.040241
5.054113
5.067796
5.081380
5.095075
5.108845
5.122342
5.135968
5.149798
5.163406
5.176993
5.190826
5.204171
5.217977
5.231459
5.245202
5.258771
5.272421
5.285918
5.299451
5.313182
5.326641
5.340149
5.353728
5.367195
5.380773
5.394135
5.407869
5.421088
5.434828
5.448068
5.461373
5.474832
5.488239
5.501643
5.515020
5.528503
5.541640
5.555296
5.568407
5.582057
5.595330
5.608641
5.622034
5.635459
5.648842
5.662319
5.675741
5.688807
5.702292
5.715729
5.729215
5.742562
5.755915
5.769224
5.782619
5.796060
5.809362
5.822724
5.836201
5.849593
5.862814
5.876318
5.889401
5.902728
5.916231
5.929486
5.942773
5.956181
5.969402
5.982675
5.995977
6.009181
6.022462
6.035732
6.048909
6.062100
6.075271
6.088639
6.101726
6.114798
6.127975
6.141112
6.154325
6.167346
6.180474
6.193564
6.206675
6.219714
6.232786
6.245782
6.258831
6.271830
0.001645
0.014576
0.027633
0.040680
0.053647
0.066680
0.079548
0.092551
0.105647
0.118512
0.131611
0.144641
0.157596
0.170565
0.183631
0.196613
0.209742
0.222550
0.235733
0.248640
0.261658
0.274607
0.287654
0.300699
0.313639
0.326618
0.339843
0.352480
0.365510
0.378573
0.391516
0.404423
0.417782
0.430431
0.443401
0.456524
0.469407
0.482263
0.495155
0.508134
0.521146
0.534020
0.546918
0.559792
0.572672
0.585480
0.598408
0.611228
0.624111
0.637007
0.649701
0.662644
0.675281
0.688314
0.700909
0.713697
0.726418
0.739238
0.751860
0.764860
0.777480
0.790234
0.802994
0.815772
0.828547
0.841269
0.853906
0.866711
0.879531
0.892441
0.905022
0.917878
0.930536
0.943452
0.956179
0.968901
0.981718
0.994601
1.007430
1.020154
1.033142
1.045800
1.058767
1.071665
1.084378
1.097234
1.110138
1.122934
1.135841
1.148769
1.161454
1.174532
1.187367
1.200172
1.212887
1.225881
1.238693
1.251698
1.264345
1.277458
1.290015
1.303222
1.315907
1.328637
1.341607
1.354418
1.367160
1.379903
1.392780
1.405549
1.418543
1.431180
1.444162
1.456862
1.469604
1.482413
1.495197
1.507933
1.520723
1.533645
1.546238
1.559127
1.571755
1.584524
1.597311
1.610033
1.622850
1.635670
1.648370
1.661274
1.674049
1.686938
1.699720
1.712510
1.725318
1.738171
1.751192
1.763898
1.776748
1.789541
1.802577
1.815310
1.828226
1.841056
1.853927
1.867064
1.879858
1.892774
1.905567
1.918555
1.931491
1.944408
1.957300
1.970066
1.983227
1.996072
2.008766
2.021871
2.034526
2.047574
2.060520
2.073223
2.086004
2.099196
2.111716
2.124623
2.137500
2.150296
2.163087
2.176063
2.188685
2.201541
2.214214
2.226876
2.239807
2.252519
2.265219
2.278036
2.290722
2.303314
2.316047
2.328763
2.341475
2.354004
2.366732
2.379330
2.391964
2.404665
2.417257
2.429984
2.442685
2.455103
2.468001
2.480501
2.493264
2.505830
2.518569
2.531029
2.543825
2.556472
2.569076
2.581785
2.594474
2.607054
2.619704
2.632554
2.645029
2.657580
2.670457
2.683010
2.695872
2.708216
2.720803
2.733674
2.746131
2.758694
2.771322
2.784193
2.796528
2.809213
2.822075
2.834488
2.847089
2.859634
2.872115
2.884669
2.897135
2.909800
2.922227
2.934997
2.947217
2.959840
2.972234
2.984587
2.997222
3.009565
3.021933
3.034268
3.046830
3.059168
3.071656
3.083859
3.096460
3.108678
3.121082
3.133168
3.145661
3.157960
3.170235
3.182537
3.194922
3.207239
3.219583
3.231723
3.244220
3.256356
3.268748
3.280903
3.293388
3.305666
3.318039
3.330251
3.342751
3.354885
3.367223
3.379686
3.391925
3.404317
3.416619
3.428879
3.441180
3.453524
3.465718
3.478026
3.490421
3.502731
3.514847
3.527287
3.539397
3.551804
3.563932
3.576338
3.588457
3.600834
3.612962
3.625198
3.637467
3.649682
3.661837
3.674073
3.686270
3.698452
3.710610
3.722903
3.734824
3.747183
3.759062
3.771355
3.783225
3.795362
3.807577
3.819759
3.831497
3.843635
3.855942
3.867672
3.879887
3.891754
3.903924
3.915672
3.927998
3.939841
3.951795
3.963824
3.975779
3.987874
4.000023
4.011659
4.023772
4.035730
4.047810
4.059815
4.071778
4.083756
4.095840
4.107857
4.119847
4.131873
4.144205
4.155976
4.168128
4.180272
4.192327
4.204375
4.216479
4.228505
4.240600
4.252749
4.264736
4.276906
4.288977
4.300872
4.313165
4.325185
4.337235
4.349327
4.361539
4.373424
4.385624
4.397659
4.409644
4.421711
4.433878
4.445944
4.457922
4.470062
4.481962
4.493965
4.505952
4.517927
4.530082
4.542198
4.554260
4.566089
4.578160
4.590108
4.602197
4.614136
4.626030
4.638078
4.650227
4.661879
4.673955
4.685850
4.697936
4.709800
4.721716
4.733868
4.745669
4.757617
4.769805
4.781601
4.793771
4.805695
4.817586
4.829652
4.841798
4.853815
4.865823
4.877765
4.889729
4.901898
4.913814
4.926032
4.938112
4.949901
4.962194
4.974031
4.986256
4.998186
5.010425
5.022265
5.034318
5.046626
5.058565
5.070591
5.082878
5.094602
5.106664
5.118888
5.130926
5.143030
5.155047
5.167136
5.179111
5.191114
5.203302
5.215079
5.227261
5.239224
5.251110
5.263259
5.275171
5.287239
5.299247
5.311127
5.322973
5.334984
5.346861
5.358932
5.370644
5.382774
5.394534
5.406240
5.418188
5.430067
5.441872
5.453688
5.465493
5.477297
5.489231
5.500708
5.512750
5.524515
5.536211
5.548013
5.559763
5.571535
5.583238
5.595084
5.606750
5.618567
5.630285
5.642083
5.653893
5.665521
5.677386
5.689187
5.700854
5.712514
5.724421
5.736084
5.747937
5.759543
5.771312
5.783120
5.794873
5.806534
5.818341
5.830110
5.841743
5.853515
5.865134
5.876935
5.888758
5.900325
5.912127
5.923835
5.935469
5.947073
5.958793
5.970436
5.982183
5.993841
6.005460
6.017064
6.028727
6.040265
6.051791
6.063439
6.075007
6.086698
6.098134
6.109531
6.121224
6.132792
6.144243
6.155856
6.167259
6.178695
6.190110
6.201849
6.213117
6.224576
6.235901
6.247469
6.258852
6.270251
6.281585
0.009845
0.021236
0.032636
0.044129
0.055352
0.066737
0.078161
0.089621
0.100853
0.112286
0.123794
0.135143
0.146354
0.157952
0.169295
0.180569
0.192092
0.203453
0.214850
0.226313
0.237689
0.248948
0.260429
0.271823
0.283124
0.294665
0.305936
0.317297
0.328712
0.340040
0.351497
0.362903
0.374252
0.385607
0.397010
0.408231
0.419592
0.431028
0.442305
0.453639
0.465033
0.476325
0.487806
0.499074
0.510156
0.521550
0.532956
0.544249
0.555490
0.566761
0.577981
0.589171
0.600637
0.611603
0.622982
0.634061
0.645407
0.656616
0.667776
0.679002
0.690082
0.701374
0.712489
0.723616
0.734873
0.745952
0.757250
0.768261
0.779430
0.790509
0.801586
0.812761
0.823987
0.835010
0.846266
0.857405
0.868482
0.879582
0.890781
0.901930
0.913015
0.924176
0.935429
0.946475
0.957656
0.968826
0.980079
0.991143
1.002421
1.013452
1.024846
1.035979
1.047143
1.058357
1.069583
1.080827
1.092000
1.103232
1.114389
1.125660
1.136889
1.148053
1.159291
1.170616
1.181674
1.192883
1.204130
1.215284
1.226526
1.237770
1.248927
1.260138
1.271424
1.282588
1.293814
1.305019
1.316162
1.327346
1.338551
1.349744
1.360872
1.372188
1.383219
1.394389
1.405666
1.416715
1.427842
1.439063
1.450145
1.461213
1.472490
1.483677
1.494678
1.505935
1.516945
1.528091
1.539155
1.550378
1.561437
1.572672
1.583470
1.594786
1.605826
1.616951
1.628063
1.639304
1.650348
1.661382
1.672566
1.683682
1.694923
1.706029
1.717154
1.728434
1.739753
1.750820
1.761978
1.773045
1.784457
1.795495
1.806832
1.817893
1.828987
1.840456
1.851611
1.862711
1.873910
1.885017
1.896399
1.907586
1.918746
1.929988
1.941268
1.952563
1.963633
1.974895
1.986092
1.997282
2.008517
2.019704
2.030970
2.042244
2.053263
2.064492
2.075683
2.086777
2.097925
2.109179
2.120303
2.131421
2.142627
2.153697
2.164836
2.176057
2.187022
2.198210
2.209268
2.220281
2.231394
2.242422
2.253469
2.264677
2.275630
2.286626
2.297607
2.308650
2.319598
2.330644
2.341786
2.352509
2.363760
2.374548
2.385574
2.396647
2.407490
2.418363
2.429298
2.440420
2.451424
2.462213
2.473310
2.484159
2.495229
2.506396
2.517146
2.528183
2.539137
2.550147
2.560939
2.571955
2.582933
2.593967
2.605017
2.615956
2.626753
2.637989
2.648768
2.659869
2.670786
2.681668
2.692619
2.703701
2.714562
2.725641
2.736550
2.747327
2.758316
2.769306
2.780107
2.791015
2.801975
2.812731
2.823897
2.834572
2.845663
2.856383
2.867265
2.878131
2.888968
2.900024
2.910657
2.921607
2.932408
2.943110
2.953902
2.964703
2.975458
2.986235
2.997114
3.007738
3.018589
3.029396
3.039966
3.050803
3.061526
3.072177
3.082897
3.093452
3.104256
3.114889
3.125516
3.136167
3.146902
3.157427
3.168174
3.178744
3.189425
3.200010
3.210682
3.221285
3.231903
3.242500
3.253178
3.263745
3.274447
3.284957
3.295599
3.306259
3.316874
3.327456
3.338125
3.348809
3.359400
3.370102
3.380585
3.391269
3.401944
3.412484
3.423159
3.433789
3.444404
3.454824
3.465628
3.476093
3.486634
3.497320
3.507980
3.518497
3.529154
3.539607
3.550192
3.560969
3.571422
3.581914
3.592409
3.603096
3.613594
3.624158
3.634701
3.645077
3.655632
3.666148
3.676601
3.687100
3.697511
3.707967
3.718591
3.728951
3.739402
3.749951
3.760161
3.770720
3.781026
3.791416
3.801738
3.812320
3.822797
3.832909
3.843461
3.853689
3.864008
3.874383
3.884753
3.894873
3.905392
3.915642
3.925801
3.936156
3.946672
3.956706
3.967300
3.977427
3.987715
3.998069
4.008390
4.018631
4.029055
4.039226
4.049541
4.059992
4.070346
4.080590
4.090944
4.101214
4.111647
4.121878
4.132205
4.142605
4.152899
4.163179
4.173566
4.183924
4.194248
4.204506
4.214981
4.225209
4.235537
4.246050
4.256248
4.266651
4.276996
4.287377
4.297747
4.308044
4.318366
4.328678
4.339164
4.349435
4.359675
4.370159
4.380375
4.390702
4.401063
4.411426
4.421721
4.432063
4.442304
4.452631
4.463057
4.473253
4.483694
4.493965
4.504148
4.514503
4.524734
4.534998
4.545260
4.555533
4.565675
4.576000
4.586216
4.596594
4.606724
4.616944
4.627154
4.637419
4.647713
4.657762
4.667973
4.678222
4.688531
4.698631
4.708880
4.719001
4.729185
4.739488
4.749570
4.759688
4.770111
4.780040
4.790382
4.800683
4.810815
4.821014
4.831180
4.841369
4.851658
4.862009
4.872022
4.882271
4.892668
4.902734
4.912945
4.923294
4.933471
4.943703
4.953994
4.964171
4.974448
4.984731
4.994926
5.005185
5.015557
5.025683
5.035981
5.046362
5.056336
5.066786
5.076952
5.087229
5.097484
5.107688
5.117905
5.128125
5.138410
5.148558
5.158714
5.169192
5.179100
5.189556
5.199650
5.209674
5.220023
5.230203
5.240339
5.250427
5.260619
5.270716
5.280936
5.291092
5.301105
5.311136
5.321466
5.331353
5.341399
5.351538
5.361638
5.371665
5.381672
5.391682
5.401877
5.411770
5.421984
5.431745
5.442009
5.451807
5.461787
5.471913
5.481797
5.491726
5.501685
5.511677
5.521534
5.531427
5.541341
5.551249
5.561330
5.571208
5.581092
5.591120
5.601034
5.610897
5.620868
5.630884
5.640669
5.650628
5.660644
5.670423
5.680448
5.690278
5.700150
5.710121
5.719981
5.729979
5.739802
5.749788
5.759648
5.769622
5.779354
5.789244
5.799244
5.809072
5.818890
5.828834
5.838655
5.848512
5.858422
5.868300
5.878107
5.887993
5.897886
5.907699
5.917568
5.927374
5.937153
5.947043
5.956995
5.966634
5.976470
5.986351
5.996154
6.005858
6.015523
6.025383
6.035151
6.044849
6.054556
6.064368
6.074186
6.083807
6.093574
6.103245
6.112931
6.122579
6.132217
6.141876
6.151635
6.161246
6.170830
6.180573
6.190065
6.199700
6.209383
6.218998
6.228570
6.238284
6.247751
6.257246
6.266851
6.276450
0.002780
0.012362
0.021868
0.031429
0.040932
0.050588
0.059963
0.069601
0.079090
0.088710
0.098253
0.107891
0.117188
0.126778
0.136333
0.145974
0.155459
0.165050
0.174505
0.184093
0.193530
0.203121
0.212750
0.222131
0.231709
0.241248
0.250803
0.260279
0.269981
0.279262
0.288820
0.298458
0.307872
0.317504
0.327112
0.336427
0.345997
0.355572
0.365013
0.374387
0.383993
0.393439
0.402940
0.412491
0.421902
0.431480
0.440822
0.450409
0.459784
0.469311
0.478704
0.488171
0.497648
0.507047
0.516490
0.525940
0.535350
0.544743
0.554333
0.563480
0.573035
0.582454
0.591706
0.601033
0.610602
0.619833
0.629187
0.638645
0.647888
0.657299
0.666623
0.675901
0.685261
0.694513
0.703920
0.713112
0.722526
0.731706
0.740991
0.750269
0.759752
0.768926
0.778265
0.787450
0.796729
0.806059
0.815224
0.824646
0.833793
0.843081
0.852327
0.861642
0.870912
0.880214
0.889439
0.898751
0.907976
0.917368
0.926569
0.935848
0.945157
0.954466
0.963783
0.973005
0.982374
0.991596
1.000937
1.010177
1.019543
1.028762
1.038128
1.047433
1.056745
1.066063
1.075428
1.084671
1.094025
1.103376
1.112696
1.121996
1.131293
1.140647
1.149883
1.159285
1.168558
1.177899
1.187229
1.196535
1.205970
1.215227
1.224365
1.233863
1.243136
1.252375
1.261678
1.271092
1.280389
1.289577
1.299012
1.308192
1.317558
1.326813
1.336046
1.345349
1.354652
1.363949
1.373147
1.382452
1.391656
1.400986
1.410238
1.419430
1.428741
1.437969
1.447164
1.456407
1.465662
1.474794
1.484048
1.493303
1.502516
1.511717
1.521086
1.530233
1.539419
1.548578
1.557889
1.567063
1.576276
1.585303
1.594690
1.603861
1.612999
1.622197
1.631454
1.640616
1.649814
1.659060
1.668276
1.677558
1.686741
1.695852
1.705109
1.714400
1.723598
1.732817
1.742324
1.751402
1.760644
1.769968
1.779226
1.788424
1.797646
1.807014
1.816272
1.825527
1.834743
1.844004
1.853378
1.862660
1.871876
1.881182
1.890428
1.899694
1.909009
1.918258
1.927498
1.936786
1.945891
1.955217
1.964511
1.973745
1.982952
1.992153
2.001414
2.010701
2.020010
2.029247
2.038454
2.047754
2.056930
2.066173
2.075461
2.084539
2.093737
2.102977
2.112145
2.121352
2.130678
2.139720
2.148972
2.158116
2.167290
2.176407
2.185596
2.194710
2.203839
2.212992
2.221992
2.231301
2.240391
2.249406
2.258451
2.267679
2.276652
2.285733
2.294844
2.303862
2.312865
2.322042
2.330977
2.339995
2.349298
2.358184
2.367208
2.376223
2.385193
2.394140
2.403298
2.412215
2.421329
2.430320
2.439296
2.448356
2.457263
2.466407
2.475399
2.484384
2.493318
2.502546
2.511531
2.520459
2.529429
2.538469
2.547520
2.556511
2.565553
2.574502
2.583520
2.592571
2.601518
2.610536
2.619644
2.628434
2.637581
2.646509
2.655465
2.664522
2.673552
2.682501
2.691492
2.700510
2.709462
2.718418
2.727400
2.736412
2.745322
2.754283
2.763119
2.772218
2.781158
2.790122
2.799012
2.807985
2.816946
2.825889
2.834847
2.843656
2.852593
2.861584
2.870387
2.879285
2.888234
2.897043
2.905905
2.914875
2.923651
2.932510
2.941378
2.950172
2.959028
2.967914
2.976675
2.985480
2.994307
3.003103
3.011947
3.020762
3.029435
3.038262
3.047055
3.055684
3.064630
3.073286
3.082091
3.090881
3.099489
3.108148
3.116902
3.125549
3.134243
3.142995
3.151662
3.160309
3.169003
3.177728
3.186417
3.195117
3.203704
3.212443
3.221126
3.229851
3.238404
3.247308
3.255841
3.264455
3.273149
3.281853
3.290437
3.299125
3.307838
3.316496
3.325146
3.333793
3.342439
3.351200
3.359766
3.368502
3.377113
3.385717
3.394433
3.403088
3.411744
3.420298
3.428965
3.437648
3.446316
3.454869
3.463462
3.472094
3.480845
3.489279
3.498003
3.506608
3.515186
3.523772
3.532476
3.540949
3.549623
3.558173
3.566760
3.575299
3.583945
3.592511
3.600945
3.609502
3.618001
3.626555
3.635199
3.643756
3.652199
3.660749
3.669243
3.677764
3.686249
3.694700
3.703182
3.711706
3.720125
3.728568
3.737059
3.745499
3.753897
3.762397
3.770821
3.779109
3.787647
3.795994
3.804377
3.812889
3.821188
3.829613
3.837945
3.846304
3.854651
3.863013
3.871330
3.879707
3.888111
3.896398
3.904676
3.913080
3.921280
3.929747
3.937980
3.946378
3.954635
3.963033
3.971201
3.979545
3.987868
3.996125
4.004364
4.012855
4.021064
4.029357
4.037689
4.046024
4.054320
4.062553
4.070903
4.079283
4.087562
4.095863
4.104142
4.112519
4.120731
4.128955
4.137290
4.145544
4.154011
4.162199
4.170708
4.178851
4.187207
4.195494
4.203805
4.212075
4.220514
4.228661
4.237017
4.245406
4.253708
4.262040
4.270324
4.278584
4.286892
4.295113
4.303442
4.311798
4.320032
4.328295
4.336606
4.344905
4.353123
4.361431
4.369706
4.377972
4.386271
4.394489
4.402801
4.411052
4.419264
4.427545
4.435874
4.444059
4.452277
4.460556
4.468765
4.476971
4.485258
4.493446
4.501626
4.509903
4.518077
4.526280
4.534379
4.542749
4.550770
4.559087
4.567251
4.575382
4.583589
4.591723
4.599830
4.608039
4.616099
4.624263
4.632424
4.640660
4.648639
4.656905
4.664865
4.673072
4.681053
4.689253
4.697211
4.705468
4.713444
4.721551
4.729679
4.737736
4.745834
4.753971
4.762024
4.770120
4.778245
4.786329
4.794439
4.802516
4.810576
4.818707
4.826829
4.834898
4.842999
4.851127
4.859208
4.867312
4.875500
4.883518
4.891679
4.899804
4.907879
4.915971
4.924046
4.932162
4.940209
4.948352
4.956421
4.964441
4.972588
4.980662
4.988757
4.996931
5.004927
5.013046
5.021183
5.029183
5.037326
5.045392
5.053487
5.061541
5.069666
5.077668
5.085712
5.093895
5.101799
5.110050
5.117953
5.126081
5.134120
5.142119
5.150113
5.158235
5.166334
5.174267
5.182395
5.190395
5.198325
5.206328
5.214318
5.222374
5.230293
5.238482
5.246301
5.254361
5.262261
5.270153
5.278092
5.286086
5.293935
5.301872
5.309901
5.317763
5.325709
5.333621
5.341531
5.349378
5.357284
5.365104
5.372918
5.380986
5.388752
5.396610
5.404493
5.412303
5.420012
5.428057
5.435649
5.443657
5.451339
5.459150
5.466910
5.474739
5.482492
5.490264
5.497955
5.505679
5.513636
5.521345
5.529009
5.536820
5.544547
5.552258
5.559970
5.567784
5.575514
5.583244
5.590985
5.598673
5.606406
5.614151
5.621818
5.629536
5.637262
5.644932
5.652656
5.660386
5.668059
5.675738
5.683420
5.691218
5.698853
5.706606
5.714237
5.721916
5.729535
5.737193
5.744929
5.752488
5.760295
5.767920
5.775486
5.783257
5.790879
5.798576
5.806264
5.813925
5.821502
5.829145
5.836824
5.844410
5.852053
5.859723
5.867195
5.874949
5.882601
5.890187
5.897719
5.905323
5.912996
5.920599
5.928150
5.935709
5.943262
5.950932
5.958428
5.965984
5.973582
5.981099
5.988643
5.996190
6.003755
6.011248
6.018780
6.026184
6.033809
6.041293
6.048765
6.056201
6.063763
6.071226
6.078713
6.086290
6.093712
6.101067
6.108599
6.115957
6.123384
6.130884
6.138302
6.145684
6.153160
6.160599
6.167990
6.175381
6.182724
6.190113
6.197519
6.204856
6.212239
6.219633
6.226953
6.234278
6.241609
6.248917
6.256308
6.263639
6.270947
6.278314
0.002496
0.009695
0.017033
0.024409
0.031593
0.038976
0.046238
0.053528
0.060820
0.068148
0.075408
0.082775
0.090064
0.097372
0.104580
0.111927
0.119189
0.126455
0.133774
0.141093
0.148341
0.155651
0.162836
0.170185
0.177504
0.184686
0.192083
0.199310
0.206596
0.213832
0.221160
0.228404
0.235631
0.243103
0.250171
0.257490
0.264702
0.271994
0.279265
0.286474
0.293877
0.301023
0.308279
0.315626
0.322699
0.330025
0.337245
0.344475
0.351779
0.358987
0.366214
0.373536
0.380703
0.388001
0.395204
0.402475
0.409597
0.416910
0.424035
0.431258
0.438467
0.445735
0.452875
0.460044
0.467244
0.474464
0.481631
0.488774
0.495988
0.503134
0.510276
0.517449
0.524633
0.531695
0.538916
0.546109
0.553243
0.560286
0.567417
0.574677
0.581687
0.588965
0.595886
0.603124
0.610183
0.617248
0.624366
0.631494
0.638543
0.645623
0.652754
0.659804
0.666862
0.674002
0.680998
0.688062
0.695106
0.702150
0.709247
0.716261
0.723353
0.730349
0.737389
0.744391
0.751462
0.758521
0.765441
0.772464
0.779487
0.786399
0.793479
0.800591
0.807527
0.814466
0.821426
0.828514
0.835516
0.842473
0.849502
0.856507
0.863547
0.870468
0.877464
0.884562
0.891483
0.898442
0.905414
0.912437
0.919418
0.926381
0.933415
0.940429
0.947440
0.954358
0.961369
0.968391
0.975393
0.982398
0.989388
0.996345
1.003337
1.010378
1.017344
1.024343
1.031383
1.038313
1.045321
1.052407
1.059241
1.066362
1.073373
1.080312
1.087347
1.094337
1.101314
1.108337
1.115315
1.122275
1.129268
1.136257
1.143217
1.150207
1.157269
1.164169
1.171137
1.178142
1.185147
1.192014
1.199142
1.206033
1.213004
1.220039
1.226948
1.233962
1.240942
1.247824
1.254787
1.261783
1.268692
1.275667
1.282591
1.289611
1.296465
1.303482
1.310475
1.317387
1.324314
1.331187
1.338272
1.345139
1.352024
1.358936
1.365908
1.372823
1.379720
1.386650
1.393517
1.400429
1.407394
1.414252
1.421089
1.428052
1.434877
1.441756
1.448737
1.455493
1.462366
1.469329
1.476160
1.482961
1.489936
1.496758
1.503604
1.510435
1.517260
1.524112
1.530982
1.537789
1.544686
1.551496
1.558306
1.565173
1.571959
1.578808
1.585651
1.592509
1.599319
1.606144
1.613008
1.619899
1.626598
1.633549
1.640239
1.647085
1.653943
1.660828
1.667671
1.674496
1.681309
1.688188
1.695031
1.701856
1.708738
1.715614
1.722415
1.729270
1.736089
1.742917
1.749691
1.756621
1.763437
1.770304
1.777132
1.783981
1.790770
1.797691
1.804561
1.811341
1.818268
1.825093
1.831921
1.838728
1.845577
1.852393
1.859194
1.866112
1.872946
1.879753
1.886596
1.893430
1.900282
1.907116
1.913890
1.920808
1.927546
1.934533
1.941319
1.948039
1.954888
1.961779
1.968553
1.975357
1.982218
1.988923
1.995871
2.002534
2.009383
2.016229
2.023000
2.029756
2.036614
2.043343
2.050126
2.056963
2.063704
2.070422
2.077217
2.083988
2.090747
2.097515
2.104187
2.110946
2.117801
2.124539
2.131185
2.137977
2.144643
2.151468
2.158113
2.164845
2.171503
2.178277
2.184928
2.191528
2.198374
2.204981
2.211659
2.218391
2.225048
2.231654
2.238333
2.244993
2.251602
2.258382
2.264923
2.271661
2.278201
2.284882
2.291429
2.298149
2.304743
2.311242
2.318007
2.324448
2.331168
2.337715
2.344336
2.350873
2.357597
2.364128
2.370611
2.377272
2.383779
2.390385
2.396998
2.403475
2.410019
2.416643
2.423117
2.429700
2.436249
2.442873
2.449381
2.455960
2.462432
2.469023
2.475698
2.482152
2.488692
2.495292
2.501734
2.508400
2.514938
2.521424
2.527964
2.534517
2.541051
2.547606
2.554135
2.560681
2.567156
2.573822
2.580249
2.586801
2.593344
2.599870
2.606398
2.612873
2.619320
2.625974
2.632419
2.638917
2.645548
2.652058
2.658509
2.665004
2.671571
2.678022
2.684484
2.691064
2.697520
2.704007
2.710529
2.716989
2.723451
2.729997
2.736409
2.742937
2.749412
2.755794
2.762262
2.768817
2.775250
2.781703
2.788079
2.794571
2.801019
2.807482
2.813926
2.820326
2.826887
2.833179
2.839677
2.846068
2.852455
2.858903
2.865287
2.871702
2.878170
2.884504
2.890916
2.897201
2.903745
2.910048
2.916400
2.922827
2.929091
2.935548
2.941971
2.948200
2.954648
2.960933
2.967216
2.973583
2.979875
2.986184
2.992527
2.998953
3.005119
3.011438
3.017760
3.024114
3.030361
3.036659
3.042858
3.049182
3.055489
3.061730
3.068001
3.074226
3.080461
3.086762
3.093027
3.099247
3.105514
3.111734
3.117876
3.124093
3.130432
3.136571
3.142842
3.149011
3.155186
3.161423
3.167655
3.173794
3.179933
3.186186
3.192334
3.198590
3.204794
3.210972
3.217108
3.223472
3.229455
3.235744
3.241871
3.248055
3.254247
3.260443
3.266552
3.272676
3.278935
3.285083
3.291267
3.297415
3.303736
3.309731
3.315945
3.322105
3.328235
3.334434
3.340591
3.346682
3.352836
3.358989
3.365047
3.371369
3.377310
3.383566
3.389627
3.395736
3.401935
3.408131
3.414210
3.420232
3.426404
3.432513
3.438586
3.444892
3.450792
3.457008
3.463147
3.469184
3.475177
3.481390
3.487409
3.493447
3.499522
3.505605
3.511674
3.517855
3.523814
3.529921
3.535943
3.541980
3.547975
3.554024
3.559992
3.566137
3.572075
3.578139
3.584161
3.590198
3.596259
3.602173
3.608279
3.614295
3.620234
3.626193
3.632212
3.638075
3.644193
3.650071
3.656057
3.661993
3.667928
3.673845
3.679747
3.685668
3.691624
3.697598
3.703512
3.709444
3.715313
3.721249
3.727118
3.733056
3.738904
3.744741
3.750661
3.756494
3.762349
3.768260
3.774054
3.779896
3.785784
3.791593
3.797402
3.803212
3.809105
3.814884
3.820715
3.826434
3.832294
3.838056
3.843808
3.849591
3.855388
3.861182
3.867022
3.872732
3.878461
3.884213
3.889996
3.895745
3.901449
3.907250
3.912930
3.918692
3.924468
3.930200
3.935937
3.941609
3.947304
3.953164
3.958824
3.964543
3.970263
3.975958
3.981699
3.987355
3.993069
3.998767
4.004496
4.010146
4.015854
4.021633
4.027311
4.033024
4.038711
4.044424
4.050069
4.055737
4.061361
4.067057
4.072878
4.078451
4.084125
4.089811
4.095453
4.101121
4.106832
4.112459
4.118097
4.123742
4.129458
4.135115
4.140820
4.146377
4.152028
4.157753
4.163323
4.168916
4.174588
4.180217
4.185901
4.191540
4.197181
4.202745
4.208384
4.213980
4.219594
4.225230
4.230824
4.236477
4.242071
4.247653
4.253241
4.258915
4.264437
4.270126
4.275759
4.281353
4.286886
4.292519
4.298068
4.303685
4.309269
4.314854
4.320403
4.325984
4.331578
4.337151
4.342744
4.348242
4.353815
4.359442
4.364964
4.370458
4.376034
4.381639
4.387155
4.392668
4.398175
4.403750
4.409293
4.414734
4.420280
4.425801
4.431287
4.436824
4.442304
4.447795
4.453284
4.458770
4.464280
4.469736
4.475245
4.480689
4.486142
4.491691
4.497080
4.502518
4.508082
4.513370
4.518898
4.524255
4.529749
4.535148
4.540595
4.545964
4.551429
4.556873
4.562230
4.567628
4.573063
4.578420
4.583813
4.589221
4.594590
4.600028
4.605376
4.610712
4.616093
4.621453
4.626807
4.632203
4.637496
4.642833
4.648162
4.653532
4.658885
4.664216
4.669528
4.674753
4.680193
4.685445
4.690736
4.696069
4.701373
4.706655
4.711913
4.717276
4.722501
4.727783
4.733109
4.738380
4.743629
4.748953
4.754214
4.759490
4.764706
4.769997
4.775276
4.780609
4.785789
4.791050
4.796315
4.801537
4.806864
4.812080
4.817386
4.822605
4.827851
4.833046
4.838328
4.843577
4.848745
4.854007
4.859214
4.864436
4.869694
4.874892
4.880081
4.885246
4.890541
4.895739
4.900943
4.906225
4.911396
4.916600
4.921822
4.927032
4.932213
4.937423
4.942615
4.947813
4.952948
4.958168
4.963315
4.968567
4.973669
4.978882
4.984015
4.989165
4.994378
4.999546
5.004627
5.009801
5.015015
5.020099
5.025231
5.030444
5.035508
5.040658
5.045778
5.050928
5.056064
5.061151
5.066235
5.071415
5.076512
5.081605
5.086683
5.091789
5.096876
5.102008
5.107071
5.112159
5.117285
5.122330
5.127367
5.132418
5.137494
5.142536
5.147548
5.152629
5.157756
5.162702
5.167873
5.172826
5.177856
5.182917
5.187932
5.192917
5.197924
5.202924
5.207952
5.212928
5.217928
5.222914
5.227914
5.232855
5.237834
5.242867
5.247844
5.252848
5.257695
5.262746
5.267669
5.272585
5.277460
5.282461
5.287395
5.292258
5.297174
5.302124
5.306972
5.311945
5.316798
5.321670
5.326604
5.331440
5.336342
5.341243
5.346007
5.350950
5.355690
5.360571
5.365403
5.370188
5.375030
5.379869
5.384641
5.389495
5.394256
5.399100
5.403912
5.408663
5.413442
5.418251
5.423066
5.427787
5.432578
5.437237
5.442019
5.446773
5.451489
5.456253
5.460966
5.465747
5.470391
5.475212
5.479856
5.484550
5.489278
5.493973
5.498659
5.503372
5.508051
5.512711
5.517438
5.522100
5.526792
5.531472
5.536110
5.540762
5.545445
5.550074
5.554781
5.559422
5.564066
5.568767
5.573422
5.578001
5.582675
5.587342
5.591875
5.596531
5.601250
5.605822
5.610427
5.615020
5.619622
5.624236
5.628861
5.633472
5.638093
5.642662
5.647252
5.651883
5.656458
5.661018
5.665641
5.670171
5.674707
5.679348
5.683872
5.688462
5.692995
5.697525
5.702046
5.706648
5.711127
5.715717
5.720226
5.724747
5.729283
5.733801
5.738335
5.742795
5.747338
5.751766
5.756311
5.760883
5.765329
5.769820
5.774311
5.778799
5.783305
5.787755
5.792236
5.796716
5.801132
5.805662
5.810144
5.814554
5.819003
5.823455
5.827935
5.832354
5.836842
5.841279
5.845707
5.850126
5.854593
5.859022
5.863417
5.867896
5.872315
5.876716
5.881154
5.885543
5.889992
5.894324
5.898746
5.903144
5.907561
5.911920
5.916306
5.920774
5.925127
5.929513
5.933893
5.938229
5.942617
5.947064
5.951339
5.955722
5.960105
5.964498
5.968761
5.973147
5.977447
5.981818
5.986120
5.990423
5.994743
5.999105
6.003377
6.007701
6.012027
6.016356
6.020638
6.024952
6.029180
6.033509
6.037808
6.041988
6.046242
6.050634
6.054859
6.059080
6.063344
6.067556
6.071798
6.076098
6.080317
6.084511
6.088720
6.092947
6.097208
6.101453
6.105591
6.109842
6.114103
6.118268
6.122426
6.126692
6.130848
6.134995
6.139219
6.143401
6.147488
6.151763
6.155928
6.160069
6.164173
6.168379
6.172559
6.176789
6.180798
6.184954
6.189133
6.193226
6.197375
6.201540
6.205632
6.209809
6.213911
6.217985
6.222204
6.226281
6.230329
6.234460
6.238598
6.242756
6.246822
6.250885
6.254941
6.259088
6.263184
6.267243
6.271339
6.275420
6.279464
0.000366
0.004437
0.008485
0.012625
0.016643
0.020685
0.024789
0.028801
0.032843
0.036923
0.040977
0.045055
0.049024
0.053117
0.057129
0.061132
0.065188
0.069251
0.073239
0.077358
0.081355
0.085376
0.089423
0.093435
0.097465
0.101503
0.105479
0.109473
0.113551
0.117523
0.121538
0.125556
0.129570
0.133564
0.137612
0.141600
0.145617
0.149620
0.153575
0.157605
0.161595
0.165550
0.169544
0.173550
0.177519
0.181468
0.185498
0.189441
0.193452
0.197458
0.201368
0.205425
0.209406
0.213340
0.217289
0.221316
0.225229
0.229198
0.233159
0.237093
0.241084
0.245002
0.248957
0.252894
0.256885
0.260810
0.264741
0.268641
0.272602
0.276554
0.280497
0.284425
0.288340
0.292307
0.296220
0.300139
0.304082
0.308037
0.311877
0.315835
0.319721
0.323601
0.327559
0.331493
0.335325
0.339249
0.343198
0.347030
0.351003
0.354880
0.358760
0.362679
0.366547
0.370420
0.374285
0.378150
0.382066
0.385919
0.389775
0.393634
0.397547
0.401412
0.405196
0.409168
0.412961
0.416808
0.420673
0.424529
0.428379
0.432244
0.436040
0.439902
0.443716
0.447557
0.451368
0.455224
0.459065
0.462870
0.466744
0.470522
0.474411
0.478213
0.481985
0.485754
0.489660
0.493409
0.497214
0.500995
0.504812
0.508605
0.512415
0.516176
0.520005
0.523786
0.527549
0.531336
0.535165
0.538898
0.542649
0.546436
0.550187
0.553956
0.557770
0.561437
0.565191
0.568978
0.572750
0.576486
0.580252
0.583970
0.587715
0.591460
0.595167
0.598888
0.602633
0.606339
0.610090
0.613802
0.617547
0.621217
0.624968
0.628662
0.632354
0.636066
0.639748
0.643457
0.647175
0.650839
0.654569
0.658222
0.661958
0.665616
0.669307
0.672974
0.676662
0.680335
0.683976
0.687619
0.691316
0.694953
0.698656
0.702228
0.705949
0.709556
0.713274
0.716878
0.720543
0.724174
0.727799
0.731469
0.735076
0.738702
0.742360
0.745955
0.749589
0.753268
0.756783
0.760450
0.764057
0.767626
0.771290
0.774837
0.778501
0.782061
0.785740
0.789263
0.792912
0.796448
0.800112
0.803626
0.807311
0.810838
0.814436
0.818004
0.821591
0.825183
0.828766
0.832316
0.835909
0.839492
0.843069
0.846611
0.850179
0.853735
0.857354
0.860887
0.864458
0.868014
0.871583
0.875127
0.878653
0.882195
0.885748
0.889271
0.892903
0.896441
0.899964
0.903512
0.907059
0.910594
0.914163
0.917656
0.921203
0.924751
0.928262
0.931812
0.935294
0.938862
0.942344
0.945906
0.949417
0.952935
0.956479
0.959987
0.963511
0.967064
0.970530
0.974036
0.977562
0.981005
0.984531
0.988096
0.991566
0.995086
0.998565
1.002067
1.005575
1.009072
1.012541
1.016065
1.019576
1.023048
1.026530
1.030029
1.033538
1.037025
1.040473
1.043949
1.047436
1.050906
1.054405
1.057868
1.061356
1.064807
1.068280
1.071776
1.075255
1.078703
1.082188
1.085627
1.089105
1.092575
1.095978
1.099436
1.102911
1.106342
1.109820
1.113251
1.116711
1.120142
1.123590
1.127008
1.130472
1.133935
1.137345
1.140811
1.144218
1.147633
1.151100
1.154464
1.157877
1.161328
1.164738
1.168186
1.171611
1.175029
1.178439
1.181836
1.185261
1.188703
1.192050
1.195426
1.198821
1.202248
1.205667
1.209094
1.212441
1.215854
1.219194
1.222637
1.226001
1.229375
1.232757
1.236167
1.239504
1.242923
1.246311
1.249652
1.252981
1.256399
1.259752
1.263089
1.266457
1.269804
1.273168
1.276536
1.279894
1.283184
1.286611
1.289928
1.293236
1.296546
1.299941
1.303231
1.306589
1.309918
1.313240
1.316587
1.319874
1.323199
1.326513
1.329823
1.333152
1.336469
1.339788
1.343150
1.346410
1.349687
1.352980
1.356294
1.359571
1.362882
1.366178
1.369476
1.372760
1.376038
1.379285
1.382560
1.385826
1.389094
1.392396
1.395659
1.398946
1.402196
1.405462
1.408698
1.411954
1.415238
1.418477
1.421761
1.424990
1.428199
1.431429
1.434667
1.437897
1.441115
1.444435
1.447581
1.450798
1.454043
1.457294
1.460490
1.463720
1.466914
1.470138
1.473383
1.476576
1.479776
1.482952
1.486179
1.489372
1.492572
1.495757
1.498987
1.502136
1.505291
1.508514
1.511744
1.514884
1.517997
1.521278
1.524375
1.527557
1.530769
1.533927
1.537091
1.540264
1.543316
1.546486
1.549686
1.552826
1.555939
1.559079
1.562219
1.565364
1.568516
1.571644
1.574727
1.577873
1.580989
1.584117
1.587248
1.590405
1.593524
1.596658
1.599783
1.602884
1.605985
1.609083
1.612214
1.615339
1.618446
1.621565
1.624698
1.627799
1.630921
1.634013
1.637090
1.640167
1.643292
1.646336
1.649428
1.652526
1.655645
1.658737
1.661829
1.664926
1.668000
1.671092
1.674160
1.677255
1.680347
1.683421
1.686516
1.689587
1.692652
1.695744
1.698821
1.701874
1.704933
1.707989
1.711042
1.714113
1.717214
1.720246
1.723305
1.726364
1.729408
1.732452
1.735573
1.738587
1.741619
1.744687
1.747713
1.750772
1.753822
1.756842
1.759889
1.762969
1.765932
1.768991
1.772014
1.775014
1.778064
1.781108
1.784140
1.787181
1.790159
1.793152
1.796220
1.799243
1.802236
1.805262
1.808288
1.811272
1.814286
1.817276
1.820263
1.823289
1.826279
1.829275
1.832283
1.835282
1.838245
1.841259
1.844225
1.847206
1.850188
1.853130
1.856108
1.859092
1.862031
1.865000
1.867984
1.870947
1.873901
1.876927
1.879866
1.882821
1.885733
1.888756
1.891644
1.894679
1.897585
1.900512
1.903505
1.906403
1.909300
1.912236
1.915199
1.918135
1.921062
1.923939
1.926911
1.929850
1.932789
1.935689
1.938613
1.941507
1.944432
1.947362
1.950211
1.953132
1.956038
1.958992
1.961830
1.964751
1.967624
1.970512
1.973412
1.976307
1.979207
1.982095
1.984947
1.987874
1.990736
1.993612
1.996461
1.999280
2.002168
2.005081
2.007888
2.010800
2.013634
2.016502
2.019348
2.022200
2.025049
2.027899
2.030748
2.033600
2.036440
2.039266
2.042121
2.044928
2.047762
2.050570
2.053404
2.056208
2.059064
2.061862
2.064669
2.067501
2.070305
2.073148
2.075938
2.078754
2.081543
2.084395
2.087161
2.089950
2.092715
2.095514
2.098261
2.101080
2.103831
2.106614
2.109355
2.112133
2.114958
2.117780
2.120510
2.123245
2.126046
2.128800
2.131538
2.134265
2.136973
2.139786
2.142480
2.145203
2.147900
2.150722
2.153415
2.156130
2.158907
2.161649
2.164315
2.167023
2.169714
2.172488
2.175200
2.177890
2.180569
2.183289
2.185980
2.188628
2.191372
2.193985
2.196735
2.199393
2.202065
2.204741
2.207452
2.210125
2.212770
2.215449
2.218133
2.220773
2.223400
2.226064
2.228718
2.231397
2.233991
2.236655
2.239312
2.241955
2.244565
2.247180
2.249856
2.252486
2.255129
2.257705
2.260324
2.262984
2.265606
2.268185
2.270798
2.273432
2.276068
2.278591
2.281170
2.283774
2.286398
2.288984
2.291596
2.294164
2.296726
2.299341
2.301918
2.304480
2.307041
2.309633
2.312251
2.314753
2.317351
2.319858
2.322429
2.325000
2.327522
2.330111
2.332669
2.335213
2.337751
2.340300
2.342853
2.345418
2.347910
2.350430
2.352935
2.355520
2.357989
2.360506
2.363065
2.365578
2.368092
2.370590
2.373116
2.375603
2.378165
2.380636
2.383159
2.385673
2.388162
2.390655
2.393133
2.395626
2.398097
2.400578
2.403080
2.405557
2.408065
2.410495
2.413000
2.415483
2.417943
2.420424
2.422884
2.425349
2.427818
2.430278
2.432720
2.435185
2.437639
2.440072
2.442496
2.444992
2.447424
2.449848
2.452311
2.454741
2.457204
2.459654
2.462060
2.464520
2.466971
2.469371
2.471794
2.474239
2.476633
2.479033
2.481462
2.483928
2.486283
2.488692
2.491122
2.493531
2.495934
2.498342
2.500751
2.503142
2.505545
2.507939
2.510329
2.512727
2.515108
2.517493
2.519875
2.522236
2.524618
2.526985
2.529385
2.531760
2.534130
2.536485
2.538861
2.541216
2.543577
2.545977
2.548323
2.550693
2.553035
2.555363
2.557709
2.560049
2.562398
2.564750
2.567045
2.569445
2.571788
2.574098
2.576408
2.578742
2.581087
2.583418
2.585719
2.588056
2.590366
2.592685
2.595016
2.597296
2.599606
2.601922
2.604241
2.606527
2.608846
2.611135
2.613418
2.615719
2.618014
2.620342
2.622604
2.624875
2.627176
2.629453
2.631733
2.634004
2.636278
2.638564
2.640850
2.643118
2.645335
2.647621
2.649880
2.652133
2.654398
2.656654
2.658922
2.661178
2.663416
2.665678
2.667928
2.670157
2.672386
2.674615
2.676832
2.679053
2.681267
2.683499
2.685755
2.687987
2.690222
2.692403
2.694686
2.696858
2.699114
2.701289
2.703482
2.705673
2.707886
2.710083
2.712252
2.714514
2.716674
2.718870
2.721084
2.723256
2.725405
2.727604
2.729746
2.731972
2.734153
2.736301
2.738479
2.740660
2.742836
2.744969
2.747135
2.749259
2.751431
2.753597
2.755710
2.757861
2.760039
2.762175
2.764299
2.766438
2.768563
2.770687
2.772835
2.774938
2.777086
2.779220
2.781350
2.783453
2.785598
2.787693
2.789796
2.791863
2.793978
2.796082
2.798215
2.800276
2.802439
2.804515
2.806628
2.808731
2.810819
2.812889
2.814960
2.817036
2.819100
2.821135
2.823229
2.825326
2.827375
2.829473
2.831513
2.833622
2.835692
2.837718
2.839749
2.841810
2.843889
2.845894
2.847952
2.850008
2.852027
2.854088
2.856110
2.858139
2.860170
2.862159
2.864179
2.866219
2.868263
2.870282
2.872280
2.874323
2.876346
2.878380
2.880363
2.882350
2.884381
2.886308
2.888333
2.890319
2.892297
2.894295
2.896312
2.898307
2.900290
2.902289
2.904239
2.906195
2.908176
2.910120
2.912077
2.914087
2.916049
2.918012
2.919974
2.921973
2.923920
2.925871
2.927773
2.929744
2.931650
2.933558
2.935512
2.937492
2.939434
2.941393
2.943341
2.945285
2.947179
2.949126
2.951002
2.952895
2.954807
2.956721
2.958623
2.960556
2.962509
2.964448
2.966365
2.968241
2.970125
2.972016
2.973873
2.975749
2.977609
2.979479
2.981417
2.983332
2.985229
2.987116
2.989016
2.990876
2.992707
2.994555
2.996377
2.998264
3.000104
3.001961
3.003855
3.005724
3.007594
3.009461
3.011324
3.013140
3.014961
3.016780
3.018593
3.020408
3.022221
3.024054
3.025891
3.027751
3.029612
3.031431
3.033261
3.035095
3.036890
3.038651
3.040446
3.042238
3.044026
3.045797
3.047606
3.049431
3.051223
3.053053
3.054857
3.056643
3.058419
3.060187
3.061937
3.063698
3.065475
3.067222
3.068983
3.070754
3.072540
3.074313
3.076093
3.077867
3.079598
3.081384
3.083098
3.084835
3.086567
3.088317
3.090030
3.091783
3.093515
3.095274
3.096978
3.098737
3.100475
3.102204
3.103899
3.105604
3.107309
3.109020
3.110706
3.112390
3.114089
3.115815
3.117522
3.119230
3.120950
3.122669
3.124362
3.126046
3.127724
3.129378
3.131041
3.132721
3.134387
3.136077
3.137740
3.139411
3.141065
3.142788
3.144445
3.146102
3.147762
3.149403
3.151069
3.152693
3.154320
3.155956
3.157604
3.159240
3.160872
3.162529
3.164183
3.165804
3.167443
3.169085
3.170708
3.172353
3.173989
3.175559
3.177219
3.178780
3.180371
3.181962
3.183585
3.185182
3.186809
3.188448
3.190081
3.191705
3.193293
3.194869
3.196456
3.198023
3.199590
3.201181
3.202730
3.204309
3.205906
3.207494
3.209097
3.210676
3.212237
3.213807
3.215385
3.216923
3.218459
3.220035
3.221575
3.223160
3.224706
3.226276
3.227810
3.229365
3.230920
3.232469
3.234018
3.235543
3.237065
3.238596
3.240109
3.241661
3.243195
3.244723
3.246260
3.247770
3.249265
3.250796
3.252306
3.253819
3.255356
3.256857
3.258349
3.259841
3.261366
3.262873
3.264359
3.265863
3.267355
3.268844
3.270309
3.271759
3.273269
3.274752
3.276265
3.277778
3.279232
3.280699
3.282162
3.283603
3.285050
3.286512
3.287926
3.289361
3.290802
3.292219
3.293645
3.295117
3.296576
3.298026
3.299473
3.300902
3.302325
3.303718
3.305129
3.306550
3.307958
3.309360
3.310768
3.312137
3.313506
3.314884
3.316281
3.317668
3.319055
3.320439
3.321823
3.323217
3.324592
3.325982
3.327333
3.328714
3.330024
3.331372
3.332720
3.334044
3.335348
3.336675
3.337999
3.339329
3.340690
3.342032
3.343353
3.344704
3.346044
3.347389
3.348704
3.350004
3.351329
3.352629
3.353911
3.355187
3.356455
3.357710
3.358989
3.360263
3.361542
3.362839
3.364095
3.365374
3.366695
3.367963
3.369218
3.370509
3.371798
3.373041
3.374281
3.375561
3.376777
3.378002
3.379216
3.380408
3.381625
3.382817
3.384033
3.385247
3.386478
3.387716
3.388941
3.390172
3.391404
3.392602
3.393807
3.394996
3.396188
3.397387
3.398556
3.399739
3.400895
3.402049
3.403205
3.404353
3.405479
3.406660
3.407822
3.409012
3.410171
3.411351
3.412523
3.413686
3.414848
3.415992
3.417122
3.418263
3.419396
3.420522
3.421616
3.422710
3.423812
3.424915
3.426005
3.427102
3.428210
3.429295
3.430436
3.431542
3.432662
3.433762
3.434871
3.435943
3.437034
3.438121
3.439170
3.440243
3.441339
3.442418
3.443472
3.444551
3.445575
3.446633
3.447649
3.448673
3.449698
3.450744
3.451789
3.452838
3.453896
3.454941
3.455984
3.457021
3.458045
3.459076
3.460118
3.461146
3.462201
3.463207
3.464241
3.465236
3.466227
3.467198
3.468181
3.469140
3.470071
3.471042
3.472037
3.473007
3.473978
3.474964
3.475932
3.476896
3.477870
3.478844
3.479796
3.480776
3.481735
3.482712
3.483694
3.484647
3.485609
3.486562
3.487493
3.488395
3.489282
3.490160
3.491053
3.491934
3.492844
3.493752
3.494681
3.495613
3.496523
3.497422
3.498264
3.499151
3.500011
3.500883
3.501755
3.502665
3.503555
3.504460
3.505368
3.506267
3.507150
3.508022
3.508870
3.509694
3.510503
3.511303
3.512115
3.512924
3.513715
3.514512
3.515312
3.516127
3.516953
3.517756
3.518535
3.519329
3.520103
3.520872
3.521657
3.522472
3.523254
3.524024
3.524836
3.525630
3.526400
3.527176
3.527931
3.528692
3.529444
3.530187
3.530903
3.531667
3.532380
3.533090
3.533797
3.534516
3.535218
3.535913
3.536590
3.537276
3.537953
3.538642
3.539340
3.540041
3.540730
3.541422
3.542114
3.542777
3.543439
3.544098
3.544736
3.545386
3.546042
3.546686
3.547337
3.547996
3.548643
3.549284
3.549940
3.550548
3.551157
3.551762
3.552379
3.552975
3.553565
3.554156
3.554725
3.555303
3.555854
3.556403
3.556924
3.557466
3.558012
3.558557
3.559114
3.559662
3.560202
3.560720
3.561229
3.561742
3.562248
3.562772
3.563279
3.563773
3.564264
3.564768
3.565250
3.565732
3.566215
3.566664
3.567105
3.567548
3.567988
3.568426
3.568863
3.569325
3.569801
3.570271
3.570733
3.571197
3.571650
3.572105
3.572584
3.573055
3.573498
3.573939
3.574373
3.574775
3.575164
3.575538
3.575910
3.576288
3.576650
3.577007
3.577339
3.577684
3.578004
3.578337
3.578669
3.578990
3.579304
3.579631
3.579943
3.580254
3.580560
3.580871
3.581174
3.581465
3.581746
3.582028
3.582300
3.582582
3.582876
3.583157
3.583436
3.583706
3.583975
3.584224
3.584467
3.584688
3.584901
3.585129
3.585356
3.585581
3.585803
3.586031
3.586234
3.586432
3.586618
3.586801
3.586965
3.587127
3.587286
3.587427
3.587556
3.587687
3.587825
3.587954
3.588080
3.588191
3.588290
3.588386
3.588472
3.588559
3.588637
3.588733
3.588823
3.588907
3.588991
3.589063
3.589111
3.589159
3.589218
3.589263
3.589305
3.589356
3.589410
3.589467
3.589515
3.589554
3.589587
3.589626
3.589665
3.589695
3.589719
3.589755
3.589794
3.589824
3.589857
3.589887
3.589914
3.589947
3.589970
3.589979
3.589991
3.590012
3.590042
3.590069
3.590099
3.590120
3.590144
3.590183
3.590216
3.590240
3.590261
3.590288
3.590312
3.590342
3.590369
3.590396
3.590417
3.590441
3.590480
3.590516
3.590537
3.590576
3.590618
3.590660
3.590704
3.590746
3.590782
3.590824
3.590881
3.590929
3.590977
3.591037
3.591094
3.591154
3.591220
3.591283
3.591349
3.591424
3.591496
3.591558
3.591633
3.591714
3.591798
3.591882
3.591957
3.592029
3.592104
3.592194
3.592277
3.592355
3.592433
3.592517
3.592610
3.592697
3.592784
3.592871
3.592948
3.593041
3.593152
3.593251
3.593335
3.593440
3.593545
3.593650
3.593751
3.593832
3.593901
3.593979
3.594072
3.594156
3.594228
3.594309
3.594387
3.594465
3.594539
3.594608
3.594674
3.594743
3.594809
3.594857
3.594896
3.594947
3.594989
3.595025
3.595055
3.595076
3.595088
3.595109
3.595118
3.595127
3.595127
3.595148
3.595165
3.595172
3.595178
3.595178
3.595178
3.595178
3.595178
3.595178
3.595178
3.595178
3.595178
3.595178
3.595178
3.595178
3.595178
3.595178
3.595178
3.595178
3.595178
3.595178
3.595178
3.595178
3.595178
3.595178
3.595178
3.595178
3.595178
3.595178
3.595178
3.595178
3.595178
3.595178
3.595178
3.595178
3.595178
3.595178
3.595178
3.595178
3.595178
3.595178
3.595178
3.595178
3.595178
3.595178
3.595178
3.595178
3.595178
3.595178
3.595178
3.595178
3.595178
3.595178
3.595178
3.595178
3.595178
3.595178
3.595178
3.595178
3.595178
3.595178
3.595178
3.595178
3.595178
3.595178
3.595178
3.595178
3.595178
3.595178
3.595178
3.595178
3.595178
3.595178
3.595178
3.595178
3.595178
3.595178
3.595178
3.595178
3.595178
3.595178
3.595178
3.595178
3.595178
3.595178
3.595178
3.595178
3.595178
3.595178
3.595178
3.595178
3.595178
3.595178
3.595178
3.595178
3.595178
3.595178
3.595178
3.595178
3.595178
3.595178
3.595178
3.595178