2.300339
2.300339
2.300339
2.300339
2.300339
2.300339
2.300339
2.300339
2.300339
2.300339
2.300339
2.300339
2.300666
2.301187
2.301879
2.302709
2.303701
2.304842
2.306172
2.307658
2.309267
2.310978
2.312943
2.314978
2.317150
2.319490
2.322031
2.324766
2.327681
2.330719
2.333976
2.337415
2.340990
2.344777
2.348674
2.352716
2.356952
2.361345
2.365896
2.370672
2.375672
2.380666
2.385954
2.391350
2.397037
2.402816
2.408805
2.414884
2.421179
2.427746
2.434332
2.441127
2.448176
2.455208
2.462707
2.470245
2.477843
2.485729
2.493812
2.501932
2.510213
2.518821
2.527455
2.536273
2.545351
2.554599
2.563989
2.573564
2.583326
2.593240
2.603381
2.613640
2.624063
2.634741
2.645578
2.656286
2.667533
2.678702
2.690327
2.701942
2.713552
2.725533
2.738051
2.749987
2.762600
2.775253
2.788028
2.800974
2.814172
2.827438
2.840899
2.854522
2.868415
2.882206
2.896315
2.910812
2.924945
2.939853
2.954318
2.969233
2.984722
2.999535
3.014952
3.030532
3.046180
3.062179
3.078088
3.094108
3.110251
3.126519
3.142443
3.158799
3.175023
3.191264
3.207380
3.223556
3.239717
3.255940
3.272173
3.288513
3.304734
3.321233
3.337667
3.354169
3.370659
3.387135
3.403091
3.419618
3.435964
3.452463
3.468507
3.485054
3.501029
3.517735
3.534007
3.550369
3.566844
3.583316
3.599132
3.615584
3.631774
3.647947
3.664299
3.680517
3.696639
3.712893
3.728907
3.745031
3.761168
3.777146
3.793220
3.809264
3.825314
3.841286
3.857246
3.873292
3.889139
3.905386
3.920927
3.937099
3.952943
3.968687
3.984926
4.000601
4.016624
4.032509
4.048643
4.064405
4.080479
4.096418
4.112210
4.128188
4.144247
4.160216
4.176287
4.192229
4.208255
4.224296
4.240405
4.256488
4.272517
4.288498
4.304443
4.320355
4.336824
4.352583
4.368651
4.384582
4.400664
4.416909
4.432860
4.448820
4.464903
4.481114
4.496973
4.513008
4.529219
4.544933
4.561163
4.577288
4.593140
4.609274
4.625207
4.641113
4.657073
4.672985
4.688708
4.704800
4.720841
4.736927
4.752734
4.768739
4.784606
4.800533
4.816622
4.832737
4.848647
4.864657
4.880690
4.896814
4.912654
4.928653
4.944922
4.961161
4.977165
4.993296
5.009283
5.025495
5.041569
5.057687
5.073708
5.089718
5.105888
5.122262
5.138062
5.154487
5.170573
5.186653
5.202637
5.218645
5.234776
5.250876
5.266827
5.282901
5.298990
5.314902
5.330805
5.346918
5.362761
5.378844
5.394768
5.410446
5.426385
5.442195
5.457984
5.473819
5.489874
5.505613
5.521423
5.537320
5.552983
5.568932
5.584682
5.600444
5.616110
5.631996
5.647695
5.663601
5.679519
5.695275
5.711010
5.726788
5.742640
5.758465
5.774440
5.790094
5.805845
5.821912
5.837579
5.853434
5.869082
5.885006
5.900721
5.916621
5.932170
5.947825
5.963572
5.979062
5.994881
6.010601
6.026211
6.041841
6.057496
6.073153
6.088768
6.104294
6.119739
6.135321
6.150928
6.166393
6.181859
6.197447
6.212823
6.228058
6.243835
6.258956
6.274341
0.006768
0.021916
0.037181
0.053024
0.068154
0.083572
0.098777
0.114380
0.129460
0.145117
0.160481
0.175868
0.191139
0.206644
0.221915
0.237129
0.252810
0.268141
0.283676
0.299036
0.314529
0.329779
0.345122
0.360557
0.375837
0.391240
0.406819
0.422009
0.437352
0.452725
0.468143
0.483465
0.498885
0.514051
0.529115
0.544782
0.559768
0.575012
0.590508
0.605482
0.620744
0.635898
0.651199
0.666356
0.681576
0.696670
0.711893
0.727062
0.742111
0.757202
0.772476
0.787474
0.802613
0.817836
0.832763
0.848097
0.863122
0.878243
0.893523
0.908521
0.923591
0.938739
0.954094
0.969137
0.984267
0.999517
1.014557
1.029778
1.045348
1.060238
1.075485
1.091068
1.105982
1.121460
1.136725
1.151879
1.167129
1.182588
1.197691
1.213046
1.228455
1.243579
1.258769
1.274175
1.289398
1.304642
1.319946
1.335022
1.350143
1.365680
1.380759
1.395944
1.411379
1.426524
1.441627
1.456943
1.472031
1.487146
1.502519
1.517523
1.532701
1.547945
1.563076
1.578212
1.593417
1.608565
1.623797
1.638966
1.654177
1.669331
1.684644
1.699884
1.715080
1.730432
1.745676
1.760989
1.776341
1.791498
1.806826
1.822249
1.837598
1.852809
1.868200
1.883468
1.898921
1.914276
1.929655
1.944998
1.960215
1.975644
1.990993
2.006315
2.021915
2.036917
2.052263
2.067497
2.082957
2.098216
2.113409
2.128863
2.144337
2.159243
2.174855
2.189800
2.205175
2.220251
2.235519
2.250623
2.265759
2.281086
2.296076
2.311272
2.326327
2.341439
2.356503
2.371570
2.386778
2.401657
2.417048
2.431869
2.447011
2.462069
2.477226
2.492308
2.507298
2.522428
2.537564
2.552706
2.567623
2.582762
2.597949
2.612921
2.628093
2.643312
2.658194
2.673315
2.688454
2.703404
2.718654
2.733689
2.748810
2.763793
2.779001
2.793948
2.809012
2.824104
2.838946
2.854100
2.869080
2.884019
2.898909
2.914045
2.928828
2.943868
2.958854
2.973583
2.988425
3.003531
3.017999
3.033072
3.047930
3.062494
3.077480
3.092257
3.106892
3.121495
3.136628
3.151189
3.165801
3.180658
3.195135
3.210172
3.224766
3.239384
3.254062
3.268970
3.283555
3.298233
3.313069
3.327875
3.342487
3.357252
3.371927
3.386694
3.401644
3.416187
3.430991
3.445585
3.460544
3.474976
3.489887
3.504541
3.519174
3.534145
3.548811
3.563425
3.578157
3.592868
3.607506
3.622418
3.636808
3.651470
3.666118
3.680868
3.695318
3.709977
3.724547
3.739273
3.753768
3.768266
3.782871
3.797423
3.811900
3.826362
3.840914
3.855334
3.869895
3.884270
3.898594
3.913128
3.927644
3.942109
3.956289
3.970943
3.985249
3.999702
4.014233
4.028518
4.042965
4.057631
4.071901
4.086318
4.101017
4.115365
4.129845
4.144591
4.158978
4.173581
4.188016
4.202571
4.216877
4.231438
4.245951
4.260668
4.275061
4.289721
4.304251
4.318872
4.333379
4.348000
4.362594
4.377187
4.391646
4.406297
4.420906
4.435398
4.449911
4.464399
4.478924
4.493479
4.508112
4.522409
4.536931
4.551567
4.566002
4.580565
4.595072
4.609690
4.623996
4.638377
4.652938
4.667547
4.681826
4.696216
4.710699
4.725071
4.739605
4.754118
4.768418
4.783087
4.797405
4.812122
4.826557
4.841112
4.855600
4.870323
4.884683
4.899247
4.913790
4.928426
4.943058
4.957778
4.972216
4.986780
5.001479
5.016075
5.030711
5.045386
5.060069
5.074579
5.089236
5.103905
5.118477
5.133185
5.147629
5.162181
5.176972
5.191725
5.206292
5.220721
5.235270
5.249860
5.264466
5.278925
5.293564
5.308104
5.322563
5.337046
5.351520
5.365982
5.380513
5.394915
5.409269
5.423877
5.438250
5.452442
5.466904
5.481258
5.495552
5.509855
5.524266
5.538653
5.553041
5.567269
5.581668
5.595881
5.610511
5.624553
5.639159
5.653318
5.667457
5.681979
5.696504
5.710606
5.724999
5.739362
5.753638
5.768070
5.782403
5.796683
5.811004
5.825433
5.839817
5.854027
5.868462
5.882846
5.896952
5.911195
5.925636
5.939843
5.954237
5.968330
5.982600
5.996942
6.011143
6.025273
6.039546
6.053861
6.067838
6.082090
6.096222
6.110154
6.124418
6.138452
6.152527
6.166576
6.180837
6.194625
6.208925
6.222755
6.236962
6.250867
6.264790
6.278775
0.009602
0.023459
0.037415
0.051439
0.065311
0.079231
0.093348
0.107169
0.121116
0.135095
0.149126
0.162845
0.177106
0.190981
0.204888
0.218910
0.232794
0.246878
0.260840
0.274747
0.288700
0.302695
0.316632
0.330612
0.344621
0.358550
0.372631
0.386467
0.400339
0.414223
0.428190
0.442083
0.456087
0.469863
0.483788
0.497747
0.511654
0.525634
0.539206
0.553315
0.566887
0.580995
0.594642
0.608409
0.622065
0.636126
0.649809
0.663507
0.677330
0.691013
0.704714
0.718577
0.732188
0.745958
0.759587
0.773225
0.787025
0.800690
0.814355
0.828182
0.841853
0.855551
0.869057
0.882857
0.896564
0.910373
0.924092
0.937879
0.951443
0.965323
0.978910
0.992686
1.006618
1.020190
1.033930
1.048038
1.061545
1.075431
1.089225
1.102998
1.116651
1.130658
1.144407
1.158233
1.172141
1.185875
1.199744
1.213624
1.227382
1.241197
1.255072
1.268896
1.282740
1.296546
1.310274
1.324224
1.337940
1.351770
1.365543
1.379453
1.393082
1.406780
1.420748
1.434461
1.448135
1.461989
1.475684
1.489555
1.503289
1.516915
1.530637
1.544455
1.558150
1.571842
1.585729
1.599349
1.612999
1.626802
1.640506
1.654398
1.668090
1.682061
1.695777
1.709613
1.723245
1.737044
1.751180
1.764749
1.778699
1.792714
1.806349
1.820389
1.834317
1.848057
1.862013
1.875897
1.889828
1.903628
1.917566
1.931486
1.945339
1.959277
1.973176
1.986961
2.000919
2.014788
2.028800
2.042588
2.056514
2.070362
2.084198
2.097964
2.111896
2.125780
2.139424
2.153362
2.167110
2.180790
2.194584
2.208429
2.222124
2.235855
2.249619
2.263374
2.277018
2.290692
2.304432
2.318091
2.331723
2.345382
2.358921
2.372640
2.386395
2.399712
2.413590
2.427075
2.440683
2.454453
2.468052
2.481493
2.495292
2.508862
2.522553
2.536174
2.549896
2.563471
2.577217
2.590717
2.604376
2.618107
2.631568
2.645212
2.658937
2.672569
2.686171
2.699791
2.713453
2.726950
2.740861
2.754260
2.767799
2.781365
2.795030
2.808551
2.822249
2.835719
2.849279
2.862831
2.876310
2.889870
2.903382
2.916894
2.930296
2.943922
2.957329
2.970653
2.984177
2.997572
3.011060
3.024360
3.037725
3.051276
3.064504
3.077741
3.091178
3.104585
3.117687
3.131001
3.144346
3.157547
3.170807
3.184185
3.197397
3.210655
3.223885
3.237095
3.250595
3.263904
3.277080
3.290278
3.303625
3.316865
3.330147
3.343560
3.356673
3.369949
3.383279
3.396644
3.410036
3.423267
3.436465
3.449707
3.463075
3.476381
3.489594
3.502854
3.516112
3.529459
3.542609
3.555926
3.569199
3.582432
3.595690
3.608879
3.622103
3.635184
3.648453
3.661585
3.674753
3.687936
3.701079
3.714187
3.727528
3.740384
3.753606
3.766666
3.779771
3.792747
3.805881
3.818959
3.831905
3.845163
3.858013
3.871027
3.883940
3.896865
3.910108
3.923006
3.935814
3.949078
3.961916
3.974871
3.987847
4.000855
4.013876
4.026823
4.039939
4.052834
4.065900
4.078810
4.091741
4.104999
4.118020
4.131040
4.144052
4.157115
4.170124
4.183247
4.196175
4.209510
4.222381
4.235489
4.248539
4.261572
4.274773
4.287884
4.300854
4.314138
4.327162
4.340105
4.353228
4.366365
4.379377
4.392557
4.405524
4.418575
4.431715
4.444901
4.457676
4.470997
4.483757
4.497024
4.509990
4.523116
4.535999
4.549230
4.562092
4.575167
4.588041
4.601068
4.614038
4.627184
4.639992
4.652998
4.666115
4.678950
4.691821
4.704944
4.717827
4.730704
4.743833
4.756749
4.769757
4.782715
4.795850
4.808685
4.821823
4.834778
4.847837
4.860945
4.873894
4.886921
4.900044
4.913023
4.926071
4.939340
4.952304
4.965463
4.978517
4.991631
5.004648
5.017765
5.030822
5.044121
5.057106
5.070202
5.083223
5.096480
5.109465
5.122825
5.135714
5.148746
5.161830
5.174935
5.187983
5.201066
5.214139
5.227060
5.240198
5.253486
5.266093
5.279398
5.292246
5.305233
5.318177
5.331251
5.344083
5.357125
5.370119
5.382895
5.395873
5.408765
5.421624
5.434361
5.447253
5.460112
5.473091
5.485953
5.498758
5.511590
5.524389
5.537131
5.549907
5.562822
5.575376
5.588370
5.601190
5.613989
5.626612
5.639534
5.652294
5.665162
5.678042
5.690694
5.703464
5.716430
5.729173
5.742095
5.754630
5.767627
5.780273
5.793183
5.805881
5.818686
5.831521
5.844155
5.857044
5.869876
5.882655
5.895352
5.908127
5.920720
5.933564
5.946348
5.959030
5.971811
5.984490
5.997128
6.009732
6.022816
6.035187
6.047797
6.060635
6.073096
6.085817
6.098272
6.111113
6.123600
6.136238
6.148644
6.161231
6.173739
6.186245
6.198744
6.211280
6.223713
6.236207
6.248806
6.261110
6.273568
0.002948
0.015244
0.027752
0.040120
0.052665
0.065041
0.077493
0.089975
0.102142
0.114827
0.127138
0.139610
0.151975
0.164507
0.176800
0.189276
0.201874
0.214206
0.226685
0.239058
0.251612
0.264012
0.276380
0.288805
0.301223
0.313699
0.326178
0.338578
0.351006
0.363353
0.375795
0.388220
0.400666
0.413105
0.425353
0.437823
0.450196
0.462609
0.474764
0.487368
0.499667
0.511978
0.524388
0.536573
0.548931
0.561317
0.573541
0.585843
0.598247
0.610425
0.622718
0.634969
0.647190
0.659444
0.671740
0.683841
0.696092
0.708361
0.720510
0.732656
0.744930
0.756954
0.769342
0.781461
0.793467
0.805735
0.818049
0.830039
0.842281
0.854430
0.866645
0.878782
0.890991
0.903098
0.915334
0.927516
0.939683
0.951907
0.964125
0.976484
0.988630
1.000836
1.013083
1.025328
1.037717
1.049764
1.062030
1.074290
1.086664
1.098894
1.111165
1.123305
1.135658
1.147972
1.160151
1.172444
1.184883
1.196990
1.209265
1.221615
1.233854
1.246066
1.258350
1.270558
1.282812
1.295186
1.307404
1.319580
1.331957
1.344193
1.356452
1.368649
1.380885
1.393307
1.405390
1.417500
1.429829
1.442008
1.454097
1.466366
1.478572
1.490718
1.502906
1.515091
1.527225
1.539452
1.551634
1.563926
1.575920
1.588033
1.600475
1.612543
1.624743
1.636919
1.649281
1.661379
1.673528
1.685728
1.698066
1.710332
1.722553
1.734863
1.747057
1.759407
1.771535
1.783837
1.796270
1.808416
1.820703
1.833131
1.845352
1.857576
1.869982
1.882176
1.894571
1.906930
1.919211
1.931444
1.943832
1.956170
1.968508
1.980630
1.993144
2.005308
2.017883
2.029939
2.042223
2.054626
2.066725
2.079035
2.091430
2.103456
2.115857
2.128042
2.140131
2.152436
2.164714
2.176847
2.189092
2.201346
2.213486
2.225662
2.237733
2.249948
2.262172
2.274306
2.286359
2.298424
2.310732
2.322737
2.334557
2.346883
2.358840
2.370887
2.382874
2.395038
2.407104
2.419133
2.431153
2.443170
2.455343
2.467426
2.479359
2.491452
2.503448
2.515519
2.527656
2.539628
2.551687
2.563836
2.575895
2.587775
2.600013
2.612091
2.624051
2.636215
2.648265
2.660222
2.672425
2.684365
2.696313
2.708495
2.720410
2.732493
2.744564
2.756572
2.768554
2.780640
2.792558
2.804572
2.816604
2.828589
2.840522
2.852527
2.864428
2.876415
2.888354
2.900254
2.912292
2.924124
2.935991
2.947892
2.959831
2.971644
2.983485
2.995427
3.007291
3.019054
3.030927
3.042732
3.054488
3.066305
3.078106
3.089704
3.101601
3.113190
3.125054
3.137003
3.148385
3.160363
3.171853
3.183547
3.195381
3.207114
3.218876
3.230528
3.242275
3.253957
3.265689
3.277419
3.289157
3.300785
3.312590
3.324196
3.335968
3.347790
3.359469
3.371183
3.382952
3.394544
3.406315
3.418060
3.429921
3.441498
3.453242
3.464837
3.476615
3.488335
3.499930
3.511639
3.523482
3.535053
3.546737
3.558413
3.570062
3.581731
3.593368
3.605077
3.616695
3.628365
3.640064
3.651581
3.663161
3.674714
3.686303
3.697948
3.709501
3.720997
3.732738
3.744207
3.755751
3.767202
3.778698
3.790218
3.801777
3.813297
3.824729
3.836156
3.847634
3.859103
3.870515
3.881891
3.893471
3.904691
3.916190
3.927611
3.939041
3.950396
3.961838
3.973391
3.984644
3.996029
4.007759
4.019015
4.030334
4.041872
4.053391
4.064687
4.076353
4.087537
4.098961
4.110481
4.121872
4.133326
4.144831
4.156204
4.167580
4.179274
4.190638
4.202062
4.213552
4.225041
4.236585
4.247964
4.259463
4.270761
4.282404
4.293834
4.305207
4.316823
4.328232
4.339746
4.351352
4.362698
4.374074
4.385753
4.397144
4.408556
4.420097
4.431725
4.442828
4.454392
4.465763
4.477273
4.488682
4.500134
4.511575
4.522939
4.534390
4.545820
4.557247
4.568563
4.579978
4.591408
4.602718
4.614031
4.625470
4.636891
4.648022
4.659688
4.670756
4.682281
4.693568
4.704836
4.716203
4.727594
4.738874
4.750145
4.761623
4.772945
4.784307
4.795706
4.807106
4.818560
4.829781
4.841205
4.852544
4.864052
4.875411
4.886768
4.898183
4.909634
4.921124
4.932344
4.943963
4.955198
4.966778
4.977986
4.989488
5.001128
5.012402
5.023697
5.035385
5.046557
5.058170
5.069549
5.080865
5.092304
5.103857
5.115311
5.126570
5.138113
5.149703
5.160883
5.172391
5.183878
5.195060
5.206825
5.217749
5.229487
5.240489
5.252209
5.263346
5.274635
5.285978
5.297366
5.308709
5.320010
5.331425
5.342582
5.353755
5.365056
5.376402
5.387511
5.398854
5.409994
5.421259
5.432470
5.443496
5.454788
5.465882
5.477105
5.488269
5.499294
5.510416
5.521708
5.532952
5.543968
5.555069
5.566181
5.577296
5.588478
5.599650
5.610721
5.621800
5.632963
5.644063
5.655110
5.666390
5.677452
5.688543
5.699688
5.710780
5.721829
5.733040
5.744192
5.755214
5.766342
5.777394
5.788516
5.799571
5.810627
5.821754
5.832935
5.843892
5.855049
5.866200
5.877103
5.888371
5.899361
5.910395
5.921432
5.932530
5.943415
5.954521
5.965496
5.976593
5.987519
5.998521
6.009520
6.020398
6.031490
6.042431
6.053373
6.064260
6.075313
6.086000
6.097241
6.107853
6.118894
6.129704
6.140612
6.151299
6.162292
6.173050
6.183839
6.194777
6.205557
6.216391
6.227282
6.237834
6.248752
6.259436
6.270246
6.280926
0.008461
0.019301
0.029928
0.040761
0.051466
0.062111
0.072828
0.083512
0.094322
0.105204
0.115753
0.126676
0.137273
0.148002
0.158716
0.169478
0.180180
0.190996
0.201844
0.212325
0.223149
0.233920
0.244442
0.255243
0.265933
0.276833
0.287316
0.298111
0.308968
0.319565
0.330321
0.341020
0.351797
0.362472
0.373090
0.383960
0.394527
0.405289
0.415880
0.426534
0.437214
0.448009
0.458717
0.469383
0.479965
0.490580
0.501213
0.511915
0.522497
0.533109
0.543754
0.554501
0.564781
0.575560
0.586166
0.596683
0.607166
0.617871
0.628198
0.638918
0.649494
0.660019
0.670490
0.681168
0.691577
0.701994
0.712525
0.723038
0.733438
0.743921
0.754590
0.764812
0.775406
0.785827
0.796316
0.806820
0.817207
0.827670
0.838096
0.848522
0.859158
0.869590
0.880100
0.890548
0.901085
0.911493
0.921866
0.932397
0.942751
0.953249
0.963951
0.974246
0.984945
0.995407
1.005842
1.016397
1.026808
1.037645
1.047997
1.058444
1.068942
1.079518
1.090013
1.100508
1.111141
1.121589
1.132117
1.142630
1.153200
1.163824
1.174256
1.184901
1.195307
1.205871
1.216516
1.226933
1.237398
1.247965
1.258425
1.269025
1.279550
1.290036
1.300489
1.311059
1.321525
1.331978
1.342575
1.353121
1.363550
1.374123
1.384558
1.395027
1.405606
1.416020
1.426401
1.437013
1.447242
1.457851
1.468238
1.478674
1.489124
1.499673
1.509988
1.520415
1.530916
1.541387
1.551666
1.562261
1.572423
1.583005
1.593372
1.603765
1.614188
1.624701
1.635038
1.645476
1.655968
1.666281
1.676725
1.687382
1.697712
1.708184
1.718825
1.729066
1.739726
1.750062
1.760731
1.771086
1.781683
1.792064
1.802571
1.813219
1.823556
1.834156
1.844759
1.855149
1.865581
1.876142
1.886599
1.897094
1.907700
1.918165
1.928639
1.939176
1.949681
1.960149
1.970731
1.981211
1.991652
2.002177
2.012616
2.023120
2.033678
2.044131
2.054662
2.065173
2.075560
2.085920
2.096589
2.106815
2.117508
2.127907
2.138190
2.148619
2.159069
2.169510
2.179853
2.190327
2.200603
2.211020
2.221411
2.231753
2.242144
2.252501
2.262849
2.273123
2.283597
2.293754
2.304042
2.314316
2.324652
2.334934
2.345181
2.355502
2.365773
2.376091
2.386215
2.396494
2.406897
2.417048
2.427345
2.437534
2.447901
2.458069
2.468409
2.478541
2.488839
2.499157
2.509395
2.519563
2.529891
2.540113
2.550336
2.560708
2.570943
2.581255
2.591361
2.601551
2.611926
2.622157
2.632419
2.642716
2.652918
2.663251
2.673447
2.683535
2.693856
2.704234
2.714415
2.724581
2.734848
2.745083
2.755269
2.765522
2.775825
2.785943
2.796231
2.806403
2.816347
2.826743
2.836852
2.847020
2.857252
2.867373
2.877442
2.887662
2.897771
2.907915
2.918090
2.928142
2.938328
2.948392
2.958387
2.968519
2.978619
2.988560
2.998600
3.008763
3.018784
3.028734
3.038858
3.048820
3.058797
3.068869
3.078846
3.088760
3.098785
3.108606
3.118673
3.128686
3.138633
3.148376
3.158433
3.168410
3.178228
3.188193
3.198086
3.208093
3.218055
3.228011
3.237799
3.247836
3.257642
3.267676
3.277635
3.287429
3.297394
3.307374
3.317204
3.327117
3.337001
3.346888
3.356832
3.366779
3.376648
3.386490
3.396653
3.406396
3.416340
3.426290
3.436168
3.445983
3.456017
3.465859
3.475755
3.485534
3.495502
3.505476
3.515297
3.525058
3.535032
3.544922
3.554593
3.564510
3.574493
3.584263
3.594045
3.603962
3.613708
3.623562
3.633383
3.643117
3.652849
3.662757
3.672464
3.682225
3.691977
3.701759
3.711452
3.721207
3.730812
3.740531
3.750349
3.760110
3.769848
3.779471
3.789223
3.798826
3.808518
3.818111
3.827860
3.837484
3.847089
3.856700
3.866441
3.875944
3.885561
3.895209
3.904868
3.914309
3.923974
3.933567
3.943157
3.952739
3.962374
3.971899
3.981504
3.991038
4.000646
4.010236
4.019782
4.029375
4.039020
4.048565
4.058161
4.067859
4.077312
4.086926
4.096544
4.106116
4.115704
4.125327
4.134950
4.144468
4.154164
4.163709
4.173270
4.182965
4.192561
4.202089
4.211739
4.221413
4.231088
4.240609
4.250106
4.259778
4.269587
4.279072
4.288654
4.298397
4.307921
4.317518
4.327087
4.336713
4.346286
4.356014
4.365452
4.375066
4.384749
4.394316
4.403966
4.413625
4.423069
4.432581
4.442318
4.451879
4.461245
4.470949
4.480437
4.490139
4.499594
4.509020
4.518610
4.528206
4.537692
4.547219
4.556795
4.566247
4.575655
4.585362
4.594746
4.604208
4.613741
4.623197
4.632682
4.642119
4.651554
4.661036
4.670531
4.679948
4.689394
4.698901
4.708377
4.717671
4.727283
4.736609
4.745960
4.755520
4.764925
4.774398
4.783989
4.793330
4.802843
4.812295
4.821691
4.831093
4.840683
4.850118
4.859591
4.869173
4.878529
4.888060
4.897509
4.906929
4.916573
4.925852
4.935514
4.944904
4.954420
4.963770
4.973253
4.982765
4.992212
5.001790
5.011279
5.020749
5.030285
5.039720
5.049164
5.058610
5.068096
5.077590
5.087031
5.096597
5.105918
5.115395
5.124886
5.134354
5.143845
5.153262
5.162786
5.172182
5.181586
5.190973
5.200377
5.209845
5.219214
5.228627
5.238107
5.247266
5.256829
5.266135
5.275369
5.284819
5.294193
5.303472
5.312814
5.322236
5.331545
5.340689
5.350237
5.359378
5.368558
5.377963
5.387161
5.396440
5.405844
5.414886
5.424069
5.433375
5.442555
5.451705
5.461005
5.470179
5.479385
5.488610
5.497706
5.506820
5.516171
5.525201
5.534399
5.543585
5.552845
5.561891
5.571164
5.580188
5.589302
5.598452
5.607569
5.616731
5.625886
5.634971
5.644192
5.653360
5.662387
5.671514
5.680753
5.689855
5.698879
5.708182
5.717200
5.726266
5.735470
5.744581
5.753617
5.762749
5.771833
5.780968
5.790112
5.799181
5.808253
5.817427
5.826547
5.835634
5.844599
5.853692
5.862793
5.871908
5.880944
5.890001
5.899070
5.908106
5.917196
5.926172
5.935265
5.944251
5.953271
5.962278
5.971329
5.980266
5.989368
5.998365
6.007273
6.016309
6.025327
6.034213
6.043222
6.052159
6.061069
6.070025
6.078977
6.087857
6.096851
6.105726
6.114576
6.123493
6.132466
6.141238
6.150085
6.158996
6.167870
6.176733
6.185499
6.194427
6.203215
6.212011
6.220829
6.229727
6.238451
6.247262
6.255993
6.264867
6.273571
6.282322
0.007910
0.016658
0.025532
0.034233
0.042966
0.051685
0.060514
0.069188
0.077930
0.086757
0.095478
0.104311
0.112975
0.121610
0.130538
0.139191
0.147888
0.156694
0.165427
0.174131
0.182849
0.191814
0.200298
0.209155
0.217861
0.226526
0.235283
0.244050
0.252738
0.261505
0.270331
0.278939
0.287585
0.296484
0.305292
0.313813
0.322714
0.331352
0.340031
0.348732
0.357468
0.366127
0.374911
0.383543
0.392241
0.400950
0.409648
0.418297
0.427013
0.435800
0.444228
0.453112
0.461653
0.470291
0.478968
0.487722
0.496237
0.504907
0.513428
0.522282
0.530817
0.539449
0.548069
0.556679
0.565311
0.573832
0.582436
0.590921
0.599667
0.608205
0.616699
0.625256
0.633840
0.642336
0.650947
0.659528
0.668067
0.676575
0.685198
0.693638
0.702195
0.710668
0.719143
0.727637
0.736245
0.744766
0.753059
0.761780
0.770109
0.778657
0.787064
0.795540
0.804052
0.812450
0.820997
0.829407
0.837985
0.846416
0.854886
0.863323
0.871694
0.880304
0.888765
0.897247
0.905720
0.914259
0.922716
0.931147
0.939659
0.948168
0.956671
0.965102
0.973652
0.981990
0.990694
0.999080
1.007592
1.016014
1.024615
1.033109
1.041636
1.049980
1.058603
1.067084
1.075584
1.084150
1.092611
1.101117
1.109595
1.118254
1.126655
1.135158
1.143652
1.152133
1.160654
1.169211
1.177594
1.186097
1.194767
1.203120
1.211722
1.220204
1.228629
1.237117
1.245619
1.254161
1.262610
1.271134
1.279514
1.287993
1.296651
1.305031
1.313444
1.322034
1.330375
1.338935
1.347285
1.355787
1.364272
1.372652
1.381224
1.389562
1.398056
1.406445
1.414914
1.423298
1.431686
1.440129
1.448563
1.456934
1.465407
1.473787
1.482146
1.490559
1.498987
1.507331
1.515720
1.524097
1.532588
1.540917
1.549387
1.557713
1.566110
1.574476
1.582798
1.591155
1.599594
1.608067
1.616256
1.624791
1.633057
1.641533
1.649868
1.658389
1.666610
1.675152
1.683514
1.691840
1.700256
1.708624
1.717070
1.725459
1.733812
1.742219
1.750721
1.759119
1.767508
1.775885
1.784247
1.792840
1.801247
1.809582
1.817983
1.826438
1.834884
1.843306
1.851820
1.860087
1.868574
1.876966
1.885337
1.893774
1.902229
1.910588
1.918998
1.927462
1.935917
1.944249
1.952719
1.961102
1.969580
1.977888
1.986385
1.994771
2.003124
2.011573
2.019881
2.028399
2.036671
2.045066
2.053410
2.061817
2.070266
2.078595
2.086942
2.095346
2.103762
2.112070
2.120345
2.128743
2.136934
2.145263
2.153616
2.162029
2.170301
2.178633
2.186899
2.195204
2.203596
2.211791
2.220057
2.228404
2.236688
2.244897
2.253172
2.261513
2.269659
2.277905
2.286153
2.294416
2.302607
2.310783
2.318950
2.327265
2.335375
2.343596
2.351796
2.359963
2.368275
2.376373
2.384570
2.392734
2.400932
2.409081
2.417203
2.425457
2.433601
2.441756
2.449974
2.458144
2.466189
2.474533
2.482565
2.490828
2.498903
2.507067
2.515315
2.523383
2.531545
2.539766
2.547789
2.556020
2.564223
2.572393
2.580548
2.588688
2.596859
2.605017
2.613190
2.621256
2.629405
2.637593
2.645709
2.653820
2.661996
2.670106
2.678250
2.686414
2.694503
2.702643
2.710778
2.718855
2.726948
2.735139
2.743261
2.751317
2.759383
2.767610
2.775639
2.783762
2.791815
2.799917
2.808021
2.816041
2.824205
2.832205
2.840219
2.848282
2.856434
2.864449
2.872418
2.880498
2.888501
2.896542
2.904587
2.912697
2.920628
2.928603
2.936569
2.944566
2.952590
2.960481
2.968445
2.976480
2.984401
2.992356
3.000382
3.008214
3.016241
3.024144
3.032036
3.039937
3.047867
3.055738
3.063650
3.071644
3.079463
3.087322
3.095190
3.103024
3.110874
3.118748
3.126561
3.134534
3.142345
3.150152
3.158005
3.165795
3.173659
3.181566
3.189341
3.197074
3.204914
3.212776
3.220587
3.228346
3.236268
3.244058
3.251853
3.259685
3.267427
3.275343
3.283069
3.290925
3.298787
3.306504
3.314342
3.322045
3.329988
3.337729
3.345579
3.353243
3.361189
3.368781
3.376717
3.384411
3.392243
3.399970
3.407849
3.415654
3.423402
3.431155
3.438885
3.446666
3.454408
3.462156
3.469966
3.477729
3.485447
3.493135
3.500985
3.508661
3.516399
3.524219
3.531760
3.539625
3.547259
3.554988
3.562685
3.570442
3.578193
3.585779
3.593596
3.601218
3.608873
3.616554
3.624242
3.631954
3.639456
3.647216
3.654901
3.662394
3.670127
3.677719
3.685296
3.692900
3.700486
3.708108
3.715715
3.723331
3.730854
3.738566
3.746074
3.753546
3.761102
3.768673
3.776115
3.783737
3.791293
3.798742
3.806238
3.813932
3.821323
3.828846
3.836282
3.843740
3.851218
3.858792
3.866246
3.873730
3.881232
3.888662
3.896155
3.903598
3.910992
3.918500
3.925867
3.933367
3.940785
3.948272
3.955648
3.963075
3.970520
3.977978
3.985264
3.992835
4.000148
4.007579
4.015078
4.022418
4.029828
4.037285
4.044793
4.052088
4.059584
4.066892
4.074385
4.081818
4.089149
4.096580
4.104031
4.111461
4.118742
4.126288
4.133590
4.140999
4.148406
4.155824
4.163164
4.170636
4.177947
4.185395
4.192834
4.200204
4.207557
4.215029
4.222411
4.229743
4.237101
4.244540
4.251928
4.259349
4.266756
4.274129
4.281454
4.288885
4.296345
4.303736
4.311085
4.318419
4.325829
4.333172
4.340516
4.347907
4.355211
4.362560
4.369987
4.377310
4.384603
4.391979
4.399289
4.406707
4.414045
4.421307
4.428587
4.435892
4.443250
4.450582
4.457847
4.465181
4.472414
4.479820
4.487026
4.494429
4.501698
4.508945
4.516153
4.523416
4.530711
4.538006
4.545356
4.552516
4.559782
4.567119
4.574337
4.581458
4.588768
4.595971
4.603147
4.610367
4.617582
4.624781
4.631984
4.639156
4.646365
4.653574
4.660710
4.667927
4.675136
4.682314
4.689439
4.696603
4.703736
4.710894
4.718067
4.725146
4.732322
4.739566
4.746523
4.753849
4.760889
4.768005
4.775216
4.782353
4.789514
4.796734
4.803864
4.810938
4.818084
4.825331
4.832390
4.839512
4.846648
4.853806
4.860966
4.868181
4.875234
4.882391
4.889570
4.896742
4.903831
4.911036
4.918011
4.925271
4.932359
4.939481
4.946654
4.953745
4.960837
4.967986
4.975089
4.982232
4.989389
4.996403
5.003642
5.010730
5.017825
5.024922
5.032104
5.039175
5.046251
5.053325
5.060411
5.067554
5.074627
5.081677
5.088822
5.095842
5.103015
5.110029
5.117216
5.124275
5.131226
5.138371
5.145373
5.152456
5.159673
5.166576
5.173608
5.180703
5.187650
5.194727
5.201723
5.208683
5.215831
5.222737
5.229829
5.236720
5.243784
5.250717
5.257698
5.264652
5.271606
5.278563
5.285529
5.292440
5.299356
5.306303
5.313194
5.320211
5.327018
5.333882
5.340779
5.347694
5.354594
5.361437
5.368435
5.375206
5.382055
5.388964
5.395774
5.402582
5.409436
5.416270
5.423045
5.429861
5.436656
5.443469
5.450261
5.457086
5.463872
5.470631
5.477429
5.484155
5.491007
5.497691
5.504498
5.511203
5.517990
5.524719
5.531367
5.538222
5.544840
5.551575
5.558257
5.565096
5.571811
5.578408
5.585230
5.592058
5.598529
5.605379
5.612009
5.618723
5.625374
5.632046
5.638821
5.645442
5.652177
5.658789
5.665471
5.672161
5.678800
5.685502
5.692163
5.698781
5.705498
5.712149
5.718788
5.725475
5.732034
5.738760
5.745279
5.751976
5.758654
5.765215
5.771821
5.778502
5.785112
5.791742
5.798346
5.805015
5.811618
5.818185
5.824795
5.831446
5.838073
5.844599
5.851196
5.857718
5.864280
5.870877
5.877423
5.883997
5.890720
5.897110
5.903720
5.910296
5.916777
5.923449
5.929911
5.936428
5.942983
5.949523
5.956013
5.962584
5.969091
5.975580
5.982109
5.988598
5.995144
6.001619
6.008150
6.014610
6.021009
6.027514
6.033973
6.040451
6.046880
6.053358
6.059772
6.066256
6.072715
6.079085
6.085485
6.091887
6.098320
6.104701
6.111074
6.117503
6.123936
6.130239
6.136681
6.143045
6.149411
6.155673
6.162217
6.168502
6.174833
6.181202
6.187524
6.193879
6.200207
6.206481
6.212859
6.219195
6.225469
6.231770
6.238128
6.244407
6.250651
6.256976
6.263237
6.269511
6.275869
6.282095
0.005168
0.011436
0.017737
0.023995
0.030344
0.036585
0.042694
0.049102
0.055238
0.061512
0.067837
0.074006
0.080258
0.086547
0.092794
0.098927
0.105230
0.111513
0.117652
0.123914
0.130242
0.136410
0.142663
0.148925
0.155094
0.161341
0.167551
0.173798
0.180096
0.186268
0.192386
0.198761
0.204870
0.211066
0.217364
0.223536
0.229750
0.235927
0.242096
0.248316
0.254623
0.260717
0.266916
0.273165
0.279394
0.285542
0.291768
0.297868
0.304043
0.310337
0.316378
0.322603
0.328868
0.335001
0.341101
0.347351
0.353376
0.359605
0.365797
0.371933
0.378111
0.384292
0.390467
0.396639
0.402763
0.408911
0.415020
0.421168
0.427244
0.433377
0.439536
0.445570
0.451826
0.457911
0.463987
0.470087
0.476238
0.482314
0.488414
0.494553
0.500638
0.506672
0.512847
0.518779
0.524861
0.530937
0.537085
0.543152
0.549144
0.555181
0.561404
0.567402
0.573472
0.579464
0.585498
0.591472
0.597551
0.603574
0.609554
0.615606
0.621664
0.627659
0.633645
0.639640
0.645647
0.651639
0.657712
0.663635
0.669601
0.675623
0.681558
0.687541
0.693539
0.699552
0.705487
0.711464
0.717379
0.723389
0.729360
0.735223
0.741209
0.747166
0.753089
0.759012
0.764923
0.770864
0.776802
0.782759
0.788685
0.794521
0.800576
0.806430
0.812351
0.818256
0.824158
0.830045
0.835993
0.841841
0.847773
0.853684
0.859578
0.865495
0.871454
0.877302
0.883216
0.889176
0.895015
0.900992
0.906825
0.912716
0.918693
0.924517
0.930407
0.936345
0.942209
0.948132
0.954085
0.959951
0.965830
0.971717
0.977586
0.983497
0.989424
0.995326
1.001180
1.007076
1.012958
1.018848
1.024798
1.030619
1.036513
1.042436
1.048353
1.054198
1.060119
1.065940
1.071839
1.077756
1.083602
1.089486
1.095418
1.101359
1.107181
1.113002
1.118967
1.124806
1.130667
1.136545
1.142336
1.148325
1.154150
1.160022
1.165930
1.171832
1.177585
1.183505
1.189332
1.195196
1.201053
1.206886
1.212750
1.218610
1.224404
1.230262
1.236122
1.241922
1.247761
1.253613
1.259401
1.265229
1.271107
1.276940
1.282701
1.288547
1.294389
1.300133
1.306068
1.311727
1.317677
1.323415
1.329218
1.334986
1.340858
1.346589
1.352360
1.358205
1.363985
1.369776
1.375528
1.381308
1.387090
1.392897
1.398643
1.404386
1.410172
1.415867
1.421635
1.427408
1.433125
1.438856
1.444617
1.450376
1.456098
1.461818
1.467639
1.473308
1.479096
1.484776
1.490403
1.496236
1.501881
1.507586
1.513389
1.518959
1.524774
1.530353
1.536177
1.541744
1.547535
1.553198
1.558881
1.564547
1.570212
1.575860
1.581549
1.587212
1.593069
1.598645
1.604316
1.610012
1.615695
1.621379
1.627041
1.632764
1.638384
1.644044
1.649772
1.655480
1.661127
1.666814
1.672485
1.678088
1.683867
1.689533
1.695145
1.700909
1.706521
1.712195
1.717858
1.723529
1.729222
1.734911
1.740562
1.746254
1.751992
1.757609
1.763239
1.768955
1.774564
1.780373
1.785955
1.791609
1.797292
1.802961
1.808653
1.814247
1.819957
1.825587
1.831285
1.836957
1.842631
1.848186
1.853969
1.859535
1.865144
1.870833
1.876493
1.882120
1.887752
1.893484
1.899071
1.904749
1.910306
1.916041
1.921641
1.927264
1.932918
1.938568
1.944213
1.949824
1.955445
1.961021
1.966755
1.972358
1.977939
1.983518
1.989220
1.994759
2.000356
2.005955
2.011621
2.017221
2.022904
2.028396
2.033978
2.039679
2.045204
2.050795
2.056388
2.061991
2.067509
2.073190
2.078613
2.084236
2.089776
2.095313
2.100883
2.106512
2.111953
2.117508
2.123047
2.128608
2.134121
2.139690
2.145197
2.150701
2.156256
2.161709
2.167266
2.172773
2.178238
2.183700
2.189242
2.194704
2.200202
2.205643
2.211161
2.216620
2.222085
2.227511
2.232955
2.238533
2.243914
2.249343
2.254892
2.260201
2.265717
2.271112
2.276601
2.281940
2.287369
2.292798
2.298209
2.303692
2.309034
2.314415
2.319882
2.325284
2.330698
2.336040
2.341403
2.346811
2.352228
2.357555
2.362915
2.368350
2.373631
2.379063
2.384420
2.389717
2.395095
2.400551
2.405824
2.411181
2.416574
2.421904
2.427249
2.432534
2.437834
2.443266
2.448548
2.453938
2.459241
2.464565
2.469922
2.475294
2.480597
2.485930
2.491284
2.496542
2.501941
2.507229
2.512589
2.517877
2.523168
2.528489
2.533834
2.539113
2.544443
2.549692
2.555049
2.560388
2.565700
2.570976
2.576252
2.581570
2.586873
2.592179
2.597416
2.602767
2.608097
2.613325
2.618607
2.623940
2.629138
2.634510
2.639729
2.644969
2.650347
2.655584
2.660842
2.666106
2.671398
2.676662
2.681974
2.687208
2.692427
2.697706
2.702961
2.708141
2.713498
2.718726
2.723922
2.729132
2.734435
2.739657
2.744987
2.750077
2.755389
2.760536
2.765851
2.771019
2.776206
2.781530
2.786683
2.791902
2.797085
2.802277
2.807503
2.812668
2.817866
2.823061
2.828241
2.833406
2.838595
2.843740
2.848956
2.854148
2.859274
2.864401
2.869623
2.874722
2.879887
2.885091
2.890208
2.895311
2.900443
2.905620
2.910755
2.915891
2.920981
2.926044
2.931261
2.936363
2.941417
2.946564
2.951655
2.956727
2.961850
2.966893
2.972028
2.977097
2.982152
2.987311
2.992335
2.997342
3.002462
3.007495
3.012556
3.017616
3.022685
3.027751
3.032719
3.037758
3.042810
3.047822
3.052858
3.057835
3.062823
3.067815
3.072887
3.077945
3.082873
3.087876
3.092856
3.097853
3.102863
3.107824
3.112809
3.117780
3.122774
3.127754
3.132679
3.137584
3.142509
3.147471
3.152435
3.157433
3.162328
3.167302
3.172236
3.177204
3.182177
3.187040
3.192037
3.196960
3.201843
3.206760
3.211715
3.216620
3.221509
3.226444
3.231423
3.236229
3.241218
3.246056
3.251018
3.255877
3.260878
3.265752
3.270624
3.275561
3.280454
3.285326
3.290188
3.295150
3.300015
3.304911
3.309785
3.314675
3.319561
3.324364
3.329317
3.334206
3.339048
3.343889
3.348818
3.353678
3.358522
3.363409
3.368253
3.373059
3.377973
3.382802
3.387626
3.392503
3.397345
3.402172
3.407013
3.411855
3.416714
3.421538
3.426365
3.431197
3.436009
3.440815
3.445594
3.450447
3.455151
3.460055
3.464855
3.469634
3.474380
3.479188
3.483985
3.488680
3.493510
3.498294
3.503031
3.507894
3.512621
3.517382
3.522152
3.526937
3.531652
3.536380
3.541114
3.545847
3.550581
3.555339
3.560037
3.564705
3.569504
3.574139
3.578897
3.583583
3.588248
3.592973
3.597625
3.602308
3.606994
3.611662
3.616348
3.621013
3.625614
3.630258
3.634905
3.639546
3.644271
3.648900
3.653526
3.658179
3.662796
3.667460
3.672056
3.676640
3.681266
3.685829
3.690509
3.694940
3.699578
3.704201
3.708764
3.713345
3.717887
3.722393
3.726959
3.731600
3.736082
3.740612
3.745187
3.749699
3.754238
3.758798
3.763262
3.767777
3.772277
3.776778
3.781242
3.785745
3.790209
3.794751
3.799248
3.803727
3.808239
3.812646
3.817080
3.821560
3.826048
3.830446
3.834913
3.839350
3.843838
3.848210
3.852614
3.857030
3.861443
3.865895
3.870275
3.874632
3.879156
3.883512
3.887904
3.892293
3.896695
3.901021
3.905476
3.909808
3.914111
3.918575
3.922886
3.927227
3.931632
3.935991
3.940317
3.944662
3.949009
3.953365
3.957760
3.962036
3.966356
3.970736
3.975075
3.979362
3.983682
3.987978
3.992344
3.996691
4.000948
4.005248
4.009622
4.013975
4.018215
4.022538
4.026846
4.031170
4.035463
4.039762
4.044044
4.048412
4.052624
4.056900
4.061253
4.065516
4.069738
4.073998
4.078298
4.082576
4.086864
4.091112
4.095339
4.099620
4.103860
4.108114
4.112351
4.116626
4.120878
4.125045
4.129221
4.133542
4.137820
4.142033
4.146191
4.150512
4.154661
4.158874
4.163098
4.167314
4.171538
4.175810
4.179957
4.184145
4.188373
4.192531
4.196759
4.200947
4.205079
4.209291
4.213542
4.217617
4.221803
4.226027
4.230210
4.234410
4.238565
4.242682
4.246907
4.251098
4.255191
4.259356
4.263514
4.267705
4.271828
4.275995
4.280061
4.284256
4.288384
4.292521
4.296641
4.300743
4.304904
4.309051
4.313135
4.317278
4.321419
4.325520
4.329610
4.333756
4.337822
4.341936
4.346115
4.350082
4.354222
4.358309
4.362411
4.366428
4.370578
4.374638
4.378700
4.382808
4.386849
4.390855
4.394978
4.399086
4.403025
4.407091
4.411118
4.415228
4.419240
4.423192
4.427230
4.431254
4.435278
4.439311
4.443283
4.447301
4.451280
4.455337
4.459249
4.463207
4.467198
4.471233
4.475128
4.479185
4.483062
4.486996
4.490983
4.494923
4.498860
4.502785
4.506734
4.510709
4.514622
4.518550
4.522451
4.526391
4.530292
4.534157
4.538064
4.541958
4.545841
4.549805
4.553619
4.557571
4.561388
4.565238
4.569162
4.573024
4.576818
4.580647
4.584562
4.588409
4.592220
4.596100
4.599866
4.603704
4.607536
4.611389
4.615164
4.619005
4.622825
4.626645
4.630408
4.634186
4.637964
4.641787
4.645553
4.649340
4.653094
4.656863
4.660638
4.664413
4.668146
4.671945
4.675615
4.679411
4.683171
4.686916
4.690619
4.694344
4.698101
4.701822
4.705546
4.709189
4.712967
4.716617
4.720358
4.724008
4.727708
4.731417
4.735060
4.738766
4.742476
4.746116
4.749780
4.753468
4.757150
4.760790
4.764496
4.768197
4.771852
4.775564
4.779156
4.782799
4.786463
4.790083
4.793762
4.797402
4.801030
4.804641
4.808290
4.811900
4.815540
4.819207
4.822782
4.826389
4.830047
4.833627
4.837271
4.840887
4.844455
4.848038
4.851655
4.855217
4.858740
4.862381
4.865946
4.869535
4.873121
4.876669
4.880207
4.883800
4.887419
4.890915
4.894513
4.897992
4.901569
4.905137
4.908634
4.912193
4.915692
4.919201
4.922814
4.926299
4.929870
4.933309
4.936907
4.940341
4.943888
4.947412
4.950935
4.954449
4.957958
4.961427
4.964942
4.968444
4.971913
4.975362
4.978864
4.982334
4.985824
4.989257
4.992763
4.996181
4.999693
5.003120
5.006581
5.010053
5.013466
5.016950
5.020339
5.023778
5.027236
5.030630
5.034049
5.037440
5.040906
5.044319
5.047689
5.051144
5.054482
5.057951
5.061376
5.064743
5.068117
5.071499
5.074903
5.078273
5.081635
5.085002
5.088370
5.091794
5.095057
5.098488
5.101757
5.105064
5.108470
5.111808
5.115140
5.118484
5.121809
5.125102
5.128421
5.131735
5.135015
5.138350
5.141661
5.144891
5.148150
5.151443
5.154733
5.158029
5.161321
5.164584
5.167838
5.171100
5.174342
5.177626
5.180861
5.184082
5.187321
5.190589
5.193786
5.197004
5.200234
5.203419
5.206634
5.209836
5.213048
5.216260
5.219471
5.222609
5.225799
5.228987
5.232172
5.235353
5.238547
5.241657
5.244773
5.247916
5.251035
5.254268
5.257396
5.260509
5.263586
5.266707
5.269844
5.272939
5.276115
5.279186
5.282272
5.285379
5.288471
5.291569
5.294640
5.297671
5.300752
5.303867
5.306932
5.309958
5.313038
5.316067
5.319120
5.322155
5.325166
5.328207
5.331254
5.334250
5.337225
5.340207
5.343235
5.346252
5.349252
5.352262
5.355202
5.358165
5.361128
5.364130
5.367111
5.370098
5.373037
5.376007
5.378933
5.381894
5.384848
5.387787
5.390726
5.393635
5.396523
5.399424
5.402357
5.405266
5.408187
5.411087
5.413930
5.416816
5.419755
5.422616
5.425507
5.428378
5.431290
5.434073
5.436946
5.439819
5.442684
5.445482
5.448328
5.451178
5.453946
5.456774
5.459618
5.462455
5.465277
5.468048
5.470886
5.473666
5.476494
5.479280
5.482082
5.484886
5.487679
5.490441
5.493233
5.495993
5.498785
5.501541
5.504289
5.507045
5.509792
5.512528
5.515290
5.518074
5.520809
5.523514
5.526235
5.528943
5.531682
5.534426
5.537119
5.539822
5.542596
5.545280
5.547953
5.550668
5.553364
5.556076
5.558835
5.561510
5.564198
5.566876
5.569543
5.572221
5.574914
5.577581
5.580224
5.582860
5.585505
5.588196
5.590878
5.593496
5.596187
5.598859
5.601475
5.604108
5.606742
5.609378
5.612018
5.614648
5.617240
5.619858
5.622477
5.625053
5.627687
5.630327
5.632897
5.635486
5.638077
5.640666
5.643213
5.645834
5.648420
5.651002
5.653588
5.656126
5.658679
5.661198
5.663754
5.666327
5.668913
5.671412
5.673979
5.676469
5.679028
5.681532
5.684064
5.686581
5.689100
5.691611
5.694137
5.696597
5.699143
5.701600
5.704116
5.706663
5.709078
5.711544
5.714009
5.716499
5.718959
5.721371
5.723876
5.726341
5.728798
5.731210
5.733625
5.736124
5.738505
5.740944
5.743404
5.745819
5.748260
5.750666
5.753048
5.755463
5.757842
5.760227
5.762650
5.765050
5.767402
5.769799
5.772211
5.774551
5.776924
5.779324
5.781642
5.784045
5.786367
5.788719
5.791017
5.793423
5.795718
5.798124
5.800455
5.802786
5.805122
5.807442
5.809752
5.812079
5.814363
5.816732
5.819003
5.821322
5.823599
5.825930
5.828210
5.830487
5.832776
5.835092
5.837354
5.839649
5.841953
5.844221
5.846507
5.848754
5.851049
5.853269
5.855585
5.857802
5.860112
5.862359
5.864618
5.866850
5.869109
5.871320
5.873552
5.875796
5.878032
5.880267
5.882505
5.884767
5.886972
5.889165
5.891421
5.893605
5.895813
5.898063
5.900256
5.902480
5.904643
5.906854
5.909056
5.911249
5.913406
5.915659
5.917810
5.920022
5.922205
5.924389
5.926535
5.928743
5.930903
5.933099
5.935271
5.937401
5.939556
5.941704
5.943846
5.946015
5.948139
5.950299
5.952472
5.954623
5.956750
5.958907
5.961037
5.963150
5.965268
5.967419
5.969519
5.971632
5.973732
5.975832
5.977938
5.980050
5.982123
5.984215
5.986333
5.988403
5.990474
5.992568
5.994671
5.996738
5.998817
6.000879
6.002955
6.005002
6.007054
6.009076
6.011117
6.013184
6.015233
6.017273
6.019287
6.021348
6.023358
6.025351
6.027403
6.029417
6.031415
6.033428
6.035462
6.037476
6.039426
6.041470
6.043384
6.045397
6.047381
6.049361
6.051300
6.053274
6.055257
6.057208
6.059170
6.061123
6.063053
6.064989
6.066957
6.068907
6.070843
6.072793
6.074690
6.076607
6.078525
6.080430
6.082348
6.084262
6.086164
6.088076
6.089946
6.091845
6.093781
6.095629
6.097544
6.099404
6.101259
6.103125
6.104998
6.106862
6.108767
6.110598
6.112425
6.114276
6.116131
6.117974
6.119795
6.121617
6.123463
6.125296
6.127148
6.128978
6.130812
6.132630
6.134449
6.136259
6.138041
6.139863
6.141675
6.143470
6.145259
6.147050
6.148848
6.150646
6.152450
6.154244
6.156012
6.157785
6.159553
6.161372
6.163118
6.164946
6.166693
6.168439
6.170201
6.171948
6.173703
6.175456
6.177215
6.178988
6.180720
6.182452
6.184216
6.185999
6.187743
6.189472
6.191218
6.192932
6.194658
6.196395
6.198109
6.199889
6.201573
6.203292
6.205018
6.206756
6.208506
6.210210
6.211921
6.213644
6.215337
6.217032
6.218734
6.220451
6.222158
6.223857
6.225529
6.227192
6.228876
6.230580
6.232244
6.233939
6.235662
6.237322
6.238987
6.240665
6.242322
6.243973
6.245666
6.247341
6.248985
6.250651
6.252293
6.253956
6.255621
6.257288
6.258938
6.260583
6.262207
6.263849
6.265470
6.267085
6.268720
6.270380
6.272001
6.273637
6.275237
6.276885
6.278502
6.280165
6.281753
0.000144
0.001762
0.003317
0.004943
0.006528
0.008110
0.009701
0.011310
0.012904
0.014501
0.016110
0.017725
0.019319
0.020918
0.022482
0.024022
0.025571
0.027165
0.028732
0.030308
0.031869
0.033442
0.035009
0.036552
0.038119
0.039695
0.041271
0.042793
0.044366
0.045882
0.047428
0.048989
0.050546
0.052059
0.053596
0.055109
0.056610
0.058150
0.059663
0.061203
0.062767
0.064289
0.065817
0.067327
0.068861
0.070341
0.071839
0.073334
0.074841
0.076319
0.077805
0.079291
0.080822
0.082305
0.083803
0.085295
0.086802
0.088279
0.089780
0.091221
0.092671
0.094136
0.095598
0.097081
0.098540
0.099999
0.101446
0.102909
0.104359
0.105827
0.107304
0.108763
0.110213
0.111651
0.113095
0.114491
0.115965
0.117382
0.118836
0.120259
0.121664
0.123087
0.124525
0.125945
0.127386
0.128809
0.130254
0.131665
0.133094
0.134460
0.135886
0.137285
0.138681
0.140084
0.141483
0.142897
0.144269
0.145659
0.147040
0.148431
0.149815
0.151196
0.152583
0.153997
0.155378
0.156763
0.158105
0.159492
0.160846
0.162195
0.163540
0.164921
0.166308
0.167668
0.169032
0.170374
0.171686
0.173040
0.174382
0.175725
0.177106
0.178448
0.179778
0.181121
0.182460
0.183757
0.185066
0.186400
0.187736
0.189045
0.190357
0.191655
0.192982
0.194294
0.195595
0.196898
0.198216
0.199519
0.200820
0.202138
0.203423
0.204730
0.206021
0.207333
0.208621
0.209901
0.211177
0.212447
0.213727
0.214964
0.216243
0.217514
0.218820
0.220081
0.221349
0.222607
0.223871
0.225148
0.226373
0.227628
0.228860
0.230109
0.231364
0.232641
0.233869
0.235101
0.236350
0.237560
0.238783
0.239990
0.241212
0.242468
0.243708
0.244958
0.246201
0.247423
0.248613
0.249808
0.251019
0.252202
0.253409
0.254620
0.255815
0.257011
0.258200
0.259372
0.260558
0.261750
0.262928
0.264108
0.265295
0.266490
0.267698
0.268878
0.270085
0.271242
0.272422
0.273561
0.274705
0.275835
0.276973
0.278151
0.279301
0.280464
0.281599
0.282756
0.283864
0.285015
0.286153
0.287277
0.288436
0.289596
0.290752
0.291903
0.293047
0.294144
0.295234
0.296367
0.297472
0.298572
0.299690
0.300801
0.301913
0.303024
0.304112
0.305211
0.306320
0.307404
0.308483
0.309570
0.310643
0.311740
0.312836
0.313945
0.315059
0.316168
0.317231
0.318301
0.319362
0.320392
0.321444
0.322528
0.323595
0.324668
0.325743
0.326765
0.327834
0.328865
0.329884
0.330893
0.331939
0.332988
0.334030
0.335112
0.336181
0.337209
0.338246
0.339288
0.340304
0.341332
0.342326
0.343342
0.344379
0.345388
0.346398
0.347393
0.348393
0.349406
0.350410
0.351395
0.352387
0.353397
0.354374
0.355371
0.356348
0.357364
0.358379
0.359392
0.360393
0.361381
0.362370
0.363332
0.364299
0.365234
0.366214
0.367161
0.368119
0.369111
0.370070
0.371017
0.371975
0.372928
0.373869
0.374804
0.375741
0.376655
0.377599
0.378555
0.379504
0.380451
0.381407
0.382366
0.383279
0.384229
0.385146
0.386054
0.386956
0.387860
0.388783
0.389709
0.390599
0.391519
0.392435
0.393343
0.394227
0.395090
0.395962
0.396846
0.397735
0.398601
0.399470
0.400357
0.401238
0.402128
0.403044
0.403922
0.404827
0.405717
0.406592
0.407476
0.408336
0.409174
0.410007
0.410846
0.411706
0.412524
0.413348
0.414199
0.415038
0.415877
0.416712
0.417545
0.418387
0.419205
0.420017
0.420832
0.421620
0.422456
0.423259
0.424065
0.424883
0.425728
0.426569
0.427414
0.428244
0.429044
0.429862
0.430683
0.431462
0.432232
0.433035
0.433799
0.434578
0.435366
0.436118
0.436879
0.437643
0.438398
0.439150
0.439908
0.440645
0.441415
0.442158
0.442910
0.443662
0.444402
0.445133
0.445900
0.446652
0.447398
0.448180
0.448962
0.449726
0.450487
0.451254
0.451973
0.452716
0.453453
0.454169
0.454885
0.455595
0.456311
0.457027
0.457740
0.458451
0.459134
0.459847
0.460530
0.461210
0.461884
0.462549
0.463238
0.463930
0.464613
0.465291
0.465965
0.466639
0.467310
0.467990
0.468649
0.469326
0.470012
0.470695
0.471399
0.472110
0.472778
0.473443
0.474132
0.474815
0.475480
0.476151
0.476813
0.477478
0.478120
0.478773
0.479396
0.480049
0.480693
0.481325
0.481934
0.482563
0.483177
0.483803
0.484408
0.485023
0.485631
0.486224
0.486820
0.487431
0.488007
0.488615
0.489220
0.489819
0.490406
0.490991
0.491551
0.492156
0.492749
0.493358
0.493948
0.494565
0.495182
0.495784
0.496384
0.496989
0.497585
0.498172
0.498774
0.499389
0.499967
0.500539
0.501090
0.501651
0.502208
0.502750
0.503281
0.503826
0.504368
0.504898
0.505417
0.505947
0.506498
0.507035
0.507556
0.508089
0.508599
0.509126
0.509647
0.510171
0.510678
0.511178
0.511669
0.512176
0.512679
0.513179
0.513650
0.514159
0.514672
0.515166
0.515660
0.516170
0.516685
0.517203
0.517718
0.518237
0.518752
0.519261
0.519792
0.520316
0.520819
0.521341
0.521859
0.522338
0.522815
0.523291
0.523738
0.524211
0.524684
0.525137
0.525586
0.526039
0.526479
0.526913
0.527345
0.527773
0.528193
0.528624
0.529050
0.529472
0.529889
0.530302
0.530721
0.531147
0.531560
0.531989
0.532399
0.532810
0.533223
0.533637
0.534017
0.534413
0.534802
0.535180
0.535560
0.535941
0.536306
0.536672
0.537055
0.537445
0.537822
0.538227
0.538631
0.539035
0.539440
0.539844
0.540252
0.540659
0.541073
0.541477
0.541870
0.542289
0.542700
0.543113
0.543518
0.543916
0.544300
0.544683
0.545061
0.545441
0.545783
0.546115
0.546463
0.546798
0.547128
0.547454
0.547754
0.548063
0.548383
0.548692
0.548982
0.549288
0.549579
0.549866
0.550154
0.550450
0.550741
0.551032
0.551337
0.551637
0.551928
0.552227
0.552515
0.552802
0.553084
0.553363
0.553635
0.553914
0.554199
0.554480
0.554744
0.555022
0.555310
0.555583
0.555861
0.556131
0.556386
0.556649
0.556904
0.557150
0.557368
0.557593
0.557830
0.558072
0.558309
0.558540
0.558761
0.558992
0.559235
0.559475
0.559693
0.559918
0.560140
0.560361
0.560592
0.560820
0.561044
0.561263
0.561518
0.561770
0.562015
0.562285
0.562558
0.562839
0.563118
0.563405
0.563669
0.563951
0.564232
0.564517
0.564781
0.565062
0.565338
0.565607
0.565865
0.566120
0.566359
0.566614
0.566866
0.567102
0.567318
0.567534
0.567756
0.567959
0.568154
0.568331
0.568487
0.568639
0.568786
0.568915
0.569023
0.569137
0.569242
0.569332
0.569409
0.569481
0.569532
0.569577
0.569634
0.569694
0.569721
0.569751
0.569775
0.569790
0.569802
0.569805
0.569805
0.569805
0.569805
0.569805
0.569805
0.569805
0.569805
0.569805
0.569805
0.569805
0.569805
0.569805
0.569805
0.569736
0.569652
0.569550
0.569457
0.569359
0.569248
0.569134
0.569005
0.568873
0.568738
0.568598
0.568439
0.568283
0.568127
0.567962
0.567792
0.567612
0.567420
0.567219
0.567046
0.566863
0.566668
0.566479
0.566297
0.566111
0.565922
0.565733
0.565539
0.565365
0.565194
0.565029
0.564846
0.564679
0.564517
0.564358
0.564199
0.564050
0.563891
0.563753
0.563627
0.563507
0.563387
0.563271
0.563187
0.563112
0.563049
0.563001
0.562956
0.562929
0.562911
0.562902
0.562881
0.562881
0.562881
0.562881
0.562881
0.562881
0.562881
0.562881
0.562881
0.562881
0.562881
0.562977
0.563082
0.563178
0.563283
0.563387
0.563486
0.563600
0.563720
0.563828
0.563930
0.564047
0.564166
0.564280
0.564400
0.564514
0.564616
0.564727
0.564843
0.564951
0.565044
0.565137
0.565245
0.565353
0.565449
0.565548
0.565622
0.565703
0.565784
0.565862
0.565928
0.566003
0.566078
0.566144
0.566207
0.566270
0.566315
0.566365
0.566428
0.566476
0.566506
0.566542
0.566581
0.566605
0.566623
0.566638
0.566641
0.566656
0.566659
0.566659
0.566659
0.566659
0.566659
0.566659
0.566659
0.566659
0.566659
0.566659
0.566659
0.566659
0.566659
0.566659
0.566659
0.566659
0.566659
0.566644
0.566590
0.566557
0.566524
0.566488
0.566437
0.566398
0.566363
0.566324
0.566285
0.566243
0.566180
0.566123
0.566093
0.566054
0.566003
0.565967
0.565925
0.565892
0.565856
0.565835
0.565790
0.565766
0.565742
0.565709
0.565661
0.565628
0.565601
0.565572
0.565545
0.565515
0.565476
0.565452
0.565434
0.565410
0.565377
0.565344
0.565335
0.565329
0.565317
0.565302
0.565269
0.565263
0.565254
0.565239
0.565209
0.565203
0.565191
0.565185
0.565176
0.565170
0.565155
0.565143
0.565140
0.565140
0.565140
0.565140
0.565140
0.565140
0.565140
0.565140
0.565140
0.565140
0.565140
0.565140
0.565140
0.565140
0.565140
0.565140
0.565140
0.565140
0.565140
0.565140
0.565140
0.565140
0.565140
0.565140
0.565140
0.565140
0.565140
0.565140
0.565140
0.565140
0.565140
0.565140
0.565140
0.565140
0.565140
0.565140
0.565140
0.565140
0.565140
0.565140
0.565140
0.565140
0.565140
0.565140
0.565140
0.565140
0.565140
0.565140
0.565140
0.565140
0.565140
0.565140
0.565140
0.565140
0.565140
0.565140
0.565140
0.565140
0.565140
0.565140
0.565140
0.565140
0.565140
0.565140
0.565140
0.565140
0.565140
0.565140
0.565140
0.565140
0.565140
0.565140
0.565140
0.565140
0.565140
0.565140
0.565140
0.565140
0.565140
0.565140
0.565140
0.565140
0.565140
0.565140
0.565140
0.565140
0.565140
0.565140
0.565140
0.565140
0.565140
0.565140
0.565140
0.565140
0.565140
0.565140
0.565140
0.565140
0.565140
0.565140