5.609627
5.609627
5.609627
5.609627
5.609627
5.609627
5.609627
5.609705
5.609951
5.610394
5.611023
5.611754
5.612560
5.613504
5.614579
5.615841
5.617288
5.618975
5.620802
5.622813
5.624967
5.627301
5.629817
5.632451
5.635294
5.638362
5.641580
5.644971
5.648534
5.652147
5.655949
5.659874
5.663987
5.668296
5.672885
5.677655
5.682404
5.687498
5.692546
5.698050
5.703571
5.709324
5.715058
5.721257
5.727408
5.733840
5.740453
5.747290
5.754112
5.761380
5.768658
5.776037
5.783686
5.791392
5.799370
5.807627
5.815855
5.824279
5.832995
5.841851
5.850782
5.859983
5.869256
5.878718
5.888494
5.898282
5.908223
5.918499
5.928794
5.939301
5.950096
5.960953
5.971976
5.983124
5.994431
6.005984
6.017648
6.029632
6.041428
6.053918
6.066070
6.078611
6.091321
6.104123
6.117147
6.130377
6.143446
6.156952
6.170671
6.184459
6.198301
6.212395
6.226614
6.241109
6.255663
6.270356
0.002271
0.017428
0.032507
0.048260
0.063489
0.079389
0.095128
0.111540
0.127350
0.143763
0.160463
0.177112
0.194201
0.210946
0.227742
0.244742
0.261655
0.278819
0.295789
0.312905
0.329944
0.347105
0.364246
0.381437
0.398416
0.415691
0.432783
0.449765
0.466905
0.483875
0.500935
0.518195
0.535081
0.552014
0.568972
0.585879
0.602917
0.619818
0.636755
0.653605
0.670541
0.687280
0.704040
0.721331
0.737950
0.754695
0.771446
0.788226
0.805046
0.821908
0.838806
0.855347
0.872616
0.889194
0.905989
0.922941
0.939551
0.956542
0.973350
0.990101
1.006909
1.023920
1.040716
1.057497
1.074371
1.091478
1.108106
1.125172
1.141896
1.158919
1.175850
1.192757
1.209658
1.226585
1.243474
1.260423
1.277402
1.294233
1.311182
1.328155
1.345064
1.361845
1.378803
1.395608
1.412650
1.429311
1.446208
1.463193
1.479857
1.496866
1.513695
1.530299
1.547199
1.563902
1.580617
1.597536
1.614062
1.631092
1.647918
1.664528
1.681659
1.698129
1.715446
1.731957
1.748906
1.765645
1.782621
1.799665
1.816473
1.833521
1.850460
1.867436
1.884313
1.901282
1.918282
1.935186
1.952083
1.969224
1.986176
2.003106
2.020019
2.036977
2.053829
2.070901
2.087589
2.104367
2.121490
2.138279
2.155180
2.172042
2.188868
2.205679
2.222546
2.239228
2.256075
2.272952
2.289430
2.306310
2.322938
2.339519
2.356177
2.372885
2.389511
2.406250
2.422992
2.439530
2.456215
2.472921
2.489516
2.506210
2.522847
2.539469
2.556070
2.572821
2.589458
2.606086
2.622855
2.639544
2.656097
2.672878
2.689299
2.706074
2.722918
2.739426
2.756084
2.772775
2.789301
2.806007
2.822662
2.839228
2.855778
2.872493
2.889034
2.905387
2.922006
2.938244
2.955019
2.971384
2.987910
3.004065
3.020570
3.037303
3.053377
3.069888
3.086124
3.102419
3.118742
3.135145
3.151237
3.167536
3.183723
3.199887
3.216422
3.232649
3.248869
3.265186
3.281413
3.297711
3.314046
3.330401
3.346538
3.362878
3.378994
3.395362
3.411744
3.427842
3.444218
3.460532
3.476839
3.492934
3.509323
3.525480
3.541692
3.558149
3.574223
3.590489
3.606730
3.622897
3.639223
3.655368
3.671508
3.687588
3.703803
3.719885
3.736217
3.752396
3.768245
3.784340
3.800428
3.816310
3.832330
3.848524
3.864331
3.880411
3.896167
3.912325
3.928138
3.944170
3.960187
3.976033
3.992068
4.008115
4.023952
4.040047
4.055884
4.071934
4.088005
4.103938
4.120126
4.136151
4.152159
4.168233
4.184352
4.200408
4.216661
4.232744
4.248878
4.264916
4.281278
4.297198
4.313329
4.329565
4.345630
4.361856
4.377987
4.394217
4.410246
4.426451
4.442624
4.458794
4.474927
4.490900
4.507021
4.523152
4.539262
4.555315
4.571311
4.587609
4.603509
4.619508
4.635486
4.651674
4.667697
4.683588
4.699626
4.715777
4.731752
4.747766
4.763897
4.780061
4.796042
4.812181
4.828417
4.844347
4.860574
4.876615
4.892941
4.908903
4.925295
4.941231
4.957778
4.973825
4.989985
5.006293
5.022520
5.038779
5.055171
5.071271
5.087513
5.103875
5.120146
5.136277
5.152573
5.168775
5.184930
5.201220
5.217560
5.233847
5.249890
5.265970
5.282077
5.298373
5.314416
5.330470
5.346777
5.362611
5.378565
5.394666
5.411004
5.426652
5.442803
5.458740
5.474774
5.490833
5.506841
5.522559
5.538647
5.554395
5.570561
5.586458
5.602334
5.618412
5.634338
5.650148
5.666130
5.682284
5.698010
5.714135
5.730014
5.746076
5.762147
5.777957
5.794013
5.809967
5.825903
5.841782
5.857868
5.873882
5.889716
5.905658
5.921552
5.937359
5.953224
5.969199
5.984988
6.000849
6.016752
6.032589
6.048432
6.064207
6.080035
6.095803
6.111604
6.127262
6.142970
6.158582
6.174198
6.189855
6.205582
6.221125
6.236767
6.252527
6.267905
0.000593
0.016056
0.031530
0.047017
0.062651
0.078197
0.093660
0.109419
0.124918
0.140332
0.156020
0.171533
0.187104
0.202626
0.218269
0.233737
0.249356
0.264860
0.280470
0.296217
0.311599
0.327289
0.342911
0.358328
0.373866
0.389499
0.405019
0.420529
0.436076
0.451551
0.467247
0.482554
0.498157
0.513545
0.529002
0.544425
0.559813
0.575285
0.590663
0.606054
0.621358
0.636863
0.652176
0.667437
0.683098
0.698375
0.713568
0.728964
0.744205
0.759527
0.774780
0.790132
0.805181
0.820476
0.835789
0.851138
0.866462
0.881898
0.897172
0.912209
0.927936
0.943072
0.958286
0.973805
0.989103
1.004380
1.019899
1.035236
1.050537
1.066174
1.081298
1.096757
1.112253
1.127578
1.143058
1.158569
1.174056
1.189350
1.204825
1.220288
1.235756
1.251264
1.266565
1.281997
1.297499
1.312827
1.328242
1.343665
1.359359
1.374405
1.390245
1.405357
1.420934
1.436208
1.451625
1.466980
1.482425
1.497627
1.512978
1.528357
1.543664
1.559019
1.574517
1.589728
1.605128
1.620660
1.635856
1.651405
1.666868
1.682223
1.697619
1.713196
1.728494
1.743998
1.759542
1.774948
1.790422
1.806053
1.821368
1.836939
1.852626
1.868068
1.883537
1.899392
1.914657
1.930239
1.945795
1.961392
1.976993
1.992410
2.008023
2.023336
2.039074
2.054746
2.069939
2.085794
2.101194
2.116672
2.132068
2.147450
2.162952
2.178438
2.193766
2.209163
2.224665
2.239843
2.255188
2.270762
2.285880
2.301331
2.316689
2.331965
2.347260
2.362453
2.377685
2.393064
2.408449
2.423681
2.439041
2.454273
2.469448
2.484602
2.500209
2.515300
2.530730
2.545977
2.561239
2.576452
2.591801
2.607288
2.622424
2.637689
2.653038
2.668228
2.683562
2.698793
2.714169
2.729479
2.744756
2.759949
2.775250
2.790410
2.805609
2.820922
2.835917
2.851275
2.866525
2.881652
2.896881
2.912110
2.927243
2.942214
2.957581
2.972525
2.987458
3.002549
3.017718
3.032659
3.047768
3.062449
3.077618
3.092601
3.107482
3.122592
3.137494
3.152181
3.167008
3.182258
3.196795
3.212036
3.226654
3.241769
3.256530
3.271514
3.286332
3.301112
3.316374
3.331072
3.346148
3.360997
3.375824
3.390688
3.405755
3.420636
3.435590
3.450555
3.465487
3.480336
3.495157
3.510182
3.525013
3.539969
3.554845
3.569843
3.584578
3.599690
3.614400
3.629219
3.643986
3.658841
3.673689
3.688418
3.703200
3.718049
3.732825
3.747563
3.762352
3.777035
3.791749
3.806450
3.821116
3.835833
3.850696
3.864916
3.879695
3.894277
3.908859
3.923482
3.938193
3.952694
3.967581
3.982013
3.996781
4.011497
4.026148
4.040658
4.055282
4.070107
4.084832
4.099381
4.114068
4.128581
4.143438
4.158334
4.172727
4.187798
4.202382
4.217102
4.231732
4.246691
4.261333
4.276097
4.290913
4.305683
4.320346
4.335162
4.349869
4.364517
4.379605
4.394172
4.408799
4.423857
4.438594
4.453260
4.468142
4.482532
4.497527
4.512240
4.526834
4.541662
4.556399
4.570945
4.585713
4.600358
4.615110
4.629710
4.644414
4.659077
4.673824
4.688550
4.703086
4.717662
4.732271
4.747098
4.761638
4.776427
4.791078
4.805797
4.820636
4.835305
4.849998
4.864780
4.879485
4.894358
4.909110
4.923832
4.938756
4.953458
4.968462
4.983053
4.998033
5.012750
5.027529
5.042449
5.057295
5.072170
5.086923
5.101858
5.116608
5.131579
5.146206
5.161039
5.175825
5.190722
5.205393
5.220688
5.234979
5.249986
5.264685
5.279486
5.294313
5.308844
5.323617
5.338469
5.353084
5.367797
5.382457
5.397182
5.411747
5.426388
5.441018
5.455543
5.470154
5.484736
5.499207
5.513870
5.528404
5.542791
5.557475
5.571972
5.586555
5.601022
5.615496
5.630060
5.644738
5.659224
5.673746
5.688309
5.702775
5.717413
5.731992
5.746451
5.761110
5.775441
5.790253
5.804487
5.819234
5.833597
5.848368
5.862970
5.877337
5.892059
5.906488
5.920875
5.935355
5.949958
5.964303
5.978819
5.993299
6.007686
6.022139
6.036556
6.050907
6.065288
6.079795
6.094134
6.108371
6.122818
6.136882
6.151281
6.165719
6.179845
6.194137
6.208341
6.222524
6.236977
6.251035
6.265320
6.279320
0.010426
0.024364
0.038751
0.053072
0.067031
0.081187
0.095619
0.109551
0.123650
0.137887
0.152050
0.166116
0.180611
0.194594
0.208744
0.222898
0.237339
0.251216
0.265714
0.279709
0.293811
0.308177
0.322277
0.336379
0.350631
0.364905
0.379010
0.393038
0.407263
0.421413
0.435606
0.449672
0.463798
0.477997
0.492075
0.505956
0.520103
0.534161
0.548422
0.562468
0.576495
0.590502
0.604688
0.618593
0.632384
0.646768
0.660463
0.674583
0.688605
0.702494
0.716384
0.730238
0.744211
0.758095
0.772063
0.786027
0.799824
0.813786
0.827649
0.841565
0.855605
0.869429
0.883429
0.897382
0.911242
0.925146
0.939219
0.953111
0.967046
0.981032
0.994840
1.008940
1.023000
1.036944
1.050927
1.064981
1.078949
1.093069
1.107265
1.121112
1.135074
1.149185
1.163141
1.177255
1.191331
1.205397
1.219236
1.233374
1.247357
1.261510
1.275481
1.289491
1.303617
1.317884
1.331759
1.345547
1.359856
1.373758
1.387770
1.401939
1.415801
1.429775
1.443865
1.457836
1.471573
1.485600
1.499586
1.513736
1.527485
1.541606
1.555346
1.569460
1.583434
1.597545
1.611336
1.625390
1.639223
1.653455
1.667254
1.681168
1.695294
1.709202
1.723317
1.737512
1.751432
1.765525
1.779577
1.793637
1.807703
1.821947
1.836010
1.849957
1.864338
1.878368
1.892348
1.906534
1.920493
1.934703
1.948929
1.962980
1.977154
1.991227
2.005323
2.019671
2.033555
2.047595
2.061589
2.076201
2.089770
2.103966
2.118053
2.132173
2.146123
2.160175
2.174163
2.188158
2.202215
2.216138
2.230105
2.244169
2.258140
2.271816
2.286078
2.299659
2.313737
2.327660
2.341493
2.355212
2.369356
2.383087
2.396881
2.410795
2.424759
2.438358
2.452512
2.466180
2.480075
2.494064
2.507789
2.521733
2.535715
2.549299
2.563402
2.577130
2.591076
2.604921
2.618838
2.632694
2.646656
2.660561
2.674486
2.688250
2.702116
2.715967
2.729800
2.743677
2.757447
2.771283
2.785197
2.799051
2.812841
2.826629
2.840432
2.854217
2.868026
2.881760
2.895622
2.909449
2.923054
2.936683
2.950525
2.964055
2.977711
2.991484
3.005074
3.018664
3.032413
3.046004
3.059549
3.073163
3.086669
3.100337
3.113912
3.127322
3.140844
3.154551
3.167946
3.181413
3.194854
3.208393
3.222160
3.235546
3.248935
3.262519
3.276155
3.289532
3.303167
3.316784
3.330257
3.343635
3.357285
3.370737
3.384384
3.397779
3.411292
3.424756
3.438370
3.451804
3.465520
3.479089
3.492347
3.505817
3.519422
3.532938
3.546201
3.559869
3.573438
3.586843
3.600409
3.613669
3.627319
3.640517
3.654125
3.667302
3.680850
3.694404
3.707545
3.721012
3.734240
3.747812
3.760970
3.774243
3.787758
3.800956
3.814396
3.827504
3.840815
3.854061
3.867336
3.880480
3.893741
3.907034
3.920250
3.933507
3.946582
3.959947
3.973094
3.986379
3.999594
4.012759
4.026055
4.039349
4.052544
4.065774
4.078948
4.092241
4.105655
4.118814
4.132038
4.145364
4.158664
4.171957
4.185284
4.198533
4.211889
4.225141
4.238658
4.251760
4.265296
4.278458
4.291760
4.305174
4.318489
4.331752
4.345204
4.358555
4.371794
4.385175
4.398468
4.411888
4.425085
4.438505
4.451702
4.465046
4.478277
4.491612
4.504924
4.518098
4.531403
4.544807
4.557898
4.571218
4.584455
4.597769
4.610951
4.624272
4.637592
4.650676
4.664135
4.677110
4.690422
4.703622
4.716850
4.730000
4.743299
4.756473
4.769689
4.783102
4.796162
4.809404
4.822898
4.836207
4.849321
4.862746
4.875932
4.889231
4.902585
4.915872
4.929297
4.942627
4.955947
4.969280
4.982627
4.995906
5.009247
5.022738
5.035993
5.049370
5.062793
5.076176
5.089592
5.102901
5.116236
5.129707
5.143042
5.156446
5.169596
5.183003
5.196249
5.209671
5.223076
5.236196
5.249690
5.262834
5.276178
5.289400
5.302648
5.316121
5.329130
5.342460
5.355666
5.368888
5.381975
5.395223
5.408271
5.421442
5.434426
5.447633
5.460912
5.473831
5.486953
5.500052
5.513043
5.526241
5.539310
5.552217
5.565420
5.578423
5.591444
5.604548
5.617809
5.630590
5.643638
5.656752
5.669905
5.682815
5.695967
5.709066
5.722162
5.735162
5.748149
5.761263
5.774386
5.787368
5.800422
5.813527
5.826544
5.839544
5.852739
5.865628
5.878751
5.891813
5.904741
5.917675
5.930771
5.943732
5.956693
5.969723
5.982639
5.995660
6.008642
6.021495
6.034465
6.047321
6.060222
6.073039
6.086078
6.098889
6.111622
6.124739
6.137367
6.150178
6.162939
6.175771
6.188570
6.201318
6.214021
6.226790
6.239554
6.252113
6.264909
6.277631
0.007086
0.019651
0.032303
0.045196
0.057821
0.070416
0.083188
0.095844
0.108568
0.121092
0.134047
0.146546
0.159055
0.172064
0.184563
0.197266
0.210054
0.222691
0.235214
0.247981
0.260747
0.273384
0.286036
0.298791
0.311452
0.324056
0.336877
0.349562
0.362064
0.374813
0.387594
0.399938
0.412866
0.425380
0.438062
0.450658
0.463316
0.475897
0.488540
0.501078
0.513815
0.526203
0.538946
0.551388
0.564026
0.576603
0.589079
0.601650
0.614174
0.626748
0.639092
0.651537
0.664127
0.676734
0.689111
0.701580
0.714083
0.726568
0.738792
0.751381
0.763866
0.776176
0.788769
0.801053
0.813525
0.826136
0.838398
0.850586
0.863302
0.875561
0.888079
0.900468
0.912931
0.925308
0.937832
0.950313
0.962699
0.975267
0.987653
1.000129
1.012658
1.025092
1.037684
1.050205
1.062584
1.075027
1.087694
1.100332
1.112624
1.125259
1.137887
1.150261
1.162898
1.175356
1.187822
1.200418
1.212911
1.225393
1.237952
1.250446
1.262969
1.275622
1.287993
1.300678
1.313171
1.325557
1.338042
1.350622
1.363053
1.375543
1.388118
1.400611
1.413000
1.425610
1.438017
1.450259
1.462920
1.475174
1.487629
1.500239
1.512628
1.525035
1.537492
1.549908
1.562326
1.574778
1.587137
1.599564
1.612217
1.624513
1.636916
1.649437
1.661921
1.674292
1.686950
1.699294
1.711767
1.724509
1.736697
1.749574
1.761936
1.774321
1.787013
1.799419
1.812120
1.824556
1.837104
1.849681
1.862184
1.874743
1.887306
1.899871
1.912365
1.924912
1.937559
1.950079
1.962633
1.975240
1.987871
2.000326
2.012837
2.025511
2.038109
2.050669
2.063129
2.075548
2.088218
2.100625
2.113259
2.125549
2.138052
2.150500
2.163081
2.175508
2.187975
2.200501
2.212833
2.225327
2.237859
2.249913
2.262511
2.274959
2.287189
2.299530
2.311937
2.324212
2.336738
2.348824
2.361186
2.373443
2.385792
2.398058
2.410549
2.422830
2.435105
2.447394
2.459741
2.472010
2.484402
2.496742
2.509008
2.521274
2.533702
2.545851
2.558177
2.570694
2.582849
2.595172
2.607635
2.619869
2.632284
2.644532
2.656795
2.669136
2.681557
2.693736
2.706002
2.718367
2.730600
2.742857
2.755182
2.767463
2.779732
2.792028
2.804321
2.816541
2.828849
2.840998
2.853246
2.865611
2.877880
2.889933
2.902094
2.914258
2.926515
2.938655
2.950729
2.962995
2.975174
2.987140
2.999322
3.011396
3.023476
3.035616
3.047531
3.059654
3.071698
3.083871
3.095747
3.107737
3.119838
3.131814
3.143705
3.155707
3.167649
3.179640
3.191663
3.203581
3.215559
3.227609
3.239603
3.251470
3.263556
3.275426
3.287522
3.299395
3.311415
3.323390
3.335351
3.347176
3.359382
3.371306
3.383195
3.395401
3.407277
3.419333
3.431140
3.443254
3.455196
3.467045
3.479101
3.491020
3.502992
3.515003
3.526930
3.538804
3.550671
3.562568
3.574571
3.586495
3.598323
3.610305
3.622214
3.634138
3.646105
3.657885
3.669666
3.681431
3.693592
3.705010
3.717033
3.728865
3.740537
3.752303
3.764164
3.775957
3.787659
3.799520
3.811157
3.822890
3.834709
3.846331
3.858094
3.869748
3.881403
3.893159
3.904928
3.916412
3.928123
3.939715
3.951460
3.963192
3.974775
3.986439
3.998120
4.009820
4.021453
4.033141
4.044877
4.056499
4.068183
4.079934
4.091606
4.103246
4.115137
4.126672
4.138276
4.150224
4.161753
4.173482
4.185368
4.197118
4.208656
4.220547
4.232166
4.243890
4.255682
4.267382
4.279117
4.290892
4.302645
4.314417
4.326147
4.337813
4.349561
4.361443
4.373097
4.384803
4.396646
4.408352
4.420088
4.431730
4.443400
4.455016
4.466976
4.478621
4.490330
4.502039
4.513658
4.525381
4.537107
4.548717
4.560378
4.572125
4.583657
4.595402
4.607131
4.618649
4.630258
4.642047
4.653411
4.665291
4.676874
4.688433
4.699967
4.711730
4.723321
4.734838
4.746586
4.758076
4.769715
4.781370
4.793034
4.804698
4.816316
4.827974
4.839676
4.851361
4.862860
4.874536
4.886280
4.897908
4.909563
4.921223
4.933153
4.944574
4.956622
4.967986
4.979892
4.991559
5.003222
5.014934
5.026813
5.038375
5.050098
5.061903
5.073596
5.085272
5.096996
5.108654
5.120434
5.132187
5.143842
5.155602
5.167292
5.178875
5.190526
5.202274
5.213863
5.225580
5.237175
5.248794
5.260443
5.272214
5.283692
5.295331
5.307109
5.318557
5.330017
5.341692
5.353170
5.364768
5.376321
5.387706
5.399229
5.410979
5.422152
5.433708
5.445194
5.456621
5.468135
5.479607
5.490992
5.502365
5.513909
5.525132
5.536721
5.548112
5.559458
5.570855
5.582378
5.593688
5.605154
5.616428
5.627939
5.639267
5.650721
5.662076
5.673467
5.684912
5.696366
5.707733
5.719037
5.730494
5.741915
5.753300
5.764622
5.776142
5.787392
5.798762
5.810237
5.821559
5.832887
5.844296
5.855678
5.866964
5.878385
5.889770
5.901026
5.912385
5.923667
5.935047
5.946483
5.957721
5.969001
5.980218
5.991516
6.002841
6.014103
6.025231
6.036604
6.047836
6.059059
6.070244
6.081485
6.092636
6.103776
6.115041
6.126291
6.137307
6.148621
6.159646
6.170770
6.181984
6.193007
6.204173
6.215322
6.226257
6.237435
6.248413
6.259361
6.270491
6.281654
0.009456
0.020517
0.031426
0.042502
0.053581
0.064496
0.075549
0.086589
0.097647
0.108619
0.119630
0.130805
0.141704
0.152727
0.163725
0.174961
0.185833
0.197000
0.208007
0.219000
0.230001
0.240991
0.252067
0.263174
0.274295
0.284988
0.296250
0.307126
0.318124
0.329192
0.340169
0.351090
0.362256
0.373141
0.384277
0.395297
0.406253
0.417291
0.428178
0.439246
0.450127
0.461159
0.472065
0.483183
0.494056
0.504904
0.515852
0.526838
0.537702
0.548692
0.559549
0.570536
0.581346
0.592156
0.603175
0.614063
0.624828
0.635634
0.646576
0.657362
0.668159
0.679035
0.689860
0.700634
0.711396
0.722400
0.732886
0.743774
0.754503
0.765253
0.776182
0.786833
0.797724
0.808486
0.819206
0.829890
0.840801
0.851398
0.862280
0.872928
0.883765
0.894392
0.905181
0.916191
0.926854
0.937661
0.948396
0.959256
0.970021
0.980846
0.991671
1.002468
1.013290
1.024055
1.034913
1.045773
1.056490
1.067366
1.078416
1.089036
1.099912
1.110791
1.121595
1.132371
1.143235
1.154090
1.164891
1.175754
1.186579
1.197437
1.208279
1.219116
1.229947
1.240781
1.251668
1.262442
1.273426
1.284206
1.294958
1.305825
1.316578
1.327421
1.338212
1.349010
1.359727
1.370660
1.381398
1.392174
1.403110
1.413635
1.424613
1.435333
1.445975
1.456970
1.467561
1.478332
1.489121
1.499895
1.510716
1.521254
1.532243
1.542651
1.553554
1.564280
1.574916
1.585702
1.596377
1.607105
1.617843
1.628527
1.639445
1.650180
1.660966
1.671554
1.682426
1.693254
1.704115
1.714868
1.725600
1.736316
1.747222
1.758083
1.768755
1.779642
1.790488
1.801109
1.812186
1.822884
1.833688
1.844513
1.855461
1.866202
1.877026
1.887995
1.898655
1.909516
1.920430
1.931186
1.942086
1.952892
1.963759
1.974512
1.985406
1.996176
2.006992
2.017856
2.028555
2.039374
2.050528
2.061185
2.071893
2.082631
2.093575
2.104253
2.115117
2.125957
2.136664
2.147390
2.158122
2.168875
2.179700
2.190291
2.201149
2.211782
2.222486
2.233054
2.243956
2.254490
2.265079
2.275771
2.286584
2.297142
2.307757
2.318321
2.328981
2.339605
2.350106
2.360749
2.371468
2.382020
2.392516
2.403170
2.413716
2.424286
2.434916
2.445531
2.456173
2.466767
2.477238
2.487817
2.498435
2.509056
2.519477
2.530202
2.540770
2.551337
2.561952
2.572489
2.583029
2.593785
2.604310
2.614766
2.625507
2.636044
2.646572
2.657214
2.667709
2.678372
2.689047
2.699546
2.710110
2.720608
2.731184
2.741676
2.752321
2.762825
2.773206
2.783932
2.794461
2.804992
2.815337
2.825988
2.836483
2.847005
2.857438
2.867930
2.878473
2.888791
2.899412
2.909833
2.920253
2.930706
2.941087
2.951556
2.961973
2.972318
2.982721
2.993165
3.003486
3.013844
3.024228
3.034547
3.044886
3.055252
3.065550
3.075874
3.086220
3.096349
3.106751
3.117088
3.127164
3.137524
3.147878
3.158080
3.168255
3.178567
3.188874
3.199030
3.209342
3.219436
3.229908
3.240118
3.250418
3.260569
3.270822
3.281041
3.291351
3.301651
3.311886
3.321991
3.332361
3.342514
3.352728
3.363022
3.373329
3.383482
3.393822
3.404029
3.414282
3.424507
3.434673
3.444991
3.455199
3.465481
3.475644
3.485854
3.496041
3.506237
3.516558
3.526682
3.536970
3.547022
3.557313
3.567518
3.577755
3.587753
3.598090
3.608141
3.618415
3.628347
3.638767
3.648729
3.658817
3.668985
3.679049
3.689230
3.699332
3.709384
3.719412
3.729518
3.739522
3.749585
3.759685
3.769740
3.779759
3.789759
3.799742
3.809767
3.819762
3.829754
3.839764
3.849797
3.859633
3.869545
3.879755
3.889495
3.899427
3.909440
3.919354
3.929340
3.939301
3.949138
3.959115
3.969011
3.978889
3.988779
3.998830
4.008660
4.018574
4.028659
4.038456
4.048427
4.058413
4.068162
4.078286
4.088170
4.098057
4.108043
4.118058
4.127981
4.137847
4.147839
4.157699
4.167724
4.177587
4.187600
4.197577
4.207532
4.217458
4.227501
4.237283
4.247293
4.257303
4.267298
4.277200
4.287225
4.297174
4.307172
4.317065
4.327108
4.336947
4.346942
4.356922
4.366704
4.376708
4.386577
4.396574
4.406435
4.416541
4.426322
4.436380
4.446196
4.456217
4.466119
4.476051
4.485947
4.495765
4.505643
4.515584
4.525354
4.535250
4.545125
4.554982
4.564926
4.574744
4.584550
4.594437
4.604225
4.614047
4.623919
4.633709
4.643459
4.653369
4.663269
4.672958
4.682806
4.692519
4.702457
4.712164
4.721899
4.731645
4.741481
4.751407
4.761189
4.771049
4.780744
4.790541
4.800404
4.810144
4.819953
4.829840
4.839643
4.849441
4.859387
4.869125
4.878988
4.888782
4.898582
4.908436
4.918389
4.928075
4.937950
4.947828
4.957613
4.967452
4.977342
4.987205
4.996984
5.006841
5.016654
5.026582
5.036386
5.046309
5.056115
5.066022
5.075724
5.085712
5.095462
5.105244
5.115110
5.124925
5.134779
5.144585
5.154427
5.164185
5.174012
5.183836
5.193606
5.203380
5.213201
5.223022
5.232573
5.242604
5.252110
5.262066
5.271702
5.281469
5.291089
5.301027
5.310573
5.320319
5.330008
5.339632
5.349249
5.358986
5.368573
5.378218
5.387880
5.397488
5.407105
5.416759
5.426313
5.435985
5.445566
5.455070
5.464642
5.474310
5.483766
5.493287
5.502874
5.512447
5.522061
5.531454
5.540954
5.550497
5.560048
5.569651
5.579064
5.588610
5.597993
5.607632
5.617114
5.626596
5.636118
5.645711
5.655161
5.664698
5.674156
5.683597
5.693154
5.702642
5.712113
5.721650
5.731159
5.740665
5.750136
5.759669
5.769020
5.778656
5.788156
5.797515
5.807001
5.816625
5.825981
5.835425
5.844967
5.854336
5.863773
5.873229
5.882648
5.892134
5.901587
5.910811
5.920411
5.929744
5.939004
5.948562
5.957969
5.967329
5.976727
5.986231
5.995357
6.004708
6.014112
6.023487
6.032826
6.042194
6.051444
6.060977
6.070133
6.079576
6.088816
6.097933
6.107356
6.116664
6.125805
6.135231
6.144273
6.153546
6.162816
6.172080
6.181281
6.190422
6.199664
6.208823
6.218015
6.227147
6.236552
6.245477
6.254789
6.263726
6.273016
6.282104
0.008107
0.017164
0.026290
0.035437
0.044599
0.053692
0.062827
0.072022
0.080989
0.090217
0.099193
0.108382
0.117520
0.126634
0.135781
0.144874
0.153910
0.163045
0.172300
0.181213
0.190441
0.199627
0.208627
0.217783
0.226861
0.235996
0.245146
0.254206
0.263308
0.272443
0.281473
0.290623
0.299770
0.308905
0.317930
0.327058
0.336098
0.345203
0.354421
0.363461
0.372539
0.381614
0.390629
0.399656
0.408791
0.417803
0.426833
0.435935
0.444980
0.453974
0.463130
0.472259
0.481146
0.490185
0.499221
0.508215
0.517218
0.526203
0.535218
0.544300
0.553270
0.562276
0.571249
0.580171
0.589132
0.598154
0.606995
0.616100
0.624899
0.633930
0.642744
0.651792
0.660741
0.669628
0.678592
0.687457
0.696227
0.705254
0.714161
0.722972
0.731916
0.740646
0.749517
0.758637
0.767386
0.776236
0.785141
0.794027
0.802829
0.811731
0.820548
0.829398
0.838276
0.847090
0.855973
0.864926
0.873641
0.882509
0.891417
0.900201
0.909105
0.917992
0.926815
0.935689
0.944531
0.953435
0.962294
0.971345
0.980070
0.988905
0.997846
1.006747
1.015612
1.024457
1.033376
1.042268
1.051058
1.059978
1.068864
1.077804
1.086601
1.095505
1.104394
1.113373
1.122194
1.131140
1.139993
1.148871
1.157787
1.166685
1.175670
1.184380
1.193365
1.202162
1.211096
1.219961
1.228895
1.237743
1.246602
1.255587
1.264381
1.273234
1.282159
1.291079
1.299887
1.308671
1.317639
1.326453
1.335285
1.344154
1.352938
1.361884
1.370726
1.379390
1.388384
1.397079
1.405941
1.414750
1.423618
1.432340
1.441148
1.450067
1.458624
1.467558
1.476349
1.485004
1.493980
1.502690
1.511426
1.520268
1.529049
1.537846
1.546513
1.555337
1.564064
1.572807
1.581588
1.590247
1.599175
1.607956
1.616567
1.625328
1.634283
1.642866
1.651876
1.660453
1.669274
1.678070
1.686914
1.695666
1.704441
1.713262
1.722130
1.730849
1.739597
1.748412
1.757214
1.766070
1.774912
1.783576
1.792480
1.801349
1.810151
1.818960
1.827816
1.836594
1.845508
1.854202
1.862984
1.871957
1.880813
1.889424
1.898415
1.907041
1.916026
1.924936
1.933607
1.942451
1.951188
1.960095
1.968873
1.977724
1.986511
1.995364
2.004140
2.012918
2.021718
2.030565
2.039302
2.048191
2.056960
2.065724
2.074389
2.083215
2.091960
2.100751
2.109550
2.118290
2.127077
2.135739
2.144508
2.153239
2.161972
2.170610
2.179376
2.188128
2.196918
2.205424
2.214262
2.222741
2.231534
2.240217
2.248852
2.257486
2.266241
2.274792
2.283405
2.292154
2.300735
2.309306
2.318019
2.326566
2.335144
2.343767
2.352306
2.360871
2.369611
2.377997
2.386703
2.395269
2.403811
2.412326
2.421080
2.429565
2.438134
2.446717
2.455277
2.463843
2.472435
2.480956
2.489516
2.498142
2.506671
2.515225
2.523878
2.532411
2.540925
2.549536
2.558141
2.566718
2.575245
2.583730
2.592320
2.600900
2.609406
2.617948
2.626541
2.635064
2.643645
2.652226
2.660804
2.669384
2.677767
2.686312
2.694926
2.703452
2.711919
2.720542
2.729015
2.737491
2.746068
2.754544
2.763038
2.771661
2.780041
2.788576
2.797052
2.805468
2.814001
2.822492
2.830911
2.839461
2.847859
2.856362
2.864655
2.873347
2.881535
2.890170
2.898526
2.906900
2.915372
2.923746
2.932129
2.940491
2.949090
2.957281
2.965655
2.974143
2.982523
2.990759
2.999292
3.007450
3.015944
3.024207
3.032479
3.040760
3.049209
3.057307
3.065828
3.074047
3.082283
3.090600
3.098788
3.107114
3.115371
3.123670
3.131861
3.140178
3.148439
3.156606
3.164923
3.173111
3.181302
3.189512
3.197739
3.206008
3.214304
3.222411
3.230740
3.238917
3.247165
3.255347
3.263670
3.271918
3.280067
3.288312
3.296528
3.304719
3.312973
3.321251
3.329269
3.337544
3.345795
3.354061
3.362159
3.370470
3.378685
3.386781
3.395134
3.403235
3.411423
3.419591
3.427812
3.436021
3.444242
3.452356
3.460496
3.468753
3.476893
3.485121
3.493261
3.501398
3.509610
3.517739
3.525822
3.533974
3.542144
3.550315
3.558410
3.566487
3.574744
3.582732
3.590923
3.598983
3.607078
3.615173
3.623227
3.631364
3.639385
3.647579
3.655605
3.663661
3.671691
3.679732
3.687885
3.695866
3.703833
3.711865
3.719867
3.727927
3.735938
3.743812
3.751883
3.759868
3.767801
3.775705
3.783758
3.791689
3.799646
3.807589
3.815391
3.823381
3.831363
3.839164
3.847041
3.855079
3.862863
3.870983
3.878754
3.886637
3.894454
3.902399
3.910225
3.918066
3.926020
3.933786
3.941627
3.949506
3.957335
3.965235
3.973115
3.980899
3.988751
3.996628
4.004394
4.012357
4.020090
4.027892
4.035813
4.043645
4.051426
4.059312
4.067206
4.074951
4.082837
4.090618
4.098500
4.106320
4.114166
4.121848
4.129866
4.137610
4.145367
4.153205
4.161082
4.168976
4.176760
4.184565
4.192451
4.200243
4.208129
4.215823
4.223723
4.231636
4.239422
4.247227
4.255071
4.262908
4.270713
4.278518
4.286371
4.294151
4.302046
4.309776
4.317662
4.325442
4.333202
4.340983
4.348877
4.356679
4.364526
4.372208
4.379941
4.387790
4.395601
4.403376
4.411073
4.419015
4.426724
4.434418
4.442225
4.449907
4.457709
4.465364
4.473250
4.480935
4.488724
4.496289
4.504151
4.511911
4.519581
4.527248
4.535049
4.542707
4.550353
4.558062
4.565768
4.573420
4.581240
4.588784
4.596463
4.604219
4.611752
4.619523
4.627082
4.634821
4.642461
4.650059
4.657684
4.665336
4.673072
4.680568
4.688187
4.695889
4.703416
4.711008
4.718729
4.726240
4.733766
4.741475
4.749028
4.756629
4.764254
4.771804
4.779477
4.787158
4.794571
4.802271
4.809812
4.817593
4.825079
4.832774
4.840293
4.847907
4.855577
4.863177
4.870646
4.878487
4.885990
4.893555
4.901191
4.908753
4.916364
4.924060
4.931646
4.939193
4.946797
4.954411
4.962048
4.969655
4.977237
4.984814
4.992418
4.999974
5.007581
5.015155
5.022717
5.030373
5.037904
5.045464
5.052975
5.060734
5.068129
5.075781
5.083385
5.090872
5.098494
5.106032
5.113552
5.121096
5.128724
5.136223
5.143758
5.151308
5.158807
5.166405
5.173899
5.181374
5.188894
5.196444
5.203985
5.211352
5.218911
5.226371
5.233927
5.241295
5.248887
5.256260
5.263756
5.271079
5.278688
5.285969
5.293516
5.300838
5.308206
5.315717
5.323081
5.330503
5.337834
5.345222
5.352565
5.359972
5.367279
5.374634
5.381966
5.389312
5.396544
5.404044
5.411279
5.418506
5.425840
5.433129
5.440461
5.447789
5.455063
5.462230
5.469609
5.476920
5.484089
5.491343
5.498623
5.505882
5.513055
5.520255
5.527583
5.534810
5.542021
5.549205
5.556471
5.563655
5.570888
5.578091
5.585311
5.592502
5.599677
5.606904
5.614082
5.621264
5.628484
5.635579
5.642814
5.649984
5.657168
5.664284
5.671502
5.678614
5.685883
5.693028
5.700222
5.707346
5.714588
5.721679
5.728759
5.736007
5.743074
5.750244
5.757350
5.764520
5.771591
5.778751
5.785849
5.792899
5.800170
5.807211
5.814384
5.821496
5.828513
5.835733
5.842840
5.849902
5.857077
5.864073
5.871153
5.878361
5.885465
5.892509
5.899495
5.906611
5.913661
5.920767
5.927832
5.934837
5.941860
5.948948
5.955989
5.962988
5.970109
5.976983
5.984122
5.991091
5.998114
6.005058
6.012207
6.019011
6.026100
6.033072
6.040020
6.046943
6.053975
6.060875
6.067844
6.074765
6.081728
6.088705
6.095638
6.102514
6.109402
6.116374
6.123235
6.130132
6.137089
6.143977
6.150823
6.157711
6.164577
6.171444
6.178339
6.185172
6.192093
6.198981
6.205827
6.212496
6.219507
6.226140
6.233145
6.239934
6.246714
6.253489
6.260304
6.267097
6.273889
6.280716
0.004266
0.011052
0.017937
0.024735
0.031384
0.038314
0.044944
0.051757
0.058510
0.065305
0.072028
0.078814
0.085537
0.092308
0.099086
0.105812
0.112574
0.119378
0.126158
0.132914
0.139670
0.146339
0.153218
0.159867
0.166641
0.173289
0.180174
0.186813
0.193560
0.200358
0.207054
0.213751
0.220576
0.227284
0.233968
0.240769
0.247471
0.254149
0.260962
0.267590
0.274346
0.281102
0.287795
0.294461
0.301256
0.307848
0.314664
0.321336
0.328011
0.334692
0.341458
0.348187
0.354742
0.361453
0.368308
0.374852
0.381554
0.388211
0.394892
0.401627
0.408255
0.414927
0.421623
0.428169
0.435009
0.441529
0.448201
0.454927
0.461569
0.468179
0.474800
0.481460
0.488132
0.494697
0.501291
0.507918
0.514534
0.521149
0.527725
0.534329
0.540974
0.547556
0.554097
0.560757
0.567318
0.573892
0.580486
0.587092
0.593624
0.600170
0.606701
0.613224
0.619818
0.626302
0.632836
0.639412
0.645965
0.652493
0.659013
0.665526
0.672099
0.678622
0.685147
0.691610
0.698090
0.704612
0.711123
0.717690
0.724087
0.730555
0.737060
0.743522
0.750009
0.756495
0.762931
0.769378
0.775898
0.782360
0.788772
0.795267
0.801748
0.808090
0.814559
0.820964
0.827463
0.833937
0.840307
0.846820
0.853364
0.859700
0.866139
0.872670
0.879100
0.885535
0.891995
0.898370
0.904821
0.911283
0.917698
0.924140
0.930608
0.937017
0.943455
0.949909
0.956413
0.962756
0.969287
0.975693
0.982083
0.988666
0.995026
1.001444
1.007900
1.014345
1.020837
1.027174
1.033657
1.040075
1.046540
1.052955
1.059432
1.065898
1.072286
1.078718
1.085187
1.091532
1.098055
1.104508
1.110899
1.117319
1.123776
1.130190
1.136650
1.143109
1.149437
1.155887
1.162356
1.168705
1.175101
1.181606
1.187984
1.194420
1.200762
1.207195
1.213627
1.220042
1.226376
1.232859
1.239211
1.245571
1.252043
1.258362
1.264800
1.271200
1.277572
1.283960
1.290329
1.296666
1.303096
1.309408
1.315802
1.322214
1.328562
1.334935
1.341274
1.347593
1.354032
1.360359
1.366699
1.373003
1.379333
1.385703
1.392025
1.398349
1.404695
1.411023
1.417359
1.423750
1.430036
1.436306
1.442661
1.448968
1.455217
1.461581
1.467828
1.474156
1.480411
1.486667
1.492974
1.499331
1.505503
1.511813
1.518123
1.524348
1.530601
1.536905
1.543155
1.549455
1.555756
1.561913
1.568178
1.574428
1.580644
1.586888
1.593180
1.599409
1.605676
1.611935
1.618188
1.624420
1.630693
1.636952
1.643199
1.649506
1.655705
1.661894
1.668231
1.674511
1.680719
1.687025
1.693224
1.699465
1.705751
1.711974
1.718232
1.724512
1.730801
1.736985
1.743381
1.749514
1.755749
1.762097
1.768275
1.774552
1.780814
1.787052
1.793310
1.799578
1.805810
1.812048
1.818456
1.824484
1.830800
1.837086
1.843300
1.849600
1.855841
1.862058
1.868338
1.874542
1.880849
1.886970
1.893283
1.899464
1.905767
1.912005
1.918201
1.924415
1.930686
1.936920
1.943119
1.949417
1.955592
1.961827
1.968106
1.974281
1.980468
1.986700
1.992878
1.999071
2.005350
2.011549
2.017700
2.023935
2.030125
2.036383
2.042561
2.048706
2.054950
2.061122
2.067270
2.073493
2.079584
2.085821
2.091924
2.098120
2.104253
2.110398
2.116600
2.122706
2.128866
2.135020
2.141093
2.147297
2.153421
2.159545
2.165597
2.171769
2.177869
2.183978
2.190120
2.196130
2.202248
2.208330
2.214433
2.220497
2.226531
2.232595
2.238719
2.244789
2.250763
2.256821
2.262903
2.268964
2.274962
2.281071
2.287072
2.293169
2.299075
2.305142
2.311095
2.317186
2.323154
2.329125
2.335138
2.341136
2.347147
2.353144
2.359116
2.365198
2.371157
2.377086
2.383057
2.389043
2.394975
2.401018
2.406897
2.412847
2.418923
2.424852
2.430814
2.436794
2.442694
2.448710
2.454624
2.460598
2.466590
2.472486
2.478449
2.484306
2.490286
2.496266
2.502225
2.508121
2.514039
2.520019
2.525951
2.531964
2.537833
2.543796
2.549776
2.555615
2.561589
2.567491
2.573415
2.579344
2.585270
2.591190
2.597080
2.603052
2.608939
2.614856
2.620794
2.626673
2.632596
2.638537
2.644343
2.650272
2.656238
2.662080
2.668066
2.673944
2.679769
2.685662
2.691567
2.697433
2.703351
2.709214
2.715131
2.720964
2.726831
2.732679
2.738596
2.744498
2.750329
2.756207
2.762094
2.767892
2.773773
2.779645
2.785356
2.791297
2.797160
2.802918
2.808767
2.814663
2.820415
2.826294
2.832136
2.837912
2.843713
2.849549
2.855350
2.861138
2.867031
2.872741
2.878467
2.884360
2.890065
2.895874
2.901683
2.907427
2.913191
2.918953
2.924720
2.930464
2.936228
2.941968
2.947727
2.953539
2.959187
2.964915
2.970671
2.976342
2.982023
2.987907
2.993515
2.999262
3.004913
3.010575
3.016325
3.022098
3.027707
3.033366
3.039014
3.044811
3.050426
3.056064
3.061775
3.067401
3.073142
3.078643
3.084254
3.090064
3.095567
3.101221
3.106874
3.112498
3.118107
3.123739
3.129360
3.135070
3.140547
3.146183
3.151776
3.157394
3.162964
3.168593
3.174121
3.179678
3.185245
3.190932
3.196432
3.202044
3.207593
3.213189
3.218807
3.224332
3.229898
3.235483
3.241068
3.246640
3.252171
3.257711
3.263385
3.268898
3.274453
3.279932
3.285610
3.291030
3.296699
3.302241
3.307742
3.313252
3.318812
3.324424
3.329865
3.335426
3.341031
3.346550
3.352027
3.357527
3.363157
3.368658
3.374192
3.379668
3.385205
3.390634
3.396141
3.401671
3.407184
3.412688
3.418212
3.423773
3.429088
3.434694
3.440120
3.445611
3.451133
3.456643
3.462072
3.467566
3.472968
3.478388
3.483928
3.489378
3.494771
3.500350
3.505673
3.511219
3.516621
3.522086
3.527407
3.532833
3.538318
3.543654
3.549194
3.554458
3.559941
3.565298
3.570691
3.576153
3.581450
3.586917
3.592221
3.597643
3.602946
3.608333
3.613720
3.619017
3.624404
3.629737
3.635079
3.640370
3.645727
3.651051
3.656312
3.661735
3.666993
3.672332
3.677602
3.682881
3.688223
3.693517
3.698769
3.704018
3.709351
3.714573
3.719831
3.725108
3.730276
3.735564
3.740804
3.745999
3.751224
3.756566
3.761710
3.766971
3.772131
3.777371
3.782533
3.787872
3.792947
3.798106
3.803311
3.808470
3.813647
3.818842
3.823992
3.829161
3.834329
3.839431
3.844623
3.849750
3.854894
3.860053
3.865230
3.870329
3.875381
3.880522
3.885582
3.890697
3.895784
3.900958
3.906021
3.911097
3.916184
3.921265
3.926374
3.931425
3.936494
3.941653
3.946603
3.951717
3.956781
3.961829
3.966910
3.971986
3.977016
3.982079
3.987173
3.992179
3.997251
4.002279
4.007339
4.012361
4.017394
4.022412
4.027491
4.032581
4.037602
4.042576
4.047594
4.052619
4.057631
4.062685
4.067626
4.072677
4.077737
4.082777
4.087735
4.092730
4.097709
4.102718
4.107740
4.112699
4.117783
4.122678
4.127729
4.132616
4.137682
4.142584
4.147587
4.152636
4.157486
4.162502
4.167511
4.172533
4.177377
4.182399
4.187327
4.192351
4.197277
4.202253
4.207185
4.212101
4.217012
4.222075
4.226983
4.231899
4.236771
4.241768
4.246628
4.251584
4.256521
4.261395
4.266438
4.271292
4.276274
4.281143
4.286062
4.290958
4.295889
4.300779
4.305626
4.310549
4.315484
4.320325
4.325194
4.330119
4.334979
4.339862
4.344773
4.349674
4.354546
4.359394
4.364256
4.369179
4.374077
4.378838
4.383722
4.388602
4.393327
4.398208
4.403073
4.407885
4.412759
4.417547
4.422317
4.427230
4.431994
4.436767
4.441629
4.446450
4.451181
4.455975
4.460780
4.465574
4.470316
4.475095
4.479853
4.484635
4.489398
4.494174
4.498932
4.503627
4.508448
4.513094
4.517852
4.522544
4.527277
4.531988
4.536745
4.541449
4.546198
4.550845
4.555548
4.560297
4.564956
4.569627
4.574343
4.579020
4.583694
4.588349
4.593002
4.597697
4.602365
4.607024
4.611715
4.616284
4.620991
4.625578
4.630192
4.634893
4.639459
4.644157
4.648705
4.653286
4.657992
4.662505
4.667226
4.671748
4.676394
4.680957
4.685562
4.690140
4.694682
4.699287
4.703838
4.708413
4.712955
4.717512
4.722075
4.726641
4.731168
4.735764
4.740306
4.744848
4.749378
4.753959
4.758444
4.763052
4.767543
4.772031
4.776651
4.781116
4.785589
4.790184
4.794703
4.799212
4.803721
4.808200
4.812706
4.817236
4.821757
4.826230
4.830745
4.835269
4.839736
4.844266
4.848659
4.853162
4.857620
4.862105
4.866587
4.871036
4.875521
4.879976
4.884405
4.888872
4.893336
4.897830
4.902207
4.906635
4.911108
4.915507
4.919923
4.924384
4.928812
4.933246
4.937675
4.942058
4.946483
4.950929
4.955288
4.959707
4.964141
4.968537
4.972929
4.977345
4.981699
4.986091
4.990534
4.994872
4.999238
5.003656
5.008019
5.012339
5.016752
5.021081
5.025453
5.029836
5.034139
5.038468
5.042881
5.047184
5.051518
5.055905
5.060201
5.064567
5.068863
5.073156
5.077503
5.081824
5.086111
5.090435
5.094728
5.099072
5.103350
5.107602
5.111829
5.116191
5.120476
5.124742
5.129068
5.133287
5.137515
5.141778
5.146047
5.150262
5.154490
5.158741
5.162981
5.167205
5.171421
5.175654
5.179891
5.184112
5.188273
5.192480
5.196695
5.200911
5.205058
5.209225
5.213419
5.217578
5.221757
5.225913
5.230062
5.234263
5.238377
5.242514
5.246661
5.250765
5.254954
5.259106
5.263199
5.267306
5.271453
5.275510
5.279662
5.283749
5.287827
5.291856
5.295988
5.300047
5.304107
5.308203
5.312284
5.316337
5.320370
5.324405
5.328450
5.332522
5.336522
5.340533
5.344575
5.348577
5.352622
5.356589
5.360586
5.364571
5.368603
5.372594
5.376606
5.380560
5.384551
5.388521
5.392509
5.396437
5.400388
5.404355
5.408313
5.412217
5.416186
5.420090
5.424000
5.427934
5.431874
5.435745
5.439610
5.443571
5.447450
5.451369
5.455171
5.459120
5.462994
5.466871
5.470751
5.474592
5.478394
5.482292
5.486175
5.490006
5.493782
5.497670
5.501529
5.505298
5.509205
5.512947
5.516839
5.520674
5.524458
5.528251
5.532071
5.535876
5.539678
5.543483
5.547216
5.550997
5.554856
5.558607
5.562415
5.566160
5.569902
5.573716
5.577494
5.581254
5.585021
5.588745
5.592486
5.596250
5.600025
5.603755
5.607461
5.611230
5.614930
5.618693
5.622423
5.626168
5.629848
5.633601
5.637313
5.641002
5.644708
5.648423
5.652147
5.655874
5.659547
5.663199
5.666852
5.670582
5.674267
5.677880
5.681568
5.685217
5.688894
5.692573
5.696243
5.699868
5.703485
5.707172
5.710824
5.714456
5.718093
5.721679
5.725347
5.728924
5.732609
5.736141
5.739797
5.743410
5.747008
5.750576
5.754184
5.757752
5.761401
5.764964
5.768547
5.772121
5.775692
5.779270
5.782829
5.786400
5.789959
5.793531
5.797069
5.800575
5.804140
5.807702
5.811220
5.814752
5.818278
5.821799
5.825358
5.828887
5.832372
5.835892
5.839416
5.842885
5.846447
5.849878
5.853416
5.856855
5.860367
5.863872
5.867381
5.870883
5.874301
5.877822
5.881297
5.884785
5.888218
5.891712
5.895133
5.898609
5.902096
5.905518
5.909038
5.912408
5.915827
5.919335
5.922754
5.926172
5.929645
5.933057
5.936481
5.939912
5.943355
5.946758
5.950195
5.953601
5.957041
5.960408
5.963833
5.967233
5.970622
5.974058
5.977450
5.980835
5.984188
5.987546
5.990932
5.994332
5.997676
6.001035
6.004411
6.007779
6.011089
6.014475
6.017830
6.021189
6.024551
6.027799
6.031151
6.034465
6.037766
6.041077
6.044388
6.047776
6.051066
6.054358
6.057660
6.060974
6.064177
6.067493
6.070807
6.074076
6.077332
6.080568
6.083801
6.087111
6.090446
6.093607
6.096897
6.100132
6.103350
6.106613
6.109867
6.113120
6.116299
6.119534
6.122737
6.125943
6.129176
6.132385
6.135561
6.138745
6.142005
6.145133
6.148336
6.151589
6.154750
6.157932
6.161093
6.164257
6.167463
6.170620
6.173808
6.176954
6.180091
6.183246
6.186434
6.189535
6.192671
6.195856
6.198951
6.202160
6.205282
6.208413
6.211535
6.214660
6.217766
6.220903
6.224034
6.227159
6.230302
6.233382
6.236447
6.239551
6.242685
6.245782
6.248901
6.251985
6.255058
6.258126
6.261281
6.264325
6.267414
6.270497
6.273553
6.276648
6.279728
6.282766
0.002646
0.005749
0.008778
0.011816
0.014926
0.017937
0.020987
0.024034
0.027084
0.030158
0.033244
0.036270
0.039314
0.042391
0.045408
0.048410
0.051454
0.054438
0.057515
0.060502
0.063525
0.066575
0.069604
0.072582
0.075629
0.078664
0.081664
0.084672
0.087671
0.090664
0.093663
0.096701
0.099688
0.102723
0.105716
0.108664
0.111660
0.114722
0.117658
0.120660
0.123668
0.126664
0.129663
0.132614
0.135607
0.138568
0.141549
0.144503
0.147493
0.150504
0.153386
0.156370
0.159372
0.162269
0.165301
0.168208
0.171213
0.174182
0.177127
0.180084
0.183029
0.185971
0.188904
0.191855
0.194822
0.197713
0.200670
0.203603
0.206500
0.209427
0.212423
0.215342
0.218254
0.221175
0.224093
0.227017
0.229956
0.232862
0.235763
0.238690
0.241620
0.244529
0.247465
0.250329
0.253233
0.256157
0.258997
0.261918
0.264818
0.267725
0.270568
0.273489
0.276392
0.279280
0.282151
0.285057
0.287927
0.290812
0.293688
0.296568
0.299444
0.302284
0.305145
0.308028
0.310913
0.313765
0.316614
0.319460
0.322334
0.325216
0.328008
0.330914
0.333761
0.336613
0.339414
0.342266
0.345047
0.347902
0.350733
0.353550
0.356405
0.359257
0.362061
0.364881
0.367703
0.370495
0.373303
0.376125
0.378944
0.381734
0.384562
0.387351
0.390137
0.392924
0.395698
0.398481
0.401289
0.404096
0.406885
0.409663
0.412434
0.415164
0.418022
0.420769
0.423508
0.426339
0.429050
0.431807
0.434551
0.437295
0.440079
0.442829
0.445588
0.448318
0.451137
0.453798
0.456512
0.459328
0.462040
0.464766
0.467517
0.470261
0.472969
0.475732
0.478416
0.481119
0.483833
0.486586
0.489274
0.491991
0.494694
0.497393
0.500156
0.502807
0.505540
0.508203
0.510867
0.513635
0.516352
0.518992
0.521673
0.524358
0.527012
0.529694
0.532369
0.535030
0.537696
0.540372
0.543020
0.545675
0.548350
0.551056
0.553677
0.556380
0.559007
0.561650
0.564313
0.566932
0.569568
0.572196
0.574820
0.577466
0.580123
0.582721
0.585331
0.588015
0.590601
0.593225
0.595868
0.598444
0.601066
0.603702
0.606306
0.608924
0.611525
0.614096
0.616681
0.619282
0.621924
0.624444
0.627060
0.629639
0.632225
0.634810
0.637423
0.639979
0.642564
0.645138
0.647720
0.650315
0.652868
0.655420
0.657979
0.660541
0.663072
0.665634
0.668210
0.670733
0.673304
0.675835
0.678415
0.680932
0.683490
0.686034
0.688533
0.691088
0.693605
0.696113
0.698623
0.701173
0.703690
0.706236
0.708771
0.711252
0.713759
0.716243
0.718751
0.721259
0.723811
0.726289
0.728785
0.731286
0.733764
0.736281
0.738753
0.741212
0.743687
0.746195
0.748658
0.751141
0.753619
0.756115
0.758527
0.761049
0.763488
0.765942
0.768420
0.770864
0.773345
0.775814
0.778226
0.780673
0.783133
0.785572
0.788017
0.790452
0.792879
0.795324
0.797778
0.800205
0.802620
0.805100
0.807503
0.809921
0.812345
0.814786
0.817186
0.819619
0.822016
0.824413
0.826852
0.829210
0.831663
0.834045
0.836511
0.838875
0.841266
0.843662
0.846062
0.848447
0.850832
0.853235
0.855674
0.858056
0.860425
0.862828
0.865162
0.867532
0.869923
0.872287
0.874657
0.877065
0.879423
0.881814
0.884172
0.886503
0.888852
0.891240
0.893595
0.895977
0.898311
0.900701
0.903020
0.905378
0.907706
0.910031
0.912386
0.914723
0.917078
0.919397
0.921758
0.924101
0.926449
0.928771
0.931105
0.933397
0.935698
0.938017
0.940321
0.942637
0.945040
0.947296
0.949612
0.951901
0.954193
0.956464
0.958777
0.961105
0.963421
0.965728
0.968029
0.970357
0.972658
0.974917
0.977185
0.979456
0.981763
0.984052
0.986335
0.988669
0.990928
0.993217
0.995503
0.997768
1.000051
1.002301
1.004572
1.006828
1.009084
1.011355
1.013632
1.015915
1.018201
1.020400
1.022707
1.024915
1.027138
1.029376
1.031611
1.033840
1.036093
1.038367
1.040635
1.042891
1.045096
1.047343
1.049507
1.051736
1.053932
1.056158
1.058405
1.060640
1.062881
1.065113
1.067312
1.069505
1.071683
1.073897
1.076136
1.078341
1.080567
1.082790
1.084998
1.087221
1.089387
1.091565
1.093722
1.095906
1.098100
1.100266
1.102486
1.104679
1.106860
1.109044
1.111198
1.113361
1.115552
1.117709
1.119878
1.122044
1.124207
1.126367
1.128528
1.130682
1.132854
1.135032
1.137147
1.139298
1.141425
1.143529
1.145692
1.147858
1.150015
1.152151
1.154327
1.156436
1.158560
1.160699
1.162772
1.164834
1.167003
1.169103
1.171290
1.173387
1.175521
1.177627
1.179742
1.181818
1.183907
1.186037
1.188131
1.190204
1.192340
1.194447
1.196541
1.198611
1.200673
1.202761
1.204864
1.206898
1.208954
1.211063
1.213130
1.215218
1.217301
1.219371
1.221462
1.223541
1.225600
1.227625
1.229707
1.231721
1.233776
1.235870
1.237872
1.239888
1.241970
1.243984
1.246057
1.248055
1.250075
1.252124
1.254161
1.256150
1.258206
1.260234
1.262277
1.264315
1.266322
1.268303
1.270319
1.272290
1.274277
1.276323
1.278354
1.280353
1.282303
1.284358
1.286366
1.288367
1.290339
1.292349
1.294305
1.296295
1.298239
1.300231
1.302188
1.304186
1.306137
1.308111
1.310065
1.312021
1.313986
1.315922
1.317896
1.319847
1.321776
1.323742
1.325707
1.327642
1.329587
1.331534
1.333485
1.335417
1.337347
1.339276
1.341200
1.343129
1.345037
1.346955
1.348869
1.350787
1.352704
1.354646
1.356539
1.358436
1.360413
1.362268
1.364146
1.366052
1.367945
1.369824
1.371738
1.373623
1.375537
1.377392
1.379264
1.381164
1.383069
1.384909
1.386782
1.388678
1.390545
1.392423
1.394275
1.396132
1.397993
1.399841
1.401693
1.403548
1.405411
1.407263
1.409105
1.410945
1.412805
1.414648
1.416479
1.418309
1.420161
1.421982
1.423807
1.425652
1.427456
1.429284
1.431114
1.432909
1.434700
1.436534
1.438344
1.440129
1.441957
1.443770
1.445591
1.447428
1.449231
1.451011
1.452860
1.454633
1.456404
1.458178
1.459960
1.461755
1.463523
1.465311
1.467058
1.468861
1.470593
1.472391
1.474200
1.475947
1.477703
1.479474
1.481220
1.482988
1.484741
1.486493
1.488222
1.489990
1.491721
1.493480
1.495242
1.496982
1.498717
1.500455
1.502184
1.503903
1.505659
1.507385
1.509128
1.510848
1.512541
1.514276
1.516007
1.517715
1.519435
1.521116
1.522823
1.524564
1.526254
1.527941
1.529655
1.531338
1.533031
1.534748
1.536438
1.538121
1.539805
1.541519
1.543188
1.544853
1.546519
1.548182
1.549875
1.551541
1.553216
1.554827
1.556499
1.558171
1.559822
1.561488
1.563141
1.564795
1.566446
1.568082
1.569715
1.571339
1.572948
1.574586
1.576222
1.577825
1.579470
1.581121
1.582742
1.584395
1.586034
1.587655
1.589261
1.590921
1.592503
1.594094
1.595708
1.597311
1.598920
1.600535
1.602111
1.603684
1.605299
1.606887
1.608490
1.610102
1.611699
1.613280
1.614880
1.616432
1.617984
1.619578
1.621139
1.622745
1.624315
1.625870
1.627443
1.629025
1.630580
1.632153
1.633747
1.635298
1.636859
1.638393
1.639945
1.641491
1.643052
1.644589
1.646135
1.647675
1.649233
1.650719
1.652262
1.653793
1.655348
1.656894
1.658425
1.659914
1.661466
1.662973
1.664480
1.665990
1.667497
1.669034
1.670559
1.672036
1.673540
1.675083
1.676587
1.678112
1.679631
1.681114
1.682606
1.684062
1.685569
1.687016
1.688505
1.690000
1.691495
1.692976
1.694423
1.695879
1.697365
1.698884
1.700364
1.701820
1.703276
1.704765
1.706218
1.707623
1.709097
1.710565
1.712003
1.713427
1.714847
1.716336
1.717768
1.719185
1.720635
1.722130
1.723595
1.724997
1.726393
1.727847
1.729288
1.730657
1.732056
1.733458
1.734884
1.736295
1.737668
1.739076
1.740523
1.741919
1.743327
1.744711
1.746174
1.747600
1.748966
1.750329
1.751719
1.753127
1.754472
1.755821
1.757190
1.758571
1.759910
1.761265
1.762631
1.764036
1.765432
1.766789
1.768141
1.769549
1.770918
1.772245
1.773566
1.774915
1.776269
1.777608
1.778929
1.780239
1.781584
1.782914
1.784238
1.785551
1.786899
1.788244
1.789580
1.790905
1.792241
1.793571
1.794913
1.796199
1.797490
1.798808
1.800102
1.801394
1.802649
1.803949
1.805271
1.806556
1.807796
1.809127
1.810448
1.811721
1.813012
1.814304
1.815607
1.816910
1.818166
1.819415
1.820697
1.821980
1.823217
1.824430
1.825686
1.826983
1.828236
1.829467
1.830719
1.831972
1.833218
1.834479
1.835732
1.836966
1.838221
1.839486
1.840717
1.841945
1.843159
1.844408
1.845616
1.846832
1.848009
1.849235
1.850484
1.851683
1.852872
1.854091
1.855350
1.856539
1.857723
1.858915
1.860146
1.861378
1.862531
1.863721
1.864943
1.866150
1.867343
1.868502
1.869704
1.870887
1.872053
1.873218
1.874372
1.875552
1.876724
1.877844
1.879025
1.880187
1.881323
1.882482
1.883651
1.884837
1.885984
1.887105
1.888276
1.889454
1.890583
1.891707
1.892827
1.893996
1.895137
1.896213
1.897313
1.898469
1.899587
1.900680
1.901765
1.902870
1.904000
1.905114
1.906214
1.907316
1.908494
1.909602
1.910696
1.911816
1.912931
1.914028
1.915088
1.916164
1.917272
1.918333
1.919369
1.920436
1.921527
1.922590
1.923645
1.924708
1.925790
1.926848
1.927899
1.928954
1.930044
1.931132
1.932178
1.933229
1.934338
1.935380
1.936405
1.937445
1.938508
1.939551
1.940564
1.941558
1.942592
1.943658
1.944653
1.945636
1.946673
1.947721
1.948716
1.949681
1.950693
1.951751
1.952782
1.953755
1.954744
1.955801
1.956817
1.957809
1.958798
1.959822
1.960862
1.961824
1.962773
1.963768
1.964760
1.965692
1.966614
1.967612
1.968598
1.969517
1.970500
1.971468
1.972448
1.973400
1.974350
1.975303
1.976286
1.977244
1.978200
1.979165
1.980124
1.981073
1.982011
1.982949
1.983911
1.984821
1.985723
1.986652
1.987593
1.988474
1.989378
1.990310
1.991227
1.992129
1.993034
1.993929
1.994849
1.995748
1.996641
1.997546
1.998471
1.999382
2.000251
2.001162
2.002084
2.002983
2.003849
2.004751
2.005671
2.006555
2.007418
2.008286
2.009164
2.010036
2.010866
2.011699
2.012562
2.013413
2.014258
2.015085
2.015962
2.016828
2.017664
2.018494
2.019351
2.020199
2.021032
2.021862
2.022724
2.023572
2.024405
2.025235
2.026086
2.026964
2.027806
2.028591
2.029400
2.030245
2.031048
2.031808
2.032582
2.033417
2.034226
2.034978
2.035766
2.036578
2.037378
2.038154
2.038918
2.039718
2.040536
2.041306
2.042031
2.042810
2.043616
2.044380
2.045126
2.045926
2.046738
2.047529
2.048278
2.049084
2.049914
2.050711
2.051445
2.052188
2.052943
2.053680
2.054372
2.055073
2.055822
2.056550
2.057248
2.057961
2.058728
2.059456
2.060157
2.060876
2.061622
2.062335
2.063021
2.063708
2.064420
2.065128
2.065811
2.066482
2.067192
2.067923
2.068630
2.069310
2.070059
2.070799
2.071515
2.072231
2.072935
2.073651
2.074328
2.074991
2.075665
2.076318
2.076977
2.077636
2.078289
2.078960
2.079613
2.080246
2.080893
2.081564
2.082232
2.082858
2.083505
2.084162
2.084785
2.085411
2.086019
2.086636
2.087269
2.087889
2.088494
2.089108
2.089758
2.090378
2.090984
2.091613
2.092251
2.092877
2.093503
2.094126
2.094792
2.095436
2.096065
2.096685
2.097299
2.097931
2.098522
2.099085
2.099669
2.100277
2.100856
2.101386
2.101946
2.102542
2.103121
2.103681
2.104247
2.104819
2.105377
2.105910
2.106434
2.106971
2.107507
2.108034
2.108573
2.109119
2.109643
2.110146
2.110665
2.111204
2.111743
2.112241
2.112747
2.113271
2.113793
2.114299
2.114811
2.115335
2.115875
2.116432
2.116965
2.117499
2.118047
2.118607
2.119141
2.119677
2.120213
2.120737
2.121265
2.121771
2.122268
2.122754
2.123254
2.123730
2.124192
2.124665
2.125133
2.125588
2.126029
2.126499
2.126969
2.127416
2.127856
2.128303
2.128761
2.129204
2.129648
2.130079
2.130532
2.130978
2.131415
2.131838
2.132269
2.132695
2.133105
2.133528
2.133944
2.134340
2.134720
2.135124
2.135550
2.135945
2.136347
2.136757
2.137177
2.137593
2.138004
2.138396
2.138825
2.139247
2.139678
2.140083
2.140512
2.140964
2.141395
2.141830
2.142270
2.142708
2.143136
2.143559
2.143978
2.144382
2.144793
2.145191
2.145566
2.145949
2.146318
2.146659
2.147013
2.147360
2.147711
2.148037
2.148367
2.148709
2.149053
2.149386
2.149706
2.150021
2.150338
2.150662
2.150980
2.151282
2.151606
2.151920
2.152220
2.152520
2.152825
2.153119
2.153418
2.153715
2.154009
2.154293
2.154584
2.154860
2.155129
2.155393
2.155663
2.155902
2.156145
2.156409
2.156672
2.156921
2.157178
2.157427
2.157694
2.157943
2.158176
2.158395
2.158647
2.158886
2.159120
2.159342
2.159587
2.159845
2.160076
2.160306
2.160561
2.160810
2.161043
2.161289
2.161550
2.161807
2.162071
2.162329
2.162601
2.162886
2.163156
2.163407
2.163680
2.163965
2.164234
2.164477
2.164732
2.165016
2.165298
2.165552
2.165810
2.166068
2.166334
2.166583
2.166832
2.167068
2.167302
2.167518
2.167731
2.167937
2.168141
2.168309
2.168492
2.168668
2.168845
2.168998
2.169154
2.169297
2.169450
2.169582
2.169708
2.169816
2.169924
2.170038
2.170133
2.170205
2.170292
2.170370
2.170436
2.170490
2.170541
2.170571
2.170607
2.170640
2.170664
2.170676
2.170691
2.170706
2.170715
2.170718
2.170718
2.170718
2.170718
2.170718
2.170718
2.170718
2.170718
2.170718
2.170718
2.170718
2.170718
2.170718
2.170682
2.170619
2.170553
2.170472
2.170406
2.170328
2.170244
2.170157
2.170068
2.169957
2.169840
2.169744
2.169636
2.169522
2.169414
2.169309
2.169193
2.169067
2.168950
2.168812
2.168692
2.168555
2.168420
2.168264
2.168102
2.167967
2.167820
2.167665
2.167512
2.167344
2.167194
2.167032
2.166877
2.166712
2.166568
2.166433
2.166296
2.166155
2.166017
2.165876
2.165738
2.165618
2.165483
2.165349
2.165226
2.165109
2.165004
2.164914
2.164818
2.164708
2.164615
2.164552
2.164492
2.164417
2.164354
2.164306
2.164264
2.164213
2.164168
2.164129
2.164108
2.164087
2.164066
2.164051
2.164051
2.164051
2.164051
2.164051
2.164051
2.164051
2.164051
2.164051
2.164051
2.164051
2.164051
2.164051
2.164051
2.164051
2.164051
2.164051
2.164051
2.164063
2.164105
2.164138
2.164198
2.164252
2.164306
2.164357
2.164405
2.164432
2.164465
2.164510
2.164555
2.164579
2.164627
2.164678
2.164720
2.164762
2.164804
2.164833
2.164878
2.164917
2.164965
2.164998
2.165025
2.165073
2.165106
2.165142
2.165175
2.165190
2.165217
2.165244
2.165271
2.165280
2.165304
2.165328
2.165346
2.165364
2.165391
2.165397
2.165415
2.165430
2.165445
2.165445
2.165451
2.165462
2.165462
2.165466
2.165466
2.165466
2.165466
2.165466
2.165466
2.165466
2.165466
2.165466
2.165466
2.165468
2.165472
2.165472
2.165472
2.165472
2.165472
2.165472
2.165472
2.165472
2.165472
2.165472
2.165472
2.165472
2.165472
2.165472
2.165472
2.165472
2.165472
2.165472
2.165472
2.165472
2.165472
2.165472
2.165472
2.165472
2.165472
2.165472
2.165472
2.165472
2.165472
2.165472
2.165472
2.165472
2.165472
2.165472
2.165472
2.165472
2.165472
2.165472
2.165472
2.165472
2.165472
2.165472
2.165472
2.165472
2.165472
2.165472
2.165472
2.165472
2.165472
2.165472
2.165472
2.165472
2.165472
2.165472
2.165472
2.165472
2.165472
2.165472
2.165472
2.165472
2.165472
2.165472
2.165472
2.165472
2.165472
2.165472
2.165472
2.165472
2.165472
2.165472
2.165472
2.165472
2.165472
2.165472
2.165472
2.165472
2.165472
2.165472
2.165472
2.165472
2.165472
2.165472
2.165472
2.165472
2.165475
2.165475
2.165475
2.165475
2.165475
2.165475
2.165475
2.165475
2.165475
2.165475
2.165475
2.165475
2.165475
2.165475
2.165475
2.165475
2.165475
2.165475
2.165475
2.165475
2.165475
2.165475
2.165475
2.165475
2.165475
2.165475
2.165475
2.165475
2.165475
2.165475
2.165475
2.165475
2.165475
2.165475
2.165475
2.165475
2.165475
2.165475
2.165475
2.165475
2.165475
2.165475
2.165475
2.165475
2.165475
2.165475
2.165475
2.165475
2.165475
2.165475
2.165475
2.165475
2.165475
2.165475
2.165475
2.165475
2.165475
2.165475
2.165475
2.165475
2.165475
2.165475
2.165475
2.165475
2.165475
2.165475
2.165475
2.165475
2.165475
2.165475
2.165475
2.165475
2.165475
2.165475
2.165475
2.165475
2.165475
2.165475
2.165475
2.165475
2.165475
2.165475
2.165475
2.165475
2.165475
2.165475
2.165475
2.165475
2.165475
2.165475
2.165475
2.165475
2.165475
2.165475
2.165475
2.165475
2.165475
2.165475
2.165475
2.165475