1.675071
1.675071
1.675071
1.675071
1.675071
1.675071
1.675071
1.675071
1.675071
1.675071
1.675098
1.675446
1.675934
1.676536
1.677285
1.678151
1.679170
1.680296
1.681590
1.682972
1.684503
1.686180
1.687987
1.689908
1.692008
1.694261
1.696727
1.699264
1.702009
1.704861
1.707905
1.711195
1.714532
1.718014
1.721693
1.725477
1.729432
1.733545
1.737722
1.742093
1.746779
1.751411
1.756243
1.761271
1.766436
1.771829
1.777339
1.782995
1.788658
1.794796
1.800851
1.807068
1.813549
1.820236
1.826923
1.833979
1.841005
1.848165
1.855634
1.863065
1.870773
1.878746
1.886602
1.894793
1.903077
1.911619
1.920235
1.929020
1.938026
1.947029
1.956377
1.965757
1.975303
1.985073
1.994924
2.005027
2.015267
2.025664
2.036195
2.046741
2.057733
2.068657
2.079853
2.091089
2.102593
2.114242
2.125861
2.137875
2.150153
2.162104
2.174385
2.186965
2.199297
2.212165
2.225126
2.238144
2.251434
2.264779
2.278234
2.291878
2.305921
2.319631
2.333745
2.348030
2.362450
2.376942
2.391827
2.406061
2.421158
2.435776
2.450414
2.465170
2.480168
2.494819
2.509670
2.524549
2.539314
2.554189
2.569295
2.584065
2.599118
2.614224
2.629060
2.643981
2.658997
2.673902
2.688859
2.703755
2.718601
2.733419
2.748351
2.763170
2.778048
2.792995
2.807823
2.822686
2.837625
2.852440
2.867498
2.882200
2.896872
2.911753
2.926446
2.941097
2.955792
2.970572
2.985019
2.999945
3.014380
3.029055
3.043675
3.058398
3.072713
3.087388
3.102108
3.116315
3.131109
3.145595
3.159883
3.174381
3.188930
3.203311
3.217797
3.232280
3.246559
3.261327
3.275723
3.290020
3.304785
3.319157
3.333574
3.348171
3.362645
3.377146
3.391524
3.406177
3.420448
3.434942
3.449315
3.463923
3.478275
3.492632
3.507072
3.521544
3.536113
3.550393
3.564837
3.579427
3.593760
3.608169
3.622672
3.636685
3.651318
3.665465
3.679696
3.693901
3.708345
3.722573
3.736792
3.751302
3.765303
3.779561
3.793876
3.807961
3.822366
3.836450
3.850564
3.864703
3.878886
3.892923
3.906986
3.921143
3.935074
3.949138
3.963450
3.977561
3.991691
4.005769
4.019884
4.033893
4.048190
4.062143
4.076437
4.090614
4.104591
4.118963
4.133143
4.147117
4.161241
4.175475
4.189496
4.203680
4.218064
4.232325
4.246272
4.260560
4.274674
4.289073
4.303301
4.317542
4.331611
4.346010
4.360041
4.374119
4.388395
4.402743
4.416702
4.431206
4.445177
4.459345
4.473606
4.487715
4.501802
4.516171
4.530301
4.544337
4.558712
4.572683
4.586869
4.601110
4.614820
4.629165
4.643249
4.657286
4.671277
4.685461
4.699398
4.713557
4.727702
4.741615
4.755685
4.769811
4.783848
4.797950
4.812023
4.826194
4.840180
4.854585
4.868598
4.882721
4.897006
4.910992
4.925178
4.939415
4.953640
4.967719
4.982049
4.996352
5.010398
5.024536
5.038725
5.053008
5.067173
5.081473
5.095528
5.109822
5.123894
5.138125
5.152369
5.166531
5.180729
5.194697
5.209018
5.223079
5.237337
5.251326
5.265518
5.279665
5.293690
5.307711
5.321949
5.335847
5.349956
5.364082
5.378023
5.391912
5.405880
5.419851
5.433860
5.447918
5.461541
5.475745
5.489620
5.503582
5.517271
5.531235
5.545056
5.558907
5.572833
5.586677
5.600558
5.614471
5.628385
5.642209
5.656117
5.670078
5.683923
5.697765
5.711646
5.725592
5.739509
5.753282
5.767384
5.780902
5.794774
5.808850
5.822628
5.836470
5.850402
5.864199
5.877924
5.891894
5.905796
5.919368
5.933369
5.947001
5.960992
5.974711
5.988322
6.002278
6.015964
6.029512
6.043324
6.057118
6.070630
6.084445
6.098164
6.111721
6.125326
6.139027
6.152596
6.166090
6.179824
6.193343
6.206915
6.220508
6.233942
6.247715
6.260937
6.274554
0.004713
0.018378
0.031569
0.045360
0.058585
0.072226
0.085588
0.099131
0.112649
0.126095
0.139649
0.152961
0.166473
0.180042
0.193404
0.206911
0.220483
0.233827
0.247426
0.260813
0.274430
0.287921
0.301319
0.314820
0.328200
0.341949
0.355359
0.368725
0.382240
0.395620
0.409097
0.422600
0.435956
0.449390
0.462972
0.476253
0.489645
0.503086
0.516448
0.529793
0.543251
0.556541
0.569835
0.583215
0.596347
0.609859
0.623129
0.636332
0.649536
0.663246
0.676150
0.689417
0.702815
0.715899
0.729138
0.742396
0.755665
0.768743
0.782150
0.795168
0.808387
0.821647
0.834842
0.847929
0.861321
0.874372
0.887672
0.900863
0.914025
0.927193
0.940567
0.953654
0.966824
0.980133
0.993432
1.006612
1.020046
1.033316
1.046570
1.059966
1.073340
1.086331
1.099819
1.113023
1.126343
1.139703
1.153101
1.166224
1.179589
1.192856
1.206146
1.219524
1.232841
1.246054
1.259404
1.272797
1.285931
1.299276
1.312387
1.325926
1.339096
1.352333
1.365713
1.378884
1.392267
1.405435
1.418797
1.431869
1.445109
1.458495
1.471729
1.484869
1.498139
1.511337
1.524513
1.537651
1.551028
1.563980
1.577412
1.590462
1.603831
1.616846
1.630148
1.643322
1.656600
1.669627
1.683065
1.696535
1.709622
1.722891
1.736137
1.749361
1.762550
1.776113
1.789260
1.802655
1.816033
1.829233
1.842572
1.855922
1.869293
1.882638
1.895943
1.909285
1.922563
1.935992
1.949375
1.962603
1.976073
1.989273
2.002627
2.015992
2.029430
2.042606
2.056020
2.069199
2.082526
2.095954
2.109140
2.122334
2.135676
2.148885
2.162158
2.175616
2.188646
2.201679
2.215125
2.228260
2.241407
2.254601
2.267676
2.280826
2.294038
2.307140
2.320194
2.333353
2.346424
2.359607
2.372607
2.385688
2.398753
2.411771
2.424846
2.438005
2.451020
2.463996
2.477115
2.490103
2.503223
2.516316
2.529492
2.542519
2.555534
2.568753
2.581804
2.594764
2.608001
2.621061
2.634118
2.647139
2.660279
2.673291
2.686366
2.699465
2.712563
2.725647
2.738719
2.751635
2.764737
2.777716
2.790755
2.803829
2.816793
2.829793
2.843036
2.855769
2.868736
2.881799
2.894715
2.907613
2.920499
2.933549
2.946307
2.959342
2.972178
2.985040
2.997968
3.010791
3.023671
3.036518
3.049308
3.062080
3.074826
3.087520
3.100307
3.113133
3.125809
3.138420
3.151300
3.164081
3.176793
3.189527
3.202188
3.214822
3.227669
3.240301
3.252848
3.265632
3.278593
3.290958
3.303871
3.316478
3.329319
3.342011
3.354624
3.367369
3.380145
3.392884
3.405527
3.418320
3.430994
3.443673
3.456562
3.468993
3.482005
3.494456
3.507150
3.519866
3.532641
3.545239
3.557898
3.570559
3.583232
3.595942
3.608516
3.621075
3.633893
3.646374
3.659050
3.671514
3.684128
3.696723
3.709354
3.721842
3.734404
3.746922
3.759316
3.771843
3.784384
3.796830
3.809321
3.821922
3.834245
3.846705
3.859256
3.871513
3.883923
3.896362
3.908727
3.920999
3.933555
3.945956
3.958344
3.970886
3.983035
3.995598
4.007935
4.020366
4.032710
4.045236
4.057589
4.069953
4.082447
4.094776
4.107392
4.119784
4.132071
4.144489
4.157007
4.169497
4.181913
4.194386
4.206892
4.219430
4.231782
4.244195
4.256776
4.269248
4.281628
4.294109
4.306777
4.319255
4.331554
4.344177
4.356637
4.369002
4.381523
4.393974
4.406408
4.418940
4.431347
4.443864
4.456373
4.468681
4.481012
4.493695
4.506000
4.518442
4.530882
4.543285
4.555659
4.568090
4.580347
4.592978
4.605286
4.617675
4.630072
4.642365
4.654844
4.667086
4.679510
4.691773
4.704177
4.716697
4.728693
4.741265
4.753471
4.765911
4.778227
4.790781
4.802891
4.815507
4.827719
4.840276
4.852611
4.864933
4.877538
4.889995
4.902213
4.914833
4.927212
4.939622
4.952091
4.964432
4.976953
4.989524
5.001907
5.014310
5.026774
5.039258
5.051716
5.063991
5.076590
5.089059
5.101586
5.114190
5.126507
5.138923
5.151323
5.163793
5.176176
5.188603
5.201007
5.213377
5.225814
5.238200
5.250592
5.262869
5.275336
5.287641
5.299996
5.312259
5.324615
5.336917
5.349246
5.361494
5.373700
5.386004
5.398327
5.410482
5.422628
5.434702
5.447178
5.459315
5.471257
5.483520
5.495642
5.507947
5.519961
5.532362
5.544238
5.556354
5.568665
5.580619
5.592855
5.604848
5.617015
5.629155
5.641340
5.653477
5.665441
5.677722
5.689768
5.701914
5.714087
5.726236
5.738305
5.750484
5.762639
5.774614
5.786814
5.799026
5.810947
5.823174
5.835227
5.847328
5.859450
5.871401
5.883493
5.895672
5.907701
5.919746
5.931799
5.943774
5.955863
5.967844
5.979897
5.991816
6.003941
6.015805
6.027786
6.039813
6.051740
6.063574
6.075652
6.087543
6.099434
6.111296
6.123271
6.135087
6.147006
6.158720
6.170681
6.182521
6.194193
6.205977
6.217817
6.229589
6.241423
6.253192
6.264904
6.276690
0.005303
0.016961
0.028684
0.040312
0.052095
0.063828
0.075650
0.087245
0.098996
0.110779
0.122452
0.134166
0.145977
0.157629
0.169349
0.181139
0.192739
0.204586
0.216345
0.228012
0.239679
0.251606
0.263284
0.274936
0.286869
0.298503
0.310089
0.321896
0.333662
0.345206
0.357298
0.368704
0.380562
0.392292
0.403805
0.415535
0.427330
0.438925
0.450631
0.462265
0.473913
0.485598
0.497222
0.509030
0.520544
0.532216
0.543757
0.555313
0.567046
0.578532
0.590139
0.601791
0.613341
0.624810
0.636443
0.647957
0.659465
0.671006
0.682556
0.693977
0.705469
0.716872
0.728359
0.739909
0.751330
0.762892
0.774301
0.785779
0.797233
0.808713
0.820039
0.831603
0.843015
0.854430
0.865935
0.877428
0.888813
0.900267
0.911841
0.923181
0.934701
0.946194
0.957635
0.969125
0.980702
0.992198
1.003727
1.015262
1.026686
1.038172
1.049716
1.061101
1.072786
1.084303
1.095799
1.107288
1.118865
1.130292
1.141938
1.153452
1.164957
1.176419
1.188050
1.199477
1.211030
1.222589
1.234094
1.245535
1.257229
1.268605
1.280113
1.291726
1.303207
1.314651
1.326183
1.337643
1.349190
1.360668
1.372128
1.383576
1.395164
1.406499
1.418009
1.429517
1.440896
1.452383
1.463762
1.475276
1.486619
1.498019
1.509554
1.521038
1.532510
1.543835
1.555301
1.566788
1.578182
1.589666
1.600871
1.612274
1.623803
1.635191
1.646644
1.658137
1.669522
1.680823
1.692334
1.703863
1.715362
1.726864
1.738324
1.749919
1.761364
1.772790
1.784412
1.795959
1.807296
1.818768
1.830378
1.841868
1.853351
1.864898
1.876358
1.887938
1.899548
1.911005
1.922533
1.934131
1.945672
1.957093
1.968724
1.980115
1.991625
2.003178
2.014650
2.026233
2.037756
2.049231
2.060801
2.072309
2.083691
2.095232
2.106665
2.118017
2.129543
2.141069
2.152475
2.163854
2.175278
2.186627
2.198078
2.209403
2.220863
2.232128
2.243651
2.254757
2.266316
2.277575
2.288858
2.300150
2.311565
2.322857
2.334066
2.345472
2.356650
2.367915
2.379222
2.390419
2.401705
2.413036
2.424223
2.435473
2.446948
2.458015
2.469287
2.480585
2.491823
2.503091
2.514353
2.525579
2.536878
2.548188
2.559480
2.570643
2.582040
2.593269
2.604325
2.615830
2.626942
2.638096
2.649472
2.660794
2.671970
2.683313
2.694371
2.705678
2.717057
2.728254
2.739456
2.750661
2.761812
2.773057
2.784244
2.795425
2.806705
2.817947
2.828987
2.840168
2.851410
2.862549
2.873730
2.884822
2.895913
2.907088
2.918186
2.929250
2.940303
2.951427
2.962554
2.973577
2.984677
2.995595
3.006668
3.017724
3.028767
3.039763
3.050899
3.061772
3.072695
3.083691
3.094683
3.105679
3.116507
3.127388
3.138420
3.149379
3.160132
3.171215
3.182096
3.192879
3.203806
3.214771
3.225695
3.236460
3.247572
3.258421
3.269240
3.280211
3.291024
3.301990
3.312892
3.323618
3.334506
3.345636
3.356428
3.367453
3.378257
3.389079
3.399916
3.411067
3.421835
3.432761
3.443667
3.454429
3.465397
3.476243
3.486984
3.497911
3.508867
3.519677
3.530469
3.541533
3.552217
3.563201
3.573909
3.585006
3.595507
3.606551
3.617187
3.627984
3.638833
3.649661
3.660300
3.671244
3.681856
3.692576
3.703470
3.714181
3.724763
3.735573
3.746149
3.756932
3.767634
3.778317
3.788975
3.799706
3.810306
3.820925
3.831707
3.842199
3.852728
3.863394
3.874012
3.884650
3.895179
3.905752
3.916487
3.927009
3.937438
3.948074
3.958611
3.969100
3.979692
3.990319
4.000772
4.011399
4.021930
4.032464
4.043190
4.053799
4.064291
4.074864
4.085431
4.096001
4.106628
4.117420
4.127789
4.138474
4.149109
4.159658
4.170142
4.180718
4.191354
4.201945
4.212689
4.223250
4.233760
4.244333
4.254966
4.265593
4.276247
4.286787
4.297408
4.308098
4.318731
4.329152
4.339985
4.350495
4.361248
4.371705
4.382224
4.393043
4.403471
4.414057
4.424549
4.435173
4.445647
4.456196
4.466928
4.477429
4.487988
4.498797
4.509077
4.519703
4.530190
4.540568
4.551087
4.561762
4.572155
4.582630
4.593128
4.603578
4.614056
4.624652
4.635175
4.645484
4.656081
4.666448
4.676883
4.687306
4.697696
4.708123
4.718585
4.729059
4.739431
4.749938
4.760350
4.770773
4.781232
4.791809
4.802094
4.812640
4.823012
4.833556
4.844126
4.854480
4.864888
4.875306
4.885888
4.896362
4.906869
4.917259
4.927784
4.938415
4.948748
4.959195
4.969690
4.980162
4.990663
5.001245
5.011626
5.022139
5.032680
5.043159
5.053699
5.064138
5.074561
5.085116
5.095567
5.106065
5.116566
5.126887
5.137308
5.147872
5.158376
5.168853
5.179342
5.189748
5.200003
5.210702
5.220924
5.231306
5.241837
5.252245
5.262564
5.272897
5.283290
5.293591
5.303987
5.314330
5.324570
5.335101
5.345183
5.355537
5.365997
5.376156
5.386412
5.396679
5.406884
5.417163
5.427440
5.437620
5.447822
5.457979
5.468156
5.478232
5.488544
5.498740
5.508908
5.519056
5.529090
5.539399
5.549511
5.559691
5.569777
5.580008
5.590039
5.600210
5.610451
5.620548
5.630710
5.640750
5.650808
5.661009
5.671163
5.681232
5.691326
5.701489
5.711586
5.721713
5.731839
5.741912
5.752050
5.762192
5.772235
5.782341
5.792509
5.802570
5.812700
5.822871
5.832917
5.842957
5.853021
5.863129
5.873175
5.883275
5.893222
5.903261
5.913367
5.923341
5.933369
5.943492
5.953424
5.963389
5.973492
5.983310
5.993323
6.003528
6.013393
6.023307
6.033467
6.043207
6.053202
6.063101
6.072976
6.082986
6.092927
6.102748
6.112656
6.122486
6.132376
6.142167
6.152090
6.161971
6.171705
6.181568
6.191299
6.201051
6.211085
6.220685
6.230500
6.240201
6.249998
6.259822
6.269565
6.279233
0.005782
0.015621
0.025218
0.034955
0.044725
0.054462
0.064188
0.073916
0.083593
0.093273
0.103028
0.112718
0.122488
0.132165
0.141833
0.151544
0.161293
0.171039
0.180854
0.190504
0.200089
0.209793
0.219569
0.229246
0.238906
0.248730
0.258251
0.268132
0.277833
0.287427
0.297125
0.306853
0.316488
0.326202
0.335930
0.345733
0.355182
0.365144
0.374618
0.384274
0.394062
0.403734
0.413309
0.422947
0.432625
0.442278
0.451898
0.461474
0.471151
0.480840
0.490478
0.499916
0.509644
0.519208
0.528663
0.538478
0.547904
0.557542
0.567141
0.576588
0.586238
0.595799
0.605230
0.614839
0.624348
0.633813
0.643301
0.652859
0.662338
0.671917
0.681336
0.690926
0.700292
0.709796
0.719233
0.728692
0.738189
0.747573
0.757034
0.766538
0.775931
0.785416
0.794782
0.804219
0.813633
0.823121
0.832460
0.841904
0.851413
0.860764
0.870190
0.879759
0.889002
0.898571
0.907988
0.917407
0.926779
0.936250
0.945660
0.955137
0.964622
0.974012
0.983599
0.992863
1.002361
1.011813
1.021317
1.030757
1.040210
1.049713
1.059133
1.068532
1.078209
1.087526
1.097072
1.106512
1.115959
1.125406
1.134912
1.144469
1.153790
1.163258
1.172710
1.182208
1.191705
1.201086
1.210622
1.220072
1.229465
1.238947
1.248394
1.257813
1.267263
1.276787
1.286147
1.295585
1.305121
1.314469
1.324047
1.333476
1.342814
1.352150
1.361645
1.371010
1.380355
1.389876
1.399233
1.408569
1.417997
1.427303
1.436741
1.446121
1.455481
1.464823
1.474174
1.483575
1.492854
1.502226
1.511636
1.520816
1.530391
1.539559
1.548970
1.558165
1.567480
1.576941
1.586229
1.595613
1.604996
1.614242
1.623452
1.632959
1.642276
1.651567
1.660897
1.670406
1.679616
1.689057
1.698410
1.707593
1.717010
1.726591
1.735816
1.745182
1.754526
1.763922
1.773285
1.782650
1.792034
1.801427
1.810843
1.820119
1.829500
1.838943
1.848210
1.857633
1.867061
1.876415
1.885889
1.895251
1.904566
1.913998
1.923438
1.932732
1.942173
1.951499
1.960892
1.970443
1.979623
1.988974
1.998379
2.007648
2.017086
2.026496
2.035775
2.045228
2.054474
2.063911
2.073184
2.082526
2.091727
2.101191
2.110536
2.119731
2.129030
2.138372
2.147618
2.156891
2.166400
2.175400
2.184790
2.193991
2.203321
2.212450
2.221776
2.230828
2.240262
2.249409
2.258673
2.267775
2.277018
2.286240
2.295354
2.304599
2.313725
2.322860
2.332241
2.341151
2.350337
2.359502
2.368625
2.377796
2.386853
2.396015
2.405078
2.414225
2.423336
2.432471
2.441624
2.450690
2.459840
2.469062
2.478113
2.487260
2.496368
2.505473
2.514608
2.523767
2.532821
2.541938
2.551085
2.560136
2.569241
2.578487
2.587463
2.596640
2.605871
2.614811
2.623919
2.632988
2.642180
2.651267
2.660324
2.669441
2.678489
2.687591
2.696831
2.705738
2.714924
2.723924
2.732979
2.742080
2.751194
2.760192
2.769267
2.778279
2.787348
2.796414
2.805336
2.814528
2.823534
2.832535
2.841517
2.850607
2.859583
2.868532
2.877604
2.886565
2.895539
2.904575
2.913410
2.922362
2.931374
2.940404
2.949180
2.958147
2.967021
2.975971
2.984983
2.993848
3.002740
3.011642
3.020492
3.029486
3.038328
3.047082
3.055965
3.064855
3.073657
3.082450
3.091328
3.100085
3.108810
3.117717
3.126496
3.135343
3.143998
3.152696
3.161615
3.170292
3.179121
3.187993
3.196750
3.205433
3.214232
3.223028
3.231777
3.240391
3.249253
3.258037
3.266792
3.275522
3.284241
3.292923
3.301840
3.310522
3.319286
3.328058
3.336777
3.345531
3.354313
3.362935
3.371744
3.380513
3.389202
3.398019
3.406735
3.415354
3.424217
3.432923
3.441591
3.450285
3.459061
3.467782
3.476549
3.485201
3.493926
3.502588
3.511321
3.519929
3.528599
3.537237
3.545856
3.554539
3.563312
3.571925
3.580575
3.589383
3.597787
3.606628
3.615149
3.623664
3.632431
3.640927
3.649592
3.658086
3.666783
3.675421
3.683894
3.692630
3.701064
3.709501
3.718157
3.726779
3.735204
3.743752
3.752219
3.760755
3.769347
3.777772
3.786263
3.794778
3.803191
3.811688
3.820122
3.828633
3.836902
3.845462
3.853926
3.862264
3.870782
3.879039
3.887655
3.896018
3.904344
3.912786
3.921145
3.929579
3.937932
3.946321
3.954665
3.963033
3.971473
3.979796
3.988155
3.996589
4.004993
4.013286
4.021618
4.030049
4.038408
4.046869
4.055231
4.063500
4.071997
4.080317
4.088616
4.096963
4.105349
4.113759
4.122205
4.130546
4.138809
4.147315
4.155566
4.163919
4.172431
4.180679
4.189041
4.197439
4.205795
4.214154
4.222537
4.230979
4.239297
4.247671
4.255940
4.264320
4.272724
4.281080
4.289469
4.297771
4.306109
4.314474
4.322836
4.331141
4.339482
4.347847
4.356143
4.364529
4.372882
4.381037
4.389426
4.397791
4.406147
4.414437
4.422736
4.431113
4.439299
4.447630
4.455894
4.464159
4.472471
4.480785
4.489012
4.497326
4.505565
4.513747
4.522107
4.530349
4.538498
4.546791
4.555027
4.563194
4.571406
4.579607
4.587741
4.596169
4.604225
4.612420
4.620608
4.628781
4.636972
4.645166
4.653223
4.661399
4.669593
4.677826
4.685844
4.694179
4.702172
4.710310
4.718480
4.726593
4.734778
4.742913
4.751095
4.759070
4.767310
4.775357
4.783518
4.791692
4.799727
4.807852
4.815972
4.824019
4.832219
4.840351
4.848467
4.856661
4.864706
4.872864
4.881103
4.889153
4.897270
4.905485
4.913532
4.921669
4.929816
4.937920
4.946039
4.954222
4.962323
4.970409
4.978553
4.986654
4.994767
5.002962
5.011018
5.019134
5.027280
5.035415
5.043444
5.051719
5.059665
5.067808
5.075903
5.083942
5.092064
5.100172
5.108207
5.116261
5.124371
5.132388
5.140528
5.148555
5.156650
5.164572
5.172838
5.180750
5.188747
5.196797
5.204845
5.212856
5.220772
5.228816
5.236828
5.244845
5.252803
5.260799
5.268798
5.276774
5.284675
5.292671
5.300599
5.308517
5.316436
5.324372
5.332339
5.340153
5.348044
5.355912
5.363803
5.371680
5.379551
5.387415
5.395292
5.403055
5.410874
5.418823
5.426490
5.434364
5.442219
5.449862
5.457763
5.465475
5.473184
5.480970
5.488724
5.496481
5.504324
5.511992
5.519736
5.527478
5.535370
5.542943
5.550778
5.558565
5.566097
5.573914
5.581644
5.589416
5.597091
5.604746
5.612533
5.620212
5.627870
5.635576
5.643300
5.650942
5.658679
5.666351
5.674012
5.681634
5.689352
5.696908
5.704692
5.712395
5.719993
5.727635
5.735204
5.743000
5.750516
5.758303
5.765733
5.773367
5.781127
5.788713
5.796266
5.803918
5.811660
5.819192
5.826835
5.834442
5.842031
5.849665
5.857248
5.864816
5.872429
5.880015
5.887583
5.895067
5.902665
5.910311
5.917837
5.925384
5.932868
5.940589
5.948052
5.955575
5.963138
5.970568
5.978076
5.985704
5.993164
6.000624
6.008153
6.015595
6.023023
6.030633
6.037949
6.045457
6.052936
6.060287
6.067697
6.075247
6.082662
6.090005
6.097549
6.104917
6.112230
6.119652
6.127004
6.134395
6.141783
6.149133
6.156518
6.163885
6.171295
6.178494
6.185853
6.193277
6.200548
6.207931
6.215145
6.222437
6.229828
6.237016
6.244308
6.251643
6.258884
6.266237
6.273532
6.280744
0.004770
0.012143
0.019355
0.026488
0.033897
0.041082
0.048275
0.055469
0.062854
0.070021
0.077304
0.084450
0.091724
0.098990
0.106168
0.113419
0.120675
0.127866
0.135134
0.142403
0.149488
0.156829
0.164040
0.171156
0.178514
0.185666
0.192802
0.200008
0.207255
0.214434
0.221633
0.228989
0.236113
0.243364
0.250578
0.257745
0.264986
0.272168
0.279346
0.286579
0.293790
0.300897
0.308025
0.315248
0.322519
0.329611
0.336936
0.344004
0.351201
0.358445
0.365462
0.372736
0.379840
0.386953
0.394176
0.401274
0.408416
0.415433
0.422708
0.429700
0.436942
0.444051
0.451140
0.458265
0.465473
0.472559
0.479654
0.486748
0.493903
0.501033
0.508080
0.515136
0.522177
0.529307
0.536252
0.543389
0.550474
0.557524
0.564508
0.571606
0.578643
0.585621
0.592755
0.599748
0.606815
0.613751
0.620720
0.627725
0.634759
0.641749
0.648679
0.655711
0.662710
0.669690
0.676656
0.683580
0.690558
0.697521
0.704526
0.711485
0.718379
0.725354
0.732242
0.739205
0.746195
0.753062
0.759998
0.766853
0.773800
0.780700
0.787654
0.794560
0.801415
0.808363
0.815215
0.822103
0.828955
0.835945
0.842875
0.849756
0.856653
0.863568
0.870366
0.877260
0.884205
0.891060
0.897978
0.904962
0.911721
0.918600
0.925506
0.932391
0.939315
0.946178
0.953043
0.959960
0.966857
0.973754
0.980648
0.987446
0.994343
1.001378
1.008104
1.014986
1.021937
1.028885
1.035626
1.042699
1.049510
1.056355
1.063213
1.070101
1.076998
1.083961
1.090795
1.097650
1.104529
1.111318
1.118269
1.125226
1.132015
1.138933
1.145809
1.152646
1.159513
1.166452
1.173190
1.180156
1.186981
1.193877
1.200685
1.207557
1.214388
1.221237
1.228137
1.235013
1.241814
1.248645
1.255503
1.262292
1.269234
1.275978
1.282839
1.289730
1.296430
1.303326
1.310172
1.316881
1.323798
1.330608
1.337427
1.344184
1.351009
1.357837
1.364605
1.371469
1.378213
1.384972
1.391875
1.398487
1.405372
1.412134
1.418926
1.425625
1.432513
1.439171
1.445912
1.452695
1.459439
1.466111
1.472948
1.479719
1.486341
1.493145
1.499913
1.506603
1.513362
1.520004
1.526775
1.533510
1.540186
1.546825
1.553632
1.560310
1.567012
1.573699
1.580366
1.587074
1.593812
1.600487
1.607153
1.613901
1.620597
1.627251
1.633986
1.640703
1.647337
1.653985
1.660813
1.667413
1.674154
1.680806
1.687514
1.694180
1.700855
1.707596
1.714313
1.720986
1.727736
1.734456
1.741068
1.747776
1.754571
1.761172
1.767832
1.774648
1.781269
1.787959
1.794665
1.801352
1.808078
1.814810
1.821440
1.828125
1.834944
1.841553
1.848114
1.854900
1.861573
1.868269
1.874950
1.881565
1.888264
1.894973
1.901648
1.908299
1.914986
1.921581
1.928268
1.935018
1.941702
1.948171
1.954990
1.961542
1.968211
1.974877
1.981442
1.988099
1.994954
2.001435
2.008074
2.014731
2.021352
2.027977
2.034649
2.041222
2.047900
2.054465
2.061071
2.067743
2.074269
2.080818
2.087553
2.094096
2.100676
2.107249
2.113904
2.120417
2.126960
2.133611
2.140071
2.146626
2.153227
2.159779
2.166269
2.172878
2.179340
2.185953
2.192394
2.198935
2.205355
2.211991
2.218406
2.224958
2.231433
2.237877
2.244337
2.250844
2.257301
2.263748
2.270187
2.276784
2.283088
2.289685
2.296040
2.302487
2.308929
2.315361
2.321785
2.328214
2.334638
2.340990
2.347449
2.353825
2.360236
2.366717
2.373035
2.379441
2.385942
2.392276
2.398669
2.405039
2.411472
2.417853
2.424271
2.430700
2.436965
2.443356
2.449797
2.456101
2.462524
2.468804
2.475249
2.481636
2.488048
2.494340
2.500700
2.507049
2.513416
2.519866
2.526254
2.532536
2.538882
2.545309
2.551642
2.558087
2.564333
2.570595
2.576983
2.583349
2.589680
2.596053
2.602392
2.608717
2.615180
2.621403
2.627760
2.634079
2.640373
2.646731
2.653044
2.659327
2.665648
2.671964
2.678366
2.684586
2.690977
2.697232
2.703551
2.709846
2.716162
2.722441
2.728670
2.734974
2.741391
2.747614
2.753873
2.760153
2.766418
2.772592
2.778893
2.785272
2.791440
2.797720
2.803961
2.810181
2.816467
2.822791
2.828930
2.835087
2.841451
2.847569
2.853890
2.860080
2.866252
2.872463
2.878728
2.884798
2.891026
2.897192
2.903343
2.909551
2.915894
2.921955
2.928112
2.934323
2.940423
2.946522
2.952757
2.958785
2.965020
2.971117
2.977199
2.983371
2.989465
2.995598
3.001671
3.007840
3.013865
3.020004
3.026083
3.032156
3.038283
3.044377
3.050396
3.056460
3.062533
3.068597
3.074670
3.080644
3.086738
3.092757
3.098734
3.104747
3.110787
3.116896
3.122888
3.128877
3.134857
3.140865
3.146983
3.152816
3.158811
3.164953
3.170864
3.176898
3.182866
3.188823
3.194836
3.200777
3.206751
3.212659
3.218624
3.224556
3.230534
3.236679
3.242545
3.248540
3.254502
3.260425
3.266351
3.272362
3.278303
3.284205
3.290197
3.296114
3.302091
3.308030
3.313980
3.319927
3.325883
3.331767
3.337640
3.343623
3.349555
3.355475
3.361362
3.367291
3.373245
3.379057
3.385031
3.390907
3.396842
3.402756
3.408634
3.414572
3.420433
3.426347
3.432219
3.438103
3.443928
3.449926
3.455684
3.461571
3.467504
3.473268
3.479236
3.485064
3.490876
3.496700
3.502567
3.508388
3.514311
3.520135
3.525996
3.531835
3.537641
3.543364
3.549221
3.555054
3.560819
3.566640
3.572474
3.578202
3.583972
3.589737
3.595519
3.601236
3.607015
3.612854
3.618499
3.624356
3.630040
3.635717
3.641554
3.647237
3.652947
3.658649
3.664423
3.670043
3.675798
3.681437
3.687114
3.692873
3.698428
3.704213
3.709837
3.715442
3.721171
3.726776
3.732403
3.738065
3.743722
3.749232
3.754990
3.760554
3.766109
3.771726
3.777329
3.782845
3.788411
3.794116
3.799638
3.805243
3.810840
3.816346
3.821895
3.827459
3.832963
3.838487
3.844030
3.849582
3.855037
3.860640
3.866084
3.871534
3.877095
3.882550
3.888075
3.893609
3.899017
3.904556
3.910063
3.915423
3.921035
3.926389
3.931913
3.937360
3.942852
3.948227
3.953686
3.959141
3.964570
3.970059
3.975521
3.980920
3.986304
3.991757
3.997221
4.002656
4.008115
4.013472
4.018892
4.024297
4.029686
4.035140
4.040577
4.045982
4.051366
4.056792
4.062185
4.067599
4.072989
4.078370
4.083805
4.089233
4.094485
4.099920
4.105307
4.110727
4.116045
4.121423
4.126777
4.132239
4.137589
4.142866
4.148241
4.153625
4.158955
4.164311
4.169701
4.175076
4.180379
4.185772
4.191120
4.196456
4.201750
4.207059
4.212383
4.217803
4.223031
4.228358
4.233718
4.239051
4.244390
4.249720
4.254963
4.260287
4.265623
4.270908
4.276223
4.281562
4.286799
4.292102
4.297318
4.302681
4.307928
4.313191
4.318452
4.323759
4.329071
4.334341
4.339602
4.344872
4.350112
4.355385
4.360688
4.365859
4.371114
4.376399
4.381591
4.386849
4.392102
4.397330
4.402549
4.407738
4.412930
4.418224
4.423359
4.428599
4.433792
4.438969
4.444194
4.449419
4.454605
4.459804
4.464918
4.470074
4.475257
4.480386
4.485581
4.490723
4.495828
4.501062
4.506149
4.511273
4.516378
4.521480
4.526604
4.531733
4.536820
4.541889
4.546992
4.552055
4.557187
4.562278
4.567287
4.572380
4.577425
4.582498
4.587537
4.592618
4.597661
4.602704
4.607731
4.612803
4.617797
4.622801
4.627822
4.632805
4.637841
4.642799
4.647782
4.652836
4.657759
4.662741
4.667712
4.672709
4.677716
4.682701
4.687672
4.692594
4.697561
4.702472
4.707428
4.712440
4.717297
4.722210
4.727169
4.732019
4.736989
4.741975
4.746835
4.751814
4.756740
4.761638
4.766513
4.771477
4.776379
4.781319
4.786182
4.791015
4.796009
4.800869
4.805728
4.810633
4.815516
4.820370
4.825256
4.830179
4.834993
4.839856
4.844737
4.849590
4.854465
4.859328
4.864145
4.869002
4.873823
4.878727
4.883479
4.888368
4.893168
4.897983
4.902842
4.907678
4.912475
4.917292
4.922086
4.926919
4.931742
4.936521
4.941336
4.946087
4.950872
4.955669
4.960451
4.965190
4.970002
4.974766
4.979532
4.984329
4.989087
4.993884
4.998668
5.003432
5.008190
5.012932
5.017705
5.022400
5.027205
5.031831
5.036640
5.041368
5.046066
5.050782
5.055554
5.060189
5.064914
5.069639
5.074318
5.079055
5.083762
5.088460
5.093131
5.097837
5.102490
5.107191
5.111901
5.116494
5.121183
5.125833
5.130492
5.135174
5.139806
5.144459
5.149082
5.153699
5.158352
5.163026
5.167616
5.172146
5.176849
5.181437
5.185978
5.190589
5.195152
5.199749
5.204302
5.208878
5.213455
5.218015
5.222593
5.227087
5.231650
5.236243
5.240756
5.245204
5.249771
5.254280
5.258831
5.263352
5.267807
5.272316
5.276834
5.281283
5.285729
5.290236
5.294682
5.299202
5.303643
5.308041
5.312523
5.317005
5.321404
5.325826
5.330266
5.334676
5.339062
5.343493
5.347886
5.352293
5.356667
5.361113
5.365409
5.369825
5.374194
5.378556
5.382939
5.387269
5.391586
5.395966
5.400269
5.404571
5.408933
5.413301
5.417532
5.421837
5.426142
5.430427
5.434774
5.438983
5.443274
5.447585
5.451876
5.456088
5.460361
5.464582
5.468908
5.473100
5.477369
5.481575
5.485842
5.490006
5.494216
5.498452
5.502671
5.506865
5.511057
5.515212
5.519392
5.523625
5.527808
5.532008
5.536086
5.540337
5.544463
5.548615
5.552744
5.556942
5.561058
5.565222
5.569309
5.573501
5.577605
5.581760
5.585856
5.589973
5.594050
5.598218
5.602299
5.606433
5.610532
5.614636
5.618768
5.622863
5.626899
5.630998
5.635039
5.639183
5.643225
5.647320
5.651368
5.655398
5.659529
5.663547
5.667538
5.671609
5.675636
5.679714
5.683707
5.687752
5.691785
5.695824
5.699823
5.703811
5.707826
5.711837
5.715861
5.719894
5.723825
5.727815
5.731881
5.735884
5.739830
5.743793
5.747733
5.751718
5.755679
5.759597
5.763546
5.767540
5.771471
5.775420
5.779342
5.783251
5.787197
5.791149
5.795053
5.798972
5.802920
5.806854
5.810770
5.814674
5.818524
5.822464
5.826362
5.830209
5.834058
5.837933
5.841779
5.845662
5.849545
5.853404
5.857275
5.861170
5.865011
5.868908
5.872765
5.876564
5.880390
5.884257
5.888081
5.891909
5.895738
5.899582
5.903384
5.907195
5.910970
5.914778
5.918643
5.922418
5.926208
5.930013
5.933779
5.937608
5.941386
5.945140
5.948904
5.952684
5.956444
5.960240
5.963974
5.967770
5.971455
5.975302
5.978990
5.982783
5.986486
5.990234
5.993934
5.997700
6.001412
6.005124
6.008890
6.012543
6.016252
6.019988
6.023646
6.027283
6.031025
6.034716
6.038339
6.042063
6.045727
6.049406
6.053103
6.056770
6.060422
6.064063
6.067667
6.071307
6.074926
6.078564
6.082174
6.085814
6.089424
6.093056
6.096690
6.100273
6.103836
6.107502
6.111023
6.114630
6.118201
6.121749
6.125329
6.128942
6.132496
6.136058
6.139569
6.143099
6.146664
6.150226
6.153756
6.157315
6.160826
6.164335
6.167867
6.171513
6.174914
6.178416
6.182012
6.185457
6.188995
6.192468
6.195922
6.199407
6.202909
6.206376
6.209812
6.213341
6.216808
6.220283
6.223780
6.227237
6.230685
6.234122
6.237615
6.241037
6.244521
6.247955
6.251400
6.254858
6.258258
6.261694
6.265128
6.268540
6.271968
6.275395
6.278781
6.282212
0.002478
0.005860
0.009297
0.012706
0.016038
0.019519
0.022860
0.026251
0.029637
0.033029
0.036408
0.039854
0.043200
0.046589
0.049917
0.053327
0.056697
0.060071
0.063427
0.066785
0.070144
0.073460
0.076894
0.080225
0.083515
0.086892
0.090280
0.093603
0.096943
0.100362
0.103631
0.106977
0.110330
0.113697
0.116960
0.120358
0.123623
0.126991
0.130307
0.133588
0.136890
0.140230
0.143544
0.146870
0.150183
0.153458
0.156817
0.160088
0.163396
0.166719
0.170059
0.173316
0.176585
0.179886
0.183137
0.186463
0.189806
0.193021
0.196233
0.199567
0.202809
0.206084
0.209394
0.212651
0.215890
0.219150
0.222394
0.225699
0.228911
0.232206
0.235451
0.238720
0.241988
0.245206
0.248406
0.251642
0.254934
0.258140
0.261397
0.264579
0.267871
0.271071
0.274340
0.277582
0.280769
0.283981
0.287196
0.290426
0.293664
0.296843
0.300028
0.303228
0.306479
0.309657
0.312854
0.316012
0.319257
0.322436
0.325635
0.328817
0.332026
0.335238
0.338345
0.341592
0.344714
0.347911
0.351027
0.354230
0.357355
0.360488
0.363700
0.366855
0.369965
0.373192
0.376332
0.379457
0.382584
0.385697
0.388864
0.391986
0.395135
0.398248
0.401391
0.404507
0.407598
0.410720
0.413830
0.416949
0.420062
0.423163
0.426267
0.429380
0.432463
0.435564
0.438680
0.441786
0.444824
0.447961
0.451014
0.454049
0.457129
0.460191
0.463247
0.466348
0.469389
0.472463
0.475465
0.478587
0.481595
0.484681
0.487737
0.490781
0.493822
0.496848
0.499865
0.502924
0.505923
0.508964
0.512011
0.514989
0.518030
0.521044
0.524040
0.527057
0.530077
0.533091
0.536120
0.539116
0.542103
0.545096
0.548128
0.551053
0.554091
0.557048
0.559996
0.562989
0.565928
0.568948
0.571884
0.574868
0.577834
0.580818
0.583755
0.586694
0.589627
0.592584
0.595529
0.598480
0.601398
0.604320
0.607277
0.610210
0.613122
0.616055
0.618979
0.621897
0.624855
0.627749
0.630628
0.633537
0.636437
0.639343
0.642286
0.645201
0.648101
0.650989
0.653892
0.656724
0.659624
0.662527
0.665379
0.668267
0.671174
0.674023
0.676845
0.679718
0.682585
0.685474
0.688338
0.691202
0.694078
0.696982
0.699744
0.702608
0.705418
0.708250
0.711111
0.713978
0.716770
0.719575
0.722412
0.725252
0.728054
0.730879
0.733710
0.736473
0.739349
0.742132
0.744948
0.747747
0.750527
0.753307
0.756115
0.758913
0.761666
0.764474
0.767251
0.770049
0.772827
0.775583
0.778369
0.781168
0.783933
0.786695
0.789440
0.792238
0.794992
0.797751
0.800507
0.803210
0.805993
0.808713
0.811479
0.814235
0.816953
0.819688
0.822453
0.825189
0.827930
0.830660
0.833410
0.836109
0.838842
0.841544
0.844262
0.847012
0.849691
0.852411
0.855131
0.857816
0.860512
0.863242
0.865944
0.868644
0.871364
0.874060
0.876778
0.879495
0.882123
0.884813
0.887531
0.890206
0.892888
0.895593
0.898278
0.900953
0.903599
0.906262
0.908902
0.911595
0.914271
0.916979
0.919586
0.922282
0.924907
0.927558
0.930195
0.932840
0.935510
0.938131
0.940807
0.943434
0.946071
0.948731
0.951362
0.953983
0.956626
0.959283
0.961881
0.964499
0.967148
0.969757
0.972367
0.974995
0.977565
0.980175
0.982817
0.985427
0.988036
0.990604
0.993196
0.995823
0.998385
1.000991
1.003595
1.006225
1.008775
1.011409
1.013937
1.016532
1.019106
1.021655
1.024229
1.026847
1.029415
1.031974
1.034565
1.037103
1.039658
1.042208
1.044755
1.047337
1.049890
1.052434
1.054971
1.057557
1.060086
1.062593
1.065116
1.067633
1.070170
1.072708
1.075243
1.077810
1.080348
1.082856
1.085372
1.087907
1.090415
1.092913
1.095448
1.097974
1.100502
1.103019
1.105473
1.107980
1.110461
1.112957
1.115435
1.117972
1.120477
1.122946
1.125474
1.127922
1.130370
1.132827
1.135329
1.137797
1.140317
1.142750
1.145245
1.147732
1.150183
1.152619
1.155088
1.157520
1.159965
1.162473
1.164858
1.167359
1.169825
1.172297
1.174706
1.177159
1.179586
1.181998
1.184431
1.186837
1.189296
1.191771
1.194189
1.196598
1.198998
1.201407
1.203791
1.206200
1.208621
1.211045
1.213463
1.215863
1.218253
1.220650
1.223062
1.225402
1.227799
1.230175
1.232602
1.234950
1.237323
1.239705
1.242105
1.244451
1.246851
1.249248
1.251585
1.253954
1.256342
1.258697
1.261037
1.263395
1.265750
1.268111
1.270427
1.272785
1.275101
1.277479
1.279801
1.282186
1.284493
1.286788
1.289107
1.291447
1.293781
1.296073
1.298383
1.300696
1.303039
1.305352
1.307626
1.309903
1.312204
1.314478
1.316767
1.319077
1.321333
1.323619
1.325929
1.328197
1.330462
1.332742
1.334986
1.337260
1.339549
1.341787
1.343998
1.346269
1.348564
1.350796
1.353043
1.355263
1.357513
1.359775
1.362010
1.364242
1.366492
1.368724
1.370956
1.373197
1.375400
1.377638
1.379861
1.382060
1.384241
1.386464
1.388615
1.390835
1.393052
1.395248
1.397403
1.399632
1.401819
1.403991
1.406169
1.408326
1.410513
1.412703
1.414873
1.417039
1.419208
1.421371
1.423531
1.425694
1.427834
1.429997
1.432160
1.434308
1.436477
1.438652
1.440785
1.442910
1.445067
1.447197
1.449357
1.451490
1.453579
1.455724
1.457839
1.459978
1.462049
1.464209
1.466294
1.468421
1.470554
1.472664
1.474725
1.476843
1.478976
1.481058
1.483159
1.485265
1.487371
1.489453
1.491524
1.493597
1.495712
1.497741
1.499832
1.501887
1.503978
1.506088
1.508185
1.510264
1.512331
1.514417
1.516451
1.518464
1.520540
1.522590
1.524621
1.526676
1.528717
1.530784
1.532824
1.534862
1.536878
1.538924
1.540977
1.542996
1.545027
1.547047
1.549060
1.551100
1.553126
1.555151
1.557146
1.559154
1.561167
1.563198
1.565194
1.567198
1.569223
1.571207
1.573214
1.575191
1.577196
1.579167
1.581154
1.583146
1.585138
1.587137
1.589093
1.591071
1.593048
1.595007
1.596976
1.598983
1.600916
1.602932
1.604885
1.606836
1.608795
1.610737
1.612702
1.614617
1.616555
1.618505
1.620459
1.622370
1.624330
1.626250
1.628231
1.630112
1.632024
1.633974
1.635877
1.637800
1.639718
1.641644
1.643559
1.645497
1.647403
1.649320
1.651249
1.653143
1.655033
1.656927
1.658823
1.660744
1.662634
1.664522
1.666418
1.668327
1.670218
1.672117
1.674013
1.675874
1.677759
1.679616
1.681480
1.683316
1.685222
1.687055
1.688907
1.690785
1.692631
1.694497
1.696361
1.698207
1.700046
1.701904
1.703731
1.705571
1.707413
1.709247
1.711090
1.712914
1.714742
1.716599
1.718412
1.720222
1.722046
1.723871
1.725662
1.727457
1.729243
1.731040
1.732856
1.734648
1.736448
1.738267
1.740098
1.741868
1.743681
1.745463
1.747240
1.749014
1.750778
1.752567
1.754335
1.756084
1.757879
1.759647
1.761402
1.763194
1.764968
1.766738
1.768497
1.770238
1.771970
1.773725
1.775460
1.777183
1.778893
1.780661
1.782360
1.784116
1.785868
1.787642
1.789359
1.791087
1.792813
1.794545
1.796247
1.797915
1.799617
1.801301
1.803018
1.804686
1.806415
1.808162
1.809879
1.811595
1.813303
1.815011
1.816674
1.818318
1.819999
1.821722
1.823355
1.824970
1.826657
1.828376
1.830090
1.831750
1.833413
1.835096
1.836801
1.838398
1.840019
1.841694
1.843351
1.845004
1.846658
1.848330
1.849960
1.851602
1.853250
1.854933
1.856590
1.858205
1.859814
1.861426
1.863047
1.864655
1.866315
1.867918
1.869518
1.871157
1.872733
1.874339
1.875960
1.877581
1.879198
1.880807
1.882380
1.883983
1.885595
1.887168
1.888762
1.890335
1.891890
1.893469
1.895030
1.896608
1.898145
1.899754
1.901345
1.902960
1.904521
1.906091
1.907628
1.909198
1.910735
1.912218
1.913767
1.915292
1.916796
1.918324
1.919852
1.921419
1.923004
1.924520
1.926057
1.927615
1.929137
1.930575
1.932094
1.933646
1.935129
1.936603
1.938071
1.939593
1.941097
1.942577
1.944033
1.945567
1.947086
1.948557
1.950022
1.951475
1.953009
1.954486
1.955924
1.957410
1.958902
1.960359
1.961761
1.963190
1.964640
1.966114
1.967528
1.968975
1.970446
1.971932
1.973331
1.974779
1.976253
1.977706
1.979120
1.980534
1.981912
1.983341
1.984716
1.986086
1.987458
1.988878
1.990307
1.991733
1.993141
1.994573
1.996003
1.997417
1.998804
2.000194
2.001581
2.002927
2.004257
2.005644
2.007016
2.008358
2.009701
2.011055
2.012460
2.013844
2.015186
2.016562
2.017955
2.019357
2.020660
2.022008
2.023360
2.024720
2.026032
2.027317
2.028651
2.029966
2.031284
2.032554
2.033882
2.035242
2.036578
2.037894
2.039206
2.040575
2.041896
2.043173
2.044476
2.045833
2.047112
2.048371
2.049641
2.050941
2.052239
2.053506
2.054749
2.056035
2.057335
2.058590
2.059852
2.061128
2.062458
2.063750
2.065014
2.066323
2.067551
2.068813
2.070047
2.071296
2.072531
2.073744
2.074964
2.076198
2.077432
2.078670
2.079889
2.081160
2.082436
2.083652
2.084875
2.086118
2.087358
2.088563
2.089794
2.091020
2.092206
2.093369
2.094591
2.095774
2.096955
2.098159
2.099331
2.100553
2.101766
2.102935
2.104106
2.105302
2.106497
2.107684
2.108864
2.110042
2.111243
2.112408
2.113580
2.114748
2.115896
2.117040
2.118164
2.119320
2.120453
2.121594
2.122715
2.123868
2.125034
2.126163
2.127263
2.128416
2.129570
2.130687
2.131793
2.132940
2.134088
2.135205
2.136317
2.137437
2.138555
2.139657
2.140733
2.141839
2.142911
2.144020
2.145098
2.146183
2.147270
2.148367
2.149422
2.150485
2.151573
2.152666
2.153721
2.154776
2.155875
2.156966
2.158053
2.159114
2.160162
2.161253
2.162317
2.163335
2.164345
2.165394
2.166424
2.167419
2.168447
2.169477
2.170490
2.171527
2.172524
2.173564
2.174577
2.175613
2.176611
2.177608
2.178645
2.179673
2.180653
2.181659
2.182705
2.183715
2.184685
2.185662
2.186648
2.187600
2.188547
2.189491
2.190435
2.191387
2.192352
2.193332
2.194276
2.195237
2.196181
2.197176
2.198120
2.199060
2.199974
2.200915
2.201865
2.202793
2.203725
2.204699
2.205646
2.206568
2.207479
2.208408
2.209271
2.210155
2.211066
2.211934
2.212809
2.213696
2.214592
2.215497
2.216393
2.217270
2.218154
2.219041
2.219895
2.220746
2.221597
2.222481
2.223361
2.224194
2.225084
2.225977
2.226861
2.227745
2.228616
2.229467
2.230318
2.231106
2.231888
2.232694
2.233521
2.234330
2.235121
2.235942
2.236805
2.237632
2.238420
2.239228
2.240043
2.240849
2.241613
2.242368
2.243144
2.243935
2.244723
2.245484
2.246293
2.247102
2.247890
2.248675
2.249475
2.250278
2.251054
2.251797
2.252585
2.253364
2.254092
2.254829
2.255563
2.256315
2.257031
2.257747
2.258436
2.259170
2.259898
2.260611
2.261303
2.262028
2.262769
2.263479
2.264183
2.264899
2.265600
2.266304
2.266987
2.267673
2.268371
2.269060
2.269737
2.270441
2.271158
2.271870
2.272578
2.273285
2.273998
2.274702
2.275370
2.276041
2.276703
2.277365
2.278021
2.278651
2.279274
2.279900
2.280547
2.281161
2.281775
2.282426
2.283064
2.283690
2.284310
2.284918
2.285527
2.286150
2.286755
2.287339
2.287935
2.288517
2.289104
2.289700
2.290302
2.290913
2.291480
2.292067
2.292684
2.293295
2.293885
2.294485
2.295108
2.295725
2.296351
2.296962
2.297550
2.298140
2.298736
2.299296
2.299833
2.300387
2.300935
2.301456
2.301990
2.302511
2.303038
2.303572
2.304129
2.304671
2.305190
2.305726
2.306253
2.306772
2.307275
2.307769
2.308264
2.308761
2.309243
2.309729
2.310199
2.310693
2.311185
2.311661
2.312150
2.312632
2.313087
2.313570
2.314067
2.314555
2.315029
2.315526
2.316020
2.316515
2.317027
2.317515
2.318007
2.318513
2.319016
2.319520
2.320002
2.320482
2.320955
2.321437
2.321902
2.322354
2.322783
2.323217
2.323666
2.324098
2.324499
2.324922
2.325338
2.325740
2.326138
2.326524
2.326929
2.327333
2.327723
2.328106
2.328487
2.328867
2.329251
2.329632
2.330024
2.330401
2.330752
2.331130
2.331498
2.331870
2.332214
2.332568
2.332927
2.333293
2.333637
2.333979
2.334308
2.334638
2.334970
2.335300
2.335612
2.335947
2.336274
2.336591
2.336930
2.337256
2.337568
2.337883
2.338233
2.338599
2.338943
2.339303
2.339668
2.340040
2.340411
2.340768
2.341121
2.341499
2.341861
2.342218
2.342568
2.342928
2.343278
2.343623
2.343968
2.344297
2.344603
2.344914
2.345220
2.345523
2.345795
2.346083
2.346367
2.346640
2.346907
2.347167
2.347407
2.347668
2.347910
2.348141
2.348363
2.348599
2.348827
2.349046
2.349265
2.349480
2.349687
2.349894
2.350127
2.350352
2.350556
2.350766
2.350981
2.351188
2.351392
2.351587
2.351775
2.351985
2.352186
2.352390
2.352578
2.352773
2.352980
2.353168
2.353360
2.353552
2.353711
2.353878
2.354049
2.354208
2.354358
2.354514
2.354664
2.354813
2.354957
2.355095
2.355221
2.355359
2.355500
2.355628
2.355748
2.355895
2.356033
2.356158
2.356278
2.356392
2.356488
2.356581
2.356686
2.356779
2.356863
2.356965
2.357057
2.357150
2.357246
2.357327
2.357387
2.357474
2.357558
2.357639
2.357702
2.357776
2.357848
2.357920
2.357983
2.358040
2.358091
2.358160
2.358223
2.358280
2.358331
2.358394
2.358454
2.358507
2.358573
2.358639
2.358687
2.358750
2.358813
2.358876
2.358924
2.358984
2.359041
2.359104
2.359167
2.359221
2.359265
2.359322
2.359391
2.359451
2.359511
2.359589
2.359664
2.359736
2.359814
2.359889
2.359963
2.360047
2.360131
2.360218
2.360293
2.360371
2.360470
2.360569
2.360671
2.360770
2.360859
2.360976
2.361108
2.361231
2.361345
2.361476
2.361620
2.361761
2.361890
2.362022
2.362157
2.362294
2.362447
2.362597
2.362753
2.362918
2.363073
2.363235
2.363400
2.363574
2.363715
2.363861
2.364029
2.364197
2.364344
2.364506
2.364658
2.364823
2.364976
2.365126
2.365261
2.365422
2.365572
2.365704
2.365827
2.365968
2.366093
2.366207
2.366324
2.366438
2.366531
2.366636
2.366723
2.366807
2.366869
2.366938
2.367004
2.367061
2.367109
2.367145
2.367163
2.367190
2.367217
2.367226
2.367226
2.367229
2.367232
2.367232
2.367232
2.367232
2.367232
2.367232
2.367232
2.367232
2.367232
2.367232
2.367184
2.367109
2.367034
2.366965
2.366873
2.366786
2.366702
2.366615
2.366510
2.366402
2.366315
2.366231
2.366144
2.366057
2.365962
2.365881
2.365791
2.365698
2.365599
2.365524
2.365446
2.365368
2.365290
2.365216
2.365138
2.365054
2.364985
2.364925
2.364856
2.364796
2.364742
2.364691
2.364643
2.364595
2.364536
2.364491
2.364475
2.364455
2.364416
2.364398
2.364386
2.364374
2.364362
2.364350
2.364326
2.364326
2.364326
2.364326
2.364323
2.364323
2.364323
2.364323
2.364323
2.364323
2.364323
2.364323
2.364323
2.364323
2.364323
2.364323
2.364323
2.364323
2.364323
2.364323
2.364323
2.364332
2.364371
2.364410
2.364440
2.364488
2.364538
2.364580
2.364613
2.364652
2.364679
2.364706
2.364745
2.364784
2.364805
2.364844
2.364880
2.364910
2.364943
2.364967
2.364985
2.365018
2.365048
2.365075
2.365087
2.365099
2.365126
2.365147
2.365168
2.365180
2.365180
2.365180
2.365186
2.365192
2.365192
2.365201
2.365207
2.365207
2.365210
2.365210
2.365210
2.365210
2.365210
2.365210
2.365210
2.365210
2.365210
2.365210
2.365210
2.365210
2.365210
2.365210
2.365210
2.365210
2.365210
2.365210
2.365210
2.365210
2.365210
2.365210
2.365210
2.365210
2.365210
2.365210
2.365210
2.365210
2.365210
2.365210
2.365210
2.365210
2.365210
2.365210
2.365210
2.365210
2.365210
2.365210
2.365210
2.365210
2.365210
2.365210
2.365210
2.365210
2.365210
2.365210
2.365210
2.365210
2.365210
2.365210
2.365210
2.365210
2.365210
2.365210
2.365210
2.365210
2.365210
2.365210
2.365210
2.365210
2.365210
2.365210
2.365210
2.365210
2.365210
2.365210
2.365210
2.365210
2.365210
2.365210
2.365210
2.365210
2.365210
2.365210
2.365210
2.365210
2.365210
2.365210
2.365210
2.365210
2.365210
2.365210
2.365210
2.365210
2.365210
2.365210
2.365210
2.365210
2.365210
2.365210
2.365210
2.365210
2.365210
2.365210
2.365210
2.365210
2.365210
2.365210
2.365210
2.365210