2.517769
2.517769
2.517769
2.517769
2.517769
2.517769
2.517769
2.517769
2.517769
2.517769
2.517769
2.517856
2.518257
2.518800
2.519512
2.520355
2.521343
2.522482
2.523770
2.525220
2.526799
2.528456
2.530238
2.532111
2.534130
2.536284
2.538612
2.541081
2.543802
2.546603
2.549596
2.552766
2.556073
2.559477
2.563012
2.566751
2.570643
2.574625
2.578795
2.583086
2.587571
2.592236
2.597020
2.601961
2.607213
2.612456
2.617798
2.623395
2.629036
2.634974
2.640940
2.646995
2.653343
2.659932
2.666472
2.673219
2.680176
2.687283
2.694545
2.701874
2.709280
2.717063
2.724868
2.732778
2.740900
2.749220
2.757708
2.766256
2.774929
2.783828
2.792915
2.802065
2.811349
2.820874
2.830470
2.840222
2.850235
2.860335
2.870698
2.880993
2.891575
2.902154
2.912994
2.924070
2.935197
2.946352
2.957740
2.969271
2.980932
2.992796
3.004781
3.016975
3.029037
3.041465
3.053949
3.066739
3.079670
3.092535
3.105949
3.119002
3.132380
3.145988
3.159515
3.173357
3.187546
3.201619
3.215904
3.230453
3.244915
3.259532
3.274150
3.288732
3.303356
3.318174
3.332837
3.347637
3.362291
3.376894
3.391545
3.406273
3.420957
3.435817
3.450777
3.465712
3.480465
3.495394
3.510180
3.524965
3.540032
3.554428
3.569292
3.584020
3.598509
3.613415
3.628209
3.642959
3.657729
3.672512
3.687171
3.701837
3.716587
3.731094
3.745969
3.760272
3.775004
3.789652
3.804371
3.818761
3.833250
3.847805
3.862222
3.876663
3.891140
3.905431
3.919899
3.934418
3.948793
3.963219
3.977843
3.992182
4.006734
4.021043
4.035526
4.049985
4.064615
4.078921
4.093493
4.108030
4.122400
4.136987
4.151635
4.165869
4.180766
4.195102
4.209654
4.224119
4.238865
4.253276
4.267924
4.282359
4.297123
4.311502
4.326317
4.340812
4.355277
4.369808
4.384306
4.399118
4.413410
4.427784
4.442576
4.457023
4.471653
4.486220
4.500601
4.515273
4.529489
4.544430
4.558608
4.573105
4.587735
4.602128
4.616551
4.631022
4.645550
4.660057
4.674384
4.688840
4.703200
4.717755
4.731950
4.746544
4.760982
4.775378
4.789873
4.804461
4.818815
4.833529
4.847909
4.862333
4.876819
4.891571
4.905916
4.920453
4.935233
4.949437
4.964241
4.978747
4.993149
5.007836
5.022496
5.036958
5.051560
5.066232
5.080745
5.095450
5.109957
5.124529
5.138935
5.153642
5.168056
5.182686
5.197211
5.211637
5.226419
5.240746
5.255430
5.269808
5.284333
5.298804
5.313209
5.327791
5.342157
5.356469
5.370937
5.385285
5.399705
5.414140
5.428273
5.442780
5.456984
5.471260
5.485402
5.499771
5.514023
5.528272
5.542656
5.556786
5.571011
5.585323
5.599515
5.613752
5.627894
5.642290
5.656422
5.670657
5.684948
5.699041
5.713389
5.727438
5.741819
5.756068
5.770246
5.784492
5.798852
5.813023
5.827153
5.841447
5.855654
5.869870
5.884084
5.898174
5.912348
5.926511
5.940658
5.954782
5.968989
5.983118
5.997275
6.011392
6.025324
6.039390
6.053756
6.067508
6.081509
6.095728
6.109414
6.123396
6.137736
6.151434
6.165395
6.179345
6.193208
6.207196
6.221035
6.234871
6.248836
6.262626
6.276378
0.006984
0.020999
0.034781
0.048518
0.062465
0.075968
0.090109
0.103762
0.117583
0.131437
0.145069
0.159100
0.172914
0.186582
0.200646
0.214389
0.228249
0.242048
0.255920
0.269681
0.283595
0.297404
0.311239
0.324952
0.338887
0.352672
0.366502
0.380170
0.394122
0.407835
0.421644
0.435414
0.449259
0.462966
0.476726
0.490350
0.504254
0.518138
0.531662
0.545621
0.559103
0.572786
0.586541
0.600233
0.613808
0.627635
0.641096
0.654770
0.668348
0.681884
0.695475
0.709056
0.722745
0.736392
0.749940
0.763587
0.776868
0.790551
0.804043
0.817501
0.831163
0.844585
0.858193
0.871685
0.885323
0.898871
0.912509
0.926021
0.939386
0.953243
0.966758
0.980364
0.993930
1.007595
1.021110
1.034901
1.048368
1.061985
1.075737
1.089288
1.102986
1.116714
1.130286
1.143924
1.157637
1.171206
1.184955
1.198851
1.212267
1.225911
1.239510
1.253169
1.266828
1.280523
1.294078
1.307689
1.321384
1.334980
1.348714
1.362259
1.375798
1.389346
1.402966
1.416505
1.430185
1.443859
1.457243
1.470800
1.484441
1.497920
1.511441
1.525050
1.538580
1.552191
1.565775
1.579188
1.592799
1.606467
1.619719
1.633390
1.647010
1.660558
1.674229
1.687876
1.701379
1.715026
1.728617
1.742264
1.755851
1.769711
1.783082
1.796732
1.810463
1.824206
1.837937
1.851488
1.865117
1.878839
1.892657
1.906184
1.920166
1.933601
1.947446
1.960847
1.974722
1.988267
2.002124
2.015792
2.029507
2.042972
2.056655
2.070482
2.084003
2.097704
2.111186
2.124806
2.138567
2.152232
2.165684
2.179370
2.192849
2.206308
2.219910
2.233413
2.247009
2.260498
2.274184
2.287558
2.300941
2.314256
2.327876
2.341352
2.354822
2.368107
2.381700
2.394984
2.408374
2.421859
2.435233
2.448680
2.462045
2.475368
2.489013
2.502447
2.515809
2.529253
2.542789
2.556106
2.569544
2.583026
2.596340
2.609661
2.623416
2.636512
2.650054
2.663497
2.676949
2.690189
2.703887
2.717282
2.730408
2.744112
2.757480
2.770768
2.784091
2.797439
2.810894
2.824211
2.837472
2.850840
2.864317
2.877481
2.890814
2.904167
2.917356
2.930664
2.944009
2.957123
2.970359
2.983629
2.996736
3.009994
3.023252
3.036392
3.049401
3.062587
3.075709
3.088781
3.102015
3.115000
3.128152
3.141182
3.154125
3.167443
3.180305
3.193475
3.206418
3.219646
3.232571
3.245580
3.258783
3.271831
3.284879
3.297918
3.310972
3.324085
3.337202
3.350166
3.363262
3.376298
3.389297
3.402597
3.415480
3.428489
3.441438
3.454666
3.467648
3.480695
3.493899
3.506839
3.519764
3.532779
3.545923
3.558865
3.571805
3.584805
3.597976
3.610982
3.623847
3.636823
3.649778
3.662601
3.675634
3.688601
3.701316
3.714322
3.727250
3.739995
3.752851
3.765977
3.778524
3.791566
3.804371
3.817153
3.830009
3.842799
3.855523
3.868217
3.881007
3.893681
3.906459
3.919207
3.931859
3.944608
3.957359
3.970119
3.982750
3.995541
4.008142
4.020995
4.033743
4.046476
4.059243
4.072006
4.084874
4.097508
4.110262
4.122984
4.135741
4.148552
4.161408
4.174102
4.186913
4.199734
4.212449
4.225392
4.238074
4.250960
4.263858
4.276634
4.289466
4.302211
4.315028
4.327839
4.340647
4.353390
4.366272
4.379126
4.391910
4.404703
4.417382
4.430433
4.443119
4.455879
4.468537
4.481537
4.494255
4.507141
4.519877
4.532598
4.545305
4.558149
4.570831
4.583561
4.596262
4.608926
4.621947
4.634438
4.647225
4.659808
4.672577
4.685287
4.698005
4.710783
4.723454
4.736115
4.748803
4.761477
4.774189
4.786922
4.799595
4.812421
4.824999
4.837813
4.850525
4.863336
4.876168
4.888970
4.901692
4.914629
4.927185
4.940131
4.952840
4.965589
4.978472
4.991295
5.004103
5.016995
5.029533
5.042587
5.055329
5.068123
5.080919
5.093775
5.106523
5.119382
5.132316
5.144966
5.157753
5.170615
5.183375
5.196099
5.208946
5.221706
5.234521
5.247236
5.259978
5.272634
5.285340
5.298034
5.310809
5.323426
5.336021
5.348778
5.361389
5.373948
5.386549
5.399415
5.411623
5.424339
5.436904
5.449389
5.461963
5.474538
5.486986
5.499498
5.512114
5.524557
5.537098
5.549481
5.562098
5.574367
5.587043
5.599485
5.611937
5.624527
5.637062
5.649307
5.662082
5.674407
5.686871
5.699398
5.711957
5.724349
5.736869
5.749330
5.761850
5.774431
5.786751
5.799202
5.811750
5.824144
5.836575
5.849012
5.861410
5.874113
5.886456
5.898917
5.911246
5.923784
5.936149
5.948508
5.961004
5.973243
5.985689
5.998153
6.010316
6.022768
6.035124
6.047345
6.059589
6.071909
6.084172
6.096477
6.108824
6.120985
6.133374
6.145493
6.157648
6.169946
6.182386
6.194191
6.206546
6.218503
6.230580
6.243053
6.255049
6.267081
6.279171
0.008110
0.020128
0.032342
0.044461
0.056428
0.068529
0.080663
0.092848
0.104799
0.116936
0.129043
0.141045
0.153260
0.165307
0.177420
0.189501
0.201566
0.213607
0.225894
0.237785
0.250099
0.262020
0.274214
0.286180
0.298362
0.310308
0.322504
0.334633
0.346668
0.358742
0.370861
0.382872
0.394985
0.406915
0.419124
0.431043
0.443273
0.455173
0.467295
0.479333
0.491338
0.503325
0.515226
0.527213
0.539299
0.551193
0.563157
0.575114
0.587161
0.598981
0.611010
0.622778
0.634828
0.646669
0.658602
0.670547
0.682409
0.694285
0.706248
0.717951
0.729956
0.741653
0.753445
0.765367
0.777237
0.788853
0.800930
0.812566
0.824518
0.836283
0.848115
0.859973
0.871771
0.883621
0.895404
0.907278
0.919061
0.930992
0.942829
0.954666
0.966474
0.978488
0.990298
1.002139
1.014015
1.025820
1.037915
1.049560
1.061692
1.073502
1.085393
1.097294
1.109131
1.121157
1.132974
1.144841
1.156864
1.168759
1.180713
1.192685
1.204564
1.216264
1.228362
1.239987
1.252157
1.263967
1.275841
1.287726
1.299692
1.311530
1.323397
1.335291
1.347153
1.359008
1.370923
1.382704
1.394595
1.406508
1.418342
1.430135
1.442026
1.453905
1.465569
1.477598
1.489319
1.501045
1.512928
1.524741
1.536450
1.548296
1.559963
1.571770
1.583604
1.595403
1.607037
1.619105
1.630759
1.642567
1.654470
1.666344
1.678121
1.689970
1.701862
1.713675
1.725582
1.737380
1.749247
1.761136
1.772952
1.784823
1.796834
1.808605
1.820608
1.832484
1.844351
1.856210
1.868245
1.880028
1.892171
1.903790
1.915768
1.927669
1.939533
1.951448
1.963444
1.975342
1.987305
1.999157
2.011001
2.023003
2.034900
2.046645
2.058632
2.070491
2.082277
2.094132
2.106018
2.117951
2.129660
2.141689
2.153397
2.165115
2.177102
2.188742
2.200567
2.212372
2.224003
2.235750
2.247671
2.259254
2.270963
2.282707
2.294479
2.306092
2.317812
2.329431
2.341064
2.352872
2.364583
2.376223
2.387851
2.399497
2.411274
2.422863
2.434410
2.446043
2.457788
2.469332
2.481019
2.492782
2.504296
2.515923
2.527725
2.539278
2.550872
2.562587
2.574199
2.585941
2.597665
2.609149
2.620935
2.632548
2.644151
2.655851
2.667503
2.679101
2.690710
2.702452
2.714014
2.725614
2.737332
2.748878
2.760455
2.772239
2.783711
2.795219
2.806882
2.818420
2.830111
2.841490
2.853147
2.864661
2.876244
2.887833
2.899332
2.910789
2.922212
2.933813
2.945381
2.956748
2.968214
2.979650
2.990954
3.002495
3.013898
3.025214
3.036749
3.048155
3.059582
3.071042
3.082370
3.093545
3.104870
3.116279
3.127547
3.138722
3.150185
3.161436
3.172746
3.184167
3.195330
3.206697
3.218085
3.229302
3.240520
3.251853
3.263020
3.274309
3.285859
3.296995
3.308272
3.319624
3.330931
3.342122
3.353540
3.364691
3.376109
3.387239
3.398690
3.409853
3.421388
3.432432
3.443817
3.455091
3.466299
3.477520
3.488836
3.500083
3.511357
3.522625
3.533917
3.545078
3.556268
3.567551
3.578768
3.590138
3.601197
3.612444
3.623655
3.634872
3.645955
3.657211
3.668266
3.679433
3.690599
3.701648
3.712881
3.723876
3.735117
3.746107
3.757228
3.768484
3.779426
3.790490
3.801453
3.812559
3.823744
3.834464
3.845594
3.856745
3.867582
3.878577
3.889570
3.900599
3.911501
3.922575
3.933474
3.944377
3.955420
3.966302
3.977265
3.988350
3.999202
4.010149
4.021148
4.032161
4.043118
4.054050
4.065094
4.075979
4.087106
4.097913
4.108935
4.119982
4.130908
4.141889
4.153022
4.163916
4.174900
4.186036
4.196944
4.208003
4.218956
4.229919
4.240972
4.252048
4.262969
4.273988
4.285047
4.295985
4.306999
4.318069
4.329106
4.340117
4.351089
4.362051
4.373151
4.384084
4.395032
4.406300
4.417121
4.428045
4.438888
4.450078
4.461011
4.471887
4.482933
4.493890
4.504978
4.515806
4.526751
4.537632
4.548681
4.559539
4.570439
4.581413
4.592271
4.603147
4.614085
4.625021
4.635753
4.646781
4.657612
4.668422
4.679325
4.690173
4.701010
4.711946
4.722732
4.733595
4.744483
4.755274
4.766177
4.777020
4.787824
4.798690
4.809695
4.820570
4.831401
4.842298
4.853057
4.864085
4.874934
4.885789
4.896707
4.907762
4.918557
4.929402
4.940410
4.951339
4.962236
4.973184
4.984038
4.995001
5.006000
5.016839
5.027709
5.038711
5.049541
5.060474
5.071502
5.082306
5.093226
5.104270
5.114942
5.125833
5.136777
5.147749
5.158634
5.169614
5.180388
5.191240
5.202053
5.212952
5.223798
5.234676
5.245477
5.256293
5.267247
5.277904
5.288869
5.299478
5.310258
5.320966
5.331764
5.342507
5.353147
5.364052
5.374655
5.385261
5.395999
5.406692
5.417403
5.428195
5.438834
5.449530
5.460034
5.470700
5.481372
5.491993
5.502458
5.513127
5.523730
5.534243
5.544927
5.555482
5.566076
5.576703
5.587244
5.597840
5.608498
5.618959
5.629479
5.640301
5.650670
5.661234
5.671819
5.682266
5.692810
5.703520
5.714093
5.724580
5.735144
5.745840
5.756260
5.767016
5.777319
5.788036
5.798543
5.808993
5.819510
5.830068
5.840563
5.851064
5.861613
5.872060
5.882607
5.893153
5.903606
5.914167
5.924626
5.935229
5.945548
5.956192
5.966565
5.976832
5.987493
5.997811
6.008288
6.018754
6.029102
6.039387
6.049915
6.060255
6.070612
6.080987
6.091351
6.101573
6.112030
6.122369
6.132574
6.142943
6.153204
6.163553
6.173772
6.183998
6.194343
6.204581
6.214836
6.224936
6.235254
6.245441
6.255684
6.265835
6.276022
0.003059
0.013225
0.023444
0.033727
0.043680
0.053890
0.064041
0.074221
0.084432
0.094541
0.104796
0.114851
0.125034
0.135254
0.145354
0.155459
0.165790
0.175955
0.186058
0.196254
0.206386
0.216528
0.226730
0.236832
0.247034
0.257110
0.267302
0.277513
0.287636
0.297847
0.307959
0.318085
0.328173
0.338339
0.348519
0.358625
0.368707
0.378920
0.388972
0.399117
0.409294
0.419208
0.429386
0.439563
0.449678
0.459652
0.469791
0.479905
0.489891
0.500033
0.510052
0.520106
0.530242
0.540195
0.550211
0.560260
0.570144
0.580222
0.590286
0.600236
0.610207
0.620286
0.630196
0.640152
0.650120
0.660040
0.669984
0.680024
0.689779
0.699687
0.709778
0.719590
0.729525
0.739508
0.749272
0.759117
0.769166
0.778951
0.788817
0.798931
0.808558
0.818669
0.828386
0.838332
0.848109
0.858112
0.867832
0.877868
0.887767
0.897520
0.907407
0.917332
0.927211
0.937100
0.947098
0.956964
0.966818
0.976768
0.986604
0.996506
1.006522
1.016289
1.026239
1.036273
1.046034
1.056041
1.066024
1.075716
1.085858
1.095703
1.105635
1.115498
1.125522
1.135376
1.145365
1.155273
1.165223
1.175155
1.185060
1.194992
1.204837
1.214970
1.224701
1.234723
1.244493
1.254479
1.264327
1.274420
1.284155
1.294200
1.304090
1.313893
1.323697
1.333781
1.343489
1.353609
1.363352
1.373170
1.383084
1.392974
1.402697
1.412545
1.422557
1.432358
1.442233
1.452120
1.461947
1.471756
1.481670
1.491386
1.501207
1.511157
1.520873
1.530664
1.540617
1.550384
1.559996
1.569927
1.579602
1.589525
1.599334
1.609104
1.618928
1.628788
1.638708
1.648391
1.658293
1.667967
1.677830
1.687756
1.697533
1.707354
1.717318
1.727035
1.736781
1.746707
1.756504
1.766457
1.776356
1.786225
1.795953
1.805939
1.815790
1.825665
1.835645
1.845409
1.855275
1.865216
1.875040
1.884897
1.894802
1.904719
1.914615
1.924433
1.934320
1.944078
1.953998
1.963951
1.973673
1.983590
1.993450
2.003271
2.013143
2.023015
2.032830
2.042687
2.052451
2.062341
2.072180
2.081969
2.091727
2.101650
2.111384
2.121238
2.131065
2.140814
2.150596
2.160381
2.170097
2.179778
2.189758
2.199354
2.209055
2.218846
2.228503
2.238081
2.247854
2.257438
2.267230
2.276916
2.286656
2.296124
2.305903
2.315661
2.325233
2.334836
2.344489
2.354049
2.363771
2.373266
2.382931
2.392579
2.402241
2.411700
2.421407
2.430943
2.440554
2.450112
2.459711
2.469326
2.478946
2.488566
2.498163
2.507678
2.517331
2.526889
2.536494
2.546103
2.555672
2.565289
2.574924
2.584536
2.594165
2.603720
2.613295
2.622975
2.632533
2.642045
2.651600
2.661184
2.670852
2.680377
2.689925
2.699560
2.709097
2.718759
2.728176
2.737622
2.747420
2.756875
2.766364
2.775966
2.785475
2.795009
2.804461
2.814151
2.823597
2.833071
2.842619
2.852180
2.861596
2.871112
2.880507
2.890059
2.899502
2.908949
2.918407
2.927848
2.937307
2.946699
2.956017
2.965505
2.974973
2.984354
2.993719
3.003058
3.012403
3.021759
3.031134
3.040617
3.049784
3.059117
3.068612
3.077861
3.087160
3.096451
3.105700
3.114991
3.124290
3.133530
3.142827
3.152154
3.161355
3.170630
3.179933
3.189053
3.198395
3.207677
3.216892
3.226183
3.235510
3.244720
3.253924
3.263251
3.272502
3.281652
3.291000
3.300204
3.309312
3.318788
3.327899
3.337103
3.346364
3.355547
3.364715
3.373976
3.383153
3.392497
3.401695
3.410983
3.420271
3.429451
3.438556
3.447793
3.457212
3.466329
3.475449
3.484722
3.493887
3.503034
3.512259
3.521475
3.530616
3.539808
3.548945
3.558179
3.567308
3.576395
3.585578
3.594752
3.603839
3.613043
3.622124
3.631166
3.640328
3.649364
3.658394
3.667568
3.676610
3.685677
3.694683
3.703797
3.712815
3.721938
3.730875
3.739962
3.748935
3.757965
3.766876
3.775879
3.784876
3.793807
3.802780
3.811852
3.820730
3.829640
3.838652
3.847604
3.856482
3.865410
3.874275
3.883272
3.892141
3.901030
3.909856
3.918749
3.927605
3.936485
3.945431
3.954189
3.963135
3.972081
3.980851
3.989665
3.998600
4.007567
4.016339
4.025238
4.034019
4.042911
4.051816
4.060624
4.069471
4.078363
4.087220
4.096103
4.104962
4.113771
4.122660
4.131642
4.140412
4.149316
4.158173
4.167032
4.175843
4.184855
4.193631
4.202556
4.211517
4.220275
4.229137
4.238092
4.246910
4.255781
4.264676
4.273637
4.282491
4.291284
4.300189
4.308991
4.317904
4.326748
4.335680
4.344476
4.353344
4.362156
4.371037
4.379824
4.388677
4.397561
4.406246
4.415075
4.423941
4.432728
4.441566
4.450414
4.459186
4.468043
4.476881
4.485681
4.494507
4.503351
4.512079
4.520863
4.529689
4.538303
4.547261
4.555914
4.564648
4.573366
4.582135
4.590824
4.599545
4.608312
4.617115
4.625776
4.634554
4.643111
4.651884
4.660671
4.669240
4.677931
4.686602
4.695293
4.703967
4.712602
4.721254
4.729943
4.738691
4.747269
4.755841
4.764658
4.773341
4.781963
4.790661
4.799286
4.807957
4.816664
4.825314
4.834029
4.842772
4.851394
4.859945
4.868657
4.877445
4.886082
4.894870
4.903343
4.912145
4.920806
4.929388
4.938187
4.946797
4.955408
4.964076
4.972788
4.981420
4.990148
4.998866
5.007476
5.016141
5.024887
5.033506
5.042156
5.050859
5.059554
5.068207
5.076826
5.085425
5.094159
5.102769
5.111332
5.120050
5.128649
5.137236
5.145834
5.154490
5.163068
5.171690
5.180334
5.188915
5.197505
5.206124
5.214708
5.223282
5.231854
5.240384
5.248926
5.257485
5.265979
5.274482
5.283176
5.291467
5.300176
5.308556
5.316981
5.325478
5.334044
5.342472
5.350879
5.359351
5.367809
5.376219
5.384569
5.392970
5.401344
5.409784
5.418239
5.426580
5.434909
5.443271
5.451735
5.459992
5.468522
5.476647
5.485018
5.493386
5.501733
5.509999
5.518415
5.526675
5.534962
5.543288
5.551587
5.559800
5.568113
5.576427
5.584658
5.592948
5.601262
5.609573
5.617782
5.626084
5.634371
5.642625
5.650879
5.659140
5.667346
5.675630
5.683893
5.692079
5.700533
5.708509
5.716874
5.725080
5.733283
5.741534
5.749813
5.758076
5.766156
5.774542
5.782703
5.790903
5.799133
5.807349
5.815564
5.823803
5.831895
5.840215
5.848239
5.856586
5.864651
5.872818
5.881046
5.889336
5.897437
5.905511
5.913670
5.921885
5.929977
5.938073
5.946309
5.954350
5.962430
5.970658
5.978723
5.986759
5.994953
6.003006
6.011140
6.019176
6.027232
6.035172
6.043333
6.051386
6.059443
6.067487
6.075454
6.083486
6.091527
6.099509
6.107437
6.115565
6.123484
6.131477
6.139494
6.147398
6.155359
6.163373
6.171216
6.179189
6.187156
6.195083
6.202945
6.210866
6.218719
6.226629
6.234574
6.242412
6.250309
6.258189
6.266039
6.273910
6.281786
0.006436
0.014270
0.022177
0.029994
0.037810
0.045669
0.053468
0.061302
0.069185
0.076984
0.084794
0.092662
0.100455
0.108313
0.116208
0.123866
0.131764
0.139697
0.147481
0.155187
0.163093
0.170883
0.178673
0.186481
0.194282
0.202162
0.209922
0.217678
0.225546
0.233384
0.241195
0.248996
0.256837
0.264594
0.272401
0.280206
0.288002
0.295789
0.303605
0.311308
0.319152
0.326924
0.334621
0.342443
0.350203
0.357963
0.365782
0.373512
0.381314
0.389080
0.396798
0.404557
0.412344
0.420200
0.427732
0.435549
0.443168
0.451059
0.458687
0.466474
0.474051
0.481889
0.489562
0.497178
0.504937
0.512604
0.520364
0.527875
0.535749
0.543332
0.550978
0.558645
0.566288
0.573904
0.581645
0.589240
0.596820
0.604631
0.612244
0.619812
0.627398
0.634975
0.642591
0.650222
0.657784
0.665457
0.673076
0.680584
0.688149
0.695843
0.703372
0.710853
0.718436
0.725893
0.733599
0.741084
0.748592
0.756136
0.763743
0.771245
0.778831
0.786324
0.793796
0.801274
0.808863
0.816374
0.823867
0.831418
0.838875
0.846434
0.853924
0.861393
0.868964
0.876514
0.883953
0.891462
0.899015
0.906502
0.914037
0.921632
0.929071
0.936660
0.944159
0.951601
0.959148
0.966761
0.974147
0.981670
0.989253
0.996785
1.004200
1.011741
1.019315
1.026838
1.034448
1.041870
1.049339
1.056931
1.064445
1.072028
1.079518
1.086996
1.094588
1.101997
1.109607
1.117065
1.124621
1.132093
1.139598
1.147157
1.154641
1.162149
1.169696
1.177168
1.184695
1.192188
1.199648
1.207174
1.214700
1.222097
1.229695
1.237188
1.244547
1.252016
1.259554
1.267065
1.274546
1.282045
1.289500
1.297041
1.304483
1.311964
1.319295
1.326860
1.334306
1.341718
1.349241
1.356641
1.364170
1.371550
1.379025
1.386380
1.393861
1.401279
1.408653
1.416140
1.423492
1.430863
1.438365
1.445690
1.453105
1.460452
1.467810
1.475264
1.482628
1.489957
1.497273
1.504694
1.512050
1.519411
1.526913
1.534170
1.541483
1.548874
1.556191
1.563708
1.570937
1.578236
1.585672
1.593009
1.600367
1.607741
1.615054
1.622421
1.629825
1.637129
1.644499
1.651879
1.659201
1.666565
1.674016
1.681255
1.688586
1.696028
1.703378
1.710682
1.718055
1.725378
1.732700
1.740085
1.747414
1.754757
1.762226
1.769672
1.776844
1.784292
1.791690
1.799057
1.806385
1.813717
1.821066
1.828505
1.835747
1.843105
1.850577
1.857849
1.865207
1.872640
1.879977
1.887348
1.894727
1.902037
1.909453
1.916742
1.924139
1.931447
1.938820
1.946121
1.953521
1.960853
1.968130
1.975483
1.982811
1.990130
1.997462
2.004823
2.012181
2.019486
2.026877
2.034157
2.041492
2.048754
2.056143
2.063321
2.070658
2.077909
2.085183
2.092545
2.099753
2.107039
2.114335
2.121570
2.128923
2.136128
2.143349
2.150593
2.157901
2.165094
2.172419
2.179568
2.186759
2.193985
2.201226
2.208360
2.215515
2.222738
2.230028
2.237104
2.244367
2.251515
2.258721
2.265929
2.273003
2.280238
2.287375
2.294485
2.301606
2.308839
2.315937
2.323028
2.330159
2.337241
2.344294
2.351449
2.358654
2.365680
2.372820
2.379899
2.387045
2.394092
2.401093
2.408314
2.415358
2.422401
2.429535
2.436606
2.443643
2.450699
2.457887
2.464930
2.472019
2.479048
2.486125
2.493207
2.500323
2.507265
2.514326
2.521481
2.528450
2.535538
2.542675
2.549641
2.556732
2.563776
2.570835
2.577909
2.584955
2.591993
2.599094
2.606030
2.613220
2.620135
2.627188
2.634240
2.641245
2.648346
2.655336
2.662311
2.669387
2.676377
2.683409
2.690453
2.697427
2.704426
2.711458
2.718439
2.725416
2.732448
2.739456
2.746443
2.753436
2.760467
2.767277
2.774333
2.781212
2.788244
2.795233
2.802140
2.809111
2.816104
2.823031
2.829964
2.836987
2.843832
2.850804
2.857782
2.864664
2.871492
2.878533
2.885352
2.892351
2.899206
2.906031
2.912919
2.919875
2.926766
2.933564
2.940527
2.947391
2.954180
2.961050
2.967884
2.974718
2.981528
2.988392
2.995256
3.002147
3.008933
3.015695
3.022547
3.029289
3.036117
3.042921
3.049683
3.056454
3.063327
3.070044
3.076800
3.083565
3.090309
3.097074
3.103842
3.110500
3.117235
3.124033
3.130726
3.137365
3.144178
3.150868
3.157586
3.164333
3.171086
3.177704
3.184415
3.191156
3.197832
3.204579
3.211188
3.217908
3.224658
3.231345
3.238021
3.244699
3.251362
3.258046
3.264823
3.271424
3.278135
3.284822
3.291512
3.298178
3.304965
3.311544
3.318243
3.324870
3.331609
3.338203
3.344911
3.351550
3.358205
3.364886
3.371543
3.378131
3.384825
3.391443
3.398133
3.404778
3.411391
3.418045
3.424729
3.431293
3.437948
3.444593
3.451178
3.457757
3.464433
3.470946
3.477561
3.484243
3.490696
3.497299
3.504107
3.510578
3.517088
3.523751
3.530247
3.536844
3.543481
3.549946
3.556597
3.563108
3.569597
3.576051
3.582723
3.589134
3.595729
3.602251
3.608687
3.615275
3.621723
3.628251
3.634783
3.641182
3.647641
3.654119
3.660617
3.667041
3.673527
3.679999
3.686437
3.692822
3.699246
3.705702
3.712078
3.718546
3.724886
3.731306
3.737724
3.744061
3.750448
3.756803
3.763151
3.769470
3.775936
3.782188
3.788492
3.794904
3.801243
3.807568
3.813872
3.820154
3.826491
3.832747
3.839164
3.845318
3.851688
3.857977
3.864262
3.870467
3.876753
3.883015
3.889330
3.895466
3.901806
3.907981
3.914225
3.920528
3.926775
3.932947
3.939251
3.945431
3.951654
3.957910
3.964109
3.970305
3.976489
3.982676
3.988946
3.995136
4.001314
4.007582
4.013730
4.019893
4.026155
4.032314
4.038549
4.044685
4.050881
4.057097
4.063291
4.069414
4.075571
4.081752
4.087978
4.094069
4.100292
4.106377
4.112627
4.118732
4.124871
4.131106
4.137221
4.143381
4.149586
4.155695
4.161783
4.167996
4.174136
4.180226
4.186458
4.192579
4.198694
4.204794
4.210987
4.217165
4.223292
4.229359
4.235569
4.241684
4.247776
4.253956
4.260012
4.266147
4.272289
4.278371
4.284534
4.290676
4.296734
4.302891
4.309009
4.315043
4.321209
4.327234
4.333304
4.339416
4.345555
4.351577
4.357638
4.363756
4.369778
4.375899
4.381939
4.388024
4.394037
4.400086
4.406159
4.412259
4.418218
4.424255
4.430292
4.436359
4.442307
4.448380
4.454429
4.460376
4.466371
4.472411
4.478418
4.484338
4.490345
4.496305
4.502296
4.508232
4.514164
4.520174
4.526106
4.532017
4.537926
4.543891
4.549829
4.555788
4.561810
4.567623
4.573522
4.579457
4.585287
4.591291
4.597190
4.603045
4.608950
4.614850
4.620635
4.626495
4.632400
4.638264
4.644106
4.649981
4.655841
4.661681
4.667481
4.673290
4.679157
4.684948
4.690752
4.696591
4.702448
4.708219
4.714043
4.719894
4.725635
4.731396
4.737247
4.743027
4.748860
4.754639
4.760380
4.766171
4.771984
4.777727
4.783560
4.789307
4.795026
4.800797
4.806630
4.812328
4.818081
4.823863
4.829610
4.835386
4.841163
4.846894
4.852619
4.858402
4.864082
4.869826
4.875530
4.881241
4.887128
4.892827
4.898483
4.904272
4.910000
4.915645
4.921367
4.927212
4.932770
4.938480
4.944266
4.949985
4.955693
4.961424
4.967078
4.972734
4.978498
4.984119
4.989833
4.995531
5.001155
5.006841
5.012591
5.018143
5.023811
5.029482
5.035166
5.040874
5.046485
5.052184
5.057804
5.063518
5.069046
5.074750
5.080323
5.085913
5.091525
5.097188
5.102787
5.108366
5.114043
5.119616
5.125218
5.130854
5.136379
5.142003
5.147551
5.153151
5.158756
5.164245
5.169914
5.175373
5.180993
5.186479
5.192063
5.197588
5.203116
5.208629
5.214180
5.219654
5.225158
5.230742
5.236234
5.241795
5.247173
5.252638
5.258204
5.263678
5.269083
5.274590
5.279983
5.285511
5.290850
5.296446
5.301821
5.307208
5.312658
5.317979
5.323393
5.328777
5.334148
5.339541
5.344961
5.350420
5.355675
5.361074
5.366380
5.371767
5.377112
5.382424
5.387742
5.393174
5.398411
5.403708
5.409017
5.414254
5.419578
5.424884
5.430124
5.435430
5.440688
5.445934
5.451183
5.456445
5.461658
5.466910
5.472156
5.477381
5.482618
5.487909
5.493053
5.498258
5.503516
5.508663
5.513888
5.519050
5.524221
5.529387
5.534636
5.539789
5.544918
5.550149
5.555308
5.560435
5.565612
5.570765
5.575978
5.581092
5.586287
5.591375
5.596534
5.601639
5.606792
5.611901
5.617021
5.622174
5.627256
5.632403
5.637511
5.642590
5.647641
5.652731
5.657845
5.662984
5.668068
5.673099
5.678216
5.683288
5.688324
5.693445
5.698490
5.703547
5.708578
5.713713
5.718683
5.723720
5.728747
5.733810
5.738811
5.743841
5.748868
5.753923
5.758914
5.763885
5.768906
5.773901
5.778916
5.783907
5.788875
5.793839
5.798831
5.803852
5.808808
5.813757
5.818781
5.823695
5.828657
5.833621
5.838585
5.843511
5.848529
5.853392
5.858380
5.863306
5.868198
5.873157
5.878107
5.883011
5.887949
5.892850
5.897737
5.902650
5.907531
5.912489
5.917418
5.922280
5.927143
5.932047
5.936934
5.941821
5.946692
5.951573
5.956411
5.961211
5.966115
5.970954
5.975805
5.980668
5.985476
5.990324
5.995135
5.999968
6.004777
6.009613
6.014370
6.019176
6.024012
6.028742
6.033548
6.038339
6.043097
6.047887
6.052693
6.057415
6.062166
6.066981
6.071685
6.076430
6.081143
6.085889
6.090614
6.095366
6.100070
6.104770
6.109564
6.114169
6.118870
6.123624
6.128259
6.132963
6.137664
6.142326
6.147017
6.151718
6.156371
6.161024
6.165701
6.170330
6.174971
6.179647
6.184268
6.188941
6.193522
6.198238
6.202801
6.207430
6.212062
6.216688
6.221278
6.225895
6.230563
6.235144
6.239692
6.244359
6.248959
6.253554
6.258087
6.262692
6.267258
6.271836
6.276414
6.280968
0.002349
0.006915
0.011502
0.015957
0.020607
0.025152
0.029631
0.034278
0.038757
0.043299
0.047859
0.052395
0.056898
0.061491
0.065976
0.070530
0.075069
0.079596
0.084108
0.088641
0.093156
0.097665
0.102192
0.106663
0.111175
0.115678
0.120196
0.124714
0.129151
0.133693
0.138184
0.142693
0.147169
0.151636
0.156148
0.160586
0.165113
0.169610
0.174095
0.178571
0.183068
0.187529
0.191996
0.196508
0.200871
0.205383
0.209862
0.214335
0.218775
0.223332
0.227688
0.232131
0.236635
0.241030
0.245494
0.249967
0.254383
0.258820
0.263323
0.267701
0.272132
0.276566
0.280982
0.285443
0.289859
0.294246
0.298638
0.303165
0.307476
0.311970
0.316327
0.320707
0.325222
0.329557
0.333964
0.338387
0.342752
0.347084
0.351449
0.355913
0.360207
0.364629
0.369021
0.373336
0.377743
0.382135
0.386485
0.390854
0.395228
0.399593
0.403952
0.408306
0.412617
0.416994
0.421383
0.425701
0.430030
0.434413
0.438662
0.442988
0.447305
0.451691
0.455934
0.460344
0.464580
0.468979
0.473278
0.477529
0.481838
0.486137
0.490451
0.494745
0.499059
0.503295
0.507604
0.511918
0.516158
0.520472
0.524771
0.529035
0.533259
0.537513
0.541768
0.546034
0.550304
0.554531
0.558764
0.563043
0.567318
0.571513
0.575794
0.580003
0.584210
0.588455
0.592656
0.596856
0.601078
0.605299
0.609518
0.613709
0.617898
0.622062
0.626269
0.630427
0.634679
0.638867
0.643073
0.647241
0.651409
0.655609
0.659797
0.663950
0.668088
0.672204
0.676477
0.680542
0.684752
0.688874
0.693024
0.697179
0.701338
0.705466
0.709589
0.713697
0.717870
0.721912
0.726103
0.730157
0.734351
0.738453
0.742594
0.746683
0.750767
0.754856
0.759051
0.763104
0.767158
0.771266
0.775337
0.779442
0.783526
0.787606
0.791681
0.795774
0.799866
0.803917
0.808006
0.812072
0.816147
0.820263
0.824308
0.828371
0.832427
0.836451
0.840556
0.844555
0.848585
0.852669
0.856716
0.860770
0.864830
0.868856
0.872880
0.876916
0.880945
0.884969
0.889080
0.893079
0.897106
0.901166
0.905172
0.909177
0.913198
0.917210
0.921209
0.925257
0.929305
0.933346
0.937286
0.941355
0.945301
0.949345
0.953354
0.957324
0.961315
0.965335
0.969338
0.973335
0.977332
0.981322
0.985286
0.989298
0.993262
0.997276
1.001237
1.005285
1.009180
1.013242
1.017176
1.021182
1.025173
1.029121
1.033061
1.037025
1.041004
1.044940
1.048883
1.052829
1.056823
1.060838
1.064741
1.068723
1.072675
1.076567
1.080585
1.084560
1.088479
1.092407
1.096341
1.100293
1.104215
1.108151
1.112049
1.116025
1.119980
1.123875
1.127800
1.131673
1.135691
1.139589
1.143514
1.147388
1.151304
1.155222
1.159108
1.163012
1.166898
1.170805
1.174691
1.178607
1.182490
1.186411
1.190300
1.194132
1.198027
1.201934
1.205793
1.209679
1.213583
1.217480
1.221336
1.225207
1.229078
1.232937
1.236808
1.240649
1.244493
1.248442
1.252256
1.256094
1.259979
1.263820
1.267667
1.271523
1.275355
1.279208
1.283061
1.286908
1.290719
1.294542
1.298365
1.302191
1.305987
1.309768
1.313597
1.317441
1.321246
1.325036
1.328895
1.332646
1.336466
1.340292
1.344052
1.347863
1.351632
1.355428
1.359206
1.363023
1.366747
1.370549
1.374339
1.378102
1.381868
1.385616
1.389409
1.393130
1.396905
1.400674
1.404395
1.408191
1.411904
1.415658
1.419445
1.423145
1.426836
1.430608
1.434317
1.438044
1.441759
1.445462
1.449192
1.452955
1.456659
1.460335
1.464071
1.467783
1.471462
1.475192
1.478889
1.482634
1.486284
1.489915
1.493597
1.497279
1.500943
1.504610
1.508320
1.512017
1.515645
1.519378
1.522982
1.526652
1.530320
1.533933
1.537585
1.541231
1.544871
1.548518
1.552137
1.555762
1.559390
1.563058
1.566674
1.570278
1.573897
1.577531
1.581106
1.584830
1.588362
1.592065
1.595643
1.599235
1.602836
1.606449
1.610030
1.613637
1.617244
1.620824
1.624465
1.628039
1.631613
1.635197
1.638801
1.642366
1.645961
1.649542
1.653113
1.656771
1.660369
1.663926
1.667512
1.671068
1.674655
1.678202
1.681827
1.685351
1.688913
1.692526
1.696020
1.699669
1.703216
1.706799
1.710335
1.713918
1.717441
1.721028
1.724560
1.728113
1.731655
1.735205
1.738749
1.742333
1.745892
1.749391
1.752966
1.756489
1.760075
1.763551
1.767083
1.770678
1.774136
1.777743
1.781230
1.784742
1.788247
1.791785
1.795279
1.798811
1.802311
1.805852
1.809363
1.812875
1.816395
1.819933
1.823409
1.826935
1.830435
1.833916
1.837412
1.840894
1.844381
1.847851
1.851311
1.854771
1.858328
1.861815
1.865255
1.868697
1.872185
1.875684
1.879165
1.882638
1.886104
1.889565
1.893019
1.896498
1.899949
1.903430
1.906840
1.910288
1.913752
1.917158
1.920571
1.924022
1.927486
1.930895
1.934407
1.937825
1.941211
1.944722
1.948066
1.951523
1.954927
1.958309
1.961767
1.965170
1.968529
1.972001
1.975438
1.978763
1.982245
1.985576
1.988992
1.992419
1.995778
1.999164
2.002588
2.005947
2.009338
2.012757
2.016094
2.019489
2.022838
2.026212
2.029585
2.032917
2.036318
2.039640
2.043041
2.046378
2.049734
2.053110
2.056481
2.059798
2.063093
2.066515
2.069808
2.073163
2.076438
2.079754
2.083116
2.086412
2.089728
2.093042
2.096355
2.099720
2.103061
2.106282
2.109634
2.112924
2.116189
2.119497
2.122772
2.126029
2.129291
2.132572
2.135802
2.139115
2.142411
2.145629
2.148909
2.152160
2.155381
2.158718
2.161915
2.165163
2.168387
2.171604
2.174786
2.178028
2.181333
2.184500
2.187729
2.190923
2.194144
2.197326
2.200564
2.203779
2.206970
2.210173
2.213349
2.216593
2.219775
2.222870
2.226118
2.229264
2.232424
2.235615
2.238806
2.241937
2.245143
2.248271
2.251422
2.254580
2.257759
2.260890
2.264030
2.267179
2.270330
2.273479
2.276595
2.279735
2.282863
2.286036
2.289101
2.292235
2.295341
2.298457
2.301522
2.304683
2.307772
2.310924
2.313980
2.317114
2.320206
2.323328
2.326396
2.329491
2.332550
2.335629
2.338689
2.341799
2.344836
2.347916
2.351047
2.354052
2.357174
2.360209
2.363331
2.366372
2.369440
2.372484
2.375543
2.378581
2.381637
2.384660
2.387728
2.390751
2.393804
2.396857
2.399853
2.402885
2.405914
2.408955
2.411990
2.415055
2.418048
2.421071
2.424109
2.427147
2.430170
2.433178
2.436204
2.439167
2.442187
2.445150
2.448191
2.451229
2.454178
2.457168
2.460203
2.463211
2.466180
2.469179
2.472166
2.475168
2.478137
2.481112
2.484108
2.487074
2.490037
2.493006
2.495958
2.498924
2.501911
2.504907
2.507837
2.510761
2.513775
2.516675
2.519617
2.522625
2.525535
2.528456
2.531449
2.534385
2.537300
2.540254
2.543163
2.546097
2.549039
2.551945
2.554833
2.557805
2.560723
2.563612
2.566554
2.569451
2.572366
2.575287
2.578190
2.581094
2.584018
2.586882
2.589761
2.592670
2.595526
2.598435
2.601263
2.604199
2.607063
2.609967
2.612792
2.615659
2.618640
2.621447
2.624324
2.627209
2.630049
2.632892
2.635745
2.638567
2.641482
2.644325
2.647160
2.649991
2.652816
2.655647
2.658488
2.661349
2.664213
2.667017
2.669822
2.672611
2.675421
2.678280
2.681099
2.683870
2.686734
2.689527
2.692322
2.695129
2.697919
2.700723
2.703533
2.706331
2.709079
2.711943
2.714682
2.717483
2.720263
2.723050
2.725812
2.728532
2.731295
2.734144
2.736888
2.739639
2.742398
2.745167
2.747956
2.750679
2.753438
2.756198
2.758963
2.761714
2.764431
2.767181
2.769914
2.772625
2.775361
2.778117
2.780823
2.783543
2.786302
2.788987
2.791668
2.794434
2.797133
2.799883
2.802568
2.805267
2.807964
2.810684
2.813375
2.816074
2.818762
2.821443
2.824152
2.826827
2.829511
2.832181
2.834880
2.837517
2.840195
2.842886
2.845552
2.848210
2.850891
2.853531
2.856194
2.858846
2.861485
2.864122
2.866764
2.869422
2.872025
2.874701
2.877326
2.879950
2.882584
2.885178
2.887845
2.890460
2.893076
2.895700
2.898319
2.900910
2.903532
2.906133
2.908718
2.911343
2.913916
2.916502
2.919085
2.921670
2.924244
2.926850
2.929421
2.932019
2.934598
2.937181
2.939739
2.942328
2.944869
2.947445
2.949959
2.952497
2.955091
2.957632
2.960226
2.962722
2.965263
2.967791
2.970368
2.972888
2.975413
2.977951
2.980489
2.983044
2.985498
2.988045
2.990535
2.993051
2.995589
2.998046
3.000580
3.003082
3.005575
3.008067
3.010581
3.013056
3.015582
3.018056
3.020540
3.023030
3.025513
3.027913
3.030439
3.032884
3.035352
3.037818
3.040239
3.042735
3.045174
3.047645
3.050090
3.052553
3.055007
3.057446
3.059908
3.062350
3.064759
3.067192
3.069642
3.072066
3.074466
3.076923
3.079314
3.081719
3.084131
3.086522
3.088919
3.091304
3.093746
3.096154
3.098563
3.100945
3.103348
3.105760
3.108148
3.110509
3.112893
3.115266
3.117642
3.120018
3.122400
3.124755
3.127122
3.129488
3.131835
3.134177
3.136562
3.138890
3.141272
3.143582
3.145964
3.148298
3.150626
3.152966
3.155300
3.157634
3.159946
3.162295
3.164623
3.166948
3.169279
3.171583
3.173911
3.176185
3.178546
3.180823
3.183139
3.185431
3.187768
3.190075
3.192370
3.194647
3.196948
3.199249
3.201517
3.203833
3.206098
3.208375
3.210667
3.212935
3.215191
3.217474
3.219727
3.222022
3.224326
3.226579
3.228859
3.231118
3.233362
3.235612
3.237877
3.240133
3.242356
3.244618
3.246865
3.249079
3.251314
3.253558
3.255811
3.258064
3.260257
3.262484
3.264716
3.266972
3.269183
3.271412
3.273602
3.275825
3.278003
3.280178
3.282374
3.284582
3.286743
3.288975
3.291177
3.293379
3.295578
3.297750
3.299922
3.302085
3.304251
3.306418
3.308563
3.310744
3.312901
3.315052
3.317215
3.319340
3.321467
3.323618
3.325739
3.327878
3.330012
3.332133
3.334260
3.336414
3.338511
3.340624
3.342757
3.344839
3.346924
3.349070
3.351140
3.353243
3.355349
3.357429
3.359550
3.361605
3.363756
3.365820
3.367876
3.369946
3.372031
3.374120
3.376172
3.378215
3.380291
3.382335
3.384381
3.386454
3.388453
3.390469
3.392518
3.394517
3.396575
3.398582
3.400632
3.402654
3.404736
3.406732
3.408760
3.410713
3.412742
3.414725
3.416714
3.418710
3.420702
3.422701
3.424681
3.426667
3.428639
3.430601
3.432570
3.434520
3.436474
3.438421
3.440401
3.442349
3.444332
3.446274
3.448215
3.450189
3.452140
3.454075
3.455978
3.457904
3.459807
3.461736
3.463681
3.465580
3.467501
3.469400
3.471288
3.473190
3.475096
3.477016
3.478841
3.480749
3.482571
3.484506
3.486370
3.488242
3.490118
3.492035
3.493893
3.495786
3.497626
3.499457
3.501260
3.503100
3.504870
3.506695
3.508547
3.510383
3.512214
3.514065
3.515851
3.517664
3.519434
3.521253
3.523021
3.524836
3.526607
3.528401
3.530211
3.532009
3.533782
3.535556
3.537288
3.538996
3.540772
3.542471
3.544236
3.545982
3.547702
3.549422
3.551195
3.552930
3.554665
3.556385
3.558053
3.559746
3.561442
3.563138
3.564846
3.566532
3.568198
3.569876
3.571554
3.573208
3.574867
3.576557
3.578205
3.579856
3.581504
3.583145
3.584778
3.586420
3.588050
3.589671
3.591268
3.592853
3.594426
3.596050
3.597634
3.599255
3.600828
3.602431
3.604016
3.605586
3.607201
3.608777
3.610305
3.611839
3.613388
3.614913
3.616450
3.617980
3.619554
3.621123
3.622645
3.624156
3.625648
3.627142
3.628613
3.630121
3.631616
3.633123
3.634600
3.636101
3.637560
3.639049
3.640556
3.642009
3.643471
3.644924
3.646338
3.647755
3.649215
3.650665
3.652100
3.653556
3.654988
3.656420
3.657822
3.659215
3.660605
3.662002
3.663404
3.664818
3.666220
3.667592
3.668962
3.670379
3.671754
3.673123
3.674486
3.675858
3.677198
3.678534
3.679831
3.681179
3.682495
3.683846
3.685188
3.686530
3.687849
3.689161
3.690479
3.691785
3.693098
3.694422
3.695716
3.697005
3.698293
3.699563
3.700830
3.702098
3.703380
3.704629
3.705891
3.707143
3.708399
3.709669
3.710936
3.712186
3.713447
3.714675
3.715901
3.717117
3.718313
3.719532
3.720760
3.721974
3.723157
3.724349
3.725512
3.726690
3.727900
3.729071
3.730246
3.731435
3.732592
3.733754
3.734938
3.736094
3.737251
3.738395
3.739537
3.740705
3.741814
3.742943
3.744076
3.745190
3.746272
3.747356
3.748432
3.749498
3.750586
3.751686
3.752779
3.753918
3.755008
3.756111
3.757201
3.758289
3.759364
3.760416
3.761507
3.762558
3.763619
3.764643
3.765692
3.766717
3.767730
3.768739
3.769719
3.770684
3.771684
3.772715
3.773736
3.774767
3.775792
3.776817
3.777820
3.778824
3.779809
3.780804
3.781820
3.782803
3.783788
3.784771
3.785751
3.786725
3.787671
3.788603
3.789505
3.790392
3.791317
3.792243
3.793151
3.794098
3.795048
3.795997
3.796947
3.797864
3.798769
3.799664
3.800563
3.801468
3.802379
3.803305
3.804233
3.805162
3.806067
3.806975
3.807883
3.808745
3.809608
3.810459
3.811307
3.812137
3.813000
3.813863
3.814723
3.815603
3.816427
3.817275
3.818111
3.818926
3.819732
3.820556
3.821383
3.822243
3.823097
3.823941
3.824780
3.825601
3.826434
3.827276
3.828079
3.828909
3.829688
3.830467
3.831237
3.832022
3.832774
3.833529
3.834287
3.835042
3.835800
3.836516
3.837283
3.838026
3.838811
3.839599
3.840336
3.841088
3.841840
3.842562
3.843281
3.844009
3.844746
3.845477
3.846205
3.846927
3.847640
3.848374
3.849096
3.849815
3.850511
3.851200
3.851886
3.852563
3.853234
3.853896
3.854552
3.855187
3.855852
3.856512
3.857141
3.857773
3.858426
3.859058
3.859705
3.860353
3.860997
3.861644
3.862291
3.862905
3.863504
3.864107
3.864700
3.865284
3.865862
3.866435
3.866998
3.867570
3.868157
3.868759
3.869368
3.869961
3.870560
3.871156
3.871735
3.872328
3.872909
3.873454
3.873985
3.874530
3.875039
3.875551
3.876049
3.876531
3.877028
3.877478
3.877921
3.878404
3.878925
3.879437
3.879929
3.880435
3.880924
3.881412
3.881858
3.882311
3.882751
3.883204
3.883644
3.884072
3.884507
3.884947
3.885394
3.885831
3.886259
3.886682
3.887080
3.887470
3.887868
3.888273
3.888659
3.889052
3.889474
3.889915
3.890343
3.890771
3.891179
3.891616
3.892051
3.892491
3.892923
3.893366
3.893783
3.894184
3.894592
3.894987
3.895379
3.895730
3.896098
3.896455
3.896785
3.897120
3.897456
3.897791
3.898103
3.898402
3.898687
3.898969
3.899259
3.899529
3.899790
3.900062
3.900317
3.900548
3.900781
3.900994
3.901192
3.901398
3.901605
3.901803
3.901980
3.902150
3.902345
3.902549
3.902735
3.902917
3.903091
3.903265
3.903436
3.903598
3.903747
3.903894
3.904035
3.904164
3.904293
3.904422
3.904532
3.904640
3.904763
3.904886
3.904991
3.905099
3.905197
3.905293
3.905386
3.905464
3.905521
3.905590
3.905659
3.905734
3.905791
3.905845
3.905914
3.905971
3.906009
3.906048
3.906084
3.906129
3.906174
3.906210
3.906228
3.906252
3.906267
3.906279
3.906285
3.906297
3.906300
3.906303
3.906303
3.906303
3.906303
3.906303
3.906303
3.906303
3.906303
3.906303
3.906303
3.906303
3.906303
3.906303
3.906303
3.906303
3.906303
3.906303
3.906303
3.906303
3.906303
3.906303
3.906303
3.906303
3.906303
3.906303
3.906303
3.906303
3.906303
3.906303
3.906303
3.906303
3.906303
3.906303
3.906303
3.906303
3.906303
3.906303
3.906303
3.906303
3.906303
3.906303
3.906303
3.906303
3.906303
3.906303
3.906303
3.906303
3.906303
3.906303
3.906303
3.906303
3.906303
3.906303
3.906303
3.906303
3.906303
3.906303
3.906303
3.906303
3.906303
3.906303
3.906303
3.906303
3.906303
3.906303
3.906303
3.906303
3.906303
3.906303
3.906303
3.906303
3.906303
3.906303
3.906303
3.906303
3.906303
3.906303
3.906303
3.906303
3.906303
3.906303
3.906303
3.906303
3.906303
3.906303
3.906303
3.906303
3.906303
3.906303
3.906303
3.906303
3.906303
3.906303
3.906303
3.906303
3.906303
3.906303
3.906303
3.906303
3.906303