4.798409
4.798409
4.798409
4.798409
4.798409
4.798409
4.798409
4.798409
4.798550
4.798921
4.799442
4.800081
4.800817
4.801686
4.802663
4.803820
4.805189
4.806726
4.808347
4.810096
4.811966
4.814006
4.816196
4.818545
4.821017
4.823678
4.826494
4.829409
4.832492
4.835677
4.839098
4.842651
4.846345
4.850157
4.854171
4.858351
4.862608
4.867048
4.871737
4.876414
4.881330
4.886313
4.891556
4.896937
4.902471
4.908142
4.914000
4.919991
4.926167
4.932533
4.939002
4.945674
4.952466
4.959345
4.966464
4.973759
4.981162
4.988739
4.996466
5.004247
5.012489
5.020509
5.028928
5.037431
5.046105
5.054904
5.063814
5.072934
5.082279
5.091702
5.101331
5.111140
5.121048
5.131139
5.141170
5.151665
5.162375
5.172841
5.183783
5.194703
5.205806
5.217299
5.228640
5.240312
5.252096
5.264107
5.276214
5.288186
5.300692
5.313035
5.325861
5.338598
5.351508
5.364529
5.377783
5.391184
5.404601
5.418413
5.431985
5.446006
5.460247
5.474520
5.488637
5.503474
5.518088
5.532799
5.547780
5.562747
5.577776
5.592969
5.607883
5.622983
5.638290
5.653435
5.668712
5.684079
5.699371
5.714456
5.730053
5.745018
5.760266
5.775534
5.790781
5.806036
5.821160
5.836392
5.851678
5.866835
5.881896
5.897398
5.912495
5.927949
5.943013
5.958323
5.973327
5.988607
6.003797
6.018906
6.033877
6.049205
6.064281
6.079205
6.094326
6.109378
6.124505
6.139396
6.154199
6.169179
6.184219
6.198930
6.213946
6.228792
6.243622
6.258516
6.273382
0.004857
0.019606
0.034518
0.049171
0.064053
0.078928
0.093549
0.108286
0.123138
0.137828
0.152772
0.167575
0.182193
0.196952
0.211947
0.226478
0.241428
0.256079
0.270975
0.285551
0.300531
0.315143
0.329902
0.345020
0.359512
0.374186
0.389047
0.403755
0.418543
0.433152
0.447596
0.462615
0.477068
0.491617
0.506477
0.520975
0.535458
0.550304
0.564667
0.579189
0.593722
0.608427
0.622973
0.637405
0.651948
0.666410
0.680959
0.695358
0.709700
0.724159
0.738642
0.752966
0.767605
0.781752
0.796394
0.810502
0.825198
0.839480
0.853774
0.868272
0.882749
0.897130
0.911601
0.926093
0.940621
0.955089
0.969464
0.983872
0.998436
1.012721
1.027402
1.041935
1.056382
1.070988
1.085468
1.099939
1.114515
1.128980
1.143547
1.158149
1.172614
1.187040
1.201580
1.216252
1.230636
1.245122
1.259997
1.274055
1.288864
1.303153
1.317606
1.332106
1.346646
1.361147
1.375549
1.390176
1.404464
1.418965
1.433469
1.447922
1.462378
1.476651
1.491080
1.505545
1.519869
1.534457
1.548602
1.562944
1.577564
1.591892
1.606270
1.620651
1.635125
1.649512
1.664082
1.678433
1.692955
1.707354
1.721872
1.736203
1.750814
1.765387
1.779831
1.794287
1.809216
1.823463
1.838009
1.852554
1.867022
1.881556
1.896267
1.910903
1.925511
1.940087
1.954699
1.969002
1.983988
1.998313
2.012730
2.027458
2.041860
2.056526
2.071105
2.085549
2.100056
2.114679
2.129105
2.143534
2.158098
2.172318
2.186762
2.201502
2.215673
2.230078
2.244579
2.258928
2.273159
2.287558
2.301852
2.316206
2.330551
2.344932
2.358981
2.373590
2.387662
2.401959
2.416382
2.430437
2.444905
2.459226
2.473403
2.487667
2.502111
2.516289
2.530631
2.545054
2.559282
2.573418
2.587877
2.601976
2.616267
2.630705
2.644787
2.659281
2.673477
2.687597
2.701900
2.716336
2.730540
2.744828
2.759224
2.773326
2.787588
2.801960
2.816020
2.830266
2.844540
2.858666
2.872817
2.887048
2.901195
2.915184
2.929619
2.943532
2.957641
2.971782
2.985684
2.999852
3.014060
3.027976
3.042130
3.055923
3.070188
3.083982
3.097967
3.111926
3.125923
3.139903
3.153484
3.167488
3.181551
3.195531
3.209373
3.223292
3.236948
3.251161
3.264907
3.278863
3.292801
3.306774
3.320598
3.334446
3.348455
3.362321
3.376289
3.390256
3.404032
3.417835
3.431788
3.445644
3.459777
3.473628
3.487478
3.501431
3.515560
3.529192
3.543025
3.556834
3.570655
3.584509
3.598524
3.612393
3.626010
3.640020
3.653714
3.667628
3.681515
3.695084
3.708641
3.722699
3.736262
3.750047
3.763808
3.777488
3.791138
3.804764
3.818456
3.831887
3.845708
3.859223
3.872837
3.886541
3.900047
3.913658
3.927308
3.940881
3.954378
3.968094
3.981513
3.995265
4.008756
4.022310
4.035850
4.049514
4.063119
4.076773
4.090312
4.103878
4.117540
4.131217
4.144603
4.158541
4.172200
4.185865
4.199458
4.213096
4.226749
4.240399
4.254097
4.267715
4.281442
4.295350
4.308832
4.322423
4.336399
4.349896
4.363579
4.377391
4.391002
4.404601
4.418317
4.431946
4.445641
4.459429
4.472947
4.486663
4.500286
4.513933
4.527598
4.541224
4.554928
4.568351
4.581964
4.595399
4.609235
4.622714
4.636238
4.649930
4.663448
4.676928
4.690536
4.704129
4.717635
4.731255
4.744782
4.758342
4.772017
4.785627
4.799224
4.812697
4.826464
4.839799
4.853674
4.867327
4.880800
4.894462
4.908214
4.921690
4.935541
4.949053
4.962749
4.976315
4.990036
5.003914
5.017331
5.031130
5.044936
5.058424
5.072452
5.085967
5.099638
5.113474
5.127067
5.140765
5.154568
5.168179
5.181862
5.195548
5.209060
5.222941
5.236606
5.249986
5.263714
5.277298
5.290676
5.304260
5.318000
5.331524
5.345045
5.358746
5.371977
5.385582
5.399199
5.412663
5.425873
5.439505
5.452771
5.466284
5.479778
5.492967
5.506530
5.519904
5.533243
5.546635
5.560036
5.573464
5.586824
5.600276
5.613459
5.626845
5.640306
5.653576
5.666921
5.680394
5.693681
5.707202
5.720511
5.733901
5.747143
5.760646
5.774101
5.787203
5.800832
5.814012
5.827314
5.840859
5.854195
5.867411
5.880899
5.894099
5.907453
5.920734
5.934010
5.947340
5.960621
5.973974
5.987241
6.000463
6.013627
6.026992
6.040082
6.053301
6.066502
6.079777
6.092729
6.106085
6.119020
6.132355
6.145415
6.158444
6.171522
6.184597
6.197672
6.210594
6.223764
6.236839
6.249576
6.262863
6.275776
0.005582
0.018507
0.031495
0.044339
0.057590
0.070204
0.083353
0.096206
0.109197
0.122152
0.135224
0.148215
0.161209
0.174215
0.187158
0.200125
0.213077
0.226008
0.239082
0.252088
0.264932
0.278004
0.291046
0.303881
0.316851
0.329884
0.342872
0.355809
0.368761
0.381674
0.394772
0.407817
0.420493
0.433329
0.446571
0.459253
0.472137
0.485008
0.498088
0.510816
0.523941
0.536675
0.549582
0.562411
0.575258
0.588093
0.600919
0.613691
0.626421
0.639358
0.652023
0.664837
0.677654
0.690393
0.703031
0.715920
0.728539
0.741176
0.754041
0.766796
0.779457
0.792031
0.804956
0.817486
0.830249
0.842910
0.855719
0.868434
0.881011
0.893703
0.906547
0.919052
0.931965
0.944704
0.957462
0.970096
0.982886
0.995706
1.008500
1.021317
1.034020
1.046891
1.059660
1.072372
1.084956
1.098064
1.110551
1.123473
1.136395
1.149119
1.161874
1.174847
1.187391
1.200295
1.213073
1.225821
1.239010
1.251698
1.264441
1.277177
1.290006
1.302763
1.315493
1.328364
1.341119
1.353720
1.366750
1.379375
1.392138
1.404878
1.417590
1.430434
1.443033
1.455951
1.468529
1.481379
1.494064
1.506786
1.519441
1.532090
1.544806
1.557590
1.570251
1.583035
1.595777
1.608448
1.621259
1.633908
1.646525
1.659318
1.671991
1.684706
1.697544
1.710365
1.723020
1.735738
1.748675
1.761420
1.774136
1.787031
1.799824
1.812710
1.825512
1.838194
1.851083
1.863933
1.876787
1.889526
1.902442
1.915292
1.928016
1.940968
1.953785
1.966665
1.979285
1.992240
2.004943
2.018030
2.030487
2.043394
2.056319
2.068993
2.081813
2.094720
2.107387
2.120222
2.133024
2.145596
2.158344
2.171161
2.183789
2.196586
2.209220
2.221893
2.234570
2.247267
2.259850
2.272512
2.285215
2.297735
2.310349
2.322998
2.335686
2.347991
2.360707
2.373248
2.385891
2.398394
2.410968
2.423465
2.436264
2.448560
2.461353
2.473721
2.486484
2.499019
2.511627
2.524060
2.536623
2.549230
2.561769
2.574445
2.586966
2.599516
2.612123
2.624659
2.637156
2.649724
2.662478
2.674945
2.687427
2.700121
2.712647
2.725165
2.737751
2.750323
2.762705
2.775253
2.787821
2.800243
2.812889
2.825353
2.837903
2.850292
2.862816
2.875067
2.887758
2.900080
2.912517
2.924990
2.937363
2.949995
2.962222
2.974575
2.986768
2.999400
3.011546
3.023926
3.036165
3.048466
3.060825
3.073223
3.085252
3.097509
3.110095
3.122196
3.134342
3.146656
3.158859
3.170987
3.183151
3.195423
3.207728
3.219859
3.232049
3.244256
3.256545
3.268739
3.280864
3.293091
3.305486
3.317509
3.329781
3.341951
3.354262
3.366399
3.378533
3.390763
3.403118
3.415249
3.427467
3.439544
3.451759
3.463923
3.476252
3.488320
3.500595
3.512858
3.524899
3.537150
3.549161
3.561400
3.573561
3.585737
3.597814
3.609954
3.622199
3.634153
3.646353
3.658418
3.670480
3.682480
3.694536
3.706619
3.718690
3.730719
3.742781
3.754586
3.766753
3.778665
3.790838
3.802655
3.814561
3.826518
3.838493
3.850370
3.862279
3.874215
3.886077
3.898061
3.909916
3.921646
3.933912
3.945515
3.957275
3.969445
3.981189
3.992880
4.005056
4.016633
4.028740
4.040589
4.052520
4.064225
4.076350
4.088074
4.100028
4.112015
4.123868
4.135816
4.147776
4.159698
4.171790
4.183621
4.195554
4.207275
4.219573
4.231174
4.243395
4.255170
4.267166
4.279180
4.291356
4.302870
4.315085
4.326808
4.338916
4.350810
4.362800
4.374673
4.386574
4.398657
4.410363
4.422488
4.434460
4.446240
4.458174
4.470215
4.482085
4.493788
4.505739
4.517666
4.529572
4.541587
4.553412
4.565181
4.577102
4.588940
4.600867
4.612674
4.624521
4.636394
4.648199
4.659895
4.671718
4.683639
4.695515
4.707248
4.719223
4.730842
4.742811
4.754475
4.766465
4.778171
4.790166
4.801753
4.813715
4.825610
4.837522
4.849327
4.861338
4.873130
4.884914
4.896889
4.908751
4.920603
4.932599
4.944395
4.956232
4.968405
4.980141
4.992077
5.004040
5.015997
5.027919
5.039750
5.051698
5.063536
5.075592
5.087330
5.099168
5.111140
5.122972
5.134959
5.146958
5.158760
5.170729
5.182692
5.194430
5.206250
5.218132
5.229925
5.241870
5.253756
5.265515
5.277310
5.289013
5.300964
5.312712
5.324567
5.336234
5.347963
5.359741
5.371401
5.383008
5.394864
5.406470
5.418155
5.429845
5.441356
5.453047
5.464792
5.476269
5.487891
5.499477
5.511359
5.522762
5.534318
5.545892
5.557526
5.569177
5.580664
5.592211
5.603833
5.615424
5.626896
5.638626
5.650098
5.661752
5.673437
5.684858
5.696399
5.708003
5.719627
5.731261
5.742691
5.754205
5.765676
5.777457
5.788884
5.800428
5.812047
5.823608
5.835083
5.846729
5.858315
5.869616
5.881405
5.892745
5.904229
5.915854
5.927260
5.938690
5.950315
5.961760
5.973138
5.984694
5.996031
6.007419
6.018930
6.030330
6.041533
6.053142
6.064473
6.075840
6.087363
6.098464
6.109932
6.121192
6.132586
6.143881
6.155125
6.166456
6.177733
6.189025
6.200222
6.211595
6.222803
6.233969
6.245174
6.256341
6.267543
6.278748
0.006708
0.017919
0.029170
0.040414
0.051475
0.062680
0.073910
0.085028
0.096212
0.107433
0.118503
0.129564
0.140875
0.152071
0.163195
0.174421
0.185525
0.196751
0.207959
0.219039
0.230235
0.241458
0.252595
0.263854
0.275047
0.286096
0.297293
0.308501
0.319619
0.330905
0.341985
0.353112
0.364219
0.375460
0.386560
0.397691
0.408863
0.419858
0.431052
0.442239
0.453378
0.464413
0.475552
0.486619
0.497792
0.508895
0.519903
0.530901
0.542082
0.552934
0.563984
0.575153
0.586127
0.597165
0.608277
0.619240
0.630158
0.641165
0.652125
0.663117
0.674095
0.685018
0.695978
0.706964
0.717837
0.728872
0.739765
0.750731
0.761553
0.772596
0.783400
0.794231
0.805226
0.816048
0.827022
0.837766
0.848885
0.859673
0.870615
0.881464
0.892477
0.903308
0.914127
0.925089
0.936094
0.946928
0.957827
0.968811
0.979782
0.990607
1.001662
1.012511
1.023369
1.034529
1.045261
1.056409
1.067471
1.078356
1.089282
1.100218
1.111219
1.122035
1.133180
1.144104
1.155108
1.166137
1.176902
1.187888
1.198908
1.209903
1.220809
1.231874
1.242695
1.253616
1.264797
1.275604
1.286528
1.297496
1.308402
1.319355
1.330243
1.341131
1.352270
1.363095
1.374069
1.384942
1.395887
1.406684
1.417611
1.428568
1.439299
1.450292
1.461257
1.472004
1.482874
1.493783
1.504604
1.515507
1.526293
1.537058
1.548125
1.558737
1.569814
1.580575
1.591394
1.602135
1.613131
1.623952
1.634744
1.645749
1.656567
1.667509
1.678514
1.689251
1.700166
1.711251
1.721917
1.732889
1.743777
1.754643
1.765564
1.776512
1.787369
1.798290
1.809348
1.820170
1.831106
1.842188
1.852986
1.863943
1.875148
1.885877
1.896782
1.907778
1.918581
1.929616
1.940585
1.951589
1.962516
1.973427
1.984372
1.995454
2.006375
2.017053
2.028165
2.039080
2.049911
2.060807
2.071830
2.082649
2.093599
2.104511
2.115276
2.126187
2.137129
2.147747
2.158664
2.169636
2.180452
2.191202
2.202038
2.212716
2.223535
2.234567
2.245146
2.256099
2.266675
2.277398
2.288484
2.299069
2.309777
2.320455
2.331183
2.341849
2.352554
2.363355
2.373970
2.384714
2.395392
2.405974
2.416718
2.427570
2.438071
2.448710
2.459564
2.470144
2.480815
2.491631
2.502186
2.512879
2.523599
2.534256
2.544910
2.555672
2.566293
2.577106
2.587865
2.598351
2.609053
2.619835
2.630439
2.641062
2.651791
2.662340
2.673060
2.683753
2.694332
2.705007
2.715724
2.726402
2.736957
2.747638
2.758328
2.768850
2.779561
2.790209
2.800737
2.811373
2.822084
2.832541
2.843251
2.853750
2.864284
2.874860
2.885382
2.896033
2.906612
2.917050
2.927557
2.938199
2.948500
2.959001
2.969571
2.980003
2.990541
3.001114
3.011465
3.022008
3.032413
3.042774
3.053215
3.063665
3.074085
3.084332
3.094791
3.105047
3.115572
3.125896
3.136188
3.146545
3.156819
3.167113
3.177599
3.187792
3.198296
3.208447
3.218993
3.229164
3.239459
3.249819
3.260021
3.270429
3.280777
3.291051
3.301426
3.311915
3.321940
3.332427
3.342682
3.353072
3.363313
3.373718
3.383944
3.394274
3.404697
3.415001
3.425241
3.435656
3.445896
3.456179
3.466512
3.476732
3.487002
3.497353
3.507588
3.517879
3.528177
3.538582
3.548712
3.559054
3.569193
3.579529
3.589821
3.599899
3.610260
3.620497
3.630651
3.640790
3.651087
3.661145
3.671424
3.681491
3.691752
3.701816
3.711997
3.722100
3.732238
3.742479
3.752558
3.762675
3.772829
3.782818
3.792869
3.802963
3.813117
3.823219
3.833235
3.843215
3.853162
3.863220
3.873286
3.883240
3.893291
3.903229
3.913311
3.923198
3.933169
3.943125
3.953296
3.963099
3.973232
3.983272
3.993168
4.003169
4.013122
4.023057
4.033054
4.043181
4.053065
4.063024
4.073063
4.083202
4.093089
4.103114
4.112989
4.123053
4.133111
4.143066
4.153040
4.163173
4.173045
4.183151
4.192957
4.203002
4.213030
4.223190
4.233056
4.243093
4.253148
4.263172
4.273200
4.283159
4.293097
4.303212
4.313215
4.323123
4.333136
4.343110
4.353141
4.363220
4.373274
4.383050
4.393189
4.403088
4.413131
4.423024
4.432983
4.443089
4.452984
4.463069
4.472935
4.482882
4.492820
4.502806
4.512666
4.522649
4.532512
4.542420
4.552330
4.562239
4.572134
4.582013
4.591864
4.601670
4.611596
4.621584
4.631349
4.641349
4.651179
4.660938
4.670798
4.680538
4.690440
4.700294
4.710115
4.719951
4.729829
4.739611
4.749471
4.759406
4.769131
4.779081
4.788890
4.798585
4.808592
4.818375
4.828222
4.838091
4.848021
4.857904
4.867723
4.877610
4.887427
4.897243
4.907261
4.917056
4.926829
4.936790
4.946603
4.956576
4.966415
4.976222
4.986094
4.995944
5.005802
5.015731
5.025561
5.035436
5.045308
5.055156
5.064950
5.074807
5.084682
5.094521
5.104429
5.114304
5.123981
5.133949
5.143737
5.153660
5.163640
5.173239
5.183022
5.192956
5.202655
5.212497
5.222243
5.232013
5.241837
5.251661
5.261405
5.271168
5.280885
5.290736
5.300299
5.310120
5.319728
5.329364
5.339095
5.348710
5.358533
5.368103
5.377789
5.387535
5.397108
5.406746
5.416321
5.426046
5.435613
5.445107
5.454911
5.464267
5.473936
5.483406
5.492928
5.502389
5.512031
5.521531
5.531082
5.540664
5.550266
5.559721
5.569264
5.578734
5.588241
5.597831
5.607284
5.616815
5.626351
5.635872
5.645328
5.654861
5.664305
5.673781
5.683345
5.692863
5.702274
5.711874
5.721293
5.730784
5.740300
5.749774
5.759223
5.768717
5.778206
5.787643
5.797099
5.806570
5.815986
5.825508
5.834898
5.844416
5.853920
5.863162
5.872737
5.882070
5.891610
5.901071
5.910398
5.919838
5.929204
5.938687
5.947948
5.957481
5.966658
5.976063
5.985581
5.994839
6.004169
6.013495
6.022858
6.032143
6.041470
6.050823
6.060069
6.069366
6.078669
6.087956
6.097247
6.106466
6.115664
6.124943
6.134182
6.143305
6.152566
6.161818
6.170992
6.180250
6.189388
6.198550
6.207700
6.216955
6.226054
6.235132
6.244308
6.253401
6.262506
6.271689
6.280779
0.006768
0.015870
0.024867
0.034035
0.043017
0.052233
0.061179
0.070446
0.079416
0.088581
0.097653
0.106633
0.115831
0.124888
0.133924
0.143011
0.152119
0.161164
0.170290
0.179404
0.188386
0.197458
0.206635
0.215656
0.224695
0.233866
0.242911
0.251902
0.261007
0.270047
0.279173
0.288242
0.297290
0.306317
0.315407
0.324515
0.333482
0.342563
0.351620
0.360626
0.369704
0.378722
0.387783
0.396732
0.405822
0.414777
0.423870
0.432789
0.441810
0.450915
0.459880
0.468877
0.477877
0.486814
0.495775
0.504815
0.513800
0.522791
0.531719
0.540626
0.549570
0.558531
0.567429
0.576369
0.585322
0.594247
0.603103
0.612043
0.620972
0.629834
0.638726
0.647568
0.656448
0.665322
0.674206
0.683029
0.691957
0.700709
0.709496
0.718430
0.727254
0.736038
0.744865
0.753634
0.762460
0.771311
0.780230
0.788987
0.797775
0.806553
0.815404
0.824230
0.833023
0.841727
0.850496
0.859239
0.868104
0.876922
0.885709
0.894628
0.903332
0.912104
0.920886
0.929757
0.938569
0.947416
0.956230
0.964934
0.973826
0.982575
0.991434
1.000245
1.009033
1.017823
1.026644
1.035494
1.044207
1.053078
1.061952
1.070755
1.079539
1.088347
1.097171
1.105991
1.114827
1.123626
1.132473
1.141330
1.150141
1.158905
1.167824
1.176578
1.185414
1.194288
1.203090
1.211932
1.220650
1.229453
1.238219
1.247117
1.255878
1.264617
1.273534
1.282246
1.290980
1.299806
1.308558
1.317423
1.326228
1.334905
1.343569
1.352495
1.361153
1.370010
1.378680
1.387441
1.396123
1.405025
1.413707
1.422468
1.431213
1.439860
1.448626
1.457372
1.466009
1.474761
1.483440
1.492165
1.500803
1.509581
1.518248
1.527051
1.535560
1.544416
1.552880
1.561649
1.570323
1.579068
1.587700
1.596338
1.605020
1.613730
1.622364
1.631023
1.639745
1.648376
1.657125
1.665675
1.674553
1.683079
1.691921
1.700511
1.709277
1.717954
1.726639
1.735445
1.744064
1.752756
1.761513
1.770259
1.778899
1.787684
1.796360
1.805100
1.813860
1.822573
1.831231
1.839962
1.848698
1.857435
1.866231
1.874983
1.883600
1.892339
1.901010
1.909671
1.918540
1.927045
1.935866
1.944596
1.953261
1.961916
1.970782
1.979404
1.988081
1.996776
2.005557
2.014120
2.022895
2.031473
2.040227
2.049018
2.057455
2.066281
2.074955
2.083488
2.092146
2.100880
2.109580
2.118101
2.126828
2.135490
2.144050
2.152687
2.161250
2.169900
2.178504
2.187028
2.195564
2.204235
2.212716
2.221339
2.229878
2.238374
2.246988
2.255443
2.264012
2.272506
2.281128
2.289508
2.298209
2.306532
2.315149
2.323558
2.332085
2.340501
2.348995
2.357507
2.365926
2.374366
2.382922
2.391296
2.399787
2.408239
2.416643
2.425125
2.433622
2.442052
2.450471
2.458959
2.467372
2.475866
2.484264
2.492728
2.501126
2.509581
2.517976
2.526433
2.534906
2.543295
2.551753
2.560217
2.568675
2.577088
2.585516
2.593821
2.602255
2.610749
2.619146
2.627577
2.636026
2.644511
2.652870
2.661256
2.669654
2.678037
2.686495
2.694926
2.703231
2.711755
2.720081
2.728410
2.736894
2.745226
2.753558
2.762049
2.770396
2.778563
2.787024
2.795338
2.803647
2.812119
2.820469
2.828729
2.837112
2.845459
2.853759
2.862046
2.870324
2.878632
2.887012
2.895194
2.903571
2.911861
2.920085
2.928210
2.936596
2.944818
2.953042
2.961374
2.969520
2.977765
2.986046
2.994163
3.002378
3.010614
3.018796
3.026922
3.035143
3.043301
3.051546
3.059579
3.067833
3.075964
3.084074
3.092245
3.100394
3.108489
3.116558
3.124671
3.132763
3.140943
3.148963
3.157067
3.165133
3.173237
3.181422
3.189389
3.197499
3.205606
3.213642
3.221713
3.229758
3.237880
3.245948
3.254164
3.262010
3.270139
3.278243
3.286266
3.294446
3.302463
3.310411
3.318522
3.326638
3.334610
3.342715
3.350738
3.358786
3.366842
3.374947
3.382919
3.391023
3.399092
3.407112
3.415094
3.423207
3.431197
3.439203
3.447310
3.455283
3.463252
3.471324
3.479239
3.487275
3.495349
3.503376
3.511276
3.519353
3.527371
3.535239
3.543298
3.551255
3.559216
3.567212
3.575167
3.583101
3.591121
3.598878
3.606832
3.614859
3.622762
3.630633
3.638677
3.646368
3.654341
3.662280
3.670166
3.677998
3.685877
3.693712
3.701618
3.709459
3.717249
3.725084
3.733002
3.740714
3.748594
3.756371
3.764191
3.771963
3.779798
3.787599
3.795287
3.803230
3.810786
3.818677
3.826359
3.834083
3.841882
3.849627
3.857323
3.865014
3.872813
3.880486
3.888153
3.895964
3.903481
3.911375
3.918947
3.926607
3.934355
3.942025
3.949605
3.957278
3.964993
3.972606
3.980330
3.988020
3.995568
4.003246
4.010979
4.018607
4.026235
4.033848
4.041584
4.049221
4.056945
4.064522
4.072156
4.079916
4.087460
4.095094
4.102757
4.110376
4.118028
4.125648
4.133305
4.140981
4.148681
4.156276
4.163892
4.171688
4.179226
4.186758
4.194437
4.202155
4.209713
4.217383
4.225057
4.232613
4.240264
4.247916
4.255466
4.263178
4.270764
4.278368
4.285996
4.293522
4.301264
4.308826
4.316427
4.324064
4.331614
4.339254
4.346843
4.354468
4.361973
4.369607
4.377199
4.384770
4.392338
4.399894
4.407462
4.415007
4.422596
4.430166
4.437800
4.445326
4.452816
4.460442
4.467983
4.475431
4.483032
4.490498
4.498063
4.505553
4.513067
4.520555
4.528138
4.535610
4.543085
4.550569
4.558038
4.565513
4.572998
4.580422
4.587810
4.595321
4.602808
4.610190
4.617711
4.625021
4.632532
4.639845
4.647408
4.654784
4.662151
4.669486
4.676985
4.684445
4.691728
4.699120
4.706502
4.713860
4.721272
4.728759
4.735995
4.743347
4.750804
4.758136
4.765521
4.772921
4.780301
4.787662
4.795074
4.802516
4.809770
4.817185
4.824574
4.831962
4.839347
4.846711
4.854070
4.861482
4.868870
4.876105
4.883572
4.890900
4.898333
4.905668
4.912999
4.920336
4.927722
4.935041
4.942387
4.949755
4.957071
4.964441
4.971790
4.979128
4.986423
4.993865
5.001116
5.008462
5.015904
5.023182
5.030474
5.037848
5.045146
5.052471
5.059877
5.067158
5.074406
5.081704
5.089032
5.096406
5.103614
5.110903
5.118241
5.125578
5.132934
5.140085
5.147440
5.154592
5.161854
5.169219
5.176445
5.183738
5.191027
5.198187
5.205489
5.212667
5.219825
5.227048
5.234233
5.241457
5.248650
5.255907
5.262986
5.270222
5.277448
5.284459
5.291586
5.298906
5.305872
5.313128
5.320202
5.327251
5.334346
5.341492
5.348598
5.355693
5.362848
5.369853
5.376965
5.383967
5.391053
5.398081
5.405158
5.412217
5.419279
5.426262
5.433270
5.440182
5.447300
5.454297
5.461152
5.468279
5.475218
5.482187
5.489122
5.496151
5.503042
5.509951
5.516893
5.523865
5.530783
5.537694
5.544645
5.551596
5.558496
5.565351
5.572293
5.579187
5.586057
5.592921
5.599779
5.606781
5.613698
5.620556
5.627465
5.634368
5.641200
5.648096
5.654990
5.661884
5.668637
5.675528
5.682347
5.689169
5.696186
5.702873
5.709788
5.716634
5.723498
5.730338
5.737208
5.743985
5.750813
5.757680
5.764454
5.771267
5.778086
5.784857
5.791607
5.798498
5.805206
5.812014
5.818907
5.825634
5.832479
5.839295
5.846045
5.852799
5.859594
5.866281
5.873112
5.879904
5.886594
5.893347
5.900125
5.906836
5.913556
5.920324
5.927020
5.933788
5.940506
5.947277
5.953922
5.960531
5.967398
5.974001
5.980733
5.987349
5.994051
6.000741
6.007353
6.014038
6.020668
6.027304
6.033943
6.040601
6.047213
6.053789
6.060443
6.067050
6.073707
6.080307
6.086902
6.093406
6.100147
6.106646
6.113222
6.119783
6.126318
6.132852
6.139480
6.145984
6.152485
6.159068
6.165542
6.172052
6.178614
6.185101
6.191599
6.198190
6.204602
6.211100
6.217598
6.224082
6.230547
6.237040
6.243491
6.249992
6.256401
6.262821
6.269269
6.275749
6.282155
0.005396
0.011870
0.018210
0.024738
0.031144
0.037517
0.044021
0.050316
0.056760
0.063172
0.069628
0.076046
0.082472
0.088833
0.095266
0.101614
0.108050
0.114404
0.120834
0.127237
0.133648
0.140057
0.146432
0.152757
0.159139
0.165574
0.171977
0.178298
0.184653
0.191023
0.197443
0.203840
0.210248
0.216495
0.222996
0.229339
0.235616
0.242030
0.248337
0.254710
0.261049
0.267404
0.273789
0.280086
0.286405
0.292808
0.299141
0.305439
0.311806
0.318157
0.324452
0.330783
0.337146
0.343465
0.349766
0.356102
0.362382
0.368659
0.375049
0.381323
0.387639
0.393903
0.400255
0.406454
0.412824
0.419049
0.425413
0.431627
0.437952
0.444258
0.450490
0.456731
0.463043
0.469251
0.475537
0.481748
0.487998
0.494235
0.500476
0.506741
0.512952
0.519264
0.525317
0.531671
0.537861
0.544051
0.550223
0.556490
0.562683
0.568867
0.575078
0.581163
0.587404
0.593537
0.599664
0.605937
0.612124
0.618179
0.624387
0.630529
0.636779
0.642900
0.649111
0.655127
0.661293
0.667425
0.673573
0.679661
0.685824
0.691873
0.698060
0.704118
0.710206
0.716351
0.722412
0.728494
0.734633
0.740736
0.746785
0.752825
0.758925
0.765028
0.771080
0.777114
0.783133
0.789224
0.795294
0.801307
0.807368
0.813462
0.819493
0.825527
0.831594
0.837628
0.843686
0.849765
0.855817
0.861759
0.867886
0.873935
0.879912
0.885985
0.891998
0.898032
0.904105
0.910118
0.916236
0.922252
0.928166
0.934293
0.940312
0.946361
0.952353
0.958420
0.964424
0.970462
0.976514
0.982515
0.988555
0.994628
1.000578
1.006600
1.012667
1.018695
1.024747
1.030679
1.036692
1.042765
1.048913
1.054803
1.060811
1.066857
1.072810
1.078850
1.084917
1.090900
1.096913
1.102941
1.108933
1.114919
1.120959
1.126997
1.132890
1.138963
1.144937
1.150938
1.156906
1.162898
1.168917
1.174855
1.180803
1.186900
1.192733
1.198722
1.204693
1.210700
1.216621
1.222637
1.228596
1.234582
1.240556
1.246545
1.252516
1.258430
1.264390
1.270340
1.276329
1.282282
1.288217
1.294137
1.300157
1.305996
1.311934
1.317887
1.323795
1.329797
1.335663
1.341577
1.347422
1.353492
1.359236
1.365195
1.371106
1.376948
1.382863
1.388771
1.394652
1.400522
1.406391
1.412260
1.418120
1.423996
1.429880
1.435725
1.441645
1.447482
1.453336
1.459154
1.465054
1.470824
1.476720
1.482538
1.488399
1.494178
1.499967
1.505818
1.511672
1.517496
1.523291
1.529154
1.534981
1.540791
1.546612
1.552395
1.558156
1.564076
1.569808
1.575593
1.581411
1.587197
1.592985
1.598845
1.604589
1.610401
1.616190
1.622020
1.627715
1.633636
1.639337
1.645185
1.651073
1.656732
1.662625
1.668339
1.674088
1.679889
1.685719
1.691510
1.697263
1.703099
1.708885
1.714649
1.720500
1.726169
1.732050
1.737847
1.743567
1.749349
1.755216
1.760968
1.766664
1.772542
1.778321
1.784035
1.789838
1.795608
1.801439
1.807188
1.812997
1.818690
1.824535
1.830333
1.836079
1.841892
1.847602
1.853369
1.859155
1.864892
1.870666
1.876457
1.882188
1.887950
1.893756
1.899521
1.905312
1.911026
1.916811
1.922521
1.928319
1.934011
1.939806
1.945567
1.951227
1.956910
1.962779
1.968439
1.974236
1.979941
1.985651
1.991395
1.997126
2.002822
2.008529
2.014279
2.019893
2.025702
2.031308
2.037117
2.042720
2.048494
2.054075
2.059750
2.065511
2.071183
2.076791
2.082535
2.088200
2.093866
2.099528
2.105152
2.110764
2.116501
2.122133
2.127760
2.133411
2.138983
2.144622
2.150246
2.155935
2.161523
2.167161
2.172734
2.178340
2.183954
2.189539
2.195132
2.200792
2.206257
2.211964
2.217501
2.223044
2.228611
2.234153
2.239720
2.245263
2.250781
2.256315
2.261966
2.267475
2.272970
2.278465
2.284076
2.289520
2.295111
2.300546
2.306139
2.311589
2.317012
2.322603
2.328038
2.333562
2.338955
2.344474
2.350041
2.355376
2.360901
2.366381
2.371807
2.377299
2.382713
2.388177
2.393663
2.399107
2.404506
2.409965
2.415406
2.420852
2.426359
2.431701
2.437130
2.442628
2.448096
2.453375
2.458827
2.464235
2.469697
2.475105
2.480543
2.485981
2.491416
2.496796
2.502321
2.507615
2.513113
2.518419
2.523953
2.529211
2.534708
2.540032
2.545542
2.550893
2.556328
2.561667
2.567054
2.572480
2.577855
2.583272
2.588629
2.594033
2.599384
2.604783
2.610185
2.615494
2.620977
2.626280
2.631613
2.636988
2.642378
2.647729
2.653113
2.658401
2.663887
2.669208
2.674543
2.679891
2.685224
2.690545
2.695884
2.701268
2.706583
2.711913
2.717282
2.722570
2.727888
2.733155
2.738506
2.743869
2.749163
2.754469
2.759784
2.765105
2.770333
2.775669
2.781011
2.786195
2.791522
2.796813
2.802080
2.807398
2.812665
2.817920
2.823235
2.828496
2.833730
2.838979
2.844252
2.849498
2.854723
2.859993
2.865230
2.870417
2.875738
2.880951
2.886128
2.891368
2.896578
2.901776
2.907013
2.912206
2.917422
2.922641
2.927773
2.933004
2.938199
2.943371
2.948569
2.953767
2.958905
2.964019
2.969229
2.974398
2.979464
2.984728
2.989758
2.994999
3.000077
3.005293
3.010324
3.015569
3.020612
3.025747
3.030855
3.035961
3.041024
3.046144
3.051229
3.056319
3.061463
3.066478
3.071572
3.076674
3.081719
3.086747
3.091921
3.096927
3.101976
3.107051
3.112103
3.117193
3.122211
3.127155
3.132275
3.137251
3.142231
3.147222
3.152343
3.157346
3.162361
3.167410
3.172392
3.177455
3.182432
3.187408
3.192382
3.197454
3.202392
3.207386
3.212416
3.217402
3.222441
3.227403
3.232388
3.237338
3.242320
3.247255
3.252252
3.257288
3.262235
3.267232
3.272188
3.277137
3.282102
3.287066
3.292063
3.297001
3.301948
3.306885
3.311826
3.316820
3.321722
3.326677
3.331666
3.336564
3.341516
3.346475
3.351398
3.356329
3.361246
3.366180
3.371091
3.376025
3.380965
3.385882
3.390775
3.395640
3.400554
3.405500
3.410363
3.415235
3.420160
3.425136
3.429969
3.434853
3.439721
3.444551
3.449449
3.454303
3.459112
3.464013
3.468846
3.473700
3.478565
3.483368
3.488197
3.493057
3.497872
3.502680
3.507525
3.512277
3.517136
3.521993
3.526763
3.531607
3.536323
3.541153
3.545895
3.550737
3.555486
3.560225
3.565067
3.569783
3.574562
3.579350
3.584062
3.588844
3.593608
3.598320
3.603081
3.607848
3.612519
3.617238
3.621986
3.626663
3.631388
3.636104
3.640742
3.645442
3.650170
3.654847
3.659521
3.664195
3.668859
3.673524
3.678207
3.682851
3.687501
3.692127
3.696717
3.701370
3.706059
3.710631
3.715191
3.719877
3.724458
3.729026
3.733634
3.738203
3.742778
3.747404
3.751922
3.756530
3.761054
3.765575
3.770147
3.774668
3.779252
3.783737
3.788282
3.792726
3.797268
3.801771
3.806325
3.810888
3.815319
3.819795
3.824271
3.828837
3.833247
3.837732
3.842265
3.846705
3.851140
3.855622
3.860023
3.864502
3.868960
3.873400
3.877879
3.882305
3.886715
3.891212
3.895571
3.900020
3.904416
3.908892
3.913248
3.917643
3.922044
3.926425
3.930832
3.935221
3.939637
3.944056
3.948395
3.952769
3.957200
3.961574
3.965880
3.970299
3.974700
3.979038
3.983383
3.987727
3.992152
3.996460
4.000748
4.005083
4.009460
4.013832
4.018155
4.022499
4.026811
4.031203
4.035502
4.039772
4.044086
4.048502
4.052735
4.057011
4.061361
4.065723
4.069957
4.074277
4.078477
4.082888
4.087103
4.091412
4.095639
4.099977
4.104249
4.108462
4.112752
4.117040
4.121333
4.125587
4.129788
4.134045
4.138339
4.142593
4.146755
4.151033
4.155282
4.159518
4.163730
4.167925
4.172206
4.176476
4.180694
4.184865
4.189116
4.193346
4.197567
4.201774
4.205954
4.210205
4.214432
4.218606
4.222732
4.227055
4.231174
4.235420
4.239578
4.243761
4.247970
4.252198
4.256347
4.260521
4.264688
4.268898
4.273032
4.277200
4.281343
4.285535
4.289705
4.293810
4.297945
4.302115
4.306262
4.310402
4.314558
4.318608
4.322761
4.326955
4.331006
4.335069
4.339227
4.343344
4.347497
4.351619
4.355660
4.359783
4.363948
4.367959
4.372046
4.376151
4.380234
4.384336
4.388399
4.392392
4.396422
4.400506
4.404556
4.408592
4.412675
4.416678
4.420684
4.424765
4.428741
4.432827
4.436869
4.440812
4.444805
4.448838
4.452814
4.456813
4.460822
4.464798
4.468726
4.472734
4.476713
4.480647
4.484626
4.488542
4.492494
4.496508
4.500391
4.504352
4.508318
4.512252
4.516156
4.520078
4.523985
4.527931
4.531837
4.535687
4.539618
4.543504
4.547366
4.551204
4.555156
4.558952
4.562814
4.566700
4.570549
4.574390
4.578231
4.582067
4.585931
4.589787
4.593596
4.597409
4.601262
4.605097
4.608866
4.612710
4.616506
4.620284
4.624119
4.627945
4.631726
4.635522
4.639285
4.643096
4.646853
4.650592
4.654379
4.658145
4.661875
4.665629
4.669365
4.673090
4.676820
4.680589
4.684220
4.688028
4.691713
4.695392
4.699095
4.702796
4.706511
4.710133
4.713860
4.717557
4.721227
4.724930
4.728604
4.732241
4.735920
4.739548
4.743212
4.746901
4.750541
4.754169
4.757836
4.761440
4.765045
4.768766
4.772319
4.776016
4.779654
4.783252
4.786832
4.790463
4.794070
4.797684
4.801327
4.804886
4.808494
4.812167
4.815720
4.819327
4.822926
4.826494
4.830086
4.833732
4.837280
4.840824
4.844428
4.848035
4.851556
4.855145
4.858659
4.862252
4.865808
4.869325
4.872915
4.876486
4.879976
4.883539
4.887080
4.890660
4.894198
4.897653
4.901167
4.904646
4.908268
4.911699
4.915201
4.918694
4.922170
4.925669
4.929145
4.932623
4.936075
4.939550
4.943038
4.946498
4.949997
4.953413
4.956885
4.960361
4.963800
4.967155
4.970652
4.974022
4.977450
4.980949
4.984284
4.987741
4.991145
4.994536
4.997949
5.001386
5.004762
5.008142
5.011533
5.014859
5.018268
5.021672
5.025024
5.028377
5.031760
5.035070
5.038420
5.041814
5.045116
5.048454
5.051755
5.055078
5.058401
5.061735
5.065040
5.068408
5.071637
5.074986
5.078276
5.081626
5.084907
5.088205
5.091501
5.094776
5.098074
5.101355
5.104582
5.107841
5.111113
5.114376
5.117620
5.120865
5.124119
5.127331
5.130543
5.133790
5.137014
5.140238
5.143453
5.146631
5.149894
5.153049
5.156321
5.159496
5.162720
5.165878
5.169090
5.172275
5.175478
5.178647
5.181817
5.185005
5.188124
5.191311
5.194404
5.197588
5.200635
5.203808
5.206882
5.210055
5.213168
5.216293
5.219415
5.222495
5.225544
5.228682
5.231752
5.234883
5.237924
5.241016
5.244039
5.247095
5.250190
5.253231
5.256308
5.259349
5.262321
5.265395
5.268427
5.271438
5.274485
5.277484
5.280462
5.283434
5.286458
5.289400
5.292396
5.295406
5.298319
5.301282
5.304248
5.307202
5.310165
5.313125
5.316022
5.318964
5.321892
5.324804
5.327731
5.330673
5.333552
5.336438
5.339308
5.342181
5.345093
5.347975
5.350828
5.353692
5.356535
5.359334
5.362195
5.365092
5.367932
5.370760
5.373616
5.376411
5.379221
5.382052
5.384881
5.387691
5.390501
5.393282
5.396074
5.398914
5.401677
5.404439
5.407225
5.409970
5.412753
5.415522
5.418233
5.421016
5.423781
5.426547
5.429214
5.431991
5.434672
5.437390
5.440128
5.442870
5.445554
5.448277
5.450971
5.453622
5.456378
5.459057
5.461790
5.464483
5.467176
5.469810
5.472476
5.475158
5.477786
5.480518
5.483154
5.485788
5.488424
5.491082
5.493742
5.496370
5.499012
5.501658
5.504286
5.506883
5.509499
5.512123
5.514748
5.517345
5.519970
5.522534
5.525102
5.527697
5.530271
5.532859
5.535487
5.538063
5.540604
5.543165
5.545724
5.548277
5.550841
5.553409
5.555976
5.558544
5.561097
5.563569
5.566124
5.568596
5.571178
5.573680
5.576242
5.578717
5.581251
5.583735
5.586231
5.588748
5.591261
5.593769
5.596271
5.598766
5.601181
5.603703
5.606164
5.608647
5.611131
5.613528
5.616003
5.618459
5.620868
5.623301
5.625704
5.628172
5.630611
5.633071
5.635471
5.637865
5.640267
5.642637
5.645052
5.647434
5.649837
5.652249
5.654645
5.656994
5.659364
5.661737
5.664083
5.666453
5.668823
5.671160
5.673506
5.675858
5.678189
5.680501
5.682857
5.685124
5.687443
5.689759
5.692066
5.694355
5.696623
5.698906
5.701207
5.703517
5.705776
5.708056
5.710345
5.712626
5.714849
5.717107
5.719348
5.721592
5.723845
5.726080
5.728316
5.730539
5.732744
5.734970
5.737211
5.739413
5.741645
5.743877
5.746094
5.748291
5.750474
5.752650
5.754864
5.757042
5.759208
5.761389
5.763579
5.765772
5.767927
5.770102
5.772262
5.774386
5.776549
5.778718
5.780893
5.783041
5.785178
5.787299
5.789459
5.791572
5.793699
5.795805
5.797956
5.800056
5.802180
5.804290
5.806405
5.808511
5.810620
5.812726
5.814851
5.816927
5.819018
5.821118
5.823213
5.825298
5.827401
5.829451
5.831506
5.833570
5.835659
5.837738
5.839793
5.841851
5.843915
5.845977
5.848011
5.850051
5.852118
5.854141
5.856173
5.858219
5.860262
5.862323
5.864385
5.866359
5.868363
5.870362
5.872360
5.874401
5.876402
5.878376
5.880390
5.882439
5.884431
5.886442
5.888428
5.890423
5.892410
5.894387
5.896352
5.898324
5.900283
5.902237
5.904214
5.906204
5.908127
5.910083
5.912064
5.913981
5.915953
5.917894
5.919824
5.921768
5.923695
5.925603
5.927529
5.929459
5.931376
5.933279
5.935205
5.937075
5.938993
5.940898
5.942797
5.944664
5.946563
5.948424
5.950312
5.952205
5.954099
5.955986
5.957829
5.959680
5.961532
5.963374
5.965232
5.967065
5.968884
5.970715
5.972560
5.974397
5.976203
5.978046
5.979862
5.981662
5.983463
5.985263
5.987067
5.988856
5.990633
5.992382
5.994192
5.995942
5.997709
5.999483
6.001220
6.002964
6.004708
6.006443
6.008204
6.009948
6.011680
6.013417
6.015146
6.016839
6.018544
6.020276
6.021950
6.023682
6.025360
6.027038
6.028718
6.030423
6.032110
6.033767
6.035418
6.037068
6.038725
6.040388
6.042036
6.043690
6.045331
6.047000
6.048666
6.050284
6.051875
6.053499
6.055105
6.056714
6.058343
6.059943
6.061525
6.063125
6.064746
6.066346
6.067945
6.069593
6.071130
6.072724
6.074276
6.075864
6.077431
6.079028
6.080565
6.082117
6.083663
6.085200
6.086755
6.088331
6.089871
6.091408
6.092963
6.094485
6.096019
6.097549
6.099069
6.100564
6.102088
6.103596
6.105100
6.106595
6.108084
6.109624
6.111116
6.112647
6.114142
6.115643
6.117147
6.118621
6.120110
6.121575
6.123055
6.124544
6.126012
6.127465
6.128922
6.130363
6.131824
6.133293
6.134737
6.136181
6.137646
6.139099
6.140558
6.141996
6.143437
6.144864
6.146314
6.147722
6.149130
6.150541
6.151940
6.153363
6.154789
6.156209
6.157609
6.159011
6.160434
6.161824
6.163244
6.164634
6.166013
6.167436
6.168829
6.170198
6.171588
6.172966
6.174335
6.175684
6.177068
6.178416
6.179773
6.181149
6.182506
6.183869
6.185238
6.186593
6.187953
6.189295
6.190646
6.191988
6.193310
6.194631
6.195973
6.197264
6.198565
6.199880
6.201225
6.202528
6.203865
6.205177
6.206498
6.207808
6.209096
6.210405
6.211709
6.213012
6.214336
6.215624
6.216909
6.218183
6.219444
6.220720
6.221997
6.223273
6.224532
6.225799
6.227078
6.228354
6.229625
6.230871
6.232118
6.233382
6.234631
6.235851
6.237106
6.238358
6.239599
6.240851
6.242091
6.243305
6.244512
6.245738
6.246942
6.248173
6.249378
6.250600
6.251826
6.253066
6.254273
6.255499
6.256691
6.257920
6.259091
6.260262
6.261440
6.262630
6.263813
6.264984
6.266168
6.267366
6.268493
6.269655
6.270856
6.272025
6.273190
6.274365
6.275548
6.276726
6.277903
6.279039
6.280171
6.281328
6.282445
0.000372
0.001516
0.002658
0.003766
0.004890
0.006031
0.007134
0.008242
0.009366
0.010486
0.011619
0.012727
0.013845
0.014986
0.016095
0.017200
0.018318
0.019384
0.020508
0.021584
0.022650
0.023726
0.024810
0.025874
0.026959
0.028028
0.029071
0.030122
0.031177
0.032238
0.033310
0.034338
0.035398
0.036483
0.037565
0.038601
0.039668
0.040728
0.041768
0.042793
0.043808
0.044830
0.045828
0.046855
0.047871
0.048884
0.049887
0.050858
0.051847
0.052838
0.053818
0.054801
0.055799
0.056814
0.057827
0.058843
0.059843
0.060847
0.061857
0.062845
0.063819
0.064793
0.065760
0.066731
0.067693
0.068634
0.069586
0.070521
0.071471
0.072445
0.073379
0.074296
0.075237
0.076178
0.077112
0.078023
0.078943
0.079872
0.080822
0.081774
0.082706
0.083644
0.084573
0.085501
0.086424
0.087296
0.088195
0.089085
0.089981
0.090879
0.091775
0.092653
0.093537
0.094427
0.095284
0.096152
0.097006
0.097851
0.098705
0.099577
0.100440
0.101303
0.102157
0.103040
0.103903
0.104772
0.105656
0.106504
0.107379
0.108251
0.109095
0.109931
0.110770
0.111597
0.112424
0.113218
0.114039
0.114839
0.115642
0.116439
0.117257
0.118042
0.118848
0.119656
0.120450
0.121265
0.122029
0.122811
0.123602
0.124399
0.125175
0.125966
0.126763
0.127578
0.128369
0.129196
0.129963
0.130742
0.131512
0.132291
0.133043
0.133789
0.134544
0.135284
0.136030
0.136770
0.137486
0.138202
0.138924
0.139670
0.140380
0.141099
0.141827
0.142558
0.143271
0.143993
0.144698
0.145411
0.146118
0.146828
0.147529
0.148254
0.148988
0.149725
0.150447
0.151163
0.151870
0.152574
0.153275
0.153949
0.154629
0.155295
0.155978
0.156658
0.157329
0.157997
0.158659
0.159303
0.159932
0.160574
0.161206
0.161823
0.162455
0.163090
0.163725
0.164367
0.164987
0.165610
0.166233
0.166862
0.167474
0.168106
0.168726
0.169337
0.169954
0.170580
0.171192
0.171818
0.172450
0.173076
0.173699
0.174323
0.174955
0.175575
0.176195
0.176803
0.177414
0.178008
0.178595
0.179170
0.179736
0.180291
0.180839
0.181387
0.181924
0.182463
0.182981
0.183517
0.184069
0.184620
0.185156
0.185687
0.186226
0.186771
0.187304
0.187844
0.188368
0.188877
0.189384
0.189896
0.190396
0.190906
0.191409
0.191933
0.192449
0.192961
0.193476
0.193998
0.194531
0.195070
0.195607
0.196137
0.196661
0.197209
0.197737
0.198258
0.198761
0.199277
0.199774
0.200259
0.200730
0.201188
0.201662
0.202126
0.202584
0.203040
0.203477
0.203912
0.204343
0.204768
0.205188
0.205598
0.206015
0.206428
0.206833
0.207240
0.207648
0.208043
0.208439
0.208840
0.209233
0.209616
0.210012
0.210416
0.210800
0.211189
0.211561
0.211923
0.212298
0.212657
0.212999
0.213343
0.213697
0.214056
0.214410
0.214766
0.215117
0.215470
0.215842
0.216210
0.216588
0.216959
0.217337
0.217741
0.218143
0.218541
0.218928
0.219320
0.219716
0.220114
0.220507
0.220896
0.221277
0.221669
0.222041
0.222409
0.222766
0.223095
0.223425
0.223757
0.224063
0.224357
0.224662
0.224944
0.225217
0.225483
0.225735
0.225993
0.226247
0.226499
0.226739
0.226978
0.227224
0.227470
0.227709
0.227943
0.228171
0.228398
0.228632
0.228872
0.229093
0.229309
0.229540
0.229783
0.230013
0.230244
0.230469
0.230681
0.230909
0.231134
0.231346
0.231556
0.231772
0.231979
0.232179
0.232374
0.232563
0.232740
0.232922
0.233111
0.233285
0.233462
0.233638
0.233803
0.233962
0.234112
0.234271
0.234402
0.234537
0.234672
0.234798
0.234915
0.235026
0.235130
0.235223
0.235322
0.235409
0.235484
0.235559
0.235652
0.235724
0.235793
0.235877
0.235960
0.236035
0.236107
0.236167
0.236230
0.236296
0.236359
0.236410
0.236458
0.236518
0.236578
0.236644
0.236703
0.236760
0.236814
0.236877
0.236949
0.237015
0.237078
0.237150
0.237222
0.237294
0.237366
0.237428
0.237488
0.237560
0.237632
0.237695
0.237773
0.237851
0.237929
0.238010
0.238091
0.238171
0.238255
0.238351
0.238453
0.238543
0.238648
0.238756
0.238864
0.238974
0.239097
0.239220
0.239346
0.239496
0.239646
0.239789
0.239945
0.240122
0.240299
0.240487
0.240670
0.240856
0.241036
0.241233
0.241437
0.241620
0.241815
0.242015
0.242207
0.242396
0.242576
0.242752
0.242926
0.243106
0.243295
0.243475
0.243639
0.243822
0.243993
0.244152
0.244304
0.244451
0.244583
0.244724
0.244868
0.244988
0.245104
0.245221
0.245320
0.245416
0.245494
0.245569
0.245635
0.245698
0.245740
0.245755
0.245769
0.245790
0.245799
0.245799
0.245799
0.245799
0.245799
0.245799
0.245799
0.245799
0.245799
0.245796
0.245722
0.245635
0.245545
0.245437
0.245335
0.245233
0.245128
0.245008
0.244889
0.244787
0.244685
0.244574
0.244466
0.244352
0.244242
0.244143
0.244053
0.243951
0.243858
0.243774
0.243684
0.243597
0.243513
0.243421
0.243328
0.243247
0.243166
0.243082
0.243004
0.242938
0.242869
0.242809
0.242749
0.242687
0.242627
0.242576
0.242534
0.242483
0.242432
0.242390
0.242357
0.242324
0.242294
0.242258
0.242225
0.242207
0.242201
0.242189
0.242180
0.242180
0.242180
0.242180
0.242180
0.242180
0.242180
0.242180
0.242180
0.242180
0.242180
0.242180
0.242180
0.242180
0.242180
0.242180
0.242180
0.242180
0.242180
0.242180
0.242192
0.242228
0.242264
0.242294
0.242324
0.242348
0.242366
0.242393
0.242426
0.242450
0.242477
0.242504
0.242537
0.242561
0.242585
0.242606
0.242627
0.242654
0.242672
0.242687
0.242705
0.242728
0.242740
0.242749
0.242758
0.242764
0.242767
0.242779
0.242788
0.242794
0.242794
0.242809
0.242815
0.242821
0.242830
0.242833
0.242833
0.242833
0.242833
0.242833
0.242833
0.242833
0.242833
0.242833
0.242833
0.242833
0.242833
0.242833
0.242833
0.242833
0.242833
0.242833
0.242833
0.242833
0.242833
0.242833
0.242833
0.242833
0.242833
0.242833
0.242833
0.242833
0.242833
0.242833
0.242833
0.242833
0.242833
0.242833
0.242833
0.242833
0.242833
0.242833
0.242833
0.242833
0.242833
0.242833
0.242833
0.242833
0.242833
0.242833
0.242833
0.242833
0.242833
0.242833
0.242833
0.242833
0.242833
0.242833
0.242833
0.242833
0.242833
0.242833
0.242833
0.242833
0.242833
0.242833
0.242833
0.242833
0.242833
0.242833
0.242833
0.242833
0.242833
0.242833
0.242833
0.242833
0.242833
0.242833
0.242833
0.242833
0.242833
0.242833
0.242833
0.242833
0.242833
0.242833
0.242833
0.242833
0.242833
0.242833
0.242833
0.242833
0.242833
0.242833
0.242833
0.242833
0.242833
0.242833
0.242833
0.242833
0.242833
0.242833
0.242833
0.242833
0.242833