3.906303
3.906303
3.906303
3.906303
3.906303
3.906303
3.906303
3.906303
3.906312
3.906468
3.906755
3.907202
3.907768
3.908409
3.909197
3.910216
3.911411
3.912792
3.914297
3.915965
3.917730
3.919492
3.921325
3.923306
3.925436
3.927701
3.930149
3.932815
3.935682
3.938690
3.941791
3.945000
3.948442
3.951957
3.955630
3.959381
3.963282
3.967422
3.971629
3.975985
3.980539
3.985306
3.990199
3.995283
4.000463
4.005706
4.011174
4.016932
4.022724
4.028602
4.034717
4.041069
4.047453
4.054057
4.060732
4.067667
4.074795
4.081860
4.089047
4.096517
4.104040
4.111884
4.119736
4.127759
4.136104
4.144507
4.152992
4.161729
4.170603
4.179495
4.188643
4.197984
4.207485
4.217024
4.226779
4.236621
4.246766
4.257057
4.267316
4.277862
4.288713
4.299430
4.310522
4.321548
4.332918
4.344440
4.356011
4.367801
4.379920
4.391943
4.404101
4.416564
4.429142
4.441779
4.454656
4.467851
4.480848
4.494084
4.507393
4.521061
4.534876
4.548738
4.562808
4.576955
4.591240
4.605717
4.620380
4.635076
4.649756
4.664662
4.679262
4.694215
4.708889
4.723984
4.738589
4.753833
4.768433
4.783509
4.798382
4.813263
4.828573
4.843484
4.858540
4.873478
4.888587
4.903555
4.918835
4.933687
4.948919
4.963989
4.978999
4.994111
5.009247
5.024491
5.039549
5.054626
5.069770
5.084913
5.100177
5.115379
5.130246
5.145409
5.160596
5.175654
5.190712
5.205840
5.220556
5.235917
5.250726
5.265680
5.280666
5.295718
5.310683
5.325646
5.340734
5.355507
5.370323
5.385159
5.400068
5.414761
5.429807
5.444643
5.459327
5.474076
5.488763
5.503612
5.518445
5.533078
5.548043
5.562685
5.577384
5.591902
5.606936
5.621557
5.636340
5.651098
5.665785
5.680522
5.695455
5.710004
5.724739
5.739503
5.754315
5.768918
5.783662
5.798306
5.813134
5.827803
5.842537
5.857242
5.871884
5.886555
5.901086
5.915797
5.930370
5.945101
5.959725
5.974286
5.988945
6.003764
6.018055
6.032580
6.047018
6.061935
6.076215
6.090859
6.105253
6.119756
6.134071
6.148438
6.163100
6.177443
6.191776
6.205983
6.220406
6.234916
6.249189
6.263525
6.277762
0.008952
0.023258
0.037487
0.051763
0.066057
0.080315
0.094630
0.109000
0.123216
0.137396
0.151717
0.166011
0.180327
0.194780
0.208753
0.223131
0.237390
0.251651
0.265897
0.280377
0.294551
0.308833
0.323104
0.337275
0.351548
0.365935
0.380113
0.394407
0.408710
0.422968
0.436972
0.451293
0.465521
0.479732
0.493972
0.508095
0.522216
0.536426
0.550558
0.564640
0.578796
0.592842
0.607094
0.621088
0.635107
0.649146
0.663357
0.677291
0.691502
0.705344
0.719386
0.733408
0.747354
0.761358
0.775355
0.789386
0.803294
0.817378
0.831271
0.845193
0.859068
0.873165
0.887069
0.901064
0.915163
0.929149
0.943114
0.957153
0.971214
0.985196
0.999376
1.013245
1.027372
1.041456
1.055457
1.069532
1.083709
1.097836
1.111941
1.125903
1.139933
1.154111
1.168025
1.182142
1.196262
1.210479
1.224377
1.238468
1.252735
1.266748
1.280823
1.294985
1.308932
1.322989
1.337140
1.351173
1.365270
1.379378
1.393256
1.407334
1.421362
1.435333
1.449321
1.463403
1.477475
1.491380
1.505386
1.519324
1.533450
1.547373
1.561338
1.575243
1.589465
1.603235
1.617283
1.631233
1.645248
1.659375
1.673351
1.687550
1.701496
1.715650
1.729677
1.743621
1.757840
1.771811
1.785925
1.800043
1.814319
1.828238
1.842545
1.856617
1.870639
1.884978
1.899173
1.913015
1.927354
1.941507
1.955646
1.969898
1.983845
1.997986
2.012187
2.026215
2.040353
2.054636
2.068690
2.082571
2.096967
2.110847
2.124956
2.139076
2.153188
2.167122
2.181207
2.195163
2.209142
2.223316
2.237155
2.251114
2.265168
2.279064
2.292753
2.306745
2.320790
2.334473
2.348426
2.362235
2.376334
2.390056
2.403958
2.417710
2.431632
2.445540
2.459370
2.473343
2.487128
2.500886
2.515030
2.528830
2.542546
2.556730
2.570299
2.584440
2.598123
2.611980
2.625852
2.640053
2.653529
2.667473
2.681479
2.695261
2.709208
2.722966
2.736831
2.750742
2.764509
2.778324
2.792207
2.805986
2.819885
2.833769
2.847386
2.861255
2.875042
2.888857
2.902546
2.916274
2.929813
2.943766
2.957398
2.971045
2.984722
2.998444
3.011890
3.025669
3.039256
3.052760
3.066230
3.079961
3.093473
3.107045
3.120599
3.134058
3.147711
3.161235
3.174564
3.188058
3.201676
3.215110
3.228439
3.241999
3.255665
3.269051
3.282626
3.296072
3.309591
3.323187
3.336732
3.350220
3.363819
3.377074
3.390700
3.404263
3.417697
3.431072
3.444620
3.458288
3.471698
3.485231
3.498732
3.512160
3.525663
3.539062
3.552517
3.566101
3.579469
3.592826
3.606428
3.619790
3.633194
3.646644
3.660072
3.673575
3.686788
3.700198
3.713480
3.726815
3.740109
3.753298
3.766971
3.779998
3.793502
3.806504
3.820005
3.832996
3.846307
3.859511
3.872813
3.885978
3.899208
3.912280
3.925637
3.938669
3.951969
3.965209
3.978346
3.991535
4.004747
4.017948
4.031140
4.044281
4.057553
4.070682
4.084029
4.097173
4.110337
4.123646
4.136877
4.150065
4.163568
4.176472
4.190093
4.203084
4.216635
4.229901
4.243114
4.256279
4.269437
4.282794
4.296114
4.309306
4.322671
4.335914
4.349321
4.362659
4.375965
4.389231
4.402573
4.415767
4.429064
4.442528
4.455651
4.468882
4.482190
4.495418
4.508732
4.521972
4.535139
4.548385
4.561636
4.574819
4.587942
4.601391
4.614448
4.627664
4.640879
4.653900
4.667223
4.680463
4.693454
4.706774
4.719903
4.733059
4.746421
4.759529
4.772601
4.785900
4.799011
4.812235
4.825256
4.838799
4.851945
4.865059
4.878544
4.891721
4.905026
4.918116
4.931427
4.944613
4.958054
4.971296
4.984584
4.997928
5.011108
5.024302
5.038009
5.050961
5.064476
5.077584
5.091057
5.104228
5.117555
5.130950
5.144172
5.157513
5.170764
5.183876
5.197384
5.210372
5.223618
5.237151
5.250157
5.263421
5.276564
5.289903
5.303130
5.316256
5.329343
5.342349
5.355573
5.368633
5.381912
5.395079
5.407971
5.421010
5.434136
5.447124
5.460249
5.473094
5.486261
5.499153
5.512201
5.525018
5.538081
5.551138
5.564099
5.576949
5.590075
5.603026
5.615963
5.628936
5.641801
5.654670
5.667690
5.680867
5.693592
5.706810
5.719672
5.732654
5.745684
5.758573
5.771600
5.784678
5.797552
5.810543
5.823387
5.836390
5.849467
5.862174
5.875308
5.888083
5.900909
5.913945
5.926691
5.939682
5.952556
5.965451
5.978387
5.991133
6.003965
6.016875
6.029695
6.042584
6.055344
6.068012
6.080787
6.093598
6.106259
6.119052
6.131762
6.144462
6.157204
6.169971
6.182581
6.195179
6.207978
6.220505
6.233160
6.245666
6.258381
6.270886
0.000330
0.012835
0.025428
0.038083
0.050582
0.063139
0.075812
0.088330
0.100886
0.113566
0.126119
0.138678
0.151199
0.163740
0.176324
0.188955
0.201461
0.214119
0.226765
0.239373
0.251851
0.264372
0.277024
0.289596
0.302212
0.314745
0.327358
0.340091
0.352453
0.365016
0.377671
0.390045
0.402676
0.415301
0.427786
0.440300
0.452806
0.465317
0.477823
0.490374
0.502750
0.515253
0.527872
0.540351
0.552766
0.565152
0.577535
0.590040
0.602429
0.614827
0.627386
0.639457
0.652041
0.664247
0.676560
0.689009
0.701503
0.713727
0.726058
0.738486
0.750689
0.763078
0.775490
0.787738
0.799902
0.812429
0.824506
0.836843
0.849031
0.861354
0.873791
0.885994
0.898370
0.910780
0.922887
0.935456
0.947572
0.959963
0.972208
0.984555
0.997004
1.009296
1.021511
1.034032
1.046466
1.058767
1.071213
1.083521
1.095870
1.108340
1.120711
1.133318
1.145554
1.157982
1.170326
1.182759
1.195076
1.207563
1.220006
1.232209
1.244792
1.257067
1.269363
1.281737
1.294197
1.306592
1.318879
1.331298
1.343737
1.356063
1.368395
1.380810
1.393019
1.405465
1.417800
1.430185
1.442328
1.454954
1.467049
1.479375
1.491634
1.503909
1.516334
1.528582
1.540878
1.553108
1.565325
1.577720
1.589950
1.602216
1.614599
1.626814
1.638972
1.651267
1.663803
1.676114
1.688392
1.700870
1.713082
1.725483
1.737838
1.750215
1.762430
1.775067
1.787336
1.799734
1.812144
1.824598
1.836858
1.849382
1.861698
1.874042
1.886551
1.898969
1.911391
1.923702
1.936165
1.948575
1.961030
1.973490
1.985870
1.998160
2.010737
2.023117
2.035452
2.047817
2.060217
2.072654
2.085123
2.097224
2.109706
2.122086
2.134441
2.146782
2.159195
2.171305
2.183786
2.195974
2.208255
2.220590
2.232586
2.245032
2.257205
2.269399
2.281709
2.293942
2.306008
2.318429
2.330426
2.342676
2.354795
2.367064
2.379075
2.391251
2.403568
2.415693
2.427791
2.439904
2.452023
2.464178
2.476537
2.488527
2.500625
2.512921
2.524896
2.537189
2.549317
2.561427
2.573564
2.585905
2.597898
2.610125
2.622247
2.634450
2.646551
2.658709
2.670792
2.683052
2.695144
2.707222
2.719439
2.731529
2.743654
2.755758
2.767996
2.779978
2.792100
2.804327
2.816371
2.828346
2.840507
2.852578
2.864553
2.876637
2.888720
2.900803
2.912703
2.924696
2.936540
2.948677
2.960685
2.972564
2.984617
2.996578
3.008436
3.020402
3.032234
3.044137
3.055995
3.067961
3.079787
3.091651
3.103492
3.115290
3.127203
3.138914
3.150728
3.162595
3.174319
3.186198
3.198038
3.209756
3.221599
3.233359
3.245094
3.257004
3.268814
3.280472
3.292258
3.304132
3.316023
3.327639
3.339566
3.351386
3.363046
3.374911
3.386688
3.398453
3.410291
3.422026
3.433864
3.445695
3.457398
3.469167
3.481040
3.492946
3.504526
3.516366
3.528069
3.539885
3.551762
3.563323
3.575224
3.586858
3.598533
3.610365
3.622088
3.633680
3.645412
3.657079
3.668713
3.680433
3.692040
3.703728
3.715427
3.726953
3.738506
3.750307
3.761875
3.773389
3.784870
3.796662
3.808116
3.819555
3.831306
3.842691
3.854205
3.865680
3.877202
3.888689
3.900194
3.911621
3.923003
3.934532
3.946160
3.957548
3.969178
3.980563
3.992044
4.003591
4.015087
4.026493
4.038004
4.049479
4.060987
4.072419
4.083805
4.095312
4.106844
4.118427
4.130111
4.141562
4.153001
4.164368
4.176278
4.187420
4.199057
4.210616
4.222099
4.233733
4.245331
4.256698
4.268257
4.279845
4.291353
4.302846
4.314360
4.325961
4.337478
4.349033
4.360604
4.372160
4.383755
4.395229
4.406567
4.418170
4.429699
4.441324
4.452832
4.464205
4.475791
4.487217
4.498602
4.510308
4.521705
4.533153
4.544763
4.556079
4.567593
4.579029
4.590416
4.601910
4.613312
4.624787
4.636103
4.647674
4.658990
4.670357
4.681793
4.693133
4.704611
4.715981
4.727501
4.738766
4.750115
4.761725
4.772873
4.784519
4.795667
4.807292
4.818554
4.830071
4.841447
4.853024
4.864310
4.875764
4.887269
4.898669
4.910099
4.921607
4.933045
4.944511
4.955914
4.967398
4.978810
4.990459
5.001736
5.013241
5.024752
5.036158
5.047633
5.059216
5.070601
5.082072
5.093610
5.105034
5.116575
5.127990
5.139393
5.150967
5.162256
5.173797
5.185035
5.196720
5.208068
5.219469
5.230833
5.242274
5.253549
5.264874
5.276325
5.287734
5.299038
5.310303
5.321619
5.333022
5.344287
5.355523
5.366841
5.378092
5.389336
5.400610
5.411803
5.423110
5.434516
5.445461
5.456852
5.467919
5.478993
5.490276
5.501514
5.512609
5.523589
5.534953
5.545949
5.557190
5.568389
5.579442
5.590584
5.601807
5.612836
5.623945
5.635118
5.646323
5.657501
5.668643
5.679624
5.690835
5.701888
5.713198
5.724124
5.735416
5.746445
5.757557
5.768700
5.779866
5.790825
5.801956
5.813005
5.824028
5.835173
5.846234
5.857500
5.868420
5.879641
5.890633
5.901745
5.912723
5.923667
5.934858
5.945836
5.956864
5.967940
5.978855
5.989902
6.001002
6.011878
6.022993
6.033901
6.044762
6.055722
6.066624
6.077596
6.088538
6.099428
6.110385
6.121212
6.132064
6.142874
6.153780
6.164712
6.175444
6.186257
6.197142
6.207960
6.218683
6.229499
6.240258
6.250924
6.262021
6.272418
0.000150
0.010891
0.021410
0.032378
0.043044
0.053752
0.064457
0.075243
0.085876
0.096569
0.107274
0.118123
0.128747
0.139517
0.150333
0.160822
0.171830
0.182289
0.193129
0.203804
0.214634
0.225273
0.235951
0.246710
0.257478
0.268285
0.278765
0.289566
0.300229
0.310955
0.321782
0.332347
0.343018
0.353747
0.364524
0.375079
0.385775
0.396462
0.407044
0.417695
0.428598
0.439000
0.449663
0.460518
0.471163
0.481610
0.492489
0.502870
0.513800
0.524310
0.534772
0.545600
0.556164
0.566635
0.577199
0.587802
0.598393
0.608924
0.619453
0.629990
0.640488
0.651115
0.661502
0.672009
0.682639
0.693012
0.703627
0.713972
0.724470
0.734957
0.745269
0.755854
0.766319
0.776758
0.787163
0.797670
0.808105
0.818400
0.828868
0.839348
0.849765
0.860255
0.870705
0.881041
0.891518
0.902146
0.912314
0.922872
0.933346
0.943872
0.954256
0.964760
0.975264
0.985729
0.996156
1.006597
1.017182
1.027668
1.037978
1.048599
1.059058
1.069499
1.079976
1.090549
1.101018
1.111567
1.122020
1.132473
1.143016
1.153554
1.164016
1.174499
1.185051
1.195540
1.205997
1.216534
1.226993
1.237596
1.248013
1.258553
1.269040
1.279457
1.289904
1.300309
1.311038
1.321414
1.331819
1.342347
1.352791
1.363274
1.373761
1.384124
1.394562
1.405033
1.415472
1.425844
1.436378
1.446604
1.457150
1.467600
1.477928
1.488411
1.498846
1.509194
1.519624
1.530089
1.540422
1.550720
1.561059
1.571593
1.581912
1.592287
1.602665
1.613196
1.623563
1.633731
1.644364
1.654692
1.664944
1.675425
1.685914
1.696265
1.706760
1.717294
1.727568
1.737955
1.748612
1.758850
1.769387
1.779786
1.790207
1.800669
1.811206
1.821809
1.832112
1.842661
1.853064
1.863538
1.874063
1.884528
1.894976
1.905444
1.915834
1.926374
1.936810
1.947257
1.957803
1.968172
1.978622
1.989130
1.999562
2.010087
2.020474
2.030907
2.041327
2.051804
2.062180
2.072645
2.083065
2.093503
2.103831
2.114272
2.124617
2.135011
2.145437
2.155755
2.166125
2.176665
2.186887
2.197284
2.207470
2.217780
2.228374
2.238545
2.248927
2.259068
2.269557
2.279693
2.289910
2.300246
2.310448
2.320679
2.330926
2.341076
2.351413
2.361725
2.371804
2.382003
2.392243
2.402442
2.412559
2.422857
2.432995
2.443332
2.453485
2.463552
2.473760
2.484093
2.494304
2.504409
2.514800
2.524887
2.535077
2.545285
2.555501
2.565622
2.575838
2.585980
2.596319
2.606431
2.616621
2.626780
2.637117
2.647339
2.657385
2.667551
2.677710
2.687921
2.698212
2.708225
2.718400
2.728610
2.738788
2.748870
2.759089
2.769195
2.779298
2.789478
2.799572
2.809821
2.819897
2.829967
2.840153
2.850265
2.860317
2.870459
2.880627
2.890628
2.900668
2.910785
2.920744
2.930754
2.940830
2.950852
2.960897
2.971024
2.980896
2.990819
3.000784
3.010728
3.020888
3.030834
3.040709
3.050737
3.060726
3.070559
3.080470
3.090444
3.100292
3.110113
3.120099
3.129914
3.139801
3.149721
3.159530
3.169384
3.179226
3.189119
3.199015
3.208869
3.218813
3.228535
3.238422
3.248330
3.258217
3.268077
3.277817
3.287725
3.297468
3.307382
3.317234
3.327096
3.336968
3.346855
3.356662
3.366387
3.376286
3.386179
3.396048
3.405995
3.415684
3.425487
3.435311
3.445264
3.455034
3.464822
3.474640
3.484365
3.494127
3.504046
3.513754
3.523686
3.533540
3.543223
3.553008
3.562841
3.572468
3.582307
3.592095
3.601787
3.611590
3.621366
3.631067
3.640780
3.650524
3.660159
3.669851
3.679559
3.689254
3.698889
3.708671
3.718199
3.727978
3.737553
3.747108
3.756659
3.766369
3.775980
3.785547
3.795230
3.804815
3.814336
3.823959
3.833325
3.843119
3.852659
3.862069
3.871597
3.881157
3.890562
3.900155
3.909688
3.919174
3.928833
3.938148
3.947682
3.957185
3.966686
3.976195
3.985663
3.995259
4.004547
4.014155
4.023692
4.033075
4.042656
4.052175
4.061690
4.071020
4.080742
4.090015
4.099564
4.109016
4.118502
4.128050
4.137608
4.146970
4.156528
4.166208
4.175691
4.185074
4.194799
4.204102
4.213689
4.223100
4.232574
4.242248
4.251607
4.261261
4.270587
4.280157
4.289637
4.299299
4.308631
4.318207
4.327854
4.337178
4.346825
4.356170
4.365581
4.375201
4.384635
4.394034
4.403576
4.413020
4.422601
4.431910
4.441435
4.450788
4.460379
4.469652
4.479299
4.488554
4.498051
4.507513
4.516956
4.526331
4.535774
4.545185
4.554605
4.563964
4.573282
4.582660
4.592136
4.601433
4.610826
4.620104
4.629482
4.638854
4.648318
4.657531
4.666990
4.676269
4.685574
4.694910
4.704192
4.713428
4.722875
4.732196
4.741547
4.750804
4.760059
4.769518
4.778785
4.788090
4.797378
4.806744
4.816031
4.825385
4.834811
4.844038
4.853410
4.862809
4.872052
4.881367
4.890675
4.900113
4.909392
4.918704
4.928144
4.937456
4.946825
4.956202
4.965463
4.974916
4.984173
4.993551
5.002860
5.012141
5.021471
5.030953
5.040056
5.049649
5.058751
5.068102
5.077374
5.086776
5.096067
5.105507
5.114732
5.123921
5.133443
5.142664
5.152024
5.161264
5.170591
5.179825
5.189088
5.198343
5.207625
5.216865
5.226132
5.235348
5.244627
5.253848
5.263007
5.272256
5.281502
5.290496
5.299882
5.308952
5.318093
5.327323
5.336408
5.345561
5.354695
5.363819
5.372879
5.381945
5.391086
5.400134
5.409203
5.418308
5.427407
5.436422
5.445533
5.454458
5.463476
5.472668
5.481423
5.490621
5.499543
5.508480
5.517540
5.526507
5.535529
5.544477
5.553430
5.562529
5.571355
5.580340
5.589215
5.598311
5.607341
5.616105
5.625338
5.634102
5.642991
5.652012
5.660967
5.669857
5.678665
5.687692
5.696611
5.705456
5.714495
5.723441
5.732291
5.741214
5.750235
5.759187
5.768023
5.776888
5.785693
5.794703
5.803574
5.812373
5.821367
5.830137
5.839041
5.848164
5.856921
5.865799
5.874751
5.883479
5.892506
5.901296
5.910125
5.919039
5.927832
5.936598
5.945404
5.954254
5.963033
5.971742
5.980617
5.989500
5.998137
6.006997
6.015607
6.024542
6.033233
6.041856
6.050763
6.059503
6.068206
6.076823
6.085568
6.094353
6.102987
6.111652
6.120254
6.129005
6.137703
6.146266
6.155053
6.163726
6.172259
6.180906
6.189528
6.198100
6.206759
6.215375
6.223932
6.232513
6.241130
6.249639
6.258213
6.266932
6.275381
0.000668
0.009255
0.017785
0.026377
0.034877
0.043560
0.052021
0.060475
0.069020
0.077526
0.086107
0.094544
0.103055
0.111639
0.120112
0.128546
0.137216
0.145695
0.154102
0.162746
0.171291
0.179760
0.188263
0.196826
0.205326
0.213859
0.222313
0.230756
0.239349
0.247813
0.256361
0.264860
0.273336
0.281848
0.290378
0.298800
0.307240
0.315799
0.324254
0.332700
0.341284
0.349715
0.358128
0.366711
0.375151
0.383594
0.392043
0.400465
0.408911
0.417393
0.425898
0.434260
0.442775
0.451122
0.459682
0.467951
0.476508
0.484780
0.493283
0.501660
0.509974
0.518444
0.526812
0.535150
0.543589
0.551919
0.560295
0.568666
0.576915
0.585322
0.593692
0.601938
0.610261
0.618683
0.627042
0.635311
0.643496
0.651981
0.660091
0.668573
0.676716
0.684925
0.693338
0.701488
0.709793
0.717993
0.726424
0.734528
0.742881
0.750944
0.759380
0.767428
0.775793
0.783915
0.792067
0.800405
0.808537
0.816773
0.824883
0.833170
0.841403
0.849634
0.857807
0.866121
0.874240
0.882539
0.890737
0.898808
0.907179
0.915403
0.923504
0.931755
0.939953
0.948150
0.956389
0.964643
0.972864
0.981041
0.989304
0.997543
1.005716
1.013940
1.022233
1.030413
1.038676
1.046933
1.055181
1.063426
1.071540
1.079770
1.088054
1.096158
1.104394
1.112648
1.120926
1.129136
1.137318
1.145641
1.153820
1.162113
1.170290
1.178463
1.186717
1.194890
1.203096
1.211443
1.219557
1.227718
1.235960
1.244202
1.252429
1.260549
1.268833
1.276970
1.285191
1.293442
1.301544
1.309807
1.317971
1.326249
1.334252
1.342497
1.350640
1.358798
1.366933
1.375145
1.383252
1.391425
1.399665
1.407718
1.415765
1.423945
1.432091
1.440333
1.448365
1.456551
1.464556
1.472714
1.480834
1.488881
1.497048
1.505087
1.513188
1.521352
1.529295
1.537525
1.545596
1.553626
1.561697
1.569820
1.577795
1.585944
1.594052
1.602162
1.610105
1.618275
1.626367
1.634385
1.642492
1.650593
1.658626
1.666757
1.674879
1.682939
1.691007
1.699123
1.707180
1.715323
1.723382
1.731496
1.739735
1.747597
1.755752
1.763823
1.772032
1.780143
1.788241
1.796256
1.804393
1.812584
1.820572
1.828670
1.836894
1.844965
1.852983
1.861120
1.869249
1.877293
1.885499
1.893484
1.901636
1.909755
1.917821
1.925883
1.934005
1.942083
1.950187
1.958366
1.966291
1.974524
1.982610
1.990610
1.998678
2.006830
2.014851
2.022886
2.030979
2.039014
2.047067
2.055097
2.063105
2.071168
2.079227
2.087224
2.095241
2.103273
2.111261
2.119278
2.127335
2.135274
2.143271
2.151387
2.159327
2.167284
2.175284
2.183181
2.191193
2.199138
2.207012
2.215008
2.223017
2.230899
2.238761
2.246742
2.254631
2.262538
2.270441
2.278393
2.286213
2.294134
2.302041
2.309792
2.317821
2.325590
2.333475
2.341364
2.349199
2.357021
2.364916
2.372760
2.380696
2.388426
2.396231
2.404065
2.411927
2.419723
2.427588
2.435299
2.443233
2.450951
2.458968
2.466644
2.474470
2.482343
2.490127
2.497947
2.505769
2.513553
2.521367
2.529214
2.537024
2.544760
2.552631
2.560585
2.568132
2.576123
2.583802
2.591691
2.599453
2.607288
2.615111
2.622924
2.630630
2.638537
2.646303
2.654059
2.661846
2.669666
2.677420
2.685206
2.692987
2.700726
2.708537
2.716201
2.724068
2.731816
2.739549
2.747306
2.755080
2.762873
2.770582
2.778303
2.786039
2.793789
2.801498
2.809213
2.816949
2.824595
2.832391
2.840016
2.847799
2.855454
2.863103
2.870833
2.878518
2.886209
2.893861
2.901432
2.909048
2.916900
2.924408
2.932087
2.939736
2.947355
2.955016
2.962626
2.970269
2.977834
2.985417
2.993036
3.000637
3.008211
3.015827
3.023329
3.030849
3.038531
3.046012
3.053575
3.061170
3.068627
3.076129
3.083652
3.091139
3.098689
3.106245
3.113687
3.121202
3.128635
3.136086
3.143597
3.151057
3.158508
3.166038
3.173480
3.180907
3.188433
3.195968
3.203398
3.210850
3.218310
3.225713
3.233194
3.240669
3.248081
3.255536
3.263032
3.270486
3.277886
3.285352
3.292783
3.300267
3.307721
3.315142
3.322531
3.330003
3.337451
3.344863
3.352215
3.359699
3.367136
3.374566
3.382023
3.389369
3.396904
3.404209
3.411681
3.419024
3.426536
3.433774
3.441309
3.448641
3.456038
3.463450
3.470811
3.478194
3.485507
3.492946
3.500361
3.507693
3.515024
3.522433
3.529750
3.537018
3.544410
3.551819
3.559027
3.566338
3.573732
3.580982
3.588326
3.595648
3.602928
3.610239
3.617576
3.624851
3.632029
3.639343
3.646587
3.653921
3.661046
3.668314
3.675583
3.682863
3.690018
3.697289
3.704441
3.711730
3.718933
3.726120
3.733275
3.740462
3.747665
3.754771
3.762028
3.769075
3.776226
3.783405
3.790524
3.797663
3.804767
3.811852
3.818995
3.826135
3.833154
3.840285
3.847409
3.854381
3.861566
3.868673
3.875692
3.882745
3.889825
3.896806
3.903996
3.910992
3.917982
3.925010
3.932033
3.939161
3.946088
3.953251
3.960133
3.967249
3.974340
3.981306
3.988347
3.995364
4.002396
4.009274
4.016477
4.023371
4.030364
4.037458
4.044430
4.051411
4.058440
4.065439
4.072404
4.079445
4.086396
4.093443
4.100436
4.107440
4.114460
4.121423
4.128323
4.135331
4.142479
4.149310
4.156390
4.163335
4.170289
4.177308
4.184271
4.191285
4.198230
4.205223
4.212158
4.219151
4.226189
4.233215
4.240112
4.246996
4.254035
4.260925
4.267975
4.274782
4.281862
4.288771
4.295715
4.302666
4.309674
4.316541
4.323510
4.330497
4.337379
4.344303
4.351265
4.358225
4.365011
4.372088
4.378922
4.385816
4.392770
4.399673
4.406555
4.413460
4.420312
4.427233
4.434154
4.440964
4.447843
4.454752
4.461574
4.468441
4.475302
4.482073
4.488982
4.495894
4.502581
4.509532
4.516303
4.523089
4.529911
4.536694
4.543558
4.550341
4.557208
4.563952
4.570754
4.577563
4.584296
4.591031
4.597853
4.604573
4.611344
4.618088
4.624814
4.631549
4.638327
4.645059
4.651821
4.658550
4.665276
4.671954
4.678707
4.685370
4.692067
4.698865
4.705363
4.712170
4.718854
4.725395
4.732262
4.738847
4.745522
4.752210
4.758852
4.765530
4.772196
4.778895
4.785615
4.792255
4.798963
4.805650
4.812248
4.818929
4.825520
4.832201
4.838894
4.845516
4.852170
4.858803
4.865418
4.872145
4.878835
4.885453
4.892140
4.898711
4.905503
4.912025
4.918706
4.925310
4.932003
4.938624
4.945219
4.951834
4.958491
4.965124
4.971743
4.978385
4.984982
4.991652
4.998285
5.004801
5.011449
5.018080
5.024656
5.031253
5.037901
5.044370
5.051069
5.057577
5.064228
5.070759
5.077425
5.083906
5.090470
5.097059
5.103626
5.110241
5.116776
5.123289
5.129892
5.136421
5.142907
5.149388
5.156015
5.162412
5.169000
5.175639
5.182009
5.188510
5.195090
5.201456
5.208005
5.214546
5.220949
5.227483
5.233868
5.240402
5.246789
5.253369
5.259666
5.266186
5.272585
5.278958
5.285373
5.291829
5.298184
5.304577
5.311019
5.317296
5.323749
5.330143
5.336452
5.342792
5.349171
5.355579
5.361799
5.368214
5.374482
5.380794
5.387083
5.393414
5.399696
5.405967
5.412199
5.418544
5.424839
5.430999
5.437261
5.443583
5.449766
5.455977
5.462221
5.468402
5.474639
5.480838
5.487013
5.493227
5.499510
5.505535
5.511773
5.517978
5.524212
5.530363
5.536586
5.542677
5.548846
5.554988
5.561145
5.567347
5.573459
5.579612
5.585736
5.591866
5.597999
5.604132
5.610289
5.616377
5.622525
5.628658
5.634749
5.640870
5.647021
5.653061
5.659131
5.665252
5.671322
5.677341
5.683531
5.689502
5.695632
5.701720
5.707769
5.713800
5.719900
5.725931
5.731980
5.737996
5.744060
5.750109
5.756122
5.762165
5.768193
5.774200
5.780190
5.786205
5.792294
5.798226
5.804209
5.810258
5.816259
5.822275
5.828240
5.834253
5.840215
5.846138
5.852139
5.858150
5.864142
5.870110
5.876024
5.881987
5.887928
5.893982
5.899843
5.905694
5.911710
5.917648
5.923532
5.929492
5.935451
5.941332
5.947351
5.953128
5.959141
5.965010
5.970880
5.976713
5.982615
5.988496
5.994299
6.000163
6.006026
6.011931
6.017780
6.023601
6.029389
6.035264
6.041077
6.046934
6.052780
6.058559
6.064314
6.070145
6.075870
6.081758
6.087498
6.093253
6.098979
6.104791
6.110496
6.116230
6.122118
6.127771
6.133463
6.139234
6.144962
6.150628
6.156428
6.162016
6.167720
6.173440
6.179126
6.184849
6.190508
6.196186
6.201905
6.207484
6.213257
6.218836
6.224541
6.230203
6.235817
6.241519
6.247140
6.252728
6.258405
6.264010
6.269571
6.275276
6.280849
0.003209
0.008916
0.014381
0.020089
0.025646
0.031216
0.036822
0.042430
0.048006
0.053590
0.059190
0.064736
0.070258
0.075842
0.081430
0.087026
0.092617
0.098109
0.103655
0.109230
0.114776
0.120364
0.125930
0.131431
0.137010
0.142540
0.148092
0.153695
0.159189
0.164684
0.170191
0.175731
0.181291
0.186765
0.192320
0.197797
0.203336
0.208876
0.214428
0.219923
0.225480
0.230954
0.236461
0.241973
0.247414
0.252915
0.258407
0.263890
0.269441
0.274897
0.280395
0.285863
0.291351
0.296843
0.302308
0.307812
0.313211
0.318723
0.324215
0.329662
0.335103
0.340646
0.346062
0.351488
0.357010
0.362367
0.367832
0.373267
0.378657
0.384118
0.389550
0.395036
0.400390
0.405861
0.411278
0.416665
0.422093
0.427504
0.432900
0.438323
0.443701
0.449094
0.454499
0.459808
0.465243
0.470680
0.476022
0.481409
0.486769
0.492180
0.497555
0.502894
0.508275
0.513623
0.518974
0.524337
0.529673
0.535027
0.540345
0.545738
0.551047
0.556296
0.561650
0.567001
0.572313
0.577628
0.582931
0.588255
0.593528
0.598837
0.604119
0.609464
0.614665
0.619890
0.625244
0.630490
0.635715
0.641051
0.646264
0.651597
0.656762
0.662080
0.667264
0.672504
0.677879
0.683071
0.688296
0.693548
0.698755
0.704001
0.709277
0.714452
0.719635
0.724872
0.730076
0.735310
0.740493
0.745658
0.750848
0.756076
0.761205
0.766457
0.771589
0.776847
0.781992
0.787190
0.792313
0.797475
0.802625
0.807815
0.812980
0.818181
0.823385
0.828475
0.833671
0.838875
0.843977
0.849160
0.854322
0.859473
0.864617
0.869722
0.874893
0.880011
0.885149
0.890341
0.895467
0.900552
0.905723
0.910894
0.916047
0.921155
0.926267
0.931492
0.936609
0.941765
0.946835
0.951928
0.957102
0.962210
0.967316
0.972415
0.977574
0.982703
0.987827
0.992953
0.998034
1.003205
1.008299
1.013395
1.018530
1.023609
1.028741
1.033834
1.038924
1.044099
1.049156
1.054270
1.059343
1.064472
1.069544
1.074631
1.079731
1.084815
1.089944
1.095047
1.100089
1.105200
1.110314
1.115369
1.120543
1.125585
1.130592
1.135649
1.140736
1.145803
1.150956
1.155896
1.161053
1.166014
1.171206
1.176180
1.181354
1.186321
1.191367
1.196415
1.201463
1.206524
1.211542
1.216603
1.221630
1.226669
1.231688
1.236766
1.241748
1.246803
1.251821
1.256852
1.261918
1.266849
1.271985
1.276949
1.281965
1.286965
1.291941
1.296912
1.301948
1.306976
1.311943
1.316947
1.321926
1.326929
1.331849
1.336831
1.341856
1.346865
1.351776
1.356731
1.361747
1.366684
1.371663
1.376607
1.381613
1.386530
1.391464
1.396399
1.401354
1.406322
1.411292
1.416218
1.421182
1.426129
1.430988
1.435953
1.440875
1.445774
1.450711
1.455625
1.460532
1.465443
1.470374
1.475258
1.480175
1.485001
1.490005
1.494891
1.499703
1.504640
1.509557
1.514369
1.519264
1.524130
1.529019
1.533945
1.538780
1.543712
1.548524
1.553380
1.558195
1.563114
1.567947
1.572774
1.577624
1.582538
1.587332
1.592194
1.597048
1.601874
1.606719
1.611582
1.616402
1.621253
1.626107
1.630906
1.635733
1.640556
1.645386
1.650213
1.655069
1.659869
1.664732
1.669588
1.674400
1.679179
1.684110
1.688817
1.693695
1.698494
1.703360
1.708097
1.713040
1.717753
1.722547
1.727421
1.732266
1.737113
1.741889
1.746659
1.751498
1.756405
1.761145
1.765932
1.770753
1.775559
1.780358
1.785188
1.789931
1.794788
1.799614
1.804345
1.809112
1.813959
1.818726
1.823472
1.828319
1.833101
1.837874
1.842691
1.847452
1.852270
1.857087
1.861791
1.866528
1.871412
1.876037
1.880807
1.885559
1.890320
1.895146
1.899892
1.904644
1.909414
1.914135
1.918899
1.923636
1.928454
1.933154
1.937864
1.942643
1.947395
1.952104
1.956832
1.961521
1.966282
1.971040
1.975722
1.980450
1.985193
1.989936
1.994639
1.999355
2.004080
2.008781
2.013488
2.018170
2.022898
2.027596
2.032252
2.036983
2.041656
2.046381
2.050995
2.055648
2.060397
2.065041
2.069760
2.074326
2.079131
2.083712
2.088395
2.093006
2.097701
2.102393
2.107007
2.111614
2.116270
2.120863
2.125528
2.130136
2.134759
2.139415
2.143990
2.148598
2.153239
2.157832
2.162448
2.167107
2.171625
2.176269
2.180829
2.185398
2.189961
2.194572
2.199105
2.203647
2.208294
2.212818
2.217384
2.221911
2.226489
2.231094
2.235645
2.240064
2.244678
2.249208
2.253657
2.258197
2.262721
2.267260
2.271763
2.276260
2.280781
2.285320
2.289772
2.294296
2.298793
2.303305
2.307799
2.312227
2.316742
2.321239
2.325731
2.330204
2.334611
2.339084
2.343584
2.347964
2.352411
2.356908
2.361411
2.365854
2.370297
2.374728
2.379195
2.383629
2.388061
2.392486
2.396974
2.401360
2.405779
2.410216
2.414627
2.419082
2.423459
2.427863
2.432300
2.436746
2.441139
2.445582
2.450076
2.454426
2.458839
2.463175
2.467600
2.472031
2.476405
2.480779
2.485199
2.489627
2.493998
2.498384
2.502785
2.507133
2.511537
2.515923
2.520267
2.524648
2.529088
2.533438
2.537794
2.542205
2.546522
2.550890
2.555232
2.559609
2.563983
2.568357
2.572692
2.577055
2.581402
2.585713
2.590115
2.594402
2.598746
2.603114
2.607441
2.611755
2.616019
2.620423
2.624728
2.629036
2.633408
2.637668
2.642024
2.646321
2.650641
2.654961
2.659279
2.663575
2.667898
2.672225
2.676503
2.680814
2.685063
2.689365
2.693646
2.697991
2.702191
2.706484
2.710790
2.715035
2.719316
2.723595
2.727900
2.732068
2.736388
2.740603
2.744867
2.749193
2.753400
2.757654
2.761867
2.766163
2.770402
2.774669
2.778842
2.783046
2.787282
2.791515
2.795806
2.799943
2.804144
2.808464
2.812608
2.816856
2.821059
2.825230
2.829437
2.833673
2.837841
2.842002
2.846217
2.850367
2.854543
2.858768
2.862938
2.867091
2.871279
2.875435
2.879594
2.883764
2.887899
2.892054
2.896291
2.900350
2.904494
2.908652
2.912781
2.916903
2.921062
2.925167
2.929286
2.933409
2.937495
2.941663
2.945812
2.949911
2.953979
2.958135
2.962228
2.966293
2.970392
2.974455
2.978580
2.982703
2.986763
2.990777
2.994912
2.998959
3.003031
3.007115
3.011114
3.015228
3.019297
3.023275
3.027359
3.031425
3.035451
3.039520
3.043508
3.047519
3.051546
3.055603
3.059642
3.063611
3.067662
3.071641
3.075659
3.079700
3.083700
3.087697
3.091684
3.095645
3.099621
3.103683
3.107605
3.111575
3.115584
3.119527
3.123491
3.127496
3.131508
3.135406
3.139382
3.143345
3.147297
3.151270
3.155207
3.159129
3.163089
3.167053
3.170978
3.174900
3.178843
3.182770
3.186704
3.190671
3.194509
3.198485
3.202353
3.206347
3.210274
3.214139
3.218049
3.222052
3.225908
3.229815
3.233730
3.237604
3.241511
3.245424
3.249298
3.253172
3.257123
3.260947
3.264832
3.268748
3.272616
3.276514
3.280400
3.284229
3.288106
3.292007
3.295827
3.299742
3.303607
3.307433
3.311259
3.315109
3.318917
3.322773
3.326653
3.330470
3.334257
3.338176
3.341912
3.345753
3.349594
3.353417
3.357219
3.361036
3.364823
3.368631
3.372445
3.376232
3.380010
3.383827
3.387578
3.391404
3.395179
3.398939
3.402723
3.406489
3.410288
3.414045
3.417829
3.421556
3.425280
3.429046
3.432791
3.436530
3.440267
3.444005
3.447754
3.451442
3.455193
3.458944
3.462668
3.466398
3.470119
3.473852
3.477535
3.481238
3.484998
3.488680
3.492407
3.496020
3.499720
3.503402
3.507141
3.510779
3.514449
3.518095
3.521780
3.525453
3.529091
3.532728
3.536341
3.540035
3.543651
3.547304
3.550914
3.554527
3.558140
3.561790
3.565391
3.569001
3.572662
3.576221
3.579832
3.583415
3.586977
3.590558
3.594135
3.597682
3.601245
3.604813
3.608318
3.611896
3.615434
3.618969
3.622519
3.626061
3.629578
3.633066
3.636646
3.640115
3.643615
3.647177
3.650644
3.654170
3.657648
3.661139
3.664587
3.668069
3.671502
3.674921
3.678423
3.681883
3.685287
3.688777
3.692235
3.695644
3.699069
3.702499
3.705927
3.709390
3.712770
3.716161
3.719574
3.722965
3.726384
3.729781
3.733140
3.736516
3.739896
3.743255
3.746595
3.749954
3.753366
3.756656
3.760075
3.763340
3.766690
3.770048
3.773398
3.776730
3.780046
3.783348
3.786655
3.789954
3.793244
3.796572
3.799883
3.803170
3.806436
3.809719
3.813027
3.816283
3.819597
3.822809
3.826138
3.829337
3.832558
3.835785
3.839108
3.842319
3.845573
3.848827
3.852009
3.855217
3.858489
3.861698
3.864924
3.868178
3.871339
3.874542
3.877793
3.880965
3.884138
3.887362
3.890535
3.893705
3.896880
3.900083
3.903226
3.906408
3.909560
3.912697
3.915902
3.919069
3.922179
3.925313
3.928453
3.931671
3.934781
3.937902
3.940994
3.944095
3.947187
3.950327
3.953467
3.956523
3.959624
3.962698
3.965784
3.968864
3.971959
3.975060
3.978194
3.981241
3.984290
3.987364
3.990459
3.993497
3.996619
3.999582
4.002677
4.005694
4.008762
4.011809
4.014859
4.017894
4.020920
4.023985
4.027029
4.030019
4.033054
4.036071
4.039127
4.042138
4.045164
4.048121
4.051162
4.054120
4.057127
4.060130
4.063117
4.066133
4.069094
4.072021
4.074969
4.077995
4.080886
4.083855
4.086881
4.089832
4.092787
4.095774
4.098665
4.101688
4.104588
4.107539
4.110463
4.113444
4.116335
4.119338
4.122265
4.125147
4.128083
4.130995
4.133911
4.136828
4.139753
4.142605
4.145454
4.148364
4.151227
4.154188
4.157040
4.159943
4.162792
4.165684
4.168551
4.171436
4.174354
4.177212
4.180092
4.182887
4.185787
4.188633
4.191531
4.194359
4.197181
4.200067
4.202874
4.205702
4.208560
4.211373
4.214223
4.217021
4.219828
4.222711
4.225470
4.228340
4.231100
4.233892
4.236654
4.239431
4.242245
4.245013
4.247806
4.250610
4.253345
4.256111
4.258858
4.261629
4.264419
4.267211
4.269964
4.272652
4.275444
4.278099
4.280870
4.283614
4.286359
4.289055
4.291794
4.294529
4.297156
4.299952
4.302619
4.305366
4.308008
4.310759
4.313449
4.316080
4.318806
4.321520
4.324229
4.326878
4.329535
4.332216
4.334811
4.337525
4.340174
4.342804
4.345498
4.348116
4.350684
4.353372
4.356041
4.358644
4.361260
4.363894
4.366498
4.369113
4.371684
4.374296
4.376954
4.379578
4.382128
4.384677
4.387284
4.389857
4.392473
4.395017
4.397624
4.400212
4.402812
4.405323
4.407843
4.410461
4.413002
4.415543
4.418089
4.420627
4.423135
4.425657
4.428186
4.430751
4.433285
4.435763
4.438265
4.440773
4.443298
4.445767
4.448287
4.450782
4.453284
4.455816
4.458200
4.460678
4.463138
4.465604
4.468051
4.470520
4.472977
4.475368
4.477819
4.480201
4.482646
4.485096
4.487490
4.489899
4.492338
4.494720
4.497096
4.499489
4.501874
4.504283
4.506662
4.508999
4.511365
4.513741
4.516081
4.518409
4.520803
4.523131
4.525489
4.527820
4.530139
4.532458
4.534765
4.537063
4.539358
4.541665
4.543966
4.546285
4.548618
4.550875
4.553143
4.555438
4.557688
4.559970
4.562260
4.564483
4.566741
4.569028
4.571254
4.573495
4.575709
4.577902
4.580101
4.582360
4.584547
4.586750
4.588964
4.591175
4.593338
4.595555
4.597721
4.599884
4.602044
4.604228
4.606398
4.608546
4.610700
4.612833
4.615008
4.617153
4.619305
4.621423
4.623577
4.625707
4.627843
4.629959
4.632095
4.634228
4.636334
4.638458
4.640559
4.642674
4.644738
4.646841
4.648932
4.651012
4.653100
4.655167
4.657238
4.659281
4.661387
4.663418
4.665468
4.667565
4.669584
4.671628
4.673656
4.675705
4.677758
4.679774
4.681799
4.683810
4.685802
4.687800
4.689811
4.691803
4.693829
4.695818
4.697792
4.699788
4.701783
4.703781
4.705717
4.707718
4.709678
4.711619
4.713584
4.715526
4.717474
4.719427
4.721377
4.723307
4.725236
4.727180
4.729077
4.731061
4.732948
4.734871
4.736843
4.738754
4.740663
4.742574
4.744465
4.746370
4.748258
4.750136
4.752015
4.753953
4.755811
4.757704
4.759586
4.761440
4.763286
4.765173
4.767061
4.768904
4.770797
4.772628
4.774488
4.776394
4.778209
4.780061
4.781877
4.783716
4.785547
4.787380
4.789211
4.791059
4.792869
4.794664
4.796470
4.798304
4.800093
4.801911
4.803700
4.805443
4.807232
4.809009
4.810791
4.812580
4.814333
4.816082
4.817835
4.819579
4.821347
4.823075
4.824825
4.826578
4.828333
4.830026
4.831767
4.833501
4.835194
4.836908
4.838607
4.840291
4.842016
4.843694
4.845408
4.847104
4.848796
4.850441
4.852101
4.853770
4.855433
4.857078
4.858707
4.860316
4.861976
4.863582
4.865194
4.866848
4.868444
4.870078
4.871689
4.873292
4.874889
4.876498
4.878116
4.879695
4.881258
4.882847
4.884398
4.885974
4.887520
4.889081
4.890621
4.892173
4.893683
4.895226
4.896757
4.898288
4.899777
4.901347
4.902848
4.904349
4.905862
4.907354
4.908858
4.910378
4.911858
4.913322
4.914826
4.916292
4.917736
4.919189
4.920642
4.922083
4.923566
4.924992
4.926418
4.927833
4.929237
4.930712
4.932129
4.933555
4.934975
4.936386
4.937797
4.939190
4.940608
4.941971
4.943355
4.944748
4.946126
4.947493
4.948874
4.950240
4.951594
4.952957
4.954306
4.955636
4.956957
4.958320
4.959648
4.960978
4.962302
4.963614
4.964936
4.966233
4.967548
4.968857
4.970152
4.971461
4.972755
4.974010
4.975287
4.976596
4.977876
4.979170
4.980434
4.981687
4.982978
4.984233
4.985509
4.986738
4.988002
4.989222
4.990462
4.991702
4.992934
4.994150
4.995385
4.996607
4.997829
4.999033
5.000238
5.001421
5.002632
5.003819
5.005023
5.006203
5.007380
5.008561
5.009742
5.010886
5.012061
5.013226
5.014368
5.015524
5.016698
5.017819
5.018966
5.020117
5.021249
5.022373
5.023497
5.024605
5.025702
5.026810
5.027919
5.029027
5.030133
5.031220
5.032317
5.033399
5.034489
5.035580
5.036685
5.037749
5.038806
5.039855
5.040901
5.041940
5.042965
5.044007
5.045020
5.046054
5.047072
5.048079
5.049116
5.050122
5.051132
5.052172
5.053205
5.054215
5.055252
5.056262
5.057262
5.058296
5.059281
5.060258
5.061226
5.062197
5.063149
5.064102
5.065034
5.066004
5.066948
5.067859
5.068791
5.069711
5.070631
5.071544
5.072476
5.073381
5.074322
5.075238
5.076164
5.077108
5.078040
5.078962
5.079891
5.080823
5.081743
5.082618
5.083531
5.084418
5.085278
5.086138
5.086986
5.087819
5.088646
5.089467
5.090291
5.091103
5.091932
5.092750
5.093574
5.094377
5.095198
5.095998
5.096828
5.097631
5.098461
5.099261
5.100081
5.100888
5.101711
5.102520
5.103335
5.104111
5.104897
5.105666
5.106430
5.107164
5.107910
5.108647
5.109378
5.110104
5.110826
5.111524
5.112227
5.112920
5.113627
5.114316
5.115011
5.115691
5.116371
5.117051
5.117728
5.118384
5.119047
5.119727
5.120407
5.121054
5.121731
5.122417
5.123085
5.123751
5.124431
5.125087
5.125749
5.126399
5.127025
5.127636
5.128244
5.128850
5.129437
5.130015
5.130579
5.131130
5.131684
5.132238
5.132787
5.133305
5.133835
5.134375
5.134929
5.135471
5.135986
5.136490
5.137014
5.137538
5.138057
5.138542
5.139040
5.139537
5.140019
5.140486
5.140978
5.141433
5.141880
5.142347
5.142806
5.143252
5.143704
5.144142
5.144597
5.145050
5.145502
5.145945
5.146395
5.146856
5.147299
5.147719
5.148171
5.148612
5.149055
5.149475
5.149888
5.150283
5.150688
5.151060
5.151428
5.151770
5.152117
5.152447
5.152771
5.153088
5.153388
5.153687
5.153981
5.154274
5.154556
5.154810
5.155068
5.155332
5.155583
5.155814
5.156048
5.156264
5.156476
5.156698
5.156914
5.157126
5.157345
5.157558
5.157768
5.157983
5.158202
5.158388
5.158592
5.158789
5.158987
5.159161
5.159328
5.159508
5.159673
5.159829
5.159982
5.160129
5.160285
5.160443
5.160575
5.160695
5.160820
5.160962
5.161108
5.161246
5.161378
5.161492
5.161609
5.161732
5.161833
5.161923
5.162028
5.162124
5.162217
5.162301
5.162379
5.162442
5.162501
5.162564
5.162621
5.162651
5.162675
5.162702
5.162723
5.162732
5.162741
5.162741
5.162741
5.162741
5.162741
5.162741
5.162741
5.162741
5.162741
5.162741
5.162741
5.162741
5.162741
5.162741
5.162741
5.162741
5.162741
5.162741
5.162741
5.162741
5.162726
5.162693
5.162675
5.162651
5.162624
5.162594
5.162580
5.162570
5.162555
5.162538
5.162522
5.162492
5.162466
5.162459
5.162457
5.162442
5.162430
5.162424
5.162417
5.162417
5.162417
5.162409
5.162409
5.162409
5.162409
5.162409
5.162409
5.162409
5.162409
5.162409
5.162409
5.162409
5.162409
5.162409
5.162409
5.162409
5.162400
5.162396
5.162396
5.162396
5.162396
5.162396
5.162396
5.162396
5.162396
5.162396
5.162396
5.162396
5.162396
5.162396
5.162396
5.162396
5.162396
5.162396
5.162396
5.162396
5.162396
5.162396
5.162396
5.162396
5.162396
5.162396
5.162396
5.162396
5.162396
5.162396
5.162396
5.162396
5.162396
5.162396
5.162396
5.162396
5.162396
5.162396
5.162396
5.162396
5.162396
5.162396
5.162396
5.162396
5.162396
5.162396
5.162396
5.162396
5.162396
5.162396
5.162396
5.162396
5.162396
5.162396
5.162396
5.162396
5.162396
5.162396
5.162396
5.162396
5.162396
5.162396
5.162396
5.162396
5.162396
5.162396
5.162396
5.162396
5.162396
5.162396
5.162396
5.162396
5.162396
5.162396
5.162396
5.162396
5.162396
5.162396
5.162396
5.162396
5.162396
5.162396
5.162396
5.162396
5.162396
5.162396
5.162396
5.162396
5.162396
5.162396
5.162396
5.162396
5.162396
5.162396
5.162396
5.162396
5.162396
5.162396
5.162396
5.162396
5.162396