2.365210
2.365210
2.365210
2.365210
2.365210
2.365210
2.365210
2.365332
2.365683
2.366201
2.366833
2.367589
2.368484
2.369539
2.370734
2.372074
2.373494
2.375040
2.376711
2.378485
2.380391
2.382461
2.384693
2.387129
2.389699
2.392417
2.395311
2.398364
2.401552
2.404868
2.408359
2.411912
2.415672
2.419576
2.423618
2.427839
2.432237
2.436774
2.441501
2.446301
2.451355
2.456445
2.461818
2.467160
2.472669
2.478556
2.484339
2.490487
2.496581
2.503034
2.509566
2.516247
2.523081
2.530149
2.537300
2.544551
2.551948
2.559627
2.567288
2.575146
2.583224
2.591370
2.599729
2.608310
2.616962
2.625822
2.634750
2.643903
2.653275
2.662727
2.672317
2.682039
2.692055
2.702035
2.712285
2.722744
2.733134
2.743887
2.754703
2.765635
2.776742
2.788178
2.799590
2.811113
2.822872
2.834575
2.846772
2.858960
2.871175
2.883806
2.896300
2.909036
2.921991
2.935128
2.948089
2.961467
2.974901
2.988509
3.002183
3.016022
3.029972
3.044089
3.058467
3.072848
3.087370
3.102165
3.116893
3.131733
3.146713
3.161765
3.176560
3.191579
3.206631
3.221641
3.236712
3.251707
3.266591
3.281646
3.296615
3.311751
3.327016
3.342104
3.357225
3.372612
3.387725
3.402921
3.418144
3.433151
3.448395
3.463459
3.478586
3.493614
3.508891
3.523928
3.539127
3.554314
3.569552
3.584563
3.599705
3.614799
3.629905
3.644993
3.659958
3.675088
3.690120
3.705055
3.720002
3.735111
3.749882
3.764886
3.779756
3.794484
3.809240
3.824331
3.838997
3.853977
3.868690
3.883698
3.898322
3.913371
3.928030
3.942873
3.957640
3.972390
3.987272
4.002087
4.016951
4.031619
4.046476
4.061010
4.076054
4.090668
4.105709
4.120437
4.135178
4.150296
4.164944
4.179873
4.194820
4.209498
4.224397
4.239198
4.254199
4.269015
4.283779
4.298526
4.313722
4.328295
4.343290
4.358183
4.372966
4.387934
4.402782
4.417574
4.432344
4.447259
4.462113
4.476827
4.491724
4.506479
4.521283
4.536230
4.550770
4.565669
4.580542
4.595429
4.609981
4.624814
4.639609
4.654221
4.669249
4.683675
4.698538
4.713363
4.728010
4.742694
4.757432
4.772106
4.786856
4.801669
4.816430
4.831278
4.846025
4.860909
4.875503
4.890732
4.905251
4.920147
4.935014
4.949797
4.964648
4.979595
4.994384
5.009265
5.024249
5.039070
5.053948
5.069111
5.083732
5.098754
5.113576
5.128332
5.143357
5.158292
5.173008
5.187839
5.202738
5.217533
5.232369
5.247272
5.261977
5.276819
5.291707
5.306366
5.321194
5.336009
5.350537
5.365236
5.379970
5.394804
5.409212
5.423898
5.438627
5.453263
5.467865
5.482384
5.496855
5.511545
5.526073
5.540637
5.555228
5.569815
5.584343
5.599081
5.613357
5.627996
5.642646
5.657249
5.671624
5.686326
5.701055
5.715517
5.729949
5.744462
5.759163
5.773628
5.788087
5.802729
5.817314
5.831746
5.846357
5.860855
5.875374
5.889953
5.904406
5.918937
5.933318
5.948010
5.962320
5.976958
5.991259
6.005780
6.020171
6.034501
6.048912
6.063485
6.077656
6.092216
6.106595
6.120712
6.134907
6.149268
6.163502
6.177814
6.192042
6.206262
6.220484
6.234673
6.249057
6.262974
6.277334
0.008236
0.022282
0.036489
0.050522
0.064574
0.078907
0.092968
0.107091
0.121379
0.135356
0.149530
0.163749
0.177786
0.192035
0.206159
0.220390
0.234567
0.248619
0.262949
0.276815
0.291220
0.305208
0.319380
0.333701
0.347555
0.361744
0.375966
0.390027
0.404144
0.418309
0.432379
0.446460
0.460608
0.474761
0.488639
0.502750
0.516847
0.530907
0.544944
0.558785
0.572789
0.586805
0.600808
0.614854
0.628761
0.642636
0.656679
0.670586
0.684413
0.698333
0.712252
0.726127
0.740113
0.753931
0.767602
0.781647
0.795366
0.809501
0.823199
0.837146
0.850826
0.864680
0.878558
0.892492
0.906472
0.920197
0.934086
0.948060
0.962007
0.975729
0.989570
1.003538
1.017407
1.031476
1.045519
1.059453
1.073286
1.087431
1.101299
1.115291
1.129277
1.143208
1.157385
1.171173
1.185276
1.199109
1.213097
1.227011
1.241047
1.255147
1.268851
1.283001
1.296807
1.311011
1.324784
1.338881
1.352779
1.366696
1.380727
1.394484
1.408419
1.422366
1.436267
1.450280
1.464002
1.477901
1.492021
1.505683
1.519468
1.533507
1.547529
1.561119
1.575320
1.588928
1.602986
1.616765
1.630729
1.644673
1.658488
1.672470
1.686441
1.700289
1.714343
1.728320
1.742147
1.756120
1.770196
1.784089
1.798179
1.812275
1.826165
1.840348
1.854199
1.868239
1.882326
1.896087
1.910369
1.924289
1.938269
1.952476
1.966504
1.980342
1.994259
2.008418
2.022305
2.036518
2.050507
2.064540
2.078460
2.092434
2.106407
2.120402
2.134348
2.148301
2.162314
2.176015
2.190066
2.203743
2.218025
2.231597
2.245550
2.259395
2.273126
2.287055
2.300851
2.314777
2.328349
2.342233
2.355952
2.369668
2.383560
2.397156
2.411037
2.424753
2.438505
2.452155
2.465970
2.479752
2.493480
2.507298
2.520918
2.534972
2.548544
2.562242
2.576012
2.589821
2.603519
2.617298
2.631170
2.644772
2.658497
2.672326
2.686048
2.699665
2.713669
2.727127
2.741140
2.754868
2.768437
2.782282
2.795884
2.809657
2.823313
2.837175
2.850481
2.864401
2.877910
2.891638
2.905141
2.918899
2.932324
2.945881
2.959615
2.973133
2.986670
3.000143
3.013643
3.027245
3.040781
3.054114
3.067752
3.081108
3.094516
3.107923
3.121348
3.134738
3.148130
3.161594
3.174888
3.188292
3.201676
3.215104
3.228367
3.241892
3.255203
3.268506
3.282090
3.295302
3.308800
3.322177
3.335578
3.349135
3.362288
3.375797
3.389112
3.402654
3.415932
3.429181
3.442723
3.456005
3.469475
3.482810
3.496170
3.509511
3.523021
3.536203
3.549581
3.562922
3.576234
3.589614
3.602913
3.616177
3.629503
3.642836
3.656141
3.669333
3.682671
3.695824
3.709196
3.722351
3.735411
3.748612
3.762016
3.775103
3.788265
3.801477
3.814480
3.827693
3.840791
3.853983
3.867130
3.880201
3.893351
3.906339
3.919531
3.932441
3.945545
3.958650
3.971662
3.984695
3.997895
4.010892
4.024012
4.037114
4.050144
4.063198
4.076368
4.089506
4.102452
4.115757
4.128724
4.141961
4.155056
4.168159
4.181434
4.194425
4.207532
4.220886
4.233874
4.247138
4.260161
4.273419
4.286506
4.299718
4.313068
4.326159
4.339377
4.352512
4.365703
4.378934
4.392030
4.405089
4.418446
4.431512
4.444628
4.457898
4.470958
4.484128
4.497287
4.510257
4.523380
4.536560
4.549790
4.562907
4.575802
4.588931
4.602008
4.615125
4.628188
4.641164
4.654295
4.667313
4.680415
4.693514
4.706481
4.719340
4.732666
4.745534
4.758573
4.771777
4.784777
4.797911
4.810938
4.823926
4.837214
4.850091
4.863214
4.876432
4.889594
4.902489
4.915737
4.929052
4.941911
4.955172
4.968474
4.981570
4.994713
5.007854
5.020962
5.034225
5.047480
5.060540
5.073657
5.086962
5.100049
5.113330
5.126360
5.139671
5.152557
5.165974
5.178800
5.192046
5.205108
5.218255
5.231555
5.244480
5.257551
5.270698
5.283770
5.296626
5.309844
5.322793
5.335778
5.348937
5.361808
5.374730
5.387637
5.400709
5.413508
5.426412
5.439415
5.452370
5.465199
5.478088
5.490917
5.503633
5.516770
5.529422
5.542566
5.555201
5.568045
5.580949
5.593757
5.606628
5.619433
5.632259
5.645151
5.657878
5.670866
5.683569
5.696543
5.709282
5.722222
5.734991
5.747775
5.760451
5.773269
5.786260
5.798936
5.811870
5.824723
5.837465
5.850507
5.863177
5.875956
5.888599
5.901640
5.914290
5.927164
5.939879
5.952732
5.965181
5.978280
5.990740
6.003489
6.016291
6.028814
6.041676
6.054260
6.066909
6.079544
6.092061
6.104752
6.117353
6.130204
6.142560
6.155170
6.167780
6.180172
6.192689
6.205276
6.217736
6.230317
6.242768
6.255211
6.267771
6.280243
0.009474
0.021817
0.034440
0.046709
0.059235
0.071690
0.084069
0.096506
0.109032
0.121388
0.133819
0.146375
0.158650
0.171126
0.183718
0.196005
0.208573
0.220875
0.233468
0.245796
0.258308
0.270700
0.283130
0.295630
0.308099
0.320470
0.333057
0.345257
0.357732
0.370238
0.382767
0.395003
0.407473
0.419936
0.432391
0.444666
0.457009
0.469428
0.481817
0.494170
0.506525
0.518965
0.531255
0.543470
0.555894
0.568115
0.580321
0.592920
0.605030
0.617298
0.629675
0.641875
0.653925
0.666329
0.678577
0.690771
0.702944
0.715114
0.727368
0.739388
0.751609
0.763871
0.776179
0.788143
0.800360
0.812521
0.824646
0.836885
0.849025
0.861237
0.873314
0.885442
0.897744
0.909824
0.922024
0.934083
0.946364
0.958699
0.970839
0.982997
0.995263
1.007316
1.019606
1.032087
1.044084
1.056215
1.068702
1.080827
1.093066
1.105365
1.117502
1.129798
1.142079
1.154285
1.166604
1.178852
1.191061
1.203300
1.215599
1.227859
1.240122
1.252391
1.264560
1.276832
1.289116
1.301367
1.313501
1.325830
1.338024
1.350170
1.362409
1.374585
1.386767
1.399014
1.411166
1.423384
1.435641
1.447868
1.460101
1.472139
1.484366
1.496419
1.508814
1.520840
1.532983
1.545171
1.557191
1.569574
1.581576
1.593737
1.605946
1.618128
1.630220
1.642384
1.654608
1.666805
1.678930
1.691187
1.703285
1.715455
1.727898
1.739972
1.752249
1.764464
1.776565
1.788906
1.801232
1.813537
1.825737
1.838143
1.850238
1.862414
1.874872
1.887174
1.899239
1.911580
1.923870
1.936058
1.948584
1.960700
1.972990
1.985367
1.997686
2.009674
2.022110
2.034271
2.046714
2.058809
2.071000
2.083218
2.095478
2.107764
2.120006
2.132138
2.144325
2.156621
2.168899
2.180943
2.193056
2.205175
2.217450
2.229476
2.241586
2.253649
2.265938
2.277884
2.289946
2.302011
2.314082
2.326006
2.338134
2.350118
2.362121
2.374096
2.386071
2.398280
2.410267
2.422297
2.434218
2.446304
2.458432
2.470332
2.482412
2.494295
2.506303
2.518482
2.530355
2.542331
2.554507
2.566272
2.578580
2.590480
2.602482
2.614443
2.626547
2.638456
2.650482
2.662538
2.674474
2.686489
2.698695
2.710577
2.722465
2.734405
2.746434
2.758439
2.770432
2.782341
2.794464
2.806214
2.818195
2.830132
2.842113
2.854037
2.865922
2.877850
2.889600
2.901680
2.913491
2.925370
2.937049
2.948931
2.960688
2.972720
2.984477
2.996236
3.008004
3.019863
3.031559
3.043391
3.055135
3.066790
3.078511
3.090258
3.101928
3.113631
3.125333
3.136868
3.148669
3.160345
3.171934
3.183490
3.195261
3.206892
3.218555
3.230279
3.241916
3.253546
3.265153
3.276817
3.288690
3.300114
3.311892
3.323540
3.335072
3.346915
3.358330
3.370264
3.381747
3.393483
3.405219
3.416756
3.428453
3.440111
3.451798
3.463330
3.475024
3.486615
3.498264
3.509916
3.521469
3.533141
3.544820
3.556175
3.568066
3.579493
3.591130
3.602521
3.614418
3.625782
3.637416
3.649023
3.660516
3.671984
3.683444
3.694985
3.706481
3.718040
3.729551
3.740819
3.752593
3.763939
3.775411
3.786766
3.798340
3.809569
3.821026
3.832549
3.843826
3.855077
3.866560
3.877879
3.889330
3.900587
3.911921
3.923351
3.934658
3.946010
3.957380
3.968669
3.979910
3.991337
4.002605
4.014020
4.025471
4.036566
4.047891
4.059282
4.070765
4.081887
4.093524
4.104744
4.116201
4.127478
4.138827
4.150215
4.161522
4.172940
4.184394
4.195641
4.207095
4.218486
4.229871
4.241223
4.252722
4.264263
4.275492
4.286862
4.298295
4.309635
4.320954
4.332402
4.343790
4.355121
4.366656
4.377987
4.389264
4.400742
4.412061
4.423317
4.434721
4.446210
4.457644
4.468801
4.480285
4.491448
4.503016
4.514230
4.525582
4.536880
4.548205
4.559491
4.570870
4.582198
4.593421
4.604827
4.615868
4.627271
4.638539
4.649693
4.660920
4.672260
4.683420
4.694709
4.706130
4.717063
4.728565
4.739710
4.750933
4.762196
4.773455
4.784621
4.795874
4.807256
4.818396
4.829685
4.841129
4.852218
4.863612
4.874820
4.886148
4.897461
4.908765
4.920049
4.931179
4.942561
4.954003
4.965292
4.976626
4.987828
4.999109
5.010574
5.021783
5.033168
5.044454
5.055782
5.067026
5.078507
5.089662
5.100882
5.112294
5.123571
5.134893
5.146329
5.157414
5.168805
5.180298
5.191374
5.202684
5.213893
5.225101
5.236351
5.247700
5.258903
5.269994
5.281295
5.292428
5.303682
5.314815
5.325951
5.337111
5.348272
5.359438
5.370473
5.381558
5.392701
5.403927
5.414845
5.426017
5.436967
5.448164
5.459102
5.470092
5.481177
5.492241
5.503177
5.514277
5.525213
5.536277
5.547243
5.558086
5.569252
5.580170
5.591126
5.602149
5.613063
5.624101
5.635051
5.646011
5.656950
5.668113
5.678977
5.690164
5.700818
5.712098
5.722875
5.733882
5.744860
5.755831
5.766782
5.777811
5.788653
5.799685
5.810620
5.821514
5.832309
5.843400
5.854426
5.865349
5.876210
5.887107
5.897985
5.908825
5.919728
5.930684
5.941497
5.952379
5.963317
5.974073
5.985021
5.995780
6.006763
6.017396
6.028409
6.039138
6.049936
6.060749
6.071466
6.082258
6.093110
6.103874
6.114528
6.125320
6.135911
6.146673
6.157330
6.168056
6.178680
6.189409
6.199967
6.210708
6.221344
6.231962
6.242553
6.253270
6.263753
6.274323
0.001804
0.012326
0.022881
0.033412
0.044132
0.054669
0.065332
0.075779
0.086424
0.096949
0.107513
0.118143
0.128582
0.139209
0.149776
0.160496
0.170931
0.181474
0.192092
0.202677
0.213283
0.223748
0.234405
0.244829
0.255573
0.265951
0.276611
0.287223
0.297805
0.308348
0.318948
0.329410
0.339989
0.350506
0.361001
0.371670
0.382165
0.392657
0.403077
0.413743
0.424170
0.434668
0.445139
0.455574
0.466249
0.476673
0.487081
0.497810
0.508272
0.518590
0.529020
0.539572
0.549848
0.560301
0.570788
0.581118
0.591547
0.602022
0.612379
0.622697
0.633207
0.643472
0.653919
0.664229
0.674784
0.684988
0.695376
0.705577
0.716072
0.726364
0.736646
0.746932
0.757274
0.767560
0.777938
0.788086
0.798497
0.808624
0.818966
0.829407
0.839522
0.850032
0.860177
0.870465
0.880739
0.891045
0.901367
0.911724
0.921982
0.932298
0.942679
0.952929
0.963208
0.973700
0.983821
0.994241
1.004689
1.014878
1.025247
1.035620
1.045908
1.056305
1.066695
1.076950
1.087305
1.097671
1.108001
1.118332
1.128827
1.138957
1.149488
1.159824
1.170089
1.180509
1.190929
1.201164
1.211569
1.221867
1.232191
1.242527
1.252906
1.263149
1.273531
1.283900
1.294194
1.304588
1.314795
1.325087
1.335681
1.345831
1.356048
1.366396
1.376799
1.386925
1.397475
1.407616
1.418006
1.428139
1.438457
1.448665
1.458987
1.469248
1.479405
1.489741
1.500018
1.510195
1.520340
1.530676
1.540947
1.551106
1.561386
1.571581
1.581882
1.592080
1.602333
1.612492
1.622760
1.632887
1.643175
1.653616
1.663734
1.673975
1.684248
1.694545
1.704741
1.715077
1.725282
1.735567
1.745868
1.756192
1.766457
1.776760
1.787007
1.797253
1.807638
1.817884
1.828119
1.838482
1.848824
1.859083
1.869392
1.879624
1.890134
1.900207
1.910537
1.920933
1.931294
1.941483
1.951781
1.962177
1.972484
1.982703
1.993063
2.003190
2.013473
2.023776
2.034091
2.044377
2.054848
2.064951
2.075185
2.085366
2.095714
2.105898
2.116288
2.126334
2.136446
2.146782
2.157044
2.167084
2.177471
2.187556
2.197769
2.207977
2.218106
2.228161
2.238431
2.248465
2.258562
2.268800
2.278851
2.288888
2.299015
2.309195
2.319097
2.329407
2.339366
2.349393
2.359493
2.369491
2.379618
2.389625
2.399619
2.409794
2.419747
2.429784
2.439737
2.449836
2.459804
2.469838
2.479932
2.490079
2.500062
2.510129
2.520106
2.530104
2.540266
2.550270
2.560202
2.570239
2.580291
2.590384
2.600394
2.610362
2.620569
2.630481
2.640412
2.650572
2.660636
2.670595
2.680539
2.690527
2.700489
2.710520
2.720635
2.730528
2.740601
2.750688
2.760680
2.770573
2.780658
2.790614
2.800534
2.810451
2.820395
2.830341
2.840303
2.850217
2.860209
2.870159
2.880100
2.889918
2.899877
2.909731
2.919594
2.929556
2.939347
2.949363
2.959151
2.969020
2.978661
2.988683
2.998471
3.008139
3.018134
3.027910
3.037638
3.047412
3.057107
3.067033
3.076692
3.086414
3.096166
3.105868
3.115653
3.125381
3.134992
3.144757
3.154440
3.164096
3.173902
3.183624
3.193104
3.202859
3.212593
3.222198
3.232032
3.241658
3.251338
3.260947
3.270669
3.280328
3.289999
3.299719
3.309444
3.319067
3.328747
3.338293
3.348237
3.357764
3.367429
3.377077
3.386844
3.396407
3.406031
3.415759
3.425604
3.434973
3.444791
3.454381
3.463911
3.473568
3.483275
3.492988
3.502506
3.512139
3.521783
3.531499
3.540967
3.550584
3.560384
3.569699
3.579346
3.589009
3.598449
3.608150
3.617648
3.627146
3.636697
3.646269
3.655815
3.665201
3.674855
3.684217
3.693721
3.703260
3.712881
3.722285
3.731795
3.741268
3.750637
3.760098
3.769482
3.779001
3.788390
3.797729
3.807155
3.816580
3.825952
3.835240
3.844734
3.854025
3.863373
3.872756
3.882059
3.891359
3.900898
3.910120
3.919504
3.928782
3.937965
3.947445
3.956700
3.965955
3.975443
3.984602
3.994061
4.003199
4.012588
4.021873
4.031227
4.040649
4.049694
4.059180
4.068377
4.077812
4.087091
4.096322
4.105667
4.115128
4.124458
4.133710
4.143001
4.152372
4.161606
4.170903
4.180272
4.189631
4.198961
4.208174
4.217602
4.226830
4.236193
4.245478
4.254876
4.264215
4.273467
4.282815
4.292141
4.301402
4.310714
4.320226
4.329373
4.338721
4.348063
4.357296
4.366608
4.375971
4.385226
4.394648
4.403825
4.413119
4.422341
4.431784
4.440931
4.450186
4.459474
4.468750
4.477995
4.487337
4.496553
4.505763
4.515033
4.524309
4.533392
4.542665
4.551887
4.561097
4.570250
4.579409
4.588742
4.597835
4.607008
4.616135
4.625512
4.634503
4.643672
4.652956
4.662043
4.671136
4.680280
4.689451
4.698568
4.707730
4.716751
4.725892
4.735102
4.744054
4.753264
4.762411
4.771534
4.780663
4.789840
4.798888
4.808152
4.817179
4.826278
4.835464
4.844521
4.853791
4.862770
4.871986
4.881130
4.890148
4.899442
4.908532
4.917733
4.926841
4.935979
4.945132
4.954386
4.963387
4.972576
4.981857
4.990744
5.000041
5.009100
5.018307
5.027308
5.036604
5.045715
5.054712
5.063931
5.073048
5.082150
5.091345
5.100423
5.109534
5.118675
5.127810
5.136858
5.145951
5.155015
5.164182
5.173371
5.182245
5.191470
5.200521
5.209527
5.218600
5.227609
5.236540
5.245708
5.254705
5.263756
5.272744
5.281733
5.290766
5.299637
5.308808
5.317703
5.326574
5.335428
5.344539
5.353270
5.362386
5.371240
5.380180
5.389054
5.397908
5.406845
5.415686
5.424500
5.433360
5.442237
5.451019
5.459872
5.468671
5.477468
5.486279
5.495193
5.503791
5.512779
5.521618
5.530309
5.539007
5.547869
5.556657
5.565348
5.574157
5.582911
5.591732
5.600507
5.609229
5.617941
5.626770
5.635441
5.644306
5.653061
5.661782
5.670459
5.679336
5.687923
5.696660
5.705432
5.714102
5.722905
5.731722
5.740348
5.749060
5.757827
5.766498
5.775186
5.783898
5.792584
5.801291
5.810012
5.818617
5.827404
5.836135
5.844751
5.853410
5.862087
5.870769
5.879302
5.888032
5.896652
5.905376
5.914056
5.922601
5.931283
5.939960
5.948577
5.957170
5.965801
5.974406
5.983016
5.991594
6.000124
6.008735
6.017414
6.025890
6.034393
6.043030
6.051518
6.060015
6.068551
6.077035
6.085598
6.094074
6.102559
6.111026
6.119532
6.128014
6.136546
6.144869
6.153333
6.161845
6.170210
6.178644
6.187093
6.195470
6.203871
6.212377
6.220675
6.229074
6.237588
6.245882
6.254210
6.262653
6.270940
6.279335
0.004521
0.012769
0.021107
0.029475
0.037753
0.046109
0.054387
0.062812
0.071084
0.079476
0.087781
0.096054
0.104332
0.112706
0.121062
0.129394
0.137645
0.145866
0.154366
0.162488
0.170859
0.179329
0.187490
0.195882
0.204106
0.212381
0.220687
0.229120
0.237413
0.245650
0.253922
0.262254
0.270679
0.278858
0.287124
0.295438
0.303731
0.311913
0.320302
0.328571
0.336763
0.344999
0.353424
0.361504
0.369974
0.378141
0.386386
0.394563
0.402916
0.411164
0.419406
0.427609
0.435827
0.444075
0.452306
0.460506
0.468748
0.476948
0.485139
0.493409
0.501630
0.509707
0.518051
0.526239
0.534290
0.542517
0.550684
0.558806
0.566950
0.575141
0.583290
0.591404
0.599517
0.607654
0.615749
0.623896
0.631967
0.640104
0.648143
0.656190
0.664465
0.672423
0.680587
0.688548
0.696793
0.704723
0.712801
0.720935
0.728902
0.736937
0.745071
0.753023
0.761049
0.769166
0.777186
0.785218
0.793209
0.801193
0.809238
0.817279
0.825240
0.833338
0.841248
0.849226
0.857256
0.865300
0.873299
0.881359
0.889469
0.897412
0.905360
0.913423
0.921458
0.929535
0.937535
0.945453
0.953483
0.961656
0.969617
0.977574
0.985717
0.993651
1.001689
1.009686
1.017799
1.025772
1.033879
1.041837
1.049923
1.058027
1.065907
1.073993
1.082083
1.090145
1.098019
1.106045
1.114113
1.122053
1.130172
1.138301
1.146198
1.154317
1.162329
1.170287
1.178340
1.186327
1.194384
1.202341
1.210458
1.218457
1.226484
1.234393
1.242408
1.250506
1.258428
1.266478
1.274495
1.282342
1.290491
1.298383
1.306484
1.314409
1.322414
1.330339
1.338392
1.346362
1.354268
1.362256
1.370219
1.378204
1.386054
1.394095
1.401972
1.409968
1.417971
1.425814
1.433775
1.441753
1.449657
1.457492
1.465467
1.473359
1.481262
1.489304
1.497033
1.505027
1.512874
1.520747
1.528657
1.536521
1.544368
1.552278
1.560196
1.567995
1.575902
1.583784
1.591715
1.599505
1.607375
1.615213
1.623096
1.631053
1.638738
1.646623
1.654557
1.662518
1.670277
1.678274
1.686157
1.693991
1.701928
1.709855
1.717696
1.725609
1.733488
1.741440
1.749232
1.757136
1.765115
1.772874
1.780763
1.788729
1.796639
1.804489
1.812446
1.820347
1.828292
1.836163
1.844040
1.851928
1.859808
1.867810
1.875636
1.883477
1.891485
1.899263
1.907197
1.915001
1.923010
1.930734
1.938778
1.946574
1.954468
1.962444
1.970159
1.978182
1.986029
1.993851
2.001761
2.009632
2.017433
2.025340
2.033202
2.040958
2.048829
2.056817
2.064579
2.072372
2.080240
2.088029
2.095906
2.103723
2.111521
2.119305
2.127161
2.134921
2.142725
2.150533
2.158341
2.166056
2.173813
2.181653
2.189398
2.197146
2.204828
2.212596
2.220401
2.228074
2.235900
2.243477
2.251279
2.258987
2.266741
2.274354
2.282006
2.289724
2.297406
2.305088
2.312752
2.320421
2.328005
2.335737
2.343425
2.351023
2.358654
2.366297
2.373913
2.381619
2.389166
2.396773
2.404497
2.412056
2.419729
2.427375
2.434970
2.442556
2.450196
2.457836
2.465512
2.473089
2.480720
2.488333
2.495937
2.503520
2.511111
2.518749
2.526359
2.533995
2.541528
2.549123
2.556768
2.564331
2.571932
2.579532
2.587112
2.594698
2.602320
2.609826
2.617492
2.625120
2.632685
2.640224
2.647858
2.655387
2.662895
2.670544
2.678031
2.685623
2.693212
2.700705
2.708273
2.715910
2.723394
2.730950
2.738539
2.746113
2.753651
2.761219
2.768709
2.776155
2.783702
2.791198
2.798778
2.806172
2.813680
2.821293
2.828687
2.836307
2.843704
2.851209
2.858696
2.866141
2.873640
2.881056
2.888579
2.896021
2.903481
2.910854
2.918344
2.925715
2.933112
2.940623
2.947901
2.955349
2.962821
2.970296
2.977582
2.985070
2.992398
2.999714
3.007103
3.014431
3.021795
3.029160
3.036527
3.043825
3.051232
3.058590
3.065864
3.073223
3.080485
3.087811
3.095094
3.102377
3.109735
3.116920
3.124302
3.131466
3.138872
3.145970
3.153193
3.160537
3.167751
3.174987
3.182219
3.189443
3.196690
3.204015
3.211182
3.218468
3.225713
3.232924
3.240166
3.247452
3.254763
3.261917
3.269129
3.276373
3.283657
3.290940
3.298020
3.305351
3.312581
3.319753
3.326989
3.334245
3.341358
3.348572
3.355805
3.362992
3.370201
3.377463
3.384630
3.391790
3.399062
3.406231
3.413362
3.420642
3.427734
3.434963
3.442061
3.449216
3.456508
3.463657
3.470790
3.477948
3.485150
3.492383
3.499460
3.506638
3.513700
3.520780
3.528042
3.535131
3.542207
3.549341
3.556445
3.563548
3.570757
3.577729
3.584835
3.591960
3.599019
3.606071
3.613253
3.620273
3.627265
3.634351
3.641371
3.648387
3.655443
3.662439
3.669501
3.676538
3.683474
3.690500
3.697532
3.704522
3.711484
3.718498
3.725485
3.732391
3.739384
3.746347
3.753294
3.760311
3.767151
3.774066
3.781002
3.787938
3.794811
3.801768
3.808730
3.815535
3.822434
3.829322
3.836210
3.843077
3.849959
3.856829
3.863708
3.870455
3.877361
3.884198
3.890963
3.897785
3.904694
3.911447
3.918242
3.925130
3.931868
3.938714
3.945500
3.952206
3.959121
3.965883
3.972600
3.979524
3.986271
3.993000
3.999885
4.006584
4.013418
4.020186
4.026948
4.033743
4.040493
4.047295
4.054060
4.060875
4.067569
4.074391
4.081144
4.087879
4.094632
4.101337
4.108141
4.114975
4.121614
4.128395
4.135145
4.141925
4.148687
4.155452
4.162211
4.168871
4.175687
4.182366
4.189161
4.195857
4.202586
4.209405
4.215984
4.222839
4.229545
4.236241
4.243018
4.249747
4.256404
4.263124
4.269919
4.276559
4.283282
4.290011
4.296680
4.303409
4.310118
4.316787
4.323567
4.330149
4.336911
4.343526
4.350288
4.356934
4.363564
4.370281
4.376996
4.383596
4.390301
4.396928
4.403571
4.410303
4.416930
4.423527
4.430242
4.436860
4.443448
4.450165
4.456717
4.463252
4.469963
4.476566
4.483263
4.489737
4.496481
4.502992
4.509550
4.516213
4.522742
4.529339
4.535864
4.542372
4.548915
4.555480
4.562092
4.568581
4.575137
4.581614
4.588121
4.594608
4.601208
4.607668
4.614151
4.620680
4.627169
4.633629
4.640109
4.646661
4.653064
4.659530
4.666064
4.672419
4.678953
4.685398
4.691830
4.698280
4.704776
4.711187
4.717659
4.724119
4.730500
4.736885
4.743344
4.749738
4.756296
4.762684
4.769086
4.775516
4.781966
4.788354
4.794816
4.801288
4.807658
4.814060
4.820508
4.826922
4.833382
4.839739
4.846145
4.852571
4.858995
4.865365
4.871770
4.878119
4.884501
4.890915
4.897294
4.903675
4.910087
4.916423
4.922829
4.929241
4.935559
4.941971
4.948277
4.954626
4.961164
4.967362
4.973768
4.980134
4.986540
4.992850
4.999168
5.005571
5.011869
5.018220
5.024629
5.030915
5.037242
5.043609
5.049862
5.056225
5.062583
5.068913
5.075221
5.081554
5.087840
5.094182
5.100447
5.106691
5.113019
5.119295
5.125620
5.131849
5.138188
5.144429
5.150730
5.157067
5.163236
5.169470
5.175648
5.181862
5.188127
5.194376
5.200632
5.206813
5.213069
5.219253
5.225449
5.231641
5.237795
5.244003
5.250220
5.256362
5.262507
5.268712
5.274829
5.280918
5.287089
5.293211
5.299286
5.305449
5.311555
5.317670
5.323812
5.329852
5.335910
5.342052
5.348110
5.354153
5.360283
5.366287
5.372354
5.378403
5.384366
5.390418
5.396508
5.402503
5.408520
5.414545
5.420510
5.426505
5.432515
5.438480
5.444445
5.450414
5.456328
5.462323
5.468264
5.474157
5.480119
5.486022
5.492020
5.497874
5.503806
5.509729
5.515584
5.521531
5.527406
5.533290
5.539207
5.545089
5.550928
5.556863
5.562733
5.568557
5.574471
5.580352
5.586159
5.592073
5.597894
5.603740
5.609642
5.615409
5.621273
5.627181
5.632996
5.638838
5.644708
5.650466
5.656288
5.662118
5.667909
5.673704
5.679543
5.685340
5.691159
5.696995
5.702735
5.708539
5.714357
5.720095
5.725886
5.731698
5.737511
5.743224
5.749027
5.754780
5.760583
5.766347
5.771986
5.777727
5.783485
5.789268
5.794933
5.800706
5.806558
5.812190
5.817979
5.823566
5.829376
5.835077
5.840791
5.846462
5.852202
5.857850
5.863564
5.869259
5.874931
5.880608
5.886259
5.891943
5.897638
5.903288
5.908915
5.914626
5.920204
5.925879
5.931520
5.937153
5.942773
5.948397
5.954044
5.959632
5.965223
5.970861
5.976422
5.982049
5.987607
5.993272
5.998749
6.004405
6.009924
6.015481
6.021114
6.026630
6.032182
6.037763
6.043264
6.048834
6.054332
6.059856
6.065381
6.070882
6.076376
6.081892
6.087474
6.092816
6.098377
6.103836
6.109324
6.114816
6.120278
6.125686
6.131217
6.136612
6.142065
6.147560
6.152974
6.158283
6.163810
6.169194
6.174623
6.179938
6.185364
6.190874
6.196240
6.201663
6.206995
6.212317
6.217757
6.223120
6.228492
6.233873
6.239179
6.244551
6.249932
6.255283
6.260622
6.265982
6.271282
6.276615
6.281990
0.004066
0.009387
0.014726
0.020032
0.025371
0.030713
0.035998
0.041268
0.046625
0.051982
0.057132
0.062528
0.067768
0.073059
0.078329
0.083641
0.088968
0.094220
0.099481
0.104775
0.110081
0.115342
0.120618
0.125909
0.131170
0.136431
0.141710
0.146972
0.152233
0.157512
0.162743
0.167971
0.173328
0.178535
0.183778
0.189063
0.194291
0.199540
0.204816
0.210048
0.215291
0.220555
0.225747
0.231050
0.236248
0.241497
0.246662
0.251920
0.257134
0.262359
0.267626
0.272803
0.278037
0.283283
0.288460
0.293685
0.298899
0.304103
0.309310
0.314511
0.319730
0.324829
0.330168
0.335265
0.340448
0.345646
0.350862
0.355985
0.361249
0.366388
0.371526
0.376748
0.381892
0.387072
0.392193
0.397373
0.402526
0.407682
0.412752
0.418013
0.423046
0.428220
0.433371
0.438446
0.443614
0.448767
0.453873
0.458969
0.464185
0.469200
0.474315
0.479429
0.484483
0.489571
0.494754
0.499766
0.504874
0.509944
0.514959
0.520076
0.525164
0.530293
0.535341
0.540387
0.545423
0.550474
0.555535
0.560556
0.565598
0.570653
0.575680
0.580732
0.585741
0.590744
0.595784
0.600805
0.605746
0.610818
0.615875
0.620918
0.625834
0.630847
0.635832
0.640808
0.645824
0.650776
0.655747
0.660756
0.665733
0.670655
0.675635
0.680584
0.685594
0.690540
0.695502
0.700400
0.705344
0.710245
0.715195
0.720168
0.725055
0.729968
0.734951
0.739783
0.744778
0.749625
0.754530
0.759398
0.764336
0.769294
0.774169
0.779041
0.783954
0.788853
0.793712
0.798611
0.803479
0.808282
0.813184
0.818052
0.822945
0.827816
0.832673
0.837563
0.842440
0.847309
0.852156
0.857031
0.861872
0.866747
0.871571
0.876436
0.881344
0.886153
0.890964
0.895827
0.900776
0.905561
0.910433
0.915217
0.920065
0.924927
0.929757
0.934647
0.939416
0.944363
0.949136
0.953956
0.958810
0.963625
0.968418
0.973311
0.978143
0.982943
0.987767
0.992587
0.997393
1.002202
1.007013
1.011849
1.016637
1.021466
1.026329
1.031162
1.035883
1.040761
1.045555
1.050342
1.055232
1.059981
1.064819
1.069562
1.074455
1.079167
1.083991
1.088767
1.093540
1.098300
1.103112
1.107918
1.112696
1.117493
1.122275
1.127101
1.131829
1.136617
1.141357
1.146186
1.150941
1.155624
1.160468
1.165157
1.169918
1.174664
1.179538
1.184272
1.188955
1.193671
1.198557
1.203213
1.207986
1.212747
1.217441
1.222205
1.226954
1.231691
1.236392
1.241212
1.245844
1.250584
1.255291
1.260069
1.264740
1.269507
1.274211
1.278894
1.283633
1.288238
1.293014
1.297727
1.302368
1.307092
1.311763
1.316452
1.321174
1.325836
1.330468
1.335192
1.339908
1.344516
1.349142
1.353828
1.358505
1.363170
1.367817
1.372454
1.377131
1.381757
1.386362
1.391039
1.395692
1.400267
1.404854
1.409573
1.414210
1.418764
1.423357
1.427968
1.432618
1.437247
1.441777
1.446331
1.450984
1.455577
1.460155
1.464754
1.469335
1.473886
1.478479
1.483003
1.487653
1.492258
1.496758
1.501357
1.505968
1.510564
1.515013
1.519639
1.524073
1.528732
1.533226
1.537750
1.542310
1.546870
1.551412
1.555879
1.560445
1.565029
1.569520
1.574089
1.578544
1.583074
1.587625
1.592131
1.596598
1.601185
1.605664
1.610176
1.614701
1.619177
1.623722
1.628228
1.632740
1.637216
1.641731
1.646237
1.650722
1.655282
1.659746
1.664237
1.668716
1.673199
1.677723
1.682238
1.686693
1.691187
1.695699
1.700190
1.704642
1.709145
1.713675
1.718082
1.722613
1.727041
1.731529
1.736044
1.740451
1.744933
1.749463
1.753954
1.758322
1.762802
1.767287
1.771787
1.776230
1.780673
1.785119
1.789673
1.794074
1.798527
1.802991
1.807464
1.811910
1.816311
1.820781
1.825260
1.829725
1.834093
1.838524
1.843012
1.847467
1.851895
1.856336
1.860806
1.865255
1.869707
1.874108
1.878512
1.882982
1.887390
1.891791
1.896228
1.900644
1.905096
1.909551
1.913896
1.918309
1.922761
1.927156
1.931563
1.935977
1.940351
1.944869
1.949114
1.953590
1.957965
1.962369
1.966755
1.971156
1.975510
1.979932
1.984255
1.988692
1.993004
1.997450
2.001761
2.006096
2.010453
2.014845
2.019237
2.023596
2.027890
2.032273
2.036656
2.040958
2.045276
2.049635
2.053985
2.058282
2.062659
2.066880
2.071294
2.075602
2.079910
2.084183
2.088578
2.092835
2.097173
2.101479
2.105745
2.110044
2.114383
2.118631
2.122874
2.127203
2.131478
2.135742
2.140032
2.144253
2.148589
2.152837
2.157083
2.161319
2.165657
2.169897
2.174127
2.178313
2.182546
2.186804
2.191046
2.195261
2.199480
2.203803
2.207908
2.212183
2.216336
2.220596
2.224782
2.229018
2.233197
2.237356
2.241544
2.245805
2.249933
2.254083
2.258253
2.262490
2.266642
2.270783
2.274926
2.279082
2.283277
2.287387
2.291522
2.295665
2.299914
2.303994
2.308099
2.312230
2.316467
2.320467
2.324658
2.328679
2.332906
2.336939
2.341055
2.345151
2.349271
2.353384
2.357450
2.361516
2.365695
2.369713
2.373847
2.377904
2.381994
2.386053
2.390164
2.394187
2.398238
2.402319
2.406331
2.410432
2.414528
2.418596
2.422656
2.426656
2.430748
2.434820
2.438901
2.442888
2.446942
2.451005
2.455067
2.459124
2.463094
2.467168
2.471201
2.475195
2.479272
2.483287
2.487383
2.491341
2.495364
2.499361
2.503400
2.507406
2.511468
2.515432
2.519489
2.523494
2.527443
2.531479
2.535485
2.539475
2.543472
2.547478
2.551468
2.555492
2.559462
2.563420
2.567428
2.571446
2.575377
2.579383
2.583380
2.587331
2.591298
2.595280
2.599279
2.603207
2.607189
2.611135
2.615075
2.619066
2.622999
2.626945
2.630912
2.634861
2.638813
2.642743
2.646710
2.650632
2.654632
2.658488
2.662406
2.666349
2.670280
2.674184
2.678124
2.682055
2.685979
2.689883
2.693808
2.697679
2.701652
2.705514
2.709409
2.713330
2.717204
2.721096
2.724988
2.728874
2.732769
2.736649
2.740514
2.744387
2.748279
2.752147
2.756018
2.759913
2.763769
2.767622
2.771541
2.775313
2.779238
2.783076
2.786880
2.790742
2.794607
2.798409
2.802241
2.806103
2.809926
2.813767
2.817602
2.821401
2.825188
2.829035
2.832846
2.836687
2.840465
2.844273
2.848054
2.851901
2.855712
2.859457
2.863268
2.867049
2.870848
2.874620
2.878362
2.882173
2.885960
2.889738
2.893483
2.897243
2.901009
2.904781
2.908559
2.912251
2.916062
2.919804
2.923468
2.927249
2.930967
2.934682
2.938409
2.942175
2.945860
2.949572
2.953285
2.956991
2.960784
2.964448
2.968172
2.971857
2.975533
2.979200
2.982957
2.986622
2.990289
2.993962
2.997692
3.001332
3.005005
3.008687
3.012304
3.015998
3.019659
3.023281
3.026904
3.030589
3.034268
3.037866
3.041500
3.045182
3.048745
3.052481
3.056034
3.059659
3.063279
3.066892
3.070571
3.074184
3.077807
3.081348
3.084997
3.088572
3.092179
3.095732
3.099294
3.102941
3.106518
3.110074
3.113672
3.117271
3.120812
3.124413
3.127996
3.131562
3.135097
3.138713
3.142252
3.145796
3.149364
3.152879
3.156435
3.159965
3.163476
3.167017
3.170612
3.174097
3.177650
3.181201
3.184691
3.188238
3.191803
3.195324
3.198829
3.202332
3.205876
3.209390
3.212908
3.216410
3.219924
3.223415
3.226929
3.230432
3.233904
3.237442
3.240933
3.244366
3.247833
3.251332
3.254850
3.258346
3.261788
3.265267
3.268796
3.272287
3.275699
3.279217
3.282710
3.286125
3.289547
3.293061
3.296492
3.299970
3.303434
3.306861
3.310304
3.313752
3.317213
3.320661
3.324095
3.327498
3.330910
3.334350
3.337783
3.341208
3.344623
3.348099
3.351460
3.354969
3.358300
3.361677
3.365089
3.368454
3.371906
3.375258
3.378650
3.382026
3.385442
3.388812
3.392159
3.395514
3.398834
3.402178
3.405563
3.408937
3.412301
3.415645
3.418952
3.422302
3.425640
3.428974
3.432270
3.435599
3.438891
3.442148
3.445453
3.448736
3.452062
3.455358
3.458641
3.461952
3.465236
3.468522
3.471761
3.475036
3.478323
3.481618
3.484839
3.488086
3.491319
3.494519
3.497731
3.500978
3.504232
3.507429
3.510686
3.513865
3.517073
3.520375
3.523572
3.526748
3.529944
3.533150
3.536323
3.539493
3.542792
3.545916
3.549071
3.552283
3.555405
3.558527
3.561700
3.564821
3.568027
3.571143
3.574280
3.577420
3.580581
3.583691
3.586864
3.589958
3.593092
3.596190
3.599315
3.602395
3.605475
3.608564
3.611680
3.614766
3.617879
3.620911
3.623982
3.627062
3.630097
3.633147
3.636262
3.639250
3.642306
3.645344
3.648343
3.651369
3.654428
3.657439
3.660459
3.663425
3.666454
3.669432
3.672491
3.675493
3.678492
3.681470
3.684445
3.687414
3.690377
3.693346
3.696265
3.699207
3.702146
3.705073
3.708006
3.710918
3.713860
3.716775
3.719691
3.722597
3.725548
3.728475
3.731381
3.734276
3.737167
3.739974
3.742937
3.745768
3.748704
3.751509
3.754337
3.757099
3.759973
3.762825
3.765680
3.768487
3.771319
3.774135
3.777008
3.779824
3.782665
3.785553
3.788300
3.791087
3.793876
3.796620
3.799419
3.802217
3.804982
3.807679
3.810441
3.813251
3.816038
3.818836
3.821578
3.824307
3.827072
3.829775
3.832516
3.835311
3.838035
3.840782
3.843533
3.846208
3.848887
3.851625
3.854333
3.857072
3.859804
3.862504
3.865218
3.867929
3.870599
3.873304
3.876046
3.878673
3.881364
3.884036
3.886673
3.889330
3.892039
3.894672
3.897318
3.899951
3.902582
3.905254
3.907948
3.910608
3.913248
3.915900
3.918509
3.921124
3.923749
3.926436
3.929052
3.931707
3.934304
3.936881
3.939490
3.942085
3.944679
3.947325
3.949911
3.952493
3.955085
3.957634
3.960190
3.962803
3.965373
3.967971
3.970547
3.973061
3.975641
3.978199
3.980740
3.983266
3.985818
3.988368
3.990903
3.993443
3.995951
3.998492
4.001062
4.003600
4.006111
4.008591
4.011141
4.013661
4.016153
4.018640
4.021154
4.023671
4.026139
4.028620
4.031065
4.033590
4.036071
4.038588
4.041054
4.043508
4.045973
4.048400
4.050842
4.053301
4.055779
4.058194
4.060645
4.063018
4.065475
4.067835
4.070205
4.072647
4.075032
4.077492
4.079876
4.082267
4.084620
4.087055
4.089473
4.091855
4.094254
4.096631
4.099015
4.101370
4.103719
4.106065
4.108447
4.110817
4.113154
4.115479
4.117819
4.120122
4.122457
4.124778
4.127124
4.129437
4.131777
4.134090
4.136421
4.138731
4.141002
4.143327
4.145640
4.147923
4.150242
4.152516
4.154802
4.157118
4.159401
4.161699
4.164045
4.166292
4.168566
4.170870
4.173120
4.175364
4.177623
4.179876
4.182183
4.184436
4.186683
4.188936
4.191207
4.193442
4.195665
4.197900
4.200138
4.202376
4.204593
4.206789
4.209001
4.211266
4.213468
4.215721
4.217926
4.220101
4.222300
4.224502
4.226656
4.228861
4.231063
4.233257
4.235447
4.237640
4.239821
4.241999
4.244168
4.246358
4.248492
4.250637
4.252773
4.254933
4.257123
4.259280
4.261423
4.263595
4.265725
4.267858
4.269952
4.272074
4.274207
4.276313
4.278434
4.280550
4.282710
4.284798
4.286898
4.288971
4.291078
4.293127
4.295200
4.297276
4.299383
4.301456
4.303520
4.305603
4.307703
4.309773
4.311801
4.313875
4.315897
4.317937
4.320002
4.322012
4.324091
4.326119
4.328127
4.330149
4.332171
4.334173
4.336174
4.338176
4.340165
4.342199
4.344182
4.346136
4.348146
4.350181
4.352131
4.354133
4.356095
4.358054
4.359987
4.361949
4.363914
4.365868
4.367846
4.369778
4.371731
4.373661
4.375566
4.377481
4.379386
4.381268
4.383146
4.385046
4.386936
4.388845
4.390718
4.392620
4.394498
4.396392
4.398246
4.400113
4.401965
4.403783
4.405653
4.407528
4.409401
4.411243
4.413092
4.414968
4.416795
4.418617
4.420426
4.422224
4.424048
4.425864
4.427668
4.429451
4.431281
4.433142
4.434966
4.436746
4.438517
4.440320
4.442061
4.443822
4.445590
4.447349
4.449099
4.450863
4.452589
4.454348
4.456118
4.457823
4.459582
4.461301
4.463045
4.464729
4.466488
4.468198
4.469918
4.471620
4.473304
4.475006
4.476725
4.478421
4.480117
4.481789
4.483472
4.485147
4.486813
4.488506
4.490180
4.491817
4.493455
4.495106
4.496757
4.498416
4.500134
4.501751
4.503387
4.505014
4.506620
4.508226
4.509844
4.511470
4.513058
4.514643
4.516243
4.517819
4.519416
4.521004
4.522568
4.524156
4.525747
4.527305
4.528839
4.530391
4.531937
4.533488
4.535028
4.536548
4.538061
4.539553
4.541062
4.542603
4.544146
4.545652
4.547195
4.548720
4.550231
4.551732
4.553220
4.554728
4.556190
4.557676
4.559134
4.560561
4.562044
4.563467
4.564935
4.566394
4.567814
4.569229
4.570693
4.572096
4.573519
4.574954
4.576359
4.577776
4.579185
4.580572
4.581964
4.583361
4.584754
4.586147
4.587534
4.588885
4.590300
4.591672
4.593068
4.594437
4.595788
4.597122
4.598470
4.599797
4.601130
4.602458
4.603752
4.605046
4.606370
4.607686
4.608986
4.610260
4.611542
4.612848
4.614133
4.615418
4.616707
4.617998
4.619275
4.620524
4.621773
4.623044
4.624269
4.625539
4.626789
4.628023
4.629240
4.630477
4.631696
4.632904
4.634129
4.635336
4.636559
4.637793
4.638991
4.640178
4.641376
4.642569
4.643755
4.644939
4.646098
4.647237
4.648417
4.649541
4.650691
4.651821
4.652944
4.654083
4.655218
4.656333
4.657450
4.658571
4.659691
4.660818
4.661930
4.663029
4.664128
4.665216
4.666297
4.667379
4.668452
4.669507
4.670564
4.671628
4.672691
4.673719
4.674803
4.675846
4.676871
4.677910
4.678947
4.679965
4.681029
4.682042
4.683070
4.684085
4.685101
4.686113
4.687120
4.688118
4.689097
4.690074
4.691057
4.692043
4.693007
4.693945
4.694898
4.695845
4.696774
4.697714
4.698631
4.699548
4.700459
4.701390
4.702304
4.703224
4.704147
4.705060
4.705992
4.706915
4.707829
4.708737
4.709653
4.710552
4.711442
4.712287
4.713132
4.713986
4.714813
4.715649
4.716487
4.717309
4.718123
4.718938
4.719753
4.720580
4.721410
4.722210
4.723022
4.723840
4.724646
4.725449
4.726264
4.727082
4.727888
4.728673
4.729490
4.730297
4.731117
4.731920
4.732714
4.733499
4.734269
4.735030
4.735791
4.736513
4.737250
4.737981
4.738694
4.739408
4.740108
4.740804
4.741517
4.742242
4.742940
4.743665
4.744351
4.745055
4.745741
4.746430
4.747125
4.747797
4.748482
4.749163
4.749846
4.750541
4.751233
4.751916
4.752617
4.753312
4.753992
4.754673
4.755350
4.756002
4.756656
4.757276
4.757893
4.758513
4.759121
4.759715
4.760311
4.760889
4.761452
4.762049
4.762621
4.763202
4.763786
4.764347
4.764919
4.765464
4.766018
4.766558
4.767106
4.767648
4.768178
4.768697
4.769224
4.769757
4.770282
4.770806
4.771325
4.771861
4.772406
4.772966
4.773502
4.774030
4.774572
4.775108
4.775648
4.776187
4.776721
4.777247
4.777763
4.778281
4.778776
4.779234
4.779707
4.780172
4.780618
4.781065
4.781502
4.781916
4.782341
4.782752
4.783165
4.783575
4.783995
4.784402
4.784807
4.785214
4.785601
4.786005
4.786392
4.786799
4.787198
4.787581
4.787971
4.788366
4.788758
4.789142
4.789526
4.789903
4.790275
4.790646
4.790985
4.791317
4.791658
4.791985
4.792315
4.792633
4.792944
4.793255
4.793570
4.793882
4.794211
4.794550
4.794898
4.795254
4.795625
4.795994
4.796350
4.796707
4.797072
4.797459
4.797840
4.798199
4.798553
4.798915
4.799278
4.799631
4.799976
4.800311
4.800632
4.800938
4.801222
4.801492
4.801761
4.802013
4.802244
4.802456
4.802645
4.802807
4.802960
4.803110
4.803250
4.803373
4.803493
4.803604
4.803706
4.803792
4.803867
4.803939
4.804018
4.804080
4.804122
4.804155
4.804191
4.804221
4.804236
4.804239
4.804239
4.804239
4.804239
4.804239
4.804239
4.804239
4.804239
4.804239
4.804239
4.804239
4.804239
4.804239
4.804239
4.804239
4.804239
4.804239
4.804239
4.804239
4.804239
4.804239
4.804239
4.804236
4.804212
4.804197
4.804179
4.804164
4.804158
4.804143
4.804134
4.804128
4.804107
4.804089
4.804080
4.804065
4.804041
4.804018
4.804011
4.804005
4.803990
4.803978
4.803964
4.803946
4.803934
4.803925
4.803906
4.803892
4.803880
4.803862
4.803841
4.803813
4.803781
4.803742
4.803712
4.803691
4.803661
4.803631
4.803610
4.803589
4.803562
4.803541
4.803508
4.803469
4.803445
4.803418
4.803373
4.803316
4.803266
4.803217
4.803157
4.803101
4.803029
4.802948
4.802876
4.802801
4.802705
4.802615
4.802526
4.802426
4.802319
4.802208
4.802085
4.801950
4.801821
4.801698
4.801558
4.801417
4.801282
4.801147
4.801013
4.800875
4.800725
4.800587
4.800455
4.800326
4.800194
4.800054
4.799928
4.799802
4.799676
4.799547
4.799409
4.799269
4.799143
4.799032
4.798909
4.798783
4.798672
4.798564
4.798460
4.798355
4.798253
4.798145
4.798052
4.797966
4.797875
4.797782
4.797705
4.797636
4.797570
4.797513
4.797465
4.797417
4.797387
4.797366
4.797348
4.797339
4.797339
4.797339
4.797339
4.797339
4.797339
4.797339
4.797339
4.797339
4.797339
4.797339
4.797339
4.797339
4.797339
4.797339
4.797339
4.797339
4.797372
4.797426
4.797477
4.797522
4.797573
4.797624
4.797675
4.797723
4.797765
4.797810
4.797857
4.797908
4.797953
4.797992
4.798040
4.798088
4.798136
4.798172
4.798205
4.798220
4.798247
4.798286
4.798304
4.798319
4.798337
4.798352
4.798370
4.798385
4.798388
4.798388
4.798394
4.798397
4.798400
4.798400
4.798409
4.798409
4.798409
4.798409
4.798409
4.798409
4.798409
4.798409
4.798409
4.798409
4.798409
4.798409
4.798409
4.798409
4.798409
4.798409
4.798409
4.798409
4.798409
4.798409
4.798409
4.798409
4.798409
4.798409
4.798409
4.798409
4.798409
4.798409
4.798409
4.798409
4.798409
4.798409
4.798409
4.798409
4.798409
4.798409
4.798409
4.798409
4.798409
4.798409
4.798409
4.798409
4.798409
4.798409
4.798409
4.798409
4.798409
4.798409
4.798409
4.798409
4.798409
4.798409
4.798409
4.798409
4.798409
4.798409
4.798409
4.798409
4.798409
4.798409
4.798409
4.798409
4.798409
4.798409
4.798409
4.798409
4.798409
4.798409
4.798409
4.798409
4.798409
4.798409
4.798409
4.798409
4.798409
4.798409
4.798409
4.798409
4.798409
4.798409
4.798409
4.798409
4.798409
4.798409
4.798409
4.798409
4.798409
4.798409
4.798409
4.798409
4.798409
4.798409
4.798409
4.798409
4.798409
4.798409
4.798409
4.798409
4.798409
4.798409