6.003102
6.003102
6.003102
6.003102
6.003102
6.003102
6.003102
6.003102
6.003102
6.003114
6.003327
6.003578
6.003875
6.004226
6.004648
6.005112
6.005651
6.006266
6.006955
6.007695
6.008510
6.009387
6.010367
6.011467
6.012623
6.013858
6.015143
6.016470
6.017848
6.019281
6.020827
6.022453
6.024117
6.025842
6.027661
6.029563
6.031517
6.033569
6.035687
6.037841
6.040085
6.042422
6.044786
6.047270
6.049817
6.052474
6.055155
6.057918
6.060707
6.063592
6.066618
6.069605
6.072731
6.075957
6.079184
6.082477
6.085883
6.089427
6.092897
6.096513
6.100162
6.103862
6.107775
6.111610
6.115541
6.119613
6.123654
6.127876
6.132079
6.136396
6.140735
6.145187
6.149672
6.154253
6.158915
6.163616
6.168437
6.173323
6.178225
6.183246
6.188303
6.193462
6.198618
6.203967
6.209344
6.214752
6.220277
6.225763
6.231374
6.237148
6.242972
6.248758
6.254776
6.260697
6.266743
6.272846
6.279057
0.002151
0.008482
0.014857
0.021374
0.027905
0.034533
0.041229
0.047988
0.054837
0.061785
0.068736
0.075725
0.082817
0.089756
0.096770
0.103822
0.111010
0.117907
0.125148
0.132153
0.139281
0.146411
0.153563
0.160678
0.167839
0.174910
0.182025
0.189114
0.196167
0.203399
0.210434
0.217436
0.224710
0.231793
0.238900
0.245952
0.253173
0.260201
0.267383
0.274475
0.281560
0.288736
0.295885
0.302949
0.310011
0.317118
0.324137
0.331262
0.338491
0.345451
0.352519
0.359677
0.366621
0.373716
0.380928
0.387983
0.394925
0.402083
0.409120
0.416218
0.423289
0.430264
0.437373
0.444354
0.451410
0.458415
0.465473
0.472496
0.479504
0.486515
0.493421
0.500491
0.507490
0.514579
0.521422
0.528495
0.535383
0.542370
0.549426
0.556356
0.563375
0.570344
0.577181
0.584138
0.591113
0.597962
0.604886
0.611959
0.618817
0.625747
0.632692
0.639556
0.646429
0.653362
0.660247
0.667144
0.674047
0.680899
0.687757
0.694669
0.701503
0.708307
0.715183
0.722008
0.728860
0.735721
0.742519
0.749383
0.756265
0.763113
0.769804
0.776698
0.783586
0.790264
0.797212
0.803899
0.810787
0.817612
0.824266
0.831232
0.837895
0.844783
0.851437
0.858355
0.865108
0.871834
0.878764
0.885472
0.892253
0.899083
0.905834
0.912596
0.919343
0.926240
0.932939
0.939779
0.946481
0.953324
0.960098
0.966857
0.973688
0.980513
0.987308
0.993972
1.000791
1.007592
1.014306
1.021107
1.027923
1.034724
1.041480
1.048164
1.054938
1.061811
1.068472
1.075309
1.082065
1.088809
1.095529
1.102384
1.109134
1.115815
1.122586
1.129369
1.136125
1.142855
1.149575
1.156379
1.163138
1.169900
1.176623
1.183286
1.190052
1.196817
1.203621
1.210293
1.217046
1.223859
1.230519
1.237293
1.244040
1.250686
1.257388
1.264180
1.270867
1.277569
1.284289
1.290932
1.297643
1.304408
1.311053
1.317734
1.324502
1.331175
1.337757
1.344474
1.351161
1.357834
1.364593
1.371175
1.377808
1.384478
1.391102
1.397744
1.404404
1.410999
1.417662
1.424388
1.430919
1.437556
1.444264
1.450867
1.457408
1.464074
1.470674
1.477247
1.483854
1.490430
1.497051
1.503718
1.510240
1.516816
1.523375
1.530011
1.536659
1.543218
1.549758
1.556352
1.562959
1.569511
1.576078
1.582667
1.589231
1.595739
1.602333
1.608918
1.615438
1.622029
1.628599
1.635086
1.641734
1.648274
1.654824
1.661487
1.667931
1.674550
1.681120
1.687654
1.694237
1.700924
1.707399
1.713915
1.720530
1.727077
1.733608
1.740193
1.746737
1.753376
1.759869
1.766433
1.772961
1.779553
1.786066
1.792657
1.799240
1.805861
1.812353
1.818861
1.825539
1.832008
1.838626
1.845061
1.851590
1.858235
1.864820
1.871358
1.877910
1.884432
1.890961
1.897516
1.904096
1.910594
1.917230
1.923687
1.930170
1.936825
1.943278
1.949872
1.956434
1.962866
1.969368
1.975950
1.982430
1.988908
1.995457
2.001923
2.008454
2.014974
2.021427
2.027941
2.034457
2.040914
2.047337
2.053877
2.060358
2.066790
2.073277
2.079700
2.086187
2.092718
2.099133
2.105538
2.112064
2.118472
2.124842
2.131301
2.137746
2.144215
2.150599
2.157032
2.163422
2.169837
2.176183
2.182651
2.189008
2.195429
2.201796
2.208162
2.214589
2.220926
2.227280
2.233662
2.240013
2.246302
2.252660
2.259062
2.265261
2.271712
2.278069
2.284319
2.290617
2.297016
2.303272
2.309525
2.315874
2.322114
2.328385
2.334731
2.340948
2.347227
2.353543
2.359772
2.366043
2.372340
2.378623
2.384840
2.391098
2.397366
2.403607
2.409875
2.416209
2.422354
2.428702
2.434808
2.441139
2.447382
2.453533
2.459723
2.466036
2.472325
2.478529
2.484758
2.490930
2.497216
2.503442
2.509659
2.515914
2.522098
2.528405
2.534550
2.540740
2.547019
2.553188
2.559342
2.565670
2.571833
2.578076
2.584179
2.590450
2.596694
2.602935
2.609014
2.615371
2.621477
2.627619
2.633860
2.640029
2.646222
2.652388
2.658577
2.664728
2.670927
2.677039
2.683211
2.689422
2.695564
2.701742
2.707920
2.714124
2.720218
2.726396
2.732553
2.738734
2.744828
2.750976
2.757055
2.763263
2.769330
2.775460
2.781601
2.787695
2.793852
2.799937
2.806019
2.812149
2.818354
2.824331
2.830395
2.836660
2.842562
2.848752
2.854825
2.860868
2.866884
2.873020
2.879051
2.885103
2.891155
2.897174
2.903271
2.909308
2.915286
2.921344
2.927423
2.933382
2.939416
2.945369
2.951433
2.957443
2.963438
2.969409
2.975395
2.981409
2.987317
2.993288
2.999295
3.005221
3.011189
3.017164
3.023242
3.029034
3.035047
3.040913
3.046902
3.052733
3.058626
3.064585
3.070550
3.076455
3.082391
3.088242
3.094114
3.099965
3.105898
3.111782
3.117669
3.123592
3.129462
3.135235
3.141110
3.146971
3.152780
3.158643
3.164491
3.170307
3.176173
3.181983
3.187825
3.193682
3.199507
3.205391
3.211149
3.217042
3.222825
3.228676
3.234476
3.240376
3.246161
3.251982
3.257747
3.263628
3.269366
3.275157
3.280990
3.286778
3.292588
3.298451
3.304162
3.310088
3.315867
3.321599
3.327372
3.333125
3.338919
3.344725
3.350535
3.356242
3.362067
3.367888
3.373631
3.379372
3.385184
3.390867
3.396665
3.402453
3.408095
3.413916
3.419660
3.425343
3.431117
3.436989
3.442547
3.448338
3.454090
3.459756
3.465457
3.471240
3.476848
3.482643
3.488380
3.494013
3.499768
3.505431
3.511045
3.516822
3.522523
3.528129
3.533806
3.539532
3.545161
3.550842
3.556501
3.562116
3.567734
3.573408
3.579008
3.584637
3.590351
3.595915
3.601505
3.607114
3.612720
3.618292
3.623973
3.629572
3.635151
3.640736
3.646284
3.651908
3.657394
3.662999
3.668551
3.674139
3.679600
3.685191
3.690701
3.696202
3.701729
3.707284
3.712764
3.718232
3.723738
3.729191
3.734656
3.740220
3.745631
3.751095
3.756560
3.761989
3.767478
3.773003
3.778392
3.783791
3.789283
3.794673
3.800084
3.805540
3.810935
3.816323
3.821760
3.827123
3.832495
3.837897
3.843311
3.848650
3.854124
3.859412
3.864781
3.870153
3.875534
3.880849
3.886205
3.891515
3.896874
3.902231
3.907531
3.912858
3.918221
3.923482
3.928890
3.934142
3.939463
3.944733
3.950058
3.955337
3.960628
3.965981
3.971222
3.976641
3.981798
3.987128
3.992380
3.997719
4.002950
4.008244
4.013502
4.018778
4.024051
4.029306
4.034561
4.039852
4.045038
4.050330
4.055584
4.060861
4.066080
4.071323
4.076497
4.081782
4.087010
4.092304
4.097527
4.102739
4.107929
4.113127
4.118400
4.123595
4.128829
4.134045
4.139291
4.144481
4.149730
4.154853
4.160084
4.165273
4.170480
4.175678
4.180922
4.186108
4.191321
4.196516
4.201633
4.206825
4.212020
4.217174
4.222435
4.227540
4.232718
4.237853
4.243036
4.248348
4.253417
4.258553
4.263702
4.268781
4.273964
4.279228
4.284297
4.289487
4.294589
4.299763
4.304889
4.309977
4.315085
4.320304
4.325412
4.330544
4.335689
4.340782
4.345872
4.351032
4.356047
4.361203
4.366261
4.371315
4.376390
4.381514
4.386580
4.391706
4.396883
4.401851
4.406875
4.411995
4.417032
4.422005
4.427137
4.432150
4.437225
4.442190
4.447262
4.452313
4.457418
4.462326
4.467383
4.472444
4.477414
4.482415
4.487454
4.492439
4.497392
4.502425
4.507318
4.512315
4.517370
4.522232
4.527224
4.532290
4.537141
4.542096
4.547067
4.551989
4.556939
4.561831
4.566817
4.571697
4.576593
4.581545
4.586351
4.591303
4.596211
4.601110
4.606032
4.610862
4.615709
4.620608
4.625485
4.630357
4.635243
4.640073
4.644891
4.649784
4.654661
4.659368
4.664335
4.669087
4.673908
4.678725
4.683540
4.688361
4.693106
4.697951
4.702739
4.707467
4.712224
4.717102
4.721883
4.726653
4.731432
4.736187
4.740942
4.745726
4.750484
4.755253
4.760014
4.764790
4.769536
4.774288
4.779024
4.783773
4.788606
4.793315
4.798034
4.802819
4.807505
4.812310
4.817050
4.821769
4.826518
4.831177
4.835947
4.840599
4.845315
4.850088
4.854776
4.859480
4.864193
4.868894
4.873607
4.878323
4.882993
4.887694
4.892413
4.897054
4.901767
4.906437
4.911106
4.915743
4.920432
4.925118
4.929717
4.934474
4.939026
4.943708
4.948394
4.953053
4.957598
4.962326
4.966949
4.971545
4.976216
4.980824
4.985465
4.990027
4.994678
4.999300
5.003890
5.008420
5.013058
5.017678
5.022253
5.026849
5.031466
5.036017
5.040625
5.045200
5.049760
5.054326
5.058916
5.063452
5.068012
5.072587
5.077135
5.081686
5.086228
5.090764
5.095336
5.099863
5.104396
5.108932
5.113456
5.117989
5.122477
5.127049
5.131534
5.135983
5.140549
5.144980
5.149547
5.153984
5.158448
5.162954
5.167466
5.171930
5.176370
5.180912
5.185310
5.189735
5.194260
5.198694
5.203137
5.207538
5.212026
5.216403
5.220811
5.225194
5.229595
5.234026
5.238400
5.242832
5.247230
5.251565
5.255954
5.260329
5.264673
5.269026
5.273392
5.277715
5.282074
5.286424
5.290757
5.295053
5.299388
5.303688
5.307969
5.312322
5.316607
5.320870
5.325133
5.329451
5.333747
5.337972
5.342322
5.346507
5.350774
5.354995
5.359192
5.363423
5.367623
5.371842
5.376084
5.380297
5.384461
5.388689
5.392901
5.397096
5.401266
5.405509
5.409655
5.413892
5.418020
5.422152
5.426352
5.430466
5.434609
5.438768
5.442896
5.446995
5.451220
5.455273
5.459404
5.463482
5.467683
5.471683
5.475907
5.479907
5.484095
5.488092
5.492199
5.496289
5.500307
5.504457
5.508525
5.512522
5.516570
5.520656
5.524695
5.528758
5.532802
5.536823
5.540885
5.544915
5.548903
5.552861
5.556974
5.560971
5.564953
5.568953
5.573015
5.576961
5.581024
5.584954
5.588927
5.592957
5.596936
5.600924
5.604890
5.608842
5.612881
5.616820
5.620784
5.624742
5.628652
5.632580
5.636585
5.640543
5.644396
5.648303
5.652264
5.656158
5.660089
5.663981
5.667858
5.671798
5.675732
5.679618
5.683492
5.687396
5.691285
5.695189
5.699017
5.702891
5.706735
5.710660
5.714492
5.718378
5.722195
5.726059
5.729946
5.733829
5.737705
5.741495
5.745336
5.749168
5.753024
5.756829
5.760613
5.764409
5.768262
5.772070
5.775872
5.779728
5.783491
5.787317
5.791116
5.794939
5.798702
5.802519
5.806303
5.810138
5.813874
5.817655
5.821463
5.825190
5.828965
5.832713
5.836476
5.840242
5.843990
5.847768
5.851513
5.855253
5.859019
5.862749
5.866509
5.870254
5.873960
5.877666
5.881390
5.885105
5.888859
5.892518
5.896218
5.899924
5.903669
5.907399
5.911009
5.914718
5.918386
5.922158
5.925837
5.929456
5.933123
5.936838
5.940506
5.944130
5.947795
5.951366
5.955057
5.958724
5.962370
5.965990
5.969585
5.973189
5.976820
5.980503
5.984059
5.987648
5.991247
5.994821
5.998467
6.002069
6.005625
6.009187
6.012773
6.016372
6.019907
6.023514
6.027013
6.030609
6.034183
6.037683
6.041212
6.044753
6.048274
6.051839
6.055386
6.058879
6.062382
6.065848
6.069342
6.072886
6.076379
6.079873
6.083366
6.086881
6.090359
6.093871
6.097376
6.100824
6.104318
6.107781
6.111200
6.114678
6.118151
6.121578
6.125014
6.128454
6.131902
6.135315
6.138782
6.142185
6.145639
6.149049
6.152494
6.155901
6.159310
6.162699
6.166172
6.169539
6.172957
6.176316
6.179698
6.183096
6.186518
6.189909
6.193280
6.196638
6.200060
6.203367
6.206795
6.210129
6.213527
6.216841
6.220190
6.223576
6.226890
6.230248
6.233562
6.236929
6.240294
6.243601
6.246927
6.250286
6.253578
6.256919
6.260269
6.263579
6.266899
6.270209
6.273517
6.276840
6.280132
0.000252
0.003535
0.006834
0.010082
0.013371
0.016679
0.019963
0.023246
0.026548
0.029787
0.033049
0.036327
0.039593
0.042892
0.046166
0.049444
0.052686
0.055981
0.059235
0.062471
0.065730
0.068966
0.072235
0.075492
0.078685
0.081951
0.085178
0.088408
0.091670
0.094900
0.098118
0.101333
0.104589
0.107789
0.111022
0.114234
0.117436
0.120681
0.123890
0.127099
0.130275
0.133501
0.136704
0.139916
0.143128
0.146327
0.149506
0.152715
0.155927
0.159097
0.162314
0.165496
0.168666
0.171863
0.175000
0.178157
0.181381
0.184569
0.187712
0.190909
0.194034
0.197170
0.200400
0.203534
0.206656
0.209823
0.212975
0.216109
0.219257
0.222394
0.225534
0.228686
0.231808
0.234984
0.238100
0.241233
0.244352
0.247507
0.250611
0.253727
0.256855
0.259941
0.263066
0.266170
0.269277
0.272374
0.275490
0.278588
0.281743
0.284838
0.287924
0.290956
0.294072
0.297125
0.300265
0.303342
0.306416
0.309499
0.312582
0.315635
0.318726
0.321785
0.324862
0.327930
0.330950
0.333982
0.337074
0.340100
0.343219
0.346194
0.349223
0.352303
0.355362
0.358373
0.361420
0.364446
0.367475
0.370504
0.373599
0.376559
0.379567
0.382602
0.385607
0.388612
0.391644
0.394644
0.397643
0.400681
0.403686
0.406658
0.409672
0.412650
0.415670
0.418633
0.421626
0.424577
0.427576
0.430596
0.433505
0.436486
0.439459
0.442410
0.445379
0.448342
0.451296
0.454277
0.457243
0.460191
0.463133
0.466072
0.469003
0.471918
0.474866
0.477811
0.480741
0.483659
0.486575
0.489490
0.492429
0.495332
0.498253
0.501162
0.504083
0.507014
0.509845
0.512772
0.515675
0.518614
0.521503
0.524394
0.527243
0.530140
0.532995
0.535914
0.538772
0.541672
0.544509
0.547394
0.550262
0.553102
0.555966
0.558818
0.561671
0.564529
0.567390
0.570227
0.573071
0.575938
0.578760
0.581588
0.584432
0.587200
0.590037
0.592878
0.595736
0.598522
0.601350
0.604137
0.606977
0.609787
0.612604
0.615396
0.618224
0.620969
0.623761
0.626553
0.629358
0.632129
0.634957
0.637717
0.640476
0.643277
0.646058
0.648823
0.651618
0.654393
0.657095
0.659866
0.662674
0.665352
0.668153
0.670907
0.673666
0.676393
0.679101
0.681842
0.684611
0.687328
0.690103
0.692823
0.695588
0.698255
0.700999
0.703675
0.706380
0.709184
0.711830
0.714550
0.717280
0.719940
0.722637
0.725351
0.728063
0.730741
0.733450
0.736131
0.738824
0.741506
0.744151
0.746884
0.749493
0.752193
0.754820
0.757562
0.760162
0.762829
0.765501
0.768138
0.770786
0.773450
0.776092
0.778774
0.781419
0.784038
0.786722
0.789320
0.791981
0.794611
0.797266
0.799878
0.802485
0.805139
0.807689
0.810292
0.812941
0.815547
0.818172
0.820806
0.823409
0.825998
0.828613
0.831151
0.833796
0.836358
0.839004
0.841607
0.844187
0.846763
0.849370
0.851959
0.854469
0.857112
0.859661
0.862220
0.864755
0.867388
0.869938
0.872517
0.875097
0.877632
0.880190
0.882749
0.885269
0.887824
0.890407
0.892960
0.895500
0.898020
0.900528
0.903080
0.905621
0.908171
0.910726
0.913264
0.915793
0.918297
0.920811
0.923331
0.925841
0.928361
0.930866
0.933400
0.935914
0.938395
0.940899
0.943410
0.945891
0.948384
0.950915
0.953405
0.955910
0.958393
0.960877
0.963358
0.965830
0.968286
0.970776
0.973284
0.975732
0.978242
0.980681
0.983225
0.985643
0.988147
0.990565
0.993022
0.995500
0.997932
1.000401
1.002882
1.005354
1.007798
1.010258
1.012631
1.015109
1.017497
1.019959
1.022386
1.024861
1.027282
1.029697
1.032147
1.034580
1.036977
1.039398
1.041819
1.044260
1.046696
1.049099
1.051496
1.053953
1.056302
1.058686
1.061107
1.063492
1.065877
1.068283
1.070698
1.073100
1.075503
1.077864
1.080261
1.082643
1.085019
1.087413
1.089777
1.092134
1.094519
1.096889
1.099220
1.101599
1.103975
1.106306
1.108649
1.111027
1.113391
1.115794
1.118122
1.120447
1.122778
1.125106
1.127419
1.129762
1.132126
1.134472
1.136824
1.139151
1.141485
1.143780
1.146081
1.148364
1.150713
1.153014
1.155333
1.157652
1.160010
1.162305
1.164624
1.166916
1.169160
1.171434
1.173750
1.176015
1.178313
1.180593
1.182888
1.185192
1.187463
1.189743
1.191984
1.194249
1.196520
1.198800
1.201050
1.203291
1.205568
1.207818
1.210083
1.212339
1.214547
1.216779
1.219029
1.221244
1.223458
1.225726
1.227994
1.230217
1.232431
1.234654
1.236865
1.239094
1.241305
1.243492
1.245718
1.247908
1.250119
1.252342
1.254551
1.256753
1.258940
1.261115
1.263329
1.265561
1.267718
1.269908
1.272123
1.274319
1.276497
1.278684
1.280850
1.283019
1.285188
1.287321
1.289482
1.291663
1.293814
1.295968
1.298149
1.300309
1.302443
1.304612
1.306733
1.308878
1.310993
1.313162
1.315281
1.317438
1.319568
1.321698
1.323825
1.325932
1.328059
1.330162
1.332286
1.334399
1.336553
1.338647
1.340768
1.342928
1.345026
1.347096
1.349202
1.351284
1.353390
1.355473
1.357561
1.359649
1.361737
1.363808
1.365914
1.367966
1.370058
1.372113
1.374189
1.376286
1.378330
1.380367
1.382440
1.384537
1.386551
1.388609
1.390617
1.392726
1.394709
1.396749
1.398817
1.400872
1.402861
1.404938
1.406954
1.408970
1.411017
1.413018
1.415022
1.417057
1.419022
1.421050
1.423058
1.425020
1.427037
1.429017
1.431030
1.433005
1.435003
1.436986
1.438967
1.440947
1.442919
1.444896
1.446852
1.448812
1.450816
1.452782
1.454714
1.456659
1.458657
1.460592
1.462525
1.464457
1.466426
1.468361
1.470282
1.472202
1.474180
1.476094
1.478023
1.479941
1.481915
1.483815
1.485702
1.487605
1.489540
1.491458
1.493369
1.495260
1.497174
1.499083
1.500967
1.502864
1.504772
1.506669
1.508565
1.510468
1.512331
1.514213
1.516088
1.517946
1.519806
1.521706
1.523558
1.525403
1.527297
1.529154
1.531036
1.532860
1.534727
1.536572
1.538424
1.540246
1.542076
1.543919
1.545755
1.547580
1.549402
1.551232
1.553084
1.554884
1.556667
1.558491
1.560316
1.562111
1.563911
1.565748
1.567582
1.569367
1.571141
1.572948
1.574766
1.576567
1.578322
1.580102
1.581924
1.583703
1.585456
1.587254
1.589051
1.590837
1.592608
1.594393
1.596161
1.597944
1.599711
1.601503
1.603250
1.604969
1.606725
1.608487
1.610215
1.611983
1.613703
1.615435
1.617193
1.618952
1.620681
1.622430
1.624177
1.625900
1.627620
1.629333
1.631038
1.632761
1.634490
1.636206
1.637935
1.639658
1.641371
1.643127
1.644814
1.646525
1.648205
1.649910
1.651606
1.653269
1.654971
1.656669
1.658362
1.660043
1.661739
1.663413
1.665097
1.666781
1.668480
1.670173
1.671823
1.673465
1.675155
1.676809
1.678469
1.680113
1.681770
1.683424
1.685090
1.686726
1.688383
1.690066
1.691720
1.693344
1.694971
1.696643
1.698272
1.699875
1.701475
1.703096
1.704741
1.706323
1.707938
1.709604
1.711260
1.712881
1.714469
1.716063
1.717687
1.719299
1.720854
1.722409
1.724012
1.725591
1.727154
1.728724
1.730363
1.731966
1.733575
1.735124
1.736706
1.738318
1.739879
1.741410
1.742953
1.744526
1.746042
1.747552
1.749083
1.750641
1.752208
1.753762
1.755311
1.756887
1.758445
1.759979
1.761498
1.762996
1.764509
1.766040
1.767544
1.769015
1.770540
1.772041
1.773554
1.775064
1.776598
1.778120
1.779642
1.781104
1.782600
1.784130
1.785605
1.787064
1.788523
1.790003
1.791471
1.792924
1.794356
1.795818
1.797298
1.798763
1.800267
1.801696
1.803197
1.804680
1.806125
1.807539
1.808974
1.810451
1.811856
1.813258
1.814675
1.816116
1.817561
1.818933
1.820335
1.821794
1.823241
1.824661
1.826045
1.827474
1.828913
1.830312
1.831657
1.833071
1.834506
1.835866
1.837233
1.838599
1.840016
1.841358
1.842709
1.844097
1.845520
1.846919
1.848252
1.849630
1.851041
1.852429
1.853735
1.855059
1.856455
1.857786
1.859098
1.860452
1.861782
1.863145
1.864434
1.865755
1.867112
1.868472
1.869785
1.871133
1.872499
1.873859
1.875136
1.876409
1.877751
1.879126
1.880367
1.881655
1.882964
1.884283
1.885544
1.886799
1.888097
1.889406
1.890718
1.891991
1.893286
1.894595
1.895892
1.897169
1.898454
1.899754
1.900983
1.902217
1.903457
1.904716
1.905971
1.907194
1.908443
1.909710
1.910936
1.912185
1.913434
1.914675
1.915921
1.917194
1.918453
1.919687
1.920918
1.922171
1.923381
1.924598
1.925766
1.926979
1.928208
1.929400
1.930566
1.931740
1.932939
1.934170
1.935377
1.936540
1.937735
1.938961
1.940180
1.941367
1.942553
1.943733
1.944947
1.946094
1.947269
1.948464
1.949594
1.950732
1.951898
1.953081
1.954217
1.955352
1.956494
1.957656
1.958807
1.959945
1.961066
1.962225
1.963408
1.964535
1.965674
1.966812
1.967951
1.969080
1.970201
1.971327
1.972454
1.973571
1.974659
1.975758
1.976867
1.977927
1.979027
1.980142
1.981277
1.982368
1.983437
1.984516
1.985633
1.986739
1.987793
1.988872
1.989992
1.991080
1.992159
1.993210
1.994283
1.995394
1.996467
1.997474
1.998537
1.999607
2.000647
2.001665
2.002714
2.003768
2.004811
2.005815
2.006851
2.007924
2.008981
2.010009
2.011022
2.012082
2.013149
2.014156
2.015141
2.016166
2.017230
2.018236
2.019201
2.020199
2.021226
2.022197
2.023162
2.024153
2.025139
2.026128
2.027120
2.028111
2.029079
2.030101
2.031071
2.032072
2.033061
2.034061
2.035011
2.035988
2.036968
2.037932
2.038879
2.039838
2.040797
2.041737
2.042675
2.043598
2.044521
2.045438
2.046378
2.047313
2.048248
2.049183
2.050138
2.051025
2.051954
2.052880
2.053791
2.054689
2.055585
2.056505
2.057425
2.058324
2.059234
2.060172
2.061107
2.061994
2.062851
2.063737
2.064603
2.065448
2.066302
2.067150
2.068019
2.068879
2.069709
2.070596
2.071446
2.072270
2.073124
2.073969
2.074826
2.075650
2.076480
2.077333
2.078172
2.079005
2.079826
2.080668
2.081549
2.082385
2.083206
2.084057
2.084893
2.085711
2.086489
2.087277
2.088056
2.088835
2.089617
2.090393
2.091169
2.091948
2.092733
2.093512
2.094273
2.095040
2.095786
2.096541
2.097278
2.098030
2.098779
2.099537
2.100292
2.101026
2.101790
2.102572
2.103324
2.104070
2.104843
2.105628
2.106380
2.107105
2.107839
2.108577
2.109289
2.109970
2.110626
2.111333
2.112052
2.112720
2.113376
2.114098
2.114853
2.115536
2.116184
2.116869
2.117580
2.118242
2.118880
2.119524
2.120198
2.120857
2.121469
2.122131
2.122811
2.123518
2.124132
2.124773
2.125456
2.126133
2.126760
2.127395
2.128060
2.128764
2.129396
2.130013
2.130657
2.131314
2.131928
2.132503
2.133099
2.133728
2.134336
2.134894
2.135472
2.136104
2.136688
2.137231
2.137809
2.138414
2.138998
2.139550
2.140095
2.140670
2.141251
2.141782
2.142306
2.142860
2.143418
2.143951
2.144472
2.145011
2.145578
2.146105
2.146611
2.147151
2.147696
2.148223
2.148745
2.149302
2.149868
2.150413
2.150953
2.151504
2.152070
2.152616
2.153119
2.153619
2.154143
2.154665
2.155156
2.155644
2.156136
2.156645
2.157125
2.157580
2.158023
2.158485
2.158958
2.159416
2.159866
2.160321
2.160777
2.161220
2.161654
2.162098
2.162547
2.162982
2.163416
2.163845
2.164267
2.164680
2.165097
2.165502
2.165912
2.166328
2.166706
2.167104
2.167509
2.167913
2.168288
2.168680
2.169070
2.169468
2.169858
2.170250
2.170637
2.171050
2.171458
2.171856
2.172243
2.172650
2.173067
2.173471
2.173869
2.174277
2.174678
2.175074
2.175472
2.175865
2.176254
2.176653
2.177045
2.177411
2.177788
2.178151
2.178483
2.178819
2.179155
2.179490
2.179811
2.180098
2.180413
2.180727
2.181036
2.181327
2.181617
2.181914
2.182204
2.182483
2.182753
2.183034
2.183310
2.183580
2.183846
2.184116
2.184377
2.184634
2.184901
2.185171
2.185425
2.185686
2.185947
2.186210
2.186471
2.186734
2.186968
2.187193
2.187439
2.187684
2.187912
2.188134
2.188370
2.188604
2.188838
2.189050
2.189257
2.189479
2.189704
2.189901
2.190081
2.190255
2.190441
2.190629
2.190806
2.190977
2.191136
2.191309
2.191477
2.191639
2.191792
2.191966
2.192131
2.192280
2.192433
2.192604
2.192757
2.192918
2.193086
2.193266
2.193440
2.193616
2.193793
2.193979
2.194168
2.194356
2.194536
2.194734
2.194953
2.195165
2.195375
2.195606
2.195843
2.196082
2.196316
2.196547
2.196771
2.196993
2.197224
2.197448
2.197658
2.197871
2.198102
2.198326
2.198548
2.198767
2.198961
2.199165
2.199372
2.199558
2.199728
2.199902
2.200067
2.200223
2.200370
2.200505
2.200612
2.200726
2.200831
2.200936
2.201008
2.201083
2.201154
2.201217
2.201265
2.201310
2.201340
2.201352
2.201367
2.201376
2.201376
2.201376
2.201376
2.201376
2.201376
2.201376
2.201376
2.201376
2.201376
2.201376
2.201343
2.201251
2.201179
2.201098
2.201002
2.200903
2.200786
2.200678
2.200567
2.200435
2.200301
2.200169
2.200034
2.199902
2.199767
2.199618
2.199474
2.199336
2.199207
2.199078
2.198929
2.198794
2.198665
2.198530
2.198392
2.198251
2.198107
2.197964
2.197841
2.197715
2.197589
2.197478
2.197374
2.197266
2.197158
2.197068
2.196975
2.196882
2.196804
2.196735
2.196657
2.196586
2.196526
2.196484
2.196445
2.196412
2.196373
2.196358
2.196355
2.196352
2.196346
2.196343
2.196343
2.196343
2.196343
2.196343
2.196343
2.196343
2.196343
2.196343
2.196343
2.196349
2.196421
2.196493
2.196568
2.196649
2.196711
2.196780
2.196879
2.196969
2.197044
2.197125
2.197212
2.197293
2.197374
2.197448
2.197514
2.197589
2.197664
2.197736
2.197799
2.197862
2.197931
2.197997
2.198063
2.198132
2.198185
2.198236
2.198284
2.198326
2.198359
2.198401
2.198434
2.198467
2.198494
2.198515
2.198524
2.198539
2.198560
2.198572
2.198575
2.198578
2.198587
2.198590
2.198593
2.198593
2.198593
2.198593
2.198593
2.198593
2.198593
2.198593
2.198593
2.198593
2.198593
2.198593
2.198593
2.198593
2.198593
2.198593
2.198593
2.198572
2.198545
2.198518
2.198491
2.198455
2.198398
2.198365
2.198332
2.198302
2.198260
2.198233
2.198218
2.198191
2.198164
2.198147
2.198114
2.198090
2.198069
2.198051
2.198027
2.198015
2.197994
2.197979
2.197964
2.197952
2.197931
2.197919
2.197913
2.197913
2.197907
2.197904
2.197904
2.197904
2.197904
2.197904
2.197904
2.197904
2.197904
2.197904
2.197904
2.197904
2.197904
2.197904
2.197904
2.197904
2.197904
2.197904
2.197904
2.197904
2.197904
2.197904
2.197904
2.197904
2.197904
2.197904
2.197904
2.197904
2.197904
2.197904
2.197904
2.197904
2.197904
2.197904
2.197904
2.197904
2.197904
2.197904
2.197904
2.197904
2.197904
2.197904
2.197904
2.197904
2.197904
2.197904
2.197904
2.197904
2.197904
2.197904
2.197904
2.197904
2.197904
2.197904
2.197904
2.197904
2.197904
2.197904
2.197904
2.197904
2.197904
2.197904
2.197904
2.197904
2.197904
2.197904
2.197904
2.197904
2.197904
2.197904
2.197904
2.197904
2.197904
2.197904
2.197904
2.197904
2.197904
2.197904
2.197904
2.197904
2.197904
2.197904
2.197904
2.197904
2.197904
2.197904
2.197904
2.197904
2.197904
2.197904
2.197904
2.197904
2.197904
2.197904
2.197904
2.197904
2.197904
2.197904
2.197904
2.197904
2.197904