2.197904
2.197904
2.197904
2.197904
2.197904
2.197904
2.197904
2.197904
2.197904
2.197904
2.197904
2.198015
2.198248
2.198542
2.198910
2.199330
2.199797
2.200316
2.200921
2.201535
2.202230
2.202961
2.203773
2.204627
2.205595
2.206610
2.207716
2.208923
2.210182
2.211518
2.212893
2.214394
2.215958
2.217573
2.219236
2.221006
2.222885
2.224751
2.226681
2.228694
2.230819
2.232994
2.235241
2.237575
2.239954
2.242443
2.244966
2.247617
2.250311
2.253031
2.255857
2.258820
2.261747
2.264740
2.267898
2.271055
2.274342
2.277629
2.280988
2.284439
2.288016
2.291626
2.295243
2.299006
2.302853
2.306724
2.310633
2.314660
2.318807
2.323007
2.327166
2.331486
2.335890
2.340363
2.344867
2.349429
2.354073
2.358843
2.363676
2.368487
2.373416
2.378509
2.383611
2.388768
2.393999
2.399266
2.404728
2.410222
2.415621
2.421179
2.426889
2.432621
2.438427
2.444242
2.450169
2.456329
2.462333
2.468562
2.474740
2.481196
2.487473
2.493956
2.500532
2.507118
2.513709
2.520507
2.527245
2.534028
2.540827
2.547556
2.554276
2.561134
2.567851
2.574637
2.581447
2.588269
2.595046
2.601904
2.608732
2.615674
2.622559
2.629330
2.636233
2.643118
2.649847
2.656657
2.663590
2.670316
2.677123
2.683960
2.690800
2.697658
2.704510
2.711305
2.718130
2.724997
2.731774
2.738566
2.745406
2.752270
2.759011
2.765836
2.772619
2.779411
2.786230
2.792984
2.799767
2.806559
2.813276
2.820008
2.826803
2.833544
2.840291
2.847086
2.853837
2.860590
2.867376
2.874093
2.880846
2.887629
2.894250
2.900944
2.907729
2.914411
2.921122
2.927761
2.934466
2.941121
2.947772
2.954450
2.961155
2.967911
2.974446
2.981121
2.987766
2.994396
3.001036
3.007732
3.014431
3.020896
3.027680
3.034151
3.040769
3.047367
3.053919
3.060513
3.067144
3.073735
3.080311
3.086855
3.093431
3.099993
3.106533
3.113082
3.119653
3.126277
3.132640
3.139283
3.145769
3.152324
3.158775
3.165348
3.171826
3.178312
3.184844
3.191369
3.197876
3.204417
3.210888
3.217381
3.223885
3.230291
3.236834
3.243348
3.249765
3.256324
3.262843
3.269258
3.275762
3.282260
3.288792
3.295287
3.301762
3.308230
3.314723
3.321158
3.327612
3.334083
3.340480
3.346912
3.353471
3.359903
3.366363
3.372756
3.379252
3.385726
3.392162
3.398690
3.405183
3.411450
3.417976
3.424402
3.430781
3.437192
3.443568
3.450073
3.456517
3.462914
3.469355
3.475686
3.482106
3.488449
3.494947
3.501290
3.507558
3.514017
3.520396
3.526766
3.533168
3.539442
3.545764
3.552103
3.558527
3.564806
3.571167
3.577474
3.583748
3.590111
3.596442
3.602707
3.609127
3.615296
3.621690
3.627799
3.634228
3.640487
3.646698
3.652977
3.659245
3.665429
3.671745
3.677917
3.684191
3.690347
3.696567
3.702772
3.709004
3.715235
3.721467
3.727648
3.733835
3.740010
3.746158
3.752324
3.758481
3.764629
3.770771
3.776933
3.783075
3.789280
3.795224
3.801483
3.807517
3.813584
3.819729
3.825808
3.831968
3.838032
3.844084
3.850124
3.856179
3.862252
3.868283
3.874353
3.880420
3.886433
3.892488
3.898573
3.904595
3.910635
3.916657
3.922679
3.928723
3.934670
3.940755
3.946732
3.952748
3.958761
3.964759
3.970778
3.976716
3.982714
3.988734
3.994708
4.000706
4.006713
4.012678
4.018649
4.024689
4.030580
4.036632
4.042558
4.048508
4.054473
4.060498
4.066422
4.072413
4.078346
4.084335
4.090234
4.096271
4.102173
4.108097
4.114124
4.120045
4.125956
4.131915
4.137832
4.143846
4.149682
4.155638
4.161564
4.167520
4.173452
4.179331
4.185269
4.191138
4.197025
4.203068
4.208878
4.214801
4.220793
4.226638
4.232499
4.238461
4.244327
4.250190
4.256123
4.261998
4.267858
4.273767
4.279705
4.285499
4.291458
4.297232
4.303154
4.309111
4.314923
4.320798
4.326638
4.332546
4.338358
4.344285
4.349995
4.355954
4.361701
4.367624
4.373421
4.379303
4.385079
4.390924
4.396775
4.402525
4.408361
4.414200
4.419959
4.425768
4.431571
4.437300
4.443208
4.448886
4.454719
4.460493
4.466257
4.472003
4.477762
4.483559
4.489270
4.495022
4.500870
4.506473
4.512342
4.517978
4.523751
4.529351
4.535178
4.540787
4.546470
4.552187
4.557831
4.563533
4.569258
4.574894
4.580595
4.586228
4.591882
4.597583
4.603213
4.608863
4.614511
4.620158
4.625803
4.631421
4.637080
4.642674
4.648195
4.653867
4.659523
4.665072
4.670732
4.676290
4.681928
4.687411
4.692968
4.698715
4.704207
4.709783
4.715325
4.720910
4.726539
4.731974
4.737583
4.743116
4.748656
4.754202
4.759810
4.765266
4.770872
4.776361
4.781891
4.787452
4.792956
4.798496
4.804077
4.809545
4.815079
4.820673
4.826116
4.831653
4.837133
4.842628
4.848089
4.853749
4.859103
4.864664
4.870141
4.875641
4.881139
4.886604
4.892149
4.897632
4.903118
4.908616
4.914018
4.919528
4.925028
4.930490
4.935949
4.941401
4.946875
4.952361
4.957841
4.963273
4.968687
4.974127
4.979694
4.985141
4.990489
4.995948
5.001421
5.006833
5.012243
5.017684
5.023059
5.028596
5.033977
5.039372
5.044796
5.050224
5.055674
5.061070
5.066439
5.071817
5.077147
5.082635
5.087993
5.093349
5.098794
5.104115
5.109489
5.114870
5.120200
5.125530
5.130917
5.136241
5.141544
5.146910
5.152315
5.157549
5.162900
5.168197
5.173554
5.178872
5.184121
5.189421
5.194751
5.200000
5.205300
5.210612
5.215828
5.221104
5.226422
5.231722
5.236908
5.242161
5.247383
5.252629
5.257830
5.263037
5.268280
5.273511
5.278650
5.283869
5.289076
5.294253
5.299403
5.304628
5.309859
5.314980
5.320142
5.325322
5.330457
5.335623
5.340719
5.345878
5.350963
5.356091
5.361269
5.366344
5.371398
5.376483
5.381696
5.386628
5.391775
5.396865
5.401896
5.406917
5.412115
5.417061
5.422110
5.427152
5.432158
5.437189
5.442228
5.447220
5.452229
5.457268
5.462203
5.467185
5.472231
5.477135
5.482157
5.487121
5.492143
5.497086
5.502003
5.506970
5.511959
5.516902
5.521821
5.526789
5.531709
5.536622
5.541544
5.546467
5.551383
5.556324
5.561202
5.566130
5.571064
5.575933
5.580820
5.585752
5.590632
5.595528
5.600435
5.605330
5.610178
5.615068
5.619867
5.624748
5.629638
5.634464
5.639339
5.644243
5.649028
5.653906
5.658807
5.663625
5.668439
5.673347
5.678117
5.682896
5.687764
5.692555
5.697402
5.702295
5.706975
5.711858
5.716655
5.721416
5.726222
5.731030
5.735785
5.740614
5.745369
5.750148
5.754897
5.759685
5.764415
5.769149
5.773919
5.778623
5.783374
5.788144
5.792848
5.797596
5.802420
5.807130
5.811864
5.816567
5.821256
5.826041
5.830640
5.835353
5.840137
5.844850
5.849524
5.854228
5.858887
5.863552
5.868309
5.872935
5.877717
5.882244
5.887020
5.891685
5.896289
5.900963
5.905637
5.910320
5.914946
5.919572
5.924216
5.928895
5.933539
5.938148
5.942818
5.947420
5.952064
5.956681
5.961268
5.965939
5.970577
5.975116
5.979748
5.984383
5.988925
5.993482
5.998098
6.002671
6.007225
6.011787
6.016389
6.020911
6.025518
6.029989
6.034554
6.039165
6.043674
6.048202
6.052705
6.057247
6.061768
6.066295
6.070813
6.075262
6.079831
6.084295
6.088780
6.093274
6.097742
6.102202
6.106648
6.111122
6.115586
6.120092
6.124517
6.128933
6.133424
6.137856
6.142224
6.146733
6.151071
6.155544
6.159978
6.164356
6.168856
6.173221
6.177577
6.181940
6.186451
6.190796
6.195173
6.199574
6.203985
6.208350
6.212766
6.217068
6.221392
6.225808
6.230125
6.234511
6.238880
6.243209
6.247589
6.251918
6.256296
6.260553
6.264972
6.269289
6.273580
6.277927
6.282215
0.003326
0.007658
0.011927
0.016269
0.020574
0.024846
0.029185
0.033496
0.037798
0.042059
0.046361
0.050645
0.054933
0.059265
0.063510
0.067777
0.072061
0.076295
0.080627
0.084836
0.089127
0.093453
0.097683
0.101923
0.106249
0.110456
0.114668
0.118922
0.123258
0.127461
0.131674
0.136015
0.140194
0.144401
0.148721
0.152934
0.157128
0.161392
0.165640
0.169828
0.174080
0.178286
0.182508
0.186789
0.190948
0.195208
0.199435
0.203612
0.207824
0.212043
0.216234
0.220480
0.224704
0.228869
0.233060
0.237228
0.241461
0.245593
0.249802
0.254030
0.258173
0.262392
0.266589
0.270799
0.274975
0.279110
0.283265
0.287445
0.291627
0.295756
0.299965
0.304064
0.308252
0.312432
0.316554
0.320773
0.324862
0.329042
0.333149
0.337338
0.341446
0.345604
0.349742
0.353867
0.358002
0.362139
0.366211
0.370355
0.374465
0.378552
0.382707
0.386926
0.390919
0.395048
0.399159
0.403245
0.407293
0.411391
0.415529
0.419580
0.423708
0.427768
0.431896
0.435974
0.439995
0.444060
0.448153
0.452231
0.456269
0.460332
0.464392
0.468469
0.472571
0.476550
0.480678
0.484651
0.488732
0.492731
0.496779
0.500806
0.504806
0.508880
0.512886
0.516898
0.520939
0.524927
0.528930
0.532956
0.536947
0.540947
0.544956
0.548931
0.552943
0.556928
0.560922
0.564888
0.568867
0.572807
0.576831
0.580732
0.584707
0.588734
0.592683
0.596629
0.600592
0.604511
0.608490
0.612424
0.616346
0.620283
0.624249
0.628135
0.632096
0.636003
0.639901
0.643793
0.647753
0.651660
0.655546
0.659429
0.663276
0.667216
0.671180
0.675059
0.678879
0.682828
0.686699
0.690543
0.694423
0.698267
0.702147
0.706030
0.709877
0.713748
0.717606
0.721396
0.725282
0.729126
0.732973
0.736805
0.740691
0.744496
0.748358
0.752211
0.755986
0.759767
0.763692
0.767407
0.771299
0.775026
0.778909
0.782648
0.786594
0.790279
0.794123
0.797910
0.801694
0.805511
0.809352
0.813064
0.816848
0.820650
0.824413
0.828224
0.832005
0.835780
0.839561
0.843315
0.847102
0.850868
0.854631
0.858454
0.862202
0.866022
0.869740
0.873503
0.877239
0.881035
0.884720
0.888561
0.892244
0.895986
0.899791
0.903485
0.907218
0.910972
0.914723
0.918405
0.922225
0.925940
0.929706
0.933397
0.937172
0.940899
0.944609
0.948336
0.952072
0.955823
0.959445
0.963238
0.966926
0.970647
0.974347
0.978075
0.981709
0.985490
0.989205
0.992911
0.996593
1.000311
1.003955
1.007682
1.011361
1.015112
1.018737
1.022458
1.026071
1.029855
1.033571
1.037175
1.040878
1.044602
1.048275
1.051915
1.055574
1.059235
1.062920
1.066623
1.070281
1.073933
1.077589
1.081238
1.084899
1.088578
1.092140
1.095834
1.099526
1.103160
1.106806
1.110521
1.114069
1.117760
1.121331
1.125010
1.128587
1.132270
1.135844
1.139502
1.143121
1.146758
1.150357
1.154000
1.157595
1.161196
1.164834
1.168429
1.171991
1.175643
1.179227
1.182822
1.186456
1.190090
1.193614
1.197236
1.200789
1.204367
1.207938
1.211518
1.215126
1.218715
1.222280
1.225875
1.229420
1.233078
1.236535
1.240143
1.243651
1.247282
1.250785
1.254263
1.257897
1.261394
1.264998
1.268500
1.272054
1.275571
1.279097
1.282594
1.286183
1.289664
1.293248
1.296681
1.300291
1.303785
1.307248
1.310742
1.314265
1.317776
1.321249
1.324754
1.328292
1.331747
1.335261
1.338734
1.342233
1.345724
1.349187
1.352638
1.356177
1.359580
1.363032
1.366540
1.369989
1.373428
1.376889
1.380328
1.383794
1.387252
1.390703
1.394101
1.397564
1.401025
1.404446
1.407889
1.411304
1.414753
1.418183
1.421587
1.424996
1.428448
1.431836
1.435234
1.438673
1.442032
1.445486
1.448866
1.452260
1.455640
1.459085
1.462492
1.465862
1.469290
1.472622
1.476058
1.479432
1.482796
1.486167
1.489531
1.492887
1.496248
1.499649
1.502990
1.506375
1.509728
1.513077
1.516442
1.519818
1.523147
1.526563
1.529849
1.533196
1.536510
1.539871
1.543170
1.546519
1.549878
1.553147
1.556472
1.559834
1.563135
1.566434
1.569769
1.573073
1.576366
1.579743
1.582996
1.586295
1.589594
1.592946
1.596191
1.599501
1.602749
1.606063
1.609359
1.612663
1.615998
1.619251
1.622526
1.625807
1.629109
1.632347
1.635655
1.638927
1.642198
1.645470
1.648757
1.651995
1.655252
1.658584
1.661742
1.665064
1.668318
1.671581
1.674813
1.678094
1.681285
1.684563
1.687849
1.691058
1.694300
1.697562
1.700780
1.704016
1.707246
1.710487
1.713687
1.716941
1.720150
1.723391
1.726681
1.729863
1.733102
1.736284
1.739531
1.742728
1.745937
1.749122
1.752387
1.755539
1.758745
1.761969
1.765159
1.768374
1.771565
1.774771
1.777965
1.781146
1.784313
1.787501
1.790674
1.793907
1.797082
1.800276
1.803455
1.806604
1.809774
1.812950
1.816113
1.819280
1.822432
1.825581
1.828778
1.831915
1.835099
1.838236
1.841337
1.844516
1.847701
1.850871
1.853927
1.857114
1.860188
1.863385
1.866465
1.869602
1.872754
1.875912
1.878983
1.882084
1.885238
1.888330
1.891452
1.894571
1.897684
1.900794
1.903871
1.906963
1.910076
1.913198
1.916257
1.919355
1.922446
1.925532
1.928612
1.931710
1.934820
1.937900
1.940980
1.944042
1.947065
1.950166
1.953219
1.956287
1.959364
1.962429
1.965449
1.968520
1.971537
1.974593
1.977679
1.980687
1.983737
1.986844
1.989813
1.992854
1.995865
1.998939
2.001947
2.005003
2.008005
2.011016
2.014045
2.017059
2.020064
2.023069
2.026068
2.029100
2.032135
2.035083
2.038058
2.041120
2.044083
2.047088
2.050108
2.053096
2.056071
2.059040
2.062027
2.065002
2.067959
2.070928
2.073870
2.076890
2.079844
2.082795
2.085743
2.088695
2.091643
2.094627
2.097539
2.100502
2.103456
2.106362
2.109295
2.112223
2.115108
2.118110
2.121013
2.123946
2.126843
2.129732
2.132713
2.135592
2.138492
2.141392
2.144358
2.147241
2.150093
2.152987
2.155896
2.158742
2.161664
2.164531
2.167413
2.170256
2.173117
2.176006
2.178894
2.181752
2.184589
2.187442
2.190318
2.193119
2.195980
2.198821
2.201619
2.204459
2.207288
2.210095
2.212926
2.215766
2.218559
2.221369
2.224251
2.226972
2.229797
2.232634
2.235447
2.238243
2.241020
2.243767
2.246563
2.249379
2.252130
2.254886
2.257690
2.260428
2.263167
2.265938
2.268707
2.271490
2.274237
2.276964
2.279750
2.282542
2.285230
2.287911
2.290725
2.293466
2.296150
2.298877
2.301582
2.304357
2.307089
2.309771
2.312452
2.315217
2.317920
2.320577
2.323289
2.326021
2.328721
2.331396
2.334069
2.336783
2.339477
2.342122
2.344812
2.347527
2.350194
2.352866
2.355532
2.358205
2.360889
2.363541
2.366198
2.368850
2.371531
2.374162
2.376813
2.379462
2.382125
2.384789
2.387401
2.390041
2.392704
2.395320
2.397938
2.400584
2.403218
2.405854
2.408422
2.411037
2.413707
2.416277
2.418950
2.421539
2.424121
2.426821
2.429352
2.432031
2.434577
2.437169
2.439775
2.442382
2.444953
2.447556
2.450163
2.452724
2.455304
2.457920
2.460454
2.463094
2.465649
2.468235
2.470743
2.473379
2.475902
2.478470
2.481004
2.483599
2.486125
2.488731
2.491257
2.493788
2.496383
2.498903
2.501449
2.503996
2.506525
2.509086
2.511591
2.514117
2.516696
2.519240
2.521730
2.524237
2.526778
2.529316
2.531805
2.534295
2.536821
2.539340
2.541848
2.544329
2.546849
2.549368
2.551876
2.554327
2.556849
2.559324
2.561832
2.564337
2.566814
2.569280
2.571755
2.574203
2.576680
2.579161
2.581618
2.584093
2.586576
2.589048
2.591517
2.593959
2.596382
2.598875
2.601314
2.603768
2.606176
2.608645
2.611066
2.613496
2.615920
2.618356
2.620776
2.623212
2.625627
2.628078
2.630481
2.632910
2.635313
2.637719
2.640134
2.642576
2.644948
2.647351
2.649727
2.652154
2.654500
2.656906
2.659317
2.661684
2.664066
2.666463
2.668827
2.671212
2.673591
2.675970
2.678355
2.680706
2.683058
2.685437
2.687774
2.690126
2.692460
2.694803
2.697191
2.699516
2.701864
2.704210
2.706565
2.708905
2.711251
2.713591
2.715910
2.718193
2.720542
2.722828
2.725150
2.727466
2.729761
2.732080
2.734393
2.736691
2.738995
2.741311
2.743612
2.745900
2.748231
2.750530
2.752827
2.755119
2.757408
2.759664
2.761941
2.764242
2.766465
2.768751
2.771034
2.773309
2.775579
2.777848
2.780103
2.782389
2.784600
2.786845
2.789143
2.791363
2.793595
2.795890
2.798089
2.800306
2.802538
2.804818
2.806990
2.809231
2.811445
2.813686
2.815927
2.818144
2.820359
2.822606
2.824811
2.827016
2.829224
2.831417
2.833628
2.835827
2.837999
2.840192
2.842397
2.844579
2.846739
2.848941
2.851113
2.853327
2.855481
2.857653
2.859817
2.862001
2.864149
2.866324
2.868508
2.870674
2.872808
2.874983
2.877071
2.879249
2.881367
2.883491
2.885682
2.887824
2.889939
2.892084
2.894214
2.896321
2.898457
2.900596
2.902690
2.904793
2.906924
2.909027
2.911139
2.913254
2.915336
2.917446
2.919564
2.921634
2.923704
2.925799
2.927902
2.929984
2.932078
2.934146
2.936258
2.938319
2.940377
2.942424
2.944491
2.946561
2.948596
2.950657
2.952700
2.954732
2.956811
2.958866
2.960945
2.963004
2.965029
2.967072
2.969083
2.971123
2.973100
2.975171
2.977145
2.979194
2.981217
2.983236
2.985244
2.987263
2.989270
2.991266
2.993267
2.995226
2.997231
2.999253
3.001251
3.003256
3.005263
3.007241
3.009266
3.011183
3.013146
3.015102
3.017056
3.019003
3.020989
3.022946
3.024908
3.026898
3.028905
3.030828
3.032758
3.034711
3.036626
3.038552
3.040509
3.042438
3.044350
3.046345
3.048265
3.050213
3.052148
3.054033
3.055920
3.057808
3.059690
3.061595
3.063498
3.065451
3.067338
3.069310
3.071203
3.073112
3.075002
3.076878
3.078744
3.080620
3.082459
3.084320
3.086208
3.088086
3.089992
3.091897
3.093761
3.095642
3.097530
3.099318
3.101170
3.102998
3.104822
3.106659
3.108516
3.110371
3.112189
3.114074
3.115932
3.117753
3.119584
3.121411
3.123194
3.125036
3.126813
3.128659
3.130444
3.132248
3.134135
3.135972
3.137764
3.139576
3.141377
3.143118
3.144915
3.146689
3.148409
3.150230
3.152013
3.153808
3.155593
3.157409
3.159206
3.161007
3.162772
3.164525
3.166259
3.168009
3.169744
3.171496
3.173252
3.175008
3.176769
3.178540
3.180293
3.182066
3.183816
3.185551
3.187271
3.188981
3.190722
3.192427
3.194131
3.195854
3.197604
3.199318
3.201028
3.202763
3.204501
3.206200
3.207907
3.209627
3.211314
3.213007
3.214702
3.216392
3.218046
3.219739
3.221437
3.223145
3.224841
3.226552
3.228260
3.229937
3.231603
3.233245
3.234893
3.236526
3.238194
3.239839
3.241472
3.243147
3.244834
3.246505
3.248192
3.249849
3.251491
3.253115
3.254724
3.256339
3.257945
3.259601
3.261228
3.262870
3.264530
3.266169
3.267787
3.269449
3.271052
3.272643
3.274258
3.275831
3.277407
3.279019
3.280619
3.282224
3.283813
3.285406
3.287006
3.288582
3.290164
3.291752
3.293325
3.294898
3.296468
3.298032
3.299593
3.301169
3.302745
3.304300
3.305833
3.307376
3.308904
3.310438
3.312005
3.313521
3.315100
3.316622
3.318147
3.319678
3.321191
3.322704
3.324202
3.325700
3.327189
3.328669
3.330092
3.331594
3.333095
3.334590
3.336082
3.337616
3.339069
3.340552
3.342002
3.343467
3.344920
3.346391
3.347838
3.349285
3.350702
3.352140
3.353585
3.355026
3.356455
3.357893
3.359328
3.360742
3.362144
3.363534
3.364961
3.366357
3.367789
3.369182
3.370596
3.371971
3.373305
3.374692
3.376061
3.377394
3.378754
3.380151
3.381541
3.382889
3.384261
3.385601
3.386940
3.388294
3.389624
3.390945
3.392273
3.393579
3.394882
3.396168
3.397462
3.398765
3.400077
3.401387
3.402705
3.404011
3.405297
3.406573
3.407864
3.409168
3.410450
3.411738
3.412996
3.414291
3.415552
3.416771
3.418015
3.419252
3.420463
3.421679
3.422913
3.424148
3.425391
3.426656
3.427905
3.429148
3.430394
3.431617
3.432848
3.434071
3.435257
3.436446
3.437636
3.438789
3.440003
3.441159
3.442328
3.443508
3.444698
3.445881
3.447067
3.448251
3.449414
3.450603
3.451798
3.452970
3.454126
3.455292
3.456442
3.457590
3.458734
3.459834
3.460933
3.462048
3.463138
3.464256
3.465338
3.466449
3.467606
3.468717
3.469846
3.470976
3.472097
3.473214
3.474290
3.475380
3.476486
3.477558
3.478682
3.479746
3.480830
3.481891
3.482936
3.483952
3.484992
3.486004
3.487017
3.488063
3.489120
3.490193
3.491274
3.492332
3.493375
3.494453
3.495466
3.496481
3.497494
3.498513
3.499514
3.500538
3.501551
3.502561
3.503537
3.504514
3.505488
3.506449
3.507363
3.508310
3.509281
3.510251
3.511249
3.512208
3.513166
3.514122
3.515069
3.516007
3.516942
3.517882
3.518823
3.519752
3.520714
3.521657
3.522604
3.523551
3.524471
3.525367
3.526244
3.527101
3.527943
3.528791
3.529645
3.530493
3.531371
3.532260
3.533141
3.534010
3.534852
3.535697
3.536545
3.537360
3.538193
3.539026
3.539864
3.540733
3.541590
3.542447
3.543292
3.544152
3.544982
3.545782
3.546582
3.547331
3.548068
3.548832
3.549602
3.550342
3.551091
3.551872
3.552625
3.553404
3.554144
3.554890
3.555633
3.556322
3.557029
3.557751
3.558458
3.559177
3.559899
3.560618
3.561343
3.562065
3.562775
3.563500
3.564210
3.564899
3.565594
3.566290
3.566973
3.567644
3.568303
3.568947
3.569573
3.570215
3.570829
3.571422
3.572015
3.572614
3.573220
3.573837
3.574469
3.575098
3.575712
3.576317
3.576908
3.577486
3.578037
3.578609
3.579185
3.579748
3.580314
3.580871
3.581429
3.581980
3.582537
3.583080
3.583610
3.584134
3.584658
3.585192
3.585740
3.586285
3.586825
3.587376
3.587909
3.588430
3.588928
3.589410
3.589887
3.590348
3.590803
3.591253
3.591717
3.592175
3.592625
3.593071
3.593488
3.593895
3.594291
3.594680
3.595055
3.595435
3.595816
3.596211
3.596607
3.596987
3.597359
3.597748
3.598132
3.598491
3.598854
3.599198
3.599540
3.599890
3.600250
3.600600
3.600945
3.601278
3.601601
3.601913
3.602212
3.602500
3.602776
3.603060
3.603339
3.603590
3.603839
3.604097
3.604363
3.604615
3.604879
3.605128
3.605367
3.605613
3.605859
3.606104
3.606344
3.606586
3.606838
3.607096
3.607342
3.607593
3.607848
3.608112
3.608366
3.608600
3.608834
3.609073
3.609304
3.609541
3.609771
3.609999
3.610224
3.610451
3.610670
3.610877
3.611078
3.611281
3.611476
3.611659
3.611827
3.611976
3.612117
3.612264
3.612402
3.612516
3.612618
3.612705
3.612773
3.612836
3.612881
3.612920
3.612953
3.612980
3.613001
3.613016
3.613016
3.613016
3.613016
3.613016
3.613016
3.613016
3.613016
3.613016
3.613016
3.613016
3.612995
3.612923
3.612842
3.612756
3.612660
3.612558
3.612444
3.612342
3.612240
3.612138
3.612027
3.611926
3.611821
3.611710
3.611599
3.611482
3.611368
3.611266
3.611165
3.611057
3.610955
3.610865
3.610781
3.610700
3.610616
3.610526
3.610440
3.610359
3.610287
3.610206
3.610122
3.610056
3.609999
3.609951
3.609900
3.609852
3.609813
3.609780
3.609756
3.609732
3.609715
3.609715
3.609715
3.609715
3.609715
3.609715
3.609715
3.609715
3.609715
3.609715
3.609715
3.609715
3.609715
3.609715
3.609715
3.609715
3.609715
3.609715
3.609715
3.609715
3.609715
3.609715
3.609717
3.609744
3.609771
3.609789
3.609816
3.609843
3.609864
3.609876
3.609882
3.609891
3.609909
3.609930
3.609942
3.609942
3.609945
3.609954
3.609960
3.609960
3.609960
3.609960
3.609960
3.609960
3.609960
3.609960
3.609960
3.609960
3.609960
3.609960
3.609960
3.609960
3.609960
3.609960
3.609960
3.609960
3.609960
3.609960
3.609960
3.609960
3.609960
3.609960
3.609960
3.609960
3.609960
3.609960
3.609960
3.609960
3.609960
3.609960
3.609960
3.609960
3.609960
3.609960
3.609960
3.609960
3.609960
3.609960
3.609960
3.609960
3.609960
3.609960
3.609960
3.609960
3.609960
3.609960
3.609960
3.609960
3.609960
3.609960
3.609960
3.609960
3.609960
3.609960
3.609960
3.609960
3.609960
3.609960
3.609960
3.609960
3.609960
3.609960
3.609960
3.609960
3.609960
3.609960
3.609960
3.609960
3.609960
3.609960
3.609960
3.609960
3.609960
3.609960
3.609960
3.609960
3.609960
3.609960
3.609960
3.609960
3.609960
3.609960
3.609960
3.609960
3.609960
3.609960
3.609960
3.609960
3.609960
3.609960
3.609960
3.609960
3.609960
3.609960
3.609960
3.609960
3.609960
3.609960