3.389235
3.389235
3.389235
3.389235
3.389235
3.389235
3.389235
3.389235
3.389271
3.389516
3.389798
3.390146
3.390565
3.391071
3.391661
3.392330
3.393043
3.393777
3.394559
3.395419
3.396347
3.397342
3.398417
3.399592
3.400847
3.402142
3.403502
3.404940
3.406402
3.407972
3.409590
3.411250
3.413020
3.414875
3.416748
3.418752
3.420852
3.422991
3.425184
3.427473
3.429807
3.432189
3.434649
3.437169
3.439787
3.442487
3.445240
3.448056
3.451013
3.453934
3.457002
3.460115
3.463243
3.466473
3.469820
3.473124
3.476600
3.480123
3.483739
3.487397
3.491202
3.494953
3.498816
3.502725
3.506749
3.510827
3.514931
3.519162
3.523398
3.527796
3.532194
3.536719
3.541213
3.545904
3.550536
3.555360
3.560220
3.565046
3.570035
3.575128
3.580158
3.585368
3.590603
3.595968
3.601263
3.606796
3.612264
3.617891
3.623496
3.629252
3.635043
3.640996
3.646824
3.652837
3.658868
3.664986
3.671209
3.677446
3.683771
3.690188
3.696639
3.703110
3.709750
3.716380
3.723094
3.729871
3.736744
3.743665
3.750580
3.757618
3.764635
3.771603
3.778734
3.785646
3.792753
3.799820
3.806795
3.813761
3.820727
3.827731
3.834736
3.841798
3.848764
3.855844
3.862995
3.869934
3.877196
3.883973
3.891050
3.898079
3.905015
3.912050
3.919078
3.926074
3.933076
3.940182
3.947187
3.954126
3.961221
3.968258
3.975132
3.982076
3.989162
3.996119
4.003088
4.010038
4.017067
4.024051
4.030918
4.037932
4.044858
4.051801
4.058724
4.065729
4.072806
4.079586
4.086659
4.093572
4.100636
4.107578
4.114463
4.121477
4.128404
4.135277
4.142242
4.149340
4.156213
4.163227
4.170187
4.177087
4.184031
4.191045
4.197891
4.204869
4.211820
4.218768
4.225749
4.232571
4.239461
4.246577
4.253444
4.260347
4.267265
4.274129
4.281182
4.288028
4.294970
4.301800
4.308796
4.315780
4.322521
4.329505
4.336408
4.343275
4.350148
4.357066
4.363935
4.370851
4.377774
4.384579
4.391472
4.398334
4.405161
4.412106
4.418964
4.425798
4.432650
4.439460
4.446303
4.453149
4.460007
4.466826
4.473627
4.480539
4.487278
4.494045
4.500945
4.507704
4.514482
4.521459
4.528122
4.534968
4.541728
4.548484
4.555237
4.562008
4.568788
4.575502
4.582285
4.589036
4.595830
4.602476
4.609214
4.615943
4.622657
4.629320
4.636070
4.642776
4.649481
4.656129
4.662873
4.669491
4.676220
4.682854
4.689445
4.696258
4.702853
4.709468
4.716116
4.722740
4.729364
4.736115
4.742679
4.749429
4.756021
4.762642
4.769389
4.775902
4.782722
4.789229
4.796009
4.802564
4.809162
4.815810
4.822410
4.829041
4.835674
4.842427
4.848889
4.855583
4.862246
4.868864
4.875482
4.882124
4.888728
4.895340
4.901977
4.908607
4.915096
4.921909
4.928378
4.934951
4.941602
4.948217
4.954740
4.961358
4.967974
4.974604
4.981072
4.987840
4.994393
5.000846
5.007450
5.013966
5.020530
5.027143
5.033689
5.040215
5.046806
5.053349
5.059926
5.066466
5.073072
5.079595
5.086153
5.092741
5.099282
5.105816
5.112407
5.118900
5.125395
5.131933
5.138401
5.144921
5.151407
5.157897
5.164485
5.171007
5.177443
5.183881
5.190404
5.196896
5.203380
5.209770
5.216343
5.222665
5.229131
5.235647
5.242002
5.248456
5.254864
5.261261
5.267684
5.274090
5.280459
5.286940
5.293225
5.299571
5.305995
5.312331
5.318689
5.325032
5.331368
5.337705
5.344036
5.350336
5.356646
5.363039
5.369245
5.375488
5.381987
5.388069
5.394450
5.400718
5.407001
5.413208
5.419503
5.425735
5.432012
5.438282
5.444487
5.450674
5.456951
5.463132
5.469348
5.475598
5.481809
5.487855
5.494159
5.500328
5.506505
5.512657
5.518835
5.525030
5.531202
5.537323
5.543465
5.549595
5.555776
5.561876
5.568051
5.574153
5.580272
5.586425
5.592495
5.598622
5.604770
5.610855
5.617006
5.623106
5.629176
5.635324
5.641472
5.647419
5.653609
5.659757
5.665755
5.671774
5.677889
5.683914
5.689981
5.696114
5.702169
5.708212
5.714330
5.720346
5.726425
5.732405
5.738451
5.744518
5.750567
5.756547
5.762578
5.768607
5.774608
5.780630
5.786709
5.792704
5.798690
5.804718
5.810761
5.816702
5.822799
5.828648
5.834751
5.840746
5.846660
5.852640
5.858668
5.864579
5.870512
5.876482
5.882475
5.888401
5.894408
5.900337
5.906177
5.912247
5.918080
5.924048
5.930043
5.935957
5.941830
5.947747
5.953667
5.959521
5.965451
5.971302
5.977201
5.983109
5.988925
5.994788
6.000693
6.006562
6.012390
6.018316
6.024137
6.029929
6.035780
6.041605
6.047429
6.053283
6.059044
6.064860
6.070696
6.076478
6.082267
6.088133
6.093871
6.099599
6.105456
6.111155
6.116973
6.122723
6.128466
6.134215
6.139947
6.145687
6.151505
6.157162
6.162936
6.168616
6.174356
6.180043
6.185783
6.191539
6.197124
6.202831
6.208512
6.214225
6.219939
6.225628
6.231255
6.236941
6.242577
6.248242
6.253992
6.259552
6.265236
6.270881
6.276462
6.282059
0.004560
0.010270
0.015858
0.021494
0.027105
0.032741
0.038373
0.044057
0.049558
0.055217
0.060760
0.066462
0.071986
0.077628
0.083233
0.088860
0.094433
0.100071
0.105578
0.111324
0.116825
0.122398
0.128045
0.133567
0.139188
0.144775
0.150345
0.155867
0.161466
0.167024
0.172615
0.178199
0.183745
0.189360
0.194890
0.200472
0.205943
0.211602
0.217124
0.222655
0.228228
0.233761
0.239328
0.244922
0.250350
0.255971
0.261490
0.266982
0.272509
0.278019
0.283568
0.289206
0.294653
0.300244
0.305691
0.311224
0.316665
0.322223
0.327772
0.333236
0.338776
0.344337
0.349751
0.355242
0.360827
0.366196
0.371727
0.377254
0.382713
0.388217
0.393664
0.399153
0.404656
0.410139
0.415526
0.420970
0.426432
0.431884
0.437376
0.442838
0.448267
0.453678
0.459152
0.464524
0.470060
0.475453
0.480858
0.486272
0.491707
0.497067
0.502540
0.507966
0.513317
0.518728
0.524130
0.529484
0.534862
0.540318
0.545645
0.550969
0.556365
0.561803
0.567061
0.572552
0.577810
0.583164
0.588566
0.593884
0.599181
0.604538
0.609856
0.615207
0.620513
0.625879
0.631191
0.636416
0.641842
0.647124
0.652415
0.657712
0.662985
0.668261
0.673660
0.678933
0.684197
0.689509
0.694744
0.700017
0.705293
0.710548
0.715794
0.721082
0.726370
0.731601
0.736847
0.742120
0.747348
0.752582
0.757843
0.763042
0.768258
0.773510
0.778726
0.783948
0.789197
0.794386
0.799596
0.804840
0.810041
0.815272
0.820491
0.825644
0.830875
0.836136
0.841263
0.846458
0.851695
0.856878
0.862076
0.867235
0.872458
0.877650
0.882866
0.888037
0.893241
0.898433
0.903620
0.908809
0.913995
0.919169
0.924361
0.929580
0.934698
0.939878
0.945121
0.950280
0.955352
0.960614
0.965731
0.970926
0.976133
0.981277
0.986463
0.991563
0.996809
1.001911
1.007154
1.012319
1.017446
1.022560
1.027680
1.032860
1.038068
1.043200
1.048437
1.053545
1.058689
1.063858
1.068957
1.074056
1.079242
1.084417
1.089495
1.094708
1.099855
1.104940
1.110033
1.115252
1.120300
1.125421
1.130565
1.135625
1.140766
1.145899
1.151061
1.156127
1.161256
1.166464
1.171515
1.176620
1.181708
1.186873
1.191954
1.197038
1.202129
1.207234
1.212312
1.217394
1.222502
1.227577
1.232679
1.237725
1.242830
1.247884
1.252981
1.258014
1.263092
1.268231
1.273201
1.278285
1.283289
1.288385
1.293448
1.298527
1.303509
1.308555
1.313570
1.318735
1.323658
1.328748
1.333751
1.338833
1.343800
1.348881
1.353897
1.358888
1.363886
1.368907
1.373935
1.378941
1.383941
1.388906
1.393969
1.398883
1.403883
1.408791
1.413878
1.418872
1.423813
1.428705
1.433745
1.438742
1.443659
1.448740
1.453561
1.458588
1.463496
1.468451
1.473350
1.478380
1.483297
1.488129
1.493150
1.498064
1.503026
1.507921
1.512829
1.517757
1.522701
1.527614
1.532471
1.537444
1.542319
1.547256
1.552209
1.557011
1.561946
1.566857
1.571707
1.576618
1.581585
1.586349
1.591346
1.596215
1.601056
1.605955
1.610866
1.615725
1.620546
1.625477
1.630337
1.635247
1.640194
1.644949
1.649943
1.654761
1.659572
1.664441
1.669468
1.674268
1.679149
1.683999
1.688820
1.693778
1.698593
1.703483
1.708297
1.713196
1.718053
1.722888
1.727778
1.732607
1.737482
1.742392
1.747126
1.752010
1.757010
1.761771
1.766595
1.771442
1.776281
1.781125
1.785964
1.790773
1.795659
1.800486
1.805256
1.810190
1.815014
1.819808
1.824595
1.829446
1.834323
1.839063
1.843959
1.848660
1.853585
1.858370
1.863190
1.867963
1.872817
1.877566
1.882389
1.887192
1.892043
1.896797
1.901597
1.906355
1.911127
1.915963
1.920721
1.925577
1.930368
1.935075
1.939919
1.944659
1.949387
1.954163
1.959004
1.963672
1.968544
1.973269
1.978002
1.982808
1.987563
1.992317
1.997033
2.001815
2.006546
2.011307
2.016022
2.020795
2.025493
2.030230
2.034948
2.039703
2.044446
2.049114
2.053871
2.058557
2.063216
2.067929
2.072711
2.077333
2.082106
2.086750
2.091430
2.096125
2.100847
2.105452
2.110128
2.114868
2.119506
2.124105
2.128770
2.133420
2.138085
2.142725
2.147420
2.151959
2.156669
2.161265
2.165933
2.170508
2.175206
2.179748
2.184368
2.188991
2.193608
2.198200
2.202770
2.207395
2.212060
2.216581
2.221150
2.225716
2.230369
2.234923
2.239549
2.244049
2.248666
2.253274
2.257747
2.262310
2.266858
2.271418
2.275948
2.280493
2.285071
2.289631
2.294146
2.298607
2.303254
2.307739
2.312245
2.316746
2.321249
2.325776
2.330297
2.334692
2.339222
2.343755
2.348276
2.352761
2.357240
2.361719
2.366249
2.370680
2.375139
2.379636
2.384091
2.388591
2.393019
2.397552
2.402016
2.406444
2.410843
2.415325
2.419810
2.424259
2.428687
2.433154
2.437642
2.442059
2.446511
2.450951
2.455322
2.459852
2.464247
2.468637
2.473068
2.477595
2.481948
2.486343
2.490792
2.495173
2.499625
2.504062
2.508454
2.512852
2.517289
2.521676
2.526131
2.530574
2.534999
2.539289
2.543733
2.548122
2.552508
2.556897
2.561244
2.565667
2.570080
2.574415
2.578786
2.583242
2.587571
2.591969
2.596358
2.600727
2.605134
2.609433
2.613834
2.618140
2.622526
2.626879
2.631166
2.635529
2.639954
2.644229
2.648685
2.652960
2.657331
2.661705
2.666008
2.670304
2.674699
2.679005
2.683388
2.687672
2.691897
2.696304
2.700606
2.704887
2.709154
2.713558
2.717828
2.722115
2.726438
2.730728
2.735040
2.739294
2.743671
2.747911
2.752231
2.756471
2.760722
2.765006
2.769273
2.773536
2.777794
2.782051
2.786362
2.790578
2.794844
2.799093
2.803269
2.807586
2.811763
2.816065
2.820296
2.824523
2.828813
2.832954
2.837217
2.841424
2.845660
2.849798
2.854130
2.858229
2.862468
2.866674
2.870905
2.875040
2.879264
2.883476
2.887602
2.891814
2.895982
2.900182
2.904347
2.908499
2.912691
2.916873
2.920972
2.925179
2.929319
2.933445
2.937597
2.941729
2.945869
2.949983
2.954139
2.958279
2.962408
2.966554
2.970620
2.974763
2.978865
2.982951
2.987077
2.991203
2.995250
2.999403
3.003492
3.007537
3.011624
3.015740
3.019845
3.023869
3.027994
3.032009
3.036077
3.040188
3.044233
3.048284
3.052331
3.056361
3.060415
3.064474
3.068453
3.072486
3.076575
3.080569
3.084581
3.088643
3.092664
3.096658
3.100691
3.104681
3.108675
3.112705
3.116713
3.120680
3.124707
3.128623
3.132640
3.136649
3.140610
3.144580
3.148579
3.152543
3.156531
3.160492
3.164462
3.168401
3.172392
3.176332
3.180296
3.184274
3.188205
3.192142
3.196124
3.200067
3.204006
3.207928
3.211895
3.215796
3.219796
3.223703
3.227597
3.231618
3.235480
3.239441
3.243345
3.247201
3.251128
3.255008
3.258969
3.262870
3.266768
3.270657
3.274570
3.278486
3.282401
3.286287
3.290131
3.294071
3.297936
3.301813
3.305699
3.309662
3.313500
3.317386
3.321233
3.325107
3.328939
3.332801
3.336717
3.340516
3.344372
3.348258
3.352075
3.355937
3.359849
3.363648
3.367504
3.371336
3.375201
3.378982
3.382805
3.386676
3.390502
3.394358
3.398124
3.401947
3.405743
3.409572
3.413317
3.417152
3.420987
3.424738
3.428531
3.432324
3.436117
3.439907
3.443607
3.447379
3.451154
3.454902
3.458665
3.462458
3.466179
3.469928
3.473696
3.477400
3.481124
3.484899
3.488635
3.492305
3.496011
3.499705
3.503393
3.507121
3.510812
3.514470
3.518176
3.521795
3.525570
3.529181
3.532860
3.536557
3.540218
3.543891
3.547555
3.551181
3.554857
3.558476
3.562143
3.565747
3.569352
3.573004
3.576611
3.580251
3.583868
3.587424
3.591031
3.594638
3.598273
3.601859
3.605478
3.608971
3.612642
3.616177
3.619772
3.623302
3.626909
3.630435
3.633976
3.637554
3.641050
3.644607
3.648136
3.651695
3.655207
3.658724
3.662229
3.665723
3.669270
3.672745
3.676239
3.679732
3.683196
3.686698
3.690182
3.693658
3.697112
3.700621
3.704015
3.707509
3.710948
3.714502
3.717863
3.721329
3.724751
3.728175
3.731573
3.734974
3.738410
3.741796
3.745169
3.748570
3.751955
3.755341
3.758735
3.762103
3.765494
3.768886
3.772229
3.775591
3.778971
3.782311
3.785637
3.788992
3.792321
3.795572
3.798969
3.802241
3.805588
3.808928
3.812182
3.815469
3.818761
3.822018
3.825317
3.828618
3.831923
3.835180
3.838493
3.841738
3.845025
3.848329
3.851544
3.854795
3.858076
3.861266
3.864493
3.867762
3.871004
3.874209
3.877454
3.880651
3.883857
3.887083
3.890298
3.893489
3.896752
3.899925
3.903097
3.906267
3.909446
3.912655
3.915872
3.919036
3.922182
3.925355
3.928489
3.931701
3.934906
3.938046
3.941222
3.944359
3.947493
3.950666
3.953839
3.956966
3.960100
3.963237
3.966353
3.969448
3.972609
3.975758
3.978837
3.982001
3.985099
3.988191
3.991295
3.994381
3.997467
4.000625
4.003735
4.006854
4.009945
4.013022
4.016067
4.019165
4.022214
4.025315
4.028407
4.031439
4.034495
4.037530
4.040637
4.043708
4.046725
4.049793
4.052801
4.055848
4.058853
4.061837
4.064896
4.067943
4.070940
4.073977
4.077000
4.079964
4.082986
4.085956
4.088966
4.091959
4.094953
4.097970
4.101008
4.103920
4.106907
4.109840
4.112821
4.115793
4.118765
4.121672
4.124682
4.127559
4.130528
4.133458
4.136448
4.139393
4.142305
4.145187
4.148085
4.151009
4.153963
4.156845
4.159745
4.162667
4.165555
4.168443
4.171352
4.174255
4.177137
4.180011
4.182905
4.185751
4.188663
4.191561
4.194461
4.197292
4.200210
4.203026
4.205947
4.208767
4.211655
4.214495
4.217362
4.220170
4.223046
4.225889
4.228706
4.231567
4.234362
4.237157
4.239998
4.242799
4.245615
4.248471
4.251269
4.254094
4.256847
4.259634
4.262450
4.265285
4.268056
4.270842
4.273637
4.276433
4.279189
4.281976
4.284771
4.287590
4.290356
4.293106
4.295856
4.298640
4.301414
4.304176
4.306951
4.309677
4.312421
4.315145
4.317913
4.320646
4.323441
4.326161
4.328873
4.331581
4.334280
4.336992
4.339743
4.342406
4.345162
4.347823
4.350519
4.353183
4.355909
4.358591
4.361281
4.363968
4.366584
4.369254
4.371950
4.374593
4.377268
4.379941
4.382586
4.385238
4.387877
4.390457
4.393153
4.395757
4.398441
4.400979
4.403639
4.406204
4.408867
4.411456
4.414087
4.416702
4.419285
4.421832
4.424408
4.426988
4.429579
4.432147
4.434721
4.437294
4.439805
4.442318
4.444838
4.447361
4.449893
4.452451
4.454959
4.457481
4.459992
4.462497
4.465011
4.467518
4.470023
4.472540
4.474997
4.477495
4.479994
4.482454
4.484925
4.487415
4.489872
4.492311
4.494792
4.497197
4.499690
4.502078
4.504502
4.506935
4.509418
4.511806
4.514221
4.516600
4.519009
4.521367
4.523784
4.526166
4.528569
4.530972
4.533321
4.535691
4.538064
4.540415
4.542776
4.545164
4.547531
4.549871
4.552253
4.554581
4.556930
4.559252
4.561576
4.563916
4.566257
4.568554
4.570870
4.573168
4.575499
4.577818
4.580122
4.582420
4.584730
4.586992
4.589302
4.591600
4.593853
4.596109
4.598422
4.600657
4.602967
4.605196
4.607479
4.609672
4.611928
4.614163
4.616419
4.618645
4.620902
4.623125
4.625366
4.627559
4.629779
4.631966
4.634168
4.636364
4.638602
4.640750
4.642950
4.645152
4.647333
4.649511
4.651683
4.653837
4.656015
4.658193
4.660345
4.662490
4.664662
4.666822
4.668970
4.671085
4.673210
4.675325
4.677476
4.679606
4.681709
4.683825
4.685913
4.688034
4.690131
4.692216
4.694302
4.696378
4.698427
4.700531
4.702610
4.704662
4.706715
4.708785
4.710816
4.712893
4.714921
4.716976
4.718971
4.721014
4.723079
4.725086
4.727139
4.729155
4.731192
4.733206
4.735225
4.737232
4.739231
4.741232
4.743225
4.745208
4.747203
4.749175
4.751170
4.753135
4.755128
4.757078
4.759065
4.761027
4.762992
4.764895
4.766821
4.768799
4.770731
4.772682
4.774617
4.776507
4.778446
4.780375
4.782281
4.784186
4.786116
4.788015
4.789921
4.791835
4.793747
4.795631
4.797522
4.799439
4.801282
4.803152
4.805021
4.806900
4.808796
4.810630
4.812481
4.814324
4.816178
4.818024
4.819849
4.821652
4.823480
4.825310
4.827138
4.828962
4.830793
4.832567
4.834337
4.836144
4.837933
4.839706
4.841510
4.843266
4.845033
4.846825
4.848608
4.850390
4.852185
4.853935
4.855702
4.857416
4.859190
4.860907
4.862689
4.864391
4.866132
4.867857
4.869547
4.871267
4.873049
4.874727
4.876444
4.878146
4.879820
4.881522
4.883224
4.884896
4.886571
4.888293
4.889917
4.891571
4.893234
4.894909
4.896577
4.898249
4.899894
4.901539
4.903172
4.904844
4.906500
4.908130
4.909736
4.911357
4.912969
4.914575
4.916184
4.917772
4.919390
4.921007
4.922592
4.924150
4.925738
4.927344
4.928914
4.930499
4.932063
4.933645
4.935161
4.936734
4.938294
4.939849
4.941408
4.942968
4.944481
4.946036
4.947516
4.949029
4.950584
4.952088
4.953589
4.955072
4.956564
4.958066
4.959569
4.961056
4.962557
4.964049
4.965529
4.967027
4.968507
4.969948
4.971416
4.972869
4.974310
4.975796
4.977249
4.978670
4.980104
4.981549
4.982984
4.984407
4.985851
4.987286
4.988727
4.990139
4.991535
4.992939
4.994306
4.995717
4.997092
4.998497
4.999861
5.001230
5.002614
5.003968
5.005349
5.006707
5.008043
5.009397
5.010760
5.012073
5.013415
5.014754
5.016081
5.017406
5.018733
5.019997
5.021315
5.022643
5.023958
5.025246
5.026544
5.027835
5.029108
5.030406
5.031651
5.032922
5.034195
5.035448
5.036703
5.037950
5.039175
5.040412
5.041653
5.042890
5.044127
5.045329
5.046554
5.047768
5.048996
5.050194
5.051384
5.052612
5.053820
5.054988
5.056204
5.057352
5.058550
5.059734
5.060893
5.062080
5.063227
5.064395
5.065552
5.066706
5.067850
5.068985
5.070136
5.071241
5.072383
5.073477
5.074570
5.075661
5.076760
5.077857
5.078957
5.080038
5.081117
5.082222
5.083325
5.084404
5.085485
5.086576
5.087630
5.088700
5.089733
5.090740
5.091780
5.092810
5.093829
5.094820
5.095836
5.096834
5.097816
5.098814
5.099809
5.100795
5.101778
5.102781
5.103794
5.104795
5.105780
5.106772
5.107758
5.108734
5.109705
5.110643
5.111598
5.112566
5.113483
5.114400
5.115329
5.116242
5.117153
5.118040
5.118939
5.119843
5.120737
5.121611
5.122501
5.123391
5.124260
5.125141
5.126012
5.126878
5.127750
5.128616
5.129485
5.130393
5.131279
5.132122
5.132972
5.133826
5.134656
5.135471
5.136283
5.137068
5.137880
5.138668
5.139456
5.140235
5.141002
5.141790
5.142560
5.143360
5.144118
5.144876
5.145631
5.146389
5.147168
5.147913
5.148681
5.149439
5.150197
5.150934
5.151677
5.152408
5.153133
5.153867
5.154607
5.155323
5.156054
5.156767
5.157474
5.158175
5.158879
5.159538
5.160201
5.160887
5.161555
5.162217
5.162888
5.163541
5.164173
5.164808
5.165431
5.166067
5.166687
5.167319
5.167933
5.168541
5.169156
5.169770
5.170390
5.171016
5.171612
5.172191
5.172763
5.173371
5.173970
5.174551
5.175148
5.175762
5.176349
5.176939
5.177524
5.178084
5.178680
5.179265
5.179828
5.180370
5.180921
5.181460
5.181994
5.182515
5.183022
5.183498
5.183968
5.184442
5.184912
5.185376
5.185847
5.186311
5.186760
5.187213
5.187668
5.188115
5.188552
5.189011
5.189451
5.189882
5.190320
5.190754
5.191174
5.191590
5.192007
5.192399
5.192791
5.193181
5.193541
5.193903
5.194272
5.194646
5.195012
5.195371
5.195719
5.196066
5.196438
5.196812
5.197187
5.197552
5.197930
5.198319
5.198715
5.199095
5.199482
5.199859
5.200228
5.200629
5.201010
5.201375
5.201747
5.202106
5.202439
5.202756
5.203059
5.203338
5.203608
5.203877
5.204123
5.204341
5.204560
5.204767
5.204965
5.205159
5.205339
5.205495
5.205645
5.205803
5.205947
5.206079
5.206205
5.206325
5.206439
5.206532
5.206615
5.206697
5.206780
5.206861
5.206927
5.206978
5.207035
5.207095
5.207137
5.207170
5.207200
5.207206
5.207211
5.207232
5.207244
5.207244
5.207244
5.207244
5.207244
5.207244
5.207244
5.207244
5.207244
5.207244
5.207244
5.207244
5.207244
5.207244
5.207244
5.207244
5.207244
5.207244
5.207244
5.207244
5.207244
5.207244
5.207244
5.207244
5.207244
5.207244
5.207244
5.207244
5.207244
5.207244
5.207244
5.207244
5.207244
5.207244
5.207244
5.207244
5.207244
5.207244
5.207244
5.207244
5.207244
5.207244
5.207244
5.207244
5.207244
5.207244
5.207244
5.207244
5.207244
5.207244
5.207244
5.207244
5.207244
5.207244
5.207244
5.207244
5.207244
5.207244
5.207244
5.207244
5.207244
5.207244
5.207244
5.207244
5.207244
5.207244
5.207244
5.207244
5.207244
5.207244
5.207244
5.207244
5.207244
5.207244
5.207244
5.207244
5.207244
5.207244
5.207244
5.207244
5.207244
5.207244
5.207244
5.207244
5.207244
5.207244
5.207244
5.207244
5.207244
5.207244
5.207244
5.207244
5.207244
5.207244
5.207244
5.207244
5.207244
5.207244
5.207244
5.207244