3.609960
3.609960
3.609960
3.609960
3.609960
3.609960
3.609960
3.609960
3.609960
3.610035
3.610209
3.610436
3.610703
3.610994
3.611377
3.611836
3.612369
3.612956
3.613624
3.614334
3.615053
3.615799
3.616611
3.617510
3.618451
3.619514
3.620656
3.621887
3.623188
3.624554
3.625989
3.627511
3.629015
3.630645
3.632287
3.634030
3.635843
3.637716
3.639690
3.641724
3.643827
3.645976
3.648259
3.650491
3.652894
3.655305
3.657855
3.660444
3.663125
3.665843
3.668626
3.671502
3.674408
3.677395
3.680433
3.683534
3.686722
3.689985
3.693316
3.696726
3.700210
3.703755
3.707329
3.710978
3.714666
3.718492
3.722348
3.726261
3.730282
3.734359
3.738488
3.742739
3.746961
3.751377
3.755718
3.760266
3.764739
3.769317
3.774033
3.778866
3.783564
3.788531
3.793481
3.798475
3.803589
3.808772
3.813968
3.819256
3.824556
3.829937
3.835509
3.841157
3.846774
3.852422
3.858204
3.864041
3.869964
3.875998
3.881987
3.888141
3.894283
3.900512
3.906857
3.913227
3.919668
3.926173
3.932776
3.939341
3.946019
3.952652
3.959378
3.966101
3.972812
3.979422
3.986139
3.992856
3.999420
4.006230
4.012816
4.019533
4.026367
4.033063
4.039849
4.046551
4.053293
4.060049
4.066820
4.073537
4.080149
4.086911
4.093614
4.100394
4.107117
4.113873
4.120614
4.127502
4.134141
4.140903
4.147626
4.154341
4.161013
4.167772
4.174525
4.181203
4.187968
4.194551
4.201403
4.208090
4.214717
4.221416
4.228112
4.234746
4.241505
4.248147
4.254810
4.261533
4.268283
4.274941
4.281676
4.288297
4.295021
4.301797
4.308389
4.315061
4.321808
4.328433
4.335111
4.341891
4.348452
4.355100
4.361778
4.368397
4.375081
4.381729
4.388344
4.394936
4.401605
4.408253
4.414856
4.421550
4.428120
4.434807
4.441330
4.447951
4.454480
4.461080
4.467659
4.474262
4.480869
4.487424
4.494040
4.500610
4.507156
4.513741
4.520390
4.526786
4.533497
4.539981
4.546479
4.553008
4.559566
4.566068
4.572644
4.579178
4.585548
4.592148
4.598712
4.605142
4.611605
4.618142
4.624622
4.631088
4.637661
4.644052
4.650494
4.656995
4.663451
4.669815
4.676343
4.682791
4.689167
4.695656
4.702050
4.708437
4.714876
4.721356
4.727753
4.734182
4.740576
4.746969
4.753423
4.759787
4.766201
4.772685
4.779024
4.785421
4.791898
4.798223
4.804656
4.811217
4.817509
4.823902
4.830341
4.836674
4.843080
4.849548
4.855966
4.862315
4.868708
4.875126
4.881474
4.887886
4.894232
4.900610
4.907010
4.913343
4.919710
4.926119
4.932449
4.938807
4.945203
4.951510
4.957859
4.964231
4.970625
4.976959
4.983346
4.989611
4.995984
5.002365
5.008573
5.014907
5.021312
5.027511
5.033881
5.040205
5.046500
5.052879
5.059258
5.065546
5.071850
5.078252
5.084454
5.090728
5.097020
5.103281
5.109558
5.115823
5.122129
5.128367
5.134650
5.140951
5.147144
5.153423
5.159727
5.165962
5.172235
5.178452
5.184693
5.190928
5.197130
5.203368
5.209620
5.215775
5.221943
5.228121
5.234407
5.240504
5.246768
5.252869
5.259031
5.265209
5.271381
5.277466
5.283638
5.289741
5.295856
5.301992
5.308113
5.314165
5.320292
5.326362
5.332516
5.338535
5.344632
5.350636
5.356730
5.362761
5.368798
5.374859
5.380938
5.386963
5.393048
5.398941
5.404960
5.410988
5.416968
5.422936
5.429007
5.434960
5.440901
5.446932
5.452909
5.458869
5.464800
5.470796
5.476647
5.482663
5.488526
5.494515
5.500474
5.506341
5.512219
5.518139
5.524003
5.530022
5.535840
5.541739
5.547591
5.553529
5.559386
5.565306
5.571274
5.577009
5.582914
5.588789
5.594635
5.600501
5.606352
5.612195
5.618028
5.623963
5.629704
5.635552
5.641427
5.647197
5.653007
5.658882
5.664673
5.670489
5.676307
5.682140
5.687857
5.693789
5.699461
5.705366
5.711148
5.716874
5.722695
5.728534
5.734290
5.740057
5.745867
5.751583
5.757360
5.763205
5.768894
5.774671
5.780444
5.786155
5.791889
5.797678
5.803388
5.809093
5.814869
5.820582
5.826323
5.832054
5.837690
5.843391
5.849141
5.854812
5.860610
5.866221
5.871913
5.877612
5.883314
5.888955
5.894648
5.900406
5.906033
5.911605
5.917367
5.922915
5.928524
5.934249
5.939870
5.945491
5.951183
5.956714
5.962337
5.968078
5.973606
5.979190
5.984868
5.990428
5.995986
6.001589
6.007218
6.012743
6.018340
6.023895
6.029479
6.035064
6.040625
6.046165
6.051758
6.057151
6.062747
6.068320
6.073782
6.079330
6.084826
6.090248
6.095839
6.101328
6.106813
6.112323
6.117827
6.123283
6.128768
6.134230
6.139677
6.145157
6.150598
6.156009
6.161500
6.166924
6.172343
6.177787
6.183219
6.188627
6.194023
6.199407
6.204791
6.210354
6.215642
6.221080
6.226512
6.231887
6.237259
6.242625
6.248024
6.253386
6.258693
6.264026
6.269490
6.274883
6.280162
0.002238
0.007697
0.012994
0.018330
0.023717
0.028987
0.034326
0.039713
0.044971
0.050307
0.055676
0.061012
0.066324
0.071672
0.076951
0.082239
0.087605
0.092869
0.098169
0.103517
0.108778
0.114165
0.119423
0.124696
0.130062
0.135260
0.140620
0.145914
0.151211
0.156487
0.161727
0.167126
0.172366
0.177621
0.182906
0.188116
0.193404
0.198743
0.203972
0.209209
0.214518
0.219773
0.225046
0.230367
0.235580
0.240841
0.246156
0.251261
0.256561
0.261774
0.267053
0.272389
0.277555
0.282831
0.288035
0.293278
0.298518
0.303773
0.308992
0.314190
0.319452
0.324674
0.329905
0.335091
0.340331
0.345514
0.350700
0.355928
0.361142
0.366301
0.371622
0.376757
0.381958
0.387126
0.392307
0.397445
0.402613
0.407826
0.412982
0.418187
0.423295
0.428502
0.433688
0.438811
0.443962
0.449169
0.454244
0.459403
0.464643
0.469677
0.474782
0.479953
0.485190
0.490227
0.495356
0.500443
0.505596
0.510633
0.515753
0.520825
0.525979
0.531045
0.536087
0.541193
0.546355
0.551391
0.556523
0.561491
0.566626
0.571698
0.576741
0.581828
0.586906
0.591913
0.596940
0.601986
0.607001
0.612022
0.617131
0.622155
0.627108
0.632138
0.637168
0.642196
0.647229
0.652247
0.657266
0.662281
0.667240
0.672261
0.677276
0.682208
0.687190
0.692194
0.697131
0.702096
0.707096
0.712055
0.717007
0.721936
0.726897
0.731874
0.736877
0.741761
0.746680
0.751648
0.756594
0.761475
0.766421
0.771275
0.776305
0.781198
0.786102
0.791019
0.795935
0.800825
0.805774
0.810721
0.815518
0.820464
0.825419
0.830225
0.835193
0.840067
0.844921
0.849780
0.854766
0.859566
0.864440
0.869360
0.874213
0.879160
0.884073
0.888921
0.893840
0.898721
0.903584
0.908440
0.913330
0.918204
0.923046
0.927974
0.932756
0.937610
0.942601
0.947404
0.952269
0.957195
0.962010
0.966833
0.971753
0.976603
0.981475
0.986284
0.991185
0.995952
1.000928
1.005665
1.010603
1.015378
1.020298
1.025089
1.029999
1.034784
1.039611
1.044479
1.049321
1.054159
1.059001
1.063888
1.068609
1.073514
1.078299
1.083125
1.088057
1.092764
1.097590
1.102432
1.107226
1.112013
1.116897
1.121693
1.126481
1.131431
1.136081
1.140988
1.145725
1.150566
1.155309
1.160139
1.164948
1.169741
1.174523
1.179293
1.184071
1.188865
1.193617
1.198402
1.203234
1.207989
1.212777
1.217510
1.222268
1.227134
1.231853
1.236595
1.241368
1.246189
1.250871
1.255650
1.260420
1.265169
1.269857
1.274696
1.279331
1.284128
1.288879
1.293604
1.298374
1.303072
1.307779
1.312506
1.317279
1.321971
1.326642
1.331393
1.336052
1.340789
1.345496
1.350197
1.354886
1.359613
1.364305
1.368979
1.373719
1.378318
1.383081
1.387707
1.392366
1.397061
1.401759
1.406364
1.411008
1.415715
1.420295
1.424909
1.429613
1.434350
1.438823
1.443545
1.448165
1.452782
1.457435
1.462069
1.466605
1.471372
1.475932
1.480516
1.485109
1.489747
1.494352
1.498921
1.503496
1.508104
1.512793
1.517326
1.521931
1.526530
1.531117
1.535689
1.540189
1.544829
1.549443
1.553973
1.558504
1.563144
1.567618
1.572234
1.576735
1.581313
1.585938
1.590495
1.594983
1.599591
1.604178
1.608672
1.613232
1.617813
1.622343
1.626889
1.631410
1.635964
1.640509
1.645108
1.649557
1.654093
1.658689
1.663249
1.667734
1.672360
1.676878
1.681408
1.685998
1.690456
1.694959
1.699546
1.704022
1.708555
1.713070
1.717576
1.722118
1.726621
1.731166
1.735711
1.740214
1.744675
1.749205
1.753778
1.758286
1.762727
1.767269
1.771811
1.776329
1.780763
1.785218
1.789832
1.794299
1.798766
1.803191
1.807772
1.812248
1.816707
1.821195
1.825698
1.830234
1.834671
1.839123
1.843656
1.848177
1.852632
1.857037
1.861573
1.866034
1.870519
1.874965
1.879375
1.883884
1.888378
1.892765
1.897181
1.901738
1.906199
1.910621
1.915070
1.919513
1.924028
1.928376
1.932876
1.937244
1.941798
1.946136
1.950570
1.954999
1.959448
1.963849
1.968313
1.972687
1.977103
1.981583
1.985951
1.990346
1.994819
1.999220
2.003568
2.007975
2.012373
2.016759
2.021190
2.025511
2.029909
2.034292
2.038697
2.043116
2.047433
2.051816
2.056128
2.060571
2.064915
2.069217
2.073586
2.077957
2.082286
2.086639
2.090930
2.095301
2.099630
2.103945
2.108283
2.112639
2.116938
2.121241
2.125579
2.129893
2.134211
2.138498
2.142779
2.147076
2.151390
2.155623
2.159887
2.164237
2.168494
2.172764
2.177012
2.181273
2.185587
2.189857
2.194069
2.198302
2.202611
2.206850
2.211075
2.215320
2.219556
2.223781
2.228044
2.232251
2.236454
2.240700
2.244906
2.249106
2.253346
2.257600
2.261747
2.265956
2.270139
2.274315
2.278582
2.282707
2.286881
2.291066
2.295234
2.299422
2.303626
2.307733
2.311916
2.316077
2.320257
2.324358
2.328544
2.332687
2.336879
2.340971
2.345151
2.349205
2.353396
2.357531
2.361641
2.365782
2.369865
2.373979
2.378117
2.382203
2.386293
2.390454
2.394565
2.398595
2.402738
2.406837
2.410914
2.415061
2.419109
2.423258
2.427348
2.431443
2.435458
2.439656
2.443649
2.447736
2.451799
2.455933
2.459975
2.464067
2.468163
2.472193
2.476267
2.480336
2.484387
2.488441
2.492488
2.496554
2.500619
2.504655
2.508751
2.512727
2.516807
2.520795
2.524890
2.528932
2.532977
2.536977
2.541045
2.545072
2.549170
2.553167
2.557161
2.561227
2.565220
2.569235
2.573241
2.577244
2.581258
2.585312
2.589309
2.593282
2.597308
2.601329
2.605338
2.609340
2.613337
2.617376
2.621306
2.625318
2.629273
2.633282
2.637249
2.641272
2.645248
2.649152
2.653137
2.657151
2.661148
2.665049
2.669055
2.672961
2.676949
2.680904
2.684850
2.688796
2.692783
2.696708
2.700654
2.704594
2.708522
2.712414
2.716392
2.720296
2.724224
2.728143
2.732035
2.735951
2.739938
2.743836
2.747758
2.751653
2.755533
2.759452
2.763340
2.767215
2.771115
2.775034
2.778926
2.782782
2.786692
2.790545
2.794443
2.798275
2.802155
2.806016
2.809926
2.813764
2.817611
2.821461
2.825344
2.829119
2.833020
2.836837
2.840678
2.844504
2.848312
2.852156
2.855997
2.859843
2.863663
2.867486
2.871289
2.875087
2.878946
2.882685
2.886508
2.890286
2.894100
2.897882
2.901669
2.905441
2.909276
2.913035
2.916820
2.920604
2.924319
2.928163
2.931875
2.935662
2.939410
2.943158
2.946903
2.950666
2.954408
2.958129
2.961886
2.965613
2.969367
2.973043
2.976870
2.980468
2.984234
2.987970
2.991691
2.995418
2.999058
3.002833
3.006497
3.010159
3.013859
3.017595
3.021283
3.024959
3.028608
3.032374
3.035982
3.039604
3.043337
3.046998
3.050674
3.054350
3.057952
3.061649
3.065316
3.068905
3.072531
3.076273
3.079844
3.083481
3.087133
3.090732
3.094327
3.097994
3.101601
3.105217
3.108858
3.112453
3.116072
3.119698
3.123326
3.126840
3.130504
3.134013
3.137641
3.141251
3.144793
3.148364
3.151989
3.155527
3.159096
3.162643
3.166217
3.169783
3.173396
3.176970
3.180532
3.184056
3.187594
3.191183
3.194737
3.198230
3.201795
3.205370
3.208854
3.212434
3.215910
3.219511
3.222992
3.226579
3.230087
3.233598
3.237152
3.240660
3.244181
3.247701
3.251215
3.254718
3.258235
3.261734
3.265270
3.268751
3.272251
3.275723
3.279234
3.282734
3.286248
3.289727
3.293205
3.296684
3.300195
3.303649
3.307089
3.310588
3.314100
3.317533
3.321008
3.324493
3.327902
3.331348
3.334829
3.338299
3.341711
3.345166
3.348638
3.352077
3.355541
3.358942
3.362384
3.365793
3.369236
3.372679
3.376070
3.379500
3.382934
3.386292
3.389708
3.393111
3.396512
3.399916
3.403310
3.406666
3.410027
3.413434
3.416798
3.420151
3.423533
3.426907
3.430260
3.433642
3.436968
3.440317
3.443703
3.447035
3.450375
3.453704
3.457015
3.460340
3.463675
3.466985
3.470338
3.473583
3.476902
3.480144
3.483518
3.486732
3.490031
3.493378
3.496565
3.499846
3.503133
3.506395
3.509673
3.512966
3.516175
3.519437
3.522715
3.525897
3.529186
3.532404
3.535640
3.538840
3.542048
3.545278
3.548454
3.551654
3.554878
3.558092
3.561313
3.564516
3.567677
3.570826
3.574025
3.577207
3.580437
3.583586
3.586708
3.589854
3.593024
3.596142
3.599372
3.602410
3.605598
3.608708
3.611836
3.614940
3.618124
3.621213
3.624362
3.627490
3.630579
3.633650
3.636766
3.639864
3.642884
3.646030
3.649074
3.652235
3.655308
3.658346
3.661378
3.664458
3.667493
3.670561
3.673650
3.676649
3.679696
3.682737
3.685727
3.688795
3.691809
3.694761
3.697766
3.700780
3.703746
3.706739
3.709771
3.712776
3.715733
3.718732
3.721647
3.724652
3.727564
3.730542
3.733482
3.736454
3.739342
3.742332
3.745220
3.748153
3.751092
3.753945
3.756866
3.759808
3.762690
3.765608
3.768463
3.771367
3.774183
3.777110
3.779986
3.782848
3.785706
3.788552
3.791347
3.794224
3.797082
3.799910
3.802762
3.805624
3.808422
3.811178
3.814018
3.816790
3.819681
3.822446
3.825239
3.828028
3.830835
3.833610
3.836399
3.839188
3.841954
3.844782
3.847526
3.850277
3.853087
3.855823
3.858606
3.861362
3.864113
3.866812
3.869589
3.872325
3.875063
3.877795
3.880501
3.883177
3.885870
3.888674
3.891383
3.894064
3.896755
3.899487
3.902127
3.904850
3.907543
3.910270
3.912969
3.915672
3.918380
3.921005
3.923668
3.926368
3.929022
3.931674
3.934394
3.937040
3.939673
3.942328
3.945006
3.947631
3.950300
3.952955
3.955579
3.958195
3.960795
3.963444
3.966092
3.968726
3.971329
3.973942
3.976534
3.979146
3.981783
3.984365
3.986987
3.989626
3.992182
3.994771
3.997350
3.999945
4.002539
4.005176
4.007710
4.010302
4.012849
4.015383
4.017942
4.020561
4.023095
4.025648
4.028198
4.030726
4.033261
4.035841
4.038360
4.040904
4.043427
4.045946
4.048448
4.050950
4.053463
4.055992
4.058527
4.060996
4.063473
4.065993
4.068459
4.070954
4.073435
4.075904
4.078421
4.080892
4.083349
4.085749
4.088289
4.090725
4.093206
4.095654
4.098093
4.100498
4.102952
4.105349
4.107794
4.110250
4.112692
4.115128
4.117558
4.119955
4.122373
4.124770
4.127157
4.129587
4.131984
4.134348
4.136784
4.139109
4.141502
4.143851
4.146275
4.148612
4.150949
4.153337
4.155671
4.158014
4.160393
4.162738
4.165114
4.167460
4.169797
4.172107
4.174429
4.176712
4.179070
4.181395
4.183720
4.186063
4.188397
4.190707
4.193040
4.195267
4.197595
4.199904
4.202227
4.204510
4.206804
4.209105
4.211382
4.213642
4.215937
4.218169
4.220469
4.222750
4.224988
4.227252
4.229487
4.231740
4.234021
4.236277
4.238512
4.240747
4.242988
4.245217
4.247452
4.249696
4.251901
4.254106
4.256317
4.258558
4.260767
4.262999
4.265189
4.267400
4.269602
4.271789
4.274015
4.276217
4.278398
4.280606
4.282803
4.284939
4.287111
4.289310
4.291467
4.293633
4.295823
4.297984
4.300126
4.302280
4.304422
4.306552
4.308682
4.310852
4.312928
4.315097
4.317242
4.319351
4.321503
4.323591
4.325709
4.327842
4.329927
4.332025
4.334128
4.336225
4.338328
4.340425
4.342532
4.344644
4.346732
4.348775
4.350840
4.352925
4.354992
4.357057
4.359124
4.361170
4.363232
4.365275
4.367276
4.369293
4.371324
4.373334
4.375354
4.377367
4.379386
4.381400
4.383431
4.385420
4.387440
4.389423
4.391397
4.393378
4.395355
4.397312
4.399292
4.401272
4.403259
4.405206
4.407142
4.409071
4.411022
4.412969
4.414863
4.416783
4.418748
4.420633
4.422565
4.424474
4.426373
4.428252
4.430172
4.432033
4.433929
4.435790
4.437663
4.439523
4.441420
4.443331
4.445210
4.447064
4.448910
4.450782
4.452643
4.454473
4.456322
4.458147
4.459971
4.461796
4.463617
4.465454
4.467273
4.469118
4.470904
4.472683
4.474481
4.476270
4.478055
4.479850
4.481615
4.483367
4.485144
4.486912
4.488674
4.490444
4.492179
4.493905
4.495654
4.497380
4.499133
4.500846
4.502602
4.504322
4.506044
4.507734
4.509448
4.511186
4.512899
4.514592
4.516261
4.517897
4.519581
4.521318
4.522972
4.524635
4.526295
4.527952
4.529621
4.531281
4.532931
4.534582
4.536227
4.537896
4.539486
4.541113
4.542725
4.544346
4.545979
4.547558
4.549185
4.550737
4.552351
4.553943
4.555569
4.557154
4.558727
4.560300
4.561870
4.563422
4.564995
4.566586
4.568129
4.569678
4.571212
4.572734
4.574283
4.575823
4.577369
4.578912
4.580425
4.581929
4.583451
4.584973
4.586477
4.587984
4.589497
4.591013
4.592490
4.593931
4.595420
4.596849
4.598356
4.599818
4.601304
4.602739
4.604219
4.605642
4.607111
4.608582
4.610014
4.611437
4.612878
4.614295
4.615694
4.617105
4.618514
4.619940
4.621351
4.622765
4.624140
4.625554
4.626938
4.628353
4.629743
4.631106
4.632514
4.633872
4.635222
4.636583
4.637970
4.639303
4.640627
4.641988
4.643327
4.644654
4.646008
4.647368
4.648690
4.650029
4.651330
4.652624
4.653939
4.655257
4.656563
4.657855
4.659143
4.660429
4.661720
4.663002
4.664258
4.665534
4.666798
4.668032
4.669306
4.670549
4.671802
4.673063
4.674309
4.675564
4.676778
4.677988
4.679225
4.680445
4.681662
4.682884
4.684079
4.685272
4.686464
4.687651
4.688822
4.689988
4.691168
4.692351
4.693532
4.694706
4.695884
4.697046
4.698212
4.699353
4.700519
4.701639
4.702790
4.703916
4.705046
4.706154
4.707266
4.708380
4.709480
4.710577
4.711670
4.712742
4.713836
4.714962
4.716050
4.717129
4.718228
4.719295
4.720386
4.721437
4.722492
4.723531
4.724604
4.725637
4.726695
4.727726
4.728775
4.729796
4.730851
4.731854
4.732903
4.733898
4.734910
4.735917
4.736951
4.737951
4.738979
4.739977
4.740980
4.741969
4.742964
4.743937
4.744899
4.745879
4.746838
4.747814
4.748767
4.749735
4.750679
4.751631
4.752569
4.753486
4.754426
4.755364
4.756293
4.757222
4.758142
4.759089
4.760017
4.760943
4.761854
4.762774
4.763684
4.764589
4.765494
4.766381
4.767280
4.768148
4.769009
4.769895
4.770752
4.771594
4.772427
4.773281
4.774132
4.774952
4.775797
4.776642
4.777478
4.778323
4.779117
4.779938
4.780747
4.781562
4.782371
4.783165
4.783968
4.784768
4.785564
4.786365
4.787161
4.787971
4.788758
4.789552
4.790325
4.791080
4.791838
4.792593
4.793339
4.794086
4.794807
4.795533
4.796273
4.796974
4.797675
4.798382
4.799101
4.799808
4.800509
4.801201
4.801884
4.802561
4.803236
4.803934
4.804614
4.805285
4.805953
4.806627
4.807319
4.807990
4.808658
4.809318
4.809979
4.810654
4.811319
4.811963
4.812619
4.813251
4.813869
4.814474
4.815076
4.815663
4.816262
4.816858
4.817430
4.817997
4.818557
4.819120
4.819681
4.820226
4.820762
4.821278
4.821823
4.822350
4.822877
4.823396
4.823938
4.824453
4.824948
4.825460
4.825954
4.826458
4.826937
4.827432
4.827920
4.828399
4.828885
4.829370
4.829870
4.830362
4.830862
4.831332
4.831845
4.832330
4.832824
4.833298
4.833789
4.834278
4.834751
4.835209
4.835638
4.836063
4.836468
4.836881
4.837276
4.837681
4.838065
4.838436
4.838799
4.839161
4.839515
4.839850
4.840189
4.840512
4.840836
4.841142
4.841453
4.841768
4.842079
4.842385
4.842679
4.842954
4.843236
4.843535
4.843811
4.844099
4.844395
4.844671
4.844946
4.845207
4.845465
4.845719
4.845971
4.846220
4.846466
4.846702
4.846954
4.847188
4.847412
4.847631
4.847829
4.848014
4.848218
4.848425
4.848614
4.848784
4.848961
4.849129
4.849303
4.849473
4.849632
4.849779
4.849944
4.850109
4.850265
4.850408
4.850582
4.850747
4.850912
4.851073
4.851235
4.851394
4.851559
4.851738
4.851918
4.852089
4.852275
4.852455
4.852649
4.852844
4.853051
4.853240
4.853455
4.853671
4.853878
4.854084
4.854300
4.854516
4.854729
4.854929
4.855130
4.855316
4.855507
4.855702
4.855888
4.856068
4.856254
4.856421
4.856583
4.856742
4.856892
4.857029
4.857176
4.857314
4.857431
4.857518
4.857608
4.857695
4.857767
4.857821
4.857856
4.857869
4.857874
4.857893
4.857902
4.857902
4.857902
4.857902
4.857902
4.857902
4.857902
4.857902
4.857902
4.857902
4.857902
4.857902
4.857844
4.857788
4.857725
4.857668
4.857602
4.857530
4.857476
4.857416
4.857356
4.857290
4.857239
4.857194
4.857137
4.857083
4.857033
4.856964
4.856916
4.856865
4.856814
4.856757
4.856715
4.856679
4.856643
4.856601
4.856565
4.856523
4.856493
4.856478
4.856457
4.856427
4.856412
4.856394
4.856382
4.856364
4.856340
4.856317
4.856310
4.856308
4.856298
4.856284
4.856284
4.856284
4.856284
4.856284
4.856284
4.856284
4.856284
4.856284
4.856284
4.856284
4.856284
4.856284
4.856284
4.856284
4.856284
4.856284
4.856284
4.856284
4.856284
4.856284
4.856284
4.856284
4.856284
4.856284
4.856284
4.856284
4.856284
4.856284
4.856284
4.856284
4.856284
4.856284
4.856284
4.856284
4.856284
4.856284
4.856284
4.856284
4.856284
4.856284
4.856284
4.856284
4.856284
4.856284
4.856284
4.856284
4.856284
4.856284
4.856284
4.856284
4.856284
4.856284
4.856284
4.856284
4.856284
4.856284
4.856284
4.856284
4.856284
4.856284
4.856284
4.856284
4.856284
4.856284
4.856284
4.856284
4.856284
4.856284
4.856284
4.856284
4.856284
4.856284
4.856284
4.856284
4.856284
4.856284
4.856284
4.856284
4.856284
4.856284
4.856284
4.856284
4.856284
4.856284
4.856284
4.856284
4.856284
4.856284
4.856284
4.856284
4.856284
4.856284
4.856284
4.856284
4.856284
4.856284
4.856284
4.856284
4.856284