4.856268
4.856268
4.856268
4.856268
4.856268
4.856268
4.856268
4.856268
4.856268
4.856268
4.856268
4.856394
4.856670
4.856997
4.857365
4.857776
4.858237
4.858800
4.859429
4.860118
4.860858
4.861647
4.862536
4.863507
4.864523
4.865616
4.866788
4.868037
4.869338
4.870671
4.872079
4.873604
4.875237
4.876878
4.878613
4.880375
4.882205
4.884141
4.886187
4.888230
4.890361
4.892578
4.894870
4.897245
4.899678
4.902195
4.904769
4.907465
4.910120
4.912954
4.915812
4.918739
4.921756
4.924857
4.927994
4.931191
4.934451
4.937800
4.941282
4.944781
4.948364
4.951962
4.955678
4.959516
4.963288
4.967276
4.971189
4.975305
4.979452
4.983559
4.987882
4.992218
4.996652
5.001101
5.005778
5.010320
5.014994
5.019775
5.024614
5.029545
5.034537
5.039558
5.044721
5.049916
5.055153
5.060456
5.065866
5.071311
5.076940
5.082549
5.088229
5.093991
5.099818
5.105750
5.111745
5.117833
5.123885
5.130171
5.136367
5.142739
5.149148
5.155659
5.162220
5.168763
5.175525
5.182191
5.189023
5.195871
5.202646
5.209438
5.216305
5.223172
5.230015
5.236878
5.243919
5.250696
5.257593
5.264400
5.271258
5.278134
5.285070
5.291943
5.298747
5.305587
5.312343
5.319318
5.326110
5.332878
5.339835
5.346669
5.353494
5.360337
5.367102
5.373909
5.380758
5.387517
5.394289
5.401110
5.407986
5.414661
5.421486
5.428135
5.434999
5.441737
5.448376
5.455105
5.461864
5.468594
5.475251
5.481935
5.488643
5.495360
5.502167
5.508812
5.515449
5.522172
5.528787
5.535436
5.542186
5.548822
5.555509
5.562179
5.568785
5.575421
5.582153
5.588771
5.595428
5.602128
5.608770
5.615344
5.622022
5.628649
5.635303
5.641945
5.648525
5.655095
5.661803
5.668365
5.674884
5.681553
5.688190
5.694739
5.701354
5.707859
5.714519
5.721062
5.727609
5.734113
5.740782
5.747326
5.753938
5.760430
5.766956
5.773577
5.780052
5.786730
5.793165
5.799751
5.806258
5.812871
5.819348
5.825915
5.832369
5.838966
5.845423
5.851975
5.858464
5.865047
5.871455
5.878062
5.884440
5.891031
5.897548
5.904001
5.910422
5.917037
5.923452
5.929917
5.936389
5.942836
5.949287
5.955719
5.962194
5.968632
5.975104
5.981417
5.987894
5.994318
6.000747
6.007143
6.013564
6.019889
6.026294
6.032703
6.039040
6.045451
6.051848
6.058071
6.064509
6.070867
6.077174
6.083522
6.089883
6.096187
6.102523
6.108917
6.115125
6.121449
6.127837
6.134021
6.140304
6.146637
6.152902
6.159179
6.165488
6.171663
6.177934
6.184181
6.190464
6.196653
6.202912
6.209141
6.215456
6.221607
6.227830
6.234023
6.240240
6.246475
6.252688
6.258857
6.264996
6.271210
6.277355
0.000366
0.006549
0.012679
0.018854
0.025053
0.031198
0.037409
0.043527
0.049714
0.055873
0.061976
0.068091
0.074290
0.080450
0.086499
0.092593
0.098861
0.104853
0.111088
0.117254
0.123464
0.129457
0.135715
0.141752
0.147879
0.154039
0.160139
0.166272
0.172390
0.178490
0.184620
0.190822
0.196847
0.202920
0.209152
0.215123
0.221322
0.227389
0.233519
0.239541
0.245719
0.251798
0.257907
0.264036
0.270097
0.276227
0.282255
0.288358
0.294452
0.300555
0.306610
0.312689
0.318816
0.324793
0.330932
0.336957
0.343102
0.349017
0.355218
0.361145
0.367343
0.373321
0.379331
0.385371
0.391423
0.397394
0.403413
0.409480
0.415523
0.421566
0.427615
0.433619
0.439635
0.445705
0.451638
0.457714
0.463745
0.469659
0.475639
0.481667
0.487632
0.493639
0.499697
0.505495
0.511535
0.517473
0.523408
0.529478
0.535374
0.541333
0.547287
0.553243
0.559160
0.565110
0.571093
0.576972
0.582865
0.588830
0.594636
0.600646
0.606534
0.612412
0.618296
0.624144
0.630023
0.635949
0.641803
0.647675
0.653593
0.659456
0.665286
0.671203
0.677004
0.682846
0.688658
0.694534
0.700343
0.706191
0.712013
0.717843
0.723703
0.729507
0.735295
0.741116
0.746986
0.752726
0.758515
0.764345
0.770061
0.775949
0.781680
0.787477
0.793272
0.799087
0.804855
0.810544
0.816431
0.822154
0.827951
0.833742
0.839486
0.845259
0.851006
0.856836
0.862496
0.868299
0.874072
0.879810
0.885616
0.891351
0.897133
0.902892
0.908629
0.914324
0.920212
0.925865
0.931666
0.937424
0.943215
0.948875
0.954645
0.960461
0.966117
0.971891
0.977661
0.983458
0.989160
0.994888
1.000635
1.006387
1.012071
1.017859
1.023609
1.029313
1.035095
1.040905
1.046504
1.052326
1.058069
1.063762
1.069448
1.075198
1.080875
1.086652
1.092359
1.098094
1.103783
1.109545
1.115249
1.121052
1.126730
1.132458
1.138166
1.143888
1.149491
1.155261
1.161017
1.166628
1.172339
1.178070
1.183808
1.189503
1.195205
1.200795
1.206611
1.212300
1.217963
1.223631
1.229330
1.235010
1.240739
1.246356
1.252031
1.257723
1.263440
1.269022
1.274705
1.280398
1.286021
1.291660
1.297409
1.302973
1.308608
1.314292
1.319937
1.325548
1.331223
1.336825
1.342446
1.348108
1.353714
1.359350
1.364955
1.370618
1.376155
1.381814
1.387375
1.392980
1.398601
1.404183
1.409806
1.415436
1.420985
1.426602
1.432145
1.437721
1.443386
1.448911
1.454456
1.460059
1.465599
1.471216
1.476765
1.482329
1.487821
1.493456
1.498966
1.504500
1.510054
1.515615
1.521104
1.526661
1.532207
1.537711
1.543203
1.548682
1.554240
1.559744
1.565275
1.570763
1.576276
1.581906
1.587353
1.592838
1.598348
1.603849
1.609341
1.614880
1.620414
1.625897
1.631407
1.636832
1.642381
1.647894
1.653359
1.658904
1.664381
1.669828
1.675314
1.680833
1.686303
1.691855
1.697362
1.702821
1.708321
1.713807
1.719296
1.724764
1.730288
1.735753
1.741197
1.746719
1.752252
1.757624
1.763182
1.768653
1.774154
1.779594
1.785074
1.790554
1.796064
1.801589
1.807026
1.812494
1.817992
1.823475
1.828859
1.834368
1.839863
1.845289
1.850772
1.856222
1.861668
1.867136
1.872598
1.878123
1.883438
1.888909
1.894430
1.899838
1.905306
1.910768
1.916194
1.921587
1.927027
1.932408
1.937954
1.943395
1.948797
1.954241
1.959612
1.965047
1.970428
1.975854
1.981295
1.986802
1.992108
1.997513
2.002933
2.008355
2.013733
2.019177
2.024492
2.029894
2.035347
2.040683
2.046046
2.051466
2.056844
2.062233
2.067564
2.072938
2.078364
2.083772
2.089030
2.094411
2.099762
2.105029
2.110413
2.115779
2.121175
2.126400
2.131823
2.137126
2.142456
2.147762
2.153041
2.158365
2.163677
2.169001
2.174250
2.179613
2.184826
2.190123
2.195480
2.200651
2.205972
2.211176
2.216545
2.221792
2.226995
2.232260
2.237500
2.242755
2.247980
2.253178
2.258415
2.263613
2.268872
2.274121
2.279280
2.284532
2.289697
2.294928
2.300129
2.305300
2.310487
2.315679
2.320871
2.326036
2.331243
2.336457
2.341592
2.346742
2.351889
2.357051
2.362184
2.367355
2.372493
2.377676
2.382886
2.387950
2.393181
2.398265
2.403382
2.408506
2.413626
2.418806
2.423938
2.429076
2.434197
2.439353
2.444458
2.449543
2.454624
2.459864
2.464906
2.470036
2.475147
2.480246
2.485426
2.490496
2.495547
2.500700
2.505805
2.510857
2.515974
2.521103
2.526140
2.531251
2.536332
2.541363
2.546507
2.551606
2.556610
2.561706
2.566859
2.571809
2.576926
2.582016
2.587089
2.592137
2.597161
2.602237
2.607261
2.612357
2.617370
2.622433
2.627526
2.632563
2.637587
2.642656
2.647723
2.652738
2.657780
2.662784
2.667778
2.672881
2.677836
2.682848
2.687945
2.692924
2.697997
2.703033
2.707976
2.712995
2.717998
2.723008
2.728026
2.733047
2.738018
2.743024
2.748028
2.752959
2.757998
2.762963
2.767859
2.772841
2.777865
2.782818
2.787791
2.792819
2.797705
2.802688
2.807640
2.812623
2.817527
2.822510
2.827432
2.832364
2.837343
2.842212
2.847203
2.852036
2.857066
2.861920
2.866857
2.871741
2.876654
2.881646
2.886487
2.891425
2.896294
2.901183
2.906049
2.910956
2.915795
2.920628
2.925529
2.930419
2.935284
2.940258
2.944988
2.949851
2.954729
2.959582
2.964406
2.969239
2.974101
2.978922
2.983796
2.988611
2.993402
2.998216
3.003025
3.007846
3.012666
3.017433
3.022245
3.027125
3.031838
3.036617
3.041420
3.046183
3.050965
3.055762
3.060507
3.065283
3.070113
3.074814
3.079559
3.084293
3.089003
3.093830
3.098560
3.103270
3.107977
3.112708
3.117492
3.122145
3.126942
3.131613
3.136287
3.141122
3.145718
3.150440
3.155180
3.159836
3.164557
3.169261
3.173947
3.178606
3.183307
3.187921
3.192633
3.197310
3.201993
3.206664
3.211380
3.216000
3.220716
3.225386
3.229988
3.234656
3.239375
3.244007
3.248615
3.253316
3.257974
3.262543
3.267289
3.271861
3.276490
3.281116
3.285772
3.290422
3.295000
3.299689
3.304266
3.308908
3.313500
3.318078
3.322698
3.327315
3.331926
3.336567
3.341169
3.345684
3.350394
3.354939
3.359484
3.364086
3.368652
3.373257
3.377820
3.382365
3.386931
3.391536
3.396048
3.400605
3.405198
3.409728
3.414249
3.418887
3.423426
3.427998
3.432510
3.437070
3.441567
3.446112
3.450669
3.455169
3.459636
3.464172
3.468708
3.473229
3.477696
3.482217
3.486711
3.491241
3.495775
3.500206
3.504682
3.509218
3.513640
3.518110
3.522583
3.527056
3.531476
3.535946
3.540428
3.544874
3.549263
3.553655
3.558125
3.562602
3.566946
3.571350
3.575793
3.580242
3.584631
3.589042
3.593416
3.597829
3.602233
3.606580
3.610940
3.615353
3.619748
3.624027
3.628458
3.632703
3.637113
3.641449
3.645742
3.650068
3.654467
3.658757
3.663068
3.667415
3.671700
3.676026
3.680331
3.684649
3.688849
3.693187
3.697439
3.701687
3.705948
3.710301
3.714499
3.718762
3.722995
3.727208
3.731474
3.735687
3.739923
3.744249
3.748342
3.752581
3.756812
3.760991
3.765156
3.769416
3.773626
3.777754
3.781988
3.786140
3.790317
3.794496
3.798679
3.802867
3.807017
3.811151
3.815286
3.819477
3.823630
3.827744
3.831926
3.836015
3.840120
3.844243
3.848326
3.852434
3.856565
3.860637
3.864748
3.868834
3.872921
3.877028
3.881124
3.885175
3.889235
3.893330
3.897417
3.901417
3.905551
3.909560
3.913637
3.917667
3.921748
3.925690
3.929810
3.933789
3.937798
3.941878
3.945839
3.949863
3.953904
3.957895
3.961850
3.965919
3.969879
3.973858
3.977867
3.981852
3.985839
3.989845
3.993770
3.997752
4.001817
4.005757
4.009706
4.013649
4.017624
4.021690
4.025597
4.029558
4.033462
4.037446
4.041395
4.045317
4.049266
4.053119
4.057062
4.061025
4.064944
4.068902
4.072809
4.076752
4.080688
4.084592
4.088475
4.092376
4.096322
4.100202
4.104034
4.107983
4.111847
4.115767
4.119700
4.123532
4.127412
4.131271
4.135211
4.139070
4.142926
4.146781
4.150692
4.154508
4.158421
4.162244
4.166097
4.169935
4.173800
4.177653
4.181464
4.185314
4.189229
4.193011
4.196897
4.200698
4.204497
4.208386
4.212155
4.216014
4.219715
4.223609
4.227381
4.231193
4.234973
4.238745
4.242536
4.246352
4.250113
4.253881
4.257657
4.261518
4.265177
4.269030
4.272789
4.276550
4.280283
4.284046
4.287815
4.291599
4.295263
4.298984
4.302762
4.306567
4.310235
4.313959
4.317647
4.321410
4.325149
4.328873
4.332558
4.336318
4.340012
4.343727
4.347460
4.351119
4.354780
4.358501
4.362162
4.365865
4.369574
4.373223
4.376938
4.380561
4.384258
4.387925
4.391643
4.395208
4.398902
4.402546
4.406141
4.409778
4.413422
4.417109
4.420669
4.424291
4.427931
4.431560
4.435194
4.438756
4.442316
4.446019
4.449521
4.453191
4.456717
4.460322
4.463908
4.467491
4.471072
4.474601
4.478190
4.481726
4.485258
4.488892
4.492356
4.495888
4.499444
4.502947
4.506476
4.510050
4.513535
4.517025
4.520566
4.524039
4.527553
4.531071
4.534513
4.537961
4.541446
4.544912
4.548385
4.551869
4.555312
4.558751
4.562194
4.565633
4.569076
4.572509
4.575931
4.579307
4.582726
4.586126
4.589530
4.592951
4.596328
4.599719
4.603096
4.606463
4.609858
4.613253
4.616584
4.619957
4.623355
4.626711
4.630064
4.633455
4.636754
4.640097
4.643495
4.646838
4.650110
4.653430
4.656770
4.660102
4.663427
4.666732
4.670070
4.673371
4.676616
4.679918
4.683228
4.686539
4.689793
4.693077
4.696327
4.699578
4.702856
4.706094
4.709339
4.712596
4.715831
4.719043
4.722309
4.725536
4.728807
4.732046
4.735318
4.738563
4.741753
4.744956
4.748201
4.751425
4.754678
4.757899
4.761099
4.764277
4.767466
4.770641
4.773880
4.777080
4.780273
4.783416
4.786631
4.789813
4.793022
4.796204
4.799379
4.802519
4.805692
4.808829
4.811987
4.815202
4.818300
4.821455
4.824630
4.827722
4.830904
4.834035
4.837166
4.840272
4.843356
4.846489
4.849602
4.852727
4.855831
4.858875
4.861970
4.865053
4.868142
4.871255
4.874293
4.877349
4.880390
4.883452
4.886502
4.889558
4.892593
4.895604
4.898672
4.901707
4.904802
4.907843
4.910836
4.913928
4.916921
4.919908
4.922907
4.925933
4.928917
4.931898
4.934906
4.937887
4.940886
4.943867
4.946842
4.949814
4.952763
4.955738
4.958701
4.961685
4.964606
4.967560
4.970517
4.973423
4.976366
4.979301
4.982241
4.985192
4.988134
4.991037
4.993943
4.996880
4.999798
5.002734
5.005688
5.008558
5.011422
5.014307
5.017226
5.020105
5.023008
5.025857
5.028722
5.031595
5.034456
5.037320
5.040184
5.043031
5.045853
5.048708
5.051528
5.054377
5.057268
5.060075
5.062945
5.065747
5.068542
5.071383
5.074220
5.077027
5.079846
5.082660
5.085431
5.088283
5.091036
5.093826
5.096597
5.099396
5.102146
5.104899
5.107653
5.110415
5.113204
5.115919
5.118708
5.121419
5.124176
5.126861
5.129596
5.132370
5.135103
5.137826
5.140574
5.143270
5.145975
5.148678
5.151353
5.154053
5.156764
5.159410
5.162073
5.164763
5.167427
5.170073
5.172757
5.175438
5.178063
5.180717
5.183342
5.185985
5.188621
5.191246
5.193858
5.196495
5.199107
5.201720
5.204285
5.206876
5.209453
5.212098
5.214687
5.217246
5.219828
5.222395
5.224954
5.227519
5.230078
5.232606
5.235186
5.237685
5.240186
5.242742
5.245279
5.247832
5.250346
5.252832
5.255319
5.257812
5.260317
5.262806
5.265302
5.267789
5.270269
5.272789
5.275201
5.277649
5.280115
5.282547
5.285016
5.287461
5.289909
5.292324
5.294789
5.297174
5.299586
5.302025
5.304419
5.306828
5.309242
5.311651
5.314015
5.316406
5.318797
5.321173
5.323578
5.325954
5.328270
5.330622
5.332968
5.335368
5.337705
5.340036
5.342430
5.344764
5.347083
5.349401
5.351729
5.353992
5.356277
5.358656
5.360900
5.363225
5.365532
5.367758
5.370047
5.372369
5.374583
5.376848
5.379125
5.381402
5.383682
5.385947
5.388206
5.390414
5.392671
5.394891
5.397102
5.399340
5.401551
5.403786
5.405997
5.408190
5.410416
5.412606
5.414790
5.416954
5.419177
5.421307
5.423518
5.425663
5.427811
5.430031
5.432191
5.434319
5.436458
5.438603
5.440745
5.442878
5.445077
5.447163
5.449275
5.451411
5.453526
5.455654
5.457778
5.459863
5.461972
5.464057
5.466140
5.468222
5.470292
5.472330
5.474406
5.476512
5.478540
5.480623
5.482648
5.484688
5.486738
5.488811
5.490809
5.492841
5.494893
5.496915
5.498938
5.500984
5.502955
5.504909
5.506925
5.508914
5.510898
5.512908
5.514889
5.516872
5.518844
5.520809
5.522768
5.524722
5.526684
5.528623
5.530531
5.532478
5.534426
5.536370
5.538276
5.540214
5.542126
5.544037
5.545967
5.547902
5.549775
5.551683
5.553616
5.555512
5.557433
5.559290
5.561169
5.563044
5.564920
5.566772
5.568626
5.570487
5.572332
5.574232
5.576035
5.577896
5.579738
5.581572
5.583415
5.585239
5.587067
5.588882
5.590755
5.592579
5.594401
5.596199
5.598002
5.599785
5.601604
5.603392
5.605178
5.606943
5.608719
5.610520
5.612281
5.614088
5.615835
5.617611
5.619355
5.621090
5.622821
5.624553
5.626318
5.628053
5.629797
5.631525
5.633242
5.634943
5.636693
5.638425
5.640103
5.641819
5.643554
5.645205
5.646910
5.648660
5.650331
5.651994
5.653705
5.655350
5.656991
5.658672
5.660332
5.661998
5.663682
5.665327
5.666965
5.668631
5.670246
5.671921
5.673515
5.675154
5.676754
5.678380
5.679977
5.681598
5.683216
5.684822
5.686455
5.688046
5.689625
5.691192
5.692791
5.694376
5.695920
5.697528
5.699050
5.700599
5.702190
5.703748
5.705306
5.706861
5.708419
5.709965
5.711499
5.712982
5.714507
5.716038
5.717554
5.719064
5.720592
5.722075
5.723612
5.725116
5.726623
5.728115
5.729613
5.731108
5.732600
5.734077
5.735539
5.737001
5.738499
5.739955
5.741391
5.742862
5.744297
5.745756
5.747224
5.748674
5.750109
5.751550
5.752985
5.754402
5.755840
5.757227
5.758612
5.760050
5.761449
5.762872
5.764268
5.765649
5.767028
5.768418
5.769826
5.771195
5.772592
5.773954
5.775342
5.776705
5.778062
5.779426
5.780795
5.782137
5.783479
5.784842
5.786151
5.787452
5.788806
5.790112
5.791442
5.792761
5.794097
5.795382
5.796713
5.798004
5.799295
5.800620
5.801920
5.803211
5.804487
5.805755
5.807025
5.808295
5.809557
5.810821
5.812061
5.813302
5.814563
5.815822
5.817071
5.818296
5.819551
5.820792
5.822035
5.823255
5.824462
5.825691
5.826907
5.828117
5.829337
5.830547
5.831730
5.832923
5.834118
5.835299
5.836467
5.837639
5.838822
5.840000
5.841141
5.842309
5.843460
5.844629
5.845758
5.846930
5.848080
5.849230
5.850390
5.851534
5.852646
5.853757
5.854890
5.856010
5.857128
5.858249
5.859321
5.860427
5.861515
5.862587
5.863657
5.864717
5.865802
5.866892
5.868007
5.869085
5.870176
5.871236
5.872312
5.873403
5.874451
5.875530
5.876582
5.877630
5.878679
5.879704
5.880713
5.881738
5.882771
5.883787
5.884767
5.885767
5.886792
5.887793
5.888784
5.889803
5.890819
5.891826
5.892823
5.893836
5.894813
5.895816
5.896802
5.897799
5.898777
5.899753
5.900697
5.901665
5.902611
5.903585
5.904514
5.905455
5.906398
5.907345
5.908259
5.909203
5.910099
5.911021
5.911977
5.912888
5.913811
5.914733
5.915686
5.916615
5.917529
5.918467
5.919353
5.920273
5.921163
5.922077
5.922939
5.923817
5.924698
5.925594
5.926466
5.927341
5.928171
5.929018
5.929884
5.930732
5.931568
5.932401
5.933243
5.934091
5.934927
5.935769
5.936604
5.937449
5.938330
5.939187
5.940008
5.940847
5.941704
5.942516
5.943327
5.944125
5.944912
5.945694
5.946486
5.947268
5.948038
5.948828
5.949601
5.950380
5.951135
5.951900
5.952640
5.953401
5.954167
5.954914
5.955645
5.956385
5.957146
5.957903
5.958634
5.959381
5.960112
5.960876
5.961639
5.962398
5.963143
5.963902
5.964644
5.965375
5.966086
5.966781
5.967443
5.968135
5.968821
5.969501
5.970172
5.970855
5.971545
5.972213
5.972890
5.973543
5.974190
5.974831
5.975478
5.976147
5.976782
5.977438
5.978082
5.978723
5.979361
5.980005
5.980628
5.981261
5.981902
5.982531
5.983145
5.983771
5.984404
5.985060
5.985680
5.986306
5.986923
5.987558
5.988182
5.988784
5.989362
5.989952
5.990549
5.991136
5.991717
5.992298
5.992849
5.993401
5.993940
5.994488
5.995016
5.995558
5.996094
5.996627
5.997155
5.997685
5.998191
5.998710
5.999249
5.999767
6.000274
6.000789
6.001298
6.001805
6.002317
6.002809
6.003285
6.003785
6.004267
6.004744
6.005214
6.005705
6.006197
6.006682
6.007180
6.007680
6.008162
6.008657
6.009163
6.009669
6.010161
6.010655
6.011161
6.011650
6.012123
6.012581
6.013016
6.013471
6.013909
6.014325
6.014739
6.015149
6.015551
6.015952
6.016366
6.016752
6.017132
6.017504
6.017897
6.018295
6.018675
6.019062
6.019448
6.019826
6.020195
6.020548
6.020881
6.021231
6.021570
6.021911
6.022223
6.022537
6.022870
6.023190
6.023493
6.023805
6.024089
6.024389
6.024673
6.024955
6.025222
6.025483
6.025752
6.026022
6.026289
6.026549
6.026789
6.027047
6.027298
6.027541
6.027774
6.028029
6.028284
6.028542
6.028793
6.029060
6.029312
6.029575
6.029860
6.030138
6.030411
6.030693
6.030986
6.031283
6.031582
6.031882
6.032164
6.032464
6.032772
6.033065
6.033350
6.033650
6.033937
6.034213
6.034482
6.034750
6.034992
6.035250
6.035483
6.035711
6.035921
6.036137
6.036343
6.036535
6.036721
6.036901
6.037062
6.037221
6.037377
6.037515
6.037632
6.037757
6.037877
6.037964
6.038060
6.038144
6.038213
6.038270
6.038344
6.038414
6.038455
6.038518
6.038579
6.038620
6.038662
6.038689
6.038692
6.038713
6.038728
6.038728
6.038728
6.038728
6.038728
6.038728
6.038728
6.038728
6.038728
6.038728
6.038728
6.038728
6.038728
6.038728
6.038728
6.038728
6.038728
6.038704
6.038635
6.038575
6.038521
6.038461
6.038383
6.038321
6.038258
6.038183
6.038105
6.038030
6.037937
6.037838
6.037760
6.037671
6.037560
6.037458
6.037350
6.037230
6.037107
6.036982
6.036835
6.036700
6.036562
6.036415
6.036253
6.036109
6.035966
6.035816
6.035651
6.035492
6.035313
6.035151
6.034986
6.034821
6.034636
6.034474
6.034315
6.034168
6.034012
6.033865
6.033704
6.033560
6.033431
6.033299
6.033158
6.033041
6.032922
6.032799
6.032682
6.032565
6.032427
6.032310
6.032203
6.032098
6.031996
6.031918
6.031843
6.031783
6.031720
6.031663
6.031610
6.031559
6.031523
6.031502
6.031469
6.031466
6.031463
6.031456
6.031456
6.031456
6.031456
6.031456
6.031456
6.031456
6.031456
6.031456
6.031456
6.031456
6.031456
6.031484
6.031531
6.031607
6.031675
6.031741
6.031783
6.031855
6.031915
6.031984
6.032053
6.032116
6.032167
6.032218
6.032296
6.032371
6.032424
6.032493
6.032559
6.032613
6.032667
6.032721
6.032748
6.032793
6.032841
6.032883
6.032910
6.032948
6.032985
6.033023
6.033053
6.033092
6.033113
6.033144
6.033174
6.033200
6.033212
6.033230
6.033251
6.033263
6.033266
6.033275
6.033275
6.033275
6.033275
6.033275
6.033275
6.033275
6.033275
6.033278
6.033278
6.033278
6.033278
6.033278
6.033278
6.033278
6.033278
6.033278
6.033278
6.033278
6.033278
6.033278
6.033278
6.033278
6.033278
6.033278
6.033278
6.033278
6.033278
6.033278
6.033278
6.033278
6.033278
6.033278
6.033278
6.033278
6.033278
6.033278
6.033278
6.033278
6.033278
6.033278
6.033278
6.033278
6.033278
6.033278
6.033278
6.033278
6.033278
6.033278
6.033278
6.033278
6.033278
6.033278
6.033278
6.033278
6.033278
6.033278
6.033278
6.033278
6.033278
6.033278
6.033278
6.033278
6.033278
6.033278
6.033278
6.033278
6.033278
6.033278
6.033278
6.033278
6.033278
6.033278
6.033278
6.033278
6.033278
6.033278
6.033278
6.033278
6.033278
6.033278
6.033278
6.033278
6.033278
6.033278
6.033278
6.033278
6.033278
6.033278
6.033278
6.033278
6.033278
6.033278
6.033278
6.033278
6.033278
6.033278
6.033278
6.033278
6.033278
6.033278
6.033278
6.033278
6.033278
6.033278
6.033278
6.033278
6.033278