0.835288
0.835288
0.835288
0.835288
0.835288
0.835288
0.835288
0.835288
0.835288
0.835288
0.835288
0.835288
0.835288
0.835288
0.835330
0.835498
0.835660
0.835858
0.836094
0.836376
0.836679
0.837032
0.837431
0.837874
0.838332
0.838812
0.839357
0.839959
0.840615
0.841311
0.842048
0.842860
0.843683
0.844531
0.845418
0.846335
0.847279
0.848294
0.849322
0.850392
0.851512
0.852681
0.853876
0.855095
0.856372
0.857669
0.858993
0.860380
0.861789
0.863278
0.864812
0.866379
0.867972
0.869614
0.871259
0.872934
0.874675
0.876439
0.878300
0.880166
0.882057
0.884001
0.886027
0.888025
0.890068
0.892199
0.894311
0.896495
0.898739
0.901010
0.903308
0.905669
0.908063
0.910489
0.912988
0.915475
0.918007
0.920601
0.923190
0.925832
0.928607
0.931384
0.934179
0.937070
0.939929
0.942808
0.945753
0.948728
0.951820
0.954840
0.957965
0.961132
0.964323
0.967537
0.970809
0.974102
0.977451
0.980927
0.984375
0.987854
0.991365
0.994885
0.998475
1.002127
1.005803
1.009530
1.013287
1.017089
1.020864
1.024726
1.028615
1.032345
1.036231
1.040015
1.043940
1.047832
1.051628
1.055514
1.059432
1.063294
1.067147
1.071018
1.074823
1.078715
1.082559
1.086415
1.090283
1.094124
1.097998
1.101848
1.105671
1.109511
1.113373
1.117247
1.121100
1.124920
1.128791
1.132647
1.136548
1.140344
1.144269
1.148065
1.151963
1.155777
1.159597
1.163462
1.167287
1.171113
1.174966
1.178783
1.182603
1.186471
1.190300
1.194093
1.197943
1.201715
1.205523
1.209358
1.213127
1.216968
1.220785
1.224575
1.228338
1.232155
1.235978
1.239696
1.243579
1.247288
1.251099
1.254880
1.258640
1.262364
1.266154
1.269917
1.273710
1.277444
1.281183
1.284904
1.288709
1.292400
1.296127
1.299896
1.303641
1.307368
1.311098
1.314798
1.318495
1.322271
1.325884
1.329662
1.333362
1.337044
1.340759
1.344468
1.348156
1.351869
1.355539
1.359212
1.362873
1.366648
1.370249
1.373955
1.377647
1.381287
1.384948
1.388618
1.392261
1.395902
1.399569
1.403227
1.406855
1.410519
1.414115
1.417743
1.421404
1.425083
1.428663
1.432325
1.435947
1.439569
1.443170
1.446805
1.450415
1.454040
1.457596
1.461195
1.464784
1.468358
1.471918
1.475507
1.479153
1.482721
1.486290
1.489864
1.493444
1.497018
1.500554
1.504077
1.507705
1.511205
1.514803
1.518293
1.521865
1.525322
1.528929
1.532414
1.535940
1.539508
1.543020
1.546528
1.550058
1.553563
1.557128
1.560595
1.564091
1.567546
1.571093
1.574529
1.578035
1.581531
1.585016
1.588506
1.592032
1.595490
1.598911
1.602426
1.605919
1.609338
1.612873
1.616291
1.619728
1.623248
1.626706
1.630145
1.633630
1.637099
1.640521
1.643975
1.647414
1.650878
1.654329
1.657718
1.661214
1.664675
1.668090
1.671521
1.674978
1.678382
1.681800
1.685252
1.688643
1.692044
1.695486
1.698932
1.702332
1.705736
1.709130
1.712591
1.716003
1.719374
1.722792
1.726238
1.729590
1.733012
1.736439
1.739801
1.743207
1.746581
1.749975
1.753337
1.756708
1.760078
1.763461
1.766816
1.770247
1.773554
1.776979
1.780299
1.783702
1.787022
1.790434
1.793775
1.797169
1.800435
1.803874
1.807164
1.810553
1.813878
1.817249
1.820563
1.823915
1.827229
1.830572
1.833916
1.837269
1.840552
1.843911
1.847212
1.850499
1.853804
1.857114
1.860437
1.863730
1.867016
1.870345
1.873638
1.876945
1.880166
1.883543
1.886805
1.890065
1.893334
1.896629
1.899922
1.903182
1.906469
1.909674
1.912952
1.916248
1.919453
1.922731
1.926009
1.929247
1.932459
1.935749
1.938976
1.942199
1.945495
1.948728
1.951964
1.955208
1.958405
1.961614
1.964844
1.968076
1.971267
1.974446
1.977682
1.980852
1.984099
1.987263
1.990481
1.993717
1.996907
2.000098
2.003310
2.006474
2.009638
2.012877
2.015986
2.019138
2.022362
2.025466
2.028642
2.031811
2.034939
2.038127
2.041279
2.044425
2.047577
2.050729
2.053856
2.056990
2.060160
2.063264
2.066380
2.069514
2.072612
2.075704
2.078838
2.081954
2.085090
2.088164
2.091265
2.094366
2.097479
2.100529
2.103681
2.106749
2.109790
2.112885
2.115944
2.119003
2.122077
2.125142
2.128213
2.131245
2.134268
2.137333
2.140388
2.143448
2.146501
2.149554
2.152540
2.155636
2.158623
2.161652
2.164636
2.167659
2.170616
2.173642
2.176674
2.179643
2.182642
2.185635
2.188595
2.191603
2.194590
2.197598
2.200546
2.203491
2.206502
2.209439
2.212453
2.215344
2.218280
2.221237
2.224140
2.227094
2.230042
2.232964
2.235903
2.238851
2.241751
2.244660
2.247629
2.250539
2.253436
2.256411
2.259245
2.262181
2.265099
2.267940
2.270864
2.273758
2.276646
2.279501
2.282420
2.285233
2.288148
2.291018
2.293876
2.296741
2.299641
2.302460
2.305318
2.308183
2.311044
2.313896
2.316746
2.319562
2.322387
2.325248
2.328068
2.330896
2.333751
2.336561
2.339366
2.342224
2.345025
2.347865
2.350682
2.353453
2.356257
2.359113
2.361896
2.364613
2.367466
2.370219
2.373002
2.375786
2.378557
2.381397
2.384178
2.386937
2.389684
2.392462
2.395242
2.398010
2.400791
2.403526
2.406337
2.409054
2.411792
2.414507
2.417281
2.419975
2.422719
2.425466
2.428217
2.430970
2.433699
2.436432
2.439173
2.441912
2.444626
2.447317
2.450067
2.452769
2.455418
2.458150
2.460859
2.463549
2.466249
2.468960
2.471630
2.474350
2.476999
2.479683
2.482409
2.485082
2.487745
2.490472
2.493102
2.495778
2.498459
2.501099
2.503750
2.506423
2.509041
2.511699
2.514311
2.517002
2.519674
2.522353
2.524941
2.527578
2.530235
2.532866
2.535491
2.538112
2.540707
2.543328
2.545971
2.548550
2.551169
2.553814
2.556385
2.559004
2.561613
2.564184
2.566796
2.569400
2.571997
2.574595
2.577183
2.579733
2.582313
2.584893
2.587463
2.590025
2.592598
2.595166
2.597743
2.600307
2.602842
2.605392
2.607983
2.610539
2.613067
2.615626
2.618185
2.620722
2.623266
2.625792
2.628311
2.630825
2.633351
2.635900
2.638408
2.640946
2.643480
2.645994
2.648475
2.650985
2.653493
2.655983
2.658482
2.660989
2.663467
2.665963
2.668464
2.670891
2.673456
2.675883
2.678396
2.680820
2.683301
2.685761
2.688236
2.690713
2.693158
2.695639
2.698113
2.700543
2.702961
2.705445
2.707905
2.710322
2.712812
2.715203
2.717633
2.720074
2.722543
2.724928
2.727364
2.729773
2.732220
2.734629
2.737056
2.739447
2.741886
2.744274
2.746703
2.749121
2.751485
2.753873
2.756312
2.758700
2.761079
2.763445
2.765833
2.768233
2.770588
2.772958
2.775346
2.777713
2.780053
2.782440
2.784795
2.787162
2.789532
2.791884
2.794221
2.796570
2.798919
2.801268
2.803590
2.805935
2.808245
2.810573
2.812925
2.815232
2.817554
2.819900
2.822195
2.824499
2.826824
2.829137
2.831417
2.833703
2.836007
2.838329
2.840645
2.842916
2.845175
2.847464
2.849759
2.852039
2.854328
2.856575
2.858843
2.861129
2.863406
2.865599
2.867903
2.870099
2.872355
2.874614
2.876846
2.879081
2.881334
2.883569
2.885822
2.888042
2.890269
2.892473
2.894688
2.896908
2.899122
2.901333
2.903541
2.905728
2.907939
2.910153
2.912328
2.914528
2.916724
2.918875
2.921086
2.923252
2.925463
2.927674
2.929822
2.931998
2.934134
2.936294
2.938463
2.940605
2.942741
2.944926
2.947056
2.949231
2.951391
2.953509
2.955654
2.957734
2.959894
2.962015
2.964157
2.966278
2.968415
2.970569
2.972669
2.974799
2.976891
2.978946
2.981025
2.983122
2.985208
2.987299
2.989426
2.991517
2.993614
2.995718
2.997791
2.999885
3.001925
3.004011
3.006084
3.008136
3.010207
3.012268
3.014368
3.016418
3.018470
3.020507
3.022526
3.024573
3.026598
3.028626
3.030676
3.032743
3.034807
3.036844
3.038891
3.040877
3.042933
3.044940
3.046929
3.048922
3.050959
3.052927
3.054980
3.056996
3.059003
3.061020
3.063042
3.065019
3.067006
3.068998
3.070934
3.072929
3.074906
3.076905
3.078888
3.080868
3.082852
3.084826
3.086831
3.088754
3.090672
3.092598
3.094522
3.096478
3.098455
3.100400
3.102398
3.104355
3.106338
3.108253
3.110182
3.112076
3.113975
3.115892
3.117789
3.119694
3.121642
3.123580
3.125507
3.127481
3.129360
3.131283
3.133156
3.135031
3.136892
3.138788
3.140655
3.142545
3.144475
3.146398
3.148286
3.150167
3.152022
3.153862
3.155689
3.157550
3.159371
3.161247
3.163116
3.164992
3.166888
3.168767
3.170648
3.172506
3.174316
3.176119
3.177950
3.179753
3.181533
3.183352
3.185188
3.187040
3.188909
3.190719
3.192598
3.194374
3.196184
3.197981
3.199779
3.201535
3.203338
3.205139
3.206943
3.208743
3.210565
3.212363
3.214154
3.215955
3.217728
3.219439
3.221240
3.222969
3.224730
3.226504
3.228290
3.230018
3.231852
3.233604
3.235366
3.237134
3.238848
3.240576
3.242314
3.244040
3.245784
3.247509
3.249250
3.251003
3.252728
3.254484
3.256216
3.257936
3.259637
3.261342
3.263050
3.264713
3.266399
3.268143
3.269830
3.271505
3.273203
3.274896
3.276592
3.278306
3.280005
3.281667
3.283351
3.285011
3.286689
3.288354
3.290029
3.291692
3.293310
3.294934
3.296582
3.298233
3.299898
3.301534
3.303173
3.304800
3.306436
3.308065
3.309683
3.311310
3.312913
3.314498
3.316110
3.317710
3.319289
3.320922
3.322500
3.324133
3.325712
3.327285
3.328834
3.330377
3.331953
3.333523
3.335084
3.336642
3.338182
3.339731
3.341301
3.342871
3.344411
3.345948
3.347470
3.349007
3.350529
3.352036
3.353570
3.355124
3.356635
3.358160
3.359694
3.361165
3.362648
3.364161
3.365641
3.367130
3.368625
3.370114
3.371588
3.373071
3.374527
3.376013
3.377499
3.378946
3.380393
3.381855
3.383276
3.384699
3.386155
3.387608
3.389067
3.390499
3.391925
3.393363
3.394771
3.396179
3.397615
3.399029
3.400449
3.401830
3.403247
3.404608
3.406001
3.407400
3.408796
3.410195
3.411594
3.412996
3.414357
3.415765
3.417119
3.418464
3.419827
3.421179
3.422530
3.423875
3.425211
3.426548
3.427881
3.429205
3.430544
3.431895
3.433235
3.434592
3.435919
3.437213
3.438529
3.439838
3.441135
3.442448
3.443736
3.445012
3.446304
3.447592
3.448835
3.450103
3.451400
3.452673
3.453932
3.455208
3.456496
3.457778
3.459067
3.460355
3.461604
3.462839
3.464058
3.465296
3.466554
3.467743
3.468960
3.470161
3.471348
3.472543
3.473753
3.474961
3.476183
3.477409
3.478640
3.479847
3.481052
3.482244
3.483428
3.484635
3.485804
3.486978
3.488168
3.489351
3.490516
3.491679
3.492784
3.493890
3.495004
3.496125
3.497246
3.498387
3.499547
3.500712
3.501844
3.502968
3.504103
3.505221
3.506354
3.507489
3.508595
3.509697
3.510794
3.511875
3.512939
3.514017
3.515087
3.516124
3.517199
3.518230
3.519252
3.520288
3.521337
3.522379
3.523446
3.524498
3.525531
3.526565
3.527578
3.528608
3.529621
3.530654
3.531688
3.532692
3.533695
3.534693
3.535670
3.536626
3.537578
3.538543
3.539514
3.540458
3.541431
3.542396
3.543349
3.544307
3.545242
3.546165
3.547112
3.548032
3.548960
3.549895
3.550809
3.551732
3.552700
3.553616
3.554509
3.555402
3.556274
3.557128
3.557966
3.558779
3.559614
3.560474
3.561322
3.562185
3.563042
3.563899
3.564750
3.565598
3.566401
3.567194
3.567997
3.568782
3.569579
3.570382
3.571188
3.571997
3.572818
3.573627
3.574421
3.575218
3.575973
3.576737
3.577486
3.578217
3.578924
3.579640
3.580362
3.581090
3.581812
3.582513
3.583235
3.583924
3.584625
3.585303
3.586010
3.586681
3.587370
3.588047
3.588694
3.589353
3.590024
3.590687
3.591355
3.592017
3.592670
3.593320
3.593985
3.594653
3.595318
3.595987
3.596655
3.597299
3.597928
3.598530
3.599111
3.599675
3.600238
3.600807
3.601352
3.601886
3.602416
3.602937
3.603453
3.603974
3.604492
3.605005
3.605526
3.606026
3.606500
3.606976
3.607476
3.607974
3.608465
3.608948
3.609397
3.609831
3.610275
3.610697
3.611117
3.611524
3.611934
3.612354
3.612773
3.613193
3.613615
3.614044
3.614472
3.614916
3.615356
3.615799
3.616246
3.616674
3.617088
3.617507
3.617924
3.618340
3.618772
3.619194
3.619596
3.619979
3.620371
3.620749
3.621099
3.621447
3.621759
3.622064
3.622358
3.622645
3.622915
3.623185
3.623448
3.623700
3.623931
3.624150
3.624362
3.624575
3.624794
3.625006
3.625195
3.625363
3.625531
3.625695
3.625860
3.626007
3.626130
3.626244
3.626369
3.626480
3.626582
3.626687
3.626795
3.626894
3.626993
3.627089
3.627169
3.627232
3.627304
3.627370
3.627421
3.627481
3.627532
3.627580
3.627631
3.627667
3.627694
3.627724
3.627763
3.627799
3.627820
3.627835
3.627859
3.627865
3.627867
3.627867
3.627867
3.627867
3.627867
3.627867
3.627867
3.627867
3.627867
3.627867
3.627867
3.627867
3.627867
3.627867
3.627867
3.627867
3.627867
3.627867
3.627867
3.627867
3.627867
3.627867
3.627867
3.627867
3.627867
3.627867
3.627867
3.627867
3.627867
3.627867
3.627867
3.627867
3.627867
3.627867
3.627867
3.627867
3.627867
3.627867
3.627867
3.627867
3.627867
3.627867
3.627867
3.627867
3.627867
3.627867
3.627867
3.627867
3.627867
3.627867
3.627867
3.627867
3.627867
3.627867
3.627867
3.627867
3.627867
3.627867
3.627867
3.627867
3.627867
3.627867
3.627867
3.627867
3.627867
3.627867
3.627867
3.627867
3.627867
3.627867
3.627867
3.627867
3.627867
3.627867
3.627867
3.627867
3.627867
3.627867
3.627867
3.627867
3.627867
3.627867
3.627867
3.627867
3.627867
3.627867
3.627867
3.627867
3.627867
3.627867
3.627867
3.627867
3.627867
3.627867
3.627867
3.627867
3.627867
3.627867
3.627867
3.627867