3.884471
3.884471
3.884471
3.884471
3.884471
3.884471
3.884471
3.884471
3.884471
3.884543
3.884642
3.884758
3.884917
3.885106
3.885346
3.885612
3.885906
3.886235
3.886589
3.886934
3.887302
3.887710
3.888147
3.888629
3.889160
3.889714
3.890325
3.890960
3.891628
3.892368
3.893126
3.893935
3.894744
3.895616
3.896524
3.897486
3.898474
3.899490
3.900575
3.901665
3.902816
3.904026
3.905246
3.906525
3.907870
3.909269
3.910668
3.912115
3.913604
3.915108
3.916625
3.918203
3.919788
3.921412
3.923135
3.924888
3.926709
3.928525
3.930394
3.932288
3.934238
3.936222
3.938229
3.940281
3.942355
3.944503
3.946642
3.948850
3.951121
3.953374
3.955744
3.958123
3.960502
3.962944
3.965382
3.967962
3.970490
3.973115
3.975719
3.978409
3.981165
3.983910
3.986669
3.989546
3.992428
3.995301
3.998237
4.001203
4.004256
4.007372
4.010473
4.013601
4.016821
4.020111
4.023275
4.026607
4.029899
4.033306
4.036725
4.040152
4.043648
4.047204
4.050731
4.054320
4.057993
4.061669
4.065412
4.069150
4.072851
4.076665
4.080455
4.084242
4.088050
4.091846
4.095645
4.099432
4.103189
4.106907
4.110625
4.114430
4.118253
4.122004
4.125761
4.129599
4.133392
4.137197
4.140969
4.144738
4.148567
4.152342
4.156111
4.159931
4.163724
4.167454
4.171250
4.175014
4.178818
4.182542
4.186299
4.190056
4.193838
4.197529
4.201289
4.205064
4.208818
4.212524
4.216230
4.219948
4.223747
4.227423
4.231072
4.234773
4.238470
4.242182
4.245912
4.249588
4.253294
4.257000
4.260706
4.264437
4.268143
4.271876
4.275486
4.279180
4.282868
4.286536
4.290143
4.293858
4.297456
4.301126
4.304832
4.308365
4.311975
4.315597
4.319252
4.322911
4.326455
4.330086
4.333714
4.337325
4.340905
4.344542
4.348132
4.351679
4.355274
4.358866
4.362485
4.366039
4.369622
4.373188
4.376726
4.380300
4.383793
4.387350
4.390885
4.394438
4.397902
4.401506
4.404994
4.408478
4.412049
4.415489
4.418943
4.422400
4.425876
4.429355
4.432824
4.436245
4.439691
4.443208
4.446600
4.450060
4.453503
4.456915
4.460337
4.463779
4.467165
4.470631
4.474053
4.477471
4.480902
4.484251
4.487610
4.490995
4.494426
4.497808
4.501131
4.504514
4.507869
4.511225
4.514575
4.517903
4.521229
4.524554
4.527826
4.531164
4.534444
4.537749
4.541039
4.544403
4.547642
4.550994
4.554209
4.557496
4.560791
4.564117
4.567389
4.570642
4.573920
4.577171
4.580374
4.583663
4.586851
4.590051
4.593284
4.596457
4.599632
4.602856
4.606044
4.609226
4.612492
4.615583
4.618771
4.621950
4.625144
4.628254
4.631463
4.634584
4.637745
4.640915
4.644013
4.647183
4.650296
4.653415
4.656539
4.659637
4.662816
4.665911
4.669003
4.672056
4.675187
4.678273
4.681314
4.684382
4.687453
4.690488
4.693481
4.696498
4.699554
4.702625
4.705597
4.708611
4.711574
4.714588
4.717614
4.720676
4.723705
4.726686
4.729703
4.732666
4.735707
4.738664
4.741705
4.744638
4.747575
4.750586
4.753549
4.756500
4.759469
4.762444
4.765359
4.768307
4.771258
4.774212
4.777152
4.780076
4.782952
4.785894
4.788767
4.791718
4.794676
4.797498
4.800410
4.803328
4.806199
4.809066
4.812002
4.814866
4.817739
4.820654
4.823477
4.826350
4.829208
4.832078
4.834922
4.837750
4.840572
4.843407
4.846283
4.849093
4.851906
4.854738
4.857500
4.860319
4.863114
4.865925
4.868735
4.871540
4.874281
4.877076
4.879875
4.882628
4.885411
4.888132
4.890948
4.893630
4.896434
4.899109
4.901863
4.904622
4.907378
4.910102
4.912840
4.915510
4.918209
4.920941
4.923626
4.926328
4.929037
4.931709
4.934382
4.937078
4.939712
4.942381
4.945075
4.947708
4.950360
4.952957
4.955609
4.958275
4.960882
4.963503
4.966134
4.968752
4.971302
4.973927
4.976527
4.979161
4.981738
4.984323
4.986891
4.989482
4.992020
4.994606
4.997197
4.999801
5.002347
5.004885
5.007417
5.009948
5.012486
5.015006
5.017519
5.020060
5.022580
5.025064
5.027553
5.030013
5.032494
5.034977
5.037476
5.039969
5.042440
5.044879
5.047351
5.049802
5.052303
5.054742
5.057193
5.059626
5.062088
5.064512
5.066909
5.069306
5.071781
5.074220
5.076613
5.079013
5.081434
5.083825
5.086231
5.088595
5.090974
5.093373
5.095749
5.098101
5.100477
5.102778
5.105139
5.107485
5.109825
5.112174
5.114520
5.116833
5.119191
5.121491
5.123798
5.126100
5.128428
5.130723
5.133035
5.135321
5.137586
5.139848
5.142152
5.144429
5.146709
5.148962
5.151212
5.153498
5.155763
5.157980
5.160227
5.162496
5.164716
5.166969
5.169188
5.171382
5.173563
5.175807
5.177997
5.180178
5.182356
5.184535
5.186718
5.188900
5.191090
5.193196
5.195413
5.197564
5.199733
5.201867
5.204000
5.206133
5.208281
5.210408
5.212536
5.214633
5.216724
5.218809
5.220922
5.223016
5.225062
5.227144
5.229187
5.231279
5.233361
5.235416
5.237484
5.239530
5.241568
5.243593
5.245600
5.247655
5.249675
5.251703
5.253689
5.255685
5.257701
5.259670
5.261659
5.263577
5.265554
5.267492
5.269467
5.271381
5.273341
5.275294
5.277229
5.279147
5.281095
5.282988
5.284878
5.286817
5.288690
5.290604
5.292512
5.294388
5.296260
5.298145
5.299987
5.301821
5.303697
5.305515
5.307370
5.309209
5.311001
5.312802
5.314626
5.316430
5.318224
5.320007
5.321763
5.323515
5.325331
5.327117
5.328890
5.330661
5.332405
5.334110
5.335877
5.337591
5.339314
5.341022
5.342762
5.344443
5.346139
5.347814
5.349518
5.351244
5.352931
5.354603
5.356256
5.357895
5.359579
5.361221
5.362890
5.364508
5.366173
5.367764
5.369364
5.370970
5.372570
5.374179
5.375791
5.377367
5.378945
5.380525
5.382092
5.383685
5.385297
5.386825
5.388362
5.389911
5.391454
5.392997
5.394546
5.396071
5.397608
5.399142
5.400649
5.402159
5.403675
5.405149
5.406674
5.408181
5.409673
5.411177
5.412657
5.414128
5.415585
5.417073
5.418506
5.419971
5.421418
5.422865
5.424270
5.425705
5.427131
5.428563
5.429998
5.431406
5.432806
5.434220
5.435589
5.437018
5.438420
5.439805
5.441206
5.442594
5.443984
5.445329
5.446716
5.448065
5.449443
5.450794
5.452118
5.453457
5.454806
5.456139
5.457478
5.458794
5.460094
5.461409
5.462712
5.464004
5.465295
5.466610
5.467896
5.469190
5.470487
5.471743
5.473004
5.474268
5.475542
5.476821
5.478061
5.479311
5.480572
5.481806
5.483044
5.484275
5.485500
5.486711
5.487939
5.489161
5.490372
5.491585
5.492808
5.494012
5.495232
5.496415
5.497607
5.498785
5.499971
5.501143
5.502284
5.503450
5.504606
5.505748
5.506871
5.507986
5.509100
5.510221
5.511362
5.512513
5.513651
5.514778
5.515928
5.517067
5.518154
5.519248
5.520339
5.521408
5.522501
5.523565
5.524617
5.525677
5.526729
5.527757
5.528796
5.529839
5.530846
5.531861
5.532877
5.533935
5.534974
5.536014
5.537063
5.538117
5.539160
5.540173
5.541176
5.542177
5.543174
5.544166
5.545125
5.546083
5.547045
5.548025
5.548954
5.549907
5.550832
5.551776
5.552738
5.553669
5.554598
5.555515
5.556468
5.557384
5.558329
5.559254
5.560198
5.561154
5.562082
5.562994
5.563907
5.564797
5.565696
5.566574
5.567451
5.568329
5.569177
5.570010
5.570876
5.571724
5.572542
5.573369
5.574232
5.575061
5.575873
5.576715
5.577536
5.578360
5.579190
5.580011
5.580820
5.581644
5.582458
5.583294
5.584113
5.584930
5.585718
5.586500
5.587282
5.588049
5.588804
5.589544
5.590287
5.591018
5.591741
5.592472
5.593184
5.593906
5.594608
5.595342
5.596049
5.596753
5.597457
5.598131
5.598808
5.599479
5.600142
5.600794
5.601480
5.602140
5.602796
5.603458
5.604141
5.604812
5.605472
5.606122
5.606763
5.607404
5.608054
5.608689
5.609303
5.609894
5.610484
5.611062
5.611628
5.612188
5.612737
5.613285
5.613824
5.614364
5.614870
5.615386
5.615912
5.616428
5.616940
5.617450
5.617941
5.618433
5.618927
5.619433
5.619909
5.620409
5.620868
5.621329
5.621785
5.622234
5.622672
5.623088
5.623523
5.623939
5.624341
5.624736
5.625134
5.625542
5.625926
5.626324
5.626717
5.627127
5.627534
5.627951
5.628346
5.628745
5.629140
5.629548
5.629949
5.630353
5.630731
5.631105
5.631471
5.631831
5.632157
5.632478
5.632795
5.633095
5.633377
5.633634
5.633877
5.634111
5.634338
5.634566
5.634767
5.634967
5.635162
5.635345
5.635522
5.635695
5.635854
5.636007
5.636172
5.636331
5.636468
5.636606
5.636747
5.636882
5.637011
5.637140
5.637259
5.637392
5.637517
5.637640
5.637742
5.637853
5.637960
5.638060
5.638155
5.638248
5.638338
5.638428
5.638521
5.638620
5.638710
5.638793
5.638896
5.639006
5.639105
5.639195
5.639267
5.639348
5.639435
5.639510
5.639564
5.639624
5.639683
5.639737
5.639782
5.639821
5.639848
5.639860
5.639875
5.639899
5.639908
5.639917
5.639920
5.639920
5.639920
5.639920
5.639920
5.639920
5.639920
5.639920
5.639920
5.639920
5.639920
5.639920
5.639920
5.639920
5.639920
5.639920
5.639920
5.639920
5.639920
5.639920
5.639920
5.639920
5.639920
5.639920
5.639920
5.639920
5.639920
5.639920
5.639920
5.639920
5.639920
5.639920
5.639920
5.639920
5.639920
5.639920
5.639920
5.639920
5.639920
5.639920
5.639920
5.639920
5.639920
5.639920
5.639920
5.639920
5.639920
5.639920
5.639920
5.639920
5.639920
5.639920
5.639920
5.639920
5.639920
5.639920
5.639920
5.639920
5.639920
5.639920
5.639920
5.639920
5.639920
5.639920
5.639920
5.639920
5.639920
5.639920
5.639920
5.639920
5.639920
5.639920
5.639920
5.639920
5.639920
5.639920
5.639920
5.639920
5.639920
5.639920
5.639920
5.639920
5.639920
5.639920
5.639920
5.639920
5.639920
5.639920
5.639920
5.639920
5.639920
5.639920
5.639920
5.639920
5.639920
5.639920
5.639920
5.639920
5.639920
5.639920