3.627867
3.627867
3.627867
3.627867
3.627867
3.627867
3.627867
3.627867
3.627867
3.627867
3.627892
3.627978
3.628095
3.628248
3.628446
3.628680
3.628967
3.629291
3.629653
3.630049
3.630489
3.630929
3.631376
3.631861
3.632398
3.632988
3.633590
3.634261
3.634977
3.635723
3.636517
3.637359
3.638243
3.639148
3.640118
3.641125
3.642105
3.643168
3.644259
3.645380
3.646524
3.647692
3.648882
3.650131
3.651423
3.652756
3.654140
3.655581
3.657103
3.658646
3.660237
3.661843
3.663428
3.665079
3.666774
3.668512
3.670259
3.672089
3.673944
3.675834
3.677725
3.679684
3.681656
3.683681
3.685769
3.687944
3.690072
3.692256
3.694497
3.696768
3.699105
3.701448
3.703791
3.706193
3.708602
3.711101
3.713570
3.716191
3.718801
3.721455
3.724167
3.726896
3.729671
3.732439
3.735273
3.738117
3.741050
3.743992
3.747030
3.750077
3.753151
3.756183
3.759371
3.762498
3.765692
3.768991
3.772277
3.775597
3.779001
3.782371
3.785820
3.789289
3.792866
3.796372
3.799970
3.803547
3.807226
3.810798
3.814507
3.818174
3.821895
3.825556
3.829200
3.832858
3.836498
3.840120
3.843736
3.847383
3.851014
3.854735
3.858375
3.862015
3.865712
3.869344
3.873011
3.876630
3.880225
3.883883
3.887494
3.891131
3.894753
3.898393
3.902073
3.905647
3.909377
3.913008
3.916549
3.920199
3.923779
3.927389
3.931017
3.934616
3.938205
3.941806
3.945375
3.948934
3.952511
3.956074
3.959591
3.963168
3.966674
3.970221
3.973774
3.977343
3.980896
3.984431
3.987934
3.991475
3.994962
3.998453
4.001985
4.005494
4.008963
4.012507
4.016004
4.019575
4.023077
4.026565
4.030058
4.033548
4.037033
4.040491
4.044038
4.047477
4.051015
4.054431
4.057963
4.061367
4.064851
4.068282
4.071757
4.075209
4.078630
4.082034
4.085494
4.088946
4.092382
4.095825
4.099222
4.102611
4.105978
4.109346
4.112776
4.116219
4.119586
4.123002
4.126363
4.129770
4.133134
4.136586
4.139924
4.143291
4.146658
4.149954
4.153352
4.156758
4.160114
4.163464
4.166864
4.170202
4.173596
4.176916
4.180242
4.183534
4.186917
4.190239
4.193517
4.196918
4.200267
4.203554
4.206861
4.210133
4.213414
4.216701
4.219978
4.223256
4.226614
4.229895
4.233149
4.236379
4.239629
4.242916
4.246179
4.249447
4.252707
4.255991
4.259184
4.262438
4.265650
4.268886
4.272158
4.275471
4.278590
4.281772
4.285068
4.288240
4.291407
4.294688
4.297837
4.301054
4.304248
4.307421
4.310618
4.313806
4.316964
4.320166
4.323276
4.326425
4.329589
4.332759
4.335914
4.339059
4.342199
4.345303
4.348452
4.351583
4.354690
4.357806
4.360955
4.364094
4.367204
4.370257
4.373298
4.376444
4.379563
4.382619
4.385720
4.388806
4.391850
4.394900
4.397986
4.401045
4.404077
4.407133
4.410198
4.413233
4.416268
4.419309
4.422314
4.425328
4.428330
4.431323
4.434370
4.437366
4.440365
4.443352
4.446276
4.449251
4.452331
4.455261
4.458275
4.461221
4.464154
4.467126
4.470074
4.473037
4.475991
4.478879
4.481803
4.484749
4.487661
4.490564
4.493470
4.496418
4.499259
4.502201
4.505029
4.507917
4.510889
4.513732
4.516582
4.519434
4.522268
4.525070
4.527919
4.530789
4.533548
4.536413
4.539205
4.541986
4.544763
4.547642
4.550404
4.553203
4.555968
4.558760
4.561504
4.564267
4.567071
4.569843
4.572602
4.575325
4.578022
4.580739
4.583498
4.586240
4.588943
4.591708
4.594380
4.597113
4.599791
4.602497
4.605217
4.607890
4.610565
4.613253
4.615919
4.618565
4.621261
4.623886
4.626597
4.629219
4.631852
4.634444
4.637152
4.639735
4.642386
4.645038
4.647647
4.650236
4.652831
4.655443
4.658052
4.660656
4.663242
4.665821
4.668371
4.670945
4.673524
4.676128
4.678657
4.681224
4.683759
4.686332
4.688855
4.691422
4.693936
4.696495
4.699033
4.701558
4.704045
4.706568
4.709072
4.711562
4.714088
4.716587
4.719076
4.721569
4.724056
4.726554
4.729056
4.731534
4.734008
4.736483
4.738946
4.741418
4.743868
4.746322
4.748800
4.751245
4.753695
4.756152
4.758582
4.761006
4.763442
4.765913
4.768304
4.770734
4.773167
4.775585
4.778059
4.780450
4.782829
4.785250
4.787638
4.790026
4.792449
4.794805
4.797222
4.799568
4.802001
4.804335
4.806705
4.809057
4.811412
4.813815
4.816131
4.818461
4.820816
4.823186
4.825469
4.827788
4.830119
4.832381
4.834700
4.837016
4.839278
4.841576
4.843898
4.846169
4.848464
4.850750
4.852991
4.855262
4.857551
4.859795
4.862012
4.864289
4.866485
4.868729
4.871003
4.873217
4.875404
4.877618
4.879803
4.882014
4.884228
4.886403
4.888611
4.890792
4.892964
4.895124
4.897264
4.899412
4.901536
4.903705
4.905793
4.907936
4.910131
4.912214
4.914332
4.916447
4.918574
4.920642
4.922787
4.924908
4.927002
4.929076
4.931185
4.933285
4.935326
4.937405
4.939448
4.941483
4.943526
4.945629
4.947586
4.949617
4.951690
4.953706
4.955750
4.957790
4.959753
4.961754
4.963776
4.965792
4.967746
4.969774
4.971757
4.973759
4.975736
4.977684
4.979679
4.981642
4.983652
4.985635
4.987571
4.989542
4.991475
4.993431
4.995360
4.997302
4.999226
5.001131
5.003069
5.004969
5.006854
5.008798
5.010706
5.012573
5.014454
5.016336
5.018248
5.020120
5.022010
5.023865
5.025716
5.027616
5.029486
5.031331
5.033206
5.035025
5.036832
5.038678
5.040514
5.042396
5.044211
5.046039
5.047848
5.049691
5.051497
5.053319
5.055120
5.056953
5.058724
5.060549
5.062314
5.064114
5.065915
5.067688
5.069444
5.071212
5.072940
5.074708
5.076476
5.078240
5.079999
5.081731
5.083459
5.085182
5.086920
5.088640
5.090353
5.092052
5.093751
5.095453
5.097157
5.098829
5.100582
5.102299
5.103971
5.105654
5.107314
5.108995
5.110670
5.112386
5.114022
5.115679
5.117318
5.118954
5.120584
5.122225
5.123843
5.125455
5.127061
5.128631
5.130237
5.131834
5.133461
5.135048
5.136658
5.138227
5.139782
5.141337
5.142913
5.144507
5.146068
5.147593
5.149157
5.150706
5.152225
5.153756
5.155284
5.156833
5.158334
5.159853
5.161342
5.162843
5.164329
5.165812
5.167292
5.168787
5.170270
5.171696
5.173176
5.174603
5.176050
5.177509
5.178938
5.180388
5.181817
5.183225
5.184612
5.186024
5.187438
5.188828
5.190227
5.191638
5.193034
5.194392
5.195773
5.197145
5.198496
5.199838
5.201190
5.202526
5.203862
5.205189
5.206529
5.207844
5.209159
5.210471
5.211751
5.213039
5.214321
5.215619
5.216898
5.218183
5.219453
5.220706
5.221940
5.223175
5.224421
5.225667
5.226896
5.228118
5.229334
5.230545
5.231761
5.232951
5.234146
5.235330
5.236516
5.237685
5.238868
5.240013
5.241187
5.242352
5.243533
5.244671
5.245843
5.246948
5.248042
5.249145
5.250250
5.251361
5.252452
5.253555
5.254642
5.255712
5.256796
5.257836
5.258905
5.259951
5.260994
5.262061
5.263097
5.264158
5.265209
5.266267
5.267324
5.268346
5.269341
5.270320
5.271309
5.272295
5.273263
5.274228
5.275231
5.276190
5.277137
5.278086
5.279027
5.279962
5.280906
5.281835
5.282754
5.283695
5.284639
5.285583
5.286541
5.287470
5.288396
5.289298
5.290208
5.291119
5.292015
5.292899
5.293786
5.294661
5.295529
5.296377
5.297228
5.298052
5.298876
5.299694
5.300494
5.301309
5.302135
5.302938
5.303727
5.304523
5.305312
5.306106
5.306884
5.307661
5.308422
5.309227
5.310009
5.310797
5.311594
5.312361
5.313146
5.313904
5.314659
5.315387
5.316100
5.316807
5.317505
5.318198
5.318883
5.319558
5.320220
5.320855
5.321520
5.322182
5.322826
5.323485
5.324157
5.324807
5.325457
5.326086
5.326704
5.327344
5.327980
5.328594
5.329196
5.329807
5.330412
5.331015
5.331635
5.332246
5.332863
5.333471
5.334089
5.334706
5.335308
5.335910
5.336504
5.337082
5.337636
5.338181
5.338678
5.339179
5.339688
5.340183
5.340641
5.341108
5.341564
5.342016
5.342469
5.342912
5.343335
5.343775
5.344224
5.344662
5.345081
5.345521
5.345950
5.346366
5.346795
5.347190
5.347589
5.347993
5.348389
5.348787
5.349162
5.349521
5.349896
5.350255
5.350615
5.350963
5.351295
5.351627
5.351960
5.352287
5.352601
5.352934
5.353261
5.353587
5.353926
5.354249
5.354578
5.354917
5.355268
5.355603
5.355942
5.356289
5.356640
5.356976
5.357302
5.357629
5.357946
5.358252
5.358572
5.358881
5.359169
5.359462
5.359753
5.360032
5.360313
5.360580
5.360816
5.361053
5.361269
5.361470
5.361634
5.361817
5.361991
5.362153
5.362288
5.362404
5.362503
5.362605
5.362710
5.362812
5.362887
5.362967
5.363033
5.363084
5.363135
5.363174
5.363198
5.363222
5.363243
5.363252
5.363252
5.363255
5.363261
5.363261
5.363261
5.363261
5.363261
5.363261
5.363261
5.363261
5.363261
5.363261
5.363261
5.363261
5.363261
5.363261
5.363228
5.363174
5.363111
5.363046
5.362965
5.362884
5.362812
5.362740
5.362662
5.362578
5.362467
5.362374
5.362276
5.362168
5.362033
5.361919
5.361790
5.361670
5.361536
5.361403
5.361251
5.361119
5.360981
5.360856
5.360714
5.360589
5.360460
5.360337
5.360211
5.360097
5.359969
5.359848
5.359747
5.359645
5.359540
5.359453
5.359372
5.359309
5.359250
5.359190
5.359136
5.359097
5.359067
5.359037
5.359007
5.358995
5.358986
5.358977
5.358968
5.358965
5.358950
5.358941
5.358941
5.358941
5.358941
5.358941
5.358941
5.358941
5.358941
5.358941
5.358941
5.358941
5.358941
5.358941
5.358941
5.358941
5.358941
5.358941
5.358941
5.358941
5.358941
5.358941
5.358941
5.358941
5.358941
5.358941
5.358941
5.358941
5.358941
5.358941
5.358941
5.358941
5.358941
5.358941
5.358941
5.358941
5.358941
5.358941
5.358941
5.358941
5.358941
5.358941
5.358941
5.358941
5.358941
5.358941
5.358941
5.358941
5.358941
5.358941
5.358941
5.358941
5.358941
5.358941
5.358941
5.358941
5.358941
5.358941
5.358941
5.358941
5.358941
5.358941
5.358941
5.358941
5.358941
5.358941
5.358941
5.358941
5.358941
5.358941
5.358941
5.358941
5.358941
5.358941
5.358941
5.358941
5.358941
5.358941
5.358941
5.358941
5.358941
5.358941
5.358941
5.358941
5.358941
5.358941
5.358941
5.358941
5.358941
5.358941
5.358941
5.358941
5.358941
5.358941
5.358941
5.358941
5.358941
5.358941
5.358941
5.358941
5.358941