5.358941
5.358941
5.358941
5.358941
5.358941
5.358941
5.358941
5.358941
5.358941
5.358941
5.358995
5.359133
5.359285
5.359471
5.359690
5.359941
5.360211
5.360508
5.360837
5.361194
5.361592
5.362021
5.362479
5.362977
5.363513
5.364091
5.364672
5.365304
5.365973
5.366689
5.367459
5.368256
5.369073
5.369925
5.370832
5.371794
5.372777
5.373805
5.374883
5.375991
5.377169
5.378376
5.379614
5.380893
5.382217
5.383572
5.384959
5.386394
5.387862
5.389366
5.390921
5.392482
5.394097
5.395751
5.397443
5.399190
5.400988
5.402806
5.404675
5.406557
5.408475
5.410452
5.412454
5.414491
5.416576
5.418703
5.420857
5.423045
5.425298
5.427580
5.429914
5.432299
5.434660
5.437048
5.439577
5.442093
5.444655
5.447237
5.449844
5.452547
5.455234
5.457966
5.460726
5.463599
5.466413
5.469355
5.472285
5.475254
5.478265
5.481333
5.484437
5.487546
5.490723
5.493919
5.497212
5.500474
5.503821
5.507135
5.510589
5.513939
5.517498
5.521021
5.524521
5.528089
5.531780
5.535334
5.539022
5.542632
5.546341
5.549922
5.553681
5.557295
5.560956
5.564611
5.568203
5.571877
5.575541
5.579202
5.582875
5.586551
5.590165
5.593814
5.597466
5.601091
5.604725
5.608407
5.612027
5.615655
5.619289
5.622890
5.626522
5.630213
5.633832
5.637430
5.641058
5.644636
5.648225
5.651796
5.655460
5.659026
5.662573
5.666207
5.669737
5.673341
5.676921
5.680513
5.684058
5.687593
5.691155
5.694625
5.698223
5.701705
5.705312
5.708797
5.712353
5.715855
5.719376
5.722902
5.726371
5.729888
5.733445
5.736897
5.740381
5.743898
5.747395
5.750903
5.754378
5.757830
5.761275
5.764787
5.768253
5.771687
5.775174
5.778586
5.782065
5.785492
5.788887
5.792350
5.795757
5.799149
5.802543
5.805958
5.809311
5.812742
5.816130
5.819521
5.822913
5.826299
5.829660
5.833034
5.836428
5.839790
5.843161
5.846531
5.849854
5.853173
5.856550
5.859864
5.863219
5.866554
5.869897
5.873178
5.876494
5.879787
5.883119
5.886480
5.889740
5.893051
5.896394
5.899618
5.902908
5.906230
5.909487
5.912714
5.916001
5.919296
5.922493
5.925822
5.928983
5.932308
5.935517
5.938753
5.941988
5.945218
5.948406
5.951642
5.954886
5.958092
5.961307
5.964480
5.967680
5.970855
5.974025
5.977183
5.980389
5.983592
5.986753
5.989881
5.993062
5.996208
5.999426
6.002569
6.005658
6.008768
6.011908
6.015059
6.018265
6.021339
6.024437
6.027556
6.030651
6.033770
6.036868
6.039966
6.042992
6.046051
6.049175
6.052267
6.055356
6.058430
6.061453
6.064488
6.067565
6.070642
6.073686
6.076682
6.079720
6.082704
6.085730
6.088816
6.091803
6.094859
6.097867
6.100836
6.103815
6.106879
6.109834
6.112881
6.115831
6.118813
6.121809
6.124730
6.127726
6.130632
6.133649
6.136525
6.139518
6.142413
6.145411
6.148348
6.151269
6.154157
6.157090
6.160002
6.162960
6.165874
6.168763
6.171648
6.174566
6.177431
6.180315
6.183210
6.186128
6.188977
6.191854
6.194670
6.197549
6.200425
6.203329
6.206178
6.209060
6.211861
6.214705
6.217560
6.220385
6.223210
6.226075
6.228867
6.231674
6.234484
6.237349
6.240153
6.242972
6.245740
6.248542
6.251373
6.254141
6.256895
6.259720
6.262513
6.265299
6.268118
6.270839
6.273592
6.276408
6.279177
6.281951
0.001513
0.004212
0.007005
0.009734
0.012515
0.015241
0.018015
0.020751
0.023444
0.026209
0.028903
0.031641
0.034383
0.037115
0.039824
0.042523
0.045234
0.047934
0.050669
0.053354
0.056041
0.058780
0.061449
0.064182
0.066866
0.069538
0.072214
0.074928
0.077577
0.080264
0.082925
0.085633
0.088252
0.090966
0.093630
0.096275
0.098963
0.101581
0.104242
0.106911
0.109566
0.112208
0.114884
0.117502
0.120082
0.122736
0.125385
0.127980
0.130631
0.133241
0.135847
0.138484
0.141072
0.143709
0.146345
0.148958
0.151535
0.154177
0.156700
0.159288
0.161949
0.164486
0.167111
0.169661
0.172291
0.174829
0.177411
0.179973
0.182550
0.185129
0.187664
0.190214
0.192790
0.195361
0.197902
0.200469
0.202998
0.205562
0.208088
0.210602
0.213115
0.215644
0.218170
0.220752
0.223266
0.225780
0.228296
0.230840
0.233345
0.235808
0.238354
0.240793
0.243319
0.245829
0.248295
0.250785
0.253314
0.255770
0.258248
0.260738
0.263174
0.265642
0.268126
0.270613
0.273091
0.275562
0.277998
0.280437
0.282906
0.285323
0.287759
0.290228
0.292670
0.295091
0.297526
0.300007
0.302353
0.304822
0.307222
0.309600
0.312081
0.314460
0.316896
0.319311
0.321728
0.324095
0.326513
0.328892
0.331259
0.333632
0.336014
0.338426
0.340783
0.343189
0.345583
0.347902
0.350275
0.352615
0.354994
0.357349
0.359715
0.362064
0.364422
0.366786
0.369120
0.371448
0.373776
0.376074
0.378396
0.380757
0.383043
0.385407
0.387717
0.390051
0.392358
0.394661
0.396950
0.399263
0.401582
0.403880
0.406148
0.408458
0.410759
0.413027
0.415337
0.417590
0.419879
0.422156
0.424388
0.426668
0.428939
0.431213
0.433499
0.435755
0.437990
0.440255
0.442488
0.444708
0.446955
0.449196
0.451419
0.453681
0.455928
0.458151
0.460377
0.462612
0.464805
0.467025
0.469248
0.471447
0.473682
0.475912
0.478108
0.480304
0.482512
0.484672
0.486850
0.489049
0.491233
0.493415
0.495596
0.497777
0.499967
0.502154
0.504320
0.506459
0.508617
0.510807
0.512955
0.515100
0.517236
0.519405
0.521544
0.523681
0.525826
0.527968
0.530083
0.532192
0.534350
0.536450
0.538607
0.540725
0.542840
0.544992
0.547071
0.549177
0.551289
0.553378
0.555469
0.557542
0.559627
0.561680
0.563768
0.565895
0.567995
0.570057
0.572154
0.574209
0.576285
0.578329
0.580396
0.582460
0.584507
0.586532
0.588632
0.590663
0.592719
0.594762
0.596772
0.598777
0.600829
0.602860
0.604901
0.606923
0.608975
0.611007
0.612969
0.615003
0.617011
0.619006
0.621017
0.622997
0.625007
0.627009
0.629001
0.630990
0.632944
0.634942
0.636929
0.638906
0.640850
0.642843
0.644838
0.646789
0.648760
0.650713
0.652664
0.654617
0.656568
0.658500
0.660448
0.662389
0.664325
0.666266
0.668195
0.670116
0.672066
0.674002
0.675895
0.677825
0.679751
0.681648
0.683565
0.685513
0.687382
0.689273
0.691148
0.693051
0.694947
0.696838
0.698698
0.700589
0.702488
0.704361
0.706239
0.708133
0.709960
0.711815
0.713685
0.715536
0.717373
0.719233
0.721088
0.722930
0.724830
0.726663
0.728503
0.730361
0.732182
0.734007
0.735831
0.737647
0.739475
0.741284
0.743100
0.744921
0.746737
0.748547
0.750365
0.752142
0.753943
0.755746
0.757556
0.759326
0.761079
0.762868
0.764668
0.766436
0.768231
0.770010
0.771796
0.773585
0.775361
0.777141
0.778912
0.780652
0.782393
0.784152
0.785892
0.787618
0.789368
0.791100
0.792849
0.794617
0.796358
0.798095
0.799827
0.801565
0.803246
0.804989
0.806679
0.808396
0.810134
0.811862
0.813564
0.815275
0.816962
0.818675
0.820371
0.822055
0.823781
0.825458
0.827121
0.828850
0.830516
0.832176
0.833850
0.835531
0.837194
0.838866
0.840562
0.842212
0.843869
0.845529
0.847177
0.848804
0.850473
0.852120
0.853789
0.855437
0.857055
0.858718
0.860357
0.861992
0.863610
0.865243
0.866870
0.868491
0.870109
0.871718
0.873308
0.874911
0.876517
0.878123
0.879747
0.881365
0.882959
0.884586
0.886165
0.887737
0.889310
0.890880
0.892450
0.894002
0.895596
0.897154
0.898748
0.900321
0.901918
0.903461
0.905016
0.906562
0.908105
0.909660
0.911218
0.912767
0.914289
0.915814
0.917359
0.918849
0.920400
0.921934
0.923447
0.924990
0.926530
0.928046
0.929568
0.931078
0.932597
0.934113
0.935623
0.937115
0.938578
0.940103
0.941577
0.943078
0.944567
0.946062
0.947515
0.948980
0.950424
0.951922
0.953399
0.954882
0.956368
0.957842
0.959274
0.960727
0.962183
0.963625
0.965099
0.966516
0.967963
0.969395
0.970821
0.972253
0.973667
0.975126
0.976583
0.977988
0.979417
0.980840
0.982230
0.983620
0.985043
0.986452
0.987857
0.989244
0.990652
0.992006
0.993384
0.994787
0.996186
0.997588
0.998966
1.000356
1.001752
1.003128
1.004464
1.005836
1.007220
1.008559
1.009896
1.011277
1.012640
1.013931
1.015232
1.016577
1.017958
1.019291
1.020592
1.021967
1.023327
1.024657
1.025928
1.027264
1.028582
1.029921
1.031234
1.032534
1.033840
1.035161
1.036426
1.037720
1.039014
1.040315
1.041573
1.042882
1.044191
1.045492
1.046765
1.048023
1.049315
1.050579
1.051813
1.053060
1.054357
1.055648
1.056895
1.058126
1.059363
1.060610
1.061823
1.063046
1.064313
1.065586
1.066815
1.068043
1.069322
1.070560
1.071758
1.072933
1.074143
1.075398
1.076618
1.077795
1.079003
1.080228
1.081450
1.082589
1.083784
1.084971
1.086175
1.087365
1.088545
1.089747
1.090924
1.092113
1.093300
1.094462
1.095589
1.096739
1.097914
1.099082
1.100257
1.101377
1.102534
1.103705
1.104835
1.105937
1.107055
1.108220
1.109362
1.110491
1.111618
1.112762
1.113898
1.114997
1.116082
1.117190
1.118323
1.119416
1.120510
1.121634
1.122763
1.123821
1.124899
1.126029
1.127101
1.128165
1.129202
1.130268
1.131347
1.132425
1.133483
1.134556
1.135643
1.136758
1.137785
1.138807
1.139847
1.140904
1.141953
1.142974
1.144026
1.145069
1.146078
1.147127
1.148137
1.149113
1.150102
1.151097
1.152136
1.153122
1.154120
1.155162
1.156205
1.157203
1.158221
1.159237
1.160256
1.161238
1.162197
1.163171
1.164175
1.165133
1.166062
1.167036
1.168033
1.168983
1.169903
1.170838
1.171803
1.172758
1.173648
1.174535
1.175485
1.176458
1.177393
1.178331
1.179308
1.180275
1.181207
1.182157
1.183071
1.183993
1.184898
1.185791
1.186714
1.187625
1.188503
1.189413
1.190327
1.191205
1.192038
1.192883
1.193746
1.194620
1.195450
1.196295
1.197191
1.198084
1.198929
1.199762
1.200655
1.201535
1.202398
1.203258
1.204163
1.205056
1.205928
1.206784
1.207656
1.208522
1.209340
1.210125
1.210934
1.211764
1.212564
1.213346
1.214140
1.214964
1.215791
1.216540
1.217316
1.218110
1.218892
1.219661
1.220417
1.221187
1.221992
1.222795
1.223565
1.224371
1.225195
1.225986
1.226756
1.227544
1.228350
1.229138
1.229908
1.230666
1.231430
1.232179
1.232916
1.233623
1.234369
1.235112
1.235828
1.236526
1.237236
1.237961
1.238675
1.239349
1.240059
1.240778
1.241485
1.242165
1.242866
1.243552
1.244274
1.244966
1.245640
1.246374
1.247114
1.247803
1.248484
1.249191
1.249907
1.250599
1.251276
1.251965
1.252678
1.253361
1.254032
1.254673
1.255330
1.255974
1.256579
1.257202
1.257852
1.258490
1.259090
1.259716
1.260378
1.261013
1.261576
1.262167
1.262820
1.263431
1.263982
1.264536
1.265169
1.265807
1.266388
1.266927
1.267532
1.268183
1.268776
1.269321
1.269941
1.270573
1.271170
1.271730
1.272317
1.272931
1.273522
1.274085
1.274669
1.275274
1.275865
1.276407
1.276949
1.277500
1.278037
1.278513
1.279031
1.279583
1.280110
1.280562
1.281075
1.281644
1.282159
1.282591
1.283049
1.283588
1.284125
1.284577
1.285030
1.285545
1.286078
1.286543
1.286989
1.287477
1.288005
1.288466
1.288879
1.289353
1.289841
1.290303
1.290719
1.291174
1.291648
1.292118
1.292571
1.293035
1.293541
1.294036
1.294509
1.294985
1.295492
1.295971
1.296417
1.296873
1.297358
1.297817
1.298224
1.298647
1.299078
1.299506
1.299890
1.300273
1.300666
1.301064
1.301430
1.301759
1.302110
1.302467
1.302808
1.303111
1.303416
1.303776
1.304117
1.304438
1.304765
1.305100
1.305445
1.305765
1.306083
1.306406
1.306736
1.307039
1.307347
1.307662
1.307973
1.308264
1.308552
1.308854
1.309157
1.309423
1.309690
1.309969
1.310244
1.310511
1.310769
1.311029
1.311281
1.311530
1.311766
1.311997
1.312237
1.312467
1.312686
1.312917
1.313151
1.313372
1.313588
1.313804
1.314025
1.314265
1.314499
1.314741
1.314987
1.315254
1.315520
1.315784
1.316039
1.316305
1.316584
1.316857
1.317123
1.317396
1.317672
1.317947
1.318226
1.318483
1.318768
1.319050
1.319331
1.319592
1.319850
1.320125
1.320395
1.320647
1.320877
1.321087
1.321285
1.321488
1.321674
1.321854
1.322025
1.322181
1.322324
1.322471
1.322591
1.322690
1.322783
1.322873
1.322960
1.323017
1.323046
1.323082
1.323112
1.323130
1.323136
1.323136
1.323136
1.323136
1.323136
1.323136
1.323136
1.323136
1.323136
1.323136
1.323136
1.323088
1.322996
1.322888
1.322774
1.322654
1.322522
1.322393
1.322247
1.322100
1.321944
1.321776
1.321599
1.321441
1.321294
1.321120
1.320949
1.320790
1.320632
1.320461
1.320281
1.320092
1.319925
1.319766
1.319601
1.319424
1.319259
1.319113
1.318978
1.318849
1.318729
1.318606
1.318483
1.318367
1.318244
1.318124
1.318010
1.317890
1.317785
1.317704
1.317630
1.317534
1.317441
1.317381
1.317330
1.317267
1.317213
1.317189
1.317183
1.317171
1.317150
1.317141
1.317138
1.317138
1.317138
1.317138
1.317138
1.317138
1.317138
1.317138
1.317138
1.317138
1.317138
1.317138
1.317168
1.317228
1.317276
1.317345
1.317420
1.317495
1.317552
1.317603
1.317669
1.317731
1.317797
1.317851
1.317914
1.317974
1.318031
1.318094
1.318157
1.318205
1.318250
1.318301
1.318355
1.318394
1.318429
1.318465
1.318507
1.318543
1.318576
1.318600
1.318624
1.318663
1.318702
1.318732
1.318771
1.318810
1.318846
1.318873
1.318900
1.318918
1.318948
1.318972
1.318987
1.318996
1.319005
1.319020
1.319041
1.319056
1.319071
1.319074
1.319077
1.319095
1.319113
1.319116
1.319116
1.319128
1.319134
1.319134
1.319134
1.319134
1.319134
1.319134
1.319134
1.319134
1.319134
1.319134
1.319134
1.319134
1.319134
1.319134
1.319134
1.319134
1.319134
1.319134
1.319134
1.319134
1.319134
1.319134
1.319134
1.319134
1.319134
1.319134
1.319134
1.319134
1.319134
1.319134
1.319134
1.319134
1.319134
1.319134
1.319134
1.319134
1.319134
1.319134
1.319134
1.319134
1.319134
1.319134
1.319134
1.319134
1.319134
1.319134
1.319134
1.319134
1.319134
1.319134
1.319134
1.319134
1.319134
1.319134
1.319134
1.319134
1.319134
1.319134
1.319134
1.319134
1.319134
1.319134
1.319134
1.319134
1.319134
1.319134
1.319134
1.319134
1.319134
1.319134
1.319134
1.319134
1.319134
1.319134
1.319134
1.319134
1.319134
1.319134
1.319134
1.319134
1.319134
1.319134
1.319134
1.319134
1.319134
1.319134
1.319134
1.319134
1.319134
1.319134
1.319134
1.319134
1.319134
1.319134
1.319134
1.319134
1.319134
1.319134
1.319134
1.319134