2.965518
2.965518
2.965518
2.965518
2.965518
2.965518
2.965518
2.965518
2.965518
2.965518
2.965518
2.965518
2.965568
2.965730
2.965907
2.966129
2.966377
2.966662
2.966976
2.967318
2.967648
2.968034
2.968447
2.968897
2.969358
2.969874
2.970434
2.971018
2.971635
2.972295
2.972999
2.973745
2.974527
2.975357
2.976243
2.977157
2.978122
2.979110
2.980141
2.981217
2.982316
2.983479
2.984698
2.985960
2.987218
2.988566
2.989932
2.991340
2.992779
2.994256
2.995772
2.997314
2.998899
3.000577
3.002228
3.003969
3.005739
3.007579
3.009440
3.011372
3.013254
3.015228
3.017271
3.019279
3.021331
3.023458
3.025654
3.027793
3.030088
3.032338
3.034705
3.037036
3.039493
3.041953
3.044383
3.046935
3.049515
3.052121
3.054758
3.057433
3.060154
3.062952
3.065744
3.068585
3.071482
3.074415
3.077369
3.080377
3.083430
3.086522
3.089614
3.092775
3.096017
3.099282
3.102548
3.105883
3.109256
3.112594
3.116051
3.119494
3.123047
3.126633
3.130262
3.133824
3.137515
3.141284
3.145005
3.148759
3.152612
3.156312
3.160111
3.163883
3.167691
3.171562
3.175328
3.179085
3.182851
3.186659
3.190452
3.194269
3.198131
3.201918
3.205744
3.209579
3.213432
3.217234
3.221174
3.224871
3.228697
3.232586
3.236337
3.240100
3.244004
3.247800
3.251587
3.255398
3.259185
3.262993
3.266807
3.270564
3.274393
3.278150
3.281973
3.285763
3.289571
3.293301
3.297136
3.300935
3.304620
3.308458
3.312164
3.315888
3.319660
3.323399
3.327171
3.330907
3.334700
3.338439
3.342191
3.345984
3.349687
3.353414
3.357141
3.360883
3.364661
3.368355
3.372055
3.375773
3.379509
3.383195
3.386853
3.390586
3.394274
3.397965
3.401662
3.405362
3.409045
3.412775
3.416421
3.420130
3.423791
3.427398
3.431051
3.434703
3.438367
3.441953
3.445650
3.449237
3.452862
3.456514
3.460163
3.463771
3.467423
3.470991
3.474607
3.478191
3.481813
3.485396
3.489009
3.492542
3.496089
3.499684
3.503250
3.506755
3.510374
3.513885
3.517439
3.520983
3.524504
3.528042
3.531595
3.535095
3.538636
3.542120
3.545653
3.549119
3.552625
3.556100
3.559587
3.563087
3.566493
3.569966
3.573504
3.576946
3.580437
3.583876
3.587328
3.590755
3.594192
3.597649
3.601104
3.604450
3.607929
3.611308
3.614709
3.618115
3.621501
3.624898
3.628287
3.631613
3.635028
3.638396
3.641781
3.645164
3.648519
3.651875
3.655257
3.658538
3.661891
3.665213
3.668506
3.671862
3.675172
3.678471
3.681787
3.685098
3.688385
3.691752
3.694979
3.698302
3.701511
3.704818
3.708039
3.711356
3.714558
3.717818
3.721111
3.724266
3.727561
3.730740
3.733946
3.737128
3.740366
3.743566
3.746736
3.749999
3.753172
3.756353
3.759538
3.762744
3.765887
3.769066
3.772202
3.775342
3.778521
3.781670
3.784804
3.787932
3.791057
3.794146
3.797295
3.800395
3.803493
3.806627
3.809686
3.812748
3.815879
3.818944
3.822042
3.825155
3.828196
3.831243
3.834305
3.837346
3.840396
3.843506
3.846517
3.849555
3.852623
3.855646
3.858645
3.861710
3.864733
3.867714
3.870737
3.873733
3.876759
3.879770
3.882757
3.885750
3.888761
3.891775
3.894723
3.897749
3.900686
3.903622
3.906600
3.909590
3.912568
3.915507
3.918449
3.921373
3.924342
3.927252
3.930215
3.933226
3.936162
3.939014
3.941956
3.944871
3.947819
3.950711
3.953692
3.956562
3.959462
3.962371
3.965286
3.968187
3.971075
3.973963
3.976821
3.979697
3.982610
3.985501
3.988347
3.991241
3.994133
3.996979
3.999843
4.002734
4.005578
4.008432
4.011276
4.014101
4.016912
4.019746
4.022580
4.025450
4.028275
4.031077
4.033860
4.036727
4.039517
4.042315
4.045182
4.047956
4.050716
4.053541
4.056304
4.059111
4.061876
4.064666
4.067425
4.070208
4.072953
4.075709
4.078510
4.081240
4.083975
4.086731
4.089467
4.092185
4.094950
4.097670
4.100402
4.103138
4.105795
4.108486
4.111221
4.113921
4.116578
4.119275
4.121962
4.124626
4.127310
4.129920
4.132631
4.135355
4.137979
4.140636
4.143264
4.145898
4.148534
4.151159
4.153810
4.156465
4.159062
4.161678
4.164284
4.166927
4.169546
4.172179
4.174800
4.177401
4.179990
4.182584
4.185152
4.187768
4.190401
4.192966
4.195491
4.198053
4.200668
4.203212
4.205837
4.208368
4.210942
4.213486
4.216008
4.218549
4.221117
4.223693
4.226240
4.228796
4.231277
4.233889
4.236384
4.238886
4.241412
4.243956
4.246457
4.248920
4.251419
4.253911
4.256374
4.258939
4.261374
4.263855
4.266414
4.268898
4.271330
4.273835
4.276313
4.278758
4.281232
4.283674
4.286152
4.288645
4.291041
4.293483
4.295928
4.298349
4.300842
4.303305
4.305728
4.308146
4.310603
4.313030
4.315468
4.317910
4.320316
4.322716
4.325146
4.327534
4.329900
4.332309
4.334730
4.337139
4.339518
4.341887
4.344207
4.346624
4.348976
4.351340
4.353710
4.356041
4.358405
4.360739
4.363058
4.365401
4.367699
4.370045
4.372361
4.374673
4.376959
4.379270
4.381586
4.383877
4.386178
4.388467
4.390744
4.393030
4.395334
4.397575
4.399855
4.402112
4.404356
4.406609
4.408883
4.411129
4.413338
4.415585
4.417811
4.420034
4.422257
4.424459
4.426688
4.428911
4.431083
4.433268
4.435461
4.437635
4.439805
4.441980
4.444143
4.446315
4.448487
4.450675
4.452766
4.454956
4.457056
4.459168
4.461347
4.463432
4.465550
4.467665
4.469771
4.471863
4.473960
4.476060
4.478112
4.480176
4.482259
4.484317
4.486370
4.488413
4.490483
4.492559
4.494582
4.496637
4.498698
4.500690
4.502701
4.504726
4.506707
4.508726
4.510751
4.512750
4.514727
4.516735
4.518697
4.520669
4.522640
4.524629
4.526616
4.528596
4.530516
4.532506
4.534444
4.536389
4.538291
4.540251
4.542150
4.544083
4.545961
4.547884
4.549793
4.551683
4.553586
4.555486
4.557352
4.559234
4.561121
4.562963
4.564875
4.566709
4.568596
4.570421
4.572297
4.574115
4.575949
4.577803
4.579646
4.581464
4.583289
4.585102
4.586899
4.588751
4.590558
4.592337
4.594135
4.595908
4.597721
4.599519
4.601307
4.603069
4.604831
4.606619
4.608378
4.610155
4.611898
4.613657
4.615401
4.617132
4.618873
4.620647
4.622394
4.624128
4.625860
4.627568
4.629282
4.630986
4.632682
4.634384
4.636083
4.637754
4.639414
4.641101
4.642782
4.644463
4.646101
4.647770
4.649415
4.651057
4.652680
4.654323
4.655955
4.657600
4.659224
4.660857
4.662454
4.664086
4.665722
4.667343
4.668940
4.670549
4.672131
4.673737
4.675334
4.676934
4.678524
4.680110
4.681662
4.683208
4.684751
4.686278
4.687821
4.689361
4.690901
4.692411
4.693927
4.695392
4.696935
4.698436
4.699952
4.701453
4.702960
4.704437
4.705912
4.707400
4.708857
4.710343
4.711826
4.713279
4.714729
4.716194
4.717644
4.719091
4.720544
4.721997
4.723409
4.724844
4.726276
4.727672
4.729107
4.730503
4.731953
4.733346
4.734761
4.736148
4.737538
4.738943
4.740342
4.741738
4.743083
4.744453
4.745807
4.747167
4.748516
4.749861
4.751182
4.752488
4.753866
4.755170
4.756485
4.757845
4.759140
4.760491
4.761791
4.763082
4.764361
4.765662
4.766965
4.768236
4.769515
4.770797
4.772056
4.773335
4.774590
4.775851
4.777104
4.778356
4.779612
4.780870
4.782095
4.783327
4.784579
4.785799
4.787024
4.788252
4.789427
4.790667
4.791868
4.793067
4.794253
4.795445
4.796620
4.797810
4.798966
4.800138
4.801276
4.802435
4.803592
4.804758
4.805890
4.807032
4.808176
4.809320
4.810441
4.811576
4.812691
4.813808
4.814932
4.816055
4.817119
4.818219
4.819321
4.820388
4.821466
4.822527
4.823585
4.824627
4.825706
4.826760
4.827812
4.828861
4.829915
4.830946
4.831985
4.833001
4.834020
4.835032
4.836048
4.837064
4.838058
4.839047
4.840039
4.841019
4.841986
4.842972
4.843931
4.844890
4.845863
4.846834
4.847793
4.848773
4.849737
4.850696
4.851645
4.852590
4.853524
4.854477
4.855418
4.856326
4.857234
4.858147
4.859037
4.859930
4.860820
4.861698
4.862539
4.863432
4.864292
4.865155
4.865997
4.866836
4.867683
4.868528
4.869385
4.870218
4.871060
4.871914
4.872753
4.873601
4.874437
4.875278
4.876114
4.876945
4.877753
4.878559
4.879341
4.880117
4.880905
4.881672
4.882427
4.883185
4.883922
4.884659
4.885402
4.886136
4.886858
4.887592
4.888326
4.889049
4.889750
4.890471
4.891181
4.891916
4.892617
4.893315
4.894025
4.894720
4.895445
4.896149
4.896850
4.897548
4.898267
4.898956
4.899642
4.900322
4.900979
4.901623
4.902261
4.902875
4.903462
4.904050
4.904640
4.905230
4.905818
4.906386
4.906944
4.907513
4.908100
4.908685
4.909251
4.909838
4.910416
4.910995
4.911558
4.912118
4.912666
4.913203
4.913730
4.914245
4.914742
4.915258
4.915764
4.916253
4.916750
4.917241
4.917727
4.918248
4.918775
4.919293
4.919797
4.920300
4.920822
4.921325
4.921822
4.922311
4.922784
4.923243
4.923698
4.924138
4.924549
4.924962
4.925366
4.925756
4.926148
4.926541
4.926900
4.927251
4.927614
4.927967
4.928291
4.928635
4.928971
4.929304
4.929639
4.929963
4.930283
4.930613
4.930945
4.931278
4.931598
4.931904
4.932204
4.932491
4.932776
4.933049
4.933303
4.933549
4.933801
4.934040
4.934256
4.934481
4.934696
4.934900
4.935092
4.935281
4.935452
4.935631
4.935787
4.935943
4.936080
4.936227
4.936356
4.936470
4.936587
4.936697
4.936790
4.936886
4.936988
4.937084
4.937156
4.937240
4.937315
4.937387
4.937450
4.937510
4.937558
4.937617
4.937672
4.937722
4.937749
4.937788
4.937827
4.937863
4.937899
4.937929
4.937956
4.937986
4.938013
4.938040
4.938049
4.938058
4.938082
4.938109
4.938118
4.938124
4.938124
4.938124
4.938127
4.938127
4.938127
4.938127
4.938127
4.938127
4.938127
4.938127
4.938127
4.938127
4.938130
4.938133
4.938133
4.938133
4.938139
4.938145
4.938145
4.938145
4.938145
4.938145
4.938145
4.938145
4.938145
4.938145
4.938145
4.938145
4.938145
4.938148
4.938148
4.938148
4.938148
4.938148
4.938148
4.938148
4.938148
4.938148
4.938148
4.938148
4.938148
4.938148
4.938148
4.938148
4.938148
4.938148
4.938148
4.938148
4.938148
4.938148
4.938148
4.938148
4.938148
4.938148
4.938148
4.938148
4.938148
4.938148
4.938148
4.938148
4.938148
4.938148
4.938151
4.938157
4.938157
4.938157
4.938157
4.938157
4.938157
4.938157
4.938157
4.938157
4.938157
4.938157
4.938157
4.938157
4.938157
4.938157
4.938157
4.938157
4.938157
4.938157
4.938157
4.938157
4.938157
4.938157
4.938157
4.938157
4.938157
4.938157
4.938157
4.938157
4.938157
4.938157
4.938157
4.938157
4.938157
4.938157
4.938157
4.938157
4.938157
4.938157
4.938157
4.938157
4.938157
4.938157
4.938157
4.938157
4.938157
4.938157
4.938157
4.938157
4.938157
4.938157
4.938157
4.938157
4.938157
4.938157
4.938157
4.938157
4.938157
4.938157
4.938157
4.938157
4.938157
4.938157
4.938157
4.938157
4.938160
4.938160
4.938160
4.938160
4.938160
4.938160
4.938160
4.938160
4.938160
4.938160
4.938160
4.938160
4.938160
4.938160
4.938160
4.938160
4.938160
4.938160
4.938160
4.938160
4.938160
4.938160
4.938160
4.938160
4.938160
4.938160
4.938160
4.938160
4.938160
4.938160
4.938160
4.938160
4.938160
4.938160
4.938160
4.938160
4.938160
4.938160
4.938160
4.938160
4.938160
4.938160
4.938160
4.938160
4.938160
4.938160
4.938160
4.938160
4.938160
4.938160
4.938160
4.938160
4.938160
4.938160
4.938160
4.938160
4.938160
4.938160
4.938160
4.938160
4.938160
4.938160
4.938160
4.938160
4.938160
4.938160
4.938160
4.938160
4.938160
4.938160
4.938160
4.938160
4.938160
4.938160
4.938160
4.938160
4.938160
4.938160
4.938160
4.938160
4.938160
4.938160
4.938160
4.938160
4.938160
4.938160
4.938160
4.938160
4.938160
4.938160
4.938160
4.938160
4.938160
4.938160
4.938160
4.938160
4.938160
4.938160
4.938160
4.938160