1.177849
1.177849
1.177849
1.177849
1.177849
1.177849
1.177849
1.177849
1.177998
1.178232
1.178556
1.178936
1.179332
1.179757
1.180308
1.180973
1.181618
1.182247
1.183056
1.184053
1.185057
1.186016
1.187091
1.188437
1.189839
1.191145
1.192595
1.194276
1.196005
1.197781
1.199567
1.201496
1.203573
1.205676
1.207797
1.210041
1.212426
1.214829
1.217322
1.219985
1.222661
1.225411
1.228350
1.231271
1.234345
1.237437
1.240610
1.243930
1.247348
1.250782
1.254260
1.257909
1.261588
1.265396
1.269273
1.273210
1.277288
1.281359
1.285500
1.289820
1.294260
1.298614
1.303087
1.307692
1.312494
1.317306
1.322202
1.327019
1.332044
1.337245
1.342569
1.347677
1.352974
1.358523
1.364146
1.369695
1.375292
1.381191
1.387177
1.393010
1.399009
1.405201
1.411475
1.417713
1.424008
1.430482
1.437130
1.443808
1.450391
1.457219
1.464209
1.471133
1.478185
1.485397
1.492635
1.499889
1.507247
1.514782
1.522344
1.530035
1.537699
1.545513
1.553563
1.561437
1.569481
1.577693
1.585959
1.594291
1.602746
1.611219
1.619842
1.628431
1.636955
1.645599
1.654233
1.662778
1.671449
1.680167
1.688658
1.697416
1.706056
1.714775
1.723568
1.732254
1.740966
1.749826
1.758571
1.767182
1.776011
1.784748
1.793436
1.802110
1.810840
1.819607
1.828370
1.837044
1.845693
1.854469
1.863265
1.871957
1.880714
1.889613
1.898268
1.907122
1.915726
1.924469
1.933259
1.941978
1.950633
1.959361
1.968160
1.976816
1.985540
1.994202
2.002980
2.011576
2.020292
2.028971
2.037816
2.046456
2.055112
2.063854
2.072561
2.081183
2.089842
2.098597
2.107186
2.115791
2.124497
2.133228
2.141704
2.150497
2.159030
2.167611
2.176269
2.184880
2.193497
2.202131
2.210688
2.219281
2.227852
2.236364
2.244930
2.253613
2.262040
2.270450
2.279076
2.287600
2.296097
2.304611
2.313012
2.321623
2.330051
2.338464
2.346964
2.355401
2.363927
2.372337
2.380750
2.389286
2.397732
2.406271
2.414507
2.423075
2.431455
2.439871
2.448323
2.456742
2.465146
2.473637
2.482107
2.490412
2.498819
2.507292
2.515711
2.524141
2.532518
2.540955
2.549374
2.557727
2.566242
2.574490
2.583020
2.591304
2.599732
2.608211
2.616504
2.624890
2.633336
2.641710
2.650099
2.658478
2.666852
2.675226
2.683729
2.691998
2.700300
2.708687
2.716992
2.725405
2.733725
2.742084
2.750395
2.758712
2.767029
2.775346
2.783720
2.791929
2.800327
2.808734
2.816859
2.825170
2.833469
2.841765
2.849989
2.858277
2.866459
2.874764
2.883102
2.891257
2.899529
2.907687
2.915975
2.924187
2.932420
2.940659
2.948850
2.956973
2.965167
2.973313
2.981495
2.989603
2.997821
3.005958
3.014054
3.022248
3.030352
3.038399
3.046498
3.054662
3.062689
3.070754
3.078855
3.086894
3.094959
3.103033
3.111078
3.119116
3.127167
3.135145
3.143160
3.151198
3.159215
3.167212
3.175259
3.183220
3.191240
3.199389
3.207221
3.215233
3.223316
3.231262
3.239216
3.247243
3.255200
3.263206
3.271166
3.279115
3.287168
3.295152
3.303062
3.311089
3.319001
3.327013
3.334970
3.342892
3.350846
3.358831
3.366749
3.374671
3.382697
3.390667
3.398588
3.406516
3.414485
3.422458
3.430293
3.438175
3.446232
3.454066
3.462000
3.469882
3.477774
3.485765
3.493560
3.501446
3.509344
3.517172
3.524989
3.532923
3.540751
3.548631
3.556493
3.564312
3.572147
3.580003
3.587834
3.595690
3.603462
3.611236
3.619080
3.626828
3.634678
3.642392
3.650143
3.657909
3.665756
3.673327
3.681200
3.688873
3.696741
3.704330
3.712081
3.719766
3.727478
3.735165
3.742844
3.750481
3.758178
3.765893
3.773464
3.781161
3.788720
3.796378
3.804048
3.811610
3.819226
3.826866
3.834446
3.842005
3.849624
3.857162
3.864772
3.872289
3.879812
3.887428
3.895008
3.902447
3.910009
3.917613
3.925088
3.932629
3.940242
3.947649
3.955247
3.962770
3.970218
3.977804
3.985243
3.992748
4.000283
4.007738
4.015203
4.022748
4.030277
4.037800
4.045173
4.052679
4.060294
4.067626
4.075200
4.082672
4.090123
4.097595
4.105034
4.112527
4.119997
4.127376
4.134932
4.142338
4.149849
4.157310
4.164734
4.172209
4.179636
4.187106
4.194530
4.202062
4.209531
4.216958
4.224469
4.231774
4.239315
4.246730
4.254283
4.261626
4.269032
4.276484
4.283845
4.291404
4.298801
4.306172
4.313638
4.321116
4.328540
4.335851
4.343329
4.350678
4.358132
4.365458
4.372873
4.380306
4.387605
4.394936
4.402351
4.409682
4.417119
4.424381
4.431683
4.439092
4.446507
4.453685
4.460990
4.468450
4.475754
4.483071
4.490297
4.497509
4.504882
4.512124
4.519425
4.526730
4.533959
4.541197
4.548454
4.555710
4.563009
4.570154
4.577387
4.584640
4.591813
4.599069
4.606281
4.613441
4.620709
4.627864
4.634944
4.642221
4.649373
4.656584
4.663685
4.670861
4.677922
4.685149
4.692312
4.699362
4.706463
4.713674
4.720736
4.727918
4.735009
4.742002
4.749184
4.756338
4.763355
4.770399
4.777646
4.784705
4.791800
4.798915
4.805986
4.813015
4.820109
4.827348
4.834275
4.841504
4.848515
4.855591
4.862725
4.869703
4.876803
4.884063
4.891077
4.898115
4.905239
4.912274
4.919356
4.926451
4.933414
4.940482
4.947565
4.954614
4.961643
4.968680
4.975739
4.982849
4.989851
4.996814
5.003905
5.010934
5.017957
5.024938
5.032032
5.039028
5.046015
5.052969
5.060040
5.067014
5.074001
5.080982
5.087963
5.094958
5.101912
5.108887
5.115895
5.122834
5.129773
5.136765
5.143740
5.150574
5.157672
5.164503
5.171403
5.178336
5.185319
5.192193
5.199113
5.205950
5.212838
5.219792
5.226596
5.233448
5.240363
5.247191
5.254067
5.260991
5.267735
5.274566
5.281433
5.288183
5.294999
5.301788
5.308496
5.315268
5.322110
5.328810
5.335649
5.342253
5.349153
5.355681
5.362584
5.369205
5.375923
5.382610
5.389261
5.395936
5.402617
5.409254
5.415890
5.422580
5.429123
5.435754
5.442435
5.448993
5.455612
5.462272
5.468806
5.475389
5.482121
5.488646
5.495186
5.501811
5.508336
5.514898
5.521366
5.527885
5.534489
5.541095
5.547587
5.554032
5.560555
5.567146
5.573641
5.580163
5.586659
5.593140
5.599671
5.606140
5.612632
5.619152
5.625545
5.631987
5.638668
5.644948
5.651482
5.657935
5.664317
5.670788
5.677191
5.683618
5.690068
5.696488
5.702897
5.709261
5.715822
5.722156
5.728547
5.734946
5.741336
5.747715
5.754097
5.760460
5.766851
5.773239
5.779572
5.785948
5.792362
5.798702
5.804967
5.811367
5.817700
5.824018
5.830397
5.836671
5.843011
5.849386
5.855609
5.861934
5.868300
5.874532
5.880806
5.887119
5.893339
5.899765
5.906015
5.912280
5.918460
5.924695
5.930954
5.937275
5.943483
5.949766
5.955965
5.962158
5.968485
5.974651
5.980824
5.987001
5.993242
5.999438
6.005574
6.011775
6.017939
6.024155
6.030231
6.036418
6.042458
6.048609
6.054757
6.060977
6.066999
6.073132
6.079208
6.085365
6.091402
6.097505
6.103551
6.109695
6.115604
6.121791
6.127795
6.133874
6.139899
6.145912
6.151913
6.158055
6.163969
6.170012
6.175969
6.182128
6.187977
6.193987
6.199967
6.205965
6.211960
6.217925
6.223893
6.229865
6.235794
6.241741
6.247715
6.253629
6.259597
6.265521
6.271435
6.277343
0.000159
0.005962
0.011921
0.017913
0.023729
0.029598
0.035560
0.041417
0.047269
0.053183
0.059055
0.064907
0.070908
0.076663
0.082517
0.088417
0.094238
0.100131
0.106018
0.111846
0.117745
0.123605
0.129400
0.135209
0.141162
0.146981
0.152745
0.158665
0.164475
0.170257
0.176138
0.181971
0.187793
0.193635
0.199441
0.205260
0.211066
0.216899
0.222658
0.228539
0.234280
0.240113
0.245895
0.251702
0.257478
0.263287
0.269037
0.274810
0.280644
0.286390
0.292148
0.297940
0.303695
0.309469
0.315218
0.320991
0.326714
0.332583
0.338207
0.344049
0.349679
0.355455
0.361223
0.366930
0.372611
0.378327
0.384032
0.389763
0.395473
0.401262
0.406915
0.412575
0.418339
0.423981
0.429664
0.435354
0.441046
0.446754
0.452449
0.458052
0.463772
0.469392
0.475022
0.480708
0.486374
0.491985
0.497573
0.503269
0.508868
0.514540
0.520175
0.525724
0.531348
0.537076
0.542592
0.548167
0.553752
0.559334
0.564906
0.570518
0.576019
0.581591
0.587179
0.592716
0.598247
0.603864
0.609359
0.614899
0.620477
0.625912
0.631506
0.637021
0.642555
0.648035
0.653545
0.659004
0.664498
0.669969
0.675548
0.680983
0.686468
0.691924
0.697449
0.702980
0.708421
0.713828
0.719374
0.724731
0.730199
0.735613
0.741018
0.746455
0.751941
0.757358
0.762793
0.768234
0.773609
0.778936
0.784469
0.789763
0.795225
0.800579
0.805969
0.811485
0.816779
0.822175
0.827583
0.833000
0.838356
0.843683
0.849052
0.854529
0.859868
0.865195
0.870603
0.875951
0.881377
0.886692
0.892046
0.897427
0.902703
0.908144
0.913456
0.918795
0.924185
0.929532
0.934802
0.940174
0.945564
0.950855
0.956206
0.961533
0.966872
0.972205
0.977544
0.982850
0.988156
0.993543
0.998846
1.004146
1.009464
1.014839
1.020061
1.025412
1.030694
1.036000
1.041321
1.046663
1.051990
1.057281
1.062590
1.067869
1.073235
1.078499
1.083781
1.089078
1.094342
1.099661
1.104889
1.110222
1.115468
1.120735
1.126032
1.131293
1.136542
1.141809
1.147043
1.152340
1.157571
1.162844
1.168096
1.173313
1.178559
1.183820
1.189048
1.194264
1.199534
1.204801
1.209990
1.215200
1.220384
1.225588
1.230807
1.236104
1.241251
1.246464
1.251617
1.256816
1.262053
1.267281
1.272392
1.277659
1.282761
1.287951
1.293128
1.298248
1.303407
1.308594
1.313777
1.318903
1.324053
1.329197
1.334327
1.339489
1.344618
1.349804
1.354844
1.359955
1.365096
1.370225
1.375301
1.380421
1.385568
1.390643
1.395782
1.400869
1.405920
1.411050
1.416146
1.421236
1.426204
1.431357
1.436360
1.441430
1.446496
1.451523
1.456587
1.461674
1.466701
1.471753
1.476762
1.481774
1.486892
1.491871
1.496869
1.501905
1.506887
1.511879
1.516855
1.521958
1.526835
1.531854
1.536869
1.541764
1.546798
1.551810
1.556721
1.561673
1.566704
1.571668
1.576627
1.581657
1.586511
1.591559
1.596527
1.601365
1.606422
1.611351
1.616246
1.621196
1.626136
1.631092
1.636041
1.640958
1.645872
1.650875
1.655800
1.660705
1.665777
1.670652
1.675443
1.680488
1.685333
1.690261
1.695193
1.700073
1.705017
1.709960
1.714847
1.719796
1.724710
1.729593
1.734522
1.739459
1.744397
1.749262
1.754149
1.759098
1.763931
1.768815
1.773653
1.778585
1.783480
1.788340
1.793262
1.798188
1.803012
1.807838
1.812722
1.817623
1.822522
1.827349
1.832220
1.837074
1.841945
1.846763
1.851599
1.856473
1.861279
1.866192
1.870986
1.875882
1.880675
1.885526
1.890365
1.895188
1.900069
1.904821
1.909716
1.914588
1.919363
1.924145
1.929008
1.933823
1.938583
1.943332
1.948162
1.952931
1.957740
1.962504
1.967270
1.972058
1.976891
1.981640
1.986451
1.991215
1.995991
2.000769
2.005503
2.010309
2.015058
2.019773
2.024519
2.029274
2.033978
2.038741
2.043496
2.048197
2.052868
2.057649
2.062386
2.067102
2.071788
2.076510
2.081136
2.085914
2.090504
2.095235
2.100038
2.104571
2.109245
2.113933
2.118592
2.123269
2.127940
2.132575
2.137246
2.141863
2.146539
2.151156
2.155842
2.160396
2.165007
2.169654
2.174298
2.178828
2.183511
2.188005
2.192637
2.197275
2.201787
2.206428
2.211039
2.215551
2.220087
2.224668
2.229246
2.233791
2.238324
2.242845
2.247354
2.251965
2.256375
2.260977
2.265528
2.270022
2.274510
2.279034
2.283522
2.288151
2.292555
2.297046
2.301525
2.306052
2.310514
2.314960
2.319463
2.323879
2.328337
2.332882
2.337295
2.341748
2.346200
2.350613
2.355029
2.359556
2.364008
2.368427
2.372838
2.377275
2.381715
2.386140
2.390556
2.394960
2.399410
2.403775
2.408146
2.412598
2.417041
2.421422
2.425775
2.430167
2.434559
2.439041
2.443386
2.447814
2.452209
2.456556
2.460958
2.465290
2.469691
2.474023
2.478457
2.482745
2.487101
2.491484
2.495847
2.500164
2.504574
2.508898
2.513278
2.517616
2.521945
2.526310
2.530664
2.534957
2.539278
2.543631
2.547951
2.552269
2.556577
2.560867
2.565193
2.569541
2.573861
2.578089
2.582510
2.586729
2.591118
2.595370
2.599666
2.603917
2.608226
2.612492
2.616794
2.621112
2.625336
2.629591
2.633890
2.638144
2.642396
2.646674
2.650926
2.655246
2.659476
2.663731
2.667961
2.672272
2.676455
2.680694
2.684985
2.689110
2.693368
2.697616
2.701819
2.706041
2.710244
2.714442
2.718723
2.722954
2.727112
2.731298
2.735510
2.739720
2.743887
2.748109
2.752315
2.756390
2.760659
2.764791
2.768958
2.773192
2.777305
2.781485
2.785625
2.789745
2.793951
2.798077
2.802202
2.806364
2.810481
2.814624
2.818732
2.822899
2.826965
2.831078
2.835213
2.839306
2.843401
2.847527
2.851604
2.855706
2.859811
2.863900
2.867966
2.872056
2.876109
2.880172
2.884291
2.888321
2.892366
2.896410
2.900425
2.904491
2.908535
2.912589
2.916619
2.920666
2.924705
2.928657
2.932687
2.936716
2.940743
2.944710
2.948797
2.952706
2.956778
2.960673
2.964694
2.968705
2.972666
2.976630
2.980650
2.984545
2.988599
2.992530
2.996506
3.000472
3.004400
3.008298
3.012232
3.016199
3.020043
3.024036
3.027952
3.031856
3.035775
3.039730
3.043622
3.047544
3.051387
3.055276
3.059264
3.063111
3.066994
3.070889
3.074769
3.078660
3.082570
3.086408
3.090288
3.094123
3.097979
3.101841
3.105628
3.109499
3.113271
3.117214
3.120983
3.124845
3.128683
3.132500
3.136356
3.140188
3.143956
3.147789
3.151603
3.155380
3.159162
3.163002
3.166739
3.170508
3.174330
3.178102
3.181905
3.185704
3.189449
3.193263
3.197047
3.200807
3.204561
3.208321
3.212090
3.215856
3.219607
3.223358
3.227109
3.230827
3.234593
3.238338
3.242080
3.245792
3.249490
3.253280
3.257007
3.260713
3.264464
3.268170
3.271888
3.275630
3.279276
3.283015
3.286728
3.290380
3.294062
3.297726
3.301438
3.305156
3.308856
3.312497
3.316173
3.319909
3.323567
3.327264
3.330910
3.334542
3.338191
3.341810
3.345432
3.349078
3.352752
3.356365
3.359996
3.363660
3.367244
3.370887
3.374563
3.378152
3.381843
3.385421
3.389019
3.392614
3.396215
3.399766
3.403340
3.406911
3.410465
3.414051
3.417646
3.421191
3.424756
3.428342
3.431916
3.435461
3.439059
3.442574
3.446160
3.449704
3.453218
3.456739
3.460256
3.463792
3.467294
3.470850
3.474329
3.477843
3.481297
3.484794
3.488335
3.491820
3.495265
3.498780
3.502213
3.505751
3.509179
3.512669
3.516082
3.519530
3.522994
3.526412
3.529843
3.533279
3.536695
3.540131
3.543571
3.546989
3.550375
3.553763
3.557176
3.560552
3.563962
3.567314
3.570664
3.574034
3.577384
3.580749
3.584149
3.587445
3.590776
3.594129
3.597445
3.600798
3.604097
3.607402
3.610646
3.613981
3.617297
3.620566
3.623880
3.627163
3.630381
3.633650
3.636904
3.640181
3.643450
3.646662
3.649942
3.653202
3.656426
3.659710
3.662894
3.666112
3.669321
3.672581
3.675741
3.678914
3.682099
3.685266
3.688454
3.691651
3.694793
3.697939
3.701115
3.704258
3.707416
3.710592
3.713768
3.716892
3.720011
3.723112
3.726219
3.729350
3.732472
3.735570
3.738668
3.741742
3.744843
3.747952
3.751024
3.754112
3.757195
3.760212
3.763277
3.766360
3.769404
3.772472
3.775516
3.778515
3.781553
3.784636
3.787593
3.790565
3.793579
3.796566
3.799562
3.802588
3.805594
3.808593
3.811631
3.814561
3.817542
3.820553
3.823525
3.826506
3.829457
3.832390
3.835341
3.838331
3.841187
3.844171
3.847095
3.850004
3.852901
3.855834
3.858720
3.861623
3.864511
3.867411
3.870311
3.873218
3.876124
3.879015
3.881843
3.884681
3.887575
3.890406
3.893321
3.896221
3.899041
3.901839
3.904682
3.907534
3.910375
3.913224
3.916055
3.918844
3.921649
3.924450
3.927254
3.930047
3.932851
3.935637
3.938421
3.941180
3.943916
3.946681
3.949473
3.952233
3.955007
3.957754
3.960466
3.963231
3.966041
3.968777
3.971497
3.974224
3.976932
3.979665
3.982394
3.985120
3.987841
3.990558
3.993261
3.995939
3.998666
4.001368
4.004082
4.006803
4.009475
4.012160
4.014841
4.017457
4.020129
4.022817
4.025528
4.028135
4.030843
4.033453
4.036110
4.038774
4.041389
4.044026
4.046695
4.049323
4.051911
4.054563
4.057190
4.059833
4.062449
4.065034
4.067620
4.070217
4.072812
4.075416
4.078034
4.080602
4.083163
4.085749
4.088319
4.090911
4.093488
4.096043
4.098641
4.101193
4.103680
4.106233
4.108761
4.111299
4.113852
4.116384
4.118885
4.121396
4.123913
4.126396
4.128889
4.131430
4.133961
4.136457
4.138929
4.141413
4.143881
4.146353
4.148828
4.151294
4.153780
4.156216
4.158703
4.161124
4.163562
4.166076
4.168494
4.170945
4.173363
4.175831
4.178222
4.180652
4.183073
4.185493
4.187926
4.190317
4.192687
4.195081
4.197448
4.199841
4.202232
4.204614
4.206987
4.209387
4.211736
4.214091
4.216464
4.218771
4.221186
4.223507
4.225851
4.228172
4.230533
4.232852
4.235150
4.237502
4.239830
4.242113
4.244477
4.246754
4.249073
4.251380
4.253651
4.255940
4.258217
4.260509
4.262798
4.265060
4.267337
4.269584
4.271864
4.274117
4.276328
4.278593
4.280816
4.283075
4.285289
4.287530
4.289753
4.292012
4.294214
4.296429
4.298657
4.300875
4.303047
4.305282
4.307418
4.309632
4.311834
4.314030
4.316212
4.318410
4.320568
4.322746
4.324912
4.327069
4.329232
4.331401
4.333553
4.335707
4.337867
4.339985
4.342088
4.344254
4.346343
4.348464
4.350567
4.352658
4.354804
4.356901
4.358995
4.361101
4.363237
4.365269
4.367378
4.369436
4.371500
4.373562
4.375635
4.377694
4.379749
4.381813
4.383844
4.385888
4.387916
4.389920
4.391928
4.393947
4.395969
4.397980
4.399996
4.402007
4.403993
4.405988
4.408008
4.409925
4.411911
4.413844
4.415839
4.417790
4.419749
4.421706
4.423644
4.425612
4.427524
4.429468
4.431395
4.433303
4.435233
4.437123
4.439035
4.440943
4.442840
4.444724
4.446630
4.448499
4.450363
4.452214
4.454069
4.455942
4.457799
4.459651
4.461520
4.463333
4.465190
4.467033
4.468843
4.470667
4.472459
4.474266
4.476036
4.477855
4.479622
4.481408
4.483185
4.484962
4.486714
4.488506
4.490273
4.491993
4.493710
4.495453
4.497200
4.498923
4.500646
4.502354
4.504046
4.505730
4.507420
4.509130
4.510823
4.512483
4.514155
4.515833
4.517508
4.519167
4.520833
4.522454
4.524060
4.525681
4.527293
4.528916
4.530552
4.532152
4.533815
4.535409
4.536985
4.538552
4.540122
4.541718
4.543273
4.544832
4.546381
4.547945
4.549502
4.551006
4.552570
4.554146
4.555680
4.557202
4.558709
4.560205
4.561720
4.563218
4.564713
4.566217
4.567695
4.569157
4.570640
4.572120
4.573561
4.575026
4.576494
4.577950
4.579376
4.580811
4.582195
4.583628
4.585039
4.586480
4.587855
4.589263
4.590680
4.592062
4.593454
4.594820
4.596193
4.597577
4.598967
4.600325
4.601712
4.603084
4.604453
4.605822
4.607176
4.608531
4.609879
4.611203
4.612543
4.613842
4.615128
4.616419
4.617738
4.619038
4.620320
4.621614
4.622891
4.624155
4.625449
4.626714
4.627984
4.629233
4.630483
4.631723
4.632943
4.634189
4.635399
4.636625
4.637835
4.639070
4.640289
4.641505
4.642713
4.643920
4.645157
4.646350
4.647554
4.648711
4.649912
4.651099
4.652246
4.653390
4.654556
4.655706
4.656851
4.658008
4.659122
4.660243
4.661378
4.662487
4.663583
4.664719
4.665800
4.666900
4.668036
4.669120
4.670219
4.671304
4.672383
4.673446
4.674507
4.675555
4.676625
4.677698
4.678755
4.679813
4.680843
4.681853
4.682890
4.683918
4.684936
4.685955
4.686979
4.687977
4.688981
4.689991
4.690970
4.691965
4.692963
4.693951
4.694931
4.695926
4.696899
4.697885
4.698862
4.699818
4.700752
4.701702
4.702628
4.703551
4.704458
4.705342
4.706250
4.707158
4.708042
4.708934
4.709788
4.710654
4.711523
4.712401
4.713276
4.714154
4.715041
4.715927
4.716820
4.717704
4.718579
4.719445
4.720304
4.721143
4.721973
4.722785
4.723591
4.724397
4.725215
4.725982
4.726758
4.727498
4.728262
4.729044
4.729781
4.730548
4.731315
4.732070
4.732825
4.733571
4.734323
4.735096
4.735884
4.736654
4.737412
4.738194
4.738958
4.739740
4.740510
4.741277
4.742038
4.742775
4.743509
4.744228
4.744914
4.745603
4.746289
4.746957
4.747626
4.748276
4.748920
4.749561
4.750202
4.750867
4.751505
4.752159
4.752806
4.753444
4.754070
4.754699
4.755320
4.755946
4.756578
4.757204
4.757818
4.758451
4.759070
4.759706
4.760359
4.760997
4.761629
4.762259
4.762876
4.763484
4.764089
4.764673
4.765251
4.765830
4.766369
4.766905
4.767408
4.767906
4.768418
4.768921
4.769401
4.769877
4.770357
4.770824
4.771321
4.771804
4.772292
4.772750
4.773239
4.773706
4.774177
4.774641
4.775111
4.775579
4.776043
4.776493
4.776924
4.777343
4.777760
4.778185
4.778593
4.778997
4.779399
4.779794
4.780178
4.780570
4.780963
4.781361
4.781778
4.782179
4.782575
4.782979
4.783395
4.783809
4.784216
4.784606
4.784986
4.785361
4.785748
4.786122
4.786490
4.786865
4.787242
4.787599
4.787938
4.788261
4.788555
4.788833
4.789124
4.789409
4.789669
4.789918
4.790158
4.790382
4.790598
4.790814
4.791011
4.791212
4.791416
4.791608
4.791776
4.791943
4.792126
4.792294
4.792459
4.792608
4.792737
4.792869
4.793001
4.793130
4.793250
4.793364
4.793474
4.793582
4.793690
4.793801
4.793903
4.794014
4.794130
4.794250
4.794364
4.794481
4.794607
4.794733
4.794849
4.794972
4.795077
4.795170
4.795272
4.795371
4.795452
4.795538
4.795622
4.795700
4.795778
4.795844
4.795889
4.795937
4.796000
4.796063
4.796099
4.796144
4.796177
4.796210
4.796234
4.796248
4.796255
4.796255
4.796264
4.796267
4.796269
4.796269
4.796269
4.796269
4.796269
4.796269
4.796269
4.796269
4.796269
4.796269
4.796269
4.796269
4.796269
4.796269
4.796269
4.796269
4.796269
4.796246
4.796216
4.796198
4.796165
4.796147
4.796135
4.796120
4.796093
4.796072
4.796048
4.796030
4.796015
4.795997
4.795970
4.795958
4.795952
4.795943
4.795934
4.795934
4.795925
4.795919
4.795919
4.795919
4.795919
4.795919
4.795919
4.795919
4.795919
4.795919
4.795919
4.795919
4.795919
4.795919
4.795919
4.795919
4.795919
4.795919
4.795919
4.795919
4.795919
4.795919
4.795919
4.795919
4.795919
4.795919
4.795919
4.795919
4.795919
4.795919
4.795919
4.795919
4.795919
4.795919
4.795919
4.795919
4.795919
4.795919
4.795919
4.795919
4.795919
4.795919
4.795919
4.795919
4.795919
4.795919
4.795919
4.795919
4.795919
4.795919
4.795919
4.795919
4.795919
4.795919
4.795919
4.795919
4.795919
4.795919
4.795919
4.795919
4.795919
4.795919
4.795919
4.795919
4.795919
4.795919
4.795919
4.795919
4.795919
4.795919
4.795919
4.795919
4.795919
4.795919
4.795919
4.795919
4.795919
4.795919
4.795919
4.795919
4.795919
4.795919
4.795919
4.795919
4.795919
4.795919
4.795919
4.795919
4.795919
4.795919
4.795919
4.795919
4.795919
4.795919
4.795919
4.795919
4.795919
4.795919
4.795919
4.795919
4.795919