6.001317
6.001317
6.001317
6.001317
6.001317
6.001317
6.001317
6.001317
6.001317
6.001317
6.001317
6.001317
6.001535
6.001843
6.002182
6.002554
6.002985
6.003456
6.004007
6.004672
6.005442
6.006293
6.007252
6.008315
6.009439
6.010652
6.011919
6.013288
6.014676
6.016168
6.017708
6.019343
6.021072
6.022900
6.024820
6.026831
6.028976
6.031190
6.033467
6.035825
6.038273
6.040739
6.043345
6.046023
6.048795
6.051626
6.054601
6.057609
6.060710
6.063937
6.067200
6.070537
6.073997
6.077590
6.081149
6.084840
6.088609
6.092450
6.096429
6.100441
6.104584
6.108725
6.112979
6.117362
6.121785
6.126255
6.130857
6.135581
6.140339
6.145223
6.150101
6.155071
6.160257
6.165329
6.170641
6.175888
6.181367
6.186883
6.192390
6.198085
6.203868
6.209638
6.215540
6.221553
6.227593
6.233747
6.239964
6.246343
6.252772
6.259205
6.265802
6.272462
6.279131
0.002738
0.009692
0.016595
0.023708
0.030871
0.038083
0.045411
0.052880
0.060305
0.067888
0.075620
0.083290
0.091098
0.099047
0.107070
0.115082
0.123096
0.131068
0.139176
0.147235
0.155328
0.163453
0.171614
0.179778
0.188053
0.196188
0.204190
0.212468
0.220420
0.228587
0.236655
0.244718
0.252771
0.260915
0.269139
0.277303
0.285554
0.293670
0.301823
0.309993
0.318181
0.326196
0.334210
0.342320
0.350392
0.358673
0.366744
0.374828
0.382980
0.391141
0.399192
0.407257
0.415286
0.423397
0.431420
0.439569
0.447617
0.455748
0.463867
0.471918
0.479986
0.488091
0.496060
0.504066
0.512119
0.520052
0.528091
0.536168
0.544114
0.552170
0.560319
0.568238
0.576273
0.584279
0.592206
0.600284
0.608232
0.616157
0.624010
0.632072
0.640164
0.648044
0.656040
0.663854
0.671728
0.679775
0.687517
0.695555
0.703417
0.711345
0.719230
0.727200
0.734995
0.742938
0.750791
0.758598
0.766541
0.774343
0.782129
0.790120
0.797889
0.805783
0.813552
0.821429
0.829236
0.837071
0.844906
0.852687
0.860521
0.868389
0.876170
0.884013
0.891857
0.899641
0.907547
0.915202
0.923148
0.930791
0.938608
0.946535
0.954259
0.962180
0.969898
0.977691
0.985541
0.993378
1.001138
1.008934
1.016697
1.024633
1.032522
1.040198
1.047946
1.055813
1.063510
1.071369
1.079179
1.087029
1.094765
1.102534
1.110302
1.118098
1.125939
1.133738
1.141473
1.149374
1.157077
1.164861
1.172662
1.180320
1.188197
1.195963
1.203654
1.211443
1.219188
1.226972
1.234780
1.242471
1.250080
1.257972
1.265651
1.273369
1.281147
1.288852
1.296573
1.304261
1.312030
1.319610
1.327373
1.335192
1.342764
1.350472
1.358196
1.365932
1.373584
1.381320
1.388897
1.396534
1.404222
1.411859
1.419537
1.427237
1.434841
1.442424
1.450079
1.457785
1.465269
1.473074
1.480591
1.488219
1.495805
1.503442
1.511028
1.518701
1.526299
1.533756
1.541417
1.548880
1.556514
1.564103
1.571623
1.579212
1.586813
1.594252
1.601910
1.609442
1.617010
1.624614
1.632045
1.639709
1.647202
1.654713
1.662281
1.669834
1.677423
1.684931
1.692517
1.700049
1.707632
1.715308
1.722759
1.730387
1.737874
1.745463
1.752995
1.760629
1.768170
1.775670
1.783295
1.790806
1.798215
1.805849
1.813384
1.820931
1.828487
1.835923
1.843623
1.851101
1.858645
1.866189
1.873770
1.881197
1.888732
1.896354
1.903859
1.911352
1.918908
1.926404
1.933870
1.941489
1.948851
1.956470
1.963882
1.971336
1.978889
1.986394
1.993860
2.001303
2.008907
2.016211
2.023863
2.031272
2.038693
2.046157
2.053632
2.061044
2.068576
2.075973
2.083347
2.090750
2.098195
2.105616
2.112981
2.120405
2.127814
2.135220
2.142579
2.149952
2.157373
2.164711
2.171985
2.179394
2.186702
2.193994
2.201325
2.208705
2.216000
2.223250
2.230576
2.237856
2.245152
2.252441
2.259703
2.266981
2.274333
2.281521
2.288744
2.296022
2.303221
2.310469
2.317737
2.324838
2.332106
2.339422
2.346493
2.353822
2.360955
2.368104
2.375327
2.382455
2.389604
2.396980
2.404032
2.411184
2.418366
2.425637
2.432777
2.439820
2.446990
2.454222
2.461326
2.468505
2.475647
2.482733
2.489938
2.497012
2.504290
2.511321
2.518464
2.525654
2.532692
2.539925
2.546992
2.554150
2.561251
2.568387
2.575452
2.582550
2.589689
2.596892
2.603806
2.611054
2.618107
2.625162
2.632200
2.639508
2.646378
2.653586
2.660639
2.667703
2.674768
2.681857
2.688906
2.695980
2.703084
2.710113
2.717174
2.724248
2.731256
2.738386
2.745319
2.752441
2.759341
2.766513
2.773446
2.780463
2.787495
2.794482
2.801414
2.808578
2.815538
2.822435
2.829463
2.836420
2.843398
2.850466
2.857342
2.864272
2.871262
2.878158
2.885139
2.891988
2.898918
2.905878
2.912805
2.919687
2.926587
2.933514
2.940381
2.947328
2.954156
2.961119
2.967794
2.974754
2.981597
2.988413
2.995298
3.002045
3.009041
3.015776
3.022607
3.029402
3.036239
3.043037
3.049818
3.056648
3.063405
3.070068
3.077007
3.083658
3.090423
3.097242
3.103947
3.110631
3.117328
3.124105
3.130888
3.137554
3.144205
3.150919
3.157601
3.164321
3.171089
3.177725
3.184364
3.191162
3.197727
3.204378
3.211038
3.217845
3.224494
3.231133
3.237799
3.244516
3.251086
3.257869
3.264428
3.271055
3.277757
3.284346
3.290997
3.297672
3.304270
3.310915
3.317548
3.324229
3.330868
3.337520
3.344039
3.350667
3.357336
3.363972
3.370449
3.377187
3.383776
3.390349
3.396973
3.403643
3.410111
3.416819
3.423393
3.429891
3.436467
3.443068
3.449617
3.456199
3.462755
3.469289
3.475842
3.482424
3.488922
3.495454
3.501973
3.508502
3.515021
3.521523
3.528057
3.534508
3.541066
3.547546
3.554054
3.560522
3.566979
3.573441
3.579820
3.586360
3.592859
3.599273
3.605715
3.612135
3.618511
3.625036
3.631391
3.637883
3.644175
3.650617
3.656923
3.663389
3.669854
3.676107
3.682411
3.688792
3.695231
3.701457
3.707967
3.714130
3.720617
3.726872
3.733125
3.739432
3.745801
3.752072
3.758313
3.764652
3.770839
3.777116
3.783387
3.789646
3.795832
3.802106
3.808290
3.814621
3.820748
3.826950
3.833094
3.839422
3.845597
3.851802
3.857959
3.864092
3.870338
3.876423
3.882544
3.888722
3.894831
3.901021
3.907130
3.913242
3.919387
3.925526
3.931668
3.937765
3.943903
3.949995
3.956098
3.962215
3.968339
3.974298
3.980515
3.986526
3.992625
3.998752
4.004775
4.010844
4.016953
4.023008
4.029063
4.035223
4.041147
4.047300
4.053329
4.059378
4.065397
4.071445
4.077504
4.083526
4.089611
4.095582
4.101634
4.107656
4.113705
4.119661
4.125743
4.131735
4.137752
4.143753
4.149835
4.155731
4.161807
4.167742
4.173716
4.179774
4.185757
4.191695
4.197705
4.203703
4.209633
4.215685
4.221500
4.227555
4.233547
4.239503
4.245436
4.251377
4.257318
4.263220
4.269215
4.275133
4.281074
4.286952
4.292827
4.298807
4.304686
4.310642
4.316535
4.322509
4.328345
4.334266
4.340171
4.346043
4.351936
4.357866
4.363636
4.369532
4.375438
4.381271
4.387131
4.393057
4.398807
4.404643
4.410501
4.416337
4.422152
4.428021
4.433783
4.439613
4.445458
4.451163
4.456990
4.462781
4.468510
4.474325
4.480129
4.485839
4.491624
4.497422
4.503156
4.508837
4.514589
4.520380
4.526011
4.531760
4.537440
4.543169
4.548876
4.554548
4.560243
4.565894
4.571625
4.577228
4.582923
4.588613
4.594243
4.599845
4.605516
4.611164
4.616767
4.622366
4.628038
4.633616
4.639255
4.644870
4.650457
4.655997
4.661609
4.667230
4.672703
4.678381
4.683825
4.689424
4.694916
4.700587
4.706103
4.711589
4.717234
4.722702
4.728193
4.733739
4.739275
4.744803
4.750301
4.755778
4.761318
4.766819
4.772337
4.777802
4.783371
4.788812
4.794322
4.799883
4.805305
4.810803
4.816259
4.821748
4.827213
4.832714
4.838047
4.843547
4.849015
4.854459
4.859876
4.865344
4.870767
4.876193
4.881639
4.887071
4.892485
4.897935
4.903369
4.908681
4.914215
4.919497
4.924995
4.930310
4.935724
4.941126
4.946546
4.951840
4.957248
4.962677
4.967995
4.973366
4.978777
4.984140
4.989395
4.994869
5.000157
5.005433
5.010877
5.016096
5.021492
5.026807
5.032080
5.037419
5.042734
5.048031
5.053337
5.058643
5.063922
5.069228
5.074531
5.079726
5.085023
5.090335
5.095584
5.100786
5.106131
5.111311
5.116539
5.121782
5.126983
5.132211
5.137403
5.142706
5.147842
5.153139
5.158250
5.163466
5.168616
5.173725
5.178977
5.184202
5.189280
5.194430
5.199557
5.204677
5.209830
5.214926
5.220047
5.225194
5.230251
5.235428
5.240420
5.245561
5.250618
5.255694
5.260778
5.265814
5.270827
5.275941
5.280915
5.285942
5.290951
5.295988
5.300910
5.306043
5.310977
5.315969
5.320942
5.325969
5.330862
5.335853
5.340785
5.345740
5.350762
5.355609
5.360538
5.365490
5.370317
5.375225
5.380171
5.385025
5.389878
5.394786
5.399624
5.404481
5.409347
5.414182
5.419051
5.423907
5.428725
5.433519
5.438354
5.443142
5.447963
5.452735
5.457514
5.462323
5.467102
5.471787
5.476614
5.481336
5.486045
5.490803
5.495576
5.500313
5.505032
5.509750
5.514433
5.519137
5.523868
5.528539
5.533206
5.537970
5.542596
5.547300
5.552091
5.556630
5.561325
5.566016
5.570705
5.575316
5.579996
5.584565
5.589248
5.593919
5.598521
5.603119
5.607781
5.612425
5.616949
5.621587
5.626219
5.630803
5.635411
5.639947
5.644642
5.649175
5.653729
5.658358
5.662861
5.667427
5.672023
5.676526
5.681086
5.685658
5.690161
5.694712
5.699251
5.703742
5.708242
5.712766
5.717278
5.721787
5.726350
5.730865
5.735353
5.739874
5.744320
5.748725
5.753225
5.757695
5.762135
5.766677
5.771016
5.775546
5.779998
5.784384
5.788767
5.793264
5.797662
5.802088
5.806468
5.810818
5.815273
5.819770
5.824022
5.828501
5.832875
5.837249
5.841573
5.845947
5.850303
5.854660
5.859040
5.863339
5.867725
5.872078
5.876435
5.880740
5.885097
5.889345
5.893701
5.898057
5.902312
5.906593
5.910902
5.915215
5.919482
5.923809
5.928120
5.932335
5.936602
5.940898
5.945158
5.949392
5.953664
5.957910
5.962137
5.966383
5.970598
5.974843
5.979043
5.983289
5.987519
5.991714
5.995879
6.000157
6.004327
6.008540
6.012713
6.016890
6.021060
6.025267
6.029428
6.033542
6.037713
6.041862
6.045960
6.050113
6.054254
6.058349
6.062478
6.066574
6.070669
6.074824
6.078926
6.082998
6.087126
6.091171
6.095225
6.099341
6.103335
6.107401
6.111466
6.115493
6.119580
6.123631
6.127627
6.131645
6.135681
6.139698
6.143605
6.147713
6.151680
6.155673
6.159685
6.163649
6.167636
6.171609
6.175597
6.179594
6.183542
6.187473
6.191434
6.195428
6.199281
6.203287
6.207178
6.211145
6.215082
6.219016
6.222923
6.226841
6.230775
6.234685
6.238547
6.242502
6.246397
6.250250
6.254162
6.258063
6.261922
6.265817
6.269685
6.273595
6.277451
6.281340
0.001932
0.005809
0.009686
0.013494
0.017383
0.021146
0.025041
0.028819
0.032711
0.036513
0.040381
0.044195
0.047985
0.051808
0.055607
0.059421
0.063262
0.067055
0.070872
0.074671
0.078437
0.082227
0.086029
0.089798
0.093582
0.097402
0.101132
0.104913
0.108718
0.112445
0.116208
0.119935
0.123683
0.127485
0.131266
0.135035
0.138723
0.142495
0.146235
0.149911
0.153683
0.157461
0.161119
0.164903
0.168582
0.172300
0.176021
0.179751
0.183469
0.187197
0.190861
0.194558
0.198249
0.202009
0.205646
0.209358
0.212996
0.216684
0.220387
0.224042
0.227697
0.231388
0.235053
0.238714
0.242405
0.246087
0.249727
0.253394
0.257014
0.260693
0.264324
0.267913
0.271607
0.275173
0.278819
0.282453
0.286078
0.289686
0.293347
0.296963
0.300516
0.304121
0.307725
0.311344
0.314939
0.318574
0.322130
0.325722
0.329306
0.332895
0.336457
0.340046
0.343582
0.347147
0.350718
0.354266
0.357828
0.361411
0.364959
0.368479
0.372023
0.375562
0.379130
0.382638
0.386150
0.389679
0.393214
0.396711
0.400243
0.403808
0.407263
0.410756
0.414250
0.417764
0.421281
0.424721
0.428274
0.431726
0.435159
0.438632
0.442134
0.445579
0.449058
0.452506
0.455934
0.459442
0.462888
0.466360
0.469791
0.473203
0.476664
0.480109
0.483501
0.487000
0.490368
0.493867
0.497222
0.500656
0.504033
0.507439
0.510816
0.514213
0.517668
0.521020
0.524424
0.527830
0.531180
0.534571
0.537945
0.541315
0.544674
0.548060
0.551367
0.554777
0.558102
0.561476
0.564808
0.568154
0.571483
0.574814
0.578158
0.581457
0.584791
0.588129
0.591442
0.594753
0.598073
0.601377
0.604679
0.607990
0.611258
0.614560
0.617874
0.621115
0.624405
0.627680
0.630921
0.634250
0.637495
0.640722
0.643978
0.647256
0.650522
0.653751
0.656975
0.660223
0.663471
0.666673
0.669888
0.673145
0.676348
0.679536
0.682747
0.685926
0.689129
0.692374
0.695531
0.698782
0.701949
0.705125
0.708310
0.711497
0.714694
0.717828
0.720992
0.724153
0.727326
0.730510
0.733623
0.736817
0.739900
0.743091
0.746177
0.749365
0.752469
0.755581
0.758709
0.761822
0.764950
0.768111
0.771149
0.774265
0.777354
0.780506
0.783532
0.786677
0.789742
0.792834
0.795917
0.798982
0.802074
0.805142
0.808186
0.811278
0.814394
0.817411
0.820470
0.823535
0.826549
0.829599
0.832661
0.835690
0.838725
0.841802
0.844771
0.847806
0.850871
0.853861
0.856884
0.859988
0.862900
0.865968
0.868973
0.871936
0.874980
0.877979
0.880984
0.883992
0.886988
0.889943
0.892966
0.895902
0.898967
0.901876
0.904956
0.907901
0.910825
0.913848
0.916775
0.919735
0.922677
0.925659
0.928625
0.931555
0.934476
0.937469
0.940396
0.943338
0.946265
0.949208
0.952111
0.955038
0.957974
0.960901
0.963846
0.966815
0.969644
0.972634
0.975453
0.978413
0.981232
0.984154
0.987045
0.989990
0.992887
0.995739
0.998627
1.001522
1.004380
1.007295
1.010189
1.013041
1.015918
1.018809
1.021631
1.024477
1.027354
1.030170
1.033013
1.035868
1.038745
1.041579
1.044452
1.047220
1.050088
1.052913
1.055702
1.058543
1.061386
1.064202
1.067036
1.069844
1.072651
1.075461
1.078266
1.081049
1.083862
1.086709
1.089492
1.092257
1.095077
1.097839
1.100643
1.103430
1.106195
1.108948
1.111759
1.114536
1.117286
1.120043
1.122751
1.125516
1.128303
1.130996
1.133798
1.136527
1.139256
1.141971
1.144718
1.147490
1.150156
1.152951
1.155636
1.158344
1.161074
1.163782
1.166467
1.169148
1.171898
1.174601
1.177297
1.179928
1.182666
1.185324
1.188005
1.190702
1.193398
1.196118
1.198764
1.201439
1.204088
1.206776
1.209397
1.212093
1.214736
1.217376
1.220015
1.222664
1.225312
1.227925
1.230561
1.233219
1.235864
1.238477
1.241098
1.243690
1.246317
1.248975
1.251552
1.254143
1.256753
1.259383
1.261936
1.264548
1.267095
1.269714
1.272311
1.274837
1.277408
1.280026
1.282579
1.285119
1.287678
1.290225
1.292795
1.295303
1.297850
1.300387
1.302946
1.305463
1.307961
1.310538
1.313046
1.315550
1.318067
1.320590
1.323130
1.325641
1.328155
1.330638
1.333176
1.335603
1.338150
1.340615
1.343135
1.345571
1.348094
1.350559
1.353013
1.355482
1.357950
1.360431
1.362897
1.365315
1.367763
1.370231
1.372664
1.375136
1.377572
1.380022
1.382407
1.384825
1.387255
1.389667
1.392085
1.394496
1.396914
1.399350
1.401753
1.404132
1.406529
1.408910
1.411286
1.413695
1.416056
1.418477
1.420868
1.423187
1.425563
1.427935
1.430263
1.432591
1.434964
1.437334
1.439692
1.442023
1.444375
1.446730
1.449082
1.451398
1.453722
1.456083
1.458402
1.460685
1.462995
1.465317
1.467660
1.469988
1.472289
1.474587
1.476918
1.479231
1.481445
1.483773
1.486008
1.488351
1.490628
1.492887
1.495164
1.497423
1.499673
1.501932
1.504197
1.506438
1.508694
1.510944
1.513191
1.515450
1.517748
1.519959
1.522146
1.524384
1.526634
1.528870
1.531078
1.533301
1.535551
1.537765
1.539976
1.542190
1.544386
1.546606
1.548823
1.550998
1.553198
1.555403
1.557572
1.559750
1.561937
1.564097
1.566245
1.568429
1.570584
1.572759
1.574907
1.577064
1.579221
1.581384
1.583539
1.585672
1.587820
1.589959
1.592092
1.594223
1.596368
1.598456
1.600613
1.602725
1.604828
1.606956
1.609041
1.611141
1.613241
1.615327
1.617415
1.619551
1.621588
1.623716
1.625831
1.627871
1.629983
1.632054
1.634145
1.636212
1.638250
1.640296
1.642363
1.644454
1.646486
1.648511
1.650590
1.652643
1.654686
1.656756
1.658779
1.660834
1.662880
1.664881
1.666934
1.668935
1.670936
1.672962
1.674987
1.676986
1.678993
1.680997
1.683017
1.685003
1.686983
1.688970
1.690944
1.692945
1.694938
1.696909
1.698899
1.700897
1.702860
1.704822
1.706787
1.708726
1.710670
1.712612
1.714565
1.716522
1.718445
1.720401
1.722343
1.724302
1.726229
1.728149
1.730070
1.731987
1.733905
1.735831
1.737752
1.739654
1.741554
1.743507
1.745391
1.747276
1.749179
1.751096
1.752969
1.754844
1.756750
1.758625
1.760525
1.762403
1.764285
1.766145
1.768030
1.769887
1.771730
1.773608
1.775415
1.777279
1.779160
1.780979
1.782836
1.784676
1.786500
1.788361
1.790251
1.792052
1.793868
1.795713
1.797529
1.799341
1.801169
1.802958
1.804737
1.806580
1.808339
1.810145
1.811949
1.813735
1.815562
1.817324
1.819136
1.820901
1.822684
1.824433
1.826258
1.828011
1.829790
1.831504
1.833317
1.835048
1.836828
1.838563
1.840319
1.842059
1.843818
1.845490
1.847281
1.849016
1.850748
1.852447
1.854172
1.855886
1.857639
1.859313
1.861057
1.862735
1.864449
1.866124
1.867846
1.869527
1.871238
1.872904
1.874599
1.876295
1.877982
1.879672
1.881323
1.882994
1.884660
1.886335
1.887971
1.889625
1.891243
1.892935
1.894553
1.896201
1.897822
1.899488
1.901085
1.902744
1.904410
1.906028
1.907622
1.909249
1.910867
1.912473
1.914069
1.915690
1.917269
1.918848
1.920391
1.921988
1.923558
1.925140
1.926737
1.928334
1.929907
1.931480
1.933052
1.934640
1.936156
1.937756
1.939263
1.940821
1.942370
1.943874
1.945378
1.946930
1.948476
1.949980
1.951547
1.953057
1.954594
1.956125
1.957641
1.959154
1.960667
1.962168
1.963660
1.965143
1.966590
1.968061
1.969512
1.970974
1.972469
1.973982
1.975486
1.976960
1.978449
1.979947
1.981409
1.982838
1.984249
1.985681
1.987113
1.988500
1.989906
1.991320
1.992803
1.994211
1.995676
1.997090
1.998570
2.000002
2.001395
2.002783
2.004206
2.005623
2.006980
2.008364
2.009733
2.011127
2.012475
2.013814
2.015198
2.016582
2.017958
2.019330
2.020723
2.022134
2.023518
2.024870
2.026203
2.027578
2.028938
2.030241
2.031578
2.032893
2.034223
2.035532
2.036851
2.038148
2.039484
2.040824
2.042163
2.043499
2.044838
2.046160
2.047475
2.048781
2.050084
2.051361
2.052640
2.053898
2.055166
2.056424
2.057670
2.058932
2.060199
2.061493
2.062779
2.064052
2.065331
2.066620
2.067902
2.069136
2.070401
2.071656
2.072887
2.074110
2.075320
2.076522
2.077726
2.078918
2.080123
2.081345
2.082568
2.083787
2.085001
2.086235
2.087451
2.088647
2.089848
2.091079
2.092272
2.093449
2.094633
2.095816
2.096982
2.098114
2.099271
2.100394
2.101524
2.102680
2.103831
2.104969
2.106156
2.107306
2.108445
2.109604
2.110752
2.111890
2.113017
2.114128
2.115279
2.116405
2.117496
2.118625
2.119740
2.120845
2.121924
2.122993
2.124069
2.125160
2.126241
2.127299
2.128410
2.129516
2.130564
2.131613
2.132710
2.133761
2.134831
2.135849
2.136916
2.137989
2.139028
2.140074
2.141140
2.142222
2.143262
2.144253
2.145275
2.146312
2.147316
2.148304
2.149281
2.150311
2.151339
2.152304
2.153305
2.154299
2.155306
2.156274
2.157235
2.158212
2.159201
2.160189
2.161148
2.162155
2.163174
2.164159
2.165103
2.166068
2.167021
2.167925
2.168827
2.169732
2.170643
2.171556
2.172437
2.173366
2.174313
2.175230
2.176152
2.177045
2.177998
2.178870
2.179739
2.180617
2.181525
2.182408
2.183265
2.184155
2.185108
2.185997
2.186845
2.187717
2.188613
2.189476
2.190267
2.191064
2.191918
2.192763
2.193551
2.194341
2.195213
2.196079
2.196882
2.197670
2.198497
2.199336
2.200109
2.200852
2.201661
2.202494
2.203285
2.204049
2.204843
2.205682
2.206494
2.207248
2.208034
2.208854
2.209663
2.210409
2.211143
2.211905
2.212647
2.213346
2.214041
2.214772
2.215500
2.216195
2.216884
2.217621
2.218364
2.219053
2.219748
2.220482
2.221213
2.221872
2.222519
2.223206
2.223904
2.224548
2.225171
2.225842
2.226540
2.227199
2.227844
2.228529
2.229222
2.229914
2.230606
2.231286
2.231975
2.232661
2.233305
2.233938
2.234576
2.235175
2.235777
2.236376
2.236948
2.237545
2.238132
2.238719
2.239312
2.239929
2.240535
2.241119
2.241679
2.242257
2.242830
2.243375
2.243905
2.244447
2.245002
2.245544
2.246083
2.246620
2.247165
2.247713
2.248265
2.248771
2.249301
2.249846
2.250386
2.250928
2.251479
2.252043
2.252606
2.253157
2.253702
2.254254
2.254808
2.255341
2.255851
2.256375
2.256896
2.257379
2.257861
2.258352
2.258859
2.259344
2.259787
2.260246
2.260725
2.261175
2.261591
2.262002
2.262436
2.262870
2.263275
2.263667
2.264075
2.264494
2.264881
2.265273
2.265693
2.266100
2.266487
2.266876
2.267272
2.267658
2.268039
2.268401
2.268773
2.269147
2.269507
2.269851
2.270196
2.270561
2.270918
2.271271
2.271610
2.271984
2.272347
2.272706
2.273060
2.273443
2.273812
2.274199
2.274591
2.274983
2.275388
2.275780
2.276170
2.276562
2.276955
2.277314
2.277677
2.278069
2.278444
2.278797
2.279151
2.279510
2.279882
2.280221
2.280538
2.280841
2.281125
2.281398
2.281665
2.281925
2.282180
2.282429
2.282677
2.282923
2.283166
2.283375
2.283582
2.283813
2.284029
2.284223
2.284427
2.284634
2.284840
2.285023
2.285221
2.285416
2.285607
2.285790
2.285976
2.286162
2.286335
2.286506
2.286683
2.286881
2.287060
2.287219
2.287387
2.287567
2.287750
2.287902
2.288055
2.288232
2.288406
2.288553
2.288693
2.288831
2.288972
2.289110
2.289233
2.289358
2.289487
2.289613
2.289730
2.289850
2.289961
2.290056
2.290138
2.290233
2.290326
2.290395
2.290461
2.290533
2.290602
2.290665
2.290728
2.290776
2.290829
2.290884
2.290928
2.290955
2.290988
2.291021
2.291039
2.291060
2.291075
2.291084
2.291093
2.291105
2.291105
2.291105
2.291105
2.291105
2.291105
2.291105
2.291105
2.291105
2.291105
2.291105
2.291105
2.291105
2.291105
2.291105
2.291102
2.291057
2.291006
2.290943
2.290880
2.290842
2.290797
2.290743
2.290698
2.290659
2.290614
2.290563
2.290509
2.290455
2.290407
2.290359
2.290314
2.290263
2.290206
2.290161
2.290125
2.290090
2.290060
2.290015
2.289982
2.289952
2.289928
2.289889
2.289856
2.289826
2.289799
2.289775
2.289748
2.289715
2.289691
2.289673
2.289658
2.289634
2.289619
2.289607
2.289601
2.289592
2.289580
2.289562
2.289544
2.289538
2.289529
2.289523
2.289517
2.289517
2.289517
2.289517
2.289517
2.289517
2.289511
2.289511
2.289511
2.289511
2.289511
2.289511
2.289511
2.289511
2.289511
2.289511
2.289511
2.289511
2.289511
2.289511
2.289511
2.289511
2.289511
2.289511
2.289511
2.289511
2.289511
2.289511
2.289511
2.289511
2.289511
2.289511
2.289511
2.289511
2.289511
2.289511
2.289511
2.289511
2.289511
2.289511
2.289511
2.289511
2.289511
2.289511
2.289511
2.289511
2.289511
2.289511
2.289511
2.289511
2.289511
2.289511
2.289511
2.289511
2.289511
2.289511
2.289511
2.289511
2.289511
2.289511
2.289511
2.289511
2.289511
2.289511
2.289511
2.289511
2.289511
2.289511
2.289511
2.289511
2.289511
2.289511
2.289511
2.289511
2.289511
2.289511
2.289511
2.289511
2.289511
2.289511
2.289511
2.289511
2.289511
2.289511
2.289511
2.289511
2.289511
2.289511
2.289511
2.289511
2.289511
2.289511
2.289511
2.289511
2.289511
2.289511
2.289511
2.289511
2.289511
2.289511
2.289511
2.289511
2.289511
2.289511
2.289511
2.289511