4.847122
4.847122
4.847122
4.847122
4.847122
4.847122
4.847122
4.847146
4.847278
4.847469
4.847736
4.848059
4.848434
4.848898
4.849443
4.850058
4.850765
4.851544
4.852397
4.853317
4.854315
4.855397
4.856574
4.857853
4.859184
4.860595
4.862060
4.863621
4.865260
4.867024
4.868852
4.870772
4.872768
4.874808
4.876971
4.879227
4.881549
4.883937
4.886454
4.888949
4.891628
4.894340
4.897171
4.900056
4.903079
4.906126
4.909314
4.912531
4.915842
4.919249
4.922817
4.926415
4.930119
4.933804
4.937680
4.941581
4.945590
4.949701
4.953892
4.958170
4.962479
4.966856
4.971398
4.975913
4.980701
4.985491
4.990264
4.995267
5.000244
5.005307
5.010544
5.015797
5.021109
5.026528
5.032089
5.037728
5.043342
5.049176
5.055039
5.060971
5.067080
5.073159
5.079358
5.085695
5.092052
5.098512
5.105121
5.111751
5.118447
5.125306
5.132304
5.139198
5.146278
5.153409
5.160686
5.168074
5.175438
5.182994
5.190661
5.198256
5.206001
5.213902
5.221817
5.229775
5.237879
5.245986
5.254178
5.262537
5.270938
5.279447
5.287757
5.296123
5.304530
5.313134
5.321442
5.329939
5.338313
5.346846
5.355115
5.363719
5.371914
5.380375
5.388749
5.397117
5.405649
5.414023
5.422427
5.430750
5.439184
5.447612
5.455959
5.464366
5.472809
5.481018
5.489443
5.497757
5.506191
5.514415
5.522711
5.531127
5.539492
5.547899
5.556108
5.564560
5.572691
5.580970
5.589478
5.597714
5.606038
5.614310
5.622618
5.630854
5.639039
5.647446
5.655674
5.663963
5.672170
5.680385
5.688711
5.696911
5.705153
5.713485
5.721704
5.729951
5.738230
5.746499
5.754687
5.763019
5.771063
5.779447
5.787694
5.795811
5.804041
5.812337
5.820487
5.828708
5.836946
5.845138
5.853461
5.861571
5.869739
5.877918
5.886178
5.894261
5.902515
5.910688
5.918730
5.926877
5.935040
5.943133
5.951246
5.959372
5.967467
5.975616
5.983654
5.991723
5.999704
6.007944
6.015898
6.023987
6.032044
6.040055
6.048046
6.056105
6.064105
6.072119
6.080116
6.088112
6.096073
6.104156
6.112051
6.119978
6.127903
6.135881
6.143839
6.151796
6.159676
6.167609
6.175612
6.183414
6.191314
6.199221
6.207040
6.214923
6.222836
6.230647
6.238517
6.246418
6.254120
6.261928
6.269943
6.277627
0.002268
0.010106
0.017868
0.025667
0.033511
0.041340
0.049027
0.056952
0.064766
0.072442
0.080192
0.087985
0.095781
0.103676
0.111318
0.119096
0.126913
0.134739
0.142462
0.150186
0.158033
0.165712
0.173394
0.181154
0.188895
0.196751
0.204529
0.212136
0.220036
0.227679
0.235415
0.243055
0.250830
0.258539
0.266346
0.274055
0.281776
0.289518
0.297092
0.304819
0.312534
0.320272
0.328041
0.335693
0.343336
0.351033
0.358790
0.366433
0.374118
0.381883
0.389511
0.397154
0.404830
0.412440
0.420110
0.427789
0.435414
0.443039
0.450718
0.458310
0.465905
0.473560
0.481164
0.488759
0.496387
0.504030
0.511496
0.519247
0.526743
0.534314
0.541906
0.549426
0.556976
0.564490
0.572082
0.579557
0.587233
0.594624
0.602165
0.609757
0.617286
0.624738
0.632330
0.639784
0.647232
0.654818
0.662263
0.669711
0.677196
0.684635
0.692137
0.699600
0.707033
0.714467
0.721939
0.729330
0.736760
0.744220
0.751681
0.759012
0.766463
0.773785
0.781225
0.788604
0.795998
0.803362
0.810763
0.818157
0.825509
0.832916
0.840247
0.847632
0.855104
0.862448
0.869776
0.877224
0.884562
0.891956
0.899341
0.906717
0.914175
0.921419
0.928849
0.936166
0.943554
0.950879
0.958262
0.965605
0.972978
0.980370
0.987680
0.995008
1.002483
1.009827
1.017251
1.024576
1.031932
1.039293
1.046687
1.053992
1.061338
1.068795
1.076004
1.083416
1.090795
1.098094
1.105476
1.112933
1.120183
1.127533
1.134948
1.142190
1.149536
1.156942
1.164214
1.171521
1.178882
1.186255
1.193464
1.200906
1.208217
1.215425
1.222816
1.230034
1.237341
1.244724
1.252058
1.259341
1.266628
1.273902
1.281180
1.288508
1.295746
1.302976
1.310385
1.317594
1.324745
1.332035
1.339261
1.346565
1.353771
1.361099
1.368290
1.375513
1.382884
1.390023
1.397235
1.404419
1.411646
1.418917
1.426093
1.433187
1.440432
1.447545
1.454759
1.462036
1.469110
1.476226
1.483443
1.490679
1.497764
1.504952
1.512083
1.519222
1.526374
1.533471
1.540620
1.547784
1.554869
1.561916
1.569074
1.576210
1.583302
1.590504
1.597620
1.604739
1.611896
1.618946
1.626112
1.633216
1.640383
1.647372
1.654647
1.661637
1.668773
1.675895
1.682975
1.690045
1.697194
1.704316
1.711428
1.718601
1.725573
1.732793
1.739900
1.746949
1.753999
1.761259
1.768260
1.775358
1.782621
1.789547
1.796654
1.803806
1.810897
1.818004
1.825111
1.832226
1.839294
1.846484
1.853480
1.860605
1.867726
1.874755
1.881844
1.889034
1.896129
1.903035
1.910226
1.917272
1.924340
1.931432
1.938499
1.945591
1.952778
1.959729
1.966827
1.973907
1.980941
1.987964
1.995047
2.002082
2.009128
2.016199
2.023090
2.030146
2.037210
2.044275
2.051244
2.058372
2.065316
2.072393
2.079407
2.086334
2.093312
2.100298
2.107375
2.114248
2.121367
2.128254
2.135134
2.142162
2.149062
2.156004
2.162919
2.169834
2.176836
2.183843
2.190680
2.197697
2.204591
2.211467
2.218391
2.225276
2.232086
2.238965
2.245841
2.252624
2.259539
2.266571
2.273252
2.280146
2.287007
2.293855
2.300645
2.307554
2.314322
2.321141
2.327972
2.334746
2.341550
2.348360
2.355128
2.361908
2.368754
2.375471
2.382239
2.389067
2.395850
2.402588
2.409342
2.416149
2.422839
2.429694
2.436396
2.443173
2.449893
2.456589
2.463351
2.470114
2.476795
2.483494
2.490346
2.497117
2.503678
2.510605
2.517274
2.523953
2.530742
2.537453
2.544125
2.550944
2.557595
2.564325
2.570988
2.577672
2.584365
2.591094
2.597787
2.604457
2.611171
2.617870
2.624584
2.631283
2.637920
2.644640
2.651360
2.658011
2.664671
2.671335
2.677971
2.684658
2.691336
2.697976
2.704618
2.711272
2.717839
2.724533
2.731190
2.737775
2.744358
2.751027
2.757672
2.764230
2.770977
2.777461
2.784067
2.790679
2.797283
2.803823
2.810430
2.816988
2.823576
2.830186
2.836657
2.843221
2.849864
2.856341
2.862936
2.869536
2.875995
2.882521
2.889148
2.895530
2.902157
2.908589
2.915196
2.921649
2.928174
2.934607
2.941082
2.947586
2.954126
2.960535
2.967075
2.973451
2.979913
2.986385
2.992821
2.999250
3.005682
3.012130
3.018461
3.024914
3.031236
3.037638
3.044179
3.050507
3.056960
3.063324
3.069702
3.076009
3.082436
3.088751
3.095100
3.101439
3.107782
3.114125
3.120545
3.126801
3.133021
3.139457
3.145694
3.151989
3.158389
3.164539
3.171005
3.177195
3.183600
3.189856
3.196175
3.202425
3.208749
3.214993
3.221294
3.227586
3.233814
3.240046
3.246434
3.252605
3.258840
3.265096
3.271451
3.277658
3.283905
3.290110
3.296369
3.302721
3.308961
3.315229
3.321464
3.327729
3.333966
3.340177
3.346298
3.352548
3.358834
3.365072
3.371330
3.377526
3.383803
3.389960
3.396293
3.402345
3.408544
3.414770
3.420942
3.427123
3.433331
3.439506
3.445674
3.451864
3.458042
3.464274
3.470305
3.476534
3.482646
3.488839
3.494912
3.501096
3.507198
3.513307
3.519428
3.525582
3.531652
3.537761
3.543858
3.549940
3.556046
3.562122
3.568168
3.574214
3.580425
3.586318
3.592427
3.598497
3.604513
3.610565
3.616578
3.622624
3.628649
3.634686
3.640688
3.646656
3.652705
3.658634
3.664632
3.670639
3.676553
3.682632
3.688469
3.694491
3.700408
3.706370
3.712251
3.718175
3.724128
3.730045
3.735938
3.741822
3.747665
3.753525
3.759439
3.765282
3.771139
3.777035
3.782821
3.788750
3.794574
3.800371
3.806280
3.812068
3.817878
3.823660
3.829508
3.835240
3.841019
3.846807
3.852560
3.858309
3.864113
3.869865
3.875647
3.881376
3.887164
3.892920
3.898657
3.904359
3.910129
3.915879
3.921631
3.927248
3.933070
3.938723
3.944401
3.950141
3.955762
3.961547
3.967231
3.972860
3.978595
3.984329
3.990040
3.995577
4.001332
4.007066
4.012621
4.018409
4.024042
4.029693
4.035343
4.041003
4.046653
4.052331
4.057847
4.063632
4.069213
4.074846
4.080479
4.086096
4.091741
4.097376
4.103000
4.108609
4.114172
4.119802
4.125399
4.130998
4.136697
4.142210
4.147803
4.153421
4.159029
4.164587
4.170261
4.175813
4.181392
4.186929
4.192609
4.198098
4.203761
4.209288
4.214795
4.220481
4.225943
4.231603
4.237073
4.242613
4.248186
4.253786
4.259298
4.264829
4.270465
4.275939
4.281430
4.287027
4.292563
4.298079
4.303589
4.309081
4.314588
4.320067
4.325571
4.330994
4.336587
4.342052
4.347517
4.353084
4.358507
4.363972
4.369442
4.374856
4.380348
4.385813
4.391206
4.396691
4.402150
4.407531
4.412957
4.418422
4.423800
4.429163
4.434634
4.440026
4.445485
4.450833
4.456199
4.461574
4.466925
4.472312
4.477663
4.483011
4.488365
4.493725
4.499055
4.504337
4.509685
4.515057
4.520345
4.525567
4.531047
4.536236
4.541530
4.546857
4.552058
4.557475
4.562661
4.567985
4.573219
4.578453
4.583694
4.588880
4.594135
4.599447
4.604600
4.609837
4.615059
4.620254
4.625488
4.630653
4.635852
4.641107
4.646194
4.651425
4.656659
4.661747
4.666963
4.672071
4.677251
4.682288
4.687438
4.692609
4.697681
4.702903
4.707988
4.713075
4.718210
4.723328
4.728442
4.733544
4.738589
4.743698
4.748782
4.753833
4.758900
4.764047
4.769095
4.774165
4.779240
4.784279
4.789322
4.794418
4.799437
4.804497
4.809578
4.814600
4.819690
4.824738
4.829774
4.834730
4.839757
4.844770
4.849776
4.854792
4.859873
4.864870
4.869862
4.874940
4.879880
4.884914
4.889884
4.894906
4.899843
4.904898
4.909802
4.914814
4.919812
4.924747
4.929720
4.934672
4.939643
4.944568
4.949512
4.954446
4.959402
4.964339
4.969247
4.974208
4.979065
4.984047
4.988931
4.993842
4.998788
5.003677
5.008522
5.013424
5.018343
5.023149
5.028029
5.032994
5.037845
5.042683
5.047579
5.052402
5.057271
5.062098
5.067041
5.071763
5.076611
5.081446
5.086264
5.091141
5.095923
5.100756
5.105582
5.110343
5.115179
5.119969
5.124760
5.129539
5.134305
5.139072
5.143866
5.148624
5.153397
5.158130
5.162843
5.167610
5.172359
5.177089
5.181751
5.186524
5.191219
5.195880
5.200635
5.205324
5.209995
5.214723
5.219343
5.224001
5.228687
5.233370
5.237945
5.242634
5.247215
5.251865
5.256494
5.261102
5.265730
5.270308
5.274899
5.279542
5.284177
5.288639
5.293243
5.297833
5.302370
5.306947
5.311498
5.315995
5.320519
5.325040
5.329532
5.334055
5.338592
5.343029
5.347550
5.352056
5.356517
5.360924
5.365437
5.369832
5.374335
5.378754
5.383128
5.387562
5.391999
5.396379
5.400814
5.405206
5.409577
5.413967
5.418383
5.422694
5.427098
5.431518
5.435820
5.440122
5.444487
5.448817
5.453131
5.457472
5.461748
5.466065
5.470382
5.474639
5.478930
5.483229
5.487546
5.491813
5.496100
5.500388
5.504654
5.508917
5.513175
5.517393
5.521666
5.525884
5.530120
5.534309
5.538558
5.542773
5.546977
5.551189
5.555422
5.559647
5.563865
5.567985
5.572266
5.576427
5.580610
5.584816
5.588996
5.593161
5.597334
5.601532
5.605690
5.609834
5.613953
5.618097
5.622321
5.626390
5.630530
5.634671
5.638767
5.642895
5.647054
5.651140
5.655248
5.659326
5.663448
5.667523
5.671660
5.675633
5.679698
5.683806
5.687839
5.691941
5.695955
5.700051
5.704051
5.708125
5.712131
5.716161
5.720196
5.724187
5.728229
5.732283
5.736279
5.740249
5.744249
5.748224
5.752194
5.756209
5.760170
5.764143
5.768112
5.772058
5.776091
5.779980
5.783967
5.787901
5.791874
5.795772
5.799679
5.803616
5.807531
5.811423
5.815456
5.819240
5.823237
5.827141
5.831027
5.834886
5.838864
5.842702
5.846594
5.850489
5.854333
5.858288
5.862104
5.866041
5.869853
5.873717
5.877531
5.881429
5.885273
5.889099
5.892916
5.896787
5.900580
5.904472
5.908328
5.912121
5.915887
5.919746
5.923548
5.927338
5.931107
5.934891
5.938657
5.942474
5.946204
5.950036
5.953745
5.957559
5.961322
5.965079
5.968845
5.972605
5.976377
5.980032
5.983766
5.987537
5.991172
5.994917
5.998614
6.002290
6.005966
6.009627
6.013342
6.017040
6.020770
6.024422
6.028062
6.031741
6.035397
6.039042
6.042662
6.046272
6.049864
6.053508
6.057103
6.060689
6.064332
6.067910
6.071532
6.075151
6.078737
6.082314
6.085832
6.089374
6.092942
6.096519
6.100102
6.103635
6.107176
6.110765
6.114280
6.117833
6.121311
6.124805
6.128421
6.131887
6.135396
6.138910
6.142374
6.145918
6.149429
6.152920
6.156398
6.159943
6.163355
6.166798
6.170354
6.173775
6.177242
6.180738
6.184156
6.187590
6.191048
6.194451
6.197915
6.201369
6.204779
6.208182
6.211655
6.215061
6.218506
6.221940
6.225296
6.228735
6.232177
6.235536
6.238919
6.242295
6.245705
6.249093
6.252512
6.255852
6.259250
6.262647
6.266012
6.269392
6.272795
6.276100
6.279458
6.282766
0.002960
0.006289
0.009686
0.012940
0.016329
0.019621
0.022953
0.026269
0.029580
0.032945
0.036249
0.039560
0.042856
0.046160
0.049483
0.052773
0.056089
0.059385
0.062621
0.065901
0.069179
0.072532
0.075770
0.079123
0.082353
0.085579
0.088845
0.092138
0.095397
0.098675
0.101911
0.105153
0.108400
0.111651
0.114914
0.118161
0.121400
0.124636
0.127857
0.131101
0.134328
0.137531
0.140728
0.143993
0.147223
0.150417
0.153647
0.156853
0.160088
0.163297
0.166497
0.169649
0.172848
0.175988
0.179221
0.182406
0.185594
0.188776
0.191981
0.195142
0.198312
0.201488
0.204643
0.207800
0.210976
0.214119
0.217298
0.220420
0.223557
0.226685
0.229863
0.232961
0.236098
0.239241
0.242363
0.245497
0.248613
0.251741
0.254869
0.257981
0.261100
0.264210
0.267320
0.270379
0.273447
0.276572
0.279640
0.282744
0.285830
0.288886
0.292014
0.295109
0.298111
0.301247
0.304276
0.307335
0.310364
0.313492
0.316515
0.319586
0.322642
0.325638
0.328694
0.331729
0.334806
0.337751
0.340831
0.343791
0.346913
0.349897
0.352896
0.355899
0.358892
0.361945
0.364920
0.367937
0.370954
0.373953
0.376928
0.379888
0.382881
0.385814
0.388813
0.391761
0.394787
0.397696
0.400732
0.403671
0.406643
0.409558
0.412542
0.415475
0.418378
0.421356
0.424289
0.427232
0.430147
0.433065
0.436046
0.438910
0.441897
0.444765
0.447674
0.450556
0.453498
0.456368
0.459292
0.462196
0.465084
0.467969
0.470890
0.473727
0.476622
0.479495
0.482419
0.485262
0.488141
0.491000
0.493876
0.496719
0.499562
0.502403
0.505237
0.508113
0.510959
0.513785
0.516625
0.519489
0.522299
0.525125
0.527944
0.530739
0.533571
0.536363
0.539194
0.542002
0.544776
0.547571
0.550394
0.553195
0.556008
0.558788
0.561554
0.564349
0.567114
0.569871
0.572687
0.575420
0.578170
0.580941
0.583722
0.586406
0.589165
0.591961
0.594729
0.597423
0.600230
0.602911
0.605698
0.608430
0.611118
0.613820
0.616546
0.619252
0.621936
0.624651
0.627362
0.630071
0.632767
0.635452
0.638169
0.640841
0.643514
0.646225
0.648934
0.651627
0.654270
0.656918
0.659582
0.662230
0.664897
0.667548
0.670200
0.672854
0.675482
0.678109
0.680758
0.683388
0.686034
0.688685
0.691301
0.693914
0.696586
0.699118
0.701772
0.704352
0.706952
0.709559
0.712190
0.714796
0.717376
0.719970
0.722532
0.725124
0.727700
0.730247
0.732853
0.735436
0.738013
0.740610
0.743145
0.745700
0.748196
0.750755
0.753283
0.755818
0.758410
0.760920
0.763488
0.766038
0.768542
0.771053
0.773624
0.776122
0.778624
0.781147
0.783669
0.786183
0.788688
0.791175
0.793661
0.796148
0.798635
0.801133
0.803635
0.806107
0.808591
0.811080
0.813537
0.816015
0.818508
0.820949
0.823415
0.825890
0.828338
0.830806
0.833251
0.835681
0.838126
0.840591
0.843000
0.845445
0.847878
0.850341
0.852788
0.855218
0.857618
0.860036
0.862454
0.864839
0.867298
0.869677
0.872128
0.874558
0.876964
0.879307
0.881685
0.884064
0.886437
0.888879
0.891309
0.893694
0.896090
0.898481
0.900818
0.903143
0.905555
0.907904
0.910301
0.912704
0.915056
0.917431
0.919789
0.922141
0.924502
0.926815
0.929176
0.931519
0.933889
0.936205
0.938554
0.940902
0.943209
0.945534
0.947871
0.950172
0.952473
0.954801
0.957105
0.959427
0.961755
0.964074
0.966381
0.968706
0.971001
0.973269
0.975564
0.977847
0.980145
0.982458
0.984759
0.987024
0.989337
0.991581
0.993837
0.996093
0.998355
1.000602
1.002900
1.005171
1.007445
1.009719
1.011954
1.014210
1.016412
1.018635
1.020867
1.023150
1.025328
1.027632
1.029852
1.032079
1.034317
1.036504
1.038715
1.040944
1.043149
1.045384
1.047583
1.049797
1.052026
1.054258
1.056469
1.058659
1.060814
1.063010
1.065128
1.067327
1.069505
1.071665
1.073867
1.076061
1.078242
1.080417
1.082559
1.084713
1.086840
1.088953
1.091092
1.093273
1.095433
1.097572
1.099735
1.101872
1.104014
1.106108
1.108205
1.110314
1.112454
1.114575
1.116711
1.118871
1.120989
1.123111
1.125217
1.127284
1.129375
1.131455
1.133519
1.135622
1.137752
1.139805
1.141950
1.144002
1.146090
1.148149
1.150207
1.152262
1.154303
1.156409
1.158461
1.160480
1.162566
1.164630
1.166688
1.168720
1.170742
1.172785
1.174820
1.176806
1.178819
1.180875
1.182864
1.184904
1.187019
1.188991
1.191049
1.193018
1.195025
1.197020
1.199007
1.200963
1.202958
1.204999
1.206982
1.208972
1.210976
1.212959
1.214940
1.216902
1.218880
1.220824
1.222792
1.224746
1.226699
1.228689
1.230645
1.232592
1.234537
1.236469
1.238402
1.240352
1.242267
1.244196
1.246150
1.248064
1.250009
1.251944
1.253883
1.255785
1.257705
1.259608
1.261516
1.263446
1.265357
1.267218
1.269147
1.271032
1.272922
1.274816
1.276677
1.278540
1.280428
1.282273
1.284167
1.286042
1.287945
1.289781
1.291630
1.293484
1.295354
1.297187
1.299012
1.300861
1.302730
1.304564
1.306418
1.308258
1.310094
1.311931
1.313771
1.315580
1.317411
1.319265
1.321075
1.322864
1.324691
1.326504
1.328308
1.330102
1.331888
1.333676
1.335480
1.337248
1.339024
1.340834
1.342611
1.344387
1.346179
1.347968
1.349750
1.351524
1.353262
1.355047
1.356788
1.358508
1.360227
1.362013
1.363742
1.365465
1.367199
1.368928
1.370660
1.372394
1.374126
1.375861
1.377584
1.379279
1.380996
1.382692
1.384403
1.386099
1.387761
1.389475
1.391159
1.392864
1.394559
1.396255
1.397969
1.399659
1.401336
1.402996
1.404668
1.406349
1.408033
1.409659
1.411313
1.412961
1.414597
1.416233
1.417890
1.419513
1.421170
1.422809
1.424421
1.426042
1.427678
1.429305
1.430922
1.432573
1.434164
1.435767
1.437358
1.438961
1.440606
1.442170
1.443781
1.445378
1.446966
1.448536
1.450112
1.451685
1.453294
1.454864
1.456461
1.458025
1.459580
1.461147
1.462684
1.464245
1.465809
1.467313
1.468858
1.470395
1.471915
1.473431
1.474991
1.476507
1.478029
1.479578
1.481082
1.482580
1.484084
1.485609
1.487137
1.488650
1.490152
1.491655
1.493150
1.494622
1.496111
1.497600
1.499074
1.500566
1.502022
1.503520
1.504970
1.506462
1.507930
1.509416
1.510896
1.512340
1.513787
1.515234
1.516667
1.518081
1.519528
1.520951
1.522383
1.523827
1.525244
1.526655
1.528094
1.529529
1.530961
1.532387
1.533813
1.535236
1.536650
1.538034
1.539434
1.540833
1.542196
1.543598
1.544982
1.546345
1.547718
1.549099
1.550462
1.551834
1.553218
1.554600
1.555963
1.557350
1.558698
1.560053
1.561416
1.562737
1.564073
1.565451
1.566794
1.568109
1.569445
1.570775
1.572133
1.573415
1.574730
1.576042
1.577382
1.578733
1.580015
1.581321
1.582640
1.583970
1.585246
1.586496
1.587805
1.589129
1.590409
1.591658
1.592958
1.594261
1.595532
1.596781
1.598048
1.599343
1.600640
1.601904
1.603178
1.604448
1.605709
1.606929
1.608136
1.609383
1.610629
1.611848
1.613080
1.614323
1.615557
1.616804
1.618035
1.619267
1.620471
1.621720
1.622934
1.624159
1.625384
1.626601
1.627808
1.629016
1.630196
1.631359
1.632542
1.633713
1.634903
1.636062
1.637240
1.638426
1.639598
1.640763
1.641908
1.643064
1.644212
1.645389
1.646558
1.647738
1.648898
1.650072
1.651225
1.652370
1.653508
1.654602
1.655696
1.656807
1.657931
1.659042
1.660142
1.661247
1.662368
1.663491
1.664567
1.665640
1.666754
1.667884
1.668974
1.670068
1.671164
1.672285
1.673366
1.674412
1.675500
1.676578
1.677636
1.678672
1.679724
1.680788
1.681839
1.682855
1.683859
1.684916
1.685983
1.686986
1.687990
1.689054
1.690120
1.691136
1.692152
1.693182
1.694234
1.695276
1.696271
1.697263
1.698285
1.699312
1.700307
1.701295
1.702281
1.703297
1.704283
1.705235
1.706221
1.707189
1.708130
1.709079
1.710056
1.711009
1.711956
1.712905
1.713870
1.714853
1.715826
1.716770
1.717747
1.718736
1.719697
1.720611
1.721570
1.722526
1.723439
1.724335
1.725264
1.726148
1.727062
1.727921
1.728835
1.729758
1.730666
1.731550
1.732452
1.733347
1.734243
1.735121
1.735969
1.736871
1.737761
1.738626
1.739504
1.740403
1.741293
1.742186
1.743073
1.743950
1.744828
1.745673
1.746518
1.747333
1.748151
1.748957
1.749796
1.750617
1.751420
1.752241
1.753091
1.753924
1.754727
1.755524
1.756378
1.757202
1.757972
1.758742
1.759575
1.760387
1.761154
1.761930
1.762754
1.763578
1.764374
1.765154
1.765977
1.766807
1.767586
1.768296
1.769039
1.769812
1.770519
1.771227
1.771970
1.772722
1.773441
1.774163
1.774915
1.775655
1.776359
1.777087
1.777815
1.778552
1.779220
1.779918
1.780640
1.781353
1.782030
1.782695
1.783412
1.784130
1.784820
1.785479
1.786186
1.786932
1.787630
1.788313
1.789008
1.789691
1.790338
1.790977
1.791609
1.792235
1.792870
1.793478
1.794089
1.794710
1.795336
1.795947
1.796561
1.797169
1.797801
1.798407
1.799024
1.799614
1.800180
1.800783
1.801361
1.801918
1.802451
1.803024
1.803614
1.804165
1.804707
1.805274
1.805858
1.806427
1.806981
1.807527
1.808117
1.808710
1.809273
1.809840
1.810436
1.811023
1.811583
1.812141
1.812689
1.813201
1.813693
1.814211
1.814717
1.815200
1.815682
1.816191
1.816695
1.817168
1.817623
1.818094
1.818570
1.819035
1.819481
1.819909
1.820386
1.820805
1.821213
1.821641
1.822093
1.822510
1.822905
1.823331
1.823768
1.824185
1.824577
1.824991
1.825422
1.825851
1.826240
1.826627
1.827034
1.827438
1.827813
1.828176
1.828574
1.828975
1.829350
1.829733
1.830165
1.830596
1.831010
1.831429
1.831885
1.832322
1.832751
1.833179
1.833583
1.834006
1.834407
1.834791
1.835165
1.835567
1.835950
1.836319
1.836684
1.837041
1.837388
1.837715
1.838036
1.838344
1.838650
1.838946
1.839240
1.839525
1.839815
1.840076
1.840325
1.840588
1.840846
1.841068
1.841286
1.841526
1.841772
1.841990
1.842203
1.842437
1.842676
1.842904
1.843120
1.843309
1.843515
1.843722
1.843911
1.844073
1.844273
1.844462
1.844636
1.844810
1.844998
1.845184
1.845370
1.845550
1.845729
1.845897
1.846068
1.846242
1.846395
1.846562
1.846718
1.846847
1.846982
1.847129
1.847266
1.847383
1.847503
1.847635
1.847770
1.847887
1.847991
1.848093
1.848204
1.848321
1.848414
1.848489
1.848576
1.848660
1.848719
1.848779
1.848851
1.848914
1.848947
1.849007
1.849082
1.849124
1.849166
1.849208
1.849262
1.849307
1.849334
1.849346
1.849370
1.849409
1.849421
1.849430
1.849460
1.849481
1.849481
1.849481
1.849481
1.849483
1.849483
1.849483
1.849483
1.849483
1.849483
1.849483
1.849483
1.849483
1.849483
1.849483
1.849483
1.849483
1.849483
1.849483
1.849483
1.849483
1.849483
1.849483
1.849483
1.849483
1.849483
1.849483
1.849483
1.849483
1.849483
1.849468
1.849454
1.849439
1.849409
1.849373
1.849340
1.849322
1.849304
1.849277
1.849262
1.849247
1.849223
1.849202
1.849193
1.849163
1.849148
1.849136
1.849121
1.849094
1.849073
1.849049
1.849034
1.849016
1.848998
1.848971
1.848959
1.848953
1.848935
1.848905
1.848893
1.848893
1.848881
1.848869
1.848863
1.848842
1.848818
1.848812
1.848800
1.848785
1.848773
1.848767
1.848761
1.848752
1.848746
1.848722
1.848714
1.848711
1.848711
1.848704
1.848701
1.848701
1.848701
1.848701
1.848701
1.848690
1.848687
1.848678
1.848678
1.848678
1.848678
1.848678
1.848678
1.848678
1.848678
1.848678
1.848678
1.848678
1.848678
1.848678
1.848678
1.848678
1.848678
1.848678
1.848678
1.848678
1.848678
1.848678
1.848678
1.848678
1.848678
1.848678
1.848678
1.848678
1.848678
1.848678
1.848678
1.848678
1.848678
1.848678
1.848678
1.848678
1.848678
1.848678
1.848678
1.848678
1.848678
1.848678
1.848678
1.848678
1.848678
1.848678
1.848678
1.848678
1.848678
1.848678
1.848678
1.848678
1.848678
1.848678
1.848678
1.848678
1.848678
1.848678
1.848678
1.848678
1.848678
1.848678
1.848678
1.848678
1.848678
1.848678
1.848678
1.848678
1.848678
1.848678
1.848678
1.848678
1.848678
1.848678
1.848678
1.848678
1.848678
1.848678
1.848678
1.848678
1.848678
1.848678
1.848678
1.848678
1.848678
1.848678
1.848678
1.848678
1.848678
1.848678
1.848678
1.848678
1.848678
1.848678
1.848678
1.848678
1.848678
1.848678
1.848678
1.848678
1.848678