1.519159
1.519159
1.519159
1.519159
1.519159
1.519159
1.519159
1.519234
1.519537
1.519995
1.520570
1.521194
1.521841
1.522611
1.523600
1.524591
1.525592
1.526694
1.527989
1.529421
1.530787
1.532270
1.533951
1.535823
1.537705
1.539679
1.541782
1.544033
1.546373
1.548772
1.551313
1.553941
1.556652
1.559408
1.562333
1.565439
1.568498
1.571710
1.575057
1.578511
1.582083
1.585729
1.589507
1.593423
1.597482
1.601485
1.605673
1.610054
1.614554
1.619003
1.623599
1.628297
1.633174
1.638247
1.643142
1.648325
1.653526
1.658979
1.664474
1.670089
1.675631
1.681495
1.687520
1.693473
1.699549
1.705844
1.712237
1.718745
1.725210
1.731846
1.738704
1.745592
1.752558
1.759722
1.766915
1.774226
1.781686
1.789149
1.796840
1.804659
1.812506
1.820473
1.828586
1.836867
1.845127
1.853657
1.862067
1.870705
1.879447
1.888417
1.897232
1.906355
1.915552
1.924804
1.934233
1.943766
1.953387
1.963169
1.973155
1.982850
1.993141
2.003187
2.013455
2.023764
2.034340
2.044859
2.055594
2.066311
2.077223
2.088266
2.099184
2.110389
2.121516
2.132476
2.143564
2.154677
2.165819
2.176677
2.188041
2.198893
2.210134
2.221264
2.232418
2.243615
2.254733
2.265881
2.276919
2.288088
2.299093
2.310187
2.321335
2.332343
2.343291
2.354451
2.365503
2.376574
2.387749
2.398562
2.409800
2.420960
2.431992
2.442786
2.453989
2.464966
2.476121
2.487128
2.498160
2.509227
2.520315
2.531092
2.542384
2.553272
2.564318
2.575239
2.586354
2.597302
2.608244
2.619509
2.630265
2.641470
2.652508
2.663404
2.674382
2.685455
2.696499
2.707575
2.718481
2.729512
2.740448
2.751446
2.762334
2.773332
2.784334
2.795132
2.806136
2.817261
2.827954
2.838895
2.849909
2.860772
2.871690
2.882700
2.893606
2.904404
2.915295
2.926104
2.937019
2.947874
2.958531
2.969415
2.980312
2.991011
3.001800
3.012684
3.023350
3.034187
3.044937
3.055591
3.066320
3.077004
3.087670
3.098488
3.109400
3.119820
3.130687
3.141299
3.151959
3.162535
3.173252
3.183789
3.194509
3.205172
3.215730
3.226477
3.237083
3.247704
3.258280
3.268967
3.279570
3.290221
3.300968
3.311622
3.322237
3.332894
3.343596
3.354091
3.364781
3.375339
3.386020
3.396740
3.407157
3.418015
3.428522
3.439059
3.449764
3.460526
3.470934
3.481492
3.492074
3.502707
3.513346
3.523967
3.534567
3.545072
3.555693
3.566278
3.576809
3.587343
3.597835
3.608360
3.619023
3.629506
3.640005
3.650566
3.660905
3.671346
3.682129
3.692364
3.702904
3.713324
3.723819
3.734272
3.744687
3.754996
3.765419
3.775882
3.786227
3.796623
3.806999
3.817329
3.827749
3.838041
3.848458
3.858690
3.869044
3.879386
3.889690
3.900014
3.910237
3.920561
3.930969
3.941228
3.951508
3.961664
3.972051
3.982286
3.992637
4.002866
4.013059
4.023560
4.033806
4.043930
4.054488
4.064630
4.074927
4.085323
4.095522
4.105939
4.116240
4.126549
4.136700
4.147222
4.157409
4.167709
4.178129
4.188376
4.198706
4.208944
4.219406
4.229613
4.239974
4.250235
4.260650
4.271016
4.281274
4.291521
4.301896
4.312158
4.322464
4.332879
4.343089
4.353294
4.363855
4.373909
4.384461
4.394726
4.405054
4.415306
4.425526
4.435883
4.446162
4.456484
4.466643
4.476896
4.487202
4.497482
4.507678
4.518071
4.528176
4.538459
4.548669
4.558874
4.569090
4.579391
4.589571
4.599740
4.610143
4.620129
4.630417
4.640636
4.650736
4.660881
4.671151
4.681248
4.691342
4.701540
4.711685
4.721833
4.732052
4.742152
4.752296
4.762480
4.772601
4.782829
4.793016
4.803154
4.813287
4.823503
4.833744
4.843934
4.854120
4.864235
4.874419
4.884737
4.894837
4.905017
4.915222
4.925373
4.935679
4.945914
4.956067
4.966197
4.976575
4.986531
4.996831
5.007060
5.017336
5.027373
5.037782
5.047785
5.058161
5.068257
5.078426
5.088778
5.098919
5.109175
5.119382
5.129482
5.139603
5.149753
5.159994
5.170177
5.180364
5.190488
5.200656
5.210684
5.221024
5.230961
5.241217
5.251248
5.261353
5.271546
5.281571
5.291584
5.301836
5.311753
5.321829
5.331752
5.341899
5.351834
5.362054
5.371926
5.381765
5.391922
5.401808
5.411839
5.421687
5.431673
5.441629
5.451624
5.461565
5.471419
5.481330
5.491289
5.501239
5.511075
5.520935
5.530810
5.540643
5.550392
5.560435
5.570256
5.580179
5.589937
5.599935
5.609765
5.619538
5.629503
5.639267
5.649127
5.659011
5.668826
5.678707
5.688522
5.698340
5.708137
5.718057
5.727836
5.737675
5.747547
5.757365
5.767339
5.777080
5.786769
5.796770
5.806639
5.816319
5.826137
5.835985
5.845725
5.855603
5.865442
5.875140
5.884806
5.894741
5.904481
5.914239
5.924027
5.933755
5.943555
5.953271
5.962988
5.972725
5.982471
5.992151
6.001868
6.011710
6.021273
6.030953
6.040651
6.050317
6.060129
6.069695
6.079349
6.088975
6.098625
6.108201
6.117803
6.127471
6.137032
6.146610
6.156224
6.165752
6.175315
6.184947
6.194466
6.203910
6.213521
6.223040
6.232624
6.242011
6.251742
6.261080
6.270611
6.280048
0.006367
0.015897
0.025272
0.034745
0.044261
0.053749
0.063160
0.072594
0.082161
0.091556
0.101093
0.110456
0.119926
0.129579
0.138885
0.148431
0.157895
0.167294
0.176683
0.186166
0.195601
0.205041
0.214503
0.223991
0.233306
0.242812
0.252310
0.261744
0.271344
0.280602
0.290219
0.299504
0.309040
0.318418
0.327936
0.337275
0.346725
0.356195
0.365507
0.375058
0.384427
0.393930
0.403104
0.412731
0.421914
0.431552
0.440768
0.450319
0.459553
0.469003
0.478359
0.487668
0.497130
0.506501
0.515723
0.525161
0.534478
0.543709
0.553195
0.562387
0.571549
0.581001
0.590259
0.599556
0.609008
0.618047
0.627317
0.636800
0.645911
0.655184
0.664465
0.673702
0.682867
0.692167
0.701362
0.710536
0.719844
0.728976
0.738156
0.747447
0.756549
0.765771
0.774990
0.784089
0.793329
0.802524
0.811638
0.820836
0.829985
0.839201
0.848324
0.857504
0.866612
0.875861
0.884942
0.894086
0.903266
0.912608
0.921626
0.930875
0.940109
0.949288
0.958519
0.967735
0.976897
0.986107
0.995287
1.004413
1.013659
1.022887
1.032007
1.041282
1.050534
1.059705
1.068921
1.078179
1.087335
1.096512
1.105889
1.114836
1.124168
1.133441
1.142609
1.151774
1.161074
1.170188
1.179407
1.188667
1.197787
1.206997
1.216234
1.225387
1.234570
1.243831
1.252996
1.262233
1.271406
1.280562
1.289742
1.299039
1.308108
1.317282
1.326555
1.335735
1.344897
1.353999
1.363161
1.372239
1.381547
1.390593
1.399751
1.408922
1.418072
1.427213
1.436333
1.445429
1.454513
1.463684
1.472714
1.481876
1.490984
1.500104
1.509111
1.518335
1.527339
1.536444
1.545561
1.554606
1.563747
1.572885
1.581756
1.590921
1.600038
1.609146
1.618167
1.627341
1.636428
1.645521
1.654629
1.663629
1.672812
1.681968
1.690953
1.700118
1.709235
1.718316
1.727406
1.736676
1.745706
1.754814
1.763976
1.773072
1.782171
1.791357
1.800456
1.809606
1.818786
1.827858
1.836972
1.846191
1.855263
1.864452
1.873566
1.882734
1.891812
1.900920
1.910016
1.919250
1.928358
1.937412
1.946529
1.955637
1.964832
1.974024
1.983057
1.992258
2.001366
2.010486
2.019540
2.028696
2.037750
2.046840
2.056029
2.065065
2.074086
2.083218
2.092227
2.101350
2.110401
2.119359
2.128446
2.137554
2.146626
2.155579
2.164579
2.173639
2.182651
2.191687
2.200639
2.209705
2.218709
2.227532
2.236568
2.245574
2.254496
2.263437
2.272458
2.281416
2.290230
2.299242
2.308252
2.316991
2.326132
2.334923
2.343743
2.352710
2.361552
2.370432
2.379318
2.388162
2.397067
2.405962
2.414833
2.423681
2.432648
2.441489
2.450387
2.459226
2.468106
2.476909
2.485816
2.494678
2.503558
2.512469
2.521277
2.530133
2.539050
2.547831
2.556661
2.565559
2.574478
2.583382
2.592071
2.600909
2.609766
2.618742
2.627535
2.636389
2.645296
2.654125
2.662943
2.671895
2.680640
2.689497
2.698341
2.707146
2.715988
2.724868
2.733680
2.742407
2.751329
2.760066
2.768847
2.777838
2.786380
2.795180
2.804162
2.812817
2.821620
2.830428
2.839117
2.847997
2.856704
2.865437
2.874237
2.883015
2.891674
2.900410
2.909219
2.917829
2.926587
2.935308
2.944012
2.952727
2.961350
2.970155
2.978592
2.987478
2.995898
3.004748
3.013314
3.021984
3.030550
3.039199
3.047771
3.056373
3.065032
3.073579
3.082160
3.090812
3.099306
3.107935
3.116438
3.125018
3.133521
3.142159
3.150584
3.159153
3.167769
3.176110
3.184781
3.193329
3.201840
3.210331
3.218885
3.227367
3.235888
3.244429
3.252920
3.261486
3.270001
3.278396
3.286982
3.295590
3.304060
3.312551
3.321059
3.329637
3.338050
3.346601
3.355110
3.363630
3.372181
3.380564
3.389043
3.397630
3.406100
3.414524
3.423027
3.431422
3.440054
3.448479
3.456910
3.465382
3.473954
3.482337
3.490789
3.499265
3.507666
3.516118
3.524626
3.532991
3.541455
3.549916
3.558245
3.566688
3.575152
3.583532
3.591927
3.600343
3.608714
3.617154
3.625537
3.633890
3.642308
3.650566
3.658982
3.667281
3.675652
3.683918
3.692271
3.700624
3.708863
3.717192
3.725578
3.733778
3.742080
3.750382
3.758589
3.766906
3.775055
3.783405
3.791506
3.799784
3.808026
3.816262
3.824499
3.832600
3.840905
3.849090
3.857264
3.865383
3.873649
3.881792
3.889977
3.898172
3.906297
3.914509
3.922658
3.930754
3.938957
3.947151
3.955238
3.963336
3.971497
3.979625
3.987772
3.995864
4.004097
4.012166
4.020393
4.028458
4.036613
4.044835
4.052858
4.061013
4.069184
4.077249
4.085360
4.093461
4.101646
4.109750
4.117897
4.126025
4.134162
4.142317
4.150452
4.158583
4.166750
4.174830
4.183007
4.191042
4.199134
4.207338
4.215556
4.223591
4.231678
4.239917
4.247983
4.256141
4.264281
4.272304
4.280442
4.288639
4.296722
4.304800
4.312940
4.321020
4.329026
4.337172
4.345285
4.353449
4.361548
4.369688
4.377682
4.385738
4.393965
4.401890
4.410177
4.418045
4.426325
4.434301
4.442258
4.450354
4.458434
4.466488
4.474535
4.482663
4.490558
4.498554
4.506674
4.514622
4.522646
4.530693
4.538678
4.546632
4.554800
4.562682
4.570654
4.578735
4.586596
4.594731
4.602581
4.610544
4.618586
4.626411
4.634384
4.642296
4.650326
4.658185
4.666199
4.674057
4.681964
4.689909
4.697777
4.705648
4.713645
4.721554
4.729331
4.737247
4.745226
4.753153
4.761009
4.768958
4.776858
4.784777
4.792617
4.800533
4.808424
4.816364
4.824265
4.832282
4.840024
4.848023
4.855912
4.863798
4.871677
4.879569
4.887436
4.895343
4.903319
4.911132
4.919096
4.926993
4.934903
4.942822
4.950696
4.958530
4.966368
4.974412
4.982160
4.990051
4.998006
5.005984
5.013813
5.021735
5.029540
5.037503
5.045224
5.053157
5.061103
5.068950
5.076823
5.084595
5.092586
5.100453
5.108252
5.116117
5.123927
5.131786
5.139678
5.147563
5.155281
5.163176
5.170990
5.178815
5.186620
5.194425
5.202187
5.210079
5.217793
5.225568
5.233436
5.241136
5.248965
5.256652
5.264424
5.272247
5.279944
5.287632
5.295434
5.303133
5.310863
5.318497
5.326203
5.333936
5.341588
5.349380
5.356871
5.364585
5.372208
5.379991
5.387499
5.395316
5.402836
5.410470
5.418098
5.425672
5.433231
5.440925
5.448361
5.456088
5.463602
5.471158
5.478774
5.486294
5.493862
5.501389
5.509037
5.516428
5.524018
5.531591
5.539139
5.546593
5.554170
5.561651
5.569147
5.576688
5.584205
5.591671
5.599260
5.606673
5.614184
5.621716
5.629173
5.636654
5.644198
5.651649
5.659200
5.666552
5.674063
5.681625
5.689028
5.696474
5.703973
5.711475
5.718941
5.726389
5.733840
5.741235
5.748689
5.756182
5.763621
5.771012
5.778479
5.786023
5.793249
5.800895
5.808197
5.815528
5.823060
5.830439
5.837833
5.845321
5.852580
5.860064
5.867581
5.874874
5.882250
5.889573
5.896970
5.904289
5.911752
5.919161
5.926451
5.933905
5.941183
5.948529
5.955917
5.963120
5.970460
5.977833
5.985246
5.992445
5.999893
6.007021
6.014475
6.021710
6.028934
6.036196
6.043492
6.050745
6.057996
6.065294
6.072500
6.079756
6.086992
6.094239
6.101382
6.108653
6.115861
6.123007
6.130302
6.137370
6.144642
6.151793
6.158948
6.166177
6.173254
6.180385
6.187557
6.194751
6.201839
6.208964
6.216146
6.223276
6.230350
6.237498
6.244563
6.251682
6.258770
6.265901
6.272993
6.280013
0.003895
0.011094
0.018027
0.025215
0.032154
0.039287
0.046373
0.053432
0.060478
0.067438
0.074554
0.081637
0.088686
0.095694
0.102846
0.109802
0.116957
0.123932
0.130925
0.138070
0.145078
0.152062
0.159076
0.166167
0.173226
0.180279
0.187298
0.194312
0.201398
0.208430
0.215404
0.222472
0.229549
0.236422
0.243507
0.250599
0.257616
0.264600
0.271652
0.278627
0.285647
0.292628
0.299752
0.306679
0.313684
0.320671
0.327694
0.334752
0.341661
0.348645
0.355692
0.362622
0.369665
0.376607
0.383624
0.390494
0.397610
0.404513
0.411460
0.418504
0.425395
0.432331
0.439309
0.446239
0.453183
0.460233
0.467067
0.474018
0.480984
0.487932
0.494790
0.501786
0.508634
0.515468
0.522443
0.529322
0.536216
0.543134
0.549983
0.556904
0.563777
0.570632
0.577466
0.584357
0.591227
0.598085
0.604946
0.611819
0.618539
0.625544
0.632285
0.639122
0.645983
0.652763
0.659576
0.666410
0.673184
0.680033
0.686798
0.693587
0.700370
0.707138
0.713897
0.720677
0.727514
0.734261
0.741027
0.747753
0.754473
0.761355
0.767940
0.774783
0.781509
0.788229
0.794887
0.801742
0.808411
0.815167
0.821920
0.828628
0.835369
0.842191
0.848876
0.855590
0.862250
0.869015
0.875825
0.882617
0.889161
0.895887
0.902664
0.909333
0.916095
0.922803
0.929487
0.936259
0.942964
0.949603
0.956389
0.963184
0.969820
0.976511
0.983231
0.990014
0.996656
1.003421
1.010138
1.016820
1.023552
1.030263
1.036992
1.043733
1.050486
1.057173
1.063894
1.070569
1.077307
1.084030
1.090726
1.097470
1.104223
1.110872
1.117595
1.124402
1.131029
1.137704
1.144493
1.151157
1.157799
1.164615
1.171272
1.177992
1.184671
1.191373
1.198039
1.204714
1.211404
1.218074
1.224761
1.231451
1.238045
1.244855
1.251450
1.258137
1.264782
1.271475
1.278231
1.284823
1.291528
1.298092
1.304917
1.311449
1.318217
1.324772
1.331438
1.338042
1.344702
1.351401
1.358001
1.364698
1.371217
1.377868
1.384534
1.391114
1.397777
1.404389
1.411017
1.417593
1.424193
1.430770
1.437385
1.444054
1.450559
1.457198
1.463747
1.470363
1.476948
1.483632
1.490095
1.496632
1.503223
1.509827
1.516376
1.522913
1.529472
1.535979
1.542624
1.549105
1.555549
1.562162
1.568714
1.575201
1.581762
1.588383
1.594885
1.601452
1.607950
1.614461
1.621034
1.627566
1.634058
1.640709
1.647157
1.653706
1.660235
1.666742
1.673381
1.679841
1.686324
1.692916
1.699447
1.705996
1.712549
1.719134
1.725641
1.732158
1.738722
1.745245
1.751746
1.758478
1.764803
1.771397
1.777986
1.784457
1.790893
1.797511
1.804045
1.810625
1.817120
1.823699
1.830222
1.836780
1.843213
1.849837
1.856279
1.862810
1.869278
1.875873
1.882308
1.888879
1.895329
1.901909
1.908452
1.914941
1.921422
1.927935
1.934470
1.940995
1.947461
1.954007
1.960505
1.966989
1.973478
1.979980
1.986400
1.992926
1.999424
2.005893
2.012394
2.018895
2.025256
2.031857
2.038289
2.044692
2.051178
2.057551
2.064121
2.070560
2.077010
2.083356
2.089878
2.096248
2.102722
2.109170
2.115548
2.121909
2.128362
2.134747
2.141174
2.147639
2.153913
2.160396
2.166736
2.173126
2.179505
2.185860
2.192214
2.198575
2.204987
2.211182
2.217648
2.223948
2.230294
2.236613
2.242980
2.249253
2.255575
2.262007
2.268170
2.274483
2.280874
2.287171
2.293325
2.299785
2.305945
2.312251
2.318531
2.324760
2.331025
2.337349
2.343539
2.349774
2.356156
2.362333
2.368505
2.374884
2.381062
2.387321
2.393549
2.399880
2.406010
2.412305
2.418462
2.424732
2.430967
2.437121
2.443317
2.449653
2.455900
2.462084
2.468310
2.474497
2.480758
2.487023
2.493153
2.499355
2.505578
2.511816
2.517955
2.524207
2.530403
2.536617
2.542807
2.548976
2.555171
2.561448
2.567560
2.573792
2.580018
2.586190
2.592287
2.598554
2.604783
2.610907
2.617085
2.623227
2.629423
2.635610
2.641734
2.647908
2.654167
2.660258
2.666457
2.672620
2.678690
2.684919
2.691103
2.697179
2.703402
2.709594
2.715655
2.721779
2.727954
2.734072
2.740193
2.746332
2.752447
2.758583
2.764722
2.770834
2.776949
2.783114
2.789217
2.795213
2.801423
2.807455
2.813563
2.819609
2.825709
2.831824
2.837862
2.843952
2.850061
2.856128
2.862123
2.868185
2.874275
2.880334
2.886341
2.892372
2.898418
2.904482
2.910477
2.916523
2.922563
2.928567
2.934577
2.940539
2.946537
2.952529
2.958519
2.964478
2.970527
2.976540
2.982448
2.988455
2.994438
3.000368
3.006315
3.012304
3.018239
3.024138
3.030160
3.036036
3.041956
3.047876
3.053766
3.059654
3.065655
3.071533
3.077435
3.083367
3.089195
3.095133
3.100981
3.106829
3.112690
3.118604
3.124476
3.130306
3.136179
3.141982
3.147840
3.153703
3.159563
3.165369
3.171242
3.177057
3.182893
3.188769
3.194557
3.200399
3.206265
3.212108
3.217857
3.223696
3.229518
3.235387
3.241149
3.246982
3.252773
3.258631
3.264434
3.270201
3.276035
3.281967
3.287632
3.293496
3.299209
3.305025
3.310795
3.316661
3.322351
3.328229
3.333951
3.339659
3.345513
3.351296
3.357111
3.362797
3.368676
3.374323
3.380223
3.385930
3.391665
3.397450
3.403169
3.408952
3.414674
3.420388
3.426116
3.431922
3.437600
3.443337
3.449051
3.454863
3.460601
3.466287
3.471956
3.477717
3.483437
3.489114
3.494870
3.500541
3.506255
3.511983
3.517595
3.523260
3.528935
3.534657
3.540293
3.545940
3.551585
3.557218
3.562919
3.568686
3.574214
3.579955
3.585521
3.591112
3.596727
3.602413
3.607968
3.613561
3.619176
3.624743
3.630294
3.635963
3.641562
3.647087
3.652774
3.658247
3.663766
3.669393
3.674939
3.680481
3.686051
3.691537
3.697056
3.702628
3.708102
3.713699
3.719112
3.724631
3.730081
3.735624
3.741190
3.746568
3.752108
3.757522
3.763044
3.768476
3.773952
3.779363
3.784828
3.790239
3.795698
3.801109
3.806468
3.812041
3.817437
3.822809
3.828214
3.833655
3.838994
3.844387
3.849848
3.855169
3.860553
3.865895
3.871285
3.876648
3.882008
3.887356
3.892749
3.897974
3.903409
3.908730
3.914036
3.919381
3.924750
3.930074
3.935401
3.940623
3.946031
3.951265
3.956631
3.961889
3.967186
3.972501
3.977819
3.983092
3.988341
3.993659
3.998944
4.004223
4.009502
4.014775
4.020075
4.025375
4.030633
4.035892
4.041227
4.046447
4.051738
4.056951
4.062248
4.067473
4.072734
4.077983
4.083232
4.088496
4.093724
4.098952
4.104264
4.109478
4.114700
4.119952
4.125180
4.130390
4.135657
4.140858
4.146080
4.151330
4.156513
4.161771
4.166897
4.172164
4.177329
4.182596
4.187756
4.193028
4.198206
4.203362
4.208560
4.213833
4.218963
4.224113
4.229329
4.234512
4.239722
4.244869
4.250017
4.255212
4.260443
4.265539
4.270689
4.275990
4.281062
4.286200
4.291353
4.296525
4.301675
4.306843
4.311909
4.317053
4.322278
4.327363
4.332486
4.337657
4.342739
4.347880
4.353060
4.358126
4.363241
4.368370
4.373466
4.378625
4.383695
4.388806
4.393881
4.399025
4.404041
4.409158
4.414272
4.419291
4.424384
4.429502
4.434532
4.439574
4.444695
4.449695
4.454770
4.459788
4.464852
4.469915
4.474931
4.479955
4.484955
4.489974
4.494938
4.499945
4.505005
4.509927
4.514934
4.519958
4.524920
4.529875
4.534849
4.539810
4.544742
4.549745
4.554644
4.559662
4.564513
4.569474
4.574439
4.579322
4.584271
4.589182
4.594110
4.599003
4.603950
4.608806
4.613723
4.618649
4.623508
4.628388
4.633281
4.638129
4.642997
4.647926
4.652734
4.657612
4.662481
4.667307
4.672131
4.677006
4.681871
4.686674
4.691494
4.696309
4.701166
4.706001
4.710759
4.715643
4.720481
4.725227
4.730015
4.734832
4.739665
4.744474
4.749243
4.754034
4.758813
4.763702
4.768400
4.773218
4.778015
4.782766
4.787536
4.792390
4.797100
4.801854
4.806615
4.811403
4.816080
4.820933
4.825670
4.830428
4.835158
4.839889
4.844632
4.849429
4.854138
4.858884
4.863606
4.868301
4.873011
4.877750
4.882460
4.887170
4.891891
4.896595
4.901317
4.906015
4.910725
4.915384
4.920103
4.924803
4.929477
4.934247
4.938846
4.943514
4.948196
4.952870
4.957532
4.962203
4.966847
4.971530
4.976240
4.980844
4.985444
4.990150
4.994737
4.999399
5.004079
5.008675
5.013304
5.018034
5.022634
5.027277
5.031898
5.036511
5.041095
5.045757
5.050293
5.054919
5.059575
5.064105
5.068704
5.073357
5.077905
5.082552
5.087118
5.091690
5.096250
5.100801
5.105400
5.109972
5.114493
5.119077
5.123619
5.128188
5.132736
5.137245
5.141817
5.146311
5.150832
5.155389
5.159889
5.164425
5.168925
5.173407
5.177913
5.182425
5.186904
5.191399
5.195829
5.200372
5.204815
5.209285
5.213725
5.218225
5.222704
5.227090
5.231582
5.236010
5.240456
5.244836
5.249259
5.253728
5.258121
5.262501
5.266863
5.271223
5.275671
5.280055
5.284369
5.288788
5.293111
5.297516
5.301932
5.306246
5.310612
5.314962
5.319297
5.323615
5.327968
5.332252
5.336602
5.340959
5.345204
5.349488
5.353794
5.358096
5.362353
5.366689
5.370889
5.375237
5.379509
5.383706
5.387979
5.392218
5.396521
5.400724
5.404978
5.409182
5.413391
5.417613
5.421858
5.426038
5.430280
5.434423
5.438618
5.442824
5.447007
5.451187
5.455393
5.459534
5.463692
5.467863
5.472045
5.476105
5.480317
5.484368
5.488583
5.492661
5.496741
5.500909
5.505041
5.509106
5.513154
5.517280
5.521420
5.525497
5.529698
5.533656
5.537766
5.541868
5.545955
5.549994
5.554095
5.558140
5.562247
5.566268
5.570304
5.574367
5.578456
5.582453
5.586494
5.590548
5.594611
5.598617
5.602658
5.606652
5.610600
5.614645
5.618639
5.622708
5.626717
5.630677
5.634647
5.638716
5.642673
5.646643
5.650643
5.654637
5.658616
5.662618
5.666558
5.670534
5.674542
5.678458
5.682407
5.686368
5.690331
5.694274
5.698199
5.702076
5.706025
5.710031
5.713923
5.717896
5.721757
5.725646
5.729640
5.733583
5.737445
5.741310
5.745211
5.749115
5.753009
5.756892
5.760742
5.764640
5.768547
5.772406
5.776270
5.780159
5.784021
5.787886
5.791757
5.795604
5.799439
5.803292
5.807118
5.810986
5.814803
5.818578
5.822479
5.826269
5.830137
5.833882
5.837660
5.841480
5.845285
5.849123
5.852856
5.856676
5.860541
5.864253
5.868076
5.871884
5.875584
5.879362
5.883218
5.886948
5.890693
5.894456
5.898264
5.901985
5.905736
5.909475
5.913199
5.916983
5.920713
5.924449
5.928168
5.931859
5.935580
5.939346
5.943052
5.946794
5.950488
5.954144
5.957859
5.961595
5.965292
5.968962
5.972749
5.976383
5.980095
5.983708
5.987337
5.991106
5.994731
5.998416
6.002056
6.005691
6.009340
6.013022
6.016617
6.020278
6.023874
6.027535
6.031178
6.034845
6.038428
6.042075
6.045652
6.049244
6.052932
6.056489
6.060078
6.063632
6.067205
6.070768
6.074360
6.078010
6.081539
6.085059
6.088711
6.092184
6.095776
6.099305
6.102880
6.106379
6.109998
6.113438
6.117009
6.120529
6.124053
6.127588
6.131052
6.134533
6.138030
6.141592
6.145022
6.148542
6.152087
6.155544
6.159017
6.162498
6.165950
6.169452
6.172915
6.176370
6.179761
6.183252
6.186721
6.190161
6.193630
6.197052
6.200515
6.203937
6.207364
6.210798
6.214237
6.217677
6.221107
6.224516
6.227947
6.231312
6.234688
6.238074
6.241498
6.244967
6.248287
6.251718
6.255121
6.258468
6.261878
6.265311
6.268654
6.272034
6.275420
6.278805
6.282143
0.002346
0.005698
0.009039
0.012428
0.015756
0.019106
0.022470
0.025832
0.029143
0.032501
0.035827
0.039167
0.042550
0.045873
0.049171
0.052578
0.055852
0.059217
0.062546
0.065838
0.069140
0.072496
0.075788
0.079120
0.082442
0.085720
0.089034
0.092386
0.095676
0.098948
0.102291
0.105596
0.108835
0.112199
0.115411
0.118728
0.122062
0.125337
0.128558
0.131910
0.135146
0.138442
0.141737
0.144982
0.148245
0.151550
0.154806
0.158066
0.161332
0.164609
0.167854
0.171165
0.174382
0.177630
0.180863
0.184081
0.187361
0.190597
0.193821
0.197051
0.200352
0.203573
0.206803
0.210054
0.213265
0.216552
0.219704
0.222922
0.226148
0.229390
0.232563
0.235811
0.239034
0.242249
0.245428
0.248646
0.251819
0.255063
0.258284
0.261457
0.264687
0.267859
0.271071
0.274238
0.277459
0.280584
0.283813
0.286938
0.290156
0.293293
0.296487
0.299690
0.302823
0.306044
0.309169
0.312321
0.315503
0.318652
0.321797
0.325015
0.328119
0.331262
0.334429
0.337545
0.340640
0.343782
0.346916
0.350083
0.353199
0.356318
0.359464
0.362589
0.365720
0.368818
0.371951
0.375049
0.378162
0.381293
0.384379
0.387438
0.390605
0.393649
0.396813
0.399872
0.402967
0.406032
0.409111
0.412158
0.415286
0.418369
0.421443
0.424496
0.427594
0.430653
0.433688
0.436765
0.439809
0.442871
0.445921
0.448941
0.451997
0.455041
0.458058
0.461123
0.464179
0.467154
0.470177
0.473227
0.476238
0.479237
0.482329
0.485313
0.488363
0.491344
0.494340
0.497282
0.500374
0.503313
0.506321
0.509333
0.512320
0.515304
0.518309
0.521293
0.524268
0.527252
0.530194
0.533199
0.536174
0.539143
0.542082
0.545063
0.548015
0.550978
0.553944
0.556895
0.559816
0.562773
0.565754
0.568636
0.571642
0.574566
0.577502
0.580459
0.583332
0.586253
0.589180
0.592096
0.595008
0.597941
0.600841
0.603753
0.606668
0.609563
0.612472
0.615375
0.618284
0.621166
0.624072
0.626937
0.629834
0.632731
0.635598
0.638469
0.641351
0.644209
0.647091
0.649955
0.652805
0.655657
0.658533
0.661388
0.664250
0.667129
0.669987
0.672791
0.675665
0.678463
0.681318
0.684140
0.687002
0.689830
0.692685
0.695475
0.698303
0.701116
0.703911
0.706734
0.709589
0.712390
0.715198
0.717987
0.720779
0.723581
0.726382
0.729141
0.731931
0.734744
0.737524
0.740328
0.743127
0.745874
0.748667
0.751411
0.754158
0.756930
0.759743
0.762493
0.765289
0.768036
0.770789
0.773516
0.776248
0.779032
0.781782
0.784523
0.787262
0.790012
0.792753
0.795456
0.798221
0.800945
0.803683
0.806427
0.809142
0.811862
0.814610
0.817312
0.820030
0.822726
0.825455
0.828131
0.830848
0.833575
0.836280
0.838977
0.841649
0.844367
0.847108
0.849774
0.852480
0.855188
0.857852
0.860545
0.863218
0.865890
0.868569
0.871238
0.873917
0.876583
0.879298
0.881928
0.884598
0.887267
0.889931
0.892588
0.895264
0.897924
0.900596
0.903248
0.905849
0.908512
0.911200
0.913809
0.916440
0.919133
0.921755
0.924385
0.927037
0.929670
0.932313
0.934955
0.937583
0.940204
0.942841
0.945439
0.948066
0.950670
0.953300
0.955889
0.958516
0.961144
0.963741
0.966360
0.968940
0.971516
0.974135
0.976702
0.979321
0.981930
0.984558
0.987147
0.989735
0.992282
0.994816
0.997435
1.000006
1.002582
1.005192
1.007735
1.010306
1.012850
1.015429
1.017997
1.020559
1.023105
1.025640
1.028255
1.030802
1.033355
1.035919
1.038436
1.040989
1.043514
1.046064
1.048617
1.051160
1.053692
1.056239
1.058848
1.061320
1.063864
1.066350
1.068861
1.071423
1.073888
1.076471
1.078952
1.081537
1.083985
1.086481
1.088997
1.091493
1.093989
1.096521
1.098986
1.101488
1.103999
1.106498
1.108972
1.111471
1.113940
1.116450
1.118982
1.121469
1.123902
1.126403
1.128848
1.131326
1.133762
1.136215
1.138732
1.141216
1.143637
1.146129
1.148577
1.151031
1.153452
1.155882
1.158332
1.160795
1.163249
1.165691
1.168120
1.170574
1.173001
1.175407
1.177852
1.180260
1.182681
1.185117
1.187547
1.190007
1.192463
1.194848
1.197242
1.199657
1.202048
1.204433
1.206835
1.209229
1.211662
1.214056
1.216447
1.218835
1.221220
1.223595
1.225974
1.228377
1.230747
1.233111
1.235505
1.237905
1.240286
1.242638
1.244981
1.247354
1.249754
1.252079
1.254425
1.256786
1.259144
1.261501
1.263859
1.266217
1.268518
1.270882
1.273222
1.275556
1.277875
1.280230
1.282540
1.284916
1.287196
1.289491
1.291804
1.294140
1.296423
1.298775
1.301064
1.303401
1.305678
1.307955
1.310286
1.312551
1.314849
1.317129
1.319424
1.321746
1.323984
1.326306
1.328562
1.330851
1.333113
1.335357
1.337613
1.339896
1.342149
1.344411
1.346703
1.348968
1.351191
1.353441
1.355691
1.357942
1.360153
1.362391
1.364635
1.366897
1.369075
1.371361
1.373560
1.375825
1.378033
1.380271
1.382455
1.384702
1.386892
1.389104
1.391273
1.393541
1.395722
1.397906
1.400099
1.402268
1.404464
1.406648
1.408818
1.411008
1.413210
1.415421
1.417596
1.419762
1.421943
1.424103
1.426252
1.428388
1.430584
1.432774
1.434931
1.437061
1.439237
1.441421
1.443572
1.445675
1.447811
1.449959
1.452120
1.454247
1.456371
1.458561
1.460643
1.462830
1.464907
1.467052
1.469131
1.471270
1.473377
1.475486
1.477601
1.479695
1.481819
1.483929
1.486041
1.488156
1.490280
1.492342
1.494436
1.496542
1.498633
1.500743
1.502810
1.504880
1.507004
1.509069
1.511136
1.513185
1.515291
1.517338
1.519402
1.521499
1.523566
1.525598
1.527716
1.529720
1.531803
1.533837
1.535877
1.537924
1.539976
1.542007
1.544060
1.546082
1.548128
1.550213
1.552209
1.554255
1.556301
1.558333
1.560331
1.562395
1.564382
1.566434
1.568438
1.570431
1.572405
1.574401
1.576441
1.578397
1.580444
1.582436
1.584440
1.586436
1.588425
1.590420
1.592395
1.594372
1.596374
1.598363
1.600343
1.602336
1.604316
1.606288
1.608271
1.610209
1.612139
1.614104
1.616052
1.617993
1.619968
1.621969
1.623898
1.625873
1.627802
1.629774
1.631679
1.633621
1.635553
1.637474
1.639406
1.641333
1.643268
1.645248
1.647130
1.649083
1.651007
1.652918
1.654848
1.656765
1.658689
1.660615
1.662527
1.664429
1.666353
1.668270
1.670169
1.672030
1.673983
1.675829
1.677705
1.679649
1.681504
1.683391
1.685288
1.687157
1.689030
1.690917
1.692787
1.694692
1.696559
1.698422
1.700298
1.702149
1.703974
1.705808
1.707701
1.709526
1.711428
1.713277
1.715113
1.716992
1.718861
1.720698
1.722502
1.724344
1.726172
1.727987
1.729815
1.731649
1.733431
1.735259
1.737077
1.738920
1.740754
1.742539
1.744328
1.746153
1.747959
1.749754
1.751584
1.753373
1.755180
1.756998
1.758772
1.760570
1.762337
1.764138
1.765932
1.767679
1.769450
1.771220
1.773009
1.774810
1.776572
1.778342
1.780098
1.781854
1.783657
1.785404
1.787145
1.788951
1.790668
1.792412
1.794137
1.795881
1.797604
1.799351
1.801064
1.802805
1.804561
1.806286
1.808039
1.809795
1.811538
1.813246
1.814945
1.816638
1.818372
1.820089
1.821770
1.823460
1.825161
1.826881
1.828583
1.830288
1.831980
1.833709
1.835396
1.837056
1.838716
1.840435
1.842101
1.843794
1.845490
1.847159
1.848824
1.850490
1.852156
1.853849
1.855562
1.857177
1.858879
1.860536
1.862205
1.863826
1.865485
1.867136
1.868793
1.870408
1.872020
1.873692
1.875351
1.876987
1.878614
1.880286
1.881901
1.883504
1.885157
1.886766
1.888393
1.890023
1.891632
1.893211
1.894850
1.896435
1.898011
1.899670
1.901288
1.902930
1.904503
1.906073
1.907667
1.909267
1.910834
1.912368
1.913953
1.915523
1.917060
1.918602
1.920199
1.921826
1.923420
1.924963
1.926578
1.928142
1.929664
1.931159
1.932702
1.934266
1.935767
1.937286
1.938775
1.940357
1.941909
1.943413
1.944956
1.946553
1.948075
1.949588
1.951080
1.952620
1.954148
1.955610
1.957102
1.958603
1.960092
1.961557
1.963049
1.964541
1.966066
1.967549
1.969065
1.970581
1.972079
1.973544
1.974997
1.976498
1.977984
1.979398
1.980828
1.982287
1.983728
1.985160
1.986604
1.988060
1.989516
1.991011
1.992458
1.993935
1.995397
1.996832
1.998265
1.999679
2.001102
2.002525
2.003936
2.005314
2.006728
2.008140
2.009527
2.010935
2.012376
2.013814
2.015222
2.016630
2.018036
2.019465
2.020855
2.022227
2.023590
2.025007
2.026386
2.027710
2.029088
2.030460
2.031838
2.033181
2.034541
2.035931
2.037333
2.038690
2.040051
2.041456
2.042828
2.044158
2.045482
2.046828
2.048191
2.049491
2.050786
2.052119
2.053506
2.054818
2.056113
2.057440
2.058776
2.060115
2.061428
2.062770
2.064124
2.065451
2.066725
2.068046
2.069361
2.070667
2.071899
2.073172
2.074463
2.075791
2.077040
2.078316
2.079638
2.080959
2.082226
2.083490
2.084800
2.086109
2.087385
2.088620
2.089905
2.091205
2.092440
2.093662
2.094923
2.096173
2.097416
2.098639
2.099873
2.101131
2.102378
2.103612
2.104852
2.106111
2.107363
2.108556
2.109787
2.111015
2.112256
2.113481
2.114673
2.115905
2.117112
2.118320
2.119500
2.120692
2.121888
2.123056
2.124237
2.125447
2.126661
2.127847
2.129019
2.130214
2.131427
2.132605
2.133767
2.134957
2.136152
2.137341
2.138480
2.139613
2.140778
2.141937
2.143058
2.144187
2.145359
2.146516
2.147654
2.148772
2.149913
2.151069
2.152187
2.153305
2.154443
2.155579
2.156711
2.157835
2.158979
2.160112
2.161208
2.162338
2.163440
2.164540
2.165645
2.166715
2.167788
2.168881
2.169960
2.171050
2.172144
2.173213
2.174289
2.175380
2.176464
2.177513
2.178567
2.179661
2.180751
2.181827
2.182906
2.183966
2.185066
2.186093
2.187127
2.188149
2.189167
2.190195
2.191214
2.192223
2.193269
2.194314
2.195324
2.196331
2.197376
2.198407
2.199405
2.200402
2.201451
2.202476
2.203476
2.204492
2.205511
2.206536
2.207515
2.208480
2.209439
2.210413
2.211383
2.212342
2.213300
2.214283
2.215263
2.216207
2.217180
2.218145
2.219104
2.220072
2.221045
2.221959
2.222906
2.223865
2.224808
2.225764
2.226723
2.227673
2.228619
2.229584
2.230507
2.231448
2.232347
2.233233
2.234120
2.235022
2.235915
2.236796
2.237679
2.238590
2.239510
2.240400
2.241287
2.242188
2.243102
2.243956
2.244819
2.245715
2.246593
2.247474
2.248358
2.249253
2.250158
2.251048
2.251905
2.252789
2.253637
2.254475
2.255260
2.256099
2.256920
2.257753
2.258559
2.259383
2.260237
2.261094
2.261903
2.262709
2.263530
2.264353
2.265174
2.265947
2.266756
2.267574
2.268413
2.269192
2.270001
2.270822
2.271649
2.272425
2.273231
2.274046
2.274876
2.275670
2.276437
2.277246
2.278024
2.278767
2.279477
2.280244
2.281008
2.281754
2.282462
2.283201
2.283978
2.284729
2.285452
2.286192
2.286956
2.287696
2.288409
2.289119
2.289859
2.290584
2.291297
2.292004
2.292750
2.293499
2.294206
2.294946
2.295680
2.296447
2.297166
2.297864
2.298592
2.299314
2.300000
2.300639
2.301283
2.301978
2.302655
2.303281
2.303931
2.304635
2.305336
2.305995
2.306643
2.307311
2.307994
2.308641
2.309267
2.309917
2.310555
2.311185
2.311799
2.312437
2.313096
2.313722
2.314334
2.314972
2.315634
2.316266
2.316883
2.317533
2.318196
2.318831
2.319463
2.320098
2.320739
2.321368
2.321947
2.322540
2.323163
2.323765
2.324317
2.324892
2.325491
2.326066
2.326602
2.327169
2.327771
2.328355
2.328906
2.329458
2.330033
2.330605
2.331145
2.331675
2.332223
2.332789
2.333326
2.333829
2.334347
2.334893
2.335414
2.335932
2.336468
2.337011
2.337526
2.338059
2.338596
2.339150
2.339683
2.340219
2.340768
2.341328
2.341882
2.342407
2.342931
2.343476
2.343995
2.344495
2.344968
2.345484
2.345975
2.346451
2.346925
2.347407
2.347878
2.348351
2.348812
2.349280
2.349753
2.350229
2.350676
2.351134
2.351593
2.352024
2.352446
2.352905
2.353357
2.353798
2.354232
2.354672
2.355125
2.355559
2.355982
2.356401
2.356824
2.357246
2.357666
2.358058
2.358469
2.358891
2.359298
2.359715
2.360143
2.360560
2.360958
2.361393
2.361839
2.362267
2.362696
2.363130
2.363565
2.364011
2.364431
2.364838
2.365249
2.365671
2.366087
2.366489
2.366893
2.367310
2.367702
2.368083
2.368460
2.368847
2.369203
2.369563
2.369916
2.370252
2.370588
2.370920
2.371247
2.371588
2.371909
2.372223
2.372532
2.372868
2.373182
2.373485
2.373772
2.374081
2.374396
2.374704
2.375010
2.375309
2.375618
2.375930
2.376229
2.376520
2.376807
2.377101
2.377383
2.377661
2.377937
2.378212
2.378458
2.378722
2.378998
2.379267
2.379525
2.379782
2.380028
2.380283
2.380532
2.380750
2.380972
2.381217
2.381451
2.381667
2.381889
2.382128
2.382371
2.382602
2.382835
2.383087
2.383339
2.383587
2.383827
2.384088
2.384357
2.384624
2.384885
2.385151
2.385439
2.385709
2.385975
2.386263
2.386559
2.386832
2.387099
2.387383
2.387668
2.387953
2.388213
2.388474
2.388720
2.388977
2.389226
2.389451
2.389684
2.389909
2.390122
2.390326
2.390526
2.390706
2.390889
2.391054
2.391230
2.391383
2.391524
2.391665
2.391809
2.391937
2.392051
2.392147
2.392246
2.392348
2.392444
2.392522
2.392591
2.392665
2.392737
2.392800
2.392851
2.392899
2.392938
2.392980
2.393010
2.393028
2.393040
2.393058
2.393067
2.393070
2.393070
2.393070
2.393070
2.393070
2.393070
2.393070
2.393070
2.393070
2.393070
2.393070
2.393070
2.393070
2.393070
2.393070
2.393043
2.392968
2.392896
2.392830
2.392758
2.392684
2.392602
2.392516
2.392426
2.392339
2.392252
2.392150
2.392051
2.391953
2.391854
2.391740
2.391626
2.391500
2.391371
2.391242
2.391117
2.390970
2.390826
2.390682
2.390532
2.390385
2.390236
2.390074
2.389900
2.389735
2.389570
2.389400
2.389226
2.389058
2.388885
2.388711
2.388534
2.388363
2.388195
2.388028
2.387863
2.387686
2.387518
2.387359
2.387216
2.387066
2.386922
2.386769
2.386626
2.386503
2.386371
2.386239
2.386107
2.385999
2.385906
2.385817
2.385736
2.385661
2.385598
2.385541
2.385505
2.385466
2.385436
2.385415
2.385406
2.385403
2.385403
2.385394
2.385385
2.385385
2.385385
2.385385
2.385385
2.385385
2.385385
2.385385
2.385400
2.385478
2.385568
2.385664
2.385762
2.385861
2.385960
2.386068
2.386167
2.386269
2.386377
2.386476
2.386578
2.386694
2.386814
2.386907
2.387003
2.387120
2.387234
2.387338
2.387440
2.387527
2.387629
2.387722
2.387812
2.387890
2.387971
2.388052
2.388126
2.388192
2.388255
2.388312
2.388357
2.388408
2.388465
2.388510
2.388552
2.388588
2.388621
2.388648
2.388666
2.388675
2.388675
2.388675
2.388675
2.388675
2.388675
2.388675
2.388675
2.388675
2.388675
2.388675
2.388675
2.388675
2.388675
2.388675
2.388675
2.388675
2.388675
2.388633
2.388579
2.388522
2.388462
2.388411
2.388357
2.388303
2.388243
2.388198
2.388150
2.388099
2.388052
2.387989
2.387929
2.387878
2.387836
2.387782
2.387725
2.387689
2.387650
2.387608
2.387569
2.387527
2.387491
2.387464
2.387443
2.387414
2.387389
2.387380
2.387365
2.387357
2.387345
2.387326
2.387309
2.387305
2.387303
2.387294
2.387288
2.387288
2.387288
2.387288
2.387288
2.387288
2.387288
2.387288
2.387288
2.387288
2.387288
2.387288
2.387288
2.387288
2.387288
2.387288
2.387288
2.387288
2.387288
2.387288
2.387288
2.387288
2.387288
2.387288
2.387303
2.387317
2.387332
2.387357
2.387368
2.387374
2.387374
2.387378
2.387395
2.387410
2.387419
2.387422
2.387422
2.387431
2.387440
2.387443
2.387443
2.387443
2.387443
2.387446
2.387449
2.387449
2.387449
2.387449
2.387449
2.387449
2.387449
2.387449
2.387449
2.387449
2.387449
2.387449
2.387449
2.387449
2.387449
2.387449
2.387449
2.387449
2.387449
2.387449
2.387449
2.387449
2.387449
2.387449
2.387449
2.387449
2.387449
2.387449
2.387449
2.387449
2.387449
2.387449
2.387449
2.387449
2.387449
2.387449
2.387449
2.387449
2.387449
2.387449
2.387449
2.387449
2.387449
2.387449
2.387449
2.387449
2.387449
2.387449
2.387449
2.387449
2.387449
2.387449
2.387449
2.387449
2.387449
2.387449
2.387449
2.387449
2.387449
2.387449
2.387449
2.387449
2.387449
2.387449
2.387449
2.387449
2.387449
2.387449
2.387449
2.387449
2.387449
2.387449
2.387449
2.387449
2.387449
2.387449
2.387449
2.387449
2.387449
2.387449
2.387449
2.387449
2.387449
2.387449
2.387449
2.387449
2.387449
2.387449
2.387449
2.387449
2.387449
2.387449
2.387449
2.387449
2.387449
2.387449
2.387449
2.387449
2.387449
2.387449