2.387449
2.387449
2.387449
2.387449
2.387449
2.387449
2.387449
2.387449
2.387449
2.387617
2.387905
2.388294
2.388783
2.389364
2.390026
2.390769
2.391626
2.392567
2.393591
2.394694
2.395868
2.397139
2.398550
2.400021
2.401642
2.403403
2.405249
2.407208
2.409276
2.411442
2.413743
2.416071
2.418483
2.421065
2.423708
2.426449
2.429289
2.432282
2.435371
2.438583
2.441900
2.445312
2.448892
2.452521
2.456209
2.459963
2.463978
2.467956
2.472082
2.476333
2.480669
2.485139
2.489720
2.494394
2.499202
2.504083
2.509056
2.514147
2.519369
2.524567
2.530104
2.535562
2.541216
2.546900
2.552754
2.558746
2.564807
2.570937
2.577178
2.583634
2.590174
2.596697
2.603399
2.610227
2.617121
2.624090
2.631382
2.638519
2.645853
2.653304
2.660834
2.668518
2.676320
2.684107
2.692025
2.700067
2.708276
2.716704
2.724922
2.733515
2.742051
2.750886
2.759631
2.768518
2.777656
2.786656
2.795869
2.805252
2.814615
2.824098
2.833844
2.843728
2.853474
2.863454
2.873392
2.883482
2.893966
2.904140
2.914563
2.925077
2.935542
2.946076
2.956526
2.967027
2.977607
2.988054
2.998477
3.008975
3.019557
3.029927
3.040434
3.051001
3.061394
3.072132
3.082618
3.093224
3.103755
3.114071
3.124803
3.135079
3.145550
3.156010
3.166487
3.176982
3.187435
3.197931
3.208498
3.218936
3.229425
3.240043
3.250386
3.260779
3.271271
3.281712
3.292145
3.302622
3.313213
3.323504
3.334125
3.344456
3.354945
3.365470
3.375851
3.386313
3.396707
3.407136
3.417506
3.428097
3.438568
3.448955
3.459546
3.469930
3.480300
3.490759
3.501206
3.511621
3.521990
3.532371
3.542876
3.553272
3.563626
3.574184
3.584386
3.594914
3.605220
3.615569
3.625854
3.636328
3.646533
3.656956
3.667164
3.677614
3.687894
3.698164
3.708488
3.718708
3.728970
3.739189
3.749588
3.759682
3.770004
3.780094
3.790305
3.800569
3.810726
3.820868
3.831159
3.841232
3.851481
3.861548
3.871684
3.881855
3.891949
3.902019
3.912196
3.922383
3.932501
3.942657
3.952724
3.962800
3.973025
3.983050
3.993165
4.003213
4.013439
4.023542
4.033695
4.043831
4.053874
4.064015
4.074097
4.084290
4.094324
4.104435
4.114628
4.124815
4.134860
4.145038
4.155122
4.165330
4.175304
4.185488
4.195752
4.205795
4.216080
4.226138
4.236316
4.246430
4.256560
4.266686
4.276864
4.287024
4.297139
4.307313
4.317410
4.327614
4.337759
4.347811
4.357925
4.368109
4.378194
4.388353
4.398468
4.408571
4.418814
4.428860
4.438897
4.448979
4.459216
4.469103
4.479293
4.489305
4.499417
4.509535
4.519521
4.529635
4.539786
4.549784
4.559770
4.569825
4.579984
4.589955
4.599974
4.610020
4.619991
4.630045
4.640103
4.650002
4.659928
4.669971
4.679918
4.690107
4.699958
4.709911
4.719861
4.729976
4.739872
4.749813
4.759805
4.769763
4.779812
4.789843
4.799829
4.809956
4.819879
4.829876
4.839838
4.849857
4.859825
4.869880
4.879955
4.889887
4.899825
4.909916
4.919905
4.929921
4.939981
4.949970
4.960025
4.970242
4.980032
4.990160
5.000067
5.010149
5.020159
5.030226
5.040271
5.050302
5.060270
5.070334
5.080353
5.090431
5.100276
5.110442
5.120425
5.130450
5.140385
5.150442
5.160368
5.170351
5.180370
5.190314
5.200363
5.210289
5.220307
5.230081
5.240258
5.250115
5.259990
5.269856
5.279902
5.289633
5.299790
5.309497
5.319426
5.329277
5.339167
5.348988
5.358785
5.368576
5.378496
5.388320
5.398004
5.407866
5.417666
5.427395
5.437231
5.446989
5.456741
5.466376
5.476168
5.485818
5.495672
5.505313
5.514943
5.524632
5.534462
5.544169
5.553816
5.563616
5.573252
5.582833
5.592649
5.602302
5.611976
5.621695
5.631351
5.641020
5.650900
5.660431
5.670090
5.679815
5.689319
5.699053
5.708718
5.718327
5.727995
5.737789
5.747329
5.757027
5.766650
5.776319
5.785921
5.795670
5.805108
5.814881
5.824426
5.834071
5.843763
5.853407
5.862977
5.872549
5.882214
5.891742
5.901338
5.911006
5.920548
5.930040
5.939733
5.949260
5.958832
5.968401
5.977884
5.987432
5.997008
6.006610
6.016036
6.025638
6.035073
6.044549
6.054095
6.063389
6.072910
6.082414
6.091809
6.101355
6.110888
6.120230
6.129655
6.139093
6.148507
6.157804
6.167244
6.176661
6.186044
6.195428
6.204707
6.214063
6.223474
6.232798
6.242125
6.251334
6.260763
6.269985
6.279329
0.005456
0.014672
0.024037
0.033280
0.042559
0.051943
0.061102
0.070443
0.079818
0.089007
0.098253
0.107684
0.116960
0.126002
0.135464
0.144623
0.153877
0.163198
0.172438
0.181729
0.191035
0.200244
0.209529
0.218904
0.228063
0.237437
0.246572
0.255953
0.265133
0.274457
0.283759
0.292951
0.302230
0.311452
0.320614
0.330076
0.339133
0.348474
0.357663
0.367002
0.376167
0.385446
0.394632
0.403793
0.413165
0.422345
0.431522
0.440720
0.450026
0.459209
0.468385
0.477544
0.486703
0.495916
0.505036
0.514210
0.523345
0.532642
0.541570
0.550837
0.559942
0.569131
0.578263
0.587230
0.596476
0.605482
0.614524
0.623782
0.632797
0.641842
0.650932
0.660034
0.669067
0.678097
0.687196
0.696289
0.705203
0.714200
0.723302
0.732428
0.741290
0.750383
0.759410
0.768297
0.777366
0.786417
0.795372
0.804369
0.813366
0.822340
0.831337
0.840397
0.849316
0.858286
0.867406
0.876215
0.885254
0.894317
0.903245
0.912320
0.921287
0.930416
0.939237
0.948249
0.957309
0.966369
0.975216
0.984273
0.993286
1.002277
1.011355
1.020385
1.029418
1.038520
1.047340
1.056559
1.065446
1.074470
1.083533
1.092545
1.101596
1.110635
1.119686
1.128725
1.137776
1.146690
1.155774
1.164861
1.173801
1.182861
1.191909
1.200852
1.209984
1.218844
1.228015
1.236880
1.246012
1.254871
1.263922
1.272937
1.281976
1.290959
1.299956
1.308932
1.317986
1.326953
1.335896
1.344900
1.353900
1.363002
1.371852
1.380828
1.389829
1.398694
1.407712
1.416520
1.425601
1.434560
1.443434
1.452482
1.461419
1.470243
1.479231
1.488216
1.497039
1.505992
1.514932
1.523842
1.532728
1.541657
1.550537
1.559459
1.568435
1.577169
1.586046
1.595067
1.603948
1.612687
1.621852
1.630655
1.639496
1.648526
1.657385
1.666254
1.675125
1.684092
1.692987
1.701973
1.710880
1.719787
1.728826
1.737683
1.746605
1.755602
1.764554
1.773441
1.782330
1.791402
1.800207
1.809285
1.818226
1.827112
1.836010
1.844998
1.853942
1.862987
1.871990
1.880867
1.889816
1.898766
1.907643
1.916724
1.925628
1.934583
1.943518
1.952488
1.961389
1.970344
1.979210
1.988150
1.997096
2.005982
2.014935
2.023848
2.032806
2.041675
2.050603
2.059546
2.068420
2.077253
2.086334
2.095040
2.104112
2.112792
2.121729
2.130543
2.139382
2.148217
2.157071
2.165915
2.174813
2.183610
2.192400
2.201238
2.210035
2.218816
2.227565
2.236388
2.245155
2.253903
2.262742
2.271421
2.280221
2.288993
2.297661
2.306313
2.315122
2.323906
2.332532
2.341337
2.350014
2.358723
2.367499
2.376214
2.384756
2.393450
2.402172
2.410801
2.419540
2.428277
2.436902
2.445600
2.454306
2.462908
2.471651
2.480399
2.488944
2.497740
2.506321
2.514977
2.523623
2.532398
2.540916
2.549788
2.558306
2.567012
2.575674
2.584290
2.592961
2.601670
2.610305
2.618952
2.627658
2.636323
2.644987
2.653649
2.662203
2.670867
2.679688
2.688181
2.696786
2.705427
2.714112
2.722642
2.731400
2.739896
2.748546
2.757267
2.765824
2.774387
2.783058
2.791641
2.800186
2.808926
2.817386
2.825955
2.834554
2.843084
2.851655
2.860338
2.868763
2.877326
2.885894
2.894412
2.902918
2.911495
2.919965
2.928540
2.937019
2.945549
2.953908
2.962596
2.970919
2.979422
2.987832
2.996371
3.004826
3.013245
3.021661
3.030187
3.038579
3.046971
3.055366
3.063842
3.072186
3.080599
3.089069
3.097338
3.105700
3.114116
3.122433
3.130765
3.139190
3.147468
3.155806
3.164186
3.172458
3.180859
3.189290
3.197535
3.205867
3.214217
3.222483
3.230854
3.239228
3.247470
3.255847
3.264176
3.272421
3.280834
3.289134
3.297369
3.305696
3.314031
3.322330
3.330701
3.338961
3.347236
3.355640
3.363894
3.372244
3.380480
3.388869
3.397039
3.405362
3.413635
3.422006
3.430221
3.438547
3.446732
3.455085
3.463396
3.471668
3.479946
3.488122
3.496568
3.504805
3.512939
3.521226
3.529453
3.537701
3.545860
3.554078
3.562338
3.570556
3.578744
3.586923
3.595130
3.603399
3.611668
3.619754
3.627924
3.636101
3.644220
3.652414
3.660596
3.668653
3.676883
3.684889
3.693089
3.701103
3.709294
3.717372
3.725614
3.733532
3.741640
3.749723
3.757822
3.765881
3.773928
3.781934
3.790011
3.798014
3.805929
3.814099
3.822072
3.830026
3.838062
3.846085
3.854019
3.861979
3.870132
3.877861
3.885918
3.893890
3.901875
3.909832
3.917754
3.925753
3.933525
3.941638
3.949518
3.957395
3.965370
3.973280
3.981220
3.989180
3.997098
4.004972
4.012978
4.020887
4.028836
4.036823
4.044661
4.052544
4.060582
4.068456
4.076416
4.084317
4.092217
4.100151
4.108078
4.115955
4.123883
4.131912
4.139660
4.147767
4.155608
4.163487
4.171475
4.179373
4.187315
4.195204
4.203093
4.211029
4.218959
4.226899
4.234773
4.242601
4.250640
4.258448
4.266378
4.274291
4.282194
4.290098
4.298073
4.305935
4.313946
4.321802
4.329604
4.337627
4.345441
4.353342
4.361227
4.369104
4.377001
4.384866
4.392743
4.400599
4.408508
4.416457
4.424213
4.432033
4.439888
4.447753
4.455486
4.463402
4.471224
4.479110
4.486864
4.494668
4.502530
4.510287
4.518056
4.525918
4.533749
4.541440
4.549272
4.556995
4.564725
4.572635
4.580287
4.588065
4.595902
4.603656
4.611386
4.619053
4.626798
4.634528
4.642299
4.650002
4.657672
4.665417
4.673156
4.680813
4.688543
4.696252
4.704057
4.711607
4.719343
4.726992
4.734683
4.742373
4.750022
4.757758
4.765518
4.773095
4.780771
4.788585
4.796105
4.803927
4.811594
4.819240
4.826922
4.834604
4.842328
4.849998
4.857620
4.865314
4.873002
4.880662
4.888407
4.895954
4.903741
4.911402
4.918946
4.926742
4.934358
4.942172
4.949814
4.957448
4.965124
4.972812
4.980389
4.988104
4.995828
5.003405
5.011054
5.018793
5.026402
5.034114
5.041800
5.049397
5.057016
5.064746
5.072251
5.079987
5.087693
5.095306
5.102997
5.110688
5.118157
5.125824
5.133419
5.141017
5.148615
5.156240
5.163820
5.171388
5.179031
5.186581
5.194173
5.201777
5.209303
5.216865
5.224523
5.232019
5.239521
5.247176
5.254672
5.262165
5.269605
5.277128
5.284660
5.292228
5.299646
5.307166
5.314644
5.322146
5.329586
5.337055
5.344467
5.351951
5.359474
5.366794
5.374242
5.381672
5.389048
5.396461
5.403867
5.411222
5.418613
5.425990
5.433399
5.440712
5.448119
5.455498
5.462808
5.470226
5.477405
5.484781
5.492074
5.499429
5.506757
5.514116
5.521279
5.528646
5.535921
5.543213
5.550464
5.557849
5.565133
5.572323
5.579624
5.586881
5.594141
5.601436
5.608740
5.615895
5.623244
5.630486
5.637670
5.645109
5.652204
5.659604
5.666723
5.674072
5.681278
5.688555
5.695692
5.702927
5.710210
5.717371
5.724634
5.731896
5.738997
5.746268
5.753432
5.760664
5.767948
5.775102
5.782218
5.789414
5.796638
5.803798
5.810974
5.818192
5.825409
5.832570
5.839766
5.846848
5.854009
5.861251
5.868372
5.875476
5.882658
5.889779
5.896895
5.904103
5.911147
5.918272
5.925447
5.932584
5.939654
5.946755
5.953871
5.960908
5.968084
5.975113
5.982204
5.989338
5.996310
6.003419
6.010430
6.017411
6.024608
6.031556
6.038701
6.045598
6.052693
6.059656
6.066717
6.073584
6.080670
6.087621
6.094649
6.101534
6.108530
6.115535
6.122450
6.129407
6.136349
6.143209
6.150259
6.157156
6.164092
6.170998
6.177940
6.184837
6.191728
6.198592
6.205536
6.212421
6.219211
6.226188
6.233010
6.239872
6.246729
6.253572
6.260421
6.267312
6.274113
6.280965
0.004620
0.011487
0.018282
0.025011
0.031914
0.038673
0.045546
0.052326
0.059112
0.065952
0.072783
0.079518
0.086388
0.093165
0.099978
0.106738
0.113607
0.120349
0.127141
0.133957
0.140728
0.147529
0.154417
0.161080
0.167935
0.174700
0.181453
0.188227
0.195100
0.201817
0.208582
0.215386
0.222164
0.229034
0.235727
0.242534
0.249314
0.256085
0.262805
0.269546
0.276452
0.283067
0.289820
0.296631
0.303342
0.310110
0.316932
0.323625
0.330369
0.337113
0.343815
0.350581
0.357409
0.364006
0.370750
0.377512
0.384211
0.390967
0.397777
0.404291
0.411179
0.417830
0.424496
0.431132
0.437972
0.444549
0.451251
0.458004
0.464607
0.471265
0.478012
0.484660
0.491335
0.498019
0.504701
0.511367
0.518039
0.524651
0.531276
0.537951
0.544602
0.551205
0.557866
0.564490
0.570988
0.577736
0.584261
0.590930
0.597512
0.604083
0.610674
0.617280
0.623755
0.630358
0.637042
0.643520
0.650111
0.656694
0.663192
0.669744
0.676342
0.682828
0.689434
0.695879
0.702410
0.709014
0.715443
0.722056
0.728491
0.735070
0.741473
0.748007
0.754569
0.760974
0.767539
0.773965
0.780461
0.786962
0.793505
0.799896
0.806308
0.812923
0.819373
0.825812
0.832343
0.838812
0.845199
0.851689
0.858175
0.864641
0.871145
0.877530
0.884019
0.890500
0.896926
0.903392
0.909914
0.916302
0.922782
0.929242
0.935740
0.942095
0.948689
0.955086
0.961506
0.968008
0.974410
0.980906
0.987368
0.993792
1.000239
1.006756
1.013194
1.019657
1.026104
1.032534
1.038951
1.045471
1.051852
1.058381
1.064822
1.071204
1.077699
1.084075
1.090564
1.097054
1.103492
1.109904
1.116367
1.122874
1.129181
1.135730
1.142142
1.148499
1.154959
1.161391
1.167839
1.174274
1.180677
1.187082
1.193533
1.200019
1.206428
1.212789
1.219236
1.225675
1.232101
1.238510
1.244906
1.251261
1.257759
1.264144
1.270514
1.276976
1.283301
1.289643
1.296181
1.302505
1.308872
1.315233
1.321596
1.327984
1.334428
1.340762
1.347045
1.353552
1.359826
1.366181
1.372484
1.378884
1.385269
1.391599
1.397927
1.404261
1.410639
1.416961
1.423321
1.429643
1.435938
1.442250
1.448599
1.454873
1.461228
1.467471
1.473757
1.480067
1.486562
1.492791
1.499017
1.505342
1.511660
1.517919
1.524217
1.530487
1.536773
1.543080
1.549297
1.555525
1.561874
1.568124
1.574299
1.580593
1.586906
1.593153
1.599472
1.605685
1.611974
1.618284
1.624492
1.630684
1.637018
1.643265
1.649530
1.655705
1.661978
1.668285
1.674622
1.680820
1.687034
1.693332
1.699546
1.705811
1.712135
1.718247
1.724527
1.730819
1.737047
1.743387
1.749709
1.755866
1.762169
1.768365
1.774654
1.780877
1.787184
1.793370
1.799710
1.805936
1.812177
1.818390
1.824619
1.830974
1.837224
1.843434
1.849681
1.855952
1.862142
1.868386
1.874647
1.880876
1.887150
1.893385
1.899577
1.905863
1.912032
1.918309
1.924553
1.930734
1.936977
1.943146
1.949411
1.955631
1.961815
1.968017
1.974245
1.980405
1.986685
1.992845
1.999056
2.005228
2.011393
2.017619
2.023800
2.030020
2.036237
2.042364
2.048542
2.054689
2.060933
2.066991
2.073190
2.079308
2.085564
2.091610
2.097788
2.103914
2.110104
2.116225
2.122364
2.128488
2.134675
2.140712
2.146848
2.152972
2.159156
2.165169
2.171350
2.177414
2.183427
2.189578
2.195627
2.201670
2.207779
2.213804
2.219808
2.225959
2.232083
2.238078
2.244151
2.250116
2.256177
2.262202
2.268239
2.274258
2.280310
2.286290
2.292262
2.298344
2.304261
2.310298
2.316221
2.322330
2.328184
2.334287
2.340172
2.346146
2.352159
2.358100
2.364104
2.370081
2.375947
2.381955
2.387983
2.393771
2.399859
2.405713
2.411633
2.417733
2.423564
2.429508
2.435554
2.441387
2.447412
2.453315
2.459271
2.465149
2.471099
2.477082
2.482898
2.488950
2.494840
2.500751
2.506665
2.512619
2.518488
2.524429
2.530391
2.536296
2.542175
2.548092
2.554033
2.559902
2.565846
2.571713
2.577579
2.583502
2.589420
2.595319
2.601194
2.607096
2.612980
2.618850
2.624734
2.630624
2.636548
2.642408
2.648322
2.654236
2.660048
2.665891
2.671823
2.677644
2.683514
2.689365
2.695222
2.701073
2.706928
2.712800
2.718603
2.724506
2.730339
2.736142
2.742009
2.747839
2.753609
2.759553
2.765327
2.771130
2.776958
2.782791
2.788561
2.794446
2.800165
2.806010
2.811751
2.817611
2.823364
2.829239
2.834976
2.840750
2.846544
2.852314
2.858088
2.863828
2.869602
2.875321
2.881142
2.886865
2.892584
2.898319
2.904041
2.909785
2.915585
2.921188
2.926973
2.932702
2.938379
2.944087
2.949827
2.955472
2.961137
2.966866
2.972537
2.978209
2.983859
2.989558
2.995280
3.000955
3.006590
3.012214
3.017904
3.023584
3.029193
3.034831
3.040440
3.046036
3.051717
3.057389
3.062994
3.068558
3.074142
3.079751
3.085384
3.090935
3.096586
3.102206
3.107698
3.113376
3.118954
3.124527
3.130055
3.135687
3.141182
3.146689
3.152247
3.157780
3.163491
3.168917
3.174540
3.179978
3.185524
3.191150
3.196636
3.202236
3.207749
3.213243
3.218849
3.224338
3.229872
3.235387
3.240930
3.246467
3.251943
3.257441
3.263044
3.268515
3.274015
3.279444
3.285092
3.290488
3.296090
3.301486
3.307014
3.312542
3.318120
3.323534
3.328987
3.334602
3.339958
3.345483
3.350966
3.356416
3.361968
3.367369
3.372834
3.378302
3.383827
3.389265
3.394639
3.400248
3.405542
3.411112
3.416544
3.421961
3.427362
3.432854
3.438247
3.443706
3.449111
3.454540
3.459927
3.465370
3.470718
3.476219
3.481555
3.487080
3.492341
3.497809
3.503175
3.508544
3.513984
3.519288
3.524662
3.530088
3.535451
3.540727
3.546150
3.551498
3.556840
3.562248
3.567584
3.572878
3.578274
3.583550
3.588901
3.594246
3.599552
3.604882
3.610158
3.615467
3.620632
3.625995
3.631331
3.636499
3.641916
3.647033
3.652399
3.657630
3.662835
3.668180
3.673357
3.678588
3.683855
3.689059
3.694254
3.699494
3.704677
3.709861
3.715071
3.720245
3.725437
3.730659
3.735797
3.740972
3.746206
3.751308
3.756491
3.761644
3.766768
3.771852
3.777008
3.782095
3.787228
3.792429
3.797546
3.802580
3.807808
3.812835
3.817934
3.823061
3.828112
3.833211
3.838331
3.843434
3.848515
3.853543
3.858576
3.863642
3.868715
3.873754
3.878814
3.883815
3.888872
3.893917
3.898882
3.903930
3.908978
3.913970
3.919075
3.923995
3.929049
3.933999
3.939041
3.944059
3.948979
3.954030
3.958959
3.963962
3.969025
3.973984
3.978900
3.983847
3.988934
3.993863
3.998854
4.003813
4.008747
4.013690
4.018718
4.023587
4.028506
4.033513
4.038435
4.043364
4.048319
4.053314
4.058206
4.063156
4.068081
4.072986
4.077983
4.082893
4.087786
4.092760
4.097658
4.102548
4.107500
4.112396
4.117312
4.122181
4.127098
4.132008
4.136877
4.141721
4.146653
4.151593
4.156480
4.161321
4.166256
4.171169
4.176023
4.180903
4.185781
4.190647
4.195569
4.200393
4.205288
4.210130
4.215041
4.219930
4.224766
4.229661
4.234431
4.239285
4.244201
4.249034
4.253909
4.258702
4.263592
4.268469
4.273230
4.278033
4.282922
4.287725
4.292546
4.297384
4.302193
4.306990
4.311798
4.316589
4.321371
4.326189
4.330985
4.335803
4.340605
4.345306
4.350229
4.354992
4.359711
4.364475
4.369296
4.374032
4.378760
4.383548
4.388318
4.393066
4.397830
4.402585
4.407351
4.412070
4.416777
4.421526
4.426367
4.430990
4.435640
4.440476
4.445177
4.449839
4.454563
4.459231
4.463938
4.468639
4.473310
4.478025
4.482697
4.487361
4.492029
4.496754
4.501353
4.506023
4.510629
4.515269
4.519949
4.524608
4.529168
4.533812
4.538513
4.543052
4.547684
4.552322
4.556900
4.561490
4.566103
4.570654
4.575331
4.579870
4.584511
4.588990
4.593661
4.598114
4.602697
4.607264
4.611814
4.616305
4.620902
4.625401
4.629968
4.634480
4.639007
4.643450
4.648001
4.652579
4.657079
4.661570
4.666028
4.670516
4.675034
4.679492
4.684031
4.688466
4.692867
4.697352
4.701885
4.706283
4.710723
4.715229
4.719681
4.724133
4.728556
4.732990
4.737445
4.741909
4.746292
4.750774
4.755170
4.759595
4.764038
4.768481
4.772892
4.777310
4.781754
4.786167
4.790610
4.795020
4.799395
4.803832
4.808257
4.812673
4.817053
4.821439
4.825814
4.830203
4.834634
4.839002
4.843377
4.847772
4.852152
4.856544
4.860954
4.865263
4.869631
4.873993
4.878328
4.882670
4.887053
4.891475
4.895732
4.900092
4.904421
4.908756
4.913173
4.917463
4.921718
4.926157
4.930400
4.934744
4.939055
4.943346
4.947666
4.951930
4.956229
4.960519
4.964818
4.969061
4.973351
4.977705
4.982004
4.986273
4.990549
4.994815
4.999103
5.003351
5.007587
5.011833
5.016105
5.020345
5.024605
5.028860
5.033093
5.037266
5.041530
5.045754
5.050014
5.054224
5.058413
5.062655
5.066897
5.071065
5.075271
5.079463
5.083696
5.087918
5.092109
5.096271
5.100435
5.104615
5.108803
5.112977
5.117144
5.121282
5.125428
5.129608
5.133778
5.137907
5.142077
5.146233
5.150367
5.154475
5.158604
5.162765
5.166873
5.170932
5.175043
5.179130
5.183261
5.187399
5.191504
5.195569
5.199658
5.203661
5.207760
5.211846
5.215906
5.219909
5.223975
5.228013
5.232106
5.236088
5.240126
5.244138
5.248165
5.252159
5.256227
5.260161
5.264158
5.268095
5.272133
5.276094
5.280079
5.284025
5.287973
5.291949
5.295922
5.299817
5.303762
5.307738
5.311639
5.315546
5.319471
5.323366
5.327291
5.331203
5.335149
5.338957
5.342882
5.346759
5.350666
5.354495
5.358363
5.362195
5.366075
5.369946
5.373796
5.377625
5.381438
5.385261
5.389183
5.392967
5.396766
5.400595
5.404415
5.408277
5.412031
5.415794
5.419572
5.423467
5.427185
5.430951
5.434723
5.438465
5.442234
5.446048
5.449784
5.453506
5.457232
5.460987
5.464771
5.468498
5.472189
5.475916
5.479652
5.483418
5.487100
5.490779
5.494471
5.498168
5.501898
5.505601
5.509286
5.512905
5.516587
5.520276
5.523984
5.527637
5.531271
5.534971
5.538641
5.542243
5.545889
5.549502
5.553151
5.556828
5.560459
5.564069
5.567658
5.571278
5.574930
5.578549
5.582135
5.585727
5.589350
5.592930
5.596534
5.600151
5.603692
5.607260
5.610852
5.614511
5.617995
5.621605
5.625153
5.628745
5.632310
5.635839
5.639366
5.642922
5.646463
5.650008
5.653573
5.657078
5.660584
5.664140
5.667675
5.671139
5.674675
5.678177
5.681613
5.685184
5.688693
5.692117
5.695694
5.699125
5.702631
5.706088
5.709602
5.713081
5.716604
5.719993
5.723480
5.726974
5.730338
5.733855
5.737283
5.740707
5.744153
5.747628
5.751026
5.754447
5.757908
5.761299
5.764754
5.768238
5.771576
5.775045
5.778401
5.781796
5.785241
5.788644
5.792042
5.795413
5.798789
5.802196
5.805596
5.808988
5.812403
5.815720
5.819081
5.822476
5.825808
5.829160
5.832512
5.835823
5.839209
5.842519
5.845899
5.849264
5.852571
5.855891
5.859258
5.862524
5.865802
5.869187
5.872459
5.875758
5.879053
5.882433
5.885705
5.888985
5.892188
5.895537
5.898764
5.902078
5.905326
5.908628
5.911851
5.915117
5.918365
5.921660
5.924926
5.928201
5.931374
5.934585
5.937899
5.941072
5.944295
5.947597
5.950755
5.953967
5.957184
5.960402
5.963596
5.966808
5.969972
5.973186
5.976392
5.979550
5.982729
5.985917
5.989101
5.992218
5.995438
5.998605
6.001709
6.004888
6.007998
6.011170
6.014319
6.017462
6.020602
6.023679
6.026855
6.029953
6.033111
6.036223
6.039336
6.042422
6.045532
6.048636
6.051731
6.054847
6.057885
6.061016
6.064048
6.067158
6.070210
6.073332
6.076367
6.079388
6.082494
6.085494
6.088639
6.091681
6.094724
6.097763
6.100782
6.103820
6.106885
6.109923
6.112956
6.115954
6.118950
6.121992
6.124988
6.128019
6.131028
6.134009
6.137020
6.139974
6.142955
6.145963
6.148968
6.151964
6.154909
6.157899
6.160868
6.163810
6.166857
6.169820
6.172748
6.175657
6.178668
6.181571
6.184582
6.187527
6.190424
6.193376
6.196339
6.199248
6.202172
6.205147
6.208041
6.210941
6.213848
6.216718
6.219669
6.222587
6.225499
6.228382
6.231291
6.234188
6.237043
6.239979
6.242885
6.245780
6.248686
6.251523
6.254405
6.257263
6.260116
6.263010
6.265868
6.268712
6.271575
6.274422
6.277298
6.280147
6.282939
0.002619
0.005513
0.008269
0.011136
0.013995
0.016826
0.019627
0.022464
0.025290
0.028109
0.030952
0.033784
0.036594
0.039425
0.042193
0.045007
0.047817
0.050627
0.053417
0.056236
0.059091
0.061803
0.064592
0.067372
0.070126
0.072972
0.075701
0.078560
0.081313
0.084081
0.086826
0.089597
0.092335
0.095128
0.097914
0.100635
0.103382
0.106174
0.108931
0.111699
0.114419
0.117149
0.119893
0.122626
0.125346
0.128108
0.130835
0.133576
0.136318
0.139044
0.141755
0.144467
0.147211
0.149923
0.152634
0.155357
0.158066
0.160765
0.163480
0.166161
0.168897
0.171536
0.174227
0.176923
0.179608
0.182358
0.185012
0.187715
0.190384
0.193069
0.195819
0.198408
0.201113
0.203756
0.206401
0.209101
0.211728
0.214401
0.217088
0.219743
0.222361
0.225079
0.227670
0.230349
0.232946
0.235649
0.238264
0.240916
0.243573
0.246201
0.248822
0.251438
0.254072
0.256675
0.259339
0.261975
0.264549
0.267185
0.269795
0.272392
0.275017
0.277621
0.280203
0.282825
0.285425
0.287993
0.290623
0.293215
0.295798
0.298380
0.300951
0.303524
0.306134
0.308705
0.311281
0.313894
0.316458
0.319020
0.321582
0.324128
0.326729
0.329264
0.331822
0.334390
0.336957
0.339510
0.342021
0.344582
0.347141
0.349670
0.352216
0.354772
0.357313
0.359841
0.362367
0.364884
0.367427
0.369959
0.372497
0.375004
0.377527
0.380032
0.382524
0.385023
0.387555
0.390060
0.392540
0.395027
0.397559
0.400066
0.402595
0.405100
0.407551
0.410043
0.412539
0.414984
0.417452
0.419936
0.422408
0.424931
0.427354
0.429838
0.432301
0.434749
0.437209
0.439680
0.442131
0.444615
0.447078
0.449507
0.451976
0.454415
0.456836
0.459277
0.461707
0.464149
0.466570
0.469009
0.471444
0.473856
0.476295
0.478725
0.481113
0.483539
0.485954
0.488333
0.490739
0.493157
0.495545
0.497945
0.500401
0.502756
0.505111
0.507517
0.509911
0.512296
0.514648
0.517041
0.519420
0.521796
0.524136
0.526503
0.528894
0.531237
0.533613
0.535973
0.538307
0.540653
0.542996
0.545372
0.547712
0.550052
0.552374
0.554699
0.557060
0.559394
0.561719
0.564076
0.566392
0.568699
0.571021
0.573316
0.575614
0.577912
0.580222
0.582529
0.584884
0.587143
0.589426
0.591769
0.593995
0.596302
0.598582
0.600874
0.603160
0.605473
0.607753
0.610006
0.612271
0.614509
0.616795
0.619021
0.621244
0.623512
0.625786
0.628066
0.630307
0.632569
0.634816
0.637063
0.639301
0.641531
0.643778
0.646028
0.648239
0.650462
0.652685
0.654902
0.657122
0.659336
0.661568
0.663773
0.665999
0.668195
0.670430
0.672642
0.674850
0.677043
0.679272
0.681417
0.683658
0.685815
0.688020
0.690192
0.692368
0.694531
0.696727
0.698941
0.701131
0.703270
0.705478
0.707594
0.709769
0.711950
0.714125
0.716273
0.718439
0.720593
0.722802
0.724896
0.727068
0.729165
0.731316
0.733444
0.735601
0.737737
0.739873
0.742003
0.744145
0.746249
0.748364
0.750512
0.752576
0.754719
0.756852
0.758952
0.761070
0.763173
0.765307
0.767422
0.769489
0.771595
0.773660
0.775748
0.777845
0.779960
0.782046
0.784134
0.786225
0.788307
0.790417
0.792478
0.794521
0.796585
0.798662
0.800693
0.802742
0.804822
0.806886
0.808956
0.811038
0.813112
0.815143
0.817204
0.819272
0.821282
0.823310
0.825333
0.827394
0.829437
0.831490
0.833506
0.835513
0.837530
0.839555
0.841574
0.843564
0.845601
0.847635
0.849676
0.851692
0.853711
0.855725
0.857726
0.859739
0.861714
0.863703
0.865710
0.867688
0.869689
0.871700
0.873695
0.875684
0.877701
0.879702
0.881673
0.883615
0.885562
0.887540
0.889529
0.891515
0.893508
0.895497
0.897457
0.899404
0.901337
0.903266
0.905201
0.907161
0.909108
0.911098
0.913024
0.914999
0.916916
0.918905
0.920811
0.922755
0.924712
0.926632
0.928544
0.930479
0.932379
0.934287
0.936199
0.938146
0.940055
0.941981
0.943902
0.945804
0.947754
0.949630
0.951509
0.953390
0.955263
0.957180
0.959121
0.960982
0.962891
0.964811
0.966666
0.968538
0.970408
0.972259
0.974138
0.976022
0.977919
0.979800
0.981718
0.983608
0.985469
0.987362
0.989205
0.991053
0.992875
0.994724
0.996572
0.998436
1.000266
1.002124
1.004002
1.005833
1.007685
1.009518
1.011343
1.013170
1.015001
1.016808
1.018659
1.020478
1.022332
1.024112
1.025952
1.027782
1.029601
1.031422
1.033202
1.035000
1.036812
1.038631
1.040434
1.042295
1.044072
1.045848
1.047667
1.049432
1.051247
1.053024
1.054821
1.056607
1.058396
1.060179
1.061946
1.063708
1.065470
1.067243
1.069026
1.070778
1.072579
1.074356
1.076108
1.077864
1.079626
1.081367
1.083140
1.084908
1.086610
1.088353
1.090109
1.091802
1.093567
1.095340
1.097042
1.098753
1.100514
1.102228
1.103966
1.105662
1.107420
1.109131
1.110878
1.112556
1.114251
1.115953
1.117679
1.119387
1.121094
1.122802
1.124504
1.126235
1.127898
1.129636
1.131329
1.133007
1.134675
1.136371
1.138022
1.139682
1.141366
1.143013
1.144685
1.146384
1.148038
1.149707
1.151387
1.153044
1.154686
1.156328
1.157967
1.159665
1.161271
1.162934
1.164606
1.166227
1.167866
1.169511
1.171161
1.172803
1.174418
1.176048
1.177666
1.179287
1.180905
1.182498
1.184140
1.185758
1.187385
1.188985
1.190591
1.192188
1.193806
1.195426
1.196966
1.198545
1.200151
1.201739
1.203291
1.204879
1.206485
1.208082
1.209679
1.211255
1.212828
1.214424
1.215970
1.217573
1.219125
1.220695
1.222250
1.223832
1.225363
1.226912
1.228458
1.229983
1.231538
1.233108
1.234636
1.236170
1.237713
1.239265
1.240790
1.242357
1.243867
1.245374
1.246890
1.248394
1.249892
1.251417
1.252948
1.254473
1.255980
1.257478
1.258982
1.260504
1.261978
1.263530
1.265040
1.266553
1.268024
1.269513
1.270987
1.272464
1.273935
1.275400
1.276886
1.278381
1.279846
1.281299
1.282761
1.284263
1.285710
1.287220
1.288655
1.290120
1.291576
1.293023
1.294464
1.295920
1.297379
1.298835
1.300279
1.301694
1.303132
1.304573
1.305987
1.307425
1.308863
1.310298
1.311718
1.313138
1.314556
1.315976
1.317381
1.318792
1.320164
1.321629
1.323017
1.324413
1.325812
1.327211
1.328652
1.330036
1.331414
1.332805
1.334213
1.335612
1.336972
1.338326
1.339710
1.341128
1.342464
1.343818
1.345193
1.346550
1.347893
1.349226
1.350580
1.351970
1.353325
1.354661
1.356018
1.357393
1.358724
1.360030
1.361360
1.362699
1.364051
1.365345
1.366657
1.367996
1.369326
1.370609
1.371909
1.373224
1.374534
1.375852
1.377149
1.378464
1.379771
1.381068
1.382332
1.383609
1.384903
1.386161
1.387423
1.388702
1.389996
1.391261
1.392537
1.393786
1.395060
1.396345
1.397585
1.398841
1.400120
1.401411
1.402673
1.403898
1.405144
1.406397
1.407637
1.408857
1.410082
1.411349
1.412539
1.413755
1.414977
1.416194
1.417386
1.418600
1.419813
1.421050
1.422285
1.423471
1.424646
1.425892
1.427099
1.428274
1.429472
1.430677
1.431878
1.433071
1.434230
1.435413
1.436612
1.437771
1.438925
1.440084
1.441241
1.442394
1.443560
1.444758
1.445915
1.447053
1.448201
1.449369
1.450523
1.451640
1.452773
1.453932
1.455095
1.456245
1.457366
1.458480
1.459637
1.460748
1.461854
1.462950
1.464092
1.465191
1.466297
1.467423
1.468541
1.469635
1.470713
1.471810
1.472942
1.474027
1.475099
1.476187
1.477292
1.478392
1.479462
1.480561
1.481649
1.482745
1.483815
1.484848
1.485924
1.487000
1.488054
1.489097
1.490163
1.491227
1.492282
1.493321
1.494397
1.495448
1.496509
1.497516
1.498582
1.499649
1.500680
1.501686
1.502729
1.503775
1.504757
1.505779
1.506792
1.507819
1.508826
1.509833
1.510839
1.511864
1.512877
1.513883
1.514896
1.515909
1.516936
1.517931
1.518938
1.519935
1.520948
1.521910
1.522865
1.523860
1.524801
1.525736
1.526709
1.527683
1.528657
1.529616
1.530568
1.531539
1.532492
1.533409
1.534355
1.535353
1.536321
1.537252
1.538226
1.539221
1.540168
1.541096
1.542037
1.542990
1.543934
1.544832
1.545740
1.546669
1.547583
1.548488
1.549360
1.550246
1.551154
1.552056
1.552937
1.553824
1.554734
1.555621
1.556508
1.557395
1.558276
1.559181
1.560082
1.560999
1.561910
1.562806
1.563702
1.564600
1.565499
1.566359
1.567198
1.568016
1.568855
1.569712
1.570545
1.571363
1.572189
1.573061
1.573912
1.574748
1.575551
1.576375
1.577208
1.578044
1.578832
1.579632
1.580483
1.581324
1.582148
1.582978
1.583817
1.584674
1.585510
1.586325
1.587149
1.587994
1.588815
1.589588
1.590361
1.591158
1.591933
1.592695
1.593456
1.594243
1.595004
1.595760
1.596523
1.597308
1.598069
1.598839
1.599585
1.600352
1.601113
1.601865
1.602602
1.603378
1.604139
1.604882
1.605644
1.606419
1.607168
1.607899
1.608654
1.609413
1.610165
1.610890
1.611618
1.612349
1.613080
1.613784
1.614446
1.615117
1.615836
1.616549
1.617229
1.617903
1.618616
1.619353
1.620036
1.620687
1.621373
1.622086
1.622778
1.623422
1.624075
1.624773
1.625474
1.626127
1.626787
1.627491
1.628183
1.628839
1.629480
1.630166
1.630861
1.631538
1.632189
1.632869
1.633534
1.634184
1.634795
1.635406
1.636024
1.636671
1.637294
1.637899
1.638522
1.639154
1.639793
1.640401
1.640988
1.641581
1.642201
1.642812
1.643391
1.643966
1.644553
1.645161
1.645734
1.646303
1.646878
1.647480
1.648059
1.648628
1.649224
1.649811
1.650398
1.650986
1.651582
1.652211
1.652813
1.653380
1.653979
1.654587
1.655186
1.655740
1.656304
1.656882
1.657445
1.657982
1.658497
1.659045
1.659581
1.660109
1.660615
1.661139
1.661676
1.662188
1.662697
1.663213
1.663728
1.664213
1.664690
1.665190
1.665705
1.666197
1.666691
1.667203
1.667713
1.668195
1.668651
1.669121
1.669627
1.670122
1.670577
1.671038
1.671542
1.672015
1.672477
1.672947
1.673441
1.673918
1.674391
1.674864
1.675365
1.675865
1.676356
1.676842
1.677339
1.677848
1.678331
1.678777
1.679221
1.679661
1.680116
1.680548
1.680967
1.681381
1.681803
1.682217
1.682603
1.682978
1.683373
1.683784
1.684164
1.684530
1.684907
1.685288
1.685668
1.686028
1.686375
1.686732
1.687097
1.687451
1.687789
1.688131
1.688475
1.688832
1.689176
1.689515
1.689854
1.690183
1.690513
1.690842
1.691169
1.691489
1.691798
1.692101
1.692412
1.692712
1.692999
1.693293
1.693596
1.693895
1.694186
1.694474
1.694794
1.695109
1.695417
1.695732
1.696043
1.696361
1.696685
1.697014
1.697344
1.697697
1.698039
1.698371
1.698710
1.699046
1.699372
1.699699
1.700022
1.700355
1.700675
1.700984
1.701290
1.701607
1.701910
1.702197
1.702470
1.702740
1.702997
1.703243
1.703486
1.703719
1.703953
1.704160
1.704376
1.704594
1.704786
1.704951
1.705127
1.705319
1.705493
1.705634
1.705778
1.705930
1.706086
1.706218
1.706329
1.706449
1.706581
1.706703
1.706808
1.706910
1.707024
1.707129
1.707213
1.707303
1.707404
1.707482
1.707560
1.707635
1.707719
1.707791
1.707848
1.707914
1.707995
1.708067
1.708118
1.708166
1.708219
1.708279
1.708318
1.708357
1.708411
1.708459
1.708495
1.708522
1.708549
1.708582
1.708612
1.708633
1.708651
1.708669
1.708690
1.708705
1.708714
1.708720
1.708726
1.708726
1.708726
1.708747
1.708756
1.708756
1.708759
1.708765
1.708774
1.708777
1.708777
1.708777
1.708777
1.708777
1.708777
1.708777
1.708777
1.708777
1.708777
1.708777
1.708777
1.708777
1.708777
1.708777
1.708777
1.708777
1.708777
1.708777
1.708777
1.708777
1.708777
1.708777
1.708777
1.708777
1.708777
1.708777
1.708777
1.708777
1.708777
1.708777
1.708777
1.708777
1.708777
1.708777
1.708777
1.708777
1.708777
1.708777
1.708777
1.708777
1.708777
1.708777
1.708777
1.708777
1.708777
1.708777
1.708777
1.708777
1.708777
1.708777
1.708777
1.708777
1.708777
1.708777
1.708777
1.708777
1.708777
1.708777
1.708777
1.708777
1.708777
1.708777
1.708777
1.708777
1.708777
1.708777
1.708777
1.708777
1.708777
1.708777
1.708777
1.708777
1.708777
1.708777
1.708777
1.708777
1.708777
1.708777
1.708777
1.708777
1.708777
1.708777
1.708777
1.708777
1.708777
1.708777
1.708777
1.708777
1.708777
1.708777
1.708777
1.708777
1.708777
1.708777
1.708777
1.708777
1.708777
1.708777
1.708777