0.404036
0.404036
0.404036
0.404036
0.404036
0.404036
0.404036
0.404036
0.404243
0.404593
0.405025
0.405522
0.406085
0.406766
0.407536
0.408422
0.409414
0.410472
0.411637
0.412881
0.414226
0.415664
0.417252
0.418963
0.420751
0.422669
0.424682
0.426767
0.428954
0.431291
0.433742
0.436241
0.438886
0.441574
0.444405
0.447365
0.450370
0.453471
0.456770
0.460107
0.463583
0.467130
0.470836
0.474641
0.478533
0.482545
0.486676
0.490922
0.495209
0.499580
0.504182
0.508760
0.513509
0.518315
0.523207
0.528247
0.533430
0.538652
0.543970
0.549408
0.554947
0.560613
0.566372
0.572223
0.578188
0.584273
0.590409
0.596698
0.603064
0.609509
0.616151
0.622805
0.629597
0.636542
0.643547
0.650701
0.657868
0.665250
0.672543
0.680132
0.687847
0.695549
0.703396
0.711312
0.719314
0.727377
0.735780
0.744023
0.752448
0.761004
0.769615
0.778366
0.787247
0.796175
0.805265
0.814511
0.823751
0.833122
0.842686
0.852264
0.861950
0.871885
0.881700
0.891659
0.901969
0.912158
0.922507
0.933032
0.943611
0.954145
0.964676
0.975198
0.985738
0.996512
1.007100
1.017679
1.028717
1.039188
1.050010
1.060808
1.071480
1.082295
1.093027
1.103717
1.114452
1.125238
1.135916
1.146612
1.157490
1.168144
1.178960
1.189650
1.200340
1.211036
1.222097
1.232643
1.243399
1.254227
1.264902
1.275583
1.286411
1.297179
1.307874
1.318591
1.329362
1.339929
1.350664
1.361291
1.372065
1.382782
1.393388
1.404000
1.414738
1.425287
1.436115
1.446688
1.457372
1.468029
1.478677
1.489223
1.499856
1.510588
1.521242
1.531674
1.542481
1.552865
1.563624
1.574179
1.584821
1.595310
1.605985
1.616543
1.627110
1.637863
1.648547
1.659003
1.669678
1.680320
1.690875
1.701550
1.712243
1.722702
1.733434
1.744079
1.754823
1.765465
1.776098
1.786842
1.797499
1.808207
1.818807
1.829689
1.840283
1.850859
1.861582
1.872209
1.882973
1.893517
1.904320
1.914998
1.925601
1.936222
1.946957
1.957698
1.968325
1.978979
1.989525
2.000203
2.011025
2.021475
2.032321
2.042819
2.053683
2.064142
2.074886
2.085597
2.096110
2.106689
2.117277
2.127922
2.138423
2.149122
2.159593
2.170160
2.180790
2.191372
2.201900
2.212396
2.222903
2.233473
2.244022
2.254424
2.264776
2.275502
2.285802
2.296255
2.306745
2.317192
2.327588
2.338035
2.348480
2.359026
2.369335
2.379696
2.390194
2.400590
2.411034
2.421341
2.431764
2.442157
2.452575
2.463121
2.473367
2.483740
2.494166
2.504535
2.514979
2.525433
2.535793
2.546150
2.556565
2.566952
2.577303
2.587748
2.598192
2.608585
2.618790
2.629222
2.639705
2.650138
2.660450
2.670748
2.681243
2.691600
2.701912
2.712150
2.722789
2.733098
2.743294
2.753657
2.764162
2.774483
2.784606
2.795051
2.805321
2.815676
2.826018
2.836235
2.846451
2.856859
2.867082
2.877385
2.887752
2.897893
2.908254
2.918458
2.928642
2.938760
2.949027
2.959181
2.969394
2.979617
2.989821
3.000029
3.010273
3.020339
3.030547
3.040704
3.050791
3.060888
3.071038
3.081105
3.091217
3.101323
3.111380
3.121501
3.131673
3.141632
3.151614
3.161726
3.171793
3.181812
3.191965
3.201975
3.211859
3.222073
3.232026
3.242056
3.252045
3.262109
3.272089
3.282300
3.292240
3.302097
3.312347
3.322357
3.332366
3.342457
3.352311
3.362531
3.372472
3.382449
3.392503
3.402540
3.412556
3.422590
3.432683
3.442654
3.452610
3.462686
3.472642
3.482625
3.492656
3.502605
3.512600
3.522487
3.532650
3.542474
3.552604
3.562410
3.572599
3.582334
3.592334
3.602185
3.612195
3.621935
3.632008
3.641940
3.651893
3.661651
3.671607
3.681299
3.691132
3.701229
3.710990
3.720841
3.730668
3.740540
3.750299
3.760188
3.769896
3.779747
3.789514
3.799242
3.809009
3.818830
3.828486
3.838161
3.848027
3.857644
3.867444
3.877214
3.886898
3.896584
3.906321
3.915983
3.925739
3.935347
3.945048
3.954713
3.964349
3.973957
3.983775
3.993422
4.003055
4.012648
4.022394
4.032152
4.041830
4.051408
4.061121
4.070858
4.080539
4.090330
4.099788
4.109684
4.119326
4.128997
4.138677
4.148355
4.158047
4.167859
4.177377
4.187076
4.197025
4.206598
4.216389
4.226042
4.235711
4.245364
4.255077
4.264766
4.274444
4.284174
4.293912
4.303628
4.313278
4.322970
4.332684
4.342457
4.352047
4.361775
4.371402
4.381160
4.390810
4.400553
4.410123
4.419686
4.429507
4.439089
4.448781
4.458446
4.468063
4.477666
4.487445
4.497054
4.506677
4.516258
4.525950
4.535640
4.545170
4.554784
4.564342
4.573893
4.583517
4.593032
4.602718
4.612234
4.621782
4.631405
4.640978
4.650517
4.660060
4.669579
4.679183
4.688609
4.698289
4.707715
4.717255
4.726800
4.736300
4.745912
4.755376
4.764919
4.774518
4.784043
4.793525
4.803052
4.812631
4.822125
4.831785
4.841210
4.850884
4.860469
4.869978
4.879521
4.889150
4.898651
4.908193
4.917730
4.927338
4.936898
4.946441
4.956028
4.965514
4.975209
4.984718
4.994348
5.003824
5.013412
5.022975
5.032512
5.042012
5.051630
5.061226
5.070834
5.080269
5.089937
5.099455
5.108962
5.118582
5.128038
5.137550
5.147117
5.156638
5.166136
5.175777
5.185233
5.194757
5.204299
5.213644
5.223244
5.232723
5.242143
5.251769
5.261120
5.270572
5.279902
5.289585
5.298822
5.308284
5.317598
5.327144
5.336396
5.345932
5.355208
5.364618
5.373915
5.383203
5.392620
5.401985
5.411192
5.420504
5.429908
5.439271
5.448487
5.457931
5.467018
5.476366
5.485620
5.494776
5.504004
5.513439
5.522571
5.531915
5.541137
5.550353
5.559506
5.568836
5.577968
5.587193
5.596435
5.605558
5.614960
5.624146
5.633287
5.642488
5.651803
5.660967
5.670165
5.679357
5.688642
5.697681
5.706909
5.716086
5.725340
5.734499
5.743638
5.752970
5.762093
5.771225
5.780420
5.789579
5.798813
5.808026
5.817077
5.826266
5.835512
5.844625
5.853745
5.862970
5.871994
5.881186
5.890306
5.899471
5.908666
5.917675
5.926801
5.935900
5.945000
5.954030
5.963120
5.972251
5.981359
5.990479
5.999510
6.008501
6.017516
6.026603
6.035648
6.044636
6.053732
6.062652
6.071667
6.080733
6.089676
6.098673
6.107652
6.116608
6.125572
6.134548
6.143557
6.152339
6.161444
6.170231
6.179156
6.188111
6.196941
6.205875
6.214770
6.223675
6.232405
6.241387
6.250205
6.259073
6.267900
6.276681
0.002430
0.011343
0.020026
0.028948
0.037732
0.046445
0.055412
0.064107
0.073065
0.081702
0.090742
0.099334
0.108310
0.117068
0.125843
0.134667
0.143577
0.152293
0.161029
0.170011
0.178715
0.187565
0.196320
0.205095
0.213906
0.222742
0.231499
0.240296
0.249125
0.257874
0.266658
0.275499
0.284332
0.293047
0.301940
0.310580
0.319431
0.328230
0.336930
0.345709
0.354517
0.363209
0.372068
0.380871
0.389574
0.398413
0.407131
0.415841
0.424571
0.433412
0.442113
0.450868
0.459544
0.468385
0.477017
0.485724
0.494394
0.503125
0.511846
0.520487
0.529104
0.537852
0.546508
0.555097
0.563798
0.572492
0.581094
0.589813
0.598330
0.607037
0.615672
0.624234
0.632863
0.641590
0.650066
0.658689
0.667249
0.675943
0.684452
0.693078
0.701631
0.710239
0.718844
0.727398
0.735798
0.744436
0.752975
0.761565
0.770058
0.778471
0.787169
0.795624
0.804115
0.812686
0.821171
0.829701
0.838320
0.846748
0.855248
0.863793
0.872485
0.880808
0.889355
0.897927
0.906385
0.914924
0.923552
0.932052
0.940642
0.949115
0.957614
0.966120
0.974758
0.983210
0.991761
1.000395
1.008844
1.017527
1.026047
1.034487
1.042969
1.051577
1.060130
1.068762
1.077253
1.085783
1.094286
1.103013
1.111423
1.120088
1.128644
1.137165
1.145722
1.154330
1.162859
1.171389
1.179970
1.188440
1.196981
1.205559
1.214107
1.222634
1.231253
1.239657
1.248223
1.256828
1.265303
1.273848
1.282462
1.290905
1.299488
1.307991
1.316485
1.325006
1.333422
1.342113
1.350400
1.359131
1.367535
1.376095
1.384484
1.392977
1.401459
1.409956
1.418462
1.426836
1.435351
1.443791
1.452165
1.460646
1.469050
1.477565
1.486041
1.494466
1.502978
1.511364
1.519893
1.528123
1.536743
1.545087
1.553467
1.561940
1.570362
1.578766
1.587230
1.595637
1.604014
1.612471
1.620834
1.629183
1.637752
1.646102
1.654527
1.663045
1.671431
1.679895
1.688317
1.696712
1.705175
1.713657
1.722094
1.730498
1.739001
1.747603
1.755767
1.764437
1.772808
1.781191
1.789691
1.798158
1.806499
1.815095
1.823514
1.831966
1.840477
1.848959
1.857315
1.865812
1.874216
1.882683
1.891159
1.899772
1.908125
1.916631
1.925056
1.933496
1.941951
1.950316
1.958887
1.967327
1.975740
1.984219
1.992725
2.001054
2.009482
2.018012
2.026320
2.034879
2.043289
2.051624
2.060061
2.068516
2.076890
2.085294
2.093671
2.102081
2.110536
2.118877
2.127230
2.135586
2.144017
2.152289
2.160648
2.168911
2.177324
2.185740
2.194051
2.202320
2.210733
2.218999
2.227244
2.235606
2.243890
2.252240
2.260485
2.268752
2.277107
2.285320
2.293631
2.301813
2.310076
2.318276
2.326519
2.334797
2.342964
2.351251
2.359472
2.367714
2.375854
2.384109
2.392348
2.400506
2.408736
2.416981
2.425065
2.433346
2.441576
2.449752
2.457923
2.466228
2.474290
2.482655
2.490747
2.498936
2.507190
2.515339
2.523587
2.531841
2.539847
2.548194
2.556325
2.564411
2.572773
2.580908
2.589114
2.597278
2.605409
2.613703
2.621846
2.629977
2.638135
2.646410
2.654539
2.662682
2.670870
2.679133
2.687208
2.695375
2.703572
2.711713
2.719817
2.728038
2.736169
2.744322
2.752459
2.760524
2.768728
2.776976
2.784948
2.793073
2.801352
2.809345
2.817344
2.825557
2.833655
2.841747
2.849819
2.857839
2.865935
2.874048
2.882182
2.890172
2.898223
2.906291
2.914276
2.922353
2.930428
2.938550
2.946471
2.954477
2.962461
2.970518
2.978415
2.986469
2.994483
3.002438
3.010398
3.018344
3.026280
3.034286
3.042181
3.050114
3.058045
3.066080
3.073972
3.081833
3.089761
3.097578
3.105541
3.113469
3.121246
3.129234
3.137116
3.144993
3.152795
3.160761
3.168578
3.176401
3.184283
3.192106
3.199980
3.207916
3.215667
3.223460
3.231426
3.239291
3.247006
3.254951
3.262771
3.270639
3.278480
3.286317
3.294149
3.302001
3.309794
3.317788
3.325467
3.333406
3.341208
3.349058
3.356853
3.364655
3.372541
3.380291
3.388048
3.395973
3.403759
3.411561
3.419390
3.427213
3.435005
3.442861
3.450558
3.458378
3.466317
3.473954
3.481750
3.489549
3.497413
3.505041
3.512966
3.520594
3.528353
3.536185
3.543909
3.551660
3.559387
3.567086
3.574864
3.582630
3.590357
3.598072
3.605688
3.613502
3.621123
3.628793
3.636592
3.644190
3.651899
3.659470
3.667325
3.674882
3.682537
3.690248
3.697855
3.705522
3.713093
3.720757
3.728397
3.735935
3.743503
3.751224
3.758633
3.766384
3.773853
3.781374
3.789070
3.796534
3.804072
3.811679
3.819100
3.826632
3.834233
3.841714
3.849357
3.856826
3.864421
3.871729
3.879434
3.886781
3.894310
3.901767
3.909191
3.916672
3.924175
3.931614
3.939113
3.946612
3.954000
3.961463
3.968971
3.976375
3.983862
3.991343
3.998746
4.006195
4.013688
4.021115
4.028518
4.036026
4.043349
4.050791
4.058224
4.065702
4.073151
4.080644
4.088017
4.095447
4.102880
4.110262
4.117768
4.125228
4.132676
4.140013
4.147477
4.154862
4.162289
4.169683
4.177200
4.184618
4.192055
4.199389
4.206864
4.214352
4.221749
4.229125
4.236558
4.243986
4.251451
4.258900
4.266222
4.273674
4.281077
4.288498
4.295853
4.303361
4.310687
4.318072
4.325541
4.332893
4.340267
4.347658
4.355100
4.362455
4.369790
4.377133
4.384507
4.391886
4.399226
4.406588
4.413970
4.421271
4.428620
4.436018
4.443319
4.450710
4.457946
4.465391
4.472653
4.480009
4.487190
4.494633
4.501898
4.509181
4.516435
4.523784
4.531055
4.538333
4.545629
4.552858
4.560123
4.567365
4.574604
4.581938
4.589302
4.596459
4.603737
4.611005
4.618229
4.625392
4.632667
4.639863
4.647087
4.654307
4.661441
4.668683
4.675891
4.683058
4.690281
4.697460
4.704569
4.711751
4.718966
4.726072
4.733370
4.740372
4.747620
4.754774
4.761926
4.769035
4.776250
4.783362
4.790535
4.797791
4.804904
4.812047
4.819216
4.826383
4.833559
4.840779
4.847907
4.855061
4.862267
4.869385
4.876465
4.883667
4.890792
4.898015
4.905206
4.912391
4.919461
4.926709
4.933755
4.940943
4.948119
4.955261
4.962374
4.969571
4.976728
4.983819
4.990989
4.998084
5.005194
5.012348
5.019488
5.026498
5.033806
5.040871
5.047944
5.055069
5.062197
5.069264
5.076434
5.083459
5.090578
5.097700
5.104741
5.111838
5.118936
5.125977
5.133110
5.140214
5.147236
5.154322
5.161423
5.168467
5.175522
5.182545
5.189691
5.196641
5.203679
5.210627
5.217740
5.224825
5.231779
5.238745
5.245840
5.252752
5.259741
5.266719
5.273766
5.280681
5.287632
5.294493
5.301420
5.308394
5.315331
5.322218
5.329211
5.336039
5.342912
5.349824
5.356682
5.363576
5.370470
5.377373
5.384258
5.391140
5.397974
5.404793
5.411716
5.418586
5.425277
5.432186
5.438855
5.445766
5.452598
5.459288
5.466086
5.473016
5.479580
5.486462
5.493212
5.499947
5.506724
5.513546
5.520327
5.527023
5.533857
5.540460
5.547261
5.553921
5.560761
5.567370
5.574166
5.580775
5.587555
5.594302
5.600920
5.607625
5.614403
5.621117
5.627675
5.634467
5.641181
5.647812
5.654658
5.661138
5.667942
5.674650
5.681274
5.687857
5.694550
5.701199
5.707819
5.714561
5.721215
5.727800
5.734457
5.741157
5.747679
5.754465
5.760940
5.767696
5.774209
5.780818
5.787488
5.794112
5.800790
5.807354
5.813937
5.820477
5.827207
5.833723
5.840275
5.846920
5.853494
5.860148
5.866802
5.873295
5.879838
5.886459
5.892952
5.899684
5.906039
5.912750
5.919240
5.925780
5.932335
5.938846
5.945365
5.951959
5.958410
5.964932
5.971485
5.977938
5.984460
5.991040
5.997448
6.003977
6.010472
6.016911
6.023376
6.029875
6.036263
6.042797
6.049229
6.055650
6.062157
6.068485
6.075001
6.081434
6.087824
6.094215
6.100621
6.107017
6.113372
6.119774
6.126183
6.132525
6.138919
6.145259
6.151551
6.157998
6.164371
6.170641
6.176993
6.183417
6.189777
6.196090
6.202430
6.208724
6.215097
6.221401
6.227644
6.233954
6.240312
6.246550
6.252838
6.259169
6.265416
6.271680
6.277972
0.001022
0.007292
0.013533
0.019858
0.026102
0.032408
0.038583
0.044797
0.051101
0.057327
0.063576
0.069826
0.076061
0.082326
0.088569
0.094768
0.101048
0.107271
0.113458
0.119701
0.126011
0.132105
0.138343
0.144745
0.150842
0.157116
0.163309
0.169535
0.175704
0.181897
0.188086
0.194390
0.200574
0.206815
0.213014
0.219221
0.225432
0.231640
0.237869
0.244026
0.250171
0.256483
0.262517
0.268812
0.274909
0.281216
0.287352
0.293545
0.299701
0.305909
0.312120
0.318235
0.324428
0.330609
0.336715
0.342863
0.349088
0.355170
0.361369
0.367517
0.373659
0.379693
0.385988
0.392031
0.398191
0.404354
0.410496
0.416566
0.422756
0.428784
0.434979
0.441103
0.447122
0.453282
0.459448
0.465485
0.471588
0.477649
0.483770
0.489894
0.495979
0.502118
0.508110
0.514225
0.520265
0.526308
0.532384
0.538421
0.544500
0.550528
0.556583
0.562638
0.568601
0.574614
0.580782
0.586775
0.592719
0.598741
0.604847
0.610686
0.616729
0.622799
0.628749
0.634786
0.640749
0.646726
0.652775
0.658698
0.664645
0.670685
0.676596
0.682544
0.688545
0.694501
0.700427
0.706443
0.712336
0.718271
0.724192
0.730160
0.736131
0.742033
0.747971
0.753868
0.759890
0.765636
0.771661
0.777530
0.783451
0.789419
0.795267
0.801145
0.807051
0.812983
0.818879
0.824817
0.830728
0.836538
0.842443
0.848336
0.854194
0.860063
0.865992
0.871870
0.877806
0.883669
0.889532
0.895452
0.901361
0.907203
0.913114
0.918968
0.924835
0.930704
0.936672
0.942490
0.948294
0.954175
0.960077
0.965946
0.971891
0.977697
0.983563
0.989463
0.995338
1.001306
1.007103
1.013009
1.018836
1.024726
1.030580
1.036492
1.042361
1.048179
1.054057
1.059951
1.065814
1.071671
1.077517
1.083374
1.089222
1.095091
1.100940
1.106893
1.112762
1.118566
1.124369
1.130307
1.136060
1.141902
1.147813
1.153592
1.159465
1.165331
1.171107
1.177046
1.182774
1.188649
1.194534
1.200373
1.206197
1.212037
1.217858
1.223610
1.229474
1.235319
1.241071
1.246845
1.252693
1.258484
1.264324
1.270133
1.275969
1.281656
1.287543
1.293263
1.299072
1.304881
1.310616
1.316440
1.322226
1.327966
1.333751
1.339579
1.345331
1.351107
1.356878
1.362606
1.368359
1.374096
1.379903
1.385589
1.391389
1.397133
1.402885
1.408632
1.414297
1.419999
1.425850
1.431510
1.437205
1.442928
1.448686
1.454322
1.460038
1.465725
1.471387
1.477188
1.482889
1.488522
1.494286
1.499934
1.505578
1.511328
1.516999
1.522617
1.528312
1.534014
1.539628
1.545321
1.550989
1.556571
1.562305
1.567839
1.573487
1.579197
1.584857
1.590534
1.596152
1.601749
1.607480
1.613098
1.618796
1.624444
1.630052
1.635691
1.641362
1.646977
1.652595
1.658266
1.663986
1.669531
1.675251
1.680925
1.686522
1.692185
1.697847
1.703429
1.709079
1.714751
1.720434
1.726040
1.731664
1.737344
1.742914
1.748579
1.754233
1.759788
1.765483
1.771107
1.776763
1.782426
1.788076
1.793766
1.799359
1.804959
1.810580
1.816218
1.821851
1.827441
1.833095
1.838692
1.844366
1.849990
1.855589
1.861216
1.866861
1.872436
1.878072
1.883746
1.889295
1.894895
1.900578
1.906178
1.911765
1.917356
1.922992
1.928552
1.934146
1.939752
1.945366
1.950975
1.956554
1.962141
1.967777
1.973373
1.978868
1.984498
1.990026
1.995598
2.001216
2.006722
2.012301
2.017925
2.023512
2.028995
2.034550
2.040128
2.045665
2.051220
2.056748
2.062290
2.067851
2.073361
2.078951
2.084506
2.090016
2.095448
2.101068
2.106536
2.112115
2.117517
2.122999
2.128485
2.134028
2.139514
2.145009
2.150476
2.156001
2.161466
2.166970
2.172401
2.177872
2.183361
2.188784
2.194216
2.199683
2.205103
2.210466
2.215973
2.221426
2.226768
2.232301
2.237647
2.243060
2.248495
2.253897
2.259263
2.264650
2.270070
2.275493
2.280796
2.286189
2.291569
2.296986
2.302343
2.307682
2.313093
2.318441
2.323783
2.329125
2.334506
2.339797
2.345205
2.350529
2.355865
2.361210
2.366486
2.371828
2.377173
2.382473
2.387803
2.393157
2.398427
2.403763
2.409099
2.414408
2.419648
2.424939
2.430305
2.435620
2.440935
2.446238
2.451568
2.456742
2.462135
2.467354
2.472651
2.477951
2.483335
2.488524
2.493842
2.499121
2.504385
2.509712
2.515000
2.520298
2.525490
2.530841
2.536039
2.541306
2.546567
2.551807
2.557071
2.562365
2.567554
2.572854
2.578151
2.583409
2.588653
2.594021
2.599178
2.604403
2.609628
2.614910
2.620153
2.625420
2.630594
2.635819
2.641087
2.646291
2.651546
2.656786
2.661987
2.667209
2.672545
2.677656
2.682902
2.688143
2.693371
2.698572
2.703791
2.708977
2.714190
2.719368
2.724527
2.729782
2.734980
2.740064
2.745328
2.750509
2.755674
2.760851
2.766037
2.771187
2.776358
2.781566
2.786689
2.791842
2.797031
2.802178
2.807311
2.812506
2.817692
2.822713
2.827965
2.833077
2.838140
2.843383
2.848434
2.853540
2.858669
2.863783
2.868868
2.874051
2.879057
2.884192
2.889262
2.894424
2.899431
2.904659
2.909635
2.914713
2.919840
2.924867
2.930011
2.934985
2.940105
2.945120
2.950190
2.955187
2.960220
2.965362
2.970293
2.975353
2.980486
2.985393
2.990406
2.995529
3.000443
3.005455
3.010509
3.015525
3.020567
3.025582
3.030538
3.035505
3.040497
3.045473
3.050438
3.055477
3.060403
3.065337
3.070349
3.075278
3.080189
3.085168
3.090075
3.095088
3.100061
3.104918
3.109927
3.114778
3.119769
3.124665
3.129591
3.134471
3.139390
3.144304
3.149200
3.154095
3.159024
3.163877
3.168788
3.173677
3.178585
3.183454
3.188385
3.193200
3.198137
3.203003
3.207874
3.212731
3.217633
3.222483
3.227406
3.232256
3.237050
3.241925
3.246802
3.251656
3.256548
3.261393
3.266196
3.271121
3.275990
3.280831
3.285601
3.290476
3.295296
3.300099
3.304923
3.309824
3.314633
3.319453
3.324268
3.329113
3.333915
3.338763
3.343572
3.348419
3.353246
3.358007
3.362860
3.367591
3.372442
3.377265
3.382011
3.386823
3.391638
3.396410
3.401219
3.405929
3.410776
3.415513
3.420319
3.425032
3.429840
3.434646
3.439416
3.444113
3.448949
3.453644
3.458369
3.463168
3.467860
3.472624
3.477370
3.482049
3.486807
3.491535
3.496221
3.500952
3.505709
3.510329
3.515069
3.519815
3.524459
3.529222
3.533818
3.538510
3.543157
3.547930
3.552532
3.557266
3.561864
3.566493
3.571227
3.575847
3.580485
3.585090
3.589758
3.594450
3.599034
3.603678
3.608270
3.612872
3.617483
3.622055
3.626684
3.631277
3.635840
3.640454
3.645029
3.649592
3.654206
3.658778
3.663317
3.667853
3.672410
3.676940
3.681479
3.686003
3.690521
3.695048
3.699587
3.704072
3.708575
3.713093
3.717584
3.722100
3.726614
3.731142
3.735657
3.740109
3.744573
3.749067
3.753516
3.757926
3.762411
3.766896
3.771340
3.775699
3.780220
3.784612
3.789040
3.793463
3.797888
3.802256
3.806711
3.811094
3.815448
3.819864
3.824232
3.828666
3.833044
3.837421
3.841795
3.846151
3.850460
3.854888
3.859178
3.863615
3.867897
3.872241
3.876603
3.880932
3.885277
3.889561
3.893935
3.898265
3.902570
3.906806
3.911151
3.915432
3.919761
3.924013
3.928300
3.932608
3.936884
3.941168
3.945429
3.949734
3.954036
3.958297
3.962539
3.966850
3.971114
3.975308
3.979554
3.983835
3.988083
3.992371
3.996616
4.000778
4.005026
4.009298
4.013544
4.017768
4.021972
4.026277
4.030480
4.034726
4.038960
4.043109
4.047396
4.051597
4.055779
4.060076
4.064174
4.068453
4.072572
4.076803
4.080991
4.085195
4.089410
4.093593
4.097769
4.101987
4.106122
4.110325
4.114469
4.118655
4.122792
4.126977
4.131070
4.135355
4.139420
4.143555
4.147719
4.151851
4.156006
4.160168
4.164281
4.168425
4.172610
4.176748
4.180793
4.185002
4.189089
4.193235
4.197346
4.201406
4.205549
4.209690
4.213773
4.217869
4.221952
4.226090
4.230195
4.234263
4.238347
4.242431
4.246562
4.250607
4.254775
4.258750
4.262855
4.266917
4.271016
4.275007
4.279123
4.283165
4.287267
4.291272
4.295341
4.299374
4.303430
4.307502
4.311496
4.315526
4.319609
4.323630
4.327665
4.331686
4.335689
4.339731
4.343802
4.347739
4.351730
4.355726
4.359729
4.363762
4.367783
4.371773
4.375755
4.379788
4.383667
4.387730
4.391619
4.395640
4.399634
4.403583
4.407492
4.411450
4.415438
4.419372
4.423254
4.427212
4.431164
4.435089
4.439050
4.442948
4.446860
4.450812
4.454713
4.458620
4.462500
4.466341
4.470281
4.474122
4.477995
4.481861
4.485755
4.489605
4.493485
4.497371
4.501173
4.505011
4.508903
4.512693
4.516510
4.520366
4.524168
4.527970
4.531796
4.535619
4.539337
4.543201
4.546956
4.550779
4.554566
4.558302
4.562089
4.565918
4.569666
4.573405
4.577147
4.580913
4.584634
4.588481
4.592106
4.595872
4.599594
4.603384
4.607042
4.610799
4.614424
4.618139
4.621905
4.625623
4.629320
4.633002
4.636691
4.640403
4.644103
4.647764
4.651398
4.655122
4.658748
4.662442
4.666058
4.669743
4.673378
4.677048
4.680721
4.684367
4.687965
4.691581
4.695261
4.698913
4.702487
4.706073
4.709687
4.713282
4.716892
4.720562
4.724071
4.727732
4.731294
4.734890
4.738485
4.742086
4.745666
4.749243
4.752830
4.756428
4.759987
4.763546
4.767097
4.770674
4.774221
4.777781
4.781379
4.784903
4.788447
4.792000
4.795547
4.799065
4.802639
4.806169
4.809677
4.813215
4.816772
4.820268
4.823750
4.827270
4.830790
4.834322
4.837813
4.841303
4.844776
4.848260
4.851736
4.855238
4.858716
4.862126
4.865589
4.869133
4.872591
4.876030
4.879482
4.882987
4.886370
4.889884
4.893276
4.896682
4.900176
4.903567
4.907037
4.910449
4.913838
4.917241
4.920717
4.924132
4.927527
4.930939
4.934325
4.937680
4.941099
4.944463
4.947897
4.951285
4.954617
4.957970
4.961409
4.964714
4.968135
4.971506
4.974874
4.978235
4.981594
4.984925
4.988284
4.991663
4.994965
4.998302
5.001610
5.005002
5.008286
5.011617
5.014925
5.018268
5.021606
5.024940
5.028233
5.031550
5.034770
5.038138
5.041386
5.044726
5.047926
5.051222
5.054452
5.057747
5.061073
5.064294
5.067589
5.070795
5.074067
5.077348
5.080601
5.083873
5.087097
5.090359
5.093592
5.096831
5.100067
5.103329
5.106481
5.109711
5.112872
5.116086
5.119298
5.122492
5.125692
5.128847
5.132052
5.135204
5.138404
5.141565
5.144693
5.147824
5.150994
5.154187
5.157331
5.160503
5.163562
5.166645
5.169833
5.172945
5.176038
5.179144
5.182272
5.185359
5.188480
5.191599
5.194649
5.197735
5.200836
5.203880
5.206939
5.210016
5.213069
5.216104
5.219181
5.222183
5.225212
5.228268
5.231348
5.234344
5.237391
5.240354
5.243362
5.246382
5.249438
5.252434
5.255439
5.258402
5.261384
5.264343
5.267319
5.270318
5.273272
5.276250
5.279156
5.282122
5.285007
5.287988
5.290930
5.293828
5.296821
5.299715
5.302636
5.305566
5.308493
5.311381
5.314273
5.317143
5.320067
5.322931
5.325831
5.328705
5.331635
5.334490
5.337286
5.340183
5.343047
5.345887
5.348760
5.351556
5.354402
5.357209
5.360049
5.362863
5.365679
5.368543
5.371261
5.374116
5.376881
5.379680
5.382418
5.385294
5.388015
5.390849
5.393579
5.396326
5.399082
5.401833
5.404622
5.407351
5.410089
5.412804
5.415534
5.418284
5.420995
5.423718
5.426439
5.429114
5.431826
5.434597
5.437216
5.439957
5.442684
5.445392
5.448035
5.450719
5.453350
5.456019
5.458689
5.461436
5.464015
5.466706
5.469285
5.471937
5.474610
5.477225
5.479859
5.482504
5.485114
5.487723
5.490303
5.492907
5.495510
5.498120
5.500714
5.503309
5.505867
5.508426
5.511009
5.513607
5.516183
5.518772
5.521384
5.523937
5.526484
5.529042
5.531529
5.534138
5.536676
5.539198
5.541707
5.544283
5.546734
5.549280
5.551782
5.554347
5.556809
5.559374
5.561834
5.564360
5.566840
5.569348
5.571862
5.574358
5.576847
5.579325
5.581788
5.584232
5.586725
5.589206
5.591648
5.594083
5.596573
5.599021
5.601471
5.603892
5.606331
5.608725
5.611239
5.613654
5.616054
5.618510
5.620898
5.623334
5.625740
5.628149
5.630551
5.632954
5.635360
5.637775
5.640148
5.642509
5.644908
5.647335
5.649720
5.652072
5.654424
5.656767
5.659140
5.661492
5.663811
5.666169
5.668539
5.670878
5.673236
5.675552
5.677871
5.680205
5.682587
5.684885
5.687183
5.689532
5.691797
5.694116
5.696446
5.698720
5.700998
5.703290
5.705564
5.707865
5.710135
5.712419
5.714723
5.716976
5.719250
5.721499
5.723750
5.726012
5.728280
5.730512
5.732732
5.735003
5.737238
5.739455
5.741669
5.743898
5.746106
5.748329
5.750546
5.752739
5.754941
5.757174
5.759361
5.761608
5.763780
5.765955
5.768145
5.770302
5.772525
5.774677
5.776825
5.779015
5.781181
5.783350
5.785507
5.787650
5.789810
5.791913
5.794067
5.796216
5.798369
5.800494
5.802645
5.804748
5.806890
5.809005
5.811079
5.813155
5.815285
5.817394
5.819474
5.821592
5.823686
5.825780
5.827866
5.829927
5.832012
5.834067
5.836165
5.838199
5.840272
5.842304
5.844377
5.846435
5.848482
5.850513
5.852550
5.854578
5.856643
5.858659
5.860675
5.862683
5.864753
5.866764
5.868789
5.870808
5.872788
5.874793
5.876827
5.878840
5.880830
5.882831
5.884794
5.886792
5.888793
5.890783
5.892748
5.894699
5.896715
5.898654
5.900652
5.902599
5.904598
5.906533
5.908453
5.910416
5.912364
5.914311
5.916252
5.918209
5.920150
5.922074
5.924060
5.925951
5.927895
5.929794
5.931718
5.933644
5.935595
5.937512
5.939427
5.941329
5.943232
5.945158
5.947028
5.948939
5.950809
5.952696
5.954572
5.956481
5.958365
5.960273
5.962140
5.964018
5.965888
5.967754
5.969621
5.971469
5.973354
5.975209
5.977045
5.978909
5.980763
5.982618
5.984448
5.986264
5.988083
5.989946
5.991774
5.993610
5.995441
5.997257
5.999081
6.000891
6.002679
6.004450
6.006236
6.008016
6.009810
6.011611
6.013402
6.015188
6.017007
6.018777
6.020539
6.022316
6.024050
6.025806
6.027595
6.029315
6.031088
6.032814
6.034545
6.036289
6.038042
6.039783
6.041491
6.043234
6.044933
6.046641
6.048360
6.050086
6.051809
6.053516
6.055192
6.056890
6.058583
6.060266
6.061968
6.063661
6.065336
6.067002
6.068722
6.070382
6.072032
6.073695
6.075328
6.076982
6.078660
6.080289
6.081937
6.083594
6.085251
6.086905
6.088562
6.090182
6.091761
6.093385
6.095009
6.096603
6.098206
6.099802
6.101411
6.103021
6.104614
6.106214
6.107826
6.109441
6.111032
6.112593
6.114172
6.115748
6.117330
6.118878
6.120430
6.121985
6.123514
6.125072
6.126632
6.128193
6.129739
6.131282
6.132834
6.134380
6.135902
6.137415
6.138931
6.140468
6.141984
6.143497
6.145004
6.146499
6.148003
6.149501
6.150993
6.152512
6.154007
6.155493
6.156991
6.158493
6.159955
6.161458
6.162941
6.164403
6.165860
6.167292
6.168718
6.170189
6.171645
6.173107
6.174575
6.176052
6.177517
6.178953
6.180406
6.181847
6.183285
6.184717
6.186143
6.187557
6.188998
6.190401
6.191823
6.193247
6.194649
6.196048
6.197462
6.198888
6.200329
6.201728
6.203110
6.204545
6.205920
6.207343
6.208727
6.210124
6.211490
6.212868
6.214255
6.215624
6.216993
6.218387
6.219753
6.221128
6.222512
6.223881
6.225245
6.226572
6.227941
6.229307
6.230643
6.232016
6.233358
6.234724
6.236073
6.237393
6.238739
6.240060
6.241393
6.242723
6.244042
6.245393
6.246732
6.248051
6.249375
6.250711
6.252014
6.253330
6.254642
6.255948
6.257260
6.258576
6.259861
6.261155
6.262450
6.263744
6.265002
6.266296
6.267594
6.268894
6.270170
6.271482
6.272756
6.274045
6.275315
6.276579
6.277834
6.279099
6.280363
6.281619
6.282868
0.000938
0.002193
0.003436
0.004689
0.005956
0.007206
0.008437
0.009707
0.010945
0.012167
0.013413
0.014675
0.015897
0.017152
0.018363
0.019558
0.020790
0.022009
0.023207
0.024430
0.025631
0.026854
0.028058
0.029271
0.030470
0.031695
0.032885
0.034101
0.035312
0.036492
0.037687
0.038865
0.040036
0.041220
0.042388
0.043545
0.044731
0.045927
0.047071
0.048219
0.049396
0.050564
0.051721
0.052886
0.054052
0.055229
0.056398
0.057563
0.058705
0.059816
0.060931
0.062075
0.063244
0.064370
0.065500
0.066623
0.067762
0.068891
0.070012
0.071123
0.072247
0.073358
0.074470
0.075602
0.076711
0.077832
0.078922
0.080043
0.081148
0.082257
0.083353
0.084438
0.085525
0.086622
0.087713
0.088791
0.089885
0.090972
0.092030
0.093099
0.094157
0.095224
0.096284
0.097357
0.098441
0.099520
0.100593
0.101656
0.102717
0.103753
0.104823
0.105854
0.106902
0.107960
0.108988
0.110006
0.111052
0.112085
0.113113
0.114129
0.115138
0.116166
0.117173
0.118212
0.119216
0.120250
0.121256
0.122296
0.123324
0.124336
0.125364
0.126365
0.127353
0.128339
0.129319
0.130275
0.131263
0.132243
0.133232
0.134193
0.135167
0.136138
0.137118
0.138073
0.139044
0.139991
0.140985
0.141959
0.142930
0.143898
0.144871
0.145830
0.146807
0.147751
0.148703
0.149644
0.150558
0.151493
0.152421
0.153347
0.154270
0.155202
0.156133
0.157059
0.157970
0.158854
0.159771
0.160681
0.161562
0.162458
0.163369
0.164277
0.165188
0.166113
0.167021
0.167944
0.168855
0.169760
0.170646
0.171524
0.172426
0.173292
0.174176
0.175048
0.175907
0.176764
0.177636
0.178505
0.179353
0.180201
0.181055
0.181894
0.182735
0.183592
0.184437
0.185273
0.186118
0.186951
0.187820
0.188644
0.189525
0.190369
0.191211
0.192086
0.192901
0.193734
0.194570
0.195385
0.196194
0.197009
0.197821
0.198624
0.199459
0.200250
0.201065
0.201850
0.202635
0.203414
0.204208
0.204969
0.205745
0.206527
0.207297
0.208070
0.208852
0.209601
0.210386
0.211177
0.211977
0.212780
0.213547
0.214338
0.215135
0.215914
0.216672
0.217415
0.218167
0.218904
0.219644
0.220369
0.221112
0.221852
0.222586
0.223317
0.224045
0.224755
0.225468
0.226202
0.226918
0.227628
0.228332
0.229037
0.229738
0.230430
0.231128
0.231823
0.232521
0.233246
0.233935
0.234630
0.235376
0.236107
0.236817
0.237527
0.238234
0.238927
0.239619
0.240302
0.240961
0.241632
0.242297
0.242953
0.243621
0.244292
0.244949
0.245602
0.246264
0.246905
0.247555
0.248181
0.248825
0.249467
0.250108
0.250737
0.251363
0.251974
0.252586
0.253206
0.253817
0.254422
0.255054
0.255677
0.256298
0.256942
0.257571
0.258194
0.258829
0.259458
0.260070
0.260678
0.261286
0.261909
0.262520
0.263126
0.263719
0.264303
0.264869
0.265460
0.266032
0.266586
0.267146
0.267716
0.268273
0.268830
0.269384
0.269921
0.270481
0.271038
0.271578
0.272102
0.272659
0.273195
0.273738
0.274277
0.274807
0.275329
0.275835
0.276365
0.276887
0.277405
0.277929
0.278456
0.278984
0.279517
0.280041
0.280560
0.281099
0.281635
0.282175
0.282687
0.283235
0.283765
0.284296
0.284826
0.285335
0.285833
0.286339
0.286824
0.287301
0.287762
0.288233
0.288691
0.289143
0.289599
0.290036
0.290471
0.290917
0.291357
0.291789
0.292217
0.292667
0.293116
0.293563
0.294006
0.294437
0.294860
0.295276
0.295711
0.296133
0.296553
0.296975
0.297404
0.297805
0.298206
0.298602
0.298994
0.299396
0.299803
0.300205
0.300588
0.300978
0.301385
0.301793
0.302206
0.302614
0.303012
0.303429
0.303848
0.304270
0.304675
0.305103
0.305544
0.305978
0.306410
0.306835
0.307255
0.307677
0.308090
0.308495
0.308881
0.309268
0.309630
0.309981
0.310326
0.310667
0.310997
0.311326
0.311674
0.311991
0.312303
0.312629
0.312938
0.313238
0.313537
0.313825
0.314116
0.314406
0.314697
0.314987
0.315284
0.315581
0.315874
0.316165
0.316446
0.316734
0.317001
0.317285
0.317564
0.317849
0.318124
0.318409
0.318696
0.318969
0.319242
0.319502
0.319769
0.320027
0.320287
0.320539
0.320770
0.321012
0.321258
0.321495
0.321734
0.321968
0.322193
0.322421
0.322663
0.322891
0.323119
0.323355
0.323589
0.323817
0.324041
0.324269
0.324500
0.324749
0.325003
0.325255
0.325507
0.325767
0.326043
0.326333
0.326627
0.326906
0.327184
0.327472
0.327751
0.328026
0.328299
0.328577
0.328874
0.329156
0.329428
0.329692
0.329959
0.330225
0.330492
0.330753
0.330998
0.331238
0.331469
0.331681
0.331894
0.332089
0.332260
0.332433
0.332616
0.332781
0.332928
0.333075
0.333209
0.333335
0.333455
0.333560
0.333653
0.333752
0.333839
0.333925
0.333994
0.334069
0.334129
0.334186
0.334237
0.334276
0.334315
0.334357
0.334387
0.334414
0.334438
0.334465
0.334489
0.334507
0.334516
0.334522
0.334522
0.334522
0.334522
0.334522
0.334522
0.334522
0.334522
0.334522
0.334522
0.334522
0.334522
0.334522
0.334522
0.334522
0.334522
0.334513
0.334468
0.334417
0.334366
0.334297
0.334222
0.334153
0.334090
0.334012
0.333922
0.333842
0.333767
0.333689
0.333596
0.333494
0.333386
0.333278
0.333158
0.333027
0.332877
0.332730
0.332592
0.332439
0.332287
0.332119
0.331948
0.331786
0.331615
0.331433
0.331250
0.331079
0.330902
0.330729
0.330546
0.330369
0.330171
0.329986
0.329812
0.329626
0.329440
0.329267
0.329090
0.328925
0.328748
0.328574
0.328401
0.328248
0.328101
0.327954
0.327801
0.327667
0.327544
0.327418
0.327304
0.327193
0.327082
0.326996
0.326921
0.326846
0.326780
0.326729
0.326693
0.326666
0.326651
0.326642
0.326636
0.326636
0.326636
0.326636
0.326636
0.326636
0.326636
0.326636
0.326636
0.326636
0.326648
0.326738
0.326843
0.326942
0.327032
0.327145
0.327253
0.327370
0.327493
0.327607
0.327709
0.327825
0.327942
0.328050
0.328143
0.328251
0.328365
0.328473
0.328580
0.328682
0.328778
0.328880
0.328985
0.329084
0.329165
0.329246
0.329338
0.329428
0.329509
0.329584
0.329653
0.329728
0.329800
0.329863
0.329917
0.329980
0.330046
0.330102
0.330162
0.330213
0.330252
0.330294
0.330339
0.330369
0.330396
0.330426
0.330450
0.330471
0.330480
0.330489
0.330489
0.330492
0.330492
0.330495
0.330495
0.330495
0.330495
0.330495
0.330495
0.330495
0.330495
0.330495
0.330495
0.330495
0.330495
0.330495
0.330495
0.330495
0.330495
0.330495
0.330477
0.330447
0.330417
0.330381
0.330336
0.330306
0.330279
0.330240
0.330204
0.330165
0.330114
0.330070
0.330037
0.329998
0.329956
0.329929
0.329905
0.329875
0.329848
0.329818
0.329788
0.329764
0.329743
0.329716
0.329689
0.329659
0.329635
0.329614
0.329587
0.329563
0.329545
0.329527
0.329518
0.329500
0.329473
0.329458
0.329458
0.329455
0.329455
0.329449
0.329437
0.329434
0.329434
0.329419
0.329407
0.329407
0.329407
0.329407
0.329407
0.329407
0.329404
0.329398
0.329398
0.329398
0.329398
0.329398
0.329398
0.329398
0.329398
0.329398
0.329398
0.329398
0.329398
0.329398
0.329398
0.329398
0.329398
0.329398
0.329398
0.329398
0.329398
0.329398
0.329398
0.329398
0.329398
0.329398
0.329398
0.329398
0.329398
0.329398
0.329398
0.329398
0.329398
0.329398
0.329398
0.329398
0.329398
0.329398
0.329398
0.329398
0.329398
0.329398
0.329398
0.329398
0.329398
0.329398
0.329398
0.329398
0.329398
0.329398
0.329398
0.329398
0.329398
0.329398
0.329398
0.329398
0.329398
0.329398
0.329398
0.329398
0.329398
0.329398
0.329398
0.329398
0.329398
0.329398
0.329398
0.329398
0.329398
0.329398
0.329398
0.329398
0.329398
0.329398
0.329398
0.329398
0.329398
0.329398
0.329398
0.329398
0.329398
0.329398
0.329398
0.329398
0.329398
0.329398
0.329398
0.329398
0.329398
0.329398
0.329398
0.329398
0.329398
0.329398
0.329398
0.329398
0.329398
0.329398
0.329398
0.329398
0.329398