0.896195
0.896195
0.896195
0.896195
0.896195
0.896195
0.896195
0.896195
0.896279
0.896594
0.897022
0.897517
0.898059
0.898691
0.899410
0.900201
0.901118
0.902154
0.903299
0.904551
0.905882
0.907287
0.908863
0.910528
0.912293
0.914166
0.916107
0.918174
0.920320
0.922564
0.924924
0.927381
0.929916
0.932600
0.935408
0.938242
0.941199
0.944288
0.947446
0.950759
0.954157
0.957608
0.961210
0.964937
0.968748
0.972703
0.976759
0.980849
0.985058
0.989406
0.993858
0.998397
1.003080
1.007727
1.012676
1.017700
1.022746
1.027878
1.033157
1.038610
1.044105
1.049659
1.055331
1.061251
1.067111
1.073061
1.079218
1.085486
1.091817
1.098333
1.104862
1.111582
1.118347
1.125196
1.132135
1.139295
1.146501
1.153784
1.161209
1.168690
1.176345
1.184173
1.191807
1.199825
1.207968
1.216195
1.224296
1.232646
1.241188
1.249853
1.258410
1.267341
1.276185
1.285266
1.294299
1.303461
1.312911
1.322229
1.331822
1.341478
1.351233
1.361102
1.371109
1.381125
1.391249
1.401621
1.411904
1.422285
1.432834
1.443311
1.453803
1.464343
1.474893
1.485436
1.495997
1.506612
1.517209
1.527791
1.538367
1.549009
1.559738
1.570527
1.581022
1.591724
1.602381
1.613125
1.623800
1.634391
1.645048
1.655756
1.666260
1.677117
1.687792
1.698473
1.709190
1.720042
1.730651
1.741533
1.752342
1.762867
1.773644
1.784442
1.795177
1.805903
1.816683
1.827453
1.838260
1.848947
1.859616
1.870381
1.881179
1.891869
1.902586
1.913428
1.924154
1.934853
1.945672
1.956416
1.967175
1.977867
1.988569
1.999313
2.010180
2.020813
2.031608
2.042423
2.053173
2.063800
2.074586
2.085153
2.095912
2.106551
2.117193
2.127877
2.138537
2.149143
2.159806
2.170499
2.181111
2.191849
2.202503
2.213031
2.223658
2.234426
2.244876
2.255422
2.265992
2.276592
2.287034
2.297616
2.308174
2.318708
2.329221
2.339740
2.350124
2.360713
2.371202
2.381661
2.392291
2.402741
2.413179
2.423699
2.434227
2.444650
2.455259
2.465569
2.476142
2.486664
2.497087
2.507531
2.518008
2.528399
2.538870
2.549419
2.559911
2.570446
2.580830
2.591346
2.601778
2.612327
2.622751
2.633258
2.643780
2.654209
2.664591
2.675146
2.685554
2.695920
2.706403
2.716833
2.727319
2.737748
2.748189
2.758733
2.769018
2.779336
2.789829
2.800417
2.810618
2.821179
2.831438
2.841834
2.852216
2.862591
2.872933
2.883258
2.893639
2.903915
2.914207
2.924552
2.934892
2.945231
2.955517
2.965880
2.976067
2.986448
2.996581
3.006824
3.017092
3.027251
3.037513
3.047594
3.057931
3.068024
3.078280
3.088407
3.098740
3.108813
3.118876
3.129045
3.139232
3.149287
3.159437
3.169618
3.179676
3.189826
3.200007
3.210071
3.220167
3.230330
3.240436
3.250601
3.260737
3.270771
3.280834
3.291114
3.301198
3.311265
3.321407
3.331498
3.341645
3.351676
3.361830
3.371933
3.382122
3.392138
3.402297
3.412493
3.422674
3.432636
3.442849
3.452934
3.462998
3.473142
3.483155
3.493294
3.503348
3.513379
3.523437
3.533621
3.543472
3.553685
3.563686
3.573759
3.583649
3.593895
3.603794
3.613804
3.623952
3.633932
3.643932
3.653882
3.663859
3.673815
3.683813
3.693871
3.703728
3.713603
3.723583
3.733496
3.743396
3.753363
3.763164
3.773110
3.783075
3.792833
3.802738
3.812628
3.822300
3.832205
3.841999
3.851835
3.861845
3.871537
3.881424
3.891266
3.900937
3.910767
3.920534
3.930331
3.940057
3.949968
3.959549
3.969523
3.979191
3.988913
3.998806
4.008471
4.018185
4.028183
4.037731
4.047471
4.057502
4.067143
4.076896
4.086726
4.096538
4.106263
4.116087
4.125914
4.135699
4.145472
4.155242
4.165028
4.174807
4.184618
4.194431
4.204342
4.213962
4.223675
4.233514
4.243402
4.253139
4.263034
4.272739
4.282533
4.292393
4.302277
4.311981
4.321757
4.331539
4.341244
4.351149
4.360874
4.370668
4.380498
4.390157
4.399903
4.409781
4.419525
4.429217
4.438996
4.448718
4.458512
4.468354
4.477936
4.487658
4.497356
4.507108
4.516845
4.526502
4.536284
4.545937
4.555662
4.565325
4.574981
4.584736
4.594425
4.604019
4.613729
4.623349
4.633015
4.642686
4.652282
4.661914
4.671649
4.681230
4.690817
4.700462
4.709962
4.719744
4.729347
4.738853
4.748635
4.758235
4.767813
4.777538
4.787107
4.796629
4.806342
4.816029
4.825592
4.835227
4.844937
4.854612
4.864178
4.873886
4.883488
4.893201
4.902717
4.912508
4.922095
4.931706
4.941401
4.951055
4.960690
4.970445
4.979964
4.989740
4.999357
5.009002
5.018613
5.028401
5.037988
5.047729
5.057292
5.067038
5.076734
5.086315
5.095893
5.105744
5.115167
5.124904
5.134572
5.144198
5.153780
5.163412
5.172943
5.182545
5.192183
5.201672
5.211385
5.220942
5.230497
5.240063
5.249732
5.259115
5.268895
5.278206
5.287887
5.297345
5.306830
5.316397
5.325831
5.335359
5.344781
5.354237
5.363744
5.373142
5.382583
5.392155
5.401383
5.410974
5.420411
5.429753
5.439133
5.448538
5.457870
5.467248
5.476710
5.485929
5.495283
5.504675
5.514044
5.523365
5.532712
5.541949
5.551351
5.560645
5.569839
5.579223
5.588673
5.597756
5.607275
5.616431
5.625856
5.635060
5.644447
5.653690
5.662978
5.672352
5.681595
5.690916
5.700384
5.709372
5.718824
5.727992
5.737277
5.746657
5.755810
5.765188
5.774488
5.783680
5.792884
5.802145
5.811501
5.820678
5.829915
5.839194
5.848389
5.857628
5.866928
5.876234
5.885249
5.894546
5.903777
5.912897
5.922182
5.931323
5.940592
5.949874
5.958859
5.968135
5.977294
5.986384
5.995471
6.004771
6.013822
6.023101
6.032020
6.041275
6.050245
6.059494
6.068464
6.077569
6.086653
6.095692
6.104740
6.113869
6.122866
6.131810
6.140981
6.149876
6.158912
6.167963
6.176906
6.185816
6.194915
6.203799
6.212754
6.221835
6.230733
6.239641
6.248817
6.257521
6.266446
6.275399
0.001112
0.010052
0.018986
0.027812
0.036723
0.045738
0.054510
0.063394
0.072340
0.081211
0.090115
0.098972
0.107816
0.116771
0.125721
0.134538
0.143427
0.152376
0.161134
0.170113
0.179020
0.187892
0.196709
0.205649
0.214479
0.223338
0.232344
0.241183
0.250027
0.258934
0.267805
0.276659
0.285581
0.294357
0.303282
0.312219
0.320965
0.329878
0.338773
0.347575
0.356363
0.365267
0.374118
0.382902
0.391758
0.400570
0.409402
0.418312
0.427163
0.435839
0.444809
0.453450
0.462339
0.471169
0.479989
0.488591
0.497546
0.506301
0.515151
0.523807
0.532576
0.541265
0.550067
0.558932
0.567549
0.576399
0.585100
0.593761
0.602498
0.611118
0.619764
0.628612
0.637228
0.645818
0.654644
0.663297
0.671845
0.680584
0.689372
0.697910
0.706527
0.715147
0.723850
0.732440
0.740958
0.749718
0.758371
0.766939
0.775547
0.784191
0.792762
0.801430
0.809870
0.818550
0.827151
0.835852
0.844304
0.852884
0.861543
0.870061
0.878659
0.887366
0.895893
0.904536
0.913138
0.921683
0.930326
0.938892
0.947578
0.956206
0.964715
0.973320
0.981978
0.990538
0.999329
1.007792
1.016361
1.025131
1.033603
1.042211
1.050954
1.059516
1.068208
1.076851
1.085360
1.093890
1.102513
1.111219
1.119752
1.128420
1.137153
1.145770
1.154369
1.162964
1.171614
1.180210
1.188805
1.197419
1.206056
1.214742
1.223299
1.231903
1.240568
1.249116
1.257780
1.266334
1.274933
1.283573
1.292157
1.300705
1.309253
1.317911
1.326447
1.335037
1.343518
1.352252
1.360812
1.369362
1.377847
1.386467
1.395033
1.403506
1.412077
1.420652
1.429140
1.437625
1.446271
1.454765
1.463193
1.471825
1.480184
1.488908
1.497363
1.505818
1.514285
1.522922
1.531353
1.539859
1.548332
1.556715
1.565314
1.573843
1.582226
1.590714
1.599250
1.607768
1.616324
1.624845
1.633129
1.641794
1.650234
1.658707
1.667212
1.675739
1.684197
1.692718
1.701257
1.709723
1.718235
1.726816
1.735280
1.743792
1.752321
1.760944
1.769468
1.777893
1.786425
1.794943
1.803494
1.812000
1.820530
1.829128
1.837589
1.846110
1.854763
1.863241
1.871744
1.880361
1.888933
1.897352
1.905809
1.914432
1.923046
1.931468
1.940093
1.948392
1.957138
1.965497
1.973934
1.982616
1.991008
1.999508
2.008122
2.016639
2.024956
2.033540
2.042067
2.050444
2.059088
2.067477
2.076009
2.084425
2.092889
2.101353
2.109913
2.118212
2.126673
2.135208
2.143576
2.152007
2.160408
2.168800
2.177192
2.185653
2.194066
2.202473
2.210820
2.219194
2.227562
2.235927
2.244253
2.252591
2.260983
2.269267
2.277593
2.285943
2.294170
2.302568
2.310900
2.319157
2.327501
2.335719
2.344085
2.352396
2.360623
2.368859
2.377200
2.385469
2.393654
2.401950
2.410261
2.418504
2.426719
2.435048
2.443299
2.451580
2.459837
2.467944
2.476399
2.484620
2.492764
2.501054
2.509308
2.517532
2.525759
2.533987
2.542205
2.550534
2.558926
2.567030
2.575272
2.583601
2.591738
2.599984
2.608295
2.616522
2.624635
2.632967
2.641164
2.649419
2.657715
2.665873
2.674049
2.682324
2.690491
2.698698
2.707006
2.715083
2.723382
2.731678
2.739741
2.748118
2.756183
2.764341
2.772661
2.780688
2.788903
2.797118
2.805348
2.813375
2.821566
2.829751
2.837948
2.846062
2.854214
2.862303
2.870471
2.878560
2.886736
2.894763
2.902897
2.911112
2.919186
2.927315
2.935227
2.943311
2.951412
2.959492
2.967567
2.975596
2.983716
2.991739
2.999780
3.007837
3.015809
3.023872
3.031847
3.039853
3.047888
3.055836
3.063884
3.071832
3.079700
3.087661
3.095651
3.103642
3.111539
3.119620
3.127499
3.135454
3.143426
3.151324
3.159248
3.167167
3.175128
3.183022
3.190884
3.198853
3.206748
3.214639
3.222570
3.230408
3.238302
3.246221
3.254124
3.262049
3.269962
3.277763
3.285868
3.293690
3.301633
3.309357
3.317395
3.325104
3.333179
3.340851
3.348806
3.356725
3.364595
3.372403
3.380435
3.388186
3.396042
3.404086
3.411855
3.419657
3.427671
3.435431
3.443274
3.451100
3.458941
3.466779
3.474526
3.482400
3.490265
3.498141
3.505844
3.513793
3.521540
3.529375
3.537231
3.544982
3.552729
3.560585
3.568288
3.576099
3.583945
3.591657
3.599423
3.607234
3.614988
3.622657
3.630447
3.638144
3.645820
3.653625
3.661334
3.668964
3.676922
3.684358
3.692139
3.699890
3.707374
3.715098
3.722884
3.730405
3.738090
3.745723
3.753393
3.761024
3.768595
3.776217
3.783845
3.791500
3.799005
3.806681
3.814240
3.821781
3.829310
3.836989
3.844507
3.852116
3.859648
3.867151
3.874722
3.882296
3.889825
3.897372
3.904784
3.912439
3.919851
3.927473
3.934897
3.942459
3.949923
3.957410
3.964972
3.972465
3.979967
3.987400
3.994902
4.002384
4.009859
4.017433
4.024824
4.032296
4.039837
4.047309
4.054844
4.062383
4.069888
4.077312
4.084811
4.092223
4.099771
4.107201
4.114694
4.122139
4.129815
4.137176
4.144669
4.152156
4.159679
4.167116
4.174648
4.182108
4.189577
4.197112
4.204564
4.211973
4.219580
4.226884
4.234341
4.241966
4.249316
4.256806
4.264299
4.271696
4.279153
4.286664
4.294080
4.301525
4.309033
4.316469
4.323902
4.331363
4.338775
4.346160
4.353743
4.361039
4.368454
4.376007
4.383248
4.390723
4.398259
4.405497
4.412930
4.420447
4.427910
4.435155
4.442705
4.450003
4.457335
4.464804
4.472141
4.479545
4.486825
4.494210
4.501593
4.508978
4.516303
4.523548
4.530975
4.538273
4.545631
4.553035
4.560255
4.567644
4.574933
4.582207
4.589530
4.596822
4.604066
4.611302
4.618645
4.625845
4.633113
4.640469
4.647731
4.654958
4.662250
4.669360
4.676601
4.683920
4.691114
4.698352
4.705621
4.712809
4.720047
4.727309
4.734479
4.741726
4.748914
4.756186
4.763337
4.770530
4.777784
4.785007
4.792189
4.799323
4.806711
4.813827
4.821035
4.828196
4.835530
4.842660
4.849869
4.857113
4.864349
4.871510
4.878784
4.885860
4.893141
4.900383
4.907492
4.914691
4.921996
4.929246
4.936335
4.943678
4.950707
4.958009
4.965205
4.972375
4.979478
4.986660
4.993937
5.001143
5.008204
5.015482
5.022535
5.029929
5.036940
5.044124
5.051312
5.058427
5.065594
5.072821
5.079963
5.087094
5.094302
5.101319
5.108428
5.115622
5.122759
5.130027
5.137068
5.144139
5.151323
5.158478
5.165552
5.172691
5.179810
5.186823
5.194038
5.201076
5.208066
5.215229
5.222318
5.229406
5.236384
5.243443
5.250514
5.257420
5.264610
5.271564
5.278569
5.285625
5.292617
5.299703
5.306552
5.313673
5.320568
5.327578
5.334490
5.341453
5.348475
5.355388
5.362344
5.369352
5.376228
5.383125
5.389995
5.396931
5.403944
5.410746
5.417619
5.424588
5.431404
5.438354
5.445086
5.452058
5.458811
5.465612
5.472545
5.479392
5.486175
5.493101
5.499864
5.506610
5.513561
5.520299
5.527101
5.533947
5.540676
5.547489
5.554353
5.561055
5.567883
5.574603
5.581323
5.588160
5.594955
5.601819
5.608524
5.615269
5.622001
5.628769
5.635594
5.642269
5.649082
5.655769
5.662471
5.669212
5.675962
5.682722
5.689403
5.696150
5.702861
5.709588
5.716301
5.723040
5.729733
5.736537
5.743080
5.749935
5.756598
5.763271
5.769916
5.776585
5.783344
5.789894
5.796713
5.803319
5.809967
5.816711
5.823315
5.829999
5.836734
5.843298
5.849946
5.856592
5.863225
5.869882
5.876524
5.883122
5.889824
5.896317
5.903007
5.909625
5.916183
5.922790
5.929393
5.935999
5.942579
5.949224
5.955729
5.962332
5.968929
5.975478
5.982031
5.988601
5.995153
6.001622
6.008192
6.014721
6.021261
6.027774
6.034258
6.040777
6.047396
6.053756
6.060198
6.066864
6.073171
6.079720
6.086215
6.092711
6.099150
6.105597
6.112009
6.118429
6.124972
6.131381
6.137763
6.144156
6.150637
6.157022
6.163511
6.169829
6.176313
6.182623
6.189049
6.195386
6.201797
6.208155
6.214534
6.220918
6.227237
6.233619
6.239964
6.246328
6.252611
6.259010
6.265209
6.271591
6.278071
0.001082
0.007442
0.013806
0.020047
0.026350
0.032684
0.038982
0.045231
0.051625
0.057836
0.064158
0.070509
0.076741
0.083045
0.089399
0.095643
0.101980
0.108170
0.114545
0.120759
0.127117
0.133283
0.139628
0.145899
0.152134
0.158524
0.164804
0.170976
0.177298
0.183568
0.189806
0.196095
0.202372
0.208531
0.214907
0.221130
0.227374
0.233626
0.239951
0.246120
0.252451
0.258691
0.264920
0.271143
0.277357
0.283631
0.289844
0.296091
0.302347
0.308567
0.314820
0.321036
0.327295
0.333497
0.339747
0.345916
0.352144
0.358337
0.364599
0.370729
0.377009
0.383166
0.389430
0.395590
0.401762
0.407976
0.414187
0.420308
0.426540
0.432693
0.438859
0.445085
0.451167
0.457327
0.463547
0.469635
0.475831
0.482047
0.488094
0.494193
0.500416
0.506516
0.512673
0.518761
0.524837
0.530994
0.537151
0.543227
0.549318
0.555415
0.561482
0.567597
0.573691
0.579719
0.585828
0.591976
0.597911
0.604008
0.610117
0.616142
0.622275
0.628294
0.634328
0.640362
0.646405
0.652418
0.658440
0.664495
0.670499
0.676515
0.682624
0.688608
0.694630
0.700610
0.706608
0.712606
0.718610
0.724635
0.730594
0.736610
0.742552
0.748529
0.754479
0.760465
0.766397
0.772371
0.778360
0.784272
0.790258
0.796187
0.802239
0.808129
0.814097
0.819964
0.826031
0.831852
0.837922
0.843716
0.849765
0.855569
0.861624
0.867496
0.873482
0.879396
0.885311
0.891234
0.897238
0.903116
0.909102
0.915049
0.920937
0.926866
0.932894
0.938751
0.944686
0.950634
0.956527
0.962414
0.968379
0.974306
0.980199
0.986197
0.992066
0.998010
1.003930
1.009926
1.015780
1.021715
1.027608
1.033597
1.039509
1.045417
1.051307
1.057197
1.063091
1.069116
1.075003
1.080896
1.086822
1.092752
1.098630
1.104544
1.110503
1.116385
1.122269
1.128213
1.134103
1.140047
1.145866
1.151825
1.157721
1.163599
1.169472
1.175353
1.181267
1.187130
1.193021
1.198923
1.204849
1.210643
1.216645
1.222439
1.228329
1.234204
1.240047
1.245913
1.251827
1.257643
1.263512
1.269399
1.275244
1.281138
1.287025
1.292804
1.298674
1.304561
1.310397
1.316230
1.322085
1.327912
1.333787
1.339573
1.345331
1.351194
1.357100
1.362768
1.368637
1.374588
1.380310
1.386074
1.391917
1.397711
1.403506
1.409315
1.415091
1.420925
1.426683
1.432489
1.438236
1.444033
1.449756
1.455550
1.461308
1.467025
1.472765
1.478590
1.484294
1.490029
1.495817
1.501549
1.507286
1.513173
1.518818
1.524492
1.530221
1.535934
1.541726
1.547424
1.553114
1.558863
1.564526
1.570269
1.575971
1.581648
1.587400
1.593156
1.598827
1.604526
1.610230
1.615917
1.621654
1.627344
1.633045
1.638744
1.644451
1.650159
1.655857
1.661565
1.667242
1.672947
1.678693
1.684371
1.690018
1.695792
1.701496
1.707114
1.712944
1.718541
1.724242
1.729968
1.735606
1.741407
1.747057
1.752729
1.758409
1.764177
1.769860
1.775442
1.781263
1.786827
1.792633
1.798272
1.803940
1.809618
1.815325
1.820946
1.826737
1.832394
1.838057
1.843653
1.849355
1.855101
1.860758
1.866447
1.872107
1.877775
1.883480
1.889112
1.894781
1.900491
1.906139
1.911828
1.917503
1.923091
1.928744
1.934449
1.940045
1.945705
1.951397
1.957027
1.962666
1.968388
1.973994
1.979587
1.985238
1.990981
1.996539
2.002160
2.007762
2.013413
2.019099
2.024681
2.030274
2.035907
2.041501
2.047103
2.052760
2.058315
2.063902
2.069556
2.075158
2.080719
2.086301
2.091870
2.097431
2.103028
2.108609
2.114110
2.119755
2.125315
2.130846
2.136386
2.141863
2.147405
2.152987
2.158620
2.164087
2.169636
2.175143
2.180689
2.186210
2.191663
2.197227
2.202739
2.208177
2.213702
2.219272
2.224668
2.230132
2.235660
2.241155
2.246638
2.252088
2.257513
2.262993
2.268533
2.273872
2.279423
2.284840
2.290251
2.295731
2.301181
2.306562
2.311997
2.317473
2.322836
2.328247
2.333673
2.339066
2.344489
2.349924
2.355299
2.360703
2.366106
2.371498
2.376894
2.382212
2.387689
2.392992
2.398424
2.403751
2.409177
2.414522
2.419894
2.425275
2.430650
2.436036
2.441390
2.446687
2.452035
2.457503
2.462770
2.468199
2.473505
2.478871
2.484189
2.489606
2.494948
2.500263
2.505623
2.511010
2.516301
2.521673
2.526979
2.532297
2.537654
2.542996
2.548278
2.553653
2.558970
2.564244
2.569597
2.574934
2.580222
2.585474
2.590888
2.596137
2.601490
2.606853
2.612100
2.617433
2.622769
2.628066
2.633315
2.638678
2.643915
2.649167
2.654461
2.659812
2.665064
2.670481
2.675652
2.680925
2.686216
2.691474
2.696783
2.702089
2.707362
2.712545
2.717908
2.723100
2.728353
2.733641
2.738869
2.744091
2.749385
2.754634
2.759838
2.765090
2.770300
2.775541
2.780813
2.786015
2.791261
2.796459
2.801681
2.806942
2.812137
2.817329
2.822468
2.827795
2.832900
2.838179
2.843305
2.848531
2.853750
2.858855
2.864113
2.869221
2.874497
2.879644
2.884777
2.889948
2.895128
2.900245
2.905375
2.910591
2.915648
2.920786
2.925997
2.931054
2.936249
2.941399
2.946393
2.951637
2.956700
2.961874
2.966976
2.972055
2.977187
2.982253
2.987347
2.992428
2.997503
3.002567
3.007630
3.012753
3.017778
3.022862
3.027925
3.032983
3.038037
3.043109
3.048122
3.053170
3.058323
3.063297
3.068366
3.073343
3.078406
3.083343
3.088371
3.093449
3.098390
3.103357
3.108465
3.113391
3.118406
3.123386
3.128374
3.133378
3.138387
3.143336
3.148304
3.153304
3.158263
3.163260
3.168186
3.173129
3.178127
3.183067
3.188023
3.192978
3.197912
3.202889
3.207871
3.212770
3.217726
3.222690
3.227607
3.232580
3.237505
3.242449
3.247416
3.252246
3.257243
3.262112
3.266996
3.271960
3.276877
3.281784
3.286785
3.291740
3.296573
3.301450
3.306376
3.311304
3.316194
3.321062
3.325949
3.330973
3.335809
3.340698
3.345543
3.350433
3.355346
3.360263
3.365089
3.369997
3.374869
3.379854
3.384603
3.389576
3.394364
3.399247
3.404086
3.408925
3.413793
3.418590
3.423504
3.428246
3.433163
3.437989
3.442795
3.447625
3.452413
3.457314
3.462099
3.466881
3.471638
3.476525
3.481324
3.486076
3.490849
3.495720
3.500415
3.505227
3.510030
3.514751
3.519548
3.524303
3.529091
3.533848
3.538600
3.543307
3.548053
3.552819
3.557502
3.562266
3.566982
3.571743
3.576458
3.581171
3.585845
3.590576
3.595255
3.599917
3.604666
3.609379
3.614026
3.618694
3.623433
3.628032
3.632727
3.637410
3.641973
3.646629
3.651270
3.656022
3.660542
3.665309
3.669866
3.674465
3.679124
3.683684
3.688250
3.692957
3.697493
3.702086
3.706685
3.711257
3.715868
3.720428
3.724958
3.729524
3.734123
3.738656
3.743147
3.747719
3.752306
3.756815
3.761387
3.765893
3.770372
3.774902
3.779393
3.783893
3.788399
3.792887
3.797399
3.801908
3.806337
3.810828
3.815340
3.819741
3.824262
3.828753
3.833157
3.837577
3.842086
3.846484
3.850897
3.855364
3.859762
3.864218
3.868664
3.873017
3.877424
3.881891
3.886292
3.890661
3.895086
3.899460
3.903906
3.908242
3.912607
3.917026
3.921451
3.925798
3.930191
3.934535
3.938939
3.943289
3.947640
3.951984
3.956361
3.960690
3.964987
3.969376
3.973738
3.978065
3.982349
3.986726
3.991025
3.995457
3.999741
4.004031
4.008370
4.012774
4.016980
4.021304
4.025738
4.029992
4.034297
4.038600
4.042881
4.047228
4.051546
4.055791
4.060079
4.064420
4.068707
4.072965
4.077225
4.081501
4.085791
4.090054
4.094321
4.098551
4.102880
4.107078
4.111320
4.115583
4.119856
4.124122
4.128275
4.132571
4.136835
4.141068
4.145254
4.149451
4.153723
4.157945
4.162148
4.166337
4.170555
4.174813
4.179010
4.183156
4.187375
4.191608
4.195815
4.199934
4.204195
4.208380
4.212566
4.216805
4.220877
4.225065
4.229299
4.233430
4.237631
4.241777
4.245936
4.250115
4.254274
4.258402
4.262555
4.266762
4.270899
4.275061
4.279186
4.283285
4.287437
4.291671
4.295673
4.299874
4.303936
4.308095
4.312176
4.316319
4.320409
4.324592
4.328660
4.332809
4.336890
4.341028
4.345081
4.349210
4.353225
4.357344
4.361443
4.365544
4.369574
4.373664
4.377717
4.381843
4.385843
4.389894
4.393977
4.397977
4.402040
4.406096
4.410093
4.414146
4.418245
4.422242
4.426197
4.430166
4.434292
4.438283
4.442288
4.446273
4.450246
4.454216
4.458219
4.462215
4.466122
4.470113
4.474074
4.478044
4.482010
4.485935
4.489857
4.493842
4.497806
4.501709
4.505616
4.509556
4.513472
4.517391
4.521337
4.525208
4.529147
4.533072
4.536964
4.540832
4.544694
4.548627
4.552495
4.556339
4.560243
4.564063
4.567949
4.571721
4.575652
4.579469
4.583286
4.587193
4.591037
4.594791
4.598712
4.602527
4.606314
4.610152
4.613938
4.617774
4.621558
4.625374
4.629186
4.632943
4.636733
4.640513
4.644241
4.648040
4.651815
4.655584
4.659326
4.663089
4.666873
4.670567
4.674372
4.678060
4.681820
4.685512
4.689265
4.692951
4.696663
4.700384
4.704081
4.707766
4.711499
4.715220
4.718896
4.722606
4.726276
4.729925
4.733637
4.737316
4.740998
4.744680
4.748330
4.752024
4.755643
4.759298
4.762962
4.766630
4.770237
4.773913
4.777562
4.781209
4.784801
4.788474
4.792054
4.795682
4.799374
4.802921
4.806507
4.810093
4.813776
4.817326
4.820927
4.824498
4.828126
4.831707
4.835344
4.838855
4.842469
4.846055
4.849635
4.853204
4.856724
4.860301
4.863882
4.867408
4.871006
4.874568
4.878077
4.881603
4.885180
4.888665
4.892248
4.895825
4.899289
4.902806
4.906348
4.909853
4.913332
4.916858
4.920345
4.923862
4.927338
4.930822
4.934274
4.937797
4.941285
4.944769
4.948287
4.951714
4.955165
4.958677
4.962131
4.965595
4.969043
4.972456
4.975904
4.979385
4.982774
4.986202
4.989665
4.993077
4.996517
4.999915
5.003324
5.006733
5.010149
5.013511
5.016911
5.020341
5.023763
5.027175
5.030522
5.033923
5.037230
5.040655
5.044025
5.047396
5.050764
5.054104
5.057490
5.060857
5.064189
5.067517
5.070849
5.074175
5.077563
5.080910
5.084218
5.087486
5.090812
5.094125
5.097442
5.100777
5.104045
5.107317
5.110601
5.113878
5.117165
5.120461
5.123733
5.127034
5.130348
5.133533
5.136801
5.140103
5.143345
5.146563
5.149807
5.153043
5.156240
5.159565
5.162693
5.165911
5.169126
5.172361
5.175597
5.178821
5.181976
5.185179
5.188432
5.191581
5.194799
5.197996
5.201138
5.204285
5.207490
5.210576
5.213809
5.216910
5.220071
5.223186
5.226387
5.229443
5.232600
5.235767
5.238865
5.241996
5.245055
5.248222
5.251263
5.254408
5.257488
5.260560
5.263637
5.266671
5.269754
5.272858
5.275887
5.278928
5.281978
5.285046
5.288108
5.291173
5.294187
5.297204
5.300206
5.303196
5.306240
5.309227
5.312235
5.315261
5.318243
5.321185
5.324160
5.327183
5.330134
5.333109
5.336057
5.338975
5.341935
5.344860
5.347798
5.350795
5.353698
5.356580
5.359498
5.362377
5.365314
5.368205
5.371144
5.373966
5.376887
5.379757
5.382627
5.385525
5.388416
5.391259
5.394082
5.396958
5.399780
5.402647
5.405515
5.408352
5.411156
5.413949
5.416753
5.419572
5.422377
5.425252
5.428042
5.430834
5.433599
5.436395
5.439217
5.441971
5.444769
5.447528
5.450264
5.452987
5.455731
5.458500
5.461250
5.464048
5.466727
5.469441
5.472186
5.474891
5.477609
5.480371
5.483070
5.485770
5.488517
5.491172
5.493895
5.496619
5.499309
5.501985
5.504726
5.507357
5.510035
5.512692
5.515359
5.518062
5.520683
5.523379
5.525995
5.528649
5.531286
5.533970
5.536637
5.539279
5.541913
5.544526
5.547135
5.549757
5.552405
5.555012
5.557627
5.560243
5.562829
5.565468
5.568038
5.570648
5.573264
5.575831
5.578432
5.581015
5.583573
5.586132
5.588717
5.591297
5.593877
5.596471
5.599039
5.601552
5.604111
5.606670
5.609201
5.611739
5.614304
5.616848
5.619340
5.621887
5.624376
5.626884
5.629425
5.631941
5.634437
5.636933
5.639429
5.641939
5.644396
5.646901
5.649379
5.651892
5.654337
5.656848
5.659242
5.661707
5.664188
5.666633
5.669096
5.671519
5.673913
5.676358
5.678794
5.681206
5.683644
5.686080
5.688480
5.690913
5.693313
5.695701
5.698085
5.700509
5.702876
5.705243
5.707655
5.710040
5.712404
5.714758
5.717107
5.719435
5.721784
5.724148
5.726515
5.728864
5.731186
5.733535
5.735872
5.738182
5.740479
5.742811
5.745144
5.747446
5.749764
5.752020
5.754315
5.756613
5.758912
5.761170
5.763528
5.765739
5.768079
5.770332
5.772583
5.774859
5.777143
5.779363
5.781621
5.783886
5.786104
5.788342
5.790586
5.792833
5.795053
5.797276
5.799490
5.801731
5.803972
5.806171
5.808383
5.810596
5.812813
5.814977
5.817209
5.819399
5.821616
5.823788
5.825960
5.828138
5.830317
5.832468
5.834646
5.836833
5.839005
5.841165
5.843337
5.845479
5.847667
5.849815
5.851951
5.854093
5.856238
5.858387
5.860538
5.862686
5.864792
5.866922
5.869067
5.871186
5.873337
5.875455
5.877555
5.879683
5.881815
5.883913
5.886022
5.888155
5.890225
5.892362
5.894441
5.896541
5.898605
5.900733
5.902818
5.904891
5.906964
5.909050
5.911117
5.913217
5.915276
5.917367
5.919446
5.921493
5.923542
5.925612
5.927616
5.929666
5.931742
5.933779
5.935802
5.937869
5.939876
5.941914
5.943951
5.945976
5.948031
5.950042
5.952043
5.954086
5.956103
5.958110
5.960091
5.962122
5.964105
5.966089
5.968075
5.970037
5.972027
5.974046
5.976042
5.977974
5.979963
5.981908
5.983906
5.985860
5.987810
5.989767
5.991732
5.993652
5.995606
5.997541
5.999435
6.001367
6.003285
6.005196
6.007105
6.009019
6.010961
6.012905
6.014802
6.016677
6.018556
6.020419
6.022322
6.024158
6.026034
6.027918
6.029797
6.031675
6.033569
6.035414
6.037257
6.039093
6.040927
6.042764
6.044580
6.046413
6.048238
6.050053
6.051890
6.053720
6.055518
6.057331
6.059131
6.060914
6.062678
6.064473
6.066256
6.068048
6.069857
6.071631
6.073378
6.075157
6.076919
6.078678
6.080424
6.082168
6.083965
6.085703
6.087435
6.089179
6.090892
6.092600
6.094308
6.096034
6.097726
6.099458
6.101214
6.102912
6.104653
6.106379
6.108063
6.109729
6.111415
6.113084
6.114768
6.116446
6.118124
6.119762
6.121464
6.123139
6.124799
6.126489
6.128145
6.129796
6.131438
6.133098
6.134748
6.136415
6.138053
6.139671
6.141334
6.142958
6.144594
6.146242
6.147860
6.149486
6.151107
6.152716
6.154325
6.155958
6.157552
6.159191
6.160826
6.162381
6.163996
6.165572
6.167196
6.168796
6.170408
6.171999
6.173581
6.175150
6.176756
6.178323
6.179887
6.181469
6.183036
6.184633
6.186200
6.187749
6.189304
6.190850
6.192438
6.194023
6.195580
6.197124
6.198694
6.200207
6.201756
6.203278
6.204814
6.206342
6.207889
6.209416
6.210944
6.212463
6.213995
6.215538
6.217089
6.218617
6.220119
6.221640
6.223135
6.224642
6.226131
6.227638
6.229151
6.230659
6.232144
6.233627
6.235116
6.236612
6.238149
6.239629
6.241117
6.242622
6.244108
6.245576
6.247023
6.248455
6.249914
6.251391
6.252853
6.254318
6.255759
6.257218
6.258687
6.260151
6.261623
6.263094
6.264535
6.265973
6.267393
6.268825
6.270233
6.271687
6.273149
6.274580
6.275989
6.277406
6.278817
6.280246
6.281645
6.283065
0.001294
0.002717
0.004132
0.005531
0.006924
0.008302
0.009701
0.011094
0.012518
0.013878
0.015265
0.016631
0.018021
0.019387
0.020769
0.022171
0.023555
0.024927
0.026284
0.027657
0.028996
0.030377
0.031740
0.033106
0.034461
0.035782
0.037097
0.038442
0.039788
0.041124
0.042454
0.043796
0.045154
0.046496
0.047844
0.049171
0.050499
0.051832
0.053123
0.054438
0.055712
0.057021
0.058315
0.059628
0.060910
0.062207
0.063492
0.064796
0.066069
0.067375
0.068700
0.069988
0.071291
0.072597
0.073847
0.075129
0.076360
0.077604
0.078892
0.080142
0.081385
0.082634
0.083893
0.085151
0.086430
0.087671
0.088920
0.090181
0.091446
0.092668
0.093899
0.095131
0.096392
0.097623
0.098840
0.100053
0.101276
0.102492
0.103711
0.104922
0.106117
0.107328
0.108526
0.109743
0.110956
0.112139
0.113344
0.114554
0.115771
0.116969
0.118152
0.119357
0.120543
0.121712
0.122880
0.124043
0.125208
0.126371
0.127569
0.128738
0.129909
0.131065
0.132210
0.133378
0.134523
0.135667
0.136812
0.137959
0.139125
0.140287
0.141441
0.142570
0.143709
0.144832
0.145950
0.147070
0.148179
0.149341
0.150471
0.151597
0.152712
0.153821
0.154932
0.156020
0.157125
0.158234
0.159327
0.160448
0.161571
0.162701
0.163791
0.164909
0.165979
0.167081
0.168157
0.169223
0.170302
0.171368
0.172453
0.173544
0.174613
0.175680
0.176746
0.177792
0.178859
0.179904
0.180947
0.182013
0.183101
0.184192
0.185255
0.186325
0.187382
0.188428
0.189462
0.190483
0.191499
0.192521
0.193545
0.194573
0.195589
0.196607
0.197629
0.198654
0.199678
0.200673
0.201668
0.202677
0.203693
0.204715
0.205733
0.206770
0.207803
0.208804
0.209790
0.210779
0.211731
0.212693
0.213676
0.214625
0.215623
0.216603
0.217598
0.218565
0.219548
0.220498
0.221433
0.222394
0.223332
0.224288
0.225229
0.226166
0.227137
0.228105
0.229087
0.230034
0.230993
0.231934
0.232883
0.233821
0.234744
0.235664
0.236596
0.237512
0.238435
0.239337
0.240245
0.241159
0.242072
0.242959
0.243834
0.244736
0.245641
0.246516
0.247408
0.248295
0.249188
0.250090
0.251007
0.251926
0.252825
0.253721
0.254620
0.255528
0.256385
0.257250
0.258095
0.258964
0.259833
0.260696
0.261535
0.262395
0.263251
0.264093
0.264923
0.265762
0.266595
0.267428
0.268267
0.269082
0.269897
0.270721
0.271545
0.272383
0.273213
0.274058
0.274888
0.275745
0.276578
0.277420
0.278259
0.279074
0.279874
0.280668
0.281453
0.282240
0.283025
0.283795
0.284583
0.285371
0.286138
0.286926
0.287705
0.288475
0.289257
0.290006
0.290755
0.291516
0.292274
0.293014
0.293757
0.294506
0.295279
0.296061
0.296831
0.297601
0.298368
0.299141
0.299899
0.300657
0.301400
0.302137
0.302865
0.303590
0.304318
0.305052
0.305757
0.306467
0.307186
0.307893
0.308585
0.309292
0.309975
0.310679
0.311371
0.312045
0.312722
0.313414
0.314107
0.314775
0.315458
0.316150
0.316821
0.317504
0.318184
0.318864
0.319547
0.320236
0.320920
0.321612
0.322289
0.322969
0.323640
0.324311
0.324958
0.325605
0.326247
0.326897
0.327553
0.328176
0.328790
0.329422
0.330055
0.330678
0.331295
0.331903
0.332514
0.333137
0.333734
0.334330
0.334920
0.335513
0.336119
0.336727
0.337326
0.337913
0.338476
0.339061
0.339654
0.340259
0.340837
0.341434
0.342039
0.342641
0.343240
0.343842
0.344418
0.345008
0.345598
0.346185
0.346764
0.347339
0.347923
0.348495
0.349047
0.349586
0.350122
0.350667
0.351195
0.351716
0.352231
0.352759
0.353274
0.353786
0.354308
0.354814
0.355323
0.355842
0.356348
0.356851
0.357340
0.357840
0.358346
0.358841
0.359341
0.359808
0.360279
0.360752
0.361237
0.361714
0.362184
0.362673
0.363146
0.363628
0.364114
0.364596
0.365081
0.365579
0.366073
0.366567
0.367053
0.367550
0.368042
0.368530
0.369018
0.369489
0.369956
0.370423
0.370885
0.371328
0.371751
0.372179
0.372599
0.373012
0.373422
0.373824
0.374213
0.374597
0.374977
0.375349
0.375726
0.376110
0.376490
0.376883
0.377266
0.377656
0.378030
0.378411
0.378791
0.379169
0.379531
0.379906
0.380271
0.380655
0.381014
0.381380
0.381731
0.382096
0.382438
0.382779
0.383100
0.383432
0.383777
0.384130
0.384475
0.384819
0.385149
0.385491
0.385838
0.386180
0.386521
0.386869
0.387216
0.387576
0.387941
0.388304
0.388675
0.389050
0.389415
0.389781
0.390155
0.390533
0.390895
0.391267
0.391632
0.391989
0.392331
0.392669
0.393008
0.393334
0.393643
0.393948
0.394245
0.394542
0.394820
0.395099
0.395360
0.395629
0.395884
0.396130
0.396363
0.396597
0.396816
0.397025
0.397226
0.397421
0.397607
0.397804
0.398005
0.398191
0.398362
0.398535
0.398736
0.398931
0.399126
0.399305
0.399476
0.399662
0.399854
0.400033
0.400207
0.400387
0.400567
0.400743
0.400914
0.401079
0.401244
0.401406
0.401582
0.401744
0.401909
0.402080
0.402233
0.402388
0.402538
0.402679
0.402817
0.402964
0.403104
0.403245
0.403377
0.403515
0.403668
0.403808
0.403943
0.404069
0.404192
0.404330
0.404468
0.404584
0.404692
0.404803
0.404908
0.405001
0.405088
0.405166
0.405232
0.405309
0.405375
0.405435
0.405486
0.405543
0.405594
0.405642
0.405690
0.405723
0.405747
0.405780
0.405810
0.405825
0.405828
0.405840
0.405846
0.405855
0.405855
0.405855
0.405855
0.405855
0.405855
0.405855
0.405855
0.405855
0.405855
0.405855
0.405855
0.405855
0.405855
0.405855
0.405855
0.405855
0.405801
0.405738
0.405687
0.405633
0.405579
0.405522
0.405459
0.405405
0.405348
0.405283
0.405208
0.405148
0.405082
0.405022
0.404947
0.404869
0.404785
0.404707
0.404644
0.404581
0.404504
0.404450
0.404393
0.404336
0.404282
0.404222
0.404147
0.404090
0.404045
0.403997
0.403940
0.403895
0.403856
0.403823
0.403793
0.403758
0.403722
0.403701
0.403683
0.403662
0.403644
0.403641
0.403638
0.403638
0.403635
0.403629
0.403623
0.403623
0.403623
0.403623
0.403623
0.403623
0.403623
0.403623
0.403623
0.403623
0.403623
0.403623
0.403623
0.403623
0.403623
0.403623
0.403623
0.403623
0.403623
0.403623
0.403623
0.403629
0.403653
0.403677
0.403701
0.403737
0.403773
0.403805
0.403835
0.403859
0.403868
0.403889
0.403919
0.403937
0.403946
0.403958
0.403976
0.403991
0.404003
0.404012
0.404012
0.404012
0.404018
0.404021
0.404021
0.404027
0.404030
0.404033
0.404036
0.404036
0.404036
0.404036
0.404036
0.404036
0.404036
0.404036
0.404036
0.404036
0.404036
0.404036
0.404036
0.404036
0.404036
0.404036
0.404036
0.404036
0.404036
0.404036
0.404036
0.404036
0.404036
0.404036
0.404036
0.404036
0.404036
0.404036
0.404036
0.404036
0.404036
0.404036
0.404036
0.404036
0.404036
0.404036
0.404036
0.404036
0.404036
0.404036
0.404036
0.404036
0.404036
0.404036
0.404036
0.404036
0.404036
0.404036
0.404036
0.404036
0.404036
0.404036
0.404036
0.404036
0.404036
0.404036
0.404036
0.404036
0.404036
0.404036
0.404036
0.404036
0.404036
0.404036
0.404036
0.404036
0.404036
0.404036
0.404036
0.404036
0.404036
0.404036
0.404036
0.404036
0.404036
0.404036
0.404036
0.404036
0.404036
0.404036
0.404036
0.404036
0.404036
0.404036
0.404036
0.404036
0.404036
0.404036
0.404036
0.404036
0.404036
0.404036
0.404036
0.404036
0.404036
0.404036
0.404036
0.404036
0.404036
0.404036