1.708777
1.708777
1.708777
1.708777
1.708777
1.708777
1.708777
1.708777
1.708882
1.709097
1.709424
1.709855
1.710365
1.710967
1.711665
1.712462
1.713328
1.714301
1.715341
1.716465
1.717705
1.719065
1.720524
1.722088
1.723787
1.725591
1.727514
1.729512
1.731607
1.733830
1.736149
1.738587
1.741137
1.743756
1.746476
1.749328
1.752291
1.755323
1.758478
1.761762
1.765139
1.768602
1.772197
1.775864
1.779675
1.783606
1.787642
1.791737
1.795995
1.800306
1.804848
1.809372
1.814016
1.818705
1.823631
1.828649
1.833643
1.838886
1.844085
1.849537
1.855050
1.860641
1.866294
1.872251
1.878204
1.884196
1.890293
1.896605
1.903128
1.909509
1.916056
1.922773
1.929658
1.936576
1.943515
1.950651
1.958037
1.965296
1.972738
1.980249
1.987982
1.995889
2.003654
2.011624
2.019821
2.027950
2.036192
2.044724
2.053203
2.061772
2.070518
2.079401
2.088377
2.097419
2.106461
2.115749
2.125166
2.134564
2.144128
2.153922
2.163719
2.173414
2.183367
2.193602
2.203749
2.214065
2.224290
2.234998
2.245469
2.255862
2.266376
2.277122
2.287582
2.298239
2.308554
2.319148
2.329748
2.340441
2.350841
2.361531
2.372232
2.382841
2.393534
2.404293
2.414899
2.425547
2.436228
2.446831
2.457467
2.468040
2.478598
2.489285
2.499897
2.510500
2.521235
2.531991
2.542465
2.553230
2.563854
2.574400
2.585132
2.595738
2.606260
2.616953
2.627670
2.638369
2.648909
2.659740
2.670199
2.680688
2.691315
2.701855
2.712339
2.723056
2.733698
2.744175
2.754775
2.765243
2.775828
2.786689
2.796941
2.807664
2.818261
2.828685
2.839126
2.849926
2.860188
2.870788
2.881358
2.891748
2.902271
2.912739
2.923120
2.933750
2.944138
2.954543
2.964900
2.975524
2.985759
2.996242
3.006680
3.016999
3.027461
3.037848
3.048275
3.058413
3.069004
3.079188
3.089497
3.099831
3.110119
3.120342
3.130684
3.140907
3.151204
3.161558
3.171637
3.182069
3.192187
3.202440
3.212887
3.223068
3.233146
3.243567
3.253843
3.264066
3.274312
3.284651
3.294799
3.305183
3.315517
3.325479
3.335815
3.346004
3.356323
3.366608
3.376948
3.387155
3.397417
3.407577
3.417787
3.428037
3.438343
3.448476
3.458680
3.468963
3.479167
3.489390
3.499648
3.509928
3.519979
3.530295
3.540386
3.550569
3.560783
3.570913
3.581174
3.591322
3.601427
3.611830
3.621609
3.631807
3.642057
3.652040
3.662181
3.672404
3.682324
3.692531
3.702652
3.712608
3.722645
3.732756
3.742838
3.752839
3.762906
3.772835
3.782815
3.792899
3.802942
3.812778
3.822803
3.832804
3.842706
3.852722
3.862629
3.872499
3.882487
3.892371
3.902426
3.912217
3.922065
3.932102
3.941980
3.951873
3.961793
3.971731
3.981540
3.991433
4.001329
4.011174
4.021133
4.031080
4.040919
4.050845
4.060812
4.070661
4.080479
4.090450
4.100360
4.110227
4.120134
4.130090
4.140005
4.149877
4.159760
4.169701
4.179576
4.189481
4.199404
4.209324
4.219241
4.229170
4.239093
4.248926
4.258837
4.268826
4.278883
4.288603
4.298583
4.308538
4.318426
4.328349
4.338188
4.348098
4.358093
4.367929
4.377804
4.387743
4.397650
4.407513
4.417373
4.427237
4.437192
4.447028
4.457044
4.466886
4.476635
4.486456
4.496319
4.506326
4.515997
4.526034
4.535634
4.545622
4.555336
4.565154
4.574906
4.584745
4.594575
4.604297
4.614223
4.623912
4.633704
4.643411
4.653298
4.662963
4.672733
4.682602
4.692178
4.702053
4.711724
4.721578
4.731291
4.741004
4.750762
4.760482
4.770342
4.779986
4.789813
4.799565
4.809339
4.819094
4.828962
4.838544
4.848305
4.858102
4.867914
4.877717
4.887422
4.897141
4.906881
4.916783
4.926502
4.936275
4.946115
4.955770
4.965703
4.975476
4.985207
4.994902
5.004954
5.014559
5.024342
5.034219
5.043969
5.053724
5.063634
5.073192
5.083040
5.092891
5.102613
5.112353
5.122204
5.131924
5.141649
5.151434
5.161141
5.170894
5.180673
5.190356
5.200057
5.209914
5.219532
5.229125
5.238943
5.248614
5.258330
5.268044
5.277637
5.287377
5.296905
5.306695
5.316217
5.325897
5.335515
5.345060
5.354839
5.364313
5.373834
5.383476
5.392925
5.402627
5.412142
5.421567
5.431101
5.440679
5.450141
5.459630
5.469142
5.478531
5.488170
5.497622
5.507018
5.516524
5.526049
5.535520
5.544768
5.554430
5.563697
5.573297
5.582692
5.592127
5.601526
5.611065
5.620440
5.629982
5.639210
5.648758
5.658184
5.667544
5.677008
5.686299
5.695883
5.705174
5.714579
5.723980
5.733580
5.742760
5.752398
5.761551
5.771075
5.780555
5.789855
5.799158
5.808652
5.818003
5.827365
5.836812
5.846079
5.855433
5.864876
5.874208
5.883544
5.892841
5.902213
5.911558
5.920968
5.930256
5.939663
5.949008
5.958161
5.967407
5.976857
5.986006
5.995414
6.004687
6.013909
6.023107
6.032544
6.041667
6.050850
6.060168
6.069387
6.078567
6.087821
6.096956
6.106196
6.115382
6.124514
6.133655
6.142910
6.151973
6.161132
6.170300
6.179492
6.188528
6.197663
6.206756
6.215840
6.224957
6.234086
6.243065
6.252230
6.261245
6.270251
6.279345
0.005222
0.014231
0.023309
0.032250
0.041328
0.050400
0.059397
0.068412
0.077502
0.086475
0.095520
0.104586
0.113566
0.122596
0.131746
0.140653
0.149722
0.158758
0.167764
0.176773
0.185821
0.194834
0.203858
0.212915
0.221915
0.230903
0.239879
0.249008
0.257939
0.267056
0.276048
0.285027
0.294078
0.303051
0.312033
0.321024
0.330049
0.339076
0.347980
0.357121
0.366061
0.375031
0.384008
0.393062
0.402002
0.410936
0.419945
0.428790
0.437823
0.446805
0.455670
0.464619
0.473653
0.482533
0.491464
0.500293
0.509309
0.518195
0.527159
0.535994
0.544923
0.553812
0.562632
0.571501
0.580372
0.589243
0.598076
0.607013
0.615788
0.624597
0.633531
0.642244
0.651088
0.660004
0.668774
0.677531
0.686382
0.695127
0.703911
0.712714
0.721495
0.730217
0.739031
0.747768
0.756570
0.765349
0.774088
0.782750
0.791519
0.800223
0.808995
0.817827
0.826378
0.835181
0.844040
0.852744
0.861402
0.870255
0.878878
0.887690
0.896405
0.905177
0.913854
0.922653
0.931387
0.940114
0.948842
0.957534
0.966276
0.975207
0.983965
0.992471
1.001462
1.010015
1.018941
1.027632
1.036420
1.045114
1.053917
1.062629
1.071414
1.080225
1.088878
1.097704
1.106536
1.115246
1.124012
1.132800
1.141617
1.150249
1.159153
1.167743
1.176662
1.185393
1.194138
1.202809
1.211578
1.220402
1.229132
1.237940
1.246659
1.255339
1.264129
1.272856
1.281521
1.290329
1.299075
1.307725
1.316542
1.325201
1.333916
1.342659
1.351332
1.360060
1.368883
1.377458
1.386206
1.394943
1.403607
1.412260
1.421056
1.429667
1.438356
1.446984
1.455667
1.464287
1.473059
1.481607
1.490382
1.499026
1.507705
1.516454
1.525079
1.533615
1.542265
1.551001
1.559513
1.568196
1.576827
1.585417
1.594052
1.602659
1.611432
1.619959
1.628584
1.637186
1.645833
1.654542
1.663186
1.671793
1.680470
1.689212
1.697787
1.706494
1.715038
1.723919
1.732466
1.741098
1.749865
1.758493
1.767104
1.775807
1.784562
1.793119
1.801804
1.810535
1.819095
1.827792
1.836642
1.845196
1.853822
1.862603
1.871256
1.879992
1.888627
1.897277
1.906010
1.914771
1.923276
1.931974
1.940663
1.949321
1.958109
1.966668
1.975225
1.983935
1.992671
2.001338
2.009901
2.018587
2.027303
2.035781
2.044641
2.053039
2.061844
2.070404
2.078984
2.087667
2.096248
2.104822
2.113442
2.122071
2.130648
2.139115
2.147789
2.156325
2.164884
2.173540
2.181953
2.190611
2.199096
2.207587
2.216150
2.224659
2.233269
2.241658
2.250230
2.258655
2.267206
2.275702
2.284029
2.292576
2.301067
2.309489
2.317968
2.326375
2.334776
2.343225
2.351766
2.360086
2.368559
2.377026
2.385418
2.393816
2.402199
2.410648
2.419076
2.427513
2.435785
2.444318
2.452620
2.461122
2.469502
2.477891
2.486193
2.494681
2.503127
2.511519
2.519998
2.528264
2.536839
2.545093
2.553638
2.561931
2.570317
2.578679
2.586987
2.595454
2.603854
2.612279
2.620584
2.629060
2.637461
2.645811
2.654164
2.662523
2.670828
2.679274
2.687774
2.695920
2.704447
2.712725
2.721162
2.729491
2.737772
2.746134
2.754496
2.762789
2.771211
2.779555
2.787836
2.796183
2.804572
2.812769
2.821177
2.829425
2.837751
2.845978
2.854259
2.862501
2.870911
2.879090
2.887323
2.895602
2.903898
2.912158
2.920343
2.928675
2.936962
2.945180
2.953389
2.961569
2.969769
2.978020
2.986220
2.994345
3.002555
3.010758
3.018955
3.026961
3.035119
3.043439
3.051522
3.059552
3.067872
3.075814
3.084086
3.092083
3.100223
3.108285
3.116399
3.124581
3.132622
3.140733
3.148768
3.156819
3.164968
3.172985
3.181075
3.189134
3.197149
3.205259
3.213339
3.221330
3.229386
3.237511
3.245526
3.253546
3.261627
3.269665
3.277772
3.285784
3.293786
3.301819
3.309905
3.317959
3.326015
3.333999
3.342092
3.350103
3.358199
3.366168
3.374167
3.382221
3.390244
3.398196
3.406279
3.414291
3.422173
3.430398
3.438259
3.446274
3.454309
3.462285
3.470281
3.478523
3.486310
3.494372
3.502258
3.510335
3.518266
3.526256
3.534157
3.542105
3.550069
3.557987
3.565951
3.573920
3.581803
3.589719
3.597697
3.605550
3.613468
3.621414
3.629273
3.637146
3.645068
3.652876
3.660767
3.668713
3.676419
3.684325
3.692277
3.700042
3.707862
3.715763
3.723508
3.731318
3.739147
3.746961
3.754709
3.762591
3.770414
3.778054
3.785922
3.793591
3.801420
3.809141
3.816844
3.824517
3.832429
3.840126
3.847763
3.855562
3.863292
3.870955
3.878688
3.886298
3.894037
3.901704
3.909344
3.917026
3.924759
3.932366
3.940036
3.947717
3.955379
3.963036
3.970760
3.978406
3.986007
3.993686
4.001344
4.009014
4.016633
4.024255
4.032051
4.039693
4.047270
4.054851
4.062604
4.070208
4.077863
4.085455
4.093119
4.100849
4.108510
4.116135
4.123712
4.131457
4.139007
4.146760
4.154481
4.162044
4.169677
4.177212
4.184867
4.192594
4.200195
4.207847
4.215439
4.223052
4.230791
4.238380
4.246005
4.253621
4.261273
4.268976
4.276577
4.284153
4.291811
4.299464
4.307011
4.314669
4.322230
4.329858
4.337553
4.345099
4.352704
4.360322
4.367902
4.375473
4.383101
4.390676
4.398357
4.405832
4.413469
4.420975
4.428591
4.436033
4.443640
4.451262
4.458788
4.466314
4.473903
4.481417
4.488961
4.496499
4.504001
4.511563
4.519140
4.526574
4.534070
4.541605
4.549062
4.556582
4.564054
4.571511
4.579017
4.586474
4.593982
4.601433
4.608980
4.616261
4.623835
4.631232
4.638662
4.646062
4.653508
4.660890
4.668350
4.675795
4.683201
4.690584
4.698065
4.705378
4.712811
4.720295
4.727585
4.734946
4.742418
4.749780
4.757153
4.764491
4.771914
4.779300
4.786745
4.794091
4.801480
4.808874
4.816229
4.823645
4.831063
4.838520
4.845714
4.853147
4.860553
4.867962
4.875428
4.882748
4.890121
4.897548
4.904910
4.912328
4.919746
4.926970
4.934495
4.941824
4.949203
4.956576
4.963953
4.971206
4.978598
4.985986
4.993425
5.000765
5.008100
5.015425
5.022828
5.030250
5.037608
5.044987
5.052238
5.059602
5.067017
5.074334
5.081632
5.088966
5.096403
5.103566
5.111020
5.118351
5.125569
5.133005
5.140229
5.147575
5.154943
5.162223
5.169470
5.176769
5.184019
5.191362
5.198628
5.205875
5.213126
5.220376
5.227669
5.234883
5.242131
5.249384
5.256577
5.263816
5.271072
5.278236
5.285439
5.292671
5.299841
5.307010
5.314186
5.321370
5.328546
5.335703
5.342825
5.349917
5.357206
5.364262
5.371377
5.378526
5.385618
5.392793
5.399870
5.406941
5.414005
5.421094
5.428135
5.435205
5.442294
5.449299
5.456406
5.463438
5.470427
5.477516
5.484545
5.491513
5.498617
5.505574
5.512540
5.519557
5.526537
5.533497
5.540523
5.547528
5.554491
5.561468
5.568434
5.575340
5.582399
5.589317
5.596268
5.603302
5.610202
5.617246
5.624185
5.631004
5.638014
5.644938
5.651877
5.658759
5.665770
5.672616
5.679552
5.686518
5.693412
5.700284
5.707223
5.714174
5.721125
5.727941
5.734862
5.741807
5.748710
5.755589
5.762402
5.769359
5.776220
5.783104
5.790046
5.796877
5.803667
5.810627
5.817421
5.824228
5.831161
5.837977
5.844886
5.851741
5.858464
5.865394
5.872204
5.879068
5.885854
5.892622
5.899489
5.906293
5.913043
5.919889
5.926693
5.933480
5.940254
5.947058
5.953901
5.960663
5.967317
5.974151
5.980868
5.987621
5.994359
6.001070
6.007848
6.014610
6.021303
6.027978
6.034776
6.041377
6.048151
6.054841
6.061498
6.068230
6.074905
6.081506
6.088247
6.094916
6.101562
6.108126
6.114873
6.121389
6.128028
6.134665
6.141301
6.147886
6.154543
6.161093
6.167685
6.174312
6.180855
6.187438
6.194020
6.200557
6.207137
6.213731
6.220292
6.226830
6.233370
6.239872
6.246394
6.253051
6.259483
6.265964
6.272579
6.279042
0.002367
0.008835
0.015367
0.021856
0.028394
0.034859
0.041343
0.047832
0.054310
0.060808
0.067369
0.073769
0.080261
0.086712
0.093279
0.099712
0.106231
0.112667
0.119150
0.125586
0.132135
0.138538
0.145117
0.151490
0.158030
0.164466
0.170916
0.177385
0.183937
0.190211
0.196697
0.203264
0.209580
0.216124
0.222559
0.229037
0.235499
0.241896
0.248331
0.254818
0.261295
0.267662
0.274130
0.280557
0.286998
0.293374
0.299896
0.306284
0.312701
0.319197
0.325539
0.331993
0.338452
0.344816
0.351240
0.357681
0.364057
0.370468
0.376877
0.383241
0.389589
0.396061
0.402385
0.408710
0.415208
0.421647
0.427951
0.434290
0.440666
0.447006
0.453420
0.459715
0.466117
0.472478
0.478737
0.485184
0.491413
0.497849
0.504080
0.510492
0.516706
0.523066
0.529385
0.535737
0.541978
0.548350
0.554672
0.560910
0.567222
0.573499
0.579797
0.586083
0.592329
0.598657
0.604916
0.611136
0.617463
0.623650
0.629960
0.636135
0.642453
0.648616
0.654899
0.661146
0.667374
0.673486
0.679775
0.685968
0.692179
0.698402
0.704607
0.710814
0.717037
0.723149
0.729360
0.735598
0.741758
0.747929
0.754083
0.760273
0.766415
0.772572
0.778774
0.784799
0.791181
0.797203
0.803387
0.809510
0.815589
0.821797
0.827978
0.834063
0.840226
0.846407
0.852486
0.858640
0.864827
0.870909
0.877053
0.883234
0.889373
0.895509
0.901615
0.907778
0.913851
0.920020
0.926117
0.932328
0.938473
0.944519
0.950721
0.956865
0.962959
0.969032
0.975264
0.981355
0.987467
0.993660
0.999757
1.005905
1.012023
1.018111
1.024187
1.030428
1.036459
1.042631
1.048802
1.054881
1.060996
1.067111
1.073202
1.079341
1.085519
1.091592
1.097752
1.103849
1.109901
1.116019
1.122215
1.128198
1.134379
1.140623
1.146573
1.152775
1.158770
1.164968
1.170958
1.177222
1.183191
1.189285
1.195456
1.201407
1.207569
1.213660
1.219706
1.225818
1.231906
1.237985
1.244082
1.250239
1.256192
1.262406
1.268452
1.274501
1.280553
1.286525
1.292648
1.298712
1.304780
1.310793
1.316884
1.322894
1.328943
1.335010
1.340969
1.347006
1.353217
1.359059
1.365090
1.371250
1.377152
1.383162
1.389298
1.395146
1.401145
1.407278
1.413237
1.419175
1.425188
1.431198
1.437181
1.443191
1.449132
1.455068
1.461120
1.467097
1.473029
1.479000
1.484998
1.490865
1.496905
1.502762
1.508805
1.514731
1.520669
1.526664
1.532558
1.538466
1.544425
1.550390
1.556340
1.562258
1.568148
1.574050
1.580054
1.585917
1.591874
1.597791
1.603684
1.609631
1.615560
1.621496
1.627380
1.633207
1.639262
1.645066
1.651031
1.656915
1.662913
1.668797
1.674762
1.680626
1.686555
1.692439
1.698350
1.704256
1.710185
1.716042
1.722019
1.727913
1.733845
1.739696
1.745676
1.751560
1.757439
1.763368
1.769252
1.775163
1.781048
1.786983
1.792906
1.798790
1.804654
1.810538
1.816485
1.822390
1.828247
1.834165
1.840010
1.845969
1.851889
1.857744
1.863652
1.869569
1.875507
1.881397
1.887246
1.893064
1.898957
1.904866
1.910729
1.916640
1.922521
1.928322
1.934209
1.940129
1.946010
1.951874
1.957737
1.963627
1.969481
1.975270
1.981229
1.986993
1.992881
1.998678
2.004514
2.010402
2.016220
2.022059
2.027911
2.033732
2.039586
2.045408
2.051262
2.056984
2.062905
2.068654
2.074439
2.080264
2.086046
2.091843
2.097605
2.103345
2.109245
2.115024
2.120800
2.126541
2.132335
2.138093
2.143867
2.149685
2.155423
2.161124
2.166901
2.172626
2.178355
2.184122
2.189871
2.195615
2.201337
2.207069
2.212746
2.218487
2.224191
2.229902
2.235633
2.241299
2.246991
2.252747
2.258370
2.264051
2.269830
2.275355
2.281107
2.286740
2.292408
2.298047
2.303701
2.309324
2.315041
2.320658
2.326255
2.331878
2.337616
2.343147
2.348764
2.354445
2.360023
2.365671
2.371208
2.376903
2.382452
2.388052
2.393600
2.399263
2.404853
2.410423
2.415972
2.421658
2.427234
2.432849
2.438415
2.444012
2.449534
2.455166
2.460664
2.466330
2.471893
2.477487
2.482925
2.488557
2.494142
2.499768
2.505206
2.510848
2.516412
2.521942
2.527464
2.533073
2.538618
2.544146
2.549737
2.555288
2.560786
2.566332
2.571919
2.577393
2.583005
2.588527
2.594075
2.599510
2.605116
2.610659
2.616126
2.621783
2.627140
2.632689
2.638261
2.643750
2.649308
2.654841
2.660300
2.665834
2.671335
2.676787
2.682342
2.687807
2.693236
2.698787
2.704273
2.709762
2.715230
2.720755
2.726204
2.731633
2.737158
2.742581
2.748073
2.753531
2.758990
2.764467
2.769911
2.775271
2.780802
2.786257
2.791695
2.797130
2.802580
2.807961
2.813441
2.818905
2.824274
2.829706
2.835093
2.840480
2.845972
2.851323
2.856707
2.862103
2.867576
2.872915
2.878341
2.883656
2.889091
2.894439
2.899856
2.905189
2.910564
2.915936
2.921305
2.926733
2.932007
2.937334
2.942711
2.948014
2.953336
2.958617
2.964046
2.969367
2.974613
2.980114
2.985300
2.990606
2.995909
3.001221
3.006516
3.011782
3.017101
3.022338
3.027662
3.032875
3.038133
3.043448
3.048697
3.054000
3.059246
3.064486
3.069750
3.075005
3.080191
3.085497
3.090609
3.095885
3.101074
3.106341
3.111554
3.116770
3.121969
3.127182
3.132410
3.137581
3.142746
3.147923
3.153178
3.158329
3.163569
3.168680
3.173923
3.179121
3.184182
3.189416
3.194599
3.199788
3.204932
3.210068
3.215233
3.220425
3.225608
3.230725
3.235905
3.241146
3.246242
3.251419
3.256593
3.261683
3.266825
3.272035
3.277089
3.282294
3.287411
3.292516
3.297690
3.302822
3.307937
3.313042
3.318276
3.323321
3.328412
3.333589
3.338646
3.343749
3.348893
3.353956
3.359020
3.364161
3.369224
3.374368
3.379405
3.384561
3.389687
3.394750
3.399799
3.404901
3.409961
3.415004
3.420127
3.425181
3.430197
3.435227
3.440344
3.445375
3.450420
3.455409
3.460463
3.465472
3.470554
3.475536
3.480555
3.485606
3.490564
3.495672
3.500664
3.505628
3.510623
3.515644
3.520633
3.525573
3.530601
3.535553
3.540533
3.545551
3.550473
3.555459
3.560450
3.565370
3.570355
3.575281
3.580164
3.585126
3.590066
3.595040
3.599905
3.604834
3.609723
3.614601
3.619550
3.624374
3.629321
3.634213
3.639100
3.643947
3.648804
3.653723
3.658559
3.663425
3.668278
3.673102
3.677965
3.682776
3.687624
3.692454
3.697262
3.702080
3.706882
3.711694
3.716449
3.721261
3.726069
3.730833
3.735627
3.740376
3.745139
3.749915
3.754673
3.759430
3.764161
3.768883
3.773632
3.778350
3.783051
3.787779
3.792555
3.797238
3.801989
3.806648
3.811322
3.816029
3.820772
3.825460
3.830077
3.834796
3.839455
3.844180
3.848779
3.853444
3.858097
3.862809
3.867426
3.872094
3.876756
3.881370
3.886074
3.890702
3.895308
3.899912
3.904643
3.909125
3.913829
3.918422
3.923015
3.927620
3.932219
3.936842
3.941435
3.946115
3.950612
3.955193
3.959834
3.964427
3.968992
3.973571
3.978179
3.982735
3.987286
3.991888
3.996418
4.000984
4.005508
4.010096
4.014703
4.019212
4.023772
4.028336
4.032845
4.037405
4.041974
4.046474
4.051073
4.055582
4.060081
4.064603
4.069229
4.073630
4.078184
4.082675
4.087181
4.091681
4.096181
4.100669
4.105220
4.109681
4.114220
4.118639
4.123160
4.127637
4.132116
4.136610
4.141089
4.145598
4.150056
4.154451
4.159018
4.163455
4.167892
4.172350
4.176844
4.181302
4.185715
4.190165
4.194718
4.199120
4.203656
4.207955
4.212437
4.216934
4.221323
4.225725
4.230174
4.234620
4.239078
4.243446
4.247901
4.252264
4.256797
4.261141
4.265524
4.270030
4.274428
4.278758
4.283147
4.287629
4.292016
4.296303
4.300677
4.305102
4.309533
4.313850
4.318189
4.322635
4.326994
4.331354
4.335662
4.340099
4.344401
4.348742
4.353057
4.357500
4.361850
4.366144
4.370446
4.374775
4.379111
4.383461
4.387739
4.392003
4.396365
4.400733
4.404996
4.409290
4.413553
4.417886
4.422152
4.426425
4.430679
4.434951
4.439248
4.443448
4.447696
4.452005
4.456274
4.460523
4.464714
4.468954
4.473196
4.477498
4.481615
4.485914
4.490153
4.494318
4.498521
4.502749
4.506943
4.511126
4.515350
4.519533
4.523725
4.527883
4.532080
4.536224
4.540412
4.544550
4.548727
4.552927
4.557037
4.561190
4.565307
4.569540
4.573615
4.577719
4.581848
4.585964
4.590057
4.594152
4.598281
4.602368
4.606478
4.610577
4.614694
4.618783
4.622941
4.626954
4.630977
4.635091
4.639135
4.643249
4.647305
4.651278
4.655326
4.659398
4.663418
4.667445
4.671508
4.675480
4.679501
4.683570
4.687576
4.691536
4.695542
4.699563
4.703551
4.707628
4.711520
4.715469
4.719424
4.723454
4.727390
4.731384
4.735369
4.739315
4.743314
4.747233
4.751197
4.755167
4.759137
4.763085
4.767019
4.770959
4.774965
4.778890
4.782802
4.786691
4.790730
4.794556
4.798562
4.802465
4.806366
4.810273
4.814222
4.818120
4.822053
4.825991
4.829882
4.833753
4.837678
4.841537
4.845426
4.849345
4.853216
4.857101
4.860954
4.864843
4.868711
4.872582
4.876417
4.880273
4.884150
4.887994
4.891859
4.895766
4.899570
4.903402
4.907247
4.911043
4.914830
4.918715
4.922529
4.926337
4.930169
4.933965
4.937794
4.941608
4.945371
4.949158
4.952978
4.956769
4.960540
4.964366
4.968135
4.971910
4.975688
4.979427
4.983280
4.986999
4.990746
4.994489
4.998243
5.002038
5.005781
5.009496
5.013157
5.016911
5.020665
5.024356
5.028101
5.031793
5.035469
5.039169
5.042923
5.046608
5.050311
5.054050
5.057708
5.061373
5.065070
5.068725
5.072440
5.076128
5.079768
5.083489
5.087172
5.090812
5.094449
5.098107
5.101753
5.105397
5.109073
5.112665
5.116293
5.119936
5.123556
5.127151
5.130821
5.134342
5.137964
5.141628
5.145205
5.148779
5.152483
5.155982
5.159664
5.163241
5.166774
5.170372
5.173907
5.177533
5.181071
5.184639
5.188217
5.191797
5.195368
5.198862
5.202403
5.205926
5.209414
5.212976
5.216536
5.220035
5.223465
5.227015
5.230494
5.233966
5.237481
5.240962
5.244462
5.247931
5.251394
5.254864
5.258381
5.261797
5.265239
5.268688
5.272124
5.275597
5.278982
5.282416
5.285804
5.289244
5.292665
5.296027
5.299424
5.302768
5.306225
5.309566
5.312957
5.316304
5.319677
5.322991
5.326371
5.329765
5.333133
5.336471
5.339796
5.343155
5.346396
5.349755
5.353056
5.356328
5.359687
5.362899
5.366260
5.369583
5.372825
5.376099
5.379395
5.382625
5.385926
5.389159
5.392383
5.395660
5.398926
5.402159
5.405407
5.408628
5.411854
5.415081
5.418287
5.421490
5.424713
5.427976
5.431107
5.434298
5.437477
5.440640
5.443843
5.447025
5.450174
5.453335
5.456481
5.459630
5.462808
5.465993
5.469127
5.472267
5.475395
5.478535
5.481680
5.484820
5.487957
5.491064
5.494189
5.497323
5.500415
5.503575
5.506610
5.509694
5.512800
5.515865
5.519005
5.522112
5.525171
5.528197
5.531277
5.534315
5.537407
5.540520
5.543552
5.546521
5.549592
5.552624
5.555689
5.558787
5.561792
5.564812
5.567814
5.570864
5.573878
5.576919
5.579927
5.582923
5.585958
5.588918
5.591878
5.594898
5.597867
5.600861
5.603866
5.606796
5.609792
5.612791
5.615739
5.618714
5.621656
5.624607
5.627555
5.630525
5.633475
5.636405
5.639351
5.642227
5.645160
5.648046
5.651014
5.653861
5.656839
5.659655
5.662582
5.665443
5.668383
5.671268
5.674213
5.677020
5.679941
5.682745
5.685610
5.688519
5.691356
5.694218
5.697112
5.699922
5.702735
5.705594
5.708431
5.711271
5.714087
5.716958
5.719753
5.722590
5.725407
5.728205
5.731057
5.733864
5.736630
5.739419
5.742193
5.744995
5.747841
5.750603
5.753381
5.756170
5.758933
5.761722
5.764499
5.767255
5.770027
5.772789
5.775527
5.778269
5.781016
5.783767
5.786532
5.789310
5.792000
5.794717
5.797473
5.800173
5.802915
5.805692
5.808364
5.811153
5.813859
5.816567
5.819270
5.822014
5.824678
5.827401
5.830083
5.832767
5.835464
5.838163
5.840857
5.843583
5.846262
5.848883
5.851562
5.854264
5.856913
5.859588
5.862302
5.864948
5.867593
5.870242
5.872888
5.875512
5.878184
5.880824
5.883487
5.886115
5.888700
5.891325
5.893977
5.896622
5.899265
5.901874
5.904466
5.907090
5.909694
5.912273
5.914895
5.917508
5.920105
5.922706
5.925282
5.927841
5.930394
5.933003
5.935577
5.938159
5.940751
5.943289
5.945838
5.948397
5.950935
5.953484
5.956034
5.958566
5.961091
5.963593
5.966094
5.968608
5.971152
5.973701
5.976173
5.978693
5.981210
5.983706
5.986198
5.988658
5.991168
5.993680
5.996121
5.998602
6.001053
6.003486
6.005951
6.008414
6.010868
6.013312
6.015775
6.018190
6.020629
6.023071
6.025450
6.027906
6.030345
6.032745
6.035160
6.037575
6.039989
6.042371
6.044753
6.047141
6.049547
6.051965
6.054307
6.056689
6.059032
6.061417
6.063793
6.066178
6.068536
6.070909
6.073264
6.075610
6.077952
6.080283
6.082647
6.084954
6.087318
6.089631
6.091980
6.094311
6.096600
6.098898
6.101226
6.103548
6.105875
6.108180
6.110493
6.112809
6.115086
6.117435
6.119718
6.122001
6.124266
6.126554
6.128850
6.131117
6.133407
6.135668
6.137934
6.140216
6.142515
6.144771
6.147048
6.149303
6.151545
6.153780
6.156027
6.158256
6.160515
6.162765
6.165006
6.167235
6.169482
6.171711
6.173901
6.176124
6.178360
6.180624
6.182829
6.185047
6.187261
6.189463
6.191680
6.193852
6.196081
6.198253
6.200476
6.202690
6.204856
6.207095
6.209270
6.211454
6.213641
6.215864
6.217982
6.220187
6.222347
6.224537
6.226668
6.228861
6.230994
6.233166
6.235332
6.237474
6.239638
6.241774
6.243937
6.246064
6.248240
6.250372
6.252521
6.254657
6.256778
6.258965
6.261089
6.263172
6.265314
6.267435
6.269526
6.271654
6.273766
6.275872
6.277960
6.280085
6.282212
0.001070
0.003176
0.005264
0.007361
0.009462
0.011577
0.013635
0.015738
0.017815
0.019900
0.021955
0.024016
0.026081
0.028166
0.030218
0.032271
0.034323
0.036348
0.038412
0.040516
0.042520
0.044584
0.046646
0.048668
0.050714
0.052725
0.054774
0.056757
0.058783
0.060799
0.062797
0.064862
0.066890
0.068897
0.070926
0.072930
0.074916
0.076933
0.078919
0.080908
0.082904
0.084929
0.086883
0.088929
0.090900
0.092896
0.094867
0.096800
0.098777
0.100763
0.102750
0.104709
0.106708
0.108679
0.110638
0.112652
0.114542
0.116532
0.118446
0.120403
0.122359
0.124309
0.126248
0.128201
0.130188
0.132102
0.134026
0.135979
0.137876
0.139850
0.141716
0.143700
0.145593
0.147550
0.149434
0.151373
0.153254
0.155148
0.157104
0.158998
0.160876
0.162767
0.164660
0.166572
0.168450
0.170371
0.172240
0.174140
0.176051
0.177915
0.179826
0.181699
0.183580
0.185447
0.187307
0.189162
0.191056
0.192883
0.194762
0.196637
0.198477
0.200331
0.202225
0.204085
0.205931
0.207794
0.209577
0.211405
0.213244
0.215069
0.216890
0.218754
0.220579
0.222421
0.224261
0.226088
0.227856
0.229708
0.231484
0.233294
0.235122
0.236955
0.238747
0.240607
0.242378
0.244176
0.245946
0.247744
0.249542
0.251339
0.253098
0.254869
0.256663
0.258437
0.260210
0.262023
0.263764
0.265558
0.267344
0.269079
0.270867
0.272647
0.274394
0.276143
0.277902
0.279610
0.281360
0.283139
0.284877
0.286624
0.288358
0.290099
0.291867
0.293620
0.295342
0.297056
0.298761
0.300456
0.302191
0.303893
0.305607
0.307329
0.309058
0.310754
0.312474
0.314196
0.315904
0.317597
0.319278
0.320988
0.322624
0.324341
0.325992
0.327718
0.329395
0.331043
0.332721
0.334432
0.336104
0.337763
0.339450
0.341134
0.342767
0.344427
0.346062
0.347713
0.349355
0.351006
0.352654
0.354317
0.355919
0.357573
0.359224
0.360887
0.362532
0.364156
0.365762
0.367370
0.368985
0.370588
0.372191
0.373851
0.375451
0.377075
0.378678
0.380274
0.381868
0.383474
0.385080
0.386722
0.388304
0.389856
0.391462
0.393020
0.394584
0.396160
0.397729
0.399314
0.400890
0.402475
0.404045
0.405624
0.407212
0.408785
0.410343
0.411886
0.413399
0.414924
0.416464
0.418001
0.419532
0.421096
0.422624
0.424167
0.425719
0.427256
0.428805
0.430345
0.431867
0.433371
0.434893
0.436388
0.437877
0.439402
0.440894
0.442425
0.443914
0.445424
0.446916
0.448432
0.449909
0.451413
0.452953
0.454427
0.455919
0.457369
0.458831
0.460320
0.461791
0.463265
0.464712
0.466204
0.467624
0.469119
0.470588
0.472038
0.473491
0.474959
0.476430
0.477877
0.479315
0.480750
0.482185
0.483644
0.485050
0.486518
0.487899
0.489316
0.490745
0.492171
0.493579
0.495029
0.496455
0.497879
0.499290
0.500692
0.502085
0.503508
0.504895
0.506283
0.507673
0.509075
0.510444
0.511828
0.513212
0.514591
0.515975
0.517365
0.518743
0.520139
0.521515
0.522893
0.524292
0.525631
0.526967
0.528307
0.529676
0.531012
0.532360
0.533741
0.535045
0.536387
0.537735
0.539068
0.540420
0.541774
0.543095
0.544431
0.545771
0.547101
0.548407
0.549731
0.551029
0.552344
0.553662
0.554968
0.556269
0.557548
0.558842
0.560149
0.561428
0.562704
0.564014
0.565338
0.566638
0.567917
0.569215
0.570503
0.571755
0.573014
0.574269
0.575518
0.576807
0.578029
0.579287
0.580561
0.581801
0.583054
0.584309
0.585552
0.586808
0.588078
0.589336
0.590577
0.591835
0.593063
0.594265
0.595469
0.596701
0.597911
0.599121
0.600362
0.601560
0.602771
0.603996
0.605176
0.606396
0.607588
0.608802
0.610033
0.611216
0.612451
0.613640
0.614839
0.616013
0.617173
0.618329
0.619489
0.620663
0.621837
0.623012
0.624180
0.625352
0.626505
0.627686
0.628824
0.629981
0.631140
0.632300
0.633459
0.634616
0.635766
0.636938
0.638058
0.639176
0.640302
0.641399
0.642504
0.643652
0.644766
0.645890
0.647031
0.648152
0.649269
0.650378
0.651468
0.652562
0.653671
0.654776
0.655879
0.656999
0.658105
0.659222
0.660307
0.661403
0.662452
0.663510
0.664597
0.665682
0.666766
0.667824
0.668885
0.669972
0.671042
0.672087
0.673124
0.674167
0.675224
0.676291
0.677327
0.678385
0.679482
0.680545
0.681594
0.682666
0.683706
0.684719
0.685725
0.686762
0.687787
0.688811
0.689833
0.690858
0.691888
0.692889
0.693899
0.694902
0.695891
0.696898
0.697910
0.698887
0.699918
0.700939
0.701946
0.702983
0.704001
0.704975
0.705976
0.706946
0.707917
0.708858
0.709859
0.710805
0.711800
0.712783
0.713732
0.714685
0.715644
0.716615
0.717543
0.718502
0.719449
0.720399
0.721351
0.722304
0.723266
0.724231
0.725171
0.726145
0.727086
0.728018
0.728952
0.729884
0.730783
0.731712
0.732638
0.733545
0.734465
0.735394
0.736296
0.737192
0.738090
0.738983
0.739876
0.740769
0.741650
0.742528
0.743417
0.744340
0.745236
0.746117
0.747031
0.747929
0.748840
0.749724
0.750617
0.751501
0.752355
0.753212
0.754047
0.754886
0.755734
0.756582
0.757418
0.758266
0.759132
0.759950
0.760780
0.761636
0.762472
0.763287
0.764114
0.764929
0.765762
0.766604
0.767437
0.768276
0.769145
0.769977
0.770801
0.771631
0.772467
0.773282
0.774061
0.774837
0.775613
0.776410
0.777186
0.777977
0.778759
0.779532
0.780308
0.781075
0.781833
0.782585
0.783340
0.784095
0.784856
0.785620
0.786366
0.787109
0.787882
0.788655
0.789425
0.790210
0.790980
0.791747
0.792520
0.793287
0.794039
0.794806
0.795555
0.796274
0.796987
0.797685
0.798386
0.799099
0.799818
0.800543
0.801259
0.801960
0.802646
0.803360
0.804040
0.804732
0.805412
0.806074
0.806748
0.807434
0.808105
0.808770
0.809453
0.810134
0.810823
0.811530
0.812213
0.812905
0.813603
0.814301
0.814987
0.815664
0.816338
0.817016
0.817675
0.818337
0.818990
0.819616
0.820224
0.820868
0.821507
0.822148
0.822786
0.823433
0.824041
0.824658
0.825258
0.825854
0.826456
0.827067
0.827661
0.828245
0.828847
0.829443
0.830045
0.830660
0.831247
0.831831
0.832427
0.833014
0.833596
0.834186
0.834788
0.835384
0.835978
0.836598
0.837191
0.837784
0.838380
0.838974
0.839585
0.840154
0.840735
0.841293
0.841832
0.842365
0.842916
0.843468
0.843998
0.844543
0.845086
0.845601
0.846116
0.846599
0.847099
0.847629
0.848142
0.848645
0.849157
0.849661
0.850161
0.850640
0.851144
0.851653
0.852180
0.852657
0.853136
0.853603
0.854065
0.854514
0.854982
0.855455
0.855922
0.856396
0.856866
0.857363
0.857861
0.858352
0.858861
0.859377
0.859871
0.860359
0.860857
0.861330
0.861810
0.862292
0.862759
0.863227
0.863682
0.864123
0.864548
0.864967
0.865381
0.865803
0.866235
0.866660
0.867077
0.867463
0.867856
0.868251
0.868629
0.869006
0.869399
0.869791
0.870172
0.870552
0.870921
0.871289
0.871664
0.872032
0.872380
0.872745
0.873114
0.873482
0.873845
0.874213
0.874570
0.874917
0.875271
0.875618
0.875927
0.876230
0.876553
0.876871
0.877209
0.877527
0.877841
0.878150
0.878465
0.878794
0.879118
0.879453
0.879804
0.880151
0.880496
0.880844
0.881188
0.881527
0.881883
0.882234
0.882596
0.882953
0.883303
0.883657
0.884019
0.884364
0.884702
0.885020
0.885353
0.885670
0.885973
0.886245
0.886530
0.886812
0.887084
0.887351
0.887600
0.887851
0.888103
0.888349
0.888585
0.888804
0.889044
0.889262
0.889478
0.889688
0.889886
0.890080
0.890275
0.890476
0.890671
0.890853
0.891048
0.891243
0.891435
0.891623
0.891806
0.891992
0.892178
0.892369
0.892555
0.892729
0.892906
0.893094
0.893274
0.893451
0.893613
0.893777
0.893942
0.894113
0.894266
0.894413
0.894571
0.894721
0.894868
0.895018
0.895159
0.895294
0.895437
0.895581
0.895713
0.895845
0.895980
0.896105
0.896237
0.896360
0.896474
0.896585
0.896699
0.896821
0.896926
0.897031
0.897139
0.897235
0.897319
0.897385
0.897451
0.897517
0.897591
0.897654
0.897705
0.897741
0.897768
0.897795
0.897816
0.897834
0.897858
0.897867
0.897888
0.897909
0.897915
0.897915
0.897915
0.897915
0.897915
0.897915
0.897915
0.897915
0.897915
0.897915
0.897915
0.897915
0.897915
0.897915
0.897885
0.897834
0.897771
0.897693
0.897630
0.897582
0.897523
0.897454
0.897388
0.897310
0.897235
0.897160
0.897076
0.896998
0.896932
0.896866
0.896789
0.896714
0.896657
0.896594
0.896531
0.896465
0.896399
0.896327
0.896273
0.896216
0.896162
0.896105
0.896057
0.896010
0.895968
0.895929
0.895884
0.895845
0.895821
0.895809
0.895788
0.895761
0.895752
0.895737
0.895722
0.895713
0.895698
0.895677
0.895668
0.895668
0.895668
0.895665
0.895665
0.895665
0.895665
0.895665
0.895665
0.895665
0.895665
0.895665
0.895665
0.895665
0.895665
0.895665
0.895665
0.895665
0.895665
0.895665
0.895665
0.895665
0.895665
0.895665
0.895704
0.895746
0.895779
0.895809
0.895830
0.895848
0.895884
0.895908
0.895926
0.895938
0.895965
0.895986
0.896013
0.896034
0.896048
0.896057
0.896078
0.896108
0.896126
0.896135
0.896156
0.896171
0.896183
0.896192
0.896192
0.896192
0.896192
0.896192
0.896192
0.896192
0.896192
0.896192
0.896192
0.896192
0.896195
0.896195
0.896195
0.896195
0.896195
0.896195
0.896195
0.896195
0.896195
0.896195
0.896195
0.896195
0.896195
0.896195
0.896195
0.896195
0.896195
0.896195
0.896195
0.896195
0.896195
0.896195
0.896195
0.896195
0.896195
0.896195
0.896195
0.896195
0.896195
0.896195
0.896195
0.896195
0.896195
0.896195
0.896195
0.896195
0.896195
0.896195
0.896195
0.896195
0.896195
0.896195
0.896195
0.896195
0.896195
0.896195
0.896195
0.896195
0.896195
0.896195
0.896195
0.896195
0.896195
0.896195
0.896195
0.896195
0.896195
0.896195
0.896195
0.896195
0.896195
0.896195
0.896195
0.896195
0.896195
0.896195
0.896195
0.896195
0.896195
0.896195
0.896195
0.896195
0.896195
0.896195
0.896195
0.896195
0.896195
0.896195
0.896195
0.896195
0.896195
0.896195
0.896195
0.896195
0.896195
0.896195
0.896195
0.896195
0.896195
0.896195
0.896195
0.896195
0.896195
0.896195
0.896195
0.896195
0.896195
0.896195
0.896195
0.896195