4.136598
4.136598
4.136598
4.136598
4.136598
4.136598
4.136598
4.136598
4.136598
4.136598
4.136598
4.136691
4.136958
4.137341
4.137799
4.138294
4.138968
4.139741
4.140613
4.141589
4.142710
4.143938
4.145187
4.146428
4.147830
4.149361
4.150958
4.152603
4.154487
4.156480
4.158529
4.160617
4.162810
4.165174
4.167649
4.170190
4.172805
4.175582
4.178396
4.181371
4.184451
4.187675
4.190917
4.194311
4.197735
4.201366
4.205115
4.208911
4.212821
4.216916
4.221036
4.225263
4.229610
4.234210
4.238742
4.243374
4.248111
4.253019
4.258025
4.263011
4.268137
4.273473
4.278890
4.284375
4.289918
4.295617
4.301459
4.307349
4.313248
4.319390
4.325796
4.332025
4.338445
4.344983
4.351718
4.358525
4.365392
4.372387
4.379476
4.386765
4.393893
4.401395
4.408796
4.416558
4.424156
4.432012
4.439946
4.447954
4.456097
4.464406
4.472674
4.481138
4.489620
4.498435
4.507069
4.516114
4.525012
4.534174
4.543322
4.552624
4.561996
4.571476
4.581090
4.590875
4.600681
4.610553
4.620497
4.630336
4.640241
4.650233
4.660168
4.670228
4.680154
4.690101
4.700093
4.710109
4.720197
4.730099
4.740192
4.750223
4.760239
4.770273
4.780301
4.790445
4.800536
4.810492
4.820633
4.830754
4.840680
4.851014
4.860984
4.871006
4.881019
4.891337
4.901476
4.911342
4.921571
4.931847
4.941827
4.951983
4.962014
4.972174
4.982289
4.992343
5.002476
5.012597
5.022484
5.032829
5.042836
5.052813
5.062891
5.073009
5.083022
5.093098
5.103245
5.113231
5.123370
5.133416
5.143525
5.153519
5.163562
5.173557
5.183606
5.193606
5.203757
5.213740
5.223708
5.233673
5.243703
5.253845
5.263612
5.273703
5.283587
5.293546
5.303469
5.313395
5.323345
5.333211
5.343161
5.353027
5.362965
5.372786
5.382604
5.392410
5.402261
5.412229
5.421939
5.431727
5.441416
5.451423
5.461122
5.470840
5.480641
5.490387
5.500043
5.509876
5.519667
5.529419
5.539085
5.548954
5.558553
5.568285
5.578010
5.587828
5.597454
5.607188
5.616871
5.626675
5.636379
5.646047
5.655805
5.665401
5.675151
5.684906
5.694520
5.704204
5.714027
5.723687
5.733439
5.743122
5.752853
5.762576
5.772154
5.781828
5.791400
5.801237
5.810797
5.820501
5.830259
5.839826
5.849479
5.859118
5.868675
5.878284
5.888011
5.897497
5.907195
5.916798
5.926415
5.935946
5.945566
5.955171
5.964612
5.974283
5.983754
5.993484
6.002913
6.012620
6.022040
6.031600
6.041104
6.050560
6.060192
6.069722
6.079037
6.088543
6.097981
6.107350
6.116994
6.126414
6.135702
6.145223
6.154589
6.164053
6.173446
6.182782
6.192150
6.201540
6.210794
6.220166
6.229565
6.238904
6.248269
6.257692
6.266932
6.276198
0.002340
0.011649
0.021158
0.030248
0.039653
0.048794
0.058243
0.067348
0.076771
0.086110
0.095248
0.104646
0.114024
0.123141
0.132429
0.141689
0.151088
0.160202
0.169619
0.178826
0.188122
0.197434
0.206677
0.215941
0.225297
0.234561
0.243666
0.252981
0.262365
0.271643
0.280913
0.290087
0.299348
0.308717
0.317843
0.327008
0.336469
0.345640
0.354910
0.364120
0.373378
0.382584
0.391974
0.400974
0.410280
0.419520
0.428781
0.437928
0.447266
0.456248
0.465617
0.474692
0.483905
0.493187
0.502262
0.511535
0.520592
0.529841
0.538919
0.548173
0.557344
0.566363
0.575560
0.584725
0.593734
0.602816
0.611989
0.621058
0.630137
0.639307
0.648335
0.657434
0.666503
0.675536
0.684620
0.693659
0.702665
0.711767
0.720809
0.729839
0.738771
0.747840
0.756828
0.765858
0.774918
0.783855
0.792879
0.801987
0.810880
0.819919
0.828943
0.837910
0.846835
0.855928
0.864848
0.873791
0.882833
0.891746
0.900782
0.909812
0.918902
0.927852
0.936984
0.946005
0.954921
0.964008
0.972951
0.982038
0.991026
1.000030
1.008982
1.017991
1.027123
1.035973
1.045090
1.053998
1.063184
1.072160
1.081187
1.090025
1.099163
1.108166
1.117178
1.126227
1.135224
1.144350
1.153341
1.162173
1.171413
1.180338
1.189330
1.198258
1.207375
1.216369
1.225456
1.234330
1.243372
1.252328
1.261418
1.270394
1.279436
1.288400
1.297370
1.306304
1.315529
1.324401
1.333305
1.342305
1.351254
1.360275
1.369153
1.378189
1.387141
1.396123
1.405051
1.413962
1.422989
1.431686
1.440857
1.449696
1.458450
1.467495
1.476516
1.485349
1.494256
1.503118
1.512044
1.520954
1.529882
1.538762
1.547697
1.556499
1.565445
1.574299
1.583161
1.592023
1.600922
1.609814
1.618688
1.627563
1.636476
1.645380
1.654251
1.663228
1.672057
1.680970
1.689848
1.698908
1.707656
1.716524
1.725405
1.734393
1.743297
1.752357
1.761088
1.770277
1.779025
1.787959
1.796870
1.805909
1.814807
1.823687
1.832649
1.841586
1.850511
1.859604
1.868413
1.877413
1.886287
1.895398
1.904117
1.913117
1.922033
1.931084
1.939952
1.948869
1.957848
1.966671
1.975695
1.984492
1.993438
2.002384
2.011328
2.020181
2.029139
2.038022
2.046906
2.055774
2.064714
2.073568
2.082481
2.091289
2.100259
2.109074
2.118050
2.126864
2.135712
2.144541
2.153272
2.162179
2.171026
2.179751
2.188577
2.197541
2.206272
2.215107
2.223844
2.232526
2.241446
2.250212
2.258993
2.267751
2.276502
2.285182
2.293948
2.302655
2.311332
2.320113
2.328810
2.337451
2.346239
2.354906
2.363493
2.372319
2.380978
2.389690
2.398313
2.407017
2.415663
2.424295
2.433061
2.441711
2.450420
2.459037
2.467711
2.476549
2.485115
2.493737
2.502438
2.511055
2.519704
2.528444
2.537069
2.545776
2.554444
2.563066
2.571725
2.580407
2.589090
2.597769
2.606422
2.615048
2.623760
2.632431
2.640940
2.649616
2.658308
2.666867
2.675577
2.684248
2.692810
2.701442
2.710089
2.718744
2.727352
2.735885
2.744573
2.753172
2.761756
2.770387
2.779019
2.787549
2.796108
2.804713
2.813312
2.821895
2.830404
2.839021
2.847584
2.856071
2.864706
2.873155
2.881688
2.890277
2.898762
2.907253
2.915807
2.924295
2.932738
2.941372
2.949764
2.958291
2.966749
2.975246
2.983620
2.992038
3.000445
3.009032
3.017340
3.025792
3.034253
3.042696
3.051070
3.059483
3.067986
3.076189
3.084605
3.092961
3.101356
3.109676
3.118032
3.126361
3.134717
3.143103
3.151366
3.159614
3.167976
3.176254
3.184577
3.192918
3.201274
3.209585
3.218019
3.226378
3.234548
3.242904
3.251188
3.259493
3.267903
3.276101
3.284358
3.292870
3.301040
3.309348
3.317734
3.325985
3.334206
3.342565
3.350891
3.359226
3.367438
3.375752
3.384016
3.392372
3.400602
3.408949
3.417155
3.425433
3.433660
3.441971
3.450231
3.458572
3.466782
3.475033
3.483335
3.491523
3.499783
3.507983
3.516273
3.524435
3.532713
3.540970
3.549047
3.557304
3.565675
3.573747
3.581992
3.590153
3.598380
3.606548
3.614787
3.622870
3.631052
3.639253
3.647327
3.655500
3.663584
3.671715
3.679876
3.687992
3.696040
3.704201
3.712263
3.720371
3.728409
3.736508
3.744543
3.752566
3.760662
3.768652
3.776754
3.784756
3.792798
3.800791
3.808850
3.816745
3.824789
3.832825
3.840851
3.848749
3.856781
3.864721
3.872654
3.880834
3.888557
3.896512
3.904500
3.912331
3.920382
3.928354
3.936195
3.944209
3.952140
3.960058
3.967920
3.975931
3.983748
3.991637
3.999630
4.007513
4.015438
4.023362
4.031167
4.039202
4.046974
4.054923
4.062856
4.070819
4.078591
4.086638
4.094425
4.102422
4.110266
4.118190
4.126004
4.133907
4.141907
4.149730
4.157606
4.165537
4.173389
4.181284
4.189292
4.197109
4.205019
4.212919
4.220799
4.228756
4.236690
4.244471
4.252417
4.260356
4.268164
4.276091
4.284142
4.291872
4.299733
4.307601
4.315463
4.323366
4.331306
4.339116
4.347032
4.354953
4.362791
4.370557
4.378544
4.386316
4.394169
4.401974
4.409791
4.417712
4.425559
4.433289
4.441207
4.449008
4.456789
4.464570
4.472513
4.480159
4.487988
4.495840
4.503672
4.511327
4.519149
4.526834
4.534693
4.542483
4.550102
4.557981
4.565690
4.573525
4.581222
4.589024
4.596759
4.604381
4.612285
4.619823
4.627619
4.635324
4.643009
4.650715
4.658448
4.666106
4.673818
4.681469
4.689104
4.696830
4.704479
4.712107
4.719780
4.727459
4.735096
4.742709
4.750508
4.758142
4.765749
4.773497
4.781160
4.788746
4.796470
4.804104
4.811654
4.819408
4.827120
4.834793
4.842424
4.850169
4.857794
4.865460
4.873097
4.880674
4.888392
4.896089
4.903780
4.911390
4.919015
4.926700
4.934397
4.941932
4.949641
4.957283
4.964837
4.972558
4.980221
4.987765
4.995543
5.003084
5.010733
5.018427
5.026085
5.033644
5.041299
5.048999
5.056513
5.064332
5.071823
5.079364
5.087007
5.094689
5.102221
5.109810
5.117519
5.125084
5.132592
5.140130
5.147809
5.155323
5.162978
5.170534
5.178141
5.185676
5.193160
5.200800
5.208290
5.215804
5.223403
5.230910
5.238407
5.246070
5.253366
5.260865
5.268436
5.275932
5.283374
5.290862
5.298268
5.305779
5.313203
5.320663
5.328024
5.335587
5.342900
5.350300
5.357700
5.365185
5.372423
5.379916
5.387263
5.394561
5.402078
5.409260
5.416681
5.424054
5.431359
5.438675
5.446051
5.453338
5.460741
5.468006
5.475290
5.482528
5.489848
5.497251
5.504420
5.511713
5.518831
5.526172
5.533575
5.540679
5.548091
5.555147
5.562496
5.569663
5.576928
5.584260
5.591441
5.598694
5.605798
5.613016
5.620422
5.627507
5.634677
5.641915
5.649148
5.656425
5.663631
5.670830
5.677988
5.685205
5.692258
5.699530
5.706750
5.713959
5.721026
5.728346
5.735377
5.742694
5.749813
5.756943
5.764119
5.771333
5.778461
5.785594
5.792782
5.799868
5.807019
5.814260
5.821352
5.828489
5.835676
5.842831
5.849905
5.857116
5.864205
5.871240
5.878319
5.885393
5.892685
5.899678
5.906791
5.913844
5.921016
5.928000
5.935038
5.942231
5.949218
5.956264
5.963317
5.970511
5.977462
5.984601
5.991546
5.998599
6.005613
6.012581
6.019613
6.026645
6.033671
6.040517
6.047585
6.054568
6.061582
6.068530
6.075463
6.082417
6.089388
6.096294
6.103308
6.110142
6.117114
6.124035
6.131040
6.137930
6.144783
6.151733
6.158630
6.165452
6.172439
6.179258
6.186104
6.193004
6.199886
6.206720
6.213632
6.220313
6.227273
6.234101
6.240935
6.247661
6.254600
6.261326
6.268151
6.274955
6.281783
0.005345
0.012224
0.018974
0.025826
0.032600
0.039383
0.046154
0.052904
0.059645
0.066441
0.073266
0.080046
0.086742
0.093546
0.100380
0.106986
0.113859
0.120582
0.127392
0.134169
0.140869
0.147616
0.154471
0.161218
0.167890
0.174730
0.181426
0.188167
0.194923
0.201748
0.208445
0.215147
0.221819
0.228602
0.235376
0.242144
0.248849
0.255653
0.262365
0.269025
0.275766
0.282414
0.289275
0.295968
0.302650
0.309334
0.316072
0.322786
0.329488
0.336217
0.342866
0.349607
0.356294
0.362975
0.369668
0.376428
0.383085
0.389736
0.396498
0.403149
0.409783
0.416515
0.423145
0.429736
0.436471
0.443123
0.449678
0.456395
0.463046
0.469683
0.476355
0.483036
0.489568
0.496258
0.502774
0.509392
0.516050
0.522671
0.529331
0.535848
0.542475
0.548994
0.555610
0.562216
0.568813
0.575390
0.581957
0.588485
0.595074
0.601617
0.608187
0.614698
0.621232
0.627827
0.634331
0.640838
0.647367
0.653886
0.660397
0.666976
0.673519
0.679976
0.686501
0.693045
0.699528
0.706015
0.712606
0.718955
0.725582
0.732020
0.738426
0.744882
0.751387
0.757843
0.764291
0.770774
0.777201
0.783753
0.790090
0.796591
0.803063
0.809534
0.815946
0.822375
0.828775
0.835190
0.841676
0.848109
0.854550
0.860980
0.867394
0.873794
0.880241
0.886776
0.893199
0.899602
0.906034
0.912407
0.918792
0.925353
0.931699
0.938185
0.944582
0.951023
0.957414
0.963933
0.970303
0.976633
0.983222
0.989582
0.995949
1.002409
1.008808
1.015268
1.021772
1.028091
1.034499
1.040992
1.047403
1.053827
1.060256
1.066626
1.073103
1.079503
1.085891
1.092314
1.098693
1.105137
1.111606
1.117918
1.124357
1.130774
1.137156
1.143583
1.150000
1.156355
1.162751
1.169190
1.175512
1.181932
1.188299
1.194701
1.201113
1.207528
1.213927
1.220225
1.226621
1.233018
1.239412
1.245754
1.252160
1.258457
1.264863
1.271239
1.277569
1.283951
1.290305
1.296660
1.303027
1.309402
1.315649
1.322004
1.328439
1.334719
1.341047
1.347306
1.353630
1.359979
1.366372
1.372649
1.378983
1.385301
1.391578
1.397906
1.404210
1.410507
1.416793
1.423064
1.429340
1.435713
1.441903
1.448177
1.454492
1.460757
1.467016
1.473257
1.479605
1.485780
1.492081
1.498259
1.504521
1.510815
1.517044
1.523294
1.529550
1.535775
1.541989
1.548212
1.554417
1.560688
1.566875
1.573007
1.579293
1.585552
1.591748
1.597968
1.604178
1.610440
1.616612
1.622910
1.629073
1.635250
1.641533
1.647753
1.653919
1.660196
1.666371
1.672593
1.678831
1.685003
1.691208
1.697485
1.703788
1.709891
1.716195
1.722376
1.728533
1.734794
1.741050
1.747228
1.753415
1.759593
1.765861
1.772107
1.778240
1.784475
1.790695
1.796876
1.803089
1.809321
1.815544
1.821767
1.827981
1.834153
1.840330
1.846586
1.852755
1.858999
1.865177
1.871346
1.877515
1.883740
1.889876
1.896033
1.902361
1.908479
1.914645
1.920814
1.927078
1.933226
1.939398
1.945522
1.951799
1.957938
1.964095
1.970338
1.976462
1.982703
1.988809
1.994906
2.001045
2.007292
2.013431
2.019585
2.025681
2.031874
2.038022
2.044137
2.050273
2.056391
2.062497
2.068645
2.074742
2.080878
2.087047
2.093174
2.099163
2.105290
2.111387
2.117436
2.123542
2.129603
2.135670
2.141773
2.147831
2.153940
2.160031
2.166041
2.172105
2.178145
2.184170
2.190189
2.196310
2.202317
2.208240
2.214310
2.220302
2.226387
2.232332
2.238357
2.244319
2.250278
2.256300
2.262277
2.268233
2.274309
2.280173
2.286278
2.292103
2.298227
2.304024
2.310007
2.316002
2.321962
2.327858
2.333781
2.339851
2.345621
2.351652
2.357543
2.363439
2.369347
2.375270
2.381161
2.387063
2.393046
2.398885
2.404770
2.410702
2.416583
2.422464
2.428381
2.434215
2.440111
2.446019
2.451904
2.457848
2.463756
2.469607
2.475473
2.481397
2.487230
2.493111
2.499013
2.504850
2.510734
2.516621
2.522461
2.528351
2.534229
2.540062
2.546019
2.551786
2.557724
2.563519
2.569358
2.575245
2.581144
2.586921
2.592886
2.598617
2.604514
2.610293
2.616189
2.622020
2.627856
2.633680
2.639633
2.645374
2.651285
2.657041
2.662796
2.668683
2.674567
2.680350
2.686213
2.692010
2.697778
2.703587
2.709450
2.715212
2.720955
2.726819
2.732616
2.738401
2.744208
2.749975
2.755746
2.761570
2.767340
2.773138
2.778914
2.784648
2.790395
2.796213
2.801939
2.807631
2.813480
2.819136
2.824984
2.830695
2.836381
2.842119
2.847892
2.853627
2.859319
2.865069
2.870761
2.876457
2.882173
2.887851
2.893498
2.899233
2.904904
2.910686
2.916352
2.922015
2.927704
2.933391
2.939029
2.944725
2.950399
2.956035
2.961643
2.967294
2.972954
2.978610
2.984234
2.989818
2.995493
3.001164
3.006635
3.012349
3.017939
3.023524
3.029222
3.034720
3.040341
3.045881
3.051477
3.057077
3.062634
3.068195
3.073744
3.079329
3.084841
3.090432
3.096017
3.101541
3.107054
3.112552
3.118160
3.123634
3.129174
3.134678
3.140203
3.145706
3.151234
3.156741
3.162224
3.167691
3.173192
3.178663
3.184175
3.189641
3.195201
3.200669
3.206146
3.211667
3.217147
3.222606
3.228188
3.233551
3.239123
3.244534
3.250053
3.255476
3.260992
3.266333
3.271885
3.277269
3.282800
3.288199
3.293738
3.299176
3.304599
3.310118
3.315514
3.320991
3.326360
3.331863
3.337310
3.342742
3.348183
3.353606
3.359061
3.364484
3.369895
3.375330
3.380753
3.386161
3.391566
3.396961
3.402375
3.407840
3.413221
3.418614
3.424007
3.429436
3.434733
3.440183
3.445539
3.450908
3.456301
3.461658
3.467015
3.472408
3.477726
3.483077
3.488503
3.493782
3.499181
3.504589
3.509760
3.515177
3.520495
3.525795
3.531128
3.536500
3.541743
3.547037
3.552361
3.557643
3.562949
3.568276
3.573513
3.578903
3.584113
3.589380
3.594674
3.599932
3.605124
3.610428
3.615692
3.620917
3.626103
3.631406
3.636652
3.641823
3.647129
3.652315
3.657459
3.662685
3.667871
3.673153
3.678282
3.683411
3.688682
3.693820
3.698985
3.704102
3.709285
3.714436
3.719562
3.724757
3.729841
3.734980
3.740187
3.745283
3.750394
3.755479
3.760668
3.765725
3.770827
3.775870
3.781029
3.786026
3.791156
3.796174
3.801198
3.806256
3.811400
3.816379
3.821440
3.826431
3.831584
3.836477
3.841621
3.846589
3.851643
3.856539
3.861644
3.866551
3.871618
3.876567
3.881607
3.886550
3.891553
3.896482
3.901446
3.906432
3.911411
3.916349
3.921322
3.926251
3.931344
3.936180
3.941195
3.946118
3.951052
3.955999
3.960909
3.965877
3.970760
3.975680
3.980662
3.985576
3.990459
3.995463
4.000307
4.005248
4.010125
4.015123
4.020019
4.024905
4.029770
4.034681
4.039630
4.044502
4.049422
4.054326
4.059171
4.063997
4.068926
4.073812
4.078684
4.083526
4.088496
4.093281
4.098167
4.102985
4.107824
4.112716
4.117510
4.122438
4.127289
4.132122
4.136975
4.141799
4.146635
4.151453
4.156297
4.161133
4.165971
4.170801
4.175619
4.180436
4.185287
4.190098
4.194871
4.199647
4.204455
4.209273
4.214142
4.218831
4.223702
4.228484
4.233272
4.238008
4.242826
4.247650
4.252366
4.257174
4.261989
4.266702
4.271481
4.276286
4.281074
4.285831
4.290475
4.295323
4.300069
4.304772
4.309524
4.314297
4.319115
4.323845
4.328579
4.333298
4.338032
4.342723
4.347469
4.352176
4.356838
4.361515
4.366351
4.371063
4.375710
4.380417
4.385159
4.389837
4.394489
4.399202
4.403918
4.408610
4.413280
4.417919
4.422614
4.427281
4.431886
4.436533
4.441243
4.445848
4.450486
4.455109
4.459788
4.464390
4.469022
4.473603
4.478319
4.482873
4.487442
4.492014
4.496673
4.501239
4.505778
4.510371
4.514985
4.519527
4.524132
4.528581
4.533228
4.537770
4.542282
4.546821
4.551408
4.555890
4.560408
4.565013
4.569540
4.574067
4.578537
4.583010
4.587507
4.592100
4.596543
4.601017
4.605541
4.609999
4.614520
4.619008
4.623430
4.627915
4.632457
4.636882
4.641356
4.645853
4.650266
4.654709
4.659176
4.663595
4.667990
4.672482
4.676841
4.681221
4.685715
4.690128
4.694493
4.698961
4.703356
4.707736
4.712086
4.716466
4.720892
4.725245
4.729691
4.733994
4.738410
4.742793
4.747134
4.751479
4.755823
4.760173
4.764583
4.768871
4.773275
4.777592
4.781945
4.786325
4.790610
4.794972
4.799320
4.803619
4.807948
4.812260
4.816592
4.820891
4.825184
4.829484
4.833807
4.838137
4.842409
4.846726
4.851052
4.855325
4.859612
4.863933
4.868193
4.872498
4.876747
4.881004
4.885243
4.889576
4.893809
4.898069
4.902345
4.906525
4.910872
4.915117
4.919335
4.923518
4.927787
4.932048
4.936329
4.940500
4.944838
4.948936
4.953236
4.957407
4.961622
4.965852
4.970026
4.974250
4.978466
4.982720
4.986858
4.991076
4.995232
4.999444
5.003654
5.007803
5.011940
5.016120
5.020264
5.024422
5.028611
5.032748
5.036874
5.041101
5.045167
5.049374
5.053478
5.057633
5.061789
5.065957
5.070019
5.074184
5.078306
5.082408
5.086539
5.090617
5.094677
5.098778
5.102931
5.106997
5.111059
5.115137
5.119233
5.123292
5.127367
5.131349
5.135468
5.139519
5.143588
5.147659
5.151686
5.155769
5.159802
5.163859
5.167855
5.171861
5.175915
5.179917
5.184007
5.187971
5.191920
5.196024
5.200033
5.203922
5.207910
5.211892
5.215858
5.219864
5.223801
5.227729
5.231666
5.235677
5.239617
5.243521
5.247485
5.251365
5.255307
5.259268
5.263190
5.267097
5.271028
5.274938
5.278832
5.282694
5.286580
5.290454
5.294373
5.298181
5.301989
5.305914
5.309755
5.313599
5.317470
5.321274
5.325130
5.328959
5.332758
5.336614
5.340452
5.344167
5.348014
5.351837
5.355594
5.359360
5.363130
5.366920
5.370691
5.374419
5.378200
5.381957
5.385741
5.389474
5.393201
5.396934
5.400646
5.404403
5.408061
5.411821
5.415431
5.419179
5.422832
5.426604
5.430247
5.433869
5.437603
5.441227
5.444963
5.448598
5.452256
5.455836
5.459567
5.463171
5.466832
5.470436
5.474133
5.477651
5.481339
5.484919
5.488526
5.492115
5.495774
5.499339
5.502961
5.506557
5.510122
5.513678
5.517303
5.520875
5.524458
5.528026
5.531535
5.535088
5.538743
5.542216
5.545823
5.549293
5.552845
5.556363
5.559991
5.563499
5.567056
5.570546
5.574088
5.577644
5.581129
5.584682
5.588154
5.591674
5.595198
5.598694
5.602203
5.605645
5.609166
5.612662
5.616113
5.619607
5.623091
5.626522
5.630003
5.633544
5.636975
5.640423
5.643887
5.647347
5.650748
5.654235
5.657650
5.661120
5.664485
5.667945
5.671325
5.674848
5.678183
5.681592
5.685011
5.688411
5.691797
5.695227
5.698607
5.701972
5.705387
5.708736
5.712140
5.715477
5.718830
5.722171
5.725541
5.728927
5.732276
5.735614
5.738943
5.742286
5.745660
5.748980
5.752284
5.755580
5.758893
5.762177
5.765524
5.768826
5.772145
5.775441
5.778682
5.781942
5.785336
5.788558
5.791892
5.795158
5.798420
5.801653
5.804991
5.808257
5.811504
5.814740
5.817964
5.821214
5.824480
5.827767
5.830931
5.834169
5.837384
5.840638
5.843892
5.847154
5.850339
5.853539
5.856715
5.859993
5.863234
5.866434
5.869595
5.872774
5.875970
5.879167
5.882382
5.885561
5.888754
5.891915
5.895064
5.898240
5.901446
5.904619
5.907804
5.910976
5.914062
5.917238
5.920414
5.923566
5.926682
5.929827
5.932958
5.936092
5.939250
5.942381
5.945539
5.948637
5.951711
5.954859
5.957975
5.961079
5.964186
5.967290
5.970334
5.973492
5.976584
5.979661
5.982753
5.985812
5.988898
5.991897
5.995016
5.998024
6.001091
6.004148
6.007195
6.010253
6.013312
6.016377
6.019392
6.022385
6.025408
6.028446
6.031424
6.034432
6.037467
6.040418
6.043399
6.046434
6.049409
6.052438
6.055425
6.058391
6.061366
6.064270
6.067277
6.070214
6.073236
6.076134
6.079073
6.081961
6.084948
6.087866
6.090824
6.093775
6.096645
6.099584
6.102508
6.105414
6.108333
6.111236
6.114124
6.117027
6.119912
6.122761
6.125662
6.128526
6.131429
6.134302
6.137164
6.140022
6.142916
6.145771
6.148663
6.151512
6.154328
6.157213
6.160006
6.162897
6.165728
6.168565
6.171379
6.174195
6.177017
6.179803
6.182671
6.185496
6.188306
6.191134
6.193960
6.196782
6.199535
6.202346
6.205207
6.207994
6.210780
6.213569
6.216349
6.219193
6.221922
6.224690
6.227486
6.230272
6.233040
6.235809
6.238559
6.241343
6.244135
6.246843
6.249656
6.252401
6.255124
6.257890
6.260661
6.263412
6.266144
6.268876
6.271608
6.274329
6.277061
6.279755
6.282490
0.002100
0.004788
0.007487
0.010184
0.012907
0.015627
0.018414
0.021074
0.023801
0.026461
0.029137
0.031869
0.034545
0.037262
0.039898
0.042643
0.045258
0.047994
0.050642
0.053363
0.056032
0.058738
0.061386
0.064062
0.066713
0.069365
0.072028
0.074719
0.077340
0.079989
0.082706
0.085319
0.087961
0.090616
0.093249
0.095889
0.098537
0.101129
0.103762
0.106402
0.109053
0.111696
0.114327
0.116915
0.119516
0.122164
0.124762
0.127395
0.129996
0.132602
0.135203
0.137831
0.140419
0.143029
0.145680
0.148230
0.150818
0.153380
0.155972
0.158533
0.161137
0.163749
0.166329
0.168873
0.171443
0.174023
0.176561
0.179143
0.181729
0.184317
0.186858
0.189423
0.191975
0.194477
0.197021
0.199612
0.202159
0.204750
0.207273
0.209769
0.212292
0.214859
0.217379
0.219890
0.222445
0.224956
0.227512
0.230037
0.232500
0.235008
0.237515
0.240050
0.242546
0.245044
0.247540
0.250063
0.252577
0.255033
0.257508
0.259995
0.262461
0.264965
0.267467
0.269951
0.272416
0.274897
0.277357
0.279811
0.282273
0.284730
0.287205
0.289704
0.292151
0.294587
0.297053
0.299504
0.301943
0.304381
0.306811
0.309286
0.311740
0.314151
0.316587
0.319041
0.321468
0.323868
0.326309
0.328700
0.331106
0.333530
0.335942
0.338357
0.340780
0.343174
0.345574
0.348007
0.350419
0.352777
0.355215
0.357573
0.359967
0.362340
0.364746
0.367122
0.369495
0.371864
0.374261
0.376637
0.378980
0.381365
0.383759
0.386135
0.388529
0.390874
0.393250
0.395554
0.397954
0.400246
0.402580
0.404953
0.407314
0.409636
0.411961
0.414310
0.416629
0.418924
0.421311
0.423567
0.425889
0.428238
0.430533
0.432909
0.435204
0.437490
0.439779
0.442089
0.444387
0.446664
0.448938
0.451257
0.453579
0.455862
0.458166
0.460458
0.462678
0.464937
0.467208
0.469497
0.471726
0.474033
0.476337
0.478587
0.480888
0.483102
0.485349
0.487590
0.489831
0.492099
0.494322
0.496557
0.498804
0.501075
0.503295
0.505516
0.507772
0.509962
0.512206
0.514402
0.516646
0.518881
0.521119
0.523312
0.525541
0.527701
0.529948
0.532106
0.534320
0.536489
0.538691
0.540923
0.543095
0.545303
0.547490
0.549677
0.551850
0.554001
0.556173
0.558345
0.560481
0.562671
0.564826
0.567025
0.569164
0.571339
0.573475
0.575641
0.577762
0.579899
0.582047
0.584189
0.586316
0.588464
0.590589
0.592743
0.594837
0.596970
0.599073
0.601159
0.603286
0.605386
0.607516
0.609644
0.611747
0.613871
0.615965
0.618089
0.620124
0.622251
0.624309
0.626391
0.628489
0.630562
0.632638
0.634703
0.636779
0.638843
0.640952
0.643005
0.645066
0.647160
0.649191
0.651253
0.653335
0.655333
0.657359
0.659435
0.661469
0.663516
0.665565
0.667596
0.669628
0.671638
0.673669
0.675662
0.677726
0.679736
0.681780
0.683808
0.685827
0.687823
0.689854
0.691831
0.693836
0.695837
0.697814
0.699798
0.701802
0.703780
0.705784
0.707773
0.709772
0.711728
0.713700
0.715665
0.717636
0.719626
0.721600
0.723563
0.725558
0.727496
0.729465
0.731445
0.733366
0.735319
0.737291
0.739202
0.741161
0.743115
0.745035
0.746992
0.748954
0.750887
0.752819
0.754737
0.756621
0.758571
0.760459
0.762382
0.764264
0.766202
0.768123
0.770043
0.771958
0.773872
0.775784
0.777716
0.779589
0.781476
0.783394
0.785254
0.787121
0.789008
0.790884
0.792801
0.794653
0.796558
0.798419
0.800310
0.802152
0.804010
0.805864
0.807719
0.809603
0.811485
0.813369
0.815209
0.817117
0.818930
0.820797
0.822636
0.824473
0.826312
0.828167
0.829982
0.831801
0.833638
0.835492
0.837314
0.839183
0.840990
0.842827
0.844663
0.846461
0.848279
0.850089
0.851872
0.853693
0.855503
0.857306
0.859122
0.860938
0.862741
0.864536
0.866352
0.868146
0.869914
0.871727
0.873494
0.875265
0.877071
0.878836
0.880625
0.882404
0.884160
0.885937
0.887711
0.889481
0.891213
0.892969
0.894718
0.896477
0.898236
0.900000
0.901771
0.903515
0.905270
0.907023
0.908776
0.910484
0.912209
0.913962
0.915673
0.917395
0.919124
0.920820
0.922567
0.924310
0.926018
0.927738
0.929470
0.931180
0.932873
0.934569
0.936259
0.937948
0.939629
0.941313
0.943015
0.944731
0.946427
0.948108
0.949795
0.951488
0.953147
0.954831
0.956530
0.958220
0.959894
0.961548
0.963217
0.964883
0.966540
0.968164
0.969820
0.971456
0.973113
0.974746
0.976394
0.978057
0.979701
0.981337
0.982985
0.984618
0.986242
0.987854
0.989493
0.991119
0.992755
0.994382
0.995991
0.997624
0.999257
1.000851
1.002456
1.004098
1.005668
1.007262
1.008862
1.010429
1.012053
1.013659
1.015274
1.016870
1.018425
1.020001
1.021589
1.023156
1.024720
1.026281
1.027866
1.029427
1.031006
1.032585
1.034152
1.035716
1.037310
1.038867
1.040422
1.041983
1.043532
1.045102
1.046681
1.048251
1.049779
1.051322
1.052826
1.054354
1.055849
1.057410
1.058932
1.060475
1.062000
1.063522
1.065074
1.066584
1.068052
1.069586
1.071123
1.072636
1.074137
1.075644
1.077151
1.078664
1.080123
1.081594
1.083116
1.084638
1.086094
1.087595
1.089087
1.090609
1.092095
1.093531
1.094987
1.096467
1.097908
1.099346
1.100808
1.102282
1.103765
1.105245
1.106692
1.108175
1.109619
1.111061
1.112496
1.113964
1.115423
1.116888
1.118326
1.119752
1.121193
1.122604
1.124012
1.125424
1.126865
1.128288
1.129714
1.131116
1.132530
1.133950
1.135358
1.136806
1.138187
1.139613
1.140991
1.142384
1.143759
1.145135
1.146528
1.147924
1.149341
1.150734
1.152100
1.153479
1.154863
1.156226
1.157598
1.158979
1.160367
1.161739
1.163129
1.164456
1.165828
1.167180
1.168507
1.169840
1.171224
1.172554
1.173885
1.175218
1.176542
1.177881
1.179212
1.180539
1.181890
1.183229
1.184539
1.185845
1.187163
1.188485
1.189782
1.191097
1.192400
1.193716
1.195028
1.196319
1.197593
1.198890
1.200175
1.201494
1.202788
1.204118
1.205391
1.206686
1.207944
1.209241
1.210509
1.211764
1.213019
1.214299
1.215548
1.216806
1.218074
1.219305
1.220578
1.221828
1.223071
1.224332
1.225576
1.226813
1.228056
1.229330
1.230558
1.231754
1.232991
1.234228
1.235466
1.236679
1.237887
1.239115
1.240319
1.241515
1.242716
1.243924
1.245128
1.246335
1.247546
1.248777
1.249973
1.251153
1.252357
1.253562
1.254733
1.255902
1.257070
1.258308
1.259473
1.260609
1.261759
1.262943
1.264132
1.265294
1.266400
1.267529
1.268746
1.269917
1.271047
1.272185
1.273360
1.274546
1.275694
1.276811
1.277938
1.279088
1.280218
1.281287
1.282396
1.283564
1.284724
1.285784
1.286863
1.288005
1.289155
1.290231
1.291252
1.292349
1.293496
1.294620
1.295681
1.296777
1.297901
1.299042
1.300088
1.301139
1.302263
1.303353
1.304402
1.305448
1.306517
1.307617
1.308665
1.309678
1.310706
1.311775
1.312821
1.313855
1.314882
1.315931
1.317003
1.318061
1.319110
1.320155
1.321195
1.322237
1.323259
1.324305
1.325318
1.326327
1.327352
1.328344
1.329344
1.330360
1.331352
1.332346
1.333317
1.334309
1.335315
1.336319
1.337305
1.338293
1.339279
1.340304
1.341286
1.342263
1.343240
1.344253
1.345232
1.346161
1.347120
1.348120
1.349076
1.350011
1.350934
1.351898
1.352863
1.353795
1.354697
1.355638
1.356608
1.357543
1.358448
1.359353
1.360287
1.361210
1.362142
1.363047
1.363988
1.364934
1.365875
1.366801
1.367733
1.368667
1.369587
1.370474
1.371346
1.372227
1.373090
1.373964
1.374842
1.375714
1.376562
1.377473
1.378348
1.379187
1.380016
1.380894
1.381787
1.382647
1.383471
1.384331
1.385239
1.386119
1.386946
1.387791
1.388675
1.389532
1.390335
1.391174
1.392040
1.392897
1.393723
1.394541
1.395347
1.396168
1.396935
1.397729
1.398547
1.399353
1.400135
1.400917
1.401732
1.402532
1.403281
1.404033
1.404833
1.405651
1.406421
1.407170
1.407991
1.408821
1.409624
1.410411
1.411211
1.412023
1.412814
1.413590
1.414378
1.415154
1.415894
1.416616
1.417356
1.418105
1.418836
1.419555
1.420289
1.421035
1.421772
1.422489
1.423196
1.423915
1.424646
1.425365
1.426054
1.426740
1.427456
1.428196
1.428882
1.429592
1.430320
1.431054
1.431779
1.432471
1.433178
1.433907
1.434626
1.435318
1.436031
1.436738
1.437415
1.438095
1.438787
1.439455
1.440111
1.440708
1.441367
1.442065
1.442727
1.443335
1.443964
1.444668
1.445339
1.445939
1.446520
1.447200
1.447904
1.448506
1.449076
1.449717
1.450391
1.451002
1.451559
1.452186
1.452839
1.453465
1.454028
1.454642
1.455304
1.455943
1.456536
1.457147
1.457803
1.458453
1.459037
1.459613
1.460245
1.460877
1.461425
1.461938
1.462501
1.463094
1.463666
1.464194
1.464718
1.465290
1.465883
1.466438
1.466950
1.467489
1.468053
1.468604
1.469101
1.469602
1.470141
1.470680
1.471180
1.471666
1.472193
1.472732
1.473236
1.473721
1.474227
1.474767
1.475276
1.475737
1.476232
1.476762
1.477283
1.477781
1.478290
1.478835
1.479372
1.479872
1.480369
1.480906
1.481439
1.481906
1.482359
1.482859
1.483365
1.483827
1.484255
1.484717
1.485208
1.485645
1.486053
1.486472
1.486934
1.487347
1.487758
1.488174
1.488611
1.489034
1.489426
1.489819
1.490250
1.490679
1.491062
1.491452
1.491877
1.492291
1.492680
1.493055
1.493447
1.493831
1.494208
1.494574
1.494957
1.495344
1.495712
1.496078
1.496461
1.496848
1.497201
1.497549
1.497923
1.498292
1.498645
1.498990
1.499361
1.499742
1.500107
1.500479
1.500862
1.501255
1.501659
1.502043
1.502423
1.502834
1.503238
1.503610
1.503960
1.504335
1.504697
1.505048
1.505368
1.505695
1.506037
1.506360
1.506654
1.506962
1.507259
1.507535
1.507783
1.508050
1.508323
1.508583
1.508829
1.509084
1.509338
1.509572
1.509791
1.510030
1.510270
1.510483
1.510692
1.510932
1.511157
1.511361
1.511558
1.511789
1.512026
1.512241
1.512427
1.512625
1.512850
1.513053
1.513236
1.513419
1.513623
1.513814
1.513991
1.514174
1.514363
1.514551
1.514731
1.514911
1.515100
1.515285
1.515456
1.515630
1.515801
1.515975
1.516127
1.516265
1.516415
1.516571
1.516700
1.516831
1.516972
1.517110
1.517236
1.517344
1.517461
1.517583
1.517700
1.517805
1.517901
1.517994
1.518084
1.518162
1.518239
1.518317
1.518383
1.518437
1.518503
1.518584
1.518641
1.518680
1.518731
1.518788
1.518845
1.518881
1.518905
1.518935
1.518977
1.519001
1.519009
1.519027
1.519057
1.519072
1.519084
1.519096
1.519111
1.519111
1.519114
1.519117
1.519123
1.519135
1.519141
1.519144
1.519150
1.519153
1.519159
1.519159
1.519159
1.519159
1.519159
1.519159
1.519159
1.519159
1.519159
1.519159
1.519159
1.519159
1.519159
1.519159
1.519159
1.519159
1.519159
1.519159
1.519159
1.519159
1.519159
1.519159
1.519159
1.519159
1.519159
1.519159
1.519159
1.519159
1.519159
1.519159
1.519159
1.519159
1.519159
1.519159
1.519159
1.519159
1.519159
1.519159
1.519159
1.519159
1.519159
1.519159
1.519159
1.519159
1.519159
1.519159
1.519159
1.519159
1.519159
1.519159
1.519159
1.519159
1.519159
1.519159
1.519159
1.519159
1.519159
1.519159
1.519159
1.519159
1.519159
1.519159
1.519159
1.519159
1.519159
1.519159
1.519159
1.519159
1.519159
1.519159
1.519159
1.519159
1.519159
1.519159
1.519159
1.519159
1.519159
1.519159
1.519159
1.519159
1.519159
1.519159
1.519159
1.519159
1.519159
1.519159
1.519159
1.519159
1.519159
1.519159
1.519159
1.519159
1.519159
1.519159
1.519159
1.519159
1.519159
1.519159
1.519159
1.519159