5.761713
5.761713
5.761713
5.761713
5.761713
5.761713
5.761713
5.761713
5.761713
5.761829
5.762147
5.762632
5.763214
5.763861
5.764610
5.765476
5.766482
5.767657
5.768969
5.770449
5.772094
5.773874
5.775791
5.777858
5.780103
5.782529
5.785052
5.787790
5.790580
5.793555
5.796578
5.799822
5.803145
5.806707
5.810264
5.814090
5.818029
5.822143
5.826371
5.830799
5.835326
5.840006
5.844877
5.849863
5.855082
5.860307
5.865826
5.871500
5.877367
5.883215
5.889279
5.895535
5.901859
5.908370
5.915054
5.921924
5.928926
5.935978
5.943220
5.950710
5.958170
5.965939
5.973806
5.981707
5.989811
5.998165
6.006494
6.014978
6.023787
6.032487
6.041451
6.050595
6.059817
6.069177
6.078737
6.088331
6.098161
6.108117
6.118142
6.128541
6.138958
6.149403
6.160036
6.171028
6.181880
6.193061
6.204389
6.215690
6.227309
6.238934
6.250522
6.262590
6.274641
0.003574
0.015924
0.028585
0.041001
0.053929
0.066863
0.079833
0.093189
0.106591
0.119983
0.133609
0.147514
0.161368
0.175329
0.189540
0.203858
0.218095
0.232188
0.246498
0.260717
0.275128
0.289317
0.303917
0.318262
0.332607
0.346982
0.361444
0.375720
0.389952
0.404519
0.418744
0.433071
0.447566
0.461623
0.475974
0.490236
0.504449
0.518629
0.532903
0.547128
0.561395
0.575563
0.589699
0.603915
0.618161
0.632207
0.646201
0.660415
0.674388
0.688778
0.702785
0.716708
0.730855
0.745098
0.758922
0.772770
0.786971
0.801139
0.814960
0.829177
0.842988
0.857019
0.871040
0.885014
0.898991
0.913111
0.927049
0.941070
0.955296
0.969122
0.983393
0.997255
1.011457
1.025409
1.039491
1.053500
1.067779
1.081726
1.095721
1.109787
1.124141
1.137911
1.152310
1.166188
1.180431
1.194387
1.208465
1.222454
1.236679
1.250713
1.264782
1.278822
1.292939
1.306844
1.320865
1.335213
1.348965
1.362942
1.377059
1.391015
1.404986
1.418992
1.432990
1.446939
1.460916
1.474839
1.488851
1.502798
1.516724
1.530625
1.544569
1.558312
1.572369
1.586343
1.600248
1.614149
1.628183
1.642276
1.655923
1.670152
1.683856
1.698069
1.712012
1.725812
1.740077
1.754059
1.767976
1.782003
1.796055
1.810070
1.824191
1.838131
1.852261
1.866246
1.880334
1.894421
1.908443
1.922521
1.936513
1.950516
1.964790
1.978859
1.992701
2.006947
2.020711
2.035020
2.048943
2.063243
2.076938
2.091074
2.104927
2.118967
2.133018
2.146956
2.160765
2.174810
2.188589
2.202695
2.216551
2.230456
2.244226
2.258178
2.271912
2.285715
2.299794
2.313450
2.327241
2.341130
2.354846
2.368709
2.382371
2.396135
2.410105
2.423867
2.437418
2.451268
2.465029
2.478841
2.492494
2.506360
2.520100
2.533819
2.547714
2.561412
2.575233
2.589087
2.602884
2.616504
2.630358
2.644020
2.657837
2.671637
2.685389
2.699249
2.712947
2.726675
2.740439
2.754119
2.767829
2.781802
2.795279
2.809078
2.822746
2.836447
2.850256
2.863945
2.877475
2.891086
2.904820
2.918344
2.931953
2.945609
2.959271
2.972714
2.986349
2.999834
3.013371
3.027056
3.040488
3.053913
3.067539
3.080815
3.094159
3.107896
3.121234
3.134570
3.148205
3.161307
3.174741
3.188127
3.201571
3.214954
3.228475
3.241769
3.255149
3.268799
3.281835
3.295485
3.308824
3.322225
3.335680
3.349189
3.362546
3.375752
3.389432
3.402660
3.416049
3.429487
3.442951
3.456307
3.469838
3.483050
3.496383
3.510105
3.523236
3.536689
3.549979
3.563335
3.576650
3.589926
3.603210
3.616746
3.629998
3.643393
3.656564
3.670052
3.683124
3.696408
3.709726
3.722956
3.736262
3.749513
3.762531
3.775969
3.788969
3.802175
3.815190
3.828406
3.841687
3.854603
3.867903
3.880939
3.894136
3.907259
3.920217
3.933346
3.946519
3.959570
3.972558
3.985555
3.998722
4.011839
4.024929
4.038094
4.051064
4.064096
4.077396
4.090366
4.103545
4.116689
4.129818
4.142971
4.156042
4.169231
4.182671
4.195549
4.208878
4.221812
4.235126
4.248063
4.261395
4.274414
4.287926
4.300952
4.314066
4.327420
4.340692
4.353710
4.366926
4.380064
4.393267
4.406509
4.419668
4.432734
4.445980
4.459159
4.472402
4.485258
4.498674
4.511587
4.524815
4.537910
4.550968
4.564222
4.577351
4.590351
4.603485
4.616599
4.629866
4.642647
4.655886
4.668946
4.681883
4.695003
4.708195
4.721077
4.734182
4.747056
4.760128
4.773467
4.786400
4.799490
4.812769
4.825706
4.838975
4.852125
4.865020
4.878143
4.891442
4.904475
4.917697
4.930840
4.943933
4.957143
4.970356
4.983622
4.996799
5.009912
5.023083
5.036433
5.049625
5.062754
5.075940
5.089119
5.102347
5.115511
5.128700
5.141805
5.155056
5.168185
5.181302
5.194502
5.207742
5.220787
5.233906
5.246984
5.260131
5.273337
5.286407
5.299508
5.312541
5.325544
5.338780
5.351645
5.364756
5.377696
5.390648
5.403756
5.416600
5.429573
5.442537
5.455444
5.468354
5.481348
5.494252
5.507123
5.520054
5.532877
5.545736
5.558787
5.571574
5.584406
5.597283
5.610136
5.623070
5.635942
5.648833
5.661593
5.674626
5.687489
5.700258
5.713168
5.725913
5.738985
5.751817
5.764883
5.777565
5.790655
5.803322
5.816166
5.829052
5.841774
5.854564
5.867530
5.880533
5.893384
5.906141
5.918946
5.931706
5.944544
5.957121
5.970107
5.982708
5.995615
6.008243
6.021153
6.033700
6.046470
6.059251
6.071823
6.084526
6.097244
6.109714
6.122474
6.135156
6.147746
6.160311
6.172969
6.185481
6.197950
6.210759
6.223145
6.235737
6.248251
6.260583
6.273179
0.002469
0.014980
0.027447
0.040117
0.052386
0.064904
0.077418
0.089849
0.102318
0.114944
0.127248
0.139754
0.152227
0.164756
0.177259
0.189701
0.202222
0.214616
0.227194
0.239598
0.252199
0.264726
0.277060
0.289539
0.302134
0.314538
0.326885
0.339537
0.351992
0.364290
0.376880
0.389436
0.401792
0.414265
0.426683
0.439036
0.451572
0.463912
0.476400
0.488858
0.501276
0.513551
0.526012
0.538379
0.550789
0.562998
0.575557
0.587682
0.600161
0.612334
0.624723
0.637024
0.649422
0.661694
0.673882
0.686052
0.698399
0.710706
0.722832
0.735178
0.747294
0.759515
0.771928
0.784026
0.796226
0.808444
0.820584
0.832826
0.845235
0.857310
0.869548
0.881745
0.893924
0.906121
0.918522
0.930719
0.942901
0.955278
0.967418
0.979674
0.992018
1.004233
1.016538
1.028795
1.041133
1.053344
1.065718
1.077972
1.090367
1.102722
1.114767
1.127191
1.139571
1.151717
1.164127
1.176524
1.188694
1.201107
1.213550
1.225836
1.238021
1.250440
1.262775
1.274882
1.287468
1.299614
1.311994
1.324323
1.336565
1.348762
1.361072
1.373263
1.385574
1.397954
1.410079
1.422234
1.434617
1.447026
1.459106
1.471483
1.483740
1.495886
1.508233
1.520355
1.532552
1.544767
1.556853
1.569259
1.581411
1.593521
1.605757
1.618158
1.630166
1.642477
1.654731
1.666973
1.679137
1.691460
1.703911
1.716090
1.728392
1.740769
1.752948
1.765372
1.777647
1.790042
1.802335
1.814585
1.827007
1.839357
1.851557
1.863975
1.876256
1.888573
1.900875
1.913320
1.925673
1.937981
1.950277
1.962612
1.974895
1.987272
1.999643
2.012082
2.024282
2.036545
2.048955
2.061260
2.073627
2.085672
2.098363
2.110398
2.122640
2.134918
2.147217
2.159285
2.171766
2.183864
2.196049
2.208339
2.220383
2.232730
2.244876
2.257109
2.269117
2.281404
2.293415
2.305573
2.317773
2.329883
2.341822
2.353884
2.366040
2.378195
2.390314
2.402262
2.414378
2.426698
2.438520
2.450630
2.462728
2.474757
2.486942
2.499002
2.511049
2.523198
2.535239
2.547397
2.559366
2.571419
2.583592
2.595579
2.607719
2.619683
2.631927
2.643954
2.656007
2.668180
2.680254
2.692229
2.704354
2.716524
2.728457
2.740505
2.752699
2.764608
2.776667
2.788795
2.800803
2.812773
2.824867
2.836951
2.848881
2.860814
2.872756
2.884822
2.896764
2.908712
2.920684
2.932597
2.944449
2.956427
2.968388
2.980177
2.992027
3.004068
3.015659
3.027596
3.039523
3.051303
3.062994
3.075062
3.086618
3.098518
3.110296
3.122031
3.133893
3.145697
3.157214
3.169228
3.180784
3.192490
3.204351
3.216125
3.227810
3.239639
3.251347
3.262981
3.274770
3.286494
3.298226
3.309995
3.321982
3.333394
3.345217
3.356919
3.368706
3.380351
3.392243
3.403820
3.415567
3.427419
3.439026
3.450711
3.462515
3.474245
3.485995
3.497674
3.509338
3.521037
3.532907
3.544565
3.556220
3.567994
3.579487
3.591190
3.602856
3.614481
3.626118
3.637802
3.649439
3.661013
3.672668
3.684235
3.695875
3.707506
3.719026
3.730479
3.742014
3.753789
3.765123
3.776667
3.788172
3.799655
3.811112
3.822635
3.834167
3.845519
3.857114
3.868514
3.879950
3.891383
3.902792
3.914398
3.925801
3.937124
3.948592
3.960049
3.971500
3.982915
3.994159
4.005718
4.017085
4.028539
4.039945
4.051456
4.062826
4.074250
4.085698
4.097098
4.108669
4.119976
4.131442
4.142788
4.154332
4.165756
4.177218
4.188726
4.200156
4.211709
4.223148
4.234647
4.245948
4.257576
4.269009
4.280550
4.292027
4.303598
4.314983
4.326446
4.337828
4.349330
4.360841
4.372244
4.383805
4.395424
4.406710
4.418110
4.429627
4.440946
4.452427
4.463872
4.475365
4.486816
4.498309
4.509541
4.521106
4.532485
4.544008
4.555351
4.566598
4.578115
4.589590
4.600873
4.612408
4.623718
4.635064
4.646338
4.657828
4.669078
4.680571
4.691863
4.703203
4.714534
4.725796
4.737185
4.748617
4.759931
4.771265
4.782650
4.794044
4.805297
4.816766
4.828160
4.839530
4.850905
4.862375
4.873733
4.885136
4.896584
4.907920
4.919321
4.930799
4.942156
4.953487
4.964972
4.976533
4.987888
4.999348
5.010709
5.022094
5.033767
5.045020
5.056405
5.067934
5.079271
5.090782
5.102191
5.113552
5.124961
5.136415
5.147755
5.159080
5.170591
5.181868
5.193487
5.204782
5.216125
5.227486
5.238832
5.250214
5.261542
5.272903
5.284123
5.295499
5.306863
5.318185
5.329373
5.340695
5.352005
5.363046
5.374445
5.385633
5.396946
5.408082
5.419249
5.430445
5.441776
5.452891
5.464004
5.475038
5.486243
5.497467
5.508573
5.519733
5.530723
5.541901
5.553148
5.564003
5.575379
5.586392
5.597415
5.608764
5.619556
5.630992
5.642074
5.653076
5.663972
5.675159
5.686356
5.697363
5.708461
5.719570
5.730742
5.741729
5.752865
5.763951
5.775012
5.786139
5.797225
5.808257
5.819366
5.830472
5.841567
5.852451
5.863588
5.874586
5.885585
5.896862
5.907660
5.918835
5.929785
5.940679
5.951860
5.962646
5.973971
5.984670
5.995675
6.006685
6.017570
6.028539
6.039546
6.050395
6.061309
6.072260
6.083180
6.094026
6.105004
6.115769
6.126620
6.137517
6.148291
6.159128
6.170024
6.180777
6.191590
6.202409
6.213239
6.223926
6.234820
6.245549
6.256179
6.267036
6.277658
0.005183
0.015852
0.026680
0.037376
0.048102
0.058881
0.069482
0.080279
0.091023
0.101671
0.112391
0.123039
0.133807
0.144530
0.155220
0.165931
0.176674
0.187385
0.197958
0.208840
0.219497
0.230283
0.241033
0.251642
0.262407
0.273132
0.283906
0.294554
0.305223
0.315784
0.326564
0.337350
0.348079
0.358655
0.369408
0.380035
0.390716
0.401513
0.412140
0.422759
0.433547
0.444069
0.454726
0.465479
0.476046
0.486622
0.497393
0.508095
0.518492
0.529304
0.539659
0.550277
0.560940
0.571465
0.582017
0.592743
0.603139
0.613778
0.624297
0.634945
0.645318
0.655975
0.666353
0.676878
0.687403
0.697877
0.708417
0.718961
0.729363
0.739852
0.750263
0.760699
0.771149
0.781674
0.792031
0.802518
0.813052
0.823328
0.833847
0.844235
0.854742
0.865084
0.875585
0.886057
0.896483
0.907062
0.917380
0.927912
0.938365
0.948806
0.959352
0.969823
0.980211
0.990598
1.001180
1.011633
1.022281
1.032776
1.043104
1.053689
1.064157
1.074724
1.085225
1.095778
1.106213
1.116648
1.127248
1.137648
1.148155
1.158776
1.169328
1.179664
1.190273
1.200673
1.211192
1.221705
1.232164
1.242644
1.253124
1.263790
1.274058
1.284601
1.295291
1.305591
1.316233
1.326609
1.337050
1.347674
1.357978
1.368458
1.378914
1.389349
1.399784
1.410283
1.420712
1.431102
1.441729
1.452072
1.462393
1.472939
1.483129
1.493726
1.504065
1.514402
1.524831
1.535284
1.545665
1.556077
1.566500
1.576806
1.587212
1.597701
1.608037
1.618484
1.628908
1.639283
1.649733
1.660154
1.670502
1.680958
1.691403
1.701835
1.712156
1.722840
1.733216
1.743600
1.754074
1.764515
1.774948
1.785449
1.795920
1.806406
1.816746
1.827307
1.837751
1.848222
1.858675
1.869213
1.879702
1.890161
1.900737
1.911127
1.921575
1.932202
1.942694
1.953120
1.963555
1.974018
1.984552
1.995089
2.005434
2.015986
2.026419
2.036848
2.047247
2.057793
2.068160
2.078601
2.089177
2.099480
2.109916
2.120435
2.130753
2.141189
2.151609
2.162032
2.172359
2.182720
2.193095
2.203447
2.213681
2.224122
2.234333
2.244798
2.255048
2.265369
2.275750
2.285931
2.296273
2.306556
2.316784
2.327025
2.337412
2.347629
2.357941
2.368155
2.378155
2.388429
2.398789
2.408841
2.419157
2.429457
2.439689
2.449920
2.460191
2.470314
2.480540
2.490957
2.501039
2.511216
2.521571
2.531721
2.541932
2.552187
2.562356
2.572588
2.582744
2.593099
2.603243
2.613529
2.623614
2.633752
2.644247
2.654239
2.664429
2.674825
2.684802
2.695201
2.705355
2.715466
2.725716
2.735864
2.746080
2.756246
2.766423
2.776535
2.786680
2.796845
2.806990
2.817219
2.827300
2.837433
2.847632
2.857737
2.867858
2.877961
2.888072
2.898067
2.908116
2.918324
2.928333
2.938325
2.948404
2.958432
2.968618
2.978526
2.988515
2.998528
3.008580
3.018512
3.028491
3.038468
3.048559
3.058443
3.068537
3.078253
3.088311
3.098234
3.108190
3.117888
3.127970
3.137869
3.147648
3.157544
3.167479
3.177225
3.187214
3.197223
3.206868
3.217036
3.226711
3.236580
3.246589
3.256342
3.266264
3.276139
3.286066
3.295845
3.305779
3.315696
3.325392
3.335554
3.345217
3.355181
3.365089
3.374863
3.384699
3.394624
3.404532
3.414303
3.424205
3.433990
3.443880
3.453827
3.463648
3.473421
3.483356
3.493132
3.502914
3.512798
3.522661
3.532443
3.542267
3.552010
3.561822
3.571661
3.581450
3.591190
3.601140
3.610853
3.620497
3.630252
3.640053
3.649802
3.659566
3.669297
3.678992
3.688816
3.698410
3.708117
3.717926
3.727388
3.737131
3.746907
3.756491
3.766198
3.775729
3.785466
3.795042
3.804764
3.814333
3.823965
3.833514
3.843170
3.852665
3.862282
3.871866
3.881424
3.891035
3.900383
3.909991
3.919668
3.929169
3.938679
3.948224
3.957757
3.967294
3.976839
3.986205
3.995831
4.005380
4.014877
4.024444
4.033998
4.043517
4.052999
4.062637
4.072180
4.081594
4.091268
4.100582
4.110233
4.119802
4.129233
4.138848
4.148438
4.157864
4.167394
4.176988
4.186491
4.196121
4.205603
4.215178
4.224757
4.234329
4.243920
4.253393
4.263025
4.272592
4.282065
4.291680
4.301222
4.310798
4.320298
4.329829
4.339419
4.348913
4.358396
4.367923
4.377573
4.386993
4.396614
4.406156
4.415570
4.425115
4.434550
4.444095
4.453560
4.463015
4.472567
4.482076
4.491541
4.500978
4.510461
4.519994
4.529381
4.538795
4.548376
4.557631
4.567149
4.576584
4.586123
4.595501
4.604881
4.614364
4.623754
4.633011
4.642593
4.651893
4.661282
4.670657
4.680077
4.689388
4.698808
4.708090
4.717411
4.726908
4.736166
4.745612
4.754816
4.764349
4.773682
4.783159
4.792405
4.801803
4.811160
4.820481
4.829903
4.839236
4.848542
4.858063
4.867393
4.876824
4.886199
4.895574
4.905005
4.914386
4.923773
4.933225
4.942609
4.951974
4.961412
4.970784
4.980162
4.989704
4.999124
5.008453
5.017864
5.027238
5.036589
5.046087
5.055350
5.064764
5.074286
5.083522
5.092924
5.102371
5.111727
5.121159
5.130450
5.139801
5.149130
5.158517
5.167897
5.177182
5.186569
5.195908
5.205270
5.214606
5.223894
5.233175
5.242481
5.251712
5.261165
5.270411
5.279629
5.288794
5.298175
5.307388
5.316574
5.325819
5.335095
5.344278
5.353542
5.362560
5.371917
5.381177
5.390166
5.399274
5.408448
5.417637
5.426754
5.435943
5.445149
5.454113
5.463275
5.472213
5.481462
5.490489
5.499555
5.508675
5.517741
5.526771
5.535864
5.544957
5.553972
5.563023
5.572173
5.581164
5.590189
5.599222
5.608246
5.617276
5.626366
5.635270
5.644519
5.653358
5.662352
5.671525
5.680436
5.689577
5.698412
5.707544
5.716565
5.725562
5.734611
5.743652
5.752611
5.761590
5.770521
5.779536
5.788569
5.797522
5.806477
5.815591
5.824429
5.833417
5.842489
5.851376
5.860481
5.869277
5.878242
5.887211
5.896254
5.904981
5.914074
5.923002
5.931904
5.940736
5.949826
5.958587
5.967479
5.976401
5.985350
5.994177
6.003153
6.011817
6.020848
6.029578
6.038569
6.047135
6.056150
6.064902
6.073719
6.082519
6.091396
6.100021
6.108902
6.117524
6.126492
6.135225
6.143977
6.152680
6.161402
6.170129
6.178881
6.187527
6.196249
6.204889
6.213716
6.222330
6.230997
6.239646
6.248335
6.256997
6.265640
6.274227
6.282948
0.008437
0.017012
0.025655
0.034287
0.042763
0.051475
0.060104
0.068753
0.077364
0.086038
0.094562
0.103193
0.111885
0.120465
0.129100
0.137756
0.146285
0.154923
0.163573
0.172213
0.180773
0.189390
0.197982
0.206602
0.215225
0.223733
0.232419
0.241129
0.249533
0.258290
0.266772
0.275484
0.284011
0.292682
0.301209
0.309753
0.318379
0.326942
0.335498
0.344136
0.352678
0.361220
0.369920
0.378465
0.386899
0.395626
0.404129
0.412791
0.421213
0.429799
0.438320
0.446958
0.455329
0.464032
0.472409
0.480888
0.489403
0.497963
0.506405
0.514956
0.523444
0.531920
0.540441
0.548994
0.557413
0.565952
0.574377
0.582871
0.591305
0.599643
0.608044
0.616549
0.624998
0.633447
0.641857
0.650297
0.658737
0.667066
0.675461
0.683826
0.692206
0.700667
0.708984
0.717382
0.725819
0.734124
0.742540
0.750794
0.759141
0.767428
0.775811
0.784179
0.792472
0.800843
0.809205
0.817477
0.825860
0.834198
0.842473
0.850850
0.859137
0.867469
0.875852
0.884229
0.892531
0.900884
0.909129
0.917512
0.925868
0.934110
0.942442
0.950834
0.959166
0.967537
0.975845
0.984270
0.992492
1.000937
1.009156
1.017515
1.025946
1.034263
1.042529
1.050975
1.059310
1.067633
1.075923
1.084351
1.092707
1.101156
1.109368
1.117736
1.126011
1.134547
1.142756
1.151142
1.159456
1.167806
1.176156
1.184464
1.192805
1.201233
1.209454
1.217801
1.226157
1.234492
1.242863
1.251219
1.259485
1.267730
1.276200
1.284493
1.292756
1.301160
1.309402
1.317722
1.326043
1.334273
1.342605
1.350967
1.359155
1.367505
1.375882
1.383929
1.392366
1.400554
1.408937
1.417156
1.425526
1.433721
1.442023
1.450181
1.458420
1.466683
1.474949
1.483141
1.491350
1.499676
1.507831
1.516169
1.524322
1.532642
1.540788
1.549000
1.557161
1.565424
1.573580
1.581828
1.590085
1.598222
1.606491
1.614668
1.622832
1.631077
1.639316
1.647483
1.655740
1.664001
1.672249
1.680413
1.688730
1.696903
1.705035
1.713448
1.721513
1.729977
1.738102
1.746323
1.754574
1.762829
1.771017
1.779286
1.787516
1.795770
1.804018
1.812341
1.820512
1.828796
1.837065
1.845289
1.853504
1.861812
1.870012
1.878255
1.886524
1.894823
1.902996
1.911286
1.919564
1.927729
1.936043
1.944264
1.952473
1.960721
1.968936
1.977151
1.985352
1.993696
2.001833
2.010084
2.018296
2.026496
2.034679
2.042867
2.051118
2.059408
2.067578
2.075797
2.083991
2.092128
2.100334
2.108552
2.116684
2.124851
2.132973
2.141066
2.149356
2.157403
2.165516
2.173654
2.181836
2.189836
2.197958
2.206164
2.214187
2.222256
2.230408
2.238471
2.246443
2.254577
2.262717
2.270702
2.278824
2.286710
2.294904
2.302889
2.310927
2.318888
2.327064
2.334917
2.343006
2.350990
2.358960
2.366995
2.374920
2.383024
2.390946
2.399038
2.406897
2.414821
2.422968
2.430916
2.438805
2.446771
2.454771
2.462695
2.470836
2.478640
2.486685
2.494762
2.502606
2.510599
2.518557
2.526469
2.534475
2.542393
2.550390
2.558368
2.566377
2.574254
2.582223
2.590210
2.598168
2.606194
2.614122
2.622010
2.629962
2.638016
2.645856
2.653775
2.661795
2.669678
2.677617
2.685473
2.693445
2.701349
2.709433
2.717240
2.725060
2.733179
2.740951
2.748899
2.756941
2.764674
2.772631
2.780493
2.788385
2.796258
2.804171
2.812029
2.819918
2.827768
2.835576
2.843431
2.851326
2.859133
2.867088
2.874923
2.882724
2.890475
2.898355
2.906142
2.913964
2.921793
2.929613
2.937399
2.945222
2.952916
2.960754
2.968403
2.976336
2.983970
2.991742
2.999460
3.007195
3.014994
3.022754
3.030427
3.038211
3.045812
3.053560
3.061292
3.068932
3.076665
3.084344
3.092038
3.099576
3.107309
3.115057
3.122637
3.130297
3.137938
3.145497
3.153319
3.160881
3.168491
3.176248
3.183837
3.191345
3.199045
3.206628
3.214322
3.221845
3.229374
3.237044
3.244864
3.252330
3.259919
3.267613
3.275193
3.282740
3.290503
3.298032
3.305648
3.313234
3.320793
3.328364
3.336100
3.343554
3.351212
3.358837
3.366375
3.373964
3.381580
3.389106
3.396728
3.404344
3.411912
3.419432
3.427084
3.434562
3.442157
3.449764
3.457278
3.464861
3.472417
3.479979
3.487544
3.495008
3.502548
3.510027
3.517601
3.525097
3.532617
3.540170
3.547633
3.555099
3.562661
3.570167
3.577564
3.585153
3.592580
3.600061
3.607509
3.615015
3.622493
3.629938
3.637341
3.644774
3.652309
3.659575
3.667140
3.674450
3.681854
3.689266
3.696645
3.704006
3.711401
3.718789
3.726162
3.733532
3.740876
3.748171
3.755578
3.762900
3.770204
3.777461
3.784825
3.792207
3.799479
3.806837
3.814078
3.821374
3.828669
3.835896
3.843185
3.850445
3.857746
3.864901
3.872274
3.879329
3.886703
3.893872
3.901024
3.908340
3.915471
3.922829
3.929936
3.937129
3.944413
3.951544
3.958719
3.965898
3.973205
3.980291
3.987538
3.994753
4.001883
4.009089
4.016285
4.023449
4.030702
4.037857
4.045030
4.052187
4.059411
4.066571
4.073744
4.080919
4.088080
4.095255
4.102497
4.109580
4.116785
4.124026
4.131199
4.138312
4.145559
4.152756
4.159800
4.167101
4.174139
4.181248
4.188619
4.195674
4.202844
4.210034
4.217111
4.224242
4.231450
4.238620
4.245735
4.252905
4.260047
4.267193
4.274423
4.281490
4.288570
4.295823
4.302885
4.310070
4.317203
4.324295
4.331398
4.338580
4.345660
4.352817
4.359951
4.367085
4.374122
4.381280
4.388353
4.395442
4.402600
4.409644
4.416681
4.423860
4.430898
4.437989
4.445084
4.452146
4.459186
4.466305
4.473342
4.480285
4.487520
4.494450
4.501514
4.508570
4.515515
4.522550
4.529705
4.536607
4.543552
4.550713
4.557621
4.564651
4.571628
4.578513
4.585623
4.592655
4.599501
4.606514
4.613453
4.620377
4.627280
4.634315
4.641335
4.648091
4.655149
4.661935
4.668985
4.675876
4.682782
4.689664
4.696630
4.703512
4.710409
4.717309
4.724229
4.731117
4.738011
4.744860
4.751700
4.758621
4.765533
4.772454
4.779378
4.786182
4.793079
4.799976
4.806858
4.813743
4.820598
4.827470
4.834358
4.841300
4.848093
4.854968
4.861862
4.868663
4.875593
4.882535
4.889249
4.896170
4.903103
4.909910
4.916798
4.923629
4.930451
4.937384
4.944311
4.951037
4.957997
4.964825
4.971602
4.978460
4.985336
4.992152
4.998971
5.005850
5.012743
5.019425
5.026388
5.033120
5.039993
5.046782
5.053691
5.060387
5.067182
5.074175
5.080793
5.087729
5.094419
5.101220
5.108030
5.114807
5.121593
5.128416
5.135285
5.141850
5.148758
5.155440
5.162268
5.168934
5.175765
5.182581
5.189226
5.195994
5.202705
5.209369
5.216044
5.222839
5.229517
5.236249
5.242939
5.249701
5.256260
5.262923
5.269736
5.276277
5.282958
5.289654
5.296350
5.302894
5.309584
5.316163
5.322812
5.329430
5.335988
5.342586
5.349228
5.355762
5.362356
5.368963
5.375479
5.382047
5.388674
5.395130
5.401716
5.408253
5.414766
5.421310
5.427907
5.434370
5.440829
5.447337
5.453835
5.460307
5.466760
5.473186
5.479658
5.486213
5.492637
5.499099
5.505544
5.511952
5.518409
5.524854
5.531274
5.537692
5.544193
5.550512
5.556932
5.563371
5.569782
5.576194
5.582609
5.589068
5.595369
5.601756
5.608297
5.614579
5.621063
5.627378
5.633763
5.640178
5.646541
5.652896
5.659272
5.665680
5.671990
5.678404
5.684708
5.691081
5.697447
5.703778
5.710114
5.716469
5.722782
5.729140
5.735464
5.741774
5.748078
5.754474
5.760760
5.767076
5.773407
5.779695
5.785972
5.792333
5.798567
5.804751
5.811115
5.817484
5.823638
5.830041
5.836267
5.842528
5.848820
5.855076
5.861331
5.867539
5.873720
5.880021
5.886283
5.892545
5.898740
5.904963
5.911201
5.917358
5.923742
5.929827
5.936098
5.942282
5.948487
5.954683
5.960948
5.967051
5.973282
5.979424
5.985560
5.991729
5.997982
6.004097
6.010251
6.016431
6.022520
6.028664
6.034845
6.040909
6.047024
6.053244
6.059257
6.065366
6.071481
6.077551
6.083693
6.089736
6.095743
6.101813
6.107925
6.113932
6.119984
6.126027
6.132046
6.138110
6.144168
6.150160
6.156198
6.162324
6.168227
6.174279
6.180247
6.186152
6.192246
6.198199
6.204206
6.210159
6.216178
6.222078
6.228091
6.234008
6.239976
6.245974
6.251936
6.257848
6.263792
6.269685
6.275662
6.281549
0.004263
0.010184
0.016173
0.021961
0.027968
0.033903
0.039764
0.045699
0.051601
0.057488
0.063462
0.069332
0.075225
0.081070
0.086993
0.092857
0.098747
0.104598
0.110519
0.116439
0.122320
0.128222
0.134044
0.140000
0.145809
0.151792
0.157634
0.163447
0.169298
0.175188
0.181058
0.186936
0.192751
0.198642
0.204454
0.210368
0.216255
0.222020
0.228057
0.233833
0.239705
0.245575
0.251378
0.257211
0.263075
0.268956
0.274765
0.280602
0.286408
0.292199
0.298060
0.304001
0.309708
0.315623
0.321426
0.327178
0.333108
0.338887
0.344675
0.350542
0.356300
0.362085
0.367949
0.373677
0.379489
0.385302
0.391081
0.396924
0.402679
0.408392
0.414208
0.419954
0.425737
0.431489
0.437343
0.443069
0.448794
0.454544
0.460332
0.466034
0.471816
0.477553
0.483264
0.489016
0.494733
0.500455
0.506220
0.511891
0.517677
0.523351
0.529050
0.534739
0.540507
0.546139
0.551859
0.557569
0.563244
0.568900
0.574617
0.580261
0.585936
0.591634
0.597261
0.602971
0.608586
0.614278
0.619887
0.625598
0.631176
0.636788
0.642504
0.648008
0.653745
0.659321
0.665002
0.670490
0.676213
0.681771
0.687286
0.692967
0.698608
0.704058
0.709808
0.715257
0.720839
0.726559
0.732035
0.737650
0.743157
0.748759
0.754269
0.759869
0.765346
0.770918
0.776473
0.782052
0.787504
0.793104
0.798671
0.804171
0.809699
0.815239
0.820824
0.826336
0.831846
0.837413
0.842979
0.848426
0.853963
0.859506
0.864979
0.870522
0.876080
0.881560
0.887063
0.892603
0.898110
0.903611
0.909171
0.914642
0.920167
0.925709
0.931177
0.936693
0.942224
0.947701
0.953174
0.958741
0.964230
0.969746
0.975267
0.980729
0.986218
0.991773
0.997249
1.002816
1.008299
1.013779
1.019192
1.024756
1.030221
1.035692
1.041231
1.046735
1.052185
1.057737
1.063195
1.068654
1.074200
1.079629
1.085118
1.090615
1.096077
1.101551
1.107082
1.112529
1.118044
1.123488
1.128953
1.134406
1.139886
1.145326
1.150779
1.156286
1.161715
1.167204
1.172650
1.178181
1.183559
1.189087
1.194510
1.199944
1.205400
1.210865
1.216291
1.221756
1.227146
1.232524
1.238117
1.243453
1.248915
1.254338
1.259740
1.265151
1.270681
1.276041
1.281464
1.286920
1.292319
1.297685
1.303114
1.308474
1.313884
1.319328
1.324658
1.330021
1.335522
1.340825
1.346230
1.351641
1.356941
1.362418
1.367766
1.373119
1.378482
1.383878
1.389184
1.394541
1.399934
1.405234
1.410561
1.415999
1.421245
1.426626
1.431971
1.437313
1.442604
1.447883
1.453252
1.458621
1.463882
1.469197
1.474587
1.479902
1.485193
1.490538
1.495742
1.501054
1.506360
1.511711
1.516957
1.522263
1.527557
1.532788
1.538067
1.543427
1.548664
1.554015
1.559271
1.564499
1.569682
1.575084
1.580240
1.585513
1.590792
1.596116
1.601314
1.606533
1.611875
1.617061
1.622316
1.627554
1.632854
1.638172
1.643301
1.648619
1.653901
1.659096
1.664402
1.669627
1.674849
1.680039
1.685380
1.690582
1.695831
1.701092
1.706335
1.711548
1.716845
1.721992
1.727298
1.732544
1.737797
1.743028
1.748283
1.753442
1.758730
1.763982
1.769204
1.774357
1.779675
1.784886
1.790132
1.795336
1.800591
1.805804
1.811011
1.816203
1.821494
1.826752
1.831882
1.837101
1.842338
1.847560
1.852785
1.857950
1.863176
1.868430
1.873590
1.878779
1.884058
1.889214
1.894418
1.899718
1.904902
1.910028
1.915271
1.920376
1.925532
1.930880
1.936019
1.941184
1.946403
1.951586
1.956784
1.961908
1.967073
1.972274
1.977421
1.982565
1.987743
1.992944
1.998109
2.003199
2.008346
2.013524
2.018695
2.023860
2.028965
2.034106
2.039266
2.044365
2.049473
2.054659
2.059801
2.064921
2.070164
2.075167
2.080273
2.085414
2.090477
2.095556
2.100709
2.105832
2.110847
2.115968
2.121046
2.126112
2.131203
2.136260
2.141362
2.146441
2.151519
2.156588
2.161762
2.166706
2.171805
2.176916
2.181842
2.186911
2.191894
2.196903
2.202047
2.207009
2.212099
2.217124
2.222091
2.227106
2.232074
2.237236
2.242087
2.247144
2.252111
2.257097
2.262022
2.267071
2.272023
2.276958
2.281994
2.286866
2.291851
2.296801
2.301732
2.306772
2.311676
2.316668
2.321497
2.326534
2.331378
2.336313
2.341286
2.346161
2.351056
2.356012
2.360874
2.365734
2.370755
2.375537
2.380555
2.385403
2.390275
2.395173
2.400084
2.404952
2.409851
2.414761
2.419687
2.424510
2.429382
2.434212
2.439125
2.443964
2.448842
2.453698
2.458597
2.463435
2.468343
2.473253
2.478098
2.482940
2.487805
2.492647
2.497545
2.502393
2.507202
2.512049
2.516990
2.521703
2.526571
2.531431
2.536299
2.541087
2.545950
2.550758
2.555639
2.560472
2.565289
2.570143
2.575011
2.579781
2.584587
2.589381
2.594228
2.599052
2.603842
2.608588
2.613445
2.618307
2.622993
2.627889
2.632689
2.637467
2.642210
2.647058
2.651839
2.656633
2.661445
2.666173
2.670975
2.675772
2.680515
2.685254
2.690066
2.694797
2.699569
2.704384
2.709142
2.713855
2.718642
2.723334
2.728230
2.732898
2.737634
2.742377
2.747165
2.751875
2.756540
2.761333
2.766052
2.770759
2.775568
2.780205
2.784996
2.789712
2.794455
2.799122
2.803856
2.808482
2.813318
2.817995
2.822654
2.827348
2.832037
2.836699
2.841397
2.846092
2.850775
2.855436
2.860152
2.864754
2.869443
2.874111
2.878800
2.883473
2.888069
2.892782
2.897384
2.902034
2.906597
2.911355
2.915942
2.920529
2.925154
2.929771
2.934415
2.939050
2.943676
2.948293
2.952865
2.957524
2.962069
2.966656
2.971267
2.975836
2.980429
2.985022
2.989600
2.994139
2.998720
3.003313
3.007834
3.012403
3.016966
3.021511
3.026080
3.030649
3.035161
3.039739
3.044257
3.048823
3.053278
3.057856
3.062332
3.066925
3.071323
3.075838
3.080428
3.084823
3.089398
3.093892
3.098390
3.102866
3.107432
3.111863
3.116348
3.120833
3.125306
3.129716
3.134297
3.138644
3.143181
3.147609
3.152076
3.156492
3.160977
3.165426
3.169869
3.174298
3.178741
3.183184
3.187657
3.192052
3.196486
3.200974
3.205379
3.209768
3.214217
3.218618
3.223040
3.227468
3.231930
3.236289
3.240723
3.245124
3.249550
3.253936
3.258367
3.262756
3.267145
3.271514
3.275948
3.280352
3.284747
3.289166
3.293508
3.297948
3.302283
3.306633
3.311002
3.315388
3.319732
3.324121
3.328469
3.332837
3.337214
3.341597
3.345927
3.350280
3.354627
3.358951
3.363280
3.367639
3.372016
3.376253
3.380675
3.384941
3.389283
3.393630
3.397860
3.402181
3.406609
3.410803
3.415214
3.419438
3.423689
3.428004
3.432225
3.436548
3.440809
3.445108
3.449339
3.453632
3.457925
3.462159
3.466416
3.470665
3.474928
3.479143
3.483434
3.487646
3.491850
3.496089
3.500382
3.504595
3.508789
3.512996
3.517220
3.521385
3.525597
3.529813
3.534073
3.538238
3.542432
3.546650
3.550851
3.555007
3.559186
3.563335
3.567497
3.571730
3.575886
3.579985
3.584161
3.588308
3.592412
3.596649
3.600714
3.604828
3.608968
3.613073
3.617187
3.621276
3.625435
3.629498
3.633662
3.637719
3.641838
3.645880
3.649921
3.653996
3.658137
3.662101
3.666208
3.670277
3.674345
3.678357
3.682417
3.686429
3.690440
3.694461
3.698485
3.702484
3.706484
3.710451
3.714472
3.718483
3.722435
3.726387
3.730411
3.734362
3.738326
3.742275
3.746260
3.750202
3.754166
3.758073
3.762040
3.765956
3.769836
3.773740
3.777682
3.781580
3.785550
3.789418
3.793307
3.797220
3.801138
3.804991
3.808868
3.812778
3.816601
3.820535
3.824361
3.828271
3.832052
3.835989
3.839800
3.843671
3.847529
3.851305
3.855169
3.859037
3.862842
3.866674
3.870524
3.874335
3.878116
3.881999
3.885726
3.889621
3.893363
3.897219
3.900955
3.904781
3.908544
3.912346
3.916118
3.919911
3.923614
3.927416
3.931203
3.934912
3.938783
3.942462
3.946225
3.949965
3.953713
3.957425
3.961188
3.964855
3.968648
3.972360
3.976066
3.979769
3.983550
3.987266
3.990957
3.994651
3.998348
4.002075
4.005796
4.009481
4.013185
4.016891
4.020578
4.024270
4.027934
4.031619
4.035265
4.039004
4.042603
4.046228
4.049976
4.053577
4.057316
4.060921
4.064632
4.068231
4.071907
4.075565
4.079206
4.082831
4.086435
4.090066
4.093724
4.097359
4.100984
4.104630
4.108192
4.111838
4.115440
4.119041
4.122672
4.126244
4.129836
4.133464
4.137029
4.140598
4.144202
4.147791
4.151381
4.154963
4.158541
4.162154
4.165701
4.169303
4.172817
4.176422
4.179960
4.183540
4.187078
4.190665
4.194236
4.197765
4.201337
4.204806
4.208428
4.211973
4.215478
4.219031
4.222603
4.226102
4.229673
4.233161
4.236684
4.240204
4.243737
4.247221
4.250778
4.254292
4.257812
4.261315
4.264808
4.268278
4.271741
4.275282
4.278725
4.282209
4.285700
4.289154
4.292603
4.296096
4.299607
4.303044
4.306528
4.309947
4.313407
4.316844
4.320277
4.323768
4.327198
4.330595
4.334017
4.337507
4.340851
4.344306
4.347742
4.351121
4.354537
4.357983
4.361359
4.364694
4.368178
4.371516
4.374946
4.378290
4.381660
4.385007
4.388330
4.391763
4.395113
4.398471
4.401824
4.405161
4.408556
4.411897
4.415237
4.418569
4.421885
4.425250
4.428543
4.431853
4.435155
4.438489
4.441788
4.445060
4.448349
4.451657
4.454914
4.458219
4.461535
4.464768
4.468046
4.471323
4.474559
4.477843
4.481126
4.484365
4.487613
4.490839
4.494087
4.497335
4.500496
4.503786
4.507010
4.510245
4.513442
4.516648
4.519833
4.523041
4.526256
4.529444
4.532623
4.535843
4.538953
4.542132
4.545296
4.548469
4.551630
4.554790
4.557915
4.561052
4.564186
4.567338
4.570499
4.573621
4.576706
4.579846
4.582947
4.586087
4.589152
4.592310
4.595345
4.598455
4.601535
4.604624
4.607716
4.610772
4.613801
4.616889
4.619943
4.623025
4.626085
4.629128
4.632182
4.635192
4.638201
4.641253
4.644295
4.647249
4.650308
4.653271
4.656288
4.659248
4.662352
4.665315
4.668287
4.671256
4.674213
4.677188
4.680191
4.683162
4.686134
4.689065
4.692019
4.694985
4.697888
4.700800
4.703802
4.706678
4.709648
4.712485
4.715505
4.718393
4.721335
4.724238
4.727139
4.730039
4.732996
4.735845
4.738805
4.741673
4.744555
4.747392
4.750370
4.753198
4.756110
4.758984
4.761872
4.764778
4.767645
4.770480
4.773374
4.776253
4.779093
4.781960
4.784816
4.787620
4.790499
4.793334
4.796192
4.798984
4.801875
4.804698
4.807499
4.810384
4.813209
4.816055
4.818854
4.821658
4.824504
4.827291
4.830140
4.832926
4.835770
4.838502
4.841321
4.844075
4.846819
4.849608
4.852386
4.855124
4.857883
4.860640
4.863393
4.866174
4.868969
4.871659
4.874401
4.877196
4.879910
4.882631
4.885372
4.888081
4.890816
4.893507
4.896164
4.898870
4.901551
4.904253
4.906974
4.909673
4.912343
4.915024
4.917691
4.920336
4.923042
4.925699
4.928375
4.930996
4.933633
4.936296
4.938930
4.941581
4.944242
4.946917
4.949503
4.952106
4.954716
4.957332
4.959977
4.962586
4.965181
4.967761
4.970335
4.972929
4.975464
4.977995
4.980635
4.983179
4.985743
4.988299
4.990879
4.993437
4.996005
4.998536
5.001101
5.003639
5.006188
5.008678
5.011234
5.013762
5.016291
5.018816
5.021312
5.023820
5.026343
5.028802
5.031310
5.033800
5.036281
5.038767
5.041290
5.043717
5.046195
5.048669
5.051123
5.053571
5.056031
5.058485
5.060923
5.063389
5.065807
5.068252
5.070682
5.073123
5.075574
5.078010
5.080437
5.082828
5.085293
5.087669
5.090081
5.092487
5.094899
5.097289
5.099674
5.102023
5.104411
5.106811
5.109205
5.111568
5.113947
5.116272
5.118678
5.121033
5.123373
5.125707
5.128077
5.130438
5.132775
5.135090
5.137427
5.139759
5.142092
5.144417
5.146698
5.149013
5.151329
5.153642
5.155967
5.158256
5.160566
5.162864
5.165138
5.167439
5.169722
5.171963
5.174237
5.176526
5.178773
5.181047
5.183288
5.185532
5.187761
5.190029
5.192237
5.194475
5.196734
5.198955
5.201150
5.203382
5.205567
5.207769
5.209992
5.212164
5.214345
5.216541
5.218717
5.220886
5.223052
5.225215
5.227363
5.229538
5.231678
5.233838
5.235989
5.238113
5.240240
5.242379
5.244485
5.246592
5.248731
5.250828
5.252904
5.255032
5.257066
5.259181
5.261246
5.263280
5.265362
5.267426
5.269482
5.271528
5.273577
5.275594
5.277637
5.279650
5.281655
5.283698
5.285735
5.287731
5.289720
5.291766
5.293735
5.295769
5.297713
5.299688
5.301641
5.303643
5.305590
5.307580
5.309533
5.311465
5.313401
5.315378
5.317263
5.319207
5.321095
5.323039
5.324935
5.326847
5.328753
5.330661
5.332579
5.334454
5.336336
5.338196
5.340063
5.341935
5.343796
5.345654
5.347487
5.349369
5.351190
5.353054
5.354884
5.356697
5.358482
5.360328
5.362155
5.363992
5.365850
5.367627
5.369439
5.371225
5.373010
5.374817
5.376579
5.378367
5.380117
5.381873
5.383652
5.385417
5.387182
5.388947
5.390690
5.392404
5.394124
5.395879
5.397620
5.399337
5.401089
5.402791
5.404517
5.406209
5.407950
5.409628
5.411360
5.413068
5.414742
5.416414
5.418125
5.419830
5.421541
5.423213
5.424872
5.426514
5.428165
5.429852
5.431490
5.433135
5.434780
5.436428
5.438052
5.439676
5.441311
5.442938
5.444568
5.446189
5.447786
5.449401
5.451015
5.452621
5.454239
5.455863
5.457451
5.459021
5.460597
5.462158
5.463737
5.465331
5.466907
5.468477
5.470029
5.471571
5.473130
5.474676
5.476231
5.477788
5.479334
5.480863
5.482372
5.483889
5.485398
5.486908
5.488428
5.489916
5.491415
5.492928
5.494392
5.495884
5.497401
5.498902
5.500406
5.501922
5.503372
5.504837
5.506311
5.507779
5.509226
5.510688
5.512138
5.513603
5.515041
5.516489
5.517909
5.519341
5.520767
5.522214
5.523643
5.525051
5.526472
5.527892
5.529279
5.530687
5.532095
5.533476
5.534884
5.536281
5.537638
5.538998
5.540382
5.541751
5.543094
5.544469
5.545820
5.547165
5.548507
5.549856
5.551198
5.552540
5.553900
5.555207
5.556537
5.557837
5.559119
5.560447
5.561744
5.563047
5.564344
5.565621
5.566900
5.568206
5.569501
5.570807
5.572077
5.573324
5.574600
5.575885
5.577129
5.578375
5.579637
5.580883
5.582111
5.583331
5.584538
5.585748
5.586980
5.588190
5.589413
5.590623
5.591833
5.593041
5.594251
5.595453
5.596654
5.597831
5.599012
5.600207
5.601370
5.602535
5.603674
5.604839
5.605957
5.607101
5.608234
5.609348
5.610487
5.611628
5.612716
5.613822
5.614948
5.616071
5.617180
5.618298
5.619397
5.620488
5.621566
5.622669
5.623747
5.624829
5.625863
5.626932
5.627990
5.629045
5.630078
5.631109
5.632130
5.633152
5.634147
5.635139
5.636145
5.637164
5.638179
5.639207
5.640241
5.641241
5.642248
5.643252
5.644273
5.645253
5.646245
5.647206
5.648168
5.649130
5.650053
5.650967
5.651919
5.652851
5.653771
5.654679
5.655590
5.656518
5.657423
5.658313
5.659203
5.660110
5.661016
5.661899
5.662819
5.663706
5.664622
5.665515
5.666411
5.667286
5.668164
5.668991
5.669818
5.670657
5.671481
5.672296
5.673120
5.673973
5.674812
5.675624
5.676412
5.677209
5.678015
5.678812
5.679573
5.680349
5.681131
5.681907
5.682698
5.683480
5.684262
5.685035
5.685796
5.686574
5.687345
5.688112
5.688879
5.689672
5.690436
5.691195
5.691920
5.692609
5.693319
5.694035
5.694742
5.695437
5.696150
5.696851
5.697531
5.698208
5.698885
5.699569
5.700252
5.700917
5.701576
5.702235
5.702879
5.703544
5.704185
5.704842
5.705477
5.706100
5.706717
5.707364
5.708014
5.708668
5.709318
5.709980
5.710630
5.711277
5.711900
5.712533
5.713177
5.713800
5.714405
5.714983
5.715570
5.716152
5.716718
5.717278
5.717826
5.718354
5.718884
5.719420
5.719963
5.720496
5.721032
5.721545
5.722063
5.722569
5.723088
5.723594
5.724097
5.724616
5.725119
5.725604
5.726105
5.726602
5.727084
5.727551
5.728013
5.728471
5.728930
5.729391
5.729859
5.730332
5.730824
5.731294
5.731761
5.732234
5.732705
5.733181
5.733664
5.734152
5.734632
5.735105
5.735587
5.736061
5.736522
5.736962
5.737385
5.737780
5.738167
5.738565
5.738943
5.739299
5.739653
5.739991
5.740330
5.740663
5.740983
5.741294
5.741612
5.741924
5.742248
5.742559
5.742874
5.743203
5.743521
5.743826
5.744123
5.744401
5.744692
5.744995
5.745291
5.745585
5.745882
5.746178
5.746454
5.746732
5.747005
5.747272
5.747547
5.747814
5.748075
5.748323
5.748584
5.748830
5.749081
5.749330
5.749564
5.749774
5.749992
5.750223
5.750442
5.750648
5.750879
5.751107
5.751326
5.751535
5.751736
5.751945
5.752170
5.752383
5.752587
5.752790
5.753000
5.753210
5.753426
5.753650
5.753878
5.754079
5.754292
5.754528
5.754771
5.755008
5.755262
5.755508
5.755756
5.755996
5.756224
5.756449
5.756691
5.756922
5.757147
5.757369
5.757608
5.757830
5.758046
5.758255
5.758471
5.758669
5.758861
5.759064
5.759253
5.759433
5.759606
5.759777
5.759939
5.760089
5.760224
5.760358
5.760490
5.760601
5.760694
5.760775
5.760859
5.760940
5.760997
5.761045
5.761075
5.761086
5.761093
5.761102
5.761105
5.761105
5.761105
5.761105
5.761105
5.761105
5.761105
5.761105
5.761105
5.761105
5.761045
5.760967
5.760889
5.760811
5.760724
5.760637
5.760541
5.760437
5.760341
5.760248
5.760152
5.760053
5.759966
5.759873
5.759789
5.759702
5.759631
5.759555
5.759493
5.759430
5.759361
5.759295
5.759241
5.759196
5.759145
5.759103
5.759061
5.759013
5.758977
5.758959
5.758938
5.758920
5.758914
5.758914
5.758914
5.758914
5.758914
5.758914
5.758914
5.758914
5.758914
5.758914
5.758914
5.758914
5.758914
5.758914
5.758914
5.758914
5.758914
5.758914
5.758914
5.758914
5.758914
5.758914
5.758914
5.758914
5.758914
5.758914
5.758914
5.758914
5.758914
5.758914
5.758914
5.758914
5.758914
5.758914
5.758914
5.758914
5.758914
5.758914
5.758914
5.758914
5.758914
5.758914
5.758914
5.758914
5.758914
5.758914
5.758914
5.758914
5.758914
5.758914
5.758914
5.758914
5.758914
5.758914
5.758914
5.758914
5.758914
5.758914
5.758914
5.758914
5.758914
5.758914
5.758914
5.758914
5.758914
5.758914
5.758914
5.758914
5.758914
5.758914
5.758914
5.758914
5.758914
5.758914
5.758914
5.758914
5.758914
5.758914
5.758914
5.758914
5.758914
5.758914
5.758914
5.758914
5.758914
5.758914
5.758914
5.758914
5.758914
5.758914
5.758914
5.758914
5.758914
5.758914
5.758914
5.758914
5.758914
5.758914
5.758914
5.758914