4.232322
4.232322
4.232322
4.232322
4.232322
4.232322
4.232322
4.232322
4.232490
4.232918
4.233484
4.234126
4.234943
4.235944
4.237073
4.238332
4.239800
4.241412
4.243087
4.244764
4.246604
4.248647
4.250865
4.253094
4.255577
4.258292
4.261117
4.263996
4.267013
4.270225
4.273571
4.277074
4.280654
4.284390
4.288390
4.292363
4.296530
4.300880
4.305402
4.310034
4.314929
4.319750
4.324879
4.330122
4.335512
4.341079
4.346744
4.352653
4.358644
4.364861
4.371087
4.377565
4.384264
4.390930
4.397770
4.404769
4.412023
4.419273
4.426742
4.434307
4.442115
4.449878
4.457868
4.465991
4.474400
4.482882
4.491262
4.500199
4.508942
4.517969
4.527293
4.536476
4.545922
4.555507
4.565417
4.575260
4.585287
4.595459
4.605607
4.616120
4.626926
4.637599
4.648486
4.659505
4.670789
4.682096
4.693478
4.705189
4.716922
4.728703
4.741019
4.753255
4.765584
4.778263
4.790934
4.803834
4.816772
4.830014
4.843323
4.856859
4.870569
4.884354
4.898315
4.912519
4.926886
4.941099
4.956022
4.970490
4.985255
5.000121
5.014898
5.029776
5.044672
5.059512
5.074537
5.089569
5.104480
5.119487
5.134231
5.149454
5.164152
5.179207
5.193882
5.208934
5.223831
5.238895
5.253722
5.268847
5.283473
5.298541
5.313248
5.328207
5.343047
5.357847
5.372606
5.387565
5.402186
5.416903
5.431748
5.446267
5.461089
5.475643
5.490246
5.504951
5.519524
5.534087
5.548732
5.563365
5.577740
5.592334
5.607014
5.621668
5.636073
5.650646
5.665192
5.679681
5.694457
5.708871
5.723219
5.737867
5.752332
5.767091
5.781505
5.796158
5.810426
5.825244
5.839550
5.854078
5.868633
5.883020
5.897557
5.912058
5.926475
5.940811
5.955288
5.969876
5.984080
5.998740
6.012977
6.027418
6.041904
6.056012
6.070375
6.084721
6.098952
6.113177
6.127567
6.141475
6.156021
6.169929
6.184279
6.198169
6.212365
6.226440
6.240596
6.254864
6.268861
6.282948
0.013824
0.027944
0.041891
0.056014
0.070054
0.084153
0.098151
0.112184
0.126197
0.140326
0.154378
0.168486
0.182514
0.196556
0.210638
0.224605
0.238654
0.252565
0.266805
0.280775
0.294800
0.308941
0.322840
0.337068
0.350928
0.365028
0.379067
0.393190
0.407185
0.421135
0.435117
0.449052
0.463026
0.476909
0.491051
0.504743
0.518965
0.532822
0.546720
0.560640
0.574410
0.588392
0.602159
0.615800
0.629978
0.643547
0.657482
0.671215
0.685042
0.698626
0.712498
0.726322
0.740041
0.753706
0.767578
0.781195
0.794935
0.808689
0.822262
0.835978
0.850098
0.863568
0.877239
0.890976
0.904770
0.918549
0.932334
0.946056
0.959921
0.973649
0.987344
1.001189
1.014980
1.028786
1.042678
1.056332
1.070185
1.083922
1.098037
1.111783
1.125657
1.139469
1.153317
1.167135
1.181039
1.194950
1.208750
1.222544
1.236406
1.250248
1.264015
1.277773
1.291759
1.305621
1.319295
1.333104
1.347060
1.360908
1.374483
1.388693
1.402253
1.416083
1.429898
1.443632
1.457342
1.471234
1.484872
1.498669
1.512580
1.526047
1.539859
1.553809
1.567456
1.581124
1.594951
1.608592
1.622400
1.636269
1.649955
1.663620
1.677453
1.691432
1.705244
1.718957
1.732673
1.746677
1.760237
1.774148
1.787965
1.801900
1.815679
1.829662
1.843704
1.857237
1.871343
1.885244
1.899029
1.912901
1.926878
1.940731
1.954660
1.968502
1.982233
1.996197
2.010291
2.023962
2.038001
2.051795
2.065583
2.079428
2.093333
2.107303
2.121046
2.134777
2.148661
2.162467
2.176078
2.190126
2.203647
2.217471
2.231115
2.244954
2.258679
2.272362
2.285931
2.299893
2.313372
2.326935
2.340675
2.354244
2.367720
2.381469
2.394960
2.408649
2.422312
2.435824
2.449495
2.463115
2.476720
2.490361
2.504095
2.517427
2.531200
2.544763
2.558473
2.572078
2.585701
2.599298
2.612947
2.626484
2.640113
2.653945
2.667548
2.681003
2.694737
2.708285
2.721902
2.735453
2.749097
2.762625
2.776293
2.789859
2.803338
2.816916
2.830578
2.843893
2.857554
2.871109
2.884588
2.898142
2.911678
2.924903
2.938385
2.952023
2.965484
2.978838
2.992278
3.005647
3.019087
3.032434
3.045731
3.059120
3.072653
3.085776
3.099249
3.112429
3.125872
3.138995
3.152241
3.165435
3.178711
3.192007
3.205238
3.218472
3.231918
3.245017
3.258316
3.271702
3.284705
3.298047
3.311391
3.324589
3.337879
3.351394
3.364326
3.377924
3.390951
3.404395
3.417664
3.431039
3.444236
3.457302
3.470685
3.483916
3.497105
3.510524
3.523620
3.537048
3.550081
3.563204
3.576677
3.589812
3.603003
3.616219
3.629411
3.642563
3.655839
3.668890
3.682033
3.695192
3.708138
3.721261
3.734641
3.747629
3.760602
3.773734
3.786892
3.799925
3.812907
3.825820
3.838814
3.851910
3.864829
3.877909
3.890948
3.903720
3.916606
3.929720
3.942726
3.955483
3.968756
3.981483
3.994477
4.007495
4.020474
4.033492
4.046249
4.059288
4.072264
4.085332
4.098329
4.111335
4.124368
4.137116
4.150344
4.163413
4.176376
4.189304
4.202523
4.215250
4.228346
4.241520
4.254529
4.267564
4.280630
4.293594
4.306756
4.319732
4.332759
4.345788
4.358887
4.372001
4.384896
4.398112
4.411007
4.424006
4.436995
4.450045
4.463318
4.476153
4.489060
4.501991
4.515198
4.528111
4.541122
4.554107
4.567059
4.580041
4.593059
4.605951
4.618897
4.631999
4.644771
4.657618
4.670950
4.683591
4.696501
4.709594
4.722501
4.735423
4.748282
4.761195
4.774183
4.787123
4.800084
4.812982
4.825996
4.838945
4.851909
4.865050
4.877999
4.890933
4.904100
4.916969
4.930061
4.943073
4.956034
4.969148
4.982172
4.995103
5.008300
5.021274
5.034366
5.047240
5.060654
5.073435
5.086662
5.099635
5.112611
5.125764
5.138844
5.151947
5.164877
5.177901
5.190904
5.203955
5.217137
5.229943
5.242841
5.255829
5.269005
5.281822
5.294852
5.307699
5.320681
5.333663
5.346331
5.359234
5.372435
5.385148
5.397869
5.410782
5.423518
5.436425
5.449248
5.461951
5.474798
5.487592
5.500307
5.513112
5.526055
5.538542
5.551414
5.564174
5.576931
5.589631
5.602374
5.615038
5.627828
5.640705
5.653169
5.666034
5.678884
5.691479
5.704233
5.717044
5.729733
5.742550
5.755271
5.767941
5.780704
5.793495
5.806156
5.818857
5.831623
5.844317
5.857014
5.869825
5.882567
5.895115
5.907971
5.920468
5.933180
5.945857
5.958482
5.971110
5.983831
5.996361
6.008992
6.021689
6.034219
6.046761
6.059446
6.071849
6.084421
6.097097
6.109489
6.121878
6.134752
6.146994
6.159469
6.171960
6.184402
6.196938
6.209258
6.221640
6.234032
6.246469
6.258896
6.271117
0.000243
0.012751
0.025071
0.037433
0.049863
0.062096
0.074470
0.086796
0.099160
0.111450
0.123749
0.136255
0.148488
0.160870
0.173157
0.185600
0.197758
0.210089
0.222793
0.234873
0.247294
0.259797
0.271967
0.284266
0.296804
0.308992
0.321447
0.333806
0.346018
0.358367
0.370741
0.383046
0.395449
0.407691
0.420092
0.432184
0.444717
0.456845
0.469099
0.481508
0.493627
0.505914
0.518255
0.530503
0.542718
0.554974
0.567228
0.579281
0.591661
0.603738
0.615935
0.628144
0.640194
0.652307
0.664696
0.676680
0.688844
0.700984
0.713085
0.725156
0.737341
0.749359
0.761487
0.773519
0.785647
0.797652
0.809822
0.821782
0.833919
0.846068
0.858118
0.870112
0.882270
0.894266
0.906400
0.918603
0.930752
0.942787
0.954861
0.966845
0.979168
0.991353
1.003346
1.015498
1.027752
1.039889
1.052023
1.064223
1.076339
1.088497
1.100730
1.112861
1.125025
1.137339
1.149359
1.161484
1.173768
1.185848
1.198192
1.210203
1.222292
1.234612
1.246833
1.258841
1.271041
1.283346
1.295372
1.307479
1.319784
1.331891
1.344037
1.356162
1.368338
1.380580
1.392666
1.404644
1.417042
1.428885
1.441106
1.453150
1.465284
1.477385
1.489558
1.501534
1.513664
1.525700
1.537738
1.549815
1.561937
1.573969
1.586121
1.598210
1.610200
1.622215
1.634477
1.646399
1.658521
1.670658
1.682756
1.694935
1.707102
1.719188
1.731292
1.743543
1.755635
1.767763
1.780029
1.792082
1.804258
1.816521
1.828598
1.840840
1.853073
1.865210
1.877188
1.889763
1.901669
1.913962
1.926198
1.938266
1.950436
1.962698
1.974818
1.986922
1.999358
2.011408
2.023713
2.035916
2.047924
2.060163
2.072348
2.084287
2.096556
2.108669
2.120687
2.132982
2.144969
2.157208
2.169193
2.181369
2.193338
2.205475
2.217597
2.229551
2.241592
2.253586
2.265696
2.277626
2.289598
2.301486
2.313375
2.325566
2.337397
2.349280
2.361465
2.373278
2.385184
2.397094
2.409159
2.420972
2.432867
2.444839
2.456745
2.468631
2.480624
2.492722
2.504589
2.516585
2.528447
2.540338
2.552223
2.564462
2.576264
2.588128
2.600094
2.612133
2.623976
2.635870
2.647870
2.659950
2.671670
2.683655
2.695555
2.707509
2.719421
2.731283
2.743222
2.755149
2.767041
2.779037
2.790985
2.802688
2.814558
2.826551
2.838257
2.850088
2.862016
2.873757
2.885601
2.897432
2.909201
2.920990
2.932884
2.944650
2.956227
2.968046
2.979740
2.991547
3.003346
3.014991
3.026751
3.038420
3.050075
3.061814
3.073337
3.085288
3.096667
3.108363
3.119883
3.131625
3.143193
3.154763
3.166478
3.178106
3.189443
3.201067
3.212698
3.224311
3.235884
3.247569
3.259011
3.270567
3.282224
3.293708
3.305231
3.316934
3.328403
3.340171
3.351787
3.363229
3.374818
3.386655
3.397977
3.409554
3.421427
3.432998
3.444329
3.456134
3.467558
3.479143
3.490717
3.502360
3.513817
3.525531
3.536922
3.548364
3.559977
3.571512
3.583076
3.594503
3.606122
3.617366
3.628907
3.640526
3.651890
3.663308
3.674828
3.686276
3.697844
3.709109
3.720613
3.732100
3.743369
3.754754
3.766190
3.777569
3.788855
3.800141
3.811433
3.822977
3.834227
3.845489
3.856823
3.868130
3.879390
3.890670
3.902034
3.913320
3.924489
3.935808
3.946995
3.958291
3.969607
3.980782
3.992143
4.003232
4.014677
4.025717
4.037230
4.048244
4.059740
4.070877
4.082336
4.093350
4.104750
4.116012
4.127400
4.138683
4.149961
4.161288
4.172751
4.183906
4.195102
4.206559
4.217977
4.229059
4.240618
4.251595
4.263064
4.274372
4.285738
4.296980
4.308398
4.319711
4.330988
4.342421
4.353695
4.365005
4.376372
4.387563
4.399019
4.410306
4.421496
4.432779
4.444224
4.455495
4.466772
4.477993
4.489237
4.500526
4.511785
4.523011
4.534291
4.545563
4.556840
4.567979
4.579280
4.590503
4.601679
4.612842
4.624254
4.635301
4.646458
4.657651
4.668892
4.680235
4.691360
4.702490
4.713776
4.724778
4.736127
4.747323
4.758337
4.769506
4.780858
4.791982
4.803136
4.814446
4.825604
4.836827
4.848122
4.859289
4.870515
4.881699
4.892973
4.904181
4.915519
4.926652
4.938049
4.949090
4.960451
4.971736
4.982888
4.994195
5.005511
5.016737
5.027985
5.039283
5.050527
5.061738
5.073078
5.084274
5.095570
5.106904
5.118049
5.129296
5.140583
5.151767
5.163053
5.174366
5.185317
5.196665
5.207865
5.219058
5.230254
5.241459
5.252551
5.263705
5.274833
5.285924
5.297324
5.308296
5.319324
5.330583
5.341531
5.352772
5.363731
5.374811
5.386025
5.396796
5.407980
5.419015
5.429965
5.441012
5.451998
5.463135
5.473996
5.485018
5.495843
5.506853
5.517924
5.528796
5.539729
5.550521
5.561603
5.572470
5.583457
5.594335
5.605196
5.616063
5.627241
5.638053
5.648980
5.659928
5.670881
5.681700
5.692675
5.703595
5.714423
5.725365
5.736375
5.747200
5.758142
5.769032
5.779914
5.790885
5.801752
5.812613
5.823500
5.834475
5.845297
5.856140
5.867027
5.877855
5.888758
5.899702
5.910476
5.921325
5.932077
5.943061
5.953790
5.964618
5.975377
5.986198
5.997158
6.007764
6.018670
6.029383
6.040229
6.050679
6.061693
6.072173
6.083100
6.093610
6.104521
6.115056
6.125686
6.136508
6.147075
6.157758
6.168376
6.179009
6.189682
6.200207
6.210887
6.221443
6.232018
6.242640
6.253177
6.263681
6.274221
0.001636
0.012137
0.022644
0.033277
0.043796
0.054313
0.064844
0.075381
0.085831
0.096404
0.106920
0.117526
0.128063
0.138457
0.149018
0.159621
0.170020
0.180461
0.191103
0.201569
0.212190
0.222691
0.233195
0.243729
0.254374
0.264887
0.275308
0.285881
0.296331
0.306919
0.317489
0.327927
0.338452
0.348918
0.359395
0.369884
0.380526
0.390979
0.401373
0.411937
0.422321
0.432780
0.443305
0.453678
0.464155
0.474701
0.485079
0.495503
0.505971
0.516454
0.526752
0.537346
0.547631
0.558010
0.568421
0.578718
0.589157
0.599601
0.609880
0.620214
0.630598
0.640910
0.651214
0.661598
0.671875
0.682208
0.692446
0.702854
0.713061
0.723296
0.733656
0.743873
0.754125
0.764429
0.774669
0.784994
0.795177
0.805472
0.815709
0.825953
0.836229
0.846545
0.856674
0.866936
0.877461
0.887453
0.897753
0.908108
0.918315
0.928523
0.938757
0.948983
0.959406
0.969650
0.979932
0.990179
1.000482
1.010746
1.020993
1.031344
1.041582
1.051978
1.062288
1.072501
1.082883
1.093225
1.103418
1.113802
1.124108
1.134394
1.144667
1.154980
1.165307
1.175619
1.185971
1.196190
1.206482
1.216833
1.227074
1.237473
1.247735
1.258104
1.268332
1.278606
1.288876
1.299252
1.309483
1.319727
1.329988
1.340310
1.350526
1.360818
1.371085
1.381308
1.391617
1.401945
1.412041
1.422300
1.432561
1.442769
1.453006
1.463280
1.473526
1.483572
1.494001
1.504071
1.514312
1.524549
1.534742
1.544889
1.555088
1.565263
1.575422
1.585591
1.595843
1.606039
1.616202
1.626469
1.636635
1.646908
1.657077
1.667299
1.677540
1.687756
1.698102
1.708282
1.718526
1.728677
1.738962
1.749152
1.759497
1.769735
1.779954
1.790218
1.800612
1.810840
1.821129
1.831363
1.841643
1.851850
1.862256
1.872457
1.882740
1.893172
1.903296
1.913470
1.924007
1.934182
1.944399
1.954903
1.964963
1.975234
1.985546
1.995808
2.006009
2.016313
2.026610
2.036785
2.047082
2.057251
2.067513
2.077771
2.088038
2.098171
2.108469
2.118721
2.128914
2.139052
2.149230
2.159563
2.169591
2.179856
2.189922
2.200205
2.210266
2.220407
2.230609
2.240505
2.250829
2.260827
2.270903
2.281065
2.291075
2.301214
2.311263
2.321329
2.331318
2.341430
2.351398
2.361459
2.371510
2.381562
2.391536
2.401663
2.411574
2.421652
2.431647
2.441735
2.451574
2.461707
2.471617
2.481714
2.491712
2.501716
2.511726
2.521796
2.531844
2.541908
2.551891
2.561889
2.571908
2.582088
2.591984
2.602012
2.612049
2.622052
2.632047
2.641994
2.652052
2.661972
2.672099
2.681989
2.691873
2.701963
2.711946
2.721980
2.732008
2.741871
2.751806
2.761911
2.771837
2.781793
2.791731
2.801684
2.811505
2.821659
2.831534
2.841544
2.851398
2.861237
2.871184
2.881134
2.890988
2.900719
2.910851
2.920523
2.930511
2.940282
2.950136
2.960023
2.969778
2.979620
2.989480
2.999217
3.009068
3.018787
3.028662
3.038403
3.048059
3.057937
3.067647
3.077312
3.087175
3.096859
3.106440
3.116261
3.126028
3.135810
3.145350
3.155036
3.164842
3.174376
3.184137
3.193733
3.203554
3.213171
3.222864
3.232580
3.242203
3.251824
3.261477
3.271205
3.280768
3.290617
3.300198
3.310022
3.319504
3.329221
3.338796
3.348599
3.358199
3.367894
3.377643
3.387209
3.397022
3.406498
3.416340
3.425853
3.435557
3.445210
3.454809
3.464487
3.474113
3.483775
3.493411
3.503001
3.512663
3.522346
3.531898
3.541470
3.551147
3.560711
3.570373
3.579913
3.589575
3.599061
3.608687
3.618196
3.627763
3.637347
3.646863
3.656303
3.665941
3.675370
3.684891
3.694593
3.704036
3.713537
3.722965
3.732520
3.741957
3.751419
3.760884
3.770288
3.779804
3.789190
3.798583
3.808059
3.817395
3.826803
3.836288
3.845558
3.855002
3.864391
3.873709
3.883108
3.892533
3.901812
3.911124
3.920525
3.929822
3.939131
3.948482
3.957778
3.967063
3.976453
3.985815
3.994959
4.004313
4.013781
4.023008
4.032395
4.041668
4.051159
4.060447
4.069735
4.079107
4.088377
4.097676
4.107039
4.116384
4.125680
4.135013
4.144468
4.153697
4.163047
4.172425
4.181704
4.191078
4.200429
4.209780
4.219091
4.228460
4.237721
4.247215
4.256509
4.265815
4.275103
4.284600
4.293843
4.303092
4.312553
4.321829
4.331303
4.340446
4.349917
4.359133
4.368487
4.377769
4.387086
4.396500
4.405769
4.415003
4.424438
4.433579
4.442894
4.452125
4.461448
4.470661
4.479964
4.489195
4.498614
4.507869
4.517076
4.526415
4.535649
4.544912
4.554092
4.563386
4.572521
4.581770
4.591010
4.600181
4.609457
4.618696
4.627778
4.637050
4.646284
4.655389
4.664671
4.673776
4.682938
4.692058
4.701465
4.710454
4.719585
4.728768
4.737862
4.747011
4.756179
4.765323
4.774467
4.783719
4.792806
4.801995
4.811199
4.820328
4.829547
4.838715
4.847858
4.857122
4.866186
4.875476
4.884641
4.893776
4.902980
4.912130
4.921367
4.930484
4.939709
4.948910
4.958119
4.967234
4.976542
4.985641
4.994857
5.004196
5.013196
5.022391
5.031658
5.040763
5.049922
5.059153
5.068305
5.077497
5.086677
5.095833
5.104971
5.114250
5.123295
5.132502
5.141694
5.150736
5.160150
5.168973
5.178270
5.187438
5.196435
5.205531
5.214732
5.223795
5.232777
5.242092
5.251059
5.260155
5.269248
5.278194
5.287395
5.296317
5.305350
5.314351
5.323459
5.332360
5.341354
5.350429
5.359306
5.368354
5.377325
5.386328
5.395199
5.404184
5.412945
5.422002
5.430927
5.439793
5.448685
5.457622
5.466427
5.475326
5.484296
5.493077
5.501957
5.510817
5.519676
5.528482
5.537353
5.546176
5.555084
5.563796
5.572632
5.581608
5.590386
5.599177
5.607985
5.616934
5.625638
5.634539
5.643419
5.651970
5.660970
5.669605
5.678357
5.687222
5.695997
5.704746
5.713710
5.722377
5.731303
5.739991
5.748800
5.757590
5.766356
5.775210
5.783886
5.792671
5.801474
5.810147
5.819060
5.827761
5.836515
5.845240
5.854063
5.862734
5.871443
5.880237
5.888943
5.897662
5.906404
5.915015
5.923775
5.932590
5.941111
5.949805
5.958643
5.967236
5.975817
5.984661
5.993194
6.001832
6.010595
6.019146
6.027732
6.036349
6.044909
6.053504
6.062307
6.070684
6.079432
6.087959
6.096474
6.105043
6.113603
6.122135
6.130662
6.139252
6.147809
6.156284
6.164934
6.173299
6.181901
6.190263
6.198858
6.207193
6.215909
6.224109
6.232696
6.241040
6.249447
6.257886
6.266438
6.274820
0.000057
0.008551
0.016922
0.025422
0.033766
0.042178
0.050603
0.058950
0.067378
0.075785
0.084183
0.092569
0.100982
0.109398
0.117769
0.126233
0.134586
0.142996
0.151322
0.159774
0.168118
0.176507
0.184935
0.193255
0.201683
0.210110
0.218383
0.226828
0.235241
0.243561
0.251929
0.260240
0.268785
0.277024
0.285506
0.293823
0.302161
0.310553
0.318876
0.327247
0.335717
0.344091
0.352366
0.360719
0.369030
0.377356
0.385688
0.394032
0.402346
0.410750
0.419025
0.427348
0.435788
0.443938
0.452318
0.460719
0.468937
0.477215
0.485562
0.493783
0.502073
0.510366
0.518608
0.526991
0.535150
0.543461
0.551631
0.559960
0.568178
0.576456
0.584698
0.592929
0.601129
0.609293
0.617466
0.625681
0.633897
0.642094
0.650297
0.658434
0.666587
0.674781
0.682945
0.691142
0.699363
0.707432
0.715539
0.723676
0.731916
0.739882
0.748028
0.756256
0.764354
0.772482
0.780619
0.788751
0.796942
0.804917
0.813016
0.821108
0.829245
0.837284
0.845409
0.853570
0.861600
0.869707
0.877838
0.885919
0.894020
0.902125
0.910139
0.918357
0.926435
0.934482
0.942583
0.950751
0.958849
0.966878
0.975126
0.983105
0.991233
0.999436
1.007433
1.015636
1.023728
1.031791
1.039982
1.048068
1.056212
1.064259
1.072429
1.080411
1.088590
1.096808
1.104907
1.112948
1.121106
1.129193
1.137369
1.145500
1.153521
1.161652
1.169771
1.177831
1.185932
1.194072
1.202150
1.210305
1.218367
1.226418
1.234540
1.242683
1.250719
1.258748
1.266921
1.274942
1.283175
1.291180
1.299315
1.307308
1.315347
1.323505
1.331516
1.339594
1.347620
1.355757
1.363721
1.371909
1.379858
1.387863
1.396024
1.403952
1.411990
1.420098
1.428082
1.436076
1.444051
1.452105
1.460140
1.468098
1.476103
1.484087
1.492048
1.500074
1.508098
1.516070
1.524112
1.531994
1.539994
1.547990
1.555936
1.563965
1.571884
1.579856
1.587802
1.595873
1.603732
1.611794
1.619680
1.627730
1.635631
1.643663
1.651609
1.659623
1.667692
1.675592
1.683625
1.691591
1.699540
1.707464
1.715470
1.723499
1.731490
1.739522
1.747474
1.755485
1.763491
1.771481
1.779460
1.787519
1.795575
1.803515
1.811544
1.819541
1.827546
1.835510
1.843488
1.851464
1.859511
1.867469
1.875534
1.883498
1.891482
1.899503
1.907544
1.915532
1.923450
1.931483
1.939431
1.947419
1.955481
1.963387
1.971390
1.979401
1.987410
1.995433
2.003367
2.011265
2.019240
2.027215
2.035149
2.043083
2.051088
2.058983
2.067027
2.074976
2.082840
2.090765
2.098690
2.106644
2.114545
2.122439
2.130337
2.138309
2.146117
2.154033
2.161912
2.169819
2.177642
2.185485
2.193410
2.201253
2.209070
2.216959
2.224751
2.232574
2.240439
2.248253
2.256054
2.263859
2.271529
2.279316
2.287153
2.295084
2.302697
2.310493
2.318366
2.326117
2.333835
2.341717
2.349322
2.357111
2.364886
2.372604
2.380385
2.388078
2.395811
2.403523
2.411205
2.418950
2.426764
2.434437
2.442115
2.449869
2.457512
2.465365
2.473026
2.480845
2.488506
2.496299
2.503969
2.511576
2.519375
2.527063
2.534693
2.542456
2.550111
2.557817
2.565553
2.573295
2.580941
2.588682
2.596349
2.603980
2.611731
2.619443
2.627122
2.634972
2.642555
2.650192
2.657936
2.665561
2.673345
2.681045
2.688574
2.696250
2.703950
2.711581
2.719332
2.727007
2.734659
2.742275
2.749969
2.757642
2.765156
2.772976
2.780457
2.788067
2.795806
2.803419
2.811035
2.818657
2.826210
2.833952
2.841472
2.849031
2.856740
2.864293
2.871918
2.879468
2.886964
2.894487
2.902142
2.909725
2.917176
2.924720
2.932414
2.939817
2.947424
2.955040
2.962590
2.969919
2.977601
2.984995
2.992626
3.000005
3.007516
3.014982
3.022523
3.030035
3.037501
3.044877
3.052277
3.059740
3.067270
3.074673
3.082085
3.089551
3.096936
3.104340
3.111758
3.119197
3.126582
3.134010
3.141371
3.148651
3.156103
3.163482
3.170861
3.178169
3.185581
3.192951
3.200339
3.207736
3.215002
3.222447
3.229838
3.237182
3.244594
3.251899
3.259227
3.266612
3.273985
3.281347
3.288750
3.296045
3.303356
3.310666
3.318045
3.325449
3.332759
3.340138
3.347500
3.354834
3.362168
3.369479
3.376900
3.384156
3.391413
3.398756
3.406060
3.413347
3.420747
3.428144
3.435293
3.442675
3.450010
3.457233
3.464582
3.471866
3.479179
3.486472
3.493677
3.500993
3.508295
3.515524
3.522742
3.530070
3.537273
3.544490
3.551840
3.559027
3.566242
3.573474
3.580781
3.587882
3.595196
3.602290
3.609577
3.616740
3.623913
3.631118
3.638276
3.645424
3.652645
3.659811
3.667053
3.674151
3.681347
3.688457
3.695587
3.702691
3.709846
3.716919
3.724062
3.731174
3.738281
3.745322
3.752447
3.759490
3.766621
3.773575
3.780618
3.787623
3.794697
3.801771
3.808865
3.815873
3.822848
3.829889
3.836944
3.843943
3.850939
3.857890
3.864880
3.871893
3.878925
3.885831
3.892821
3.899784
3.906780
3.913772
3.920690
3.927638
3.934613
3.941498
3.948505
3.955492
3.962275
3.969364
3.976198
3.983182
3.990097
3.997060
4.003948
4.010925
4.017825
4.024737
4.031844
4.038687
4.045661
4.052567
4.059453
4.066373
4.073321
4.080227
4.087127
4.094126
4.100996
4.107848
4.114868
4.121665
4.128590
4.135501
4.142362
4.149283
4.156321
4.163128
4.169929
4.177039
4.183822
4.190680
4.197592
4.204504
4.211340
4.218324
4.225212
4.232031
4.239003
4.245861
4.252629
4.259721
4.266441
4.273431
4.280268
4.287099
4.293984
4.300968
4.307688
4.314767
4.321511
4.328333
4.335146
4.342175
4.348875
4.355831
4.362698
4.369503
4.376240
4.383263
4.390010
4.396814
4.403592
4.410470
4.417251
4.424069
4.430856
4.437660
4.444488
4.451241
4.458027
4.464867
4.471635
4.478352
4.485192
4.491906
4.498683
4.505472
4.512205
4.518964
4.525783
4.532485
4.539109
4.545973
4.552603
4.559348
4.566115
4.572794
4.579502
4.586291
4.592954
4.599662
4.606344
4.613034
4.619775
4.626396
4.633083
4.639689
4.646428
4.652986
4.659694
4.666306
4.672940
4.679573
4.686285
4.692876
4.699461
4.706055
4.712742
4.719331
4.726102
4.732529
4.739213
4.745780
4.752482
4.758965
4.765611
4.772154
4.778776
4.785385
4.791979
4.798553
4.805198
4.811849
4.818287
4.825032
4.831539
4.838121
4.844734
4.851313
4.857832
4.864448
4.871000
4.877585
4.884243
4.890831
4.897401
4.903933
4.910488
4.917121
4.923662
4.930226
4.936806
4.943403
4.950009
4.956625
4.963075
4.969573
4.976254
4.982783
4.989252
4.995777
5.002431
5.008935
5.015440
5.022031
5.028479
5.035028
5.041635
5.048091
5.054607
5.061151
5.067616
5.074208
5.080748
5.087174
5.093652
5.100142
5.106598
5.113204
5.119616
5.126138
5.132604
5.139126
5.145610
5.152066
5.158567
5.164979
5.171418
5.177826
5.184367
5.190739
5.197199
5.203601
5.210043
5.216422
5.222800
5.229259
5.235695
5.242050
5.248452
5.254783
5.261270
5.267555
5.274056
5.280364
5.286697
5.293007
5.299406
5.305704
5.312047
5.318329
5.324651
5.330952
5.337267
5.343505
5.349947
5.356086
5.362485
5.368741
5.374916
5.381177
5.387460
5.393698
5.399912
5.406123
5.412343
5.418590
5.424707
5.430888
5.437258
5.443325
5.449599
5.455710
5.461987
5.468012
5.474286
5.480407
5.486558
5.492751
5.498878
5.504972
5.511107
5.517385
5.523460
5.529524
5.535729
5.541748
5.547920
5.554101
5.560090
5.566250
5.572326
5.578474
5.584511
5.590647
5.596645
5.602838
5.608866
5.615011
5.621006
5.627109
5.633152
5.639228
5.645325
5.651356
5.657435
5.663436
5.669458
5.675528
5.681685
5.687557
5.693676
5.699754
5.705701
5.711720
5.717784
5.723765
5.729805
5.735839
5.741774
5.747778
5.753782
5.759825
5.765784
5.771812
5.777834
5.783755
5.789750
5.795712
5.801677
5.807633
5.813649
5.819563
5.825547
5.831518
5.837447
5.843337
5.849278
5.855358
5.861230
5.867117
5.873073
5.879026
5.884976
5.890858
5.896850
5.902710
5.908636
5.914485
5.920390
5.926307
5.932143
5.938124
5.943999
5.949841
5.955675
5.961607
5.967500
5.973387
5.979208
5.985078
5.990938
5.996778
6.002595
6.008483
6.014184
6.020092
6.025872
6.031699
6.037494
6.043285
6.049067
6.054865
6.060671
6.066460
6.072194
6.077934
6.083708
6.089490
6.095186
6.100992
6.106661
6.112392
6.118151
6.123843
6.129557
6.135225
6.140975
6.146721
6.152329
6.158091
6.163684
6.169545
6.175097
6.180852
6.186542
6.192180
6.197801
6.203493
6.209111
6.214756
6.220415
6.226041
6.231683
6.237295
6.242942
6.248557
6.254279
6.259831
6.265464
6.271102
6.276660
6.282313
0.004686
0.010303
0.015879
0.021470
0.027015
0.032612
0.038194
0.043760
0.049339
0.054906
0.060601
0.066063
0.071720
0.077154
0.082832
0.088372
0.093911
0.099415
0.105054
0.110632
0.116139
0.121790
0.127228
0.132797
0.138403
0.143922
0.149461
0.155034
0.160562
0.166116
0.171671
0.177181
0.182682
0.188245
0.193815
0.199319
0.204819
0.210263
0.215842
0.221370
0.226879
0.232398
0.237959
0.243430
0.249020
0.254464
0.259998
0.265409
0.271062
0.276485
0.281959
0.287463
0.292972
0.298428
0.303896
0.309373
0.314885
0.320371
0.325791
0.331319
0.336799
0.342257
0.347671
0.353202
0.358664
0.364144
0.369617
0.375031
0.380412
0.385925
0.391339
0.396780
0.402230
0.407607
0.413084
0.418489
0.423912
0.429359
0.434716
0.440157
0.445630
0.451086
0.456425
0.461791
0.467211
0.472613
0.477958
0.483387
0.488756
0.494146
0.499544
0.504901
0.510261
0.515663
0.521005
0.526341
0.531758
0.537082
0.542457
0.547859
0.553108
0.558471
0.563876
0.569191
0.574470
0.579833
0.585106
0.590382
0.595715
0.600997
0.606363
0.611717
0.616966
0.622254
0.627575
0.632848
0.638163
0.643424
0.648679
0.653940
0.659318
0.664495
0.669732
0.675035
0.680288
0.685579
0.690825
0.696050
0.701305
0.706518
0.711779
0.717031
0.722337
0.727436
0.732802
0.737977
0.743163
0.748349
0.753622
0.758832
0.764018
0.769321
0.774403
0.779643
0.784802
0.789979
0.795297
0.800384
0.805568
0.810856
0.815985
0.821138
0.826357
0.831627
0.836712
0.841943
0.847126
0.852270
0.857435
0.862657
0.867802
0.872985
0.878171
0.883315
0.888531
0.893694
0.898838
0.904015
0.909204
0.914339
0.919505
0.924688
0.929805
0.934961
0.940147
0.945298
0.950496
0.955628
0.960805
0.965929
0.971199
0.976184
0.981412
0.986538
0.991722
0.996866
1.001953
1.007190
1.012259
1.017413
1.022524
1.027644
1.032776
1.037939
1.043077
1.048209
1.053326
1.058561
1.063684
1.068801
1.073939
1.079069
1.084198
1.089261
1.094411
1.099484
1.104658
1.109823
1.114880
1.120013
1.125211
1.130250
1.135379
1.140506
1.145584
1.150719
1.155807
1.160909
1.165975
1.171113
1.176186
1.181330
1.186402
1.191406
1.196568
1.201667
1.206748
1.211788
1.216944
1.221962
1.227059
1.232164
1.237170
1.242240
1.247417
1.252411
1.257382
1.262460
1.267595
1.272569
1.277677
1.282737
1.287699
1.292816
1.297829
1.302919
1.307946
1.313007
1.317986
1.323058
1.328023
1.333071
1.338063
1.343102
1.348078
1.353088
1.358103
1.363146
1.368107
1.373116
1.378240
1.383132
1.388196
1.393127
1.398104
1.403062
1.408131
1.413054
1.418033
1.423013
1.428004
1.432954
1.437921
1.442862
1.447844
1.452800
1.457749
1.462690
1.467666
1.472607
1.477568
1.482509
1.487419
1.492354
1.497369
1.502262
1.507148
1.512130
1.517029
1.521943
1.526922
1.531773
1.536689
1.541642
1.546528
1.551424
1.556310
1.561191
1.566116
1.571063
1.575956
1.580818
1.585744
1.590591
1.595460
1.600361
1.605269
1.610141
1.615066
1.619863
1.624869
1.629684
1.634528
1.639523
1.644403
1.649272
1.654171
1.659027
1.663911
1.668773
1.673669
1.678522
1.683406
1.688341
1.693089
1.698045
1.702910
1.707743
1.712645
1.717561
1.722409
1.727205
1.732140
1.737051
1.741874
1.746671
1.751593
1.756423
1.761354
1.766184
1.771017
1.775921
1.780745
1.785593
1.790482
1.795318
1.800198
1.805049
1.809834
1.814714
1.819595
1.824391
1.829293
1.834075
1.838943
1.843698
1.848630
1.853438
1.858256
1.863131
1.867903
1.872811
1.877595
1.882368
1.887210
1.892093
1.896890
1.901663
1.906492
1.911361
1.916161
1.920915
1.925712
1.930533
1.935312
1.940096
1.944860
1.949711
1.954468
1.959253
1.964065
1.968888
1.973679
1.978392
1.983173
1.987973
1.992725
1.997471
2.002237
2.007100
2.011810
2.016573
2.021310
2.026086
2.030892
2.035616
2.040314
2.045015
2.049818
2.054543
2.059279
2.064049
2.068822
2.073436
2.078232
2.082900
2.087649
2.092335
2.097045
2.101748
2.106521
2.111171
2.115857
2.120573
2.125306
2.129890
2.134672
2.139379
2.143999
2.148658
2.153335
2.157993
2.162724
2.167326
2.171946
2.176656
2.181309
2.185869
2.190588
2.195216
2.199779
2.204405
2.209136
2.213684
2.218292
2.222873
2.227466
2.232161
2.236670
2.241254
2.245913
2.250524
2.255101
2.259641
2.264297
2.268815
2.273383
2.277869
2.282468
2.287120
2.291672
2.296094
2.300756
2.305241
2.309822
2.314352
2.318804
2.323445
2.327981
2.332502
2.337008
2.341595
2.346110
2.350613
2.355089
2.359658
2.364164
2.368676
2.373098
2.377622
2.382155
2.386640
2.391146
2.395641
2.400144
2.404671
2.409153
2.413590
2.418147
2.422578
2.427129
2.431509
2.436102
2.440569
2.444980
2.449462
2.453980
2.458474
2.462914
2.467324
2.471818
2.476312
2.480737
2.485154
2.489651
2.494118
2.498573
2.503079
2.507483
2.511966
2.516433
2.520801
2.525232
2.529720
2.534133
2.538561
2.542978
2.547421
2.551867
2.556337
2.560693
2.565178
2.569639
2.574029
2.578472
2.582795
2.587313
2.591681
2.596098
2.600481
2.604894
2.609334
2.613693
2.618026
2.622514
2.626915
2.631307
2.635705
2.640098
2.644496
2.648861
2.653220
2.657628
2.662008
2.666370
2.670792
2.675098
2.679466
2.683864
2.688215
2.692577
2.696951
2.701304
2.705633
2.709999
2.714343
2.718759
2.723026
2.727334
2.731696
2.736041
2.740412
2.744699
2.749034
2.753364
2.757711
2.761986
2.766343
2.770684
2.774926
2.779262
2.783564
2.787893
2.792145
2.796444
2.800767
2.805043
2.809336
2.813635
2.817878
2.822132
2.826494
2.830665
2.834985
2.839264
2.843512
2.847764
2.852033
2.856296
2.860569
2.864823
2.869038
2.873245
2.877583
2.881784
2.885984
2.890193
2.894424
2.898660
2.902873
2.907109
2.911346
2.915525
2.919729
2.923926
2.928154
2.932318
2.936498
2.940707
2.944866
2.949063
2.953279
2.957434
2.961614
2.965796
2.969931
2.974080
2.978266
2.982394
2.986547
2.990729
2.994879
2.999019
3.003187
3.007303
3.011420
3.015582
3.019728
3.023794
3.027961
3.032027
3.036150
3.040287
3.044365
3.048487
3.052637
3.056717
3.060804
3.064906
3.068974
3.073079
3.077157
3.081228
3.085303
3.089398
3.093443
3.097518
3.101601
3.105622
3.109658
3.113753
3.117777
3.121834
3.125926
3.129956
3.134025
3.138039
3.142060
3.146093
3.150126
3.154137
3.158161
3.162194
3.166196
3.170208
3.174232
3.178300
3.182312
3.186339
3.190294
3.194311
3.198335
3.202341
3.206307
3.210349
3.214286
3.218352
3.222321
3.226330
3.230270
3.234282
3.238254
3.242212
3.246146
3.250146
3.254139
3.258121
3.262106
3.266106
3.270123
3.274045
3.277994
3.281997
3.285934
3.289829
3.293837
3.297723
3.301666
3.305657
3.309534
3.313482
3.317428
3.321332
3.325236
3.329128
3.333122
3.336995
3.340962
3.344851
3.348728
3.352671
3.356623
3.360466
3.364326
3.368262
3.372163
3.376073
3.379917
3.383776
3.387737
3.391596
3.395437
3.399323
3.403178
3.407019
3.410896
3.414764
3.418539
3.422467
3.426224
3.430137
3.433957
3.437738
3.441633
3.445489
3.449303
3.453111
3.456937
3.460763
3.464603
3.468394
3.472201
3.475980
3.479820
3.483574
3.487409
3.491188
3.494951
3.498749
3.502540
3.506297
3.510054
3.513817
3.517583
3.521349
3.525109
3.528851
3.532599
3.536344
3.540059
3.543840
3.547555
3.551279
3.554953
3.558719
3.562389
3.566101
3.569825
3.573522
3.577192
3.580913
3.584580
3.588251
3.591954
3.595651
3.599315
3.602982
3.606554
3.610299
3.613918
3.617588
3.621207
3.624856
3.628455
3.632029
3.635693
3.639277
3.642905
3.646584
3.650092
3.653735
3.657352
3.660920
3.664509
3.668111
3.671601
3.675259
3.678765
3.682318
3.685877
3.689476
3.692984
3.696516
3.700048
3.703608
3.707149
3.710688
3.714190
3.717665
3.721207
3.724754
3.728230
3.731774
3.735186
3.738680
3.742212
3.745631
3.749163
3.752605
3.756078
3.759511
3.763050
3.766450
3.769893
3.773356
3.776804
3.780283
3.783716
3.787150
3.790565
3.794005
3.797396
3.800812
3.804236
3.807616
3.811013
3.814444
3.817827
3.821239
3.824649
3.828046
3.831390
3.834772
3.838167
3.841558
3.844920
3.848287
3.851595
3.854978
3.858324
3.861692
3.865059
3.868346
3.871693
3.875093
3.878422
3.881717
3.885058
3.888435
3.891739
3.895068
3.898357
3.901644
3.904967
3.908206
3.911561
3.914857
3.918096
3.921397
3.924690
3.927983
3.931284
3.934547
3.937777
3.941039
3.944299
3.947544
3.950800
3.954078
3.957314
3.960550
3.963770
3.966964
3.970221
3.973484
3.976707
3.979895
3.983143
3.986343
3.989605
3.992778
3.996023
3.999220
4.002408
4.005616
4.008804
4.011959
4.015171
4.018388
4.021555
4.024731
4.027892
4.031044
4.034181
4.037435
4.040616
4.043735
4.046989
4.050060
4.053205
4.056376
4.059512
4.062688
4.065840
4.068971
4.072060
4.075164
4.078325
4.081408
4.084583
4.087738
4.090800
4.093925
4.097038
4.100142
4.103261
4.106338
4.109442
4.112548
4.115632
4.118772
4.121815
4.124880
4.127939
4.131094
4.134108
4.137230
4.140289
4.143345
4.146386
4.149445
4.152528
4.155608
4.158646
4.161693
4.164683
4.167736
4.170756
4.173815
4.176877
4.179882
4.182893
4.185913
4.188900
4.191929
4.194979
4.197987
4.201016
4.204036
4.207020
4.210004
4.213012
4.215993
4.218971
4.221959
4.224931
4.227945
4.230920
4.233865
4.236861
4.239845
4.242796
4.245786
4.248773
4.251719
4.254607
4.257617
4.260509
4.263481
4.266435
4.269377
4.272292
4.275238
4.278087
4.281020
4.283965
4.286898
4.289813
4.292728
4.295622
4.298514
4.301405
4.304302
4.307199
4.310102
4.312988
4.315849
4.318722
4.321592
4.324475
4.327381
4.330230
4.333064
4.335947
4.338799
4.341660
4.344569
4.347322
4.350178
4.353006
4.355867
4.358719
4.361572
4.364400
4.367157
4.370000
4.372795
4.375593
4.378434
4.381232
4.384030
4.386807
4.389537
4.392344
4.395164
4.397941
4.400700
4.403520
4.406270
4.408993
4.411777
4.414572
4.417286
4.420061
4.422769
4.425519
4.428285
4.430990
4.433741
4.436515
4.439248
4.441938
4.444646
4.447358
4.450099
4.452826
4.455537
4.458240
4.460945
4.463596
4.466248
4.468956
4.471656
4.474296
4.476971
4.479571
4.482220
4.484853
4.487505
4.490157
4.492826
4.495427
4.498018
4.500628
4.503264
4.505886
4.508525
4.511102
4.513751
4.516345
4.518919
4.521483
4.524090
4.526714
4.529258
4.531835
4.534381
4.536943
4.539460
4.542000
4.544532
4.547109
4.549610
4.552097
4.554626
4.557124
4.559629
4.562155
4.564630
4.567140
4.569642
4.572114
4.574579
4.577078
4.579517
4.582016
4.584505
4.586935
4.589404
4.591870
4.594320
4.596732
4.599195
4.601601
4.604070
4.606478
4.608878
4.611299
4.613732
4.616108
4.618537
4.620944
4.623307
4.625671
4.628083
4.630465
4.632826
4.635217
4.637617
4.639971
4.642362
4.644720
4.647051
4.649436
4.651737
4.654128
4.656429
4.658745
4.661115
4.663413
4.665720
4.668045
4.670363
4.672626
4.674983
4.677302
4.679570
4.681862
4.684214
4.686503
4.688789
4.691075
4.693331
4.695590
4.697867
4.700102
4.702391
4.704641
4.706894
4.709189
4.711421
4.713647
4.715870
4.718126
4.720374
4.722609
4.724834
4.727057
4.729305
4.731555
4.733754
4.735971
4.738191
4.740405
4.742625
4.744869
4.746996
4.749231
4.751428
4.753606
4.755808
4.758028
4.760203
4.762360
4.764568
4.766716
4.768883
4.771067
4.773230
4.775399
4.777571
4.779710
4.781861
4.784007
4.786152
4.788315
4.790475
4.792620
4.794756
4.796935
4.799041
4.801213
4.803304
4.805405
4.807520
4.809668
4.811759
4.813871
4.816005
4.818060
4.820190
4.822258
4.824367
4.826425
4.828528
4.830595
4.832681
4.834766
4.836788
4.838835
4.840920
4.842936
4.844974
4.847005
4.849036
4.851070
4.853078
4.855067
4.857087
4.859100
4.861092
4.863109
4.865098
4.867094
4.869086
4.871072
4.873032
4.875021
4.876980
4.878934
4.880902
4.882864
4.884785
4.886717
4.888662
4.890609
4.892524
4.894435
4.896338
4.898267
4.900191
4.902066
4.903999
4.905886
4.907786
4.909655
4.911549
4.913376
4.915300
4.917149
4.919030
4.920899
4.922730
4.924591
4.926472
4.928318
4.930157
4.931994
4.933822
4.935655
4.937495
4.939316
4.941147
4.942935
4.944733
4.946555
4.948338
4.950117
4.951894
4.953701
4.955456
4.957236
4.959003
4.960768
4.962551
4.964330
4.966053
4.967791
4.969546
4.971302
4.973046
4.974781
4.976467
4.978184
4.979952
4.981671
4.983412
4.985159
4.986882
4.988563
4.990291
4.992029
4.993692
4.995399
4.997092
4.998797
5.000466
5.002150
5.003828
5.005547
5.007213
5.008900
5.010571
5.012231
5.013870
5.015566
5.017229
5.018898
5.020542
5.022178
5.023814
5.025420
5.027074
5.028680
5.030360
5.031954
5.033581
5.035169
5.036802
5.038420
5.040056
5.041677
5.043283
5.044882
5.046464
5.048058
5.049655
5.051216
5.052816
5.054410
5.055989
5.057535
5.059104
5.060642
5.062205
5.063785
5.065319
5.066870
5.068408
5.069929
5.071466
5.073036
5.074558
5.076080
5.077629
5.079130
5.080649
5.082168
5.083678
5.085197
5.086725
5.088205
5.089691
5.091166
5.092649
5.094134
5.095621
5.097095
5.098575
5.100052
5.101520
5.102952
5.104402
5.105837
5.107272
5.108719
5.110163
5.111589
5.113030
5.114460
5.115871
5.117327
5.118708
5.120128
5.121590
5.123004
5.124386
5.125779
5.127175
5.128544
5.129922
5.131307
5.132655
5.134018
5.135345
5.136696
5.138036
5.139375
5.140708
5.142089
5.143393
5.144723
5.146050
5.147347
5.148678
5.150011
5.151335
5.152594
5.153903
5.155185
5.156479
5.157741
5.159008
5.160266
5.161546
5.162783
5.164021
5.165240
5.166495
5.167754
5.169000
5.170261
5.171466
5.172703
5.173934
5.175145
5.176373
5.177577
5.178785
5.179980
5.181128
5.182317
5.183483
5.184633
5.185805
5.186973
5.188124
5.189268
5.190422
5.191560
5.192711
5.193861
5.195000
5.196123
5.197271
5.198397
5.199512
5.200620
5.201720
5.202793
5.203892
5.204949
5.206010
5.207071
5.208126
5.209165
5.210196
5.211236
5.212272
5.213317
5.214339
5.215397
5.216439
5.217488
5.218519
5.219564
5.220592
5.221584
5.222614
5.223588
5.224565
5.225526
5.226449
5.227387
5.228337
5.229290
5.230227
5.231135
5.232055
5.232987
5.233894
5.234811
5.235734
5.236660
5.237583
5.238503
5.239419
5.240342
5.241235
5.242146
5.243051
5.243937
5.244815
5.245684
5.246526
5.247395
5.248198
5.249024
5.249831
5.250648
5.251475
5.252299
5.253093
5.253881
5.254696
5.255496
5.256275
5.257048
5.257830
5.258603
5.259352
5.260098
5.260853
5.261605
5.262393
5.263169
5.263924
5.264688
5.265452
5.266198
5.266944
5.267699
5.268400
5.269071
5.269766
5.270462
5.271132
5.271803
5.272478
5.273137
5.273796
5.274452
5.275099
5.275746
5.276409
5.277056
5.277697
5.278323
5.278949
5.279569
5.280190
5.280798
5.281403
5.282005
5.282598
5.283195
5.283776
5.284369
5.284977
5.285573
5.286170
5.286769
5.287338
5.287931
5.288522
5.289121
5.289690
5.290265
5.290825
5.291356
5.291904
5.292414
5.292911
5.293432
5.293951
5.294454
5.294930
5.295385
5.295877
5.296356
5.296821
5.297285
5.297731
5.298169
5.298604
5.299029
5.299457
5.299874
5.300299
5.300710
5.301123
5.301537
5.301926
5.302328
5.302720
5.303115
5.303472
5.303825
5.304164
5.304514
5.304859
5.305192
5.305524
5.305860
5.306201
5.306540
5.306879
5.307229
5.307586
5.307927
5.308275
5.308625
5.308982
5.309338
5.309686
5.310036
5.310378
5.310710
5.311055
5.311402
5.311753
5.312079
5.312385
5.312712
5.313053
5.313380
5.313676
5.313973
5.314255
5.314521
5.314782
5.315034
5.315268
5.315501
5.315717
5.315920
5.316109
5.316286
5.316460
5.316625
5.316781
5.316924
5.317044
5.317155
5.317278
5.317395
5.317482
5.317571
5.317655
5.317721
5.317778
5.317829
5.317865
5.317904
5.317934
5.317955
5.317961
5.317964
5.317967
5.317970
5.317973
5.317973
5.317973
5.317973
5.317973
5.317973
5.317973
5.317973
5.317973
5.317973
5.317973
5.317973
5.317973
5.317973
5.317973
5.317946
5.317904
5.317871
5.317832
5.317799
5.317763
5.317724
5.317667
5.317616
5.317577
5.317535
5.317491
5.317454
5.317430
5.317395
5.317358
5.317332
5.317296
5.317251
5.317215
5.317179
5.317140
5.317101
5.317059
5.317014
5.316966
5.316921
5.316867
5.316819
5.316772
5.316718
5.316658
5.316604
5.316556
5.316502
5.316433
5.316364
5.316280
5.316208
5.316124
5.316034
5.315936
5.315840
5.315747
5.315636
5.315525
5.315408
5.315276
5.315135
5.315016
5.314893
5.314752
5.314611
5.314476
5.314330
5.314186
5.314045
5.313883
5.313739
5.313601
5.313464
5.313326
5.313185
5.313066
5.312957
5.312856
5.312754
5.312655
5.312568
5.312499
5.312424
5.312349
5.312284
5.312217
5.312167
5.312121
5.312086
5.312035
5.312005
5.311990
5.311978
5.311963
5.311957
5.311957
5.311957
5.311957
5.311957
5.311957
5.311957
5.311957
5.311957
5.311957
5.311957
5.311957
5.311957
5.311957
5.311957
5.311957
5.311957
5.311957
5.311957
5.311957
5.311957
5.311957
5.311957
5.311957
5.311957
5.311957
5.311957
5.311957
5.311957
5.311957
5.311957
5.311957
5.311957
5.311957
5.311957
5.311957
5.311957
5.311957
5.311957
5.311957
5.311957
5.311957
5.311957
5.311957
5.311957
5.311957
5.311957
5.311957
5.311957
5.311957
5.311957
5.311957
5.311957
5.311957
5.311957
5.311957
5.311957
5.311957
5.311957
5.311957
5.311957
5.311957
5.311957
5.311957
5.311957
5.311957
5.311957
5.311957
5.311957
5.311957
5.311957
5.311957
5.311957
5.311957
5.311957
5.311957
5.311957
5.311957
5.311957
5.311957
5.311957
5.311957
5.311957
5.311957
5.311957
5.311957
5.311957
5.311957
5.311957
5.311957
5.311957
5.311957
5.311957
5.311957
5.311957
5.311957
5.311957
5.311957
5.311957
5.311957