5.992151
5.992151
5.992151
5.992151
5.992151
5.992151
5.992151
5.992151
5.992172
5.992508
5.992978
5.993563
5.994234
5.995025
5.995942
5.997011
5.998257
5.999645
6.001112
6.002704
6.004459
6.006356
6.008447
6.010685
6.013061
6.015665
6.018370
6.021168
6.024140
6.027181
6.030390
6.033755
6.037236
6.040891
6.044684
6.048627
6.052750
6.057025
6.061372
6.065884
6.070561
6.075433
6.080406
6.085571
6.090875
6.096237
6.101897
6.107619
6.113468
6.119511
6.125712
6.132073
6.138476
6.145031
6.151760
6.158645
6.165770
6.172934
6.180190
6.187740
6.195191
6.202945
6.210941
6.218932
6.227276
6.235578
6.243976
6.252649
6.261368
6.270281
6.279240
0.005258
0.014537
0.023956
0.033589
0.043320
0.053114
0.063274
0.073334
0.083836
0.094301
0.104844
0.115717
0.126667
0.137618
0.148934
0.160367
0.171845
0.183517
0.195445
0.207330
0.219452
0.231775
0.244104
0.256666
0.269324
0.282231
0.295130
0.308363
0.321513
0.334938
0.348537
0.362214
0.376089
0.390042
0.404063
0.418040
0.432271
0.446511
0.460377
0.474554
0.489040
0.503212
0.517428
0.531650
0.545855
0.560269
0.574323
0.588554
0.602777
0.616912
0.630972
0.645261
0.659345
0.673430
0.687628
0.701545
0.715788
0.730010
0.744008
0.757999
0.772087
0.786099
0.800193
0.814244
0.828296
0.842260
0.856348
0.870345
0.884445
0.898610
0.912494
0.926776
0.940687
0.954969
0.969008
0.983033
0.997141
1.011202
1.025223
1.039299
1.053548
1.067522
1.081711
1.095868
1.109832
1.123953
1.138148
1.152235
1.166299
1.180503
1.194567
1.208702
1.223038
1.237033
1.251306
1.265193
1.279286
1.293460
1.307515
1.321525
1.335390
1.349720
1.363718
1.377572
1.391890
1.405762
1.419918
1.433862
1.447793
1.461866
1.475815
1.489819
1.503819
1.517892
1.531464
1.545764
1.559507
1.573523
1.587424
1.601347
1.615405
1.629300
1.643229
1.657254
1.671197
1.685321
1.699213
1.713172
1.727289
1.741287
1.755288
1.769312
1.783405
1.797319
1.811455
1.825566
1.839591
1.853678
1.867595
1.881694
1.895919
1.909818
1.923923
1.937942
1.952224
1.966159
1.980444
1.994211
2.008281
2.022527
2.036530
2.050678
2.064517
2.078625
2.092730
2.106722
2.120668
2.134795
2.148697
2.162649
2.176830
2.190605
2.204666
2.218421
2.232466
2.246215
2.260195
2.274117
2.287893
2.301765
2.315625
2.329425
2.343243
2.356887
2.370902
2.384699
2.398502
2.412263
2.426033
2.439737
2.453560
2.467297
2.480986
2.495029
2.508700
2.522622
2.536299
2.550078
2.563845
2.577579
2.591421
2.605287
2.618952
2.632736
2.646617
2.660345
2.674196
2.688047
2.701771
2.715395
2.729425
2.742815
2.756629
2.770576
2.784223
2.797828
2.811784
2.825281
2.839063
2.852767
2.866468
2.880145
2.893792
2.907499
2.920957
2.934565
2.948332
2.961715
2.975563
2.989016
3.002543
3.016157
3.029519
3.043088
3.056607
3.070134
3.083520
3.097119
3.110404
3.123814
3.137260
3.150748
3.164078
3.177440
3.190887
3.204306
3.217651
3.230914
3.244447
3.258052
3.271226
3.284669
3.298157
3.311526
3.324849
3.338383
3.351673
3.365045
3.378518
3.391703
3.405192
3.418887
3.432255
3.445492
3.458971
3.472294
3.485486
3.498938
3.512397
3.525774
3.539187
3.552463
3.565762
3.579343
3.592418
3.605990
3.619215
3.632473
3.645643
3.659197
3.672197
3.685560
3.698853
3.712099
3.725320
3.738491
3.751734
3.765054
3.778165
3.791234
3.804419
3.817410
3.830572
3.843671
3.856961
3.869928
3.883087
3.896140
3.909248
3.922449
3.935245
3.948491
3.961311
3.974583
3.987583
4.000646
4.013783
4.026939
4.039793
4.053205
4.066133
4.079185
4.092292
4.105337
4.118475
4.131628
4.144744
4.157924
4.171041
4.184175
4.197256
4.210463
4.223528
4.236729
4.250014
4.262933
4.276085
4.289391
4.302540
4.315684
4.328938
4.342122
4.355214
4.368526
4.381663
4.394816
4.408106
4.421134
4.434193
4.447337
4.460603
4.473549
4.487008
4.499891
4.513085
4.526223
4.539232
4.552330
4.565465
4.578543
4.591591
4.604759
4.617818
4.630863
4.643983
4.657058
4.670016
4.683138
4.696108
4.709264
4.722321
4.735252
4.748365
4.761512
4.774410
4.787566
4.800859
4.813680
4.826868
4.839871
4.853108
4.866203
4.879311
4.892260
4.905473
4.918868
4.931979
4.944814
4.958335
4.971314
4.984401
4.997676
5.010745
5.023886
5.037240
5.050227
5.063551
5.076683
5.089811
5.102877
5.116446
5.129317
5.142512
5.155797
5.168868
5.182045
5.195186
5.208254
5.221455
5.234646
5.247518
5.260817
5.273913
5.286886
5.300131
5.313066
5.325963
5.339296
5.352251
5.365137
5.378298
5.391151
5.404145
5.417043
5.429929
5.442896
5.455822
5.468645
5.481435
5.494497
5.507303
5.520204
5.533162
5.545922
5.558997
5.571574
5.584616
5.597412
5.610316
5.623124
5.635956
5.648765
5.661677
5.674521
5.687494
5.700237
5.713129
5.725946
5.738739
5.751592
5.764607
5.777319
5.790304
5.803043
5.815729
5.828675
5.841548
5.854393
5.867351
5.880048
5.892778
5.905541
5.918404
5.931170
5.943930
5.956861
5.969438
5.982213
5.994967
6.007665
6.020332
6.033107
6.045790
6.058418
6.071104
6.083732
6.096465
6.108983
6.121629
6.134251
6.147066
6.159382
6.172047
6.184546
6.197177
6.209596
6.222186
6.234691
6.247128
6.259651
6.272163
0.001372
0.013851
0.026311
0.038817
0.051331
0.063651
0.076142
0.088665
0.101006
0.113500
0.126047
0.138448
0.150881
0.163429
0.175746
0.188122
0.200736
0.213229
0.225675
0.238124
0.250506
0.262886
0.275544
0.287906
0.300298
0.312926
0.325294
0.337781
0.350263
0.362658
0.375121
0.387483
0.400021
0.412488
0.424928
0.437310
0.449753
0.462166
0.474488
0.486877
0.499326
0.511699
0.524097
0.536501
0.548746
0.561140
0.573472
0.585693
0.598016
0.610354
0.622694
0.634900
0.647325
0.659432
0.671701
0.684084
0.696331
0.708432
0.720797
0.732943
0.745188
0.757322
0.769576
0.781761
0.794021
0.806206
0.818355
0.830531
0.842674
0.854943
0.867176
0.879313
0.891468
0.903949
0.916014
0.928097
0.940465
0.952653
0.964961
0.977134
0.989334
1.001594
1.013770
1.026086
1.038274
1.050474
1.062776
1.075201
1.087508
1.099544
1.112121
1.124333
1.136542
1.148871
1.161196
1.173489
1.185776
1.198096
1.210290
1.222571
1.234819
1.247252
1.259428
1.271775
1.283957
1.296250
1.308581
1.320865
1.333053
1.345436
1.357672
1.369977
1.382003
1.394371
1.406436
1.418989
1.430884
1.443164
1.455337
1.467732
1.479713
1.492162
1.504230
1.516415
1.528702
1.540815
1.553006
1.565224
1.577376
1.589621
1.601662
1.613772
1.626217
1.638360
1.650503
1.662865
1.674984
1.687178
1.699456
1.711719
1.723856
1.736155
1.748448
1.760683
1.772946
1.785293
1.797514
1.809717
1.822028
1.834512
1.846694
1.859095
1.871304
1.883594
1.896036
1.908284
1.920475
1.933017
1.945106
1.957383
1.969934
1.982029
1.994373
2.006732
2.018967
2.031254
2.043598
2.055822
2.068100
2.080384
2.092554
2.104700
2.117130
2.129186
2.141608
2.153802
2.165936
2.178178
2.190255
2.202593
2.214598
2.226939
2.238977
2.251162
2.263278
2.275391
2.287543
2.299569
2.311568
2.323681
2.336016
2.347838
2.359892
2.372128
2.384052
2.396096
2.408164
2.420163
2.432258
2.444318
2.456403
2.468355
2.480555
2.492350
2.504604
2.516492
2.528582
2.540734
2.552811
2.564756
2.576785
2.589051
2.601062
2.612939
2.625118
2.637153
2.649191
2.661262
2.673273
2.685317
2.697517
2.709364
2.721414
2.733491
2.745406
2.757465
2.769542
2.781458
2.793523
2.805513
2.817369
2.829332
2.841475
2.853375
2.865302
2.877331
2.889124
2.901159
2.913063
2.924996
2.937007
2.948694
2.960664
2.972528
2.984246
2.996254
3.008163
3.019767
3.031703
3.043358
3.055115
3.067033
3.078885
3.090366
3.102252
3.114098
3.125585
3.137503
3.149209
3.160791
3.172494
3.184310
3.195800
3.207608
3.219334
3.230902
3.242703
3.254442
3.266091
3.277877
3.289595
3.301076
3.313042
3.324598
3.336447
3.348042
3.359724
3.371396
3.383051
3.394759
3.406456
3.418168
3.429939
3.441561
3.453218
3.464996
3.476555
3.488230
3.499963
3.511681
3.523248
3.535032
3.546546
3.558215
3.569969
3.581480
3.593074
3.604720
3.616315
3.628065
3.639501
3.651144
3.662685
3.674339
3.685844
3.697403
3.708887
3.720440
3.731998
3.743527
3.755002
3.766552
3.778114
3.789460
3.800995
3.812469
3.823828
3.835213
3.846735
3.858088
3.869592
3.881130
3.892386
3.903693
3.915126
3.926481
3.937908
3.949266
3.960562
3.971956
3.983359
3.994705
4.006135
4.017511
4.028929
4.040382
4.051725
4.063009
4.074567
4.085767
4.097334
4.108686
4.120113
4.131465
4.142899
4.154365
4.165764
4.177218
4.188756
4.200016
4.211457
4.222950
4.234341
4.245831
4.257306
4.268667
4.280211
4.291686
4.303008
4.314423
4.325958
4.337306
4.348788
4.360400
4.371638
4.383212
4.394514
4.405904
4.417388
4.428956
4.440158
4.451684
4.463150
4.474310
4.485797
4.497254
4.508582
4.519979
4.531475
4.542719
4.554056
4.565492
4.576841
4.588149
4.599548
4.610748
4.622049
4.633422
4.644807
4.656054
4.667502
4.678785
4.690068
4.701436
4.712572
4.723987
4.735369
4.746571
4.757905
4.769254
4.780525
4.791862
4.803316
4.814420
4.825973
4.837280
4.848575
4.859912
4.871342
4.882628
4.894043
4.905398
4.916756
4.928066
4.939658
4.950788
4.962185
4.973642
4.984955
4.996367
5.007887
5.019005
5.030408
5.042051
5.053322
5.064716
5.076107
5.087474
5.098883
5.110256
5.121557
5.132925
5.144348
5.155667
5.167002
5.178392
5.189703
5.201037
5.212332
5.223870
5.235081
5.246346
5.257701
5.268966
5.280330
5.291521
5.302831
5.314177
5.325286
5.336522
5.347754
5.358935
5.370107
5.381345
5.392416
5.403669
5.414703
5.425855
5.437027
5.448236
5.459267
5.470457
5.481575
5.492643
5.503647
5.514772
5.525827
5.536883
5.547965
5.559011
5.570070
5.581185
5.592360
5.603254
5.614331
5.625482
5.636466
5.647560
5.658648
5.669611
5.680735
5.691707
5.702777
5.713854
5.724900
5.735953
5.747032
5.757974
5.769059
5.780153
5.791164
5.802238
5.813278
5.824309
5.835185
5.846420
5.857311
5.868289
5.879284
5.890318
5.901287
5.912303
5.923329
5.934133
5.945326
5.956160
5.967176
5.978058
5.989053
6.000073
6.010963
6.021747
6.032760
6.043669
6.054529
6.065375
6.076137
6.087126
6.097768
6.108833
6.119592
6.130327
6.141220
6.152087
6.162672
6.173637
6.184361
6.195038
6.205899
6.216598
6.227237
6.238005
6.248716
6.259346
6.270087
6.280690
0.008260
0.018986
0.029631
0.040384
0.051119
0.061656
0.072349
0.083048
0.093792
0.104365
0.115064
0.125858
0.136270
0.147259
0.157661
0.168342
0.179149
0.189695
0.200490
0.211138
0.221804
0.232266
0.243244
0.253622
0.264522
0.275071
0.285725
0.296355
0.307234
0.317624
0.328485
0.338965
0.349736
0.360276
0.370987
0.381578
0.392292
0.402841
0.413492
0.424134
0.434716
0.445415
0.456081
0.466576
0.477128
0.487794
0.498358
0.508910
0.519558
0.530053
0.540614
0.551205
0.561716
0.572223
0.582844
0.593276
0.603813
0.614425
0.624801
0.635182
0.645917
0.656184
0.666775
0.677028
0.687613
0.697955
0.708531
0.718898
0.729246
0.739777
0.750165
0.760549
0.771122
0.781368
0.791774
0.802137
0.812518
0.822891
0.833338
0.843743
0.854095
0.864563
0.874887
0.885418
0.895782
0.906076
0.916560
0.926989
0.937457
0.947814
0.958292
0.968691
0.979123
0.989585
0.999913
1.010405
1.020756
1.031425
1.041714
1.052263
1.062614
1.073040
1.083620
1.093953
1.104487
1.114898
1.125349
1.135790
1.146333
1.156666
1.167264
1.177729
1.188134
1.198686
1.209103
1.219563
1.229971
1.240577
1.250994
1.261528
1.271856
1.282189
1.292654
1.303260
1.313597
1.324140
1.334812
1.344831
1.355326
1.365818
1.376170
1.386593
1.397091
1.407463
1.417851
1.428253
1.438577
1.449064
1.459451
1.469820
1.480160
1.490580
1.500841
1.511229
1.521613
1.531949
1.542349
1.552661
1.562917
1.573508
1.583772
1.594055
1.604448
1.614910
1.625274
1.635502
1.645940
1.656244
1.666655
1.677063
1.687424
1.697850
1.708246
1.718652
1.728919
1.739462
1.749901
1.760261
1.770822
1.781090
1.791597
1.801978
1.812497
1.822813
1.833371
1.843833
1.854106
1.864739
1.874968
1.885445
1.896012
1.906343
1.916685
1.927402
1.937654
1.948138
1.958549
1.969056
1.979410
1.989900
2.000284
2.010740
2.021223
2.031521
2.042001
2.052379
2.062824
2.073118
2.083562
2.093926
2.104367
2.114640
2.125064
2.135481
2.145728
2.156025
2.166625
2.176845
2.187100
2.197448
2.207779
2.218163
2.228392
2.238653
2.248933
2.259080
2.269459
2.279672
2.290000
2.300174
2.310361
2.320560
2.330842
2.341178
2.351101
2.361575
2.371663
2.381775
2.391982
2.402148
2.412302
2.422455
2.432711
2.442843
2.453165
2.463220
2.473400
2.483665
2.493686
2.503873
2.514254
2.524291
2.534394
2.544787
2.554827
2.565029
2.575230
2.585375
2.595526
2.605853
2.615973
2.626091
2.636317
2.646456
2.656609
2.666850
2.677033
2.687184
2.697472
2.707386
2.717510
2.727798
2.737733
2.748004
2.758097
2.768353
2.778324
2.788507
2.798667
2.808632
2.818828
2.828906
2.838979
2.849124
2.859164
2.869266
2.879486
2.889493
2.899574
2.909656
2.919645
2.929595
2.939733
2.949629
2.959645
2.969727
2.979644
2.989600
2.999645
3.009551
3.019512
3.029570
3.039394
3.049347
3.059345
3.069133
3.079218
3.089012
3.098896
3.108651
3.118646
3.128563
3.138324
3.148244
3.158065
3.167904
3.177716
3.187726
3.197373
3.207521
3.217063
3.227154
3.236876
3.246691
3.256521
3.266420
3.276193
3.286080
3.296009
3.305711
3.315571
3.325551
3.335192
3.345199
3.354969
3.364745
3.374572
3.384513
3.394214
3.404137
3.413925
3.423752
3.433585
3.443373
3.453167
3.462980
3.472899
3.482610
3.492572
3.502411
3.511989
3.521711
3.531700
3.541356
3.551112
3.560969
3.570628
3.580407
3.590252
3.599971
3.609688
3.619317
3.629171
3.638818
3.648498
3.658325
3.668123
3.677578
3.687465
3.697005
3.706694
3.716416
3.725931
3.735687
3.745241
3.754840
3.764491
3.773955
3.783644
3.793244
3.802810
3.812395
3.821997
3.831476
3.841103
3.850570
3.860134
3.869763
3.879186
3.888731
3.898253
3.907723
3.917230
3.926808
3.936114
3.945665
3.955229
3.964675
3.974212
3.983709
3.993174
4.002722
4.012177
4.021600
4.031113
4.040739
4.050069
4.059569
4.069124
4.078579
4.087984
4.097511
4.107135
4.116578
4.126190
4.135582
4.145032
4.154571
4.164033
4.173470
4.183067
4.192468
4.202071
4.211679
4.221132
4.230659
4.240220
4.249687
4.259161
4.268787
4.278206
4.287701
4.297265
4.306747
4.316215
4.325787
4.335200
4.344704
4.354231
4.363723
4.373227
4.382619
4.392189
4.401659
4.411207
4.420717
4.430149
4.439595
4.449015
4.458548
4.467893
4.477294
4.486966
4.496337
4.505715
4.515192
4.524623
4.534115
4.543432
4.552906
4.562269
4.571574
4.581096
4.590444
4.599848
4.609253
4.618612
4.627909
4.637308
4.646796
4.656027
4.665555
4.674765
4.684133
4.693520
4.702781
4.712116
4.721584
4.730740
4.740153
4.749450
4.758834
4.768148
4.777538
4.786784
4.796156
4.805498
4.814866
4.824229
4.833568
4.842912
4.852221
4.861698
4.870988
4.880348
4.889633
4.899181
4.908481
4.917892
4.927212
4.936527
4.945973
4.955324
4.964675
4.974064
4.983400
4.992712
5.002101
5.011467
5.020794
5.030196
5.039537
5.048981
5.058259
5.067709
5.077069
5.086399
5.095740
5.104983
5.114514
5.123805
5.133149
5.142395
5.151845
5.161060
5.170453
5.179771
5.189118
5.198448
5.207658
5.216937
5.226315
5.235495
5.244785
5.254064
5.263358
5.272520
5.281810
5.290976
5.300221
5.309437
5.318653
5.327818
5.337088
5.346256
5.355307
5.364448
5.373693
5.382771
5.391933
5.401104
5.410189
5.419305
5.428401
5.437510
5.446651
5.455680
5.464813
5.473735
5.482786
5.491855
5.501017
5.510011
5.519008
5.528242
5.537042
5.546111
5.555060
5.564332
5.573189
5.582255
5.591186
5.600219
5.609199
5.618186
5.627190
5.636217
5.645175
5.654226
5.663286
5.672250
5.681203
5.690194
5.699137
5.708119
5.717113
5.726140
5.735144
5.744063
5.752970
5.762003
5.770962
5.779875
5.788899
5.797830
5.806719
5.815684
5.824708
5.833621
5.842567
5.851609
5.860415
5.869349
5.878439
5.887167
5.896125
5.905008
5.913888
5.922838
5.931721
5.940536
5.949451
5.958326
5.967191
5.976038
5.984943
5.993793
6.002611
6.011467
6.020246
6.029051
6.037889
6.046662
6.055485
6.064434
6.072976
6.081895
6.090617
6.099446
6.108216
6.116907
6.125605
6.134356
6.143095
6.151856
6.160497
6.169281
6.177874
6.186640
6.195290
6.203948
6.212685
6.221320
6.229886
6.238592
6.247278
6.255879
6.264499
6.273263
6.281816
0.007235
0.015813
0.024466
0.033017
0.041690
0.050259
0.058864
0.067513
0.076010
0.084621
0.093318
0.101740
0.110492
0.118934
0.127623
0.136153
0.144781
0.153356
0.161931
0.170562
0.179086
0.187586
0.196206
0.204759
0.213325
0.222158
0.230502
0.239136
0.247756
0.256253
0.264818
0.273507
0.281947
0.290513
0.299240
0.307638
0.316348
0.324790
0.333446
0.341973
0.350455
0.359017
0.367598
0.376185
0.384670
0.393247
0.401708
0.410235
0.418849
0.427253
0.435962
0.444291
0.452758
0.461465
0.469925
0.478353
0.486784
0.495389
0.503763
0.512317
0.520789
0.529247
0.537678
0.546193
0.554519
0.563022
0.571423
0.579833
0.588261
0.596775
0.605096
0.613601
0.621924
0.630295
0.638702
0.647190
0.655471
0.663773
0.672210
0.680581
0.688889
0.697320
0.705649
0.714068
0.722232
0.730645
0.738977
0.747318
0.755578
0.763919
0.772204
0.780542
0.788811
0.797098
0.805448
0.813753
0.822028
0.830333
0.838596
0.846919
0.855194
0.863490
0.871837
0.880199
0.888289
0.896744
0.904938
0.913315
0.921614
0.929847
0.938272
0.946511
0.954798
0.963100
0.971426
0.979776
0.988057
0.996377
1.004611
1.013039
1.021242
1.029640
1.037891
1.046292
1.054603
1.062869
1.071276
1.079533
1.087859
1.096239
1.104502
1.112873
1.121196
1.129522
1.137845
1.146114
1.154527
1.162715
1.171209
1.179284
1.187697
1.196074
1.204463
1.212654
1.220926
1.229225
1.237557
1.245841
1.254167
1.262460
1.270849
1.279070
1.287318
1.295621
1.303860
1.312129
1.320491
1.328727
1.336990
1.345310
1.353543
1.361803
1.370114
1.378357
1.386629
1.394904
1.403107
1.411436
1.419642
1.427837
1.436109
1.444327
1.452521
1.460733
1.468987
1.477203
1.485469
1.493633
1.501776
1.510075
1.518287
1.526455
1.534574
1.542828
1.551031
1.559169
1.567375
1.575509
1.583709
1.591913
1.600065
1.608241
1.616468
1.624632
1.632833
1.641003
1.649188
1.657505
1.665624
1.673816
1.682001
1.690294
1.698389
1.706763
1.714898
1.722999
1.731226
1.739585
1.747707
1.755902
1.764150
1.772260
1.780499
1.788753
1.796981
1.805178
1.813426
1.821578
1.829814
1.838119
1.846218
1.854433
1.862741
1.870863
1.879081
1.887333
1.895587
1.903799
1.911975
1.920181
1.928436
1.936660
1.944863
1.953048
1.961248
1.969434
1.977610
1.985867
1.994058
2.002228
2.010408
2.018650
2.026748
2.034978
2.043098
2.051352
2.059555
2.067647
2.075854
2.084009
2.092074
2.100188
2.108391
2.116477
2.124590
2.132794
2.140832
2.148927
2.157125
2.165187
2.173291
2.181339
2.189452
2.197460
2.205652
2.213540
2.221764
2.229800
2.237910
2.245823
2.253915
2.261942
2.269947
2.277967
2.286012
2.293945
2.302011
2.309944
2.317977
2.325961
2.333952
2.341930
2.349885
2.357836
2.365872
2.373829
2.381739
2.389657
2.397639
2.405566
2.413491
2.421520
2.429385
2.437349
2.445333
2.453348
2.461254
2.469203
2.477154
2.485016
2.493015
2.500916
2.508769
2.516789
2.524711
2.532683
2.540581
2.548562
2.556400
2.564396
2.572264
2.580192
2.588218
2.595996
2.604031
2.611911
2.619820
2.627868
2.635766
2.643648
2.651510
2.659428
2.667308
2.675191
2.683154
2.691001
2.698913
2.706826
2.714694
2.722606
2.730609
2.738344
2.746251
2.754226
2.761986
2.769941
2.777695
2.785742
2.793499
2.801361
2.809183
2.817000
2.824913
2.832666
2.840489
2.848357
2.856179
2.864044
2.871855
2.879644
2.887446
2.895257
2.902987
2.910768
2.918626
2.926224
2.934122
2.941896
2.949522
2.957272
2.965224
2.972756
2.980558
2.988344
2.996014
3.003783
3.011426
3.019186
3.026862
3.034514
3.042196
3.049892
3.057541
3.065199
3.072872
3.080512
3.088161
3.095816
3.103447
3.111126
3.118823
3.126319
3.133944
3.141647
3.149152
3.156732
3.164378
3.171922
3.179535
3.187222
3.194653
3.202380
3.209921
3.217504
3.225057
3.232631
3.240310
3.247830
3.255524
3.263062
3.270570
3.278231
3.285724
3.293241
3.300893
3.308497
3.315999
3.323585
3.331201
3.338727
3.346316
3.353812
3.361395
3.368984
3.376430
3.384063
3.391640
3.399163
3.406837
3.414237
3.421826
3.429340
3.436875
3.444461
3.451969
3.459456
3.466928
3.474461
3.482106
3.489531
3.497015
3.504562
3.511992
3.519527
3.526972
3.534498
3.541974
3.549428
3.556882
3.564237
3.571724
3.579266
3.586702
3.594198
3.601559
3.608965
3.616482
3.623841
3.631298
3.638665
3.646084
3.653433
3.660863
3.668231
3.675649
3.683040
3.690398
3.697703
3.705103
3.712437
3.719670
3.727166
3.734413
3.741864
3.749142
3.756353
3.763643
3.770989
3.778279
3.785583
3.792863
3.800075
3.807310
3.814615
3.821841
3.829128
3.836357
3.843622
3.850807
3.858118
3.865281
3.872460
3.879695
3.886930
3.894064
3.901356
3.908508
3.915654
3.922895
3.930017
3.937201
3.944359
3.951544
3.958692
3.965993
3.972962
3.980255
3.987397
3.994543
4.001658
4.008996
4.016034
4.023212
4.030424
4.037533
4.044691
4.051935
4.059045
4.066143
4.073384
4.080389
4.087588
4.094770
4.101943
4.108998
4.116207
4.123304
4.130462
4.137617
4.144786
4.151854
4.159044
4.166130
4.173300
4.180430
4.187459
4.194692
4.201819
4.208875
4.215991
4.223196
4.230294
4.237418
4.244588
4.251707
4.258807
4.265988
4.273002
4.280145
4.287263
4.294322
4.301456
4.308580
4.315669
4.322845
4.329867
4.336932
4.344096
4.351301
4.358297
4.365287
4.372427
4.379506
4.386568
4.393630
4.400646
4.407771
4.414863
4.421867
4.428893
4.435970
4.442956
4.450027
4.457116
4.464016
4.471072
4.478095
4.485102
4.492137
4.499202
4.506132
4.513016
4.520084
4.527023
4.534060
4.541050
4.547935
4.554931
4.561828
4.568824
4.575736
4.582716
4.589622
4.596561
4.603494
4.610478
4.617300
4.624251
4.631073
4.638090
4.644969
4.651881
4.658748
4.665627
4.672470
4.679367
4.686299
4.693115
4.700003
4.706927
4.713731
4.720583
4.727504
4.734365
4.741157
4.748018
4.754873
4.761665
4.768610
4.775372
4.782239
4.789115
4.795964
4.802750
4.809617
4.816514
4.823264
4.830185
4.836962
4.843853
4.850648
4.857383
4.864319
4.871153
4.877996
4.884773
4.891658
4.898486
4.905311
4.912124
4.918928
4.925777
4.932620
4.939517
4.946237
4.953041
4.959938
4.966679
4.973606
4.980314
4.987097
4.993896
5.000709
5.007518
5.014338
5.021123
5.027915
5.034711
5.041593
5.048322
5.055099
5.061861
5.068626
5.075436
5.082072
5.088948
5.095710
5.102355
5.109115
5.116006
5.122678
5.129464
5.136211
5.142946
5.149573
5.156435
5.163125
5.169818
5.176535
5.183225
5.189960
5.196618
5.203344
5.209917
5.216745
5.223342
5.229988
5.236630
5.243308
5.250007
5.256673
5.263250
5.270018
5.276498
5.283144
5.289834
5.296458
5.302900
5.309653
5.316160
5.322808
5.329376
5.335919
5.342444
5.349069
5.355567
5.362129
5.368699
5.375248
5.381834
5.388251
5.394738
5.401353
5.407815
5.414224
5.420725
5.427278
5.433671
5.440110
5.446630
5.453023
5.459453
5.465942
5.472294
5.478723
5.485195
5.491609
5.497979
5.504495
5.510880
5.517175
5.523664
5.529959
5.536439
5.542794
5.549205
5.555521
5.562023
5.568281
5.574825
5.581057
5.587516
5.593805
5.600214
5.606562
5.612893
5.619244
5.625578
5.632034
5.638272
5.644639
5.650877
5.657231
5.663697
5.669851
5.676277
5.682566
5.688902
5.695242
5.701531
5.707808
5.714148
5.720421
5.726752
5.733014
5.739263
5.745570
5.751853
5.758114
5.764403
5.770698
5.776975
5.783206
5.789438
5.795706
5.802103
5.808301
5.814479
5.820723
5.826997
5.833184
5.839365
5.845689
5.851888
5.858177
5.864343
5.870488
5.876770
5.883008
5.889240
5.895400
5.901619
5.907809
5.914047
5.920150
5.926418
5.932530
5.938837
5.944919
5.951043
5.957253
5.963386
5.969537
5.975694
5.981851
5.987945
5.994126
6.000202
6.006347
6.012531
6.018553
6.024614
6.030813
6.036810
6.042932
6.049088
6.055089
6.061148
6.067305
6.073228
6.079277
6.085449
6.091372
6.097484
6.103545
6.109579
6.115577
6.121647
6.127678
6.133667
6.139722
6.145669
6.151631
6.157650
6.163676
6.169731
6.175627
6.181526
6.187545
6.193522
6.199479
6.205519
6.211397
6.217242
6.223282
6.229235
6.235105
6.241043
6.246969
6.252910
6.258806
6.264720
6.270608
6.276519
6.282445
0.005147
0.011034
0.017003
0.022824
0.028741
0.034619
0.040450
0.046391
0.052206
0.058034
0.064002
0.069799
0.075719
0.081481
0.087503
0.093264
0.099116
0.105036
0.110827
0.116720
0.122572
0.128390
0.134235
0.140114
0.145932
0.151768
0.157637
0.163465
0.169277
0.175212
0.180962
0.186861
0.192622
0.198468
0.204295
0.210173
0.215989
0.221759
0.227664
0.233441
0.239226
0.245119
0.250938
0.256774
0.262559
0.268339
0.274124
0.279975
0.285770
0.291579
0.297371
0.303147
0.308944
0.314784
0.320533
0.326339
0.332107
0.337874
0.343639
0.349433
0.355176
0.360956
0.366774
0.372512
0.378264
0.384014
0.389730
0.395542
0.401322
0.406978
0.412686
0.418492
0.424266
0.430000
0.435707
0.441448
0.447116
0.452905
0.458543
0.464302
0.470009
0.475735
0.481448
0.487147
0.492824
0.498481
0.504146
0.509845
0.515504
0.521260
0.526952
0.532627
0.538373
0.543931
0.549659
0.555202
0.560931
0.566524
0.572226
0.577864
0.583539
0.589189
0.594732
0.600506
0.606018
0.611636
0.617242
0.622871
0.628444
0.634040
0.639658
0.645234
0.650758
0.656460
0.661991
0.667551
0.673181
0.678727
0.684335
0.689920
0.695427
0.701044
0.706620
0.712112
0.717690
0.723260
0.728674
0.734255
0.739873
0.745323
0.750863
0.756426
0.761906
0.767497
0.773078
0.778528
0.783996
0.789548
0.795072
0.800573
0.806101
0.811602
0.817138
0.822582
0.828155
0.833557
0.839195
0.844585
0.850116
0.855617
0.861073
0.866669
0.872068
0.877653
0.883043
0.888660
0.894068
0.899575
0.905049
0.910522
0.916050
0.921521
0.926953
0.932469
0.938008
0.943461
0.948884
0.954316
0.959847
0.965365
0.970881
0.976304
0.981787
0.987233
0.992767
0.998199
1.003640
1.009099
1.014549
1.019986
1.025595
1.031045
1.036462
1.041945
1.047424
1.052820
1.058375
1.063822
1.069283
1.074709
1.080189
1.085672
1.091071
1.096551
1.101985
1.107474
1.112846
1.118350
1.123803
1.129226
1.134681
1.140122
1.145569
1.151040
1.156430
1.161886
1.167279
1.172728
1.178187
1.183616
1.189099
1.194399
1.199879
1.205269
1.210718
1.216108
1.221519
1.226927
1.232317
1.237737
1.243184
1.248523
1.253942
1.259317
1.264782
1.270160
1.275571
1.280883
1.286282
1.291669
1.296987
1.302452
1.307811
1.313154
1.318576
1.323972
1.329302
1.334689
1.340049
1.345364
1.350667
1.356084
1.361408
1.366756
1.372104
1.377452
1.382755
1.388115
1.393397
1.398712
1.404093
1.409351
1.414663
1.420008
1.425326
1.430614
1.435968
1.441247
1.446538
1.451838
1.457159
1.462453
1.467693
1.473062
1.478320
1.483578
1.488827
1.494133
1.499418
1.504664
1.509937
1.515243
1.520481
1.525775
1.531123
1.536270
1.541498
1.546774
1.551999
1.557239
1.562527
1.567725
1.573004
1.578215
1.583491
1.588689
1.593959
1.599205
1.604403
1.609673
1.614862
1.620052
1.625390
1.630544
1.635781
1.641006
1.646249
1.651495
1.656669
1.661984
1.667143
1.672428
1.677630
1.682852
1.688083
1.693278
1.698569
1.703779
1.708951
1.714158
1.719431
1.724659
1.729821
1.735064
1.740295
1.745553
1.750710
1.755920
1.761142
1.766382
1.771559
1.776787
1.782060
1.787231
1.792511
1.797658
1.802826
1.808042
1.813282
1.818483
1.823678
1.828883
1.834057
1.839270
1.844546
1.849693
1.854891
1.860090
1.865261
1.870456
1.875663
1.880834
1.886047
1.891237
1.896435
1.901513
1.906729
1.911930
1.917068
1.922285
1.927456
1.932633
1.937801
1.942954
1.948126
1.953354
1.958510
1.963615
1.968724
1.973967
1.979045
1.984195
1.989336
1.994436
1.999724
2.004787
2.009883
2.014974
2.020166
2.025265
2.030454
2.035539
2.040698
2.045815
2.050917
2.056008
2.061128
2.066245
2.071342
2.076432
2.081492
2.086585
2.091697
2.096805
2.101814
2.107036
2.112013
2.117142
2.122169
2.127221
2.132284
2.137387
2.142399
2.147477
2.152514
2.157556
2.162571
2.167614
2.172641
2.177665
2.182693
2.187720
2.192721
2.197772
2.202787
2.207737
2.212767
2.217762
2.222741
2.227700
2.232670
2.237641
2.242644
2.247578
2.252633
2.257558
2.262433
2.267406
2.272365
2.277371
2.282264
2.287225
2.292175
2.297106
2.301990
2.306891
2.311874
2.316790
2.321623
2.326536
2.331462
2.336379
2.341331
2.346233
2.351041
2.355928
2.360913
2.365692
2.370594
2.375498
2.380316
2.385301
2.390146
2.394979
2.399862
2.404721
2.409593
2.414489
2.419345
2.424154
2.429047
2.433981
2.438748
2.443614
2.448470
2.453339
2.458141
2.463010
2.467834
2.472756
2.477556
2.482430
2.487203
2.492027
2.496880
2.501710
2.506588
2.511312
2.516238
2.521032
2.525963
2.530715
2.535586
2.540377
2.545177
2.549926
2.554716
2.559636
2.564367
2.569166
2.573963
2.578778
2.583565
2.588395
2.593194
2.597982
2.602773
2.607561
2.612360
2.617217
2.621939
2.626723
2.631499
2.636275
2.641039
2.645832
2.650563
2.655354
2.660126
2.664884
2.669627
2.674451
2.679181
2.683936
2.688736
2.693437
2.698182
2.702970
2.707701
2.712435
2.717183
2.721866
2.726603
2.731397
2.736034
2.740864
2.745502
2.750314
2.755012
2.759727
2.764419
2.769138
2.773887
2.778548
2.783237
2.787953
2.792609
2.797319
2.801990
2.806652
2.811349
2.816080
2.820703
2.825428
2.830129
2.834733
2.839417
2.844057
2.848713
2.853381
2.858061
2.862660
2.867340
2.871957
2.876576
2.881220
2.885807
2.890514
2.895095
2.899712
2.904335
2.908949
2.913584
2.918153
2.922815
2.927387
2.931947
2.936519
2.941144
2.945716
2.950306
2.954870
2.959462
2.963995
2.968609
2.973109
2.977696
2.982268
2.986831
2.991323
2.995912
3.000454
3.004966
3.009538
3.014012
3.018524
3.023030
3.027569
3.032087
3.036605
3.041117
3.045632
3.050102
3.054668
3.059141
3.063593
3.068147
3.072561
3.077195
3.081567
3.086055
3.090474
3.094956
3.099423
3.103932
3.108289
3.112774
3.117283
3.121648
3.126106
3.130591
3.134989
3.139436
3.143954
3.148328
3.152717
3.157181
3.161576
3.165962
3.170427
3.174783
3.179226
3.183624
3.188023
3.192391
3.196882
3.201205
3.205627
3.210098
3.214418
3.218861
3.223247
3.227621
3.232002
3.236463
3.240777
3.245166
3.249537
3.253936
3.258328
3.262678
3.267046
3.271343
3.275849
3.280151
3.284490
3.288837
3.293220
3.297588
3.301924
3.306280
3.310567
3.315028
3.319298
3.323636
3.327932
3.332307
3.336657
3.340965
3.345268
3.349594
3.353986
3.358238
3.362573
3.366896
3.371181
3.375495
3.379824
3.384069
3.388360
3.392665
3.396967
3.401249
3.405548
3.409779
3.413991
3.418335
3.422602
3.426853
3.431138
3.435377
3.439634
3.443907
3.448149
3.452383
3.456592
3.460867
3.465062
3.469343
3.473565
3.477783
3.482068
3.486229
3.490453
3.494684
3.498866
3.503061
3.507270
3.511465
3.515689
3.519863
3.524042
3.528207
3.532371
3.536521
3.540730
3.544892
3.549014
3.553251
3.557412
3.561520
3.565687
3.569843
3.574013
3.578103
3.582244
3.586351
3.590492
3.594605
3.598722
3.602806
3.606895
3.611024
3.615077
3.619146
3.623164
3.627262
3.631382
3.635448
3.639474
3.643570
3.647591
3.651641
3.655683
3.659743
3.663679
3.667766
3.671736
3.675741
3.679810
3.683744
3.687735
3.691836
3.695782
3.699701
3.703782
3.707706
3.711694
3.715640
3.719565
3.723535
3.727510
3.731423
3.735378
3.739285
3.743222
3.747132
3.751056
3.754927
3.758828
3.762771
3.766687
3.770573
3.774488
3.778363
3.782248
3.786128
3.789999
3.793849
3.797729
3.801621
3.805444
3.809315
3.813147
3.817084
3.820847
3.824699
3.828534
3.832396
3.836237
3.840051
3.843895
3.847715
3.851520
3.855331
3.859109
3.862899
3.866746
3.870518
3.874284
3.878083
3.881855
3.885594
3.889420
3.893234
3.896991
3.900769
3.904541
3.908278
3.912088
3.915801
3.919546
3.923291
3.927051
3.930805
3.934514
3.938229
3.941971
3.945740
3.949416
3.953209
3.956886
3.960589
3.964313
3.968028
3.971725
3.975407
3.979113
3.982798
3.986511
3.990178
3.993860
3.997554
4.001230
4.004894
4.008558
4.012181
4.015908
4.019590
4.023278
4.026933
4.030568
4.034214
4.037869
4.041551
4.045164
4.048775
4.052451
4.056055
4.059713
4.063333
4.066960
4.070553
4.074187
4.077797
4.081414
4.085054
4.088634
4.092259
4.095855
4.099459
4.103057
4.106631
4.110266
4.113825
4.117396
4.120997
4.124536
4.128143
4.131696
4.135289
4.138872
4.142419
4.145964
4.149541
4.153079
4.156644
4.160210
4.163709
4.167307
4.170855
4.174390
4.177947
4.181473
4.184993
4.188519
4.192085
4.195644
4.199117
4.202673
4.206178
4.209702
4.213216
4.216712
4.220257
4.223723
4.227211
4.230686
4.234185
4.237667
4.241124
4.244639
4.248117
4.251616
4.255083
4.258534
4.262019
4.265506
4.268952
4.272385
4.275873
4.279297
4.282763
4.286191
4.289625
4.292992
4.296453
4.299868
4.303287
4.306726
4.310121
4.313566
4.316997
4.320421
4.323780
4.327201
4.330590
4.334029
4.337367
4.340788
4.344099
4.347460
4.350900
4.354252
4.357677
4.360988
4.364373
4.367743
4.371078
4.374467
4.377822
4.381139
4.384429
4.387814
4.391080
4.394409
4.397737
4.401057
4.404407
4.407693
4.410980
4.414251
4.417586
4.420870
4.424192
4.427491
4.430793
4.434043
4.437423
4.440623
4.443888
4.447145
4.450444
4.453701
4.456954
4.460184
4.463408
4.466703
4.469948
4.473130
4.476419
4.479599
4.482807
4.486037
4.489252
4.492466
4.495684
4.498836
4.502054
4.505227
4.508360
4.511596
4.514787
4.517981
4.521130
4.524270
4.527400
4.530552
4.533731
4.536856
4.539972
4.543067
4.546204
4.549304
4.552460
4.555533
4.558640
4.561780
4.564869
4.567937
4.571014
4.574136
4.577165
4.580338
4.583382
4.586474
4.589550
4.592595
4.595642
4.598712
4.601757
4.604825
4.607865
4.610856
4.613879
4.616902
4.619936
4.622969
4.625992
4.628973
4.631942
4.634962
4.637952
4.640927
4.643959
4.646901
4.649891
4.652831
4.655827
4.658727
4.661723
4.664692
4.667640
4.670591
4.673509
4.676433
4.679379
4.682356
4.685248
4.688205
4.691114
4.693987
4.696980
4.699869
4.702786
4.705657
4.708524
4.711424
4.714327
4.717206
4.720125
4.723007
4.725865
4.728745
4.731612
4.734464
4.737352
4.740228
4.743093
4.745894
4.748758
4.751592
4.754442
4.757282
4.760113
4.762953
4.765758
4.768589
4.771441
4.774284
4.777137
4.779965
4.782826
4.785619
4.788456
4.791263
4.794127
4.796950
4.799760
4.802531
4.805261
4.808116
4.810866
4.813710
4.816460
4.819211
4.821943
4.824717
4.827518
4.830281
4.833046
4.835803
4.838547
4.841312
4.844087
4.846774
4.849557
4.852281
4.855031
4.857737
4.860424
4.863142
4.865886
4.868570
4.871288
4.873987
4.876627
4.879332
4.882010
4.884719
4.887368
4.890076
4.892704
4.895355
4.898006
4.900649
4.903325
4.906015
4.908643
4.911237
4.913877
4.916460
4.919144
4.921730
4.924390
4.927014
4.929630
4.932204
4.934801
4.937336
4.939972
4.942585
4.945168
4.947789
4.950285
4.952873
4.955405
4.957991
4.960540
4.963123
4.965693
4.968264
4.970790
4.973328
4.975856
4.978385
4.980931
4.983409
4.985950
4.988455
4.990963
4.993458
4.995990
4.998507
5.001002
5.003477
5.005991
5.008420
5.010976
5.013388
5.015872
5.018352
5.020821
5.023284
5.025750
5.028170
5.030630
5.033093
5.035553
5.038030
5.040403
5.042869
5.045317
5.047801
5.050182
5.052570
5.055048
5.057439
5.059842
5.062232
5.064614
5.067026
5.069441
5.071784
5.074205
5.076545
5.078966
5.081336
5.083732
5.086078
5.088463
5.090869
5.093226
5.095584
5.097960
5.100276
5.102616
5.104974
5.107332
5.109663
5.112030
5.114370
5.116668
5.119047
5.121318
5.123625
5.125956
5.128269
5.130567
5.132871
5.135148
5.137431
5.139722
5.141970
5.144235
5.146497
5.148770
5.151042
5.153316
5.155578
5.157825
5.160101
5.162352
5.164626
5.166855
5.169066
5.171283
5.173533
5.175738
5.177934
5.180154
5.182356
5.184525
5.186718
5.188897
5.191063
5.193259
5.195425
5.197594
5.199767
5.201911
5.204081
5.206235
5.208398
5.210540
5.212677
5.214780
5.216925
5.219049
5.221149
5.223247
5.225347
5.227438
5.229532
5.231657
5.233730
5.235788
5.237840
5.239923
5.241942
5.244030
5.246047
5.248096
5.250133
5.252176
5.254181
5.256206
5.258225
5.260245
5.262225
5.264245
5.266252
5.268262
5.270255
5.272235
5.274207
5.276184
5.278152
5.280142
5.282068
5.284025
5.285978
5.287931
5.289867
5.291790
5.293708
5.295631
5.297546
5.299457
5.301372
5.303292
5.305192
5.307103
5.309006
5.310875
5.312747
5.314617
5.316478
5.318336
5.320190
5.322030
5.323902
5.325810
5.327620
5.329490
5.331314
5.333133
5.334979
5.336815
5.338589
5.340416
5.342223
5.344029
5.345836
5.347634
5.349420
5.351193
5.352976
5.354746
5.356511
5.358261
5.360041
5.361814
5.363612
5.365362
5.367060
5.368834
5.370572
5.372324
5.374047
5.375749
5.377462
5.379182
5.380929
5.382667
5.384380
5.386082
5.387769
5.389450
5.391154
5.392841
5.394543
5.396218
5.397899
5.399561
5.401186
5.402839
5.404535
5.406188
5.407806
5.409463
5.411102
5.412732
5.414365
5.416016
5.417634
5.419296
5.420918
5.422532
5.424132
5.425744
5.427356
5.428968
5.430559
5.432144
5.433713
5.435283
5.436877
5.438465
5.440035
5.441617
5.443205
5.444745
5.446300
5.447855
5.449392
5.450947
5.452490
5.454006
5.455516
5.457035
5.458551
5.460103
5.461601
5.463147
5.464633
5.466122
5.467623
5.469133
5.470610
5.472129
5.473582
5.475104
5.476554
5.478010
5.479448
5.480892
5.482360
5.483826
5.485260
5.486708
5.488170
5.489557
5.491010
5.492427
5.493805
5.495267
5.496703
5.498114
5.499489
5.500879
5.502290
5.503689
5.505083
5.506458
5.507854
5.509214
5.510595
5.511961
5.513322
5.514679
5.516066
5.517417
5.518765
5.520114
5.521432
5.522759
5.524075
5.525426
5.526690
5.528018
5.529324
5.530642
5.531945
5.533260
5.534552
5.535846
5.537146
5.538404
5.539705
5.540967
5.542264
5.543540
5.544801
5.546051
5.547282
5.548525
5.549769
5.551021
5.552243
5.553499
5.554751
5.555974
5.557214
5.558442
5.559647
5.560866
5.562082
5.563278
5.564470
5.565684
5.566849
5.568045
5.569222
5.570396
5.571553
5.572724
5.573884
5.575031
5.576179
5.577351
5.578522
5.579705
5.580874
5.582015
5.583160
5.584256
5.585416
5.586521
5.587615
5.588717
5.589832
5.590919
5.592010
5.593104
5.594170
5.595243
5.596322
5.597373
5.598424
5.599491
5.600567
5.601657
5.602763
5.603812
5.604851
5.605894
5.606943
5.607982
5.608995
5.610011
5.611023
5.612051
5.613033
5.614028
5.615029
5.616012
5.617012
5.617986
5.618942
5.619915
5.620892
5.621839
5.622809
5.623795
5.624742
5.625707
5.626675
5.627624
5.628583
5.629527
5.630500
5.631435
5.632385
5.633272
5.634168
5.635087
5.635995
5.636888
5.637778
5.638668
5.639543
5.640420
5.641286
5.642164
5.643021
5.643884
5.644747
5.645627
5.646472
5.647344
5.648213
5.649091
5.649936
5.650784
5.651605
5.652447
5.653288
5.654124
5.654922
5.655757
5.656563
5.657357
5.658154
5.658936
5.659718
5.660482
5.661258
5.662013
5.662786
5.663559
5.664311
5.665045
5.665794
5.666531
5.667247
5.667990
5.668733
5.669467
5.670192
5.670917
5.671684
5.672427
5.673162
5.673892
5.674603
5.675327
5.676034
5.676718
5.677395
5.678084
5.678755
5.679423
5.680079
5.680720
5.681349
5.681982
5.682635
5.683273
5.683884
5.684507
5.685145
5.685769
5.686392
5.686991
5.687575
5.688171
5.688762
5.689352
5.689936
5.690550
5.691129
5.691713
5.692303
5.692902
5.693475
5.694065
5.694667
5.695266
5.695850
5.696444
5.697034
5.697606
5.698178
5.698730
5.699266
5.699805
5.700333
5.700845
5.701342
5.701842
5.702334
5.702810
5.703275
5.703739
5.704197
5.704644
5.705117
5.705575
5.706016
5.706453
5.706906
5.707355
5.707808
5.708254
5.708676
5.709111
5.709567
5.709995
5.710423
5.710855
5.711289
5.711706
5.712101
5.712484
5.712868
5.713264
5.713656
5.714051
5.714435
5.714818
5.715223
5.715624
5.716029
5.716436
5.716835
5.717242
5.717665
5.718066
5.718452
5.718851
5.719255
5.719651
5.720037
5.720424
5.720796
5.721158
5.721527
5.721880
5.722222
5.722572
5.722899
5.723213
5.723516
5.723807
5.724076
5.724352
5.724622
5.724876
5.725116
5.725356
5.725595
5.725823
5.726045
5.726260
5.726461
5.726668
5.726871
5.727072
5.727261
5.727453
5.727633
5.727812
5.727992
5.728163
5.728319
5.728489
5.728660
5.728828
5.728987
5.729169
5.729346
5.729511
5.729676
5.729841
5.729990
5.730149
5.730323
5.730482
5.730626
5.730770
5.730913
5.731051
5.731186
5.731330
5.731455
5.731575
5.731704
5.731833
5.731947
5.732076
5.732202
5.732321
5.732441
5.732552
5.732651
5.732762
5.732885
5.732998
5.733086
5.733175
5.733277
5.733382
5.733481
5.733571
5.733645
5.733721
5.733799
5.733867
5.733915
5.733984
5.734038
5.734083
5.734116
5.734143
5.734143
5.734149
5.734170
5.734182
5.734182
5.734185
5.734185
5.734185
5.734185
5.734185
5.734185
5.734185
5.734185
5.734185
5.734185
5.734185
5.734185
5.734185
5.734185
5.734185
5.734185
5.734155
5.734116
5.734068
5.734011
5.733975
5.733943
5.733903
5.733867
5.733817
5.733763
5.733724
5.733685
5.733643
5.733592
5.733562
5.733535
5.733505
5.733472
5.733448
5.733406
5.733376
5.733373
5.733370
5.733352
5.733349
5.733343
5.733337
5.733334
5.733328
5.733307
5.733295
5.733295
5.733295
5.733295
5.733295
5.733295
5.733295
5.733295
5.733295
5.733295
5.733295
5.733295
5.733295
5.733295
5.733295
5.733295
5.733295
5.733295
5.733295
5.733295
5.733295
5.733295
5.733295
5.733295
5.733295
5.733295
5.733295
5.733295
5.733295
5.733295
5.733295
5.733295
5.733295
5.733295
5.733295
5.733295
5.733295
5.733295
5.733295
5.733295
5.733295
5.733295
5.733295
5.733295
5.733295
5.733295
5.733295
5.733295
5.733295
5.733295
5.733295
5.733295
5.733295
5.733295
5.733295
5.733295
5.733295
5.733295
5.733295
5.733295
5.733295
5.733295
5.733295
5.733295
5.733295
5.733295
5.733295
5.733295
5.733295
5.733295
5.733295
5.733295
5.733295
5.733295
5.733295
5.733295
5.733295
5.733295
5.733295
5.733295
5.733295
5.733295
5.733295
5.733295
5.733295
5.733295
5.733295
5.733295
5.733295
5.733295
5.733295
5.733295
5.733295
5.733295
5.733295
5.733295
5.733295
5.733295
5.733295
5.733295