5.311957
5.311957
5.311957
5.311957
5.311957
5.311957
5.312020
5.312316
5.312739
5.313260
5.313892
5.314620
5.315498
5.316517
5.317718
5.319057
5.320510
5.322144
5.323881
5.325757
5.327785
5.329972
5.332327
5.334858
5.337483
5.340230
5.343194
5.346196
5.349443
5.352817
5.356308
5.359981
5.363761
5.367698
5.371758
5.375968
5.380288
5.384818
5.389432
5.394180
5.399073
5.404184
5.409391
5.414757
5.420282
5.425921
5.431751
5.437746
5.443873
5.450066
5.456504
5.463006
5.469705
5.476530
5.483520
5.490582
5.497901
5.505256
5.512827
5.520548
5.528410
5.536335
5.544502
5.552651
5.561073
5.569714
5.578345
5.587169
5.596208
5.605292
5.614585
5.624056
5.633622
5.643365
5.653348
5.663325
5.673536
5.683887
5.694407
5.705040
5.715936
5.726827
5.737882
5.749183
5.760619
5.772268
5.783895
5.795790
5.807837
5.819950
5.832075
5.844739
5.857191
5.869874
5.882777
5.895900
5.908990
5.922394
5.935976
5.949461
5.963087
5.977006
5.990980
6.005193
6.019473
6.033937
6.048271
6.062780
6.077096
6.091423
6.106202
6.120542
6.135207
6.149732
6.164233
6.178854
6.193415
6.207775
6.222251
6.236767
6.251086
6.265895
6.280111
0.011235
0.025586
0.039928
0.054573
0.068709
0.083332
0.097788
0.112008
0.126634
0.141015
0.155453
0.169745
0.184225
0.198321
0.213026
0.227227
0.241785
0.256019
0.270388
0.284616
0.299138
0.313313
0.327763
0.342009
0.356282
0.370828
0.385047
0.399117
0.413495
0.427909
0.441849
0.456359
0.470378
0.484681
0.498849
0.512991
0.527261
0.541330
0.555625
0.569610
0.583749
0.597992
0.611956
0.626026
0.640221
0.654195
0.668276
0.682457
0.696325
0.710257
0.724336
0.738258
0.752331
0.766343
0.780206
0.794153
0.808435
0.821962
0.835906
0.850194
0.863874
0.877829
0.891953
0.905786
0.919750
0.933754
0.947766
0.961626
0.975783
0.989684
1.003718
1.017850
1.031668
1.045851
1.059768
1.073840
1.087889
1.101770
1.115842
1.129870
1.143813
1.157973
1.172072
1.186097
1.200154
1.214140
1.228128
1.242210
1.256453
1.270232
1.284550
1.298440
1.312452
1.326513
1.340516
1.354400
1.368464
1.382527
1.396405
1.410360
1.424355
1.438179
1.452129
1.466186
1.479890
1.493924
1.508194
1.521724
1.535763
1.549728
1.563582
1.577331
1.591550
1.605293
1.619237
1.633150
1.647130
1.660999
1.675008
1.689033
1.702874
1.717100
1.730909
1.745212
1.759045
1.773105
1.787025
1.801004
1.814969
1.829161
1.843264
1.857300
1.871118
1.885313
1.899347
1.913383
1.927519
1.941495
1.955574
1.969826
1.983683
1.997833
2.011828
2.025834
2.039907
2.054030
2.067926
2.081959
2.095885
2.109985
2.123991
2.137752
2.151798
2.165885
2.179733
2.193646
2.207617
2.221537
2.235301
2.249256
2.263194
2.276889
2.290833
2.304686
2.318345
2.332154
2.346248
2.359628
2.373656
2.387353
2.401168
2.414962
2.428693
2.442430
2.456362
2.470104
2.483946
2.497695
2.511387
2.525196
2.538864
2.552730
2.566428
2.580249
2.594069
2.607860
2.621600
2.635484
2.649347
2.663141
2.676838
2.690575
2.704309
2.718133
2.731876
2.745673
2.759506
2.773078
2.786872
2.800663
2.814405
2.827998
2.841996
2.855433
2.869095
2.882952
2.896542
2.910135
2.923911
2.937432
2.951064
2.964696
2.978194
2.991778
3.005359
3.018883
3.032362
3.045941
3.059465
3.072821
3.086292
3.099938
3.113298
3.126849
3.140182
3.153553
3.167185
3.180487
3.193706
3.207284
3.220659
3.234090
3.247602
3.260911
3.274390
3.287872
3.301148
3.314534
3.327923
3.341558
3.354873
3.368418
3.381667
3.395143
3.408691
3.421874
3.435434
3.449075
3.462120
3.475611
3.489195
3.502506
3.515875
3.529196
3.542540
3.555923
3.569435
3.582690
3.595968
3.609373
3.622900
3.636331
3.649478
3.662661
3.676227
3.689430
3.702658
3.715811
3.729311
3.742413
3.755533
3.769093
3.781982
3.795383
3.808533
3.821631
3.834823
3.847898
3.861089
3.874242
3.887407
3.900491
3.913574
3.926814
3.939883
3.952955
3.966095
3.979056
3.992164
4.005448
4.018517
4.031676
4.044913
4.058005
4.071257
4.084251
4.097236
4.110634
4.123712
4.136814
4.150011
4.163212
4.176389
4.189538
4.202814
4.215928
4.229149
4.242380
4.255595
4.268757
4.282074
4.295350
4.308422
4.321760
4.334961
4.348093
4.361425
4.374605
4.387697
4.400988
4.414095
4.427341
4.440554
4.453787
4.466883
4.480237
4.493326
4.506503
4.519686
4.532815
4.545919
4.559180
4.572209
4.585380
4.598524
4.611698
4.624694
4.637976
4.651033
4.664188
4.677404
4.690164
4.703461
4.716485
4.729724
4.742655
4.755811
4.769072
4.782062
4.795224
4.808263
4.821464
4.834700
4.847724
4.860837
4.874245
4.887272
4.900616
4.913787
4.926814
4.940042
4.953293
4.966449
4.979559
4.992859
5.006056
5.019344
5.032589
5.045739
5.058967
5.072329
5.085434
5.098643
5.112174
5.125216
5.138440
5.151734
5.164835
5.178081
5.191261
5.204494
5.217674
5.230797
5.243997
5.257075
5.270273
5.283425
5.296461
5.309644
5.322779
5.335757
5.348982
5.361877
5.374970
5.388015
5.401042
5.413984
5.427287
5.439936
5.452951
5.465927
5.478849
5.491972
5.504870
5.517681
5.530567
5.543642
5.556492
5.569417
5.582363
5.595276
5.608201
5.621099
5.633943
5.646904
5.659736
5.672643
5.685469
5.698511
5.711358
5.724430
5.737076
5.749995
5.763241
5.775827
5.788926
5.801866
5.814611
5.827578
5.840416
5.853344
5.866200
5.879140
5.891861
5.904864
5.917715
5.930501
5.943301
5.956157
5.969127
5.981773
5.994662
6.007299
6.020185
6.032985
6.045643
6.058271
6.071556
6.083930
6.096860
6.109474
6.122192
6.134677
6.147371
6.160020
6.172796
6.185361
6.198043
6.210495
6.223129
6.235683
6.248287
6.260853
6.273268
0.002735
0.015241
0.027788
0.040216
0.052898
0.065233
0.077862
0.090358
0.102939
0.115387
0.127956
0.140470
0.153015
0.165586
0.178020
0.190606
0.203121
0.215695
0.228323
0.240730
0.253242
0.265768
0.278376
0.291034
0.303429
0.316039
0.328326
0.341128
0.353616
0.366082
0.378531
0.391081
0.403683
0.416035
0.428631
0.441040
0.453642
0.466117
0.478488
0.490979
0.503415
0.515900
0.528301
0.540830
0.553072
0.565494
0.577984
0.590358
0.602669
0.615123
0.627380
0.639730
0.652125
0.664393
0.676761
0.689234
0.701440
0.713553
0.726172
0.738276
0.750581
0.762883
0.775122
0.787382
0.799596
0.811841
0.824086
0.836427
0.848606
0.860968
0.873216
0.885577
0.897795
0.910211
0.922321
0.934650
0.946901
0.959241
0.971522
0.983860
0.996219
1.008410
1.020846
1.033154
1.045516
1.057878
1.070101
1.082469
1.094858
1.107247
1.119647
1.132060
1.144433
1.156654
1.169064
1.181444
1.193722
1.206098
1.218460
1.230762
1.243166
1.255440
1.267802
1.280284
1.292559
1.304821
1.317207
1.329635
1.341916
1.354202
1.366492
1.378896
1.391192
1.403517
1.415798
1.428055
1.440432
1.452581
1.465012
1.477176
1.489639
1.501773
1.514096
1.526188
1.538556
1.550753
1.563016
1.575326
1.587505
1.599765
1.612055
1.624309
1.636572
1.648906
1.661268
1.673498
1.685782
1.698138
1.710410
1.722831
1.735037
1.747426
1.759773
1.772047
1.784406
1.796951
1.809237
1.821425
1.834009
1.846359
1.858618
1.871004
1.883513
1.895856
1.908200
1.920550
1.932909
1.945369
1.957734
1.970075
1.982484
1.994864
2.007220
2.019641
2.032126
2.044302
2.056748
2.068927
2.081390
2.093902
2.106066
2.118487
2.130885
2.142956
2.155480
2.167632
2.179888
2.192032
2.204429
2.216590
2.228895
2.241200
2.253457
2.265543
2.277794
2.290042
2.302113
2.314403
2.326450
2.338668
2.350894
2.362879
2.375094
2.387473
2.399374
2.411496
2.423624
2.435794
2.447865
2.460014
2.472109
2.484237
2.496392
2.508496
2.520672
2.532812
2.544802
2.557074
2.569217
2.581288
2.593416
2.605607
2.617786
2.629896
2.642096
2.654161
2.666223
2.678328
2.690455
2.702688
2.714864
2.726801
2.739096
2.751048
2.763152
2.775322
2.787513
2.799506
2.811415
2.823609
2.835584
2.847781
2.859721
2.871636
2.883581
2.895772
2.907708
2.919741
2.931842
2.943625
2.955505
2.967779
2.979557
2.991436
3.003463
3.015192
3.027128
3.039256
3.050797
3.062674
3.074742
3.086507
3.098270
3.110311
3.121876
3.133584
3.145679
3.157280
3.169055
3.180784
3.192604
3.204366
3.216188
3.227942
3.239681
3.251536
3.263355
3.275040
3.286874
3.298598
3.310462
3.322174
3.333984
3.345786
3.357608
3.369503
3.381079
3.393004
3.404754
3.416619
3.428237
3.440135
3.452005
3.463573
3.475293
3.487116
3.498797
3.510647
3.522475
3.534067
3.545824
3.557655
3.569289
3.580973
3.592784
3.604507
3.616096
3.627838
3.639393
3.651123
3.662754
3.674393
3.686171
3.697930
3.709459
3.721096
3.732646
3.744207
3.755811
3.767442
3.778938
3.790556
3.802214
3.813644
3.825251
3.836735
3.848300
3.859705
3.871246
3.882784
3.894379
3.905722
3.917281
3.928552
3.940158
3.951555
3.963117
3.974433
3.986034
3.997467
4.008939
4.020336
4.031853
4.043334
4.054767
4.066166
4.077995
4.089389
4.100744
4.112210
4.123946
4.135259
4.146958
4.158292
4.169836
4.181296
4.192849
4.204381
4.216017
4.227504
4.238863
4.250601
4.262034
4.273629
4.285199
4.296677
4.308173
4.319831
4.331509
4.342807
4.354375
4.365850
4.377499
4.388887
4.400344
4.411963
4.423450
4.434981
4.446549
4.458033
4.469697
4.481016
4.492670
4.504094
4.515500
4.526999
4.538456
4.549955
4.561487
4.572749
4.584352
4.595644
4.607087
4.618630
4.630048
4.641335
4.652692
4.664332
4.675529
4.687147
4.698305
4.709836
4.721147
4.732711
4.743947
4.755505
4.766851
4.778152
4.789603
4.801120
4.812511
4.823750
4.835239
4.846879
4.858126
4.869754
4.881025
4.892680
4.904071
4.915399
4.927023
4.938474
4.949889
4.961370
4.972851
4.984332
4.995771
5.007183
5.018607
5.030264
5.041746
5.053253
5.064686
5.076203
5.087528
5.099213
5.110637
5.122034
5.133544
5.145022
5.156449
5.167876
5.179387
5.190701
5.202055
5.213686
5.225038
5.236447
5.247898
5.259301
5.270554
5.281900
5.293348
5.304677
5.316082
5.327302
5.338766
5.349920
5.361350
5.372555
5.383880
5.395092
5.406458
5.417810
5.428740
5.440167
5.451342
5.462544
5.473801
5.485042
5.496098
5.507297
5.518535
5.529698
5.540909
5.551995
5.563041
5.574519
5.585404
5.596720
5.607679
5.619076
5.630195
5.641247
5.652452
5.663559
5.674800
5.685943
5.697058
5.708212
5.719393
5.730464
5.741642
5.752835
5.763966
5.774955
5.786412
5.797324
5.808466
5.819630
5.830763
5.841929
5.853005
5.864073
5.875149
5.886409
5.897332
5.908582
5.919563
5.930583
5.941677
5.952873
5.963791
5.974876
5.985893
5.996981
6.007937
6.019068
6.029976
6.040957
6.052100
6.062900
6.073890
6.084870
6.095959
6.106736
6.117851
6.128559
6.139426
6.150478
6.161285
6.172182
6.183093
6.193999
6.204733
6.215594
6.226350
6.237184
6.248026
6.258873
6.269652
6.280420
0.008023
0.018755
0.029526
0.040342
0.051023
0.061869
0.072573
0.083386
0.094154
0.104901
0.115666
0.126499
0.137180
0.148083
0.158782
0.169541
0.180228
0.191112
0.201829
0.212564
0.223410
0.234172
0.244916
0.255668
0.266391
0.277234
0.287972
0.298779
0.309454
0.320195
0.331058
0.341634
0.352585
0.363251
0.373938
0.384748
0.395381
0.406091
0.416871
0.427573
0.438266
0.449067
0.459745
0.470441
0.481128
0.491725
0.502472
0.513126
0.523765
0.534481
0.545183
0.555700
0.566333
0.577025
0.587590
0.598253
0.608838
0.619498
0.629909
0.640704
0.651136
0.661919
0.672321
0.682894
0.693479
0.703831
0.714434
0.725019
0.735475
0.746069
0.756600
0.767017
0.777471
0.788029
0.798497
0.809067
0.819529
0.829997
0.840472
0.851069
0.861570
0.871897
0.882593
0.892948
0.903476
0.914043
0.924565
0.934934
0.945573
0.956074
0.966579
0.977182
0.987695
0.998187
1.008841
1.019282
1.029822
1.040398
1.051002
1.061410
1.072145
1.082580
1.093132
1.103720
1.114242
1.124914
1.135430
1.145967
1.156544
1.167138
1.177735
1.188215
1.198905
1.209400
1.219817
1.230609
1.241089
1.251740
1.262155
1.272824
1.283139
1.293919
1.304363
1.314849
1.325425
1.335950
1.346452
1.357136
1.367574
1.378105
1.388612
1.399152
1.409555
1.420104
1.430557
1.441037
1.451490
1.461926
1.472451
1.482949
1.493468
1.504080
1.514455
1.524903
1.535461
1.545812
1.556247
1.566683
1.577181
1.587631
1.598030
1.608514
1.619099
1.629468
1.639924
1.650357
1.660903
1.671407
1.681824
1.692346
1.702886
1.713394
1.723865
1.734351
1.744813
1.755323
1.765950
1.776344
1.786908
1.797544
1.808021
1.818396
1.829065
1.839576
1.850214
1.860641
1.871370
1.881802
1.892351
1.902843
1.913407
1.923998
1.934497
1.945109
1.955700
1.966111
1.976672
1.987272
1.997671
2.008107
2.018671
2.029256
2.039907
2.050276
2.060774
2.071285
2.081798
2.092263
2.102719
2.113154
2.123671
2.134103
2.144616
2.154943
2.165498
2.175925
2.186327
2.196855
2.207195
2.217600
2.227957
2.238441
2.248741
2.259098
2.269483
2.279813
2.290138
2.300528
2.310777
2.321111
2.331534
2.341676
2.352054
2.362360
2.372691
2.382901
2.393286
2.403445
2.413797
2.424025
2.434302
2.444626
2.454774
2.465257
2.475486
2.485699
2.495964
2.506225
2.516708
2.526868
2.537168
2.547454
2.557703
2.567968
2.578247
2.588515
2.598764
2.609041
2.619299
2.629687
2.639882
2.650162
2.660429
2.670819
2.680991
2.691103
2.701475
2.711665
2.721953
2.732239
2.742455
2.752675
2.762993
2.773231
2.783294
2.793697
2.803808
2.814055
2.824250
2.834428
2.844579
2.854771
2.864946
2.875141
2.885355
2.895410
2.905443
2.915816
2.925931
2.935940
2.946214
2.956182
2.966251
2.976396
2.986406
2.996500
3.006578
3.016618
3.026724
3.036746
3.046884
3.056756
3.066931
3.076818
3.086810
3.096808
3.106802
3.116764
3.126732
3.136622
3.146584
3.156573
3.166484
3.176524
3.186444
3.196277
3.206284
3.216254
3.226180
3.236229
3.246122
3.256021
3.265905
3.275873
3.285892
3.295755
3.305702
3.315619
3.325539
3.335542
3.345396
3.355346
3.365224
3.375348
3.385115
3.395131
3.404985
3.415010
3.424903
3.434958
3.444734
3.454648
3.464550
3.474490
3.484410
3.494190
3.504053
3.514086
3.523946
3.533699
3.543720
3.553544
3.563425
3.573345
3.583235
3.592969
3.602875
3.612684
3.622505
3.632371
3.642132
3.651872
3.661762
3.671415
3.681275
3.691027
3.700768
3.710568
3.720323
3.730069
3.739833
3.749492
3.759182
3.768976
3.778644
3.788217
3.798035
3.807679
3.817329
3.826985
3.836678
3.846358
3.855906
3.865602
3.875177
3.884857
3.894424
3.904038
3.913607
3.923327
3.932794
3.942409
3.952065
3.961634
3.971138
3.980800
3.990313
3.999921
4.009523
4.019027
4.028827
4.038360
4.047870
4.057628
4.067132
4.076674
4.086351
4.095926
4.105370
4.115161
4.124605
4.134204
4.143827
4.153406
4.162996
4.172652
4.182219
4.191791
4.201645
4.211071
4.220700
4.230339
4.239956
4.249507
4.259161
4.268718
4.278383
4.287941
4.297585
4.307205
4.316811
4.326344
4.335938
4.345648
4.355268
4.364712
4.374461
4.383907
4.393564
4.403109
4.412726
4.422137
4.431829
4.441321
4.450887
4.460528
4.470062
4.479568
4.489233
4.498626
4.508106
4.517837
4.527233
4.536775
4.546282
4.555941
4.565232
4.574936
4.584352
4.593838
4.603300
4.612770
4.622184
4.631717
4.641119
4.650613
4.660159
4.669488
4.678959
4.688433
4.697906
4.707290
4.716865
4.726147
4.735605
4.745052
4.754459
4.763882
4.773386
4.782874
4.792315
4.801713
4.811304
4.820610
4.830116
4.839464
4.849003
4.858450
4.867944
4.877328
4.886847
4.896245
4.905766
4.915258
4.924693
4.934088
4.943687
4.953023
4.962569
4.972006
4.981608
4.990963
5.000439
5.009861
5.019395
5.028907
5.038276
5.047789
5.057187
5.066622
5.076116
5.085623
5.095027
5.104378
5.113887
5.123304
5.132724
5.142185
5.151512
5.161018
5.170474
5.179875
5.189256
5.198721
5.208101
5.217434
5.226830
5.236180
5.245594
5.254972
5.264254
5.273658
5.282955
5.292225
5.301488
5.311040
5.320187
5.329523
5.338867
5.348020
5.357305
5.366632
5.375791
5.385031
5.394399
5.403516
5.412624
5.421939
5.431128
5.440311
5.449553
5.458715
5.467854
5.477072
5.486180
5.495348
5.504441
5.513720
5.522711
5.531900
5.540967
5.550152
5.559227
5.568455
5.577455
5.586734
5.595713
5.604869
5.613923
5.623079
5.632250
5.641187
5.650430
5.659410
5.668541
5.677566
5.686677
5.695683
5.704823
5.713992
5.722941
5.732139
5.741121
5.750166
5.759265
5.768484
5.777508
5.786457
5.795541
5.804700
5.813643
5.822677
5.831767
5.840787
5.849812
5.858875
5.867875
5.876977
5.885974
5.894969
5.903876
5.913025
5.921969
5.930897
5.939933
5.949122
5.957945
5.966958
5.975958
5.984835
5.993853
6.002730
6.011662
6.020629
6.029554
6.038488
6.047366
6.056219
6.065138
6.074060
6.082989
6.091761
6.100684
6.109498
6.118363
6.127196
6.136049
6.144929
6.153726
6.162501
6.171349
6.180109
6.188858
6.197627
6.206540
6.215184
6.224034
6.232770
6.241516
6.250196
6.258977
6.267669
6.276357
0.001920
0.010756
0.019298
0.028301
0.036843
0.045483
0.054292
0.062857
0.071555
0.080498
0.088905
0.097653
0.106414
0.115034
0.123881
0.132605
0.141186
0.149842
0.158563
0.167210
0.175898
0.184635
0.193267
0.202018
0.210599
0.219344
0.228048
0.236856
0.245320
0.254057
0.262856
0.271479
0.280128
0.288937
0.297490
0.306116
0.314862
0.323460
0.332164
0.340855
0.349424
0.358095
0.366840
0.375415
0.384082
0.392759
0.401325
0.409980
0.418678
0.427265
0.435911
0.444546
0.453112
0.461719
0.470360
0.478985
0.487602
0.496126
0.504692
0.513200
0.521835
0.530407
0.538841
0.547571
0.556035
0.564622
0.573205
0.581639
0.590253
0.598720
0.607259
0.615800
0.624291
0.632782
0.641198
0.649797
0.658261
0.666757
0.675122
0.683598
0.692134
0.700574
0.709044
0.717558
0.725774
0.734300
0.742863
0.751249
0.759614
0.768078
0.776440
0.784889
0.793296
0.801673
0.810002
0.818472
0.826903
0.835276
0.843695
0.852081
0.860455
0.868961
0.877257
0.885721
0.894089
0.902544
0.910888
0.919406
0.927696
0.936121
0.944633
0.953031
0.961303
0.969934
0.978200
0.986688
0.995068
1.003508
1.011792
1.020247
1.028690
1.037124
1.045534
1.053923
1.062372
1.070961
1.079356
1.087775
1.096245
1.104562
1.112948
1.121610
1.129897
1.138361
1.146800
1.155076
1.163635
1.172099
1.180341
1.188793
1.197194
1.205601
1.214017
1.222610
1.230984
1.239325
1.247777
1.256177
1.264599
1.272964
1.281389
1.289778
1.298194
1.306595
1.314924
1.323442
1.331711
1.340103
1.348480
1.356833
1.365288
1.373647
1.381952
1.390377
1.398706
1.407044
1.415397
1.423774
1.432064
1.440399
1.448776
1.457141
1.465395
1.473820
1.482026
1.490469
1.498807
1.507058
1.515348
1.523641
1.531973
1.540267
1.548560
1.556736
1.565047
1.573475
1.581654
1.589968
1.598219
1.606509
1.614832
1.623119
1.631365
1.639736
1.648047
1.656283
1.664756
1.672941
1.681219
1.689557
1.697865
1.706185
1.714466
1.722798
1.731160
1.739423
1.747839
1.756144
1.764395
1.772814
1.781083
1.789374
1.797694
1.805957
1.814379
1.822729
1.830977
1.839345
1.847674
1.855976
1.864278
1.872616
1.880939
1.889244
1.897606
1.905821
1.914219
1.922656
1.930883
1.939182
1.947556
1.955822
1.964170
1.972481
1.980759
1.989073
1.997378
2.005629
2.014009
2.022326
2.030502
2.038804
2.047316
2.055453
2.063725
2.072042
2.080267
2.088617
2.096820
2.105023
2.113379
2.121603
2.129759
2.137959
2.146171
2.154521
2.162592
2.170978
2.179068
2.187268
2.195501
2.203662
2.211829
2.220021
2.228188
2.236334
2.244529
2.252633
2.260788
2.268940
2.277042
2.285239
2.293373
2.301483
2.309594
2.317776
2.325734
2.333970
2.341990
2.350160
2.358127
2.366288
2.374288
2.382350
2.390517
2.398445
2.406639
2.414675
2.422779
2.430871
2.438901
2.446834
2.455103
2.463067
2.471084
2.479105
2.487224
2.495382
2.503334
2.511420
2.519345
2.527401
2.535491
2.543601
2.551618
2.559720
2.567728
2.575788
2.583919
2.591786
2.599990
2.608043
2.616015
2.624051
2.632083
2.640164
2.648172
2.656259
2.664228
2.672320
2.680347
2.688292
2.696376
2.704351
2.712345
2.720353
2.728415
2.736382
2.744394
2.752402
2.760383
2.768359
2.776388
2.784322
2.792310
2.800309
2.808254
2.816215
2.824232
2.832154
2.840111
2.848078
2.855997
2.863915
2.871953
2.879905
2.887758
2.895673
2.903547
2.911487
2.919417
2.927315
2.935152
2.943023
2.950855
2.958671
2.966638
2.974500
2.982328
2.990196
2.998010
3.005910
3.013712
3.021565
3.029325
3.037099
3.044931
3.052766
3.060576
3.068291
3.076006
3.083880
3.091594
3.099402
3.107144
3.114955
3.122643
3.130459
3.138156
3.145841
3.153586
3.161400
3.169028
3.176739
3.184457
3.192163
3.199962
3.207557
3.215299
3.223034
3.230743
3.238419
3.246182
3.253807
3.261450
3.269315
3.276910
3.284559
3.292366
3.300021
3.307766
3.315508
3.323088
3.330794
3.338511
3.346199
3.353866
3.361566
3.369233
3.377005
3.384660
3.392285
3.400006
3.407663
3.415262
3.423030
3.430610
3.438334
3.445983
3.453644
3.461233
3.468897
3.476492
3.484129
3.491858
3.499394
3.507037
3.514644
3.522341
3.529885
3.537530
3.545048
3.552675
3.560301
3.567860
3.575433
3.583008
3.590615
3.598162
3.605721
3.613250
3.620794
3.628416
3.635891
3.643444
3.650991
3.658499
3.666064
3.673548
3.681075
3.688523
3.696127
3.703581
3.711017
3.718480
3.725923
3.733425
3.740852
3.748282
3.755718
3.763238
3.770600
3.778012
3.785454
3.792830
3.800300
3.807640
3.815016
3.822339
3.829838
3.837094
3.844494
3.851961
3.859217
3.866611
3.873952
3.881238
3.888593
3.895955
3.903292
3.910560
3.917985
3.925229
3.932522
3.939955
3.947157
3.954465
3.961802
3.969070
3.976300
3.983679
3.990957
3.998279
4.005580
4.012816
4.020159
4.027452
4.034705
4.042012
4.049299
4.056597
4.063931
4.071281
4.078507
4.085704
4.093062
4.100373
4.107596
4.114892
4.122166
4.129419
4.136799
4.144010
4.151302
4.158586
4.165833
4.173111
4.180349
4.187681
4.194886
4.202199
4.209396
4.216715
4.223942
4.231195
4.238560
4.245834
4.252914
4.260212
4.267493
4.274839
4.282032
4.289307
4.296572
4.303700
4.311094
4.318237
4.325475
4.332711
4.339934
4.347185
4.354429
4.361653
4.368879
4.376097
4.383290
4.390538
4.397791
4.404943
4.412067
4.419411
4.426445
4.433681
4.440820
4.447981
4.455267
4.462302
4.469499
4.476707
4.483871
4.490951
4.498150
4.505332
4.512390
4.519503
4.526723
4.533791
4.540874
4.548046
4.555090
4.562152
4.569324
4.576365
4.583406
4.590488
4.597607
4.604624
4.611724
4.618855
4.625800
4.632895
4.639905
4.646961
4.654011
4.661067
4.668041
4.675136
4.682096
4.689152
4.696222
4.703137
4.710208
4.717225
4.724173
4.731108
4.738260
4.745172
4.752189
4.759191
4.766156
4.773167
4.780196
4.787138
4.794100
4.801141
4.808224
4.815067
4.822209
4.829055
4.836096
4.843092
4.850070
4.856976
4.863996
4.871024
4.877981
4.885001
4.892003
4.898851
4.906036
4.912843
4.919851
4.926925
4.933813
4.940745
4.947726
4.954734
4.961637
4.968645
4.975640
4.982522
4.989518
4.996475
5.003441
5.010338
5.017406
5.024251
5.031298
5.038192
5.044984
5.052115
5.058868
5.065933
5.072830
5.079669
5.086606
5.093661
5.100468
5.107392
5.114349
5.121222
5.128092
5.134998
5.141829
5.148729
5.155730
5.162531
5.169344
5.176256
5.183115
5.189945
5.196764
5.203622
5.210477
5.217314
5.224133
5.230943
5.237840
5.244557
5.251377
5.258190
5.264976
5.271747
5.278625
5.285429
5.292075
5.298945
5.305572
5.312319
5.319118
5.325843
5.332555
5.339323
5.346049
5.352724
5.359435
5.366096
5.372825
5.379467
5.386187
5.392784
5.399561
5.406156
5.412771
5.419419
5.425962
5.432632
5.439292
5.445866
5.452454
5.459087
5.465708
5.472276
5.478894
5.485461
5.492002
5.498617
5.505092
5.511680
5.518277
5.524899
5.531343
5.537941
5.544427
5.551030
5.557591
5.564045
5.570573
5.577081
5.583657
5.590174
5.596714
5.603224
5.609669
5.616233
5.622714
5.629305
5.635744
5.642146
5.648702
5.655275
5.661701
5.668236
5.674596
5.681146
5.687584
5.694098
5.700560
5.706990
5.713422
5.719876
5.726419
5.732771
5.739213
5.745687
5.752146
5.758543
5.765050
5.771429
5.777804
5.784201
5.790711
5.797000
5.803529
5.809922
5.816262
5.822719
5.829064
5.835473
5.841932
5.848206
5.854627
5.861017
5.867321
5.873771
5.880231
5.886454
5.892829
5.899187
5.905476
5.911947
5.918218
5.924524
5.930858
5.937263
5.943532
5.949937
5.956213
5.962601
5.968803
5.975248
5.981497
5.987843
5.994003
6.000316
6.006575
6.012863
6.019098
6.025360
6.031640
6.037901
6.044097
6.050440
6.056609
6.062855
6.069009
6.075310
6.081482
6.087696
6.093859
6.100021
6.106205
6.112356
6.118600
6.124790
6.130881
6.137043
6.143351
6.149445
6.155580
6.161737
6.167870
6.174000
6.180103
6.186215
6.192366
6.198526
6.204596
6.210717
6.216823
6.222896
6.229004
6.235114
6.241154
6.247241
6.253330
6.259450
6.265428
6.271594
6.277571
0.000392
0.006576
0.012538
0.018516
0.024601
0.030677
0.036768
0.042727
0.048803
0.054741
0.060859
0.066830
0.072888
0.078910
0.084944
0.090897
0.097057
0.102965
0.109038
0.115022
0.121008
0.127045
0.133049
0.139047
0.145030
0.151055
0.157059
0.163048
0.169091
0.175090
0.181067
0.187179
0.193096
0.199076
0.205065
0.211027
0.217025
0.223026
0.228992
0.235014
0.240967
0.246944
0.252942
0.258892
0.264845
0.270831
0.276878
0.282759
0.288736
0.294686
0.300636
0.306601
0.312626
0.318523
0.324449
0.330447
0.336355
0.342287
0.348304
0.354155
0.360099
0.366079
0.371975
0.377887
0.383867
0.389742
0.395680
0.401612
0.407500
0.413312
0.419280
0.425173
0.431147
0.436990
0.442916
0.448719
0.454750
0.460542
0.466450
0.472319
0.478242
0.484049
0.489954
0.495736
0.501711
0.507526
0.513362
0.519151
0.525065
0.530865
0.536693
0.542505
0.548383
0.554222
0.559960
0.565880
0.571615
0.577493
0.583266
0.589079
0.594897
0.600631
0.606393
0.612247
0.617943
0.623812
0.629531
0.635263
0.641015
0.646804
0.652538
0.658344
0.664127
0.669774
0.675533
0.681288
0.687020
0.692778
0.698510
0.704229
0.709945
0.715668
0.721369
0.727092
0.732853
0.738441
0.744193
0.749877
0.755560
0.761283
0.766960
0.772638
0.778318
0.784032
0.789698
0.795411
0.801053
0.806718
0.812408
0.818064
0.823715
0.829422
0.835079
0.840726
0.846377
0.852033
0.857768
0.863385
0.869105
0.874768
0.880403
0.886096
0.891734
0.897331
0.902963
0.908704
0.914333
0.919978
0.925638
0.931279
0.936939
0.942592
0.948210
0.953926
0.959628
0.965129
0.970842
0.976454
0.982137
0.987794
0.993438
0.998951
1.004745
1.010270
1.016020
1.021592
1.027282
1.032869
1.038514
1.044168
1.049845
1.055409
1.061017
1.066614
1.072360
1.077933
1.083608
1.089213
1.094813
1.100430
1.106126
1.111648
1.117274
1.122937
1.128549
1.134139
1.139835
1.145473
1.150998
1.156631
1.162158
1.167803
1.173522
1.179011
1.184659
1.190225
1.195843
1.201494
1.207018
1.212657
1.218143
1.223778
1.229333
1.234956
1.240508
1.246132
1.251665
1.257280
1.262817
1.268437
1.273950
1.279499
1.285083
1.290563
1.296193
1.301720
1.307308
1.312743
1.318391
1.323933
1.329437
1.335019
1.340540
1.345945
1.351527
1.357076
1.362570
1.368062
1.373539
1.379094
1.384648
1.390167
1.395572
1.401133
1.406624
1.412068
1.417617
1.423046
1.428532
1.434029
1.439590
1.445037
1.450571
1.455958
1.461407
1.466929
1.472391
1.477850
1.483279
1.488710
1.494142
1.499724
1.505045
1.510570
1.515954
1.521433
1.526952
1.532258
1.537768
1.543092
1.548628
1.553980
1.559390
1.564828
1.570179
1.575653
1.581067
1.586409
1.591871
1.597275
1.602674
1.608100
1.613553
1.618907
1.624282
1.629729
1.635140
1.640556
1.645845
1.651318
1.656702
1.662119
1.667485
1.672863
1.678304
1.683700
1.689069
1.694515
1.699875
1.705325
1.710670
1.716039
1.721504
1.726873
1.732302
1.737581
1.743025
1.748358
1.753765
1.759122
1.764503
1.769911
1.775316
1.780658
1.786117
1.791501
1.796876
1.802239
1.807647
1.813004
1.818456
1.823834
1.829104
1.834485
1.840070
1.845232
1.850685
1.856042
1.861351
1.866708
1.872152
1.877488
1.882895
1.888294
1.893594
1.898993
1.904347
1.909677
1.915016
1.920355
1.925715
1.931048
1.936402
1.941774
1.947062
1.952443
1.957782
1.963121
1.968454
1.973772
1.979069
1.984456
1.989690
1.995032
2.000380
2.005692
2.010953
2.016289
2.021574
2.026922
2.032141
2.037462
2.042768
2.048110
2.053452
2.058644
2.063977
2.069184
2.074481
2.079814
2.085018
2.090348
2.095622
2.100820
2.106072
2.111375
2.116648
2.121861
2.127173
2.132335
2.137602
2.142854
2.148043
2.153269
2.158449
2.163725
2.168899
2.174172
2.179331
2.184503
2.189695
2.194950
2.200079
2.205235
2.210397
2.215616
2.220770
2.225938
2.231058
2.236244
2.241389
2.246518
2.251707
2.256806
2.261954
2.267080
2.272221
2.277359
2.282539
2.287534
2.292660
2.297798
2.302838
2.308042
2.313141
2.318223
2.323262
2.328448
2.333484
2.338476
2.343653
2.348665
2.353684
2.358891
2.363861
2.368961
2.374012
2.379090
2.384064
2.389142
2.394277
2.399287
2.404335
2.409392
2.414435
2.419432
2.424535
2.429538
2.434610
2.439617
2.444635
2.449687
2.454723
2.459714
2.464846
2.469739
2.474796
2.479896
2.484878
2.489846
2.494921
2.499885
2.504868
2.509976
2.514904
2.519923
2.525028
2.529975
2.534963
2.539952
2.544925
2.549919
2.554959
2.559878
2.564909
2.569957
2.574877
2.579931
2.584809
2.589845
2.594788
2.599840
2.604732
2.609709
2.614697
2.619617
2.624671
2.629611
2.634579
2.639511
2.644526
2.649436
2.654416
2.659333
2.664282
2.669276
2.674214
2.679061
2.684101
2.688999
2.693865
2.698838
2.703797
2.708749
2.713633
2.718559
2.723541
2.728440
2.733326
2.738219
2.743117
2.748139
2.752968
2.757846
2.762750
2.767637
2.772487
2.777440
2.782341
2.787189
2.792127
2.796983
2.801831
2.806717
2.811583
2.816476
2.821338
2.826189
2.831099
2.835959
2.840765
2.845621
2.850481
2.855293
2.860122
2.864997
2.869808
2.874638
2.879480
2.884273
2.889127
2.893918
2.898717
2.903535
2.908326
2.913191
2.917907
2.922722
2.927545
2.932270
2.937046
2.941810
2.946543
2.951385
2.956122
2.960910
2.965697
2.970437
2.975228
2.979928
2.984716
2.989414
2.994160
2.998848
3.003645
3.008385
3.013044
3.017826
3.022491
3.027200
3.031925
3.036596
3.041303
3.046021
3.050728
3.055414
3.060115
3.064768
3.069442
3.074118
3.078780
3.083451
3.088086
3.092733
3.097470
3.102129
3.106722
3.111410
3.116027
3.120662
3.125315
3.129980
3.134582
3.139193
3.143813
3.148439
3.153080
3.157670
3.162245
3.166864
3.171484
3.176089
3.180679
3.185314
3.189913
3.194512
3.199108
3.203698
3.208285
3.212929
3.217450
3.222076
3.226648
3.231181
3.235789
3.240400
3.244918
3.249499
3.254095
3.258657
3.263224
3.267813
3.272350
3.276895
3.281476
3.286026
3.290571
3.295159
3.299644
3.304201
3.308761
3.313270
3.317815
3.322366
3.326881
3.331414
3.335962
3.340483
3.344971
3.349501
3.354016
3.358528
3.363091
3.367624
3.372052
3.376591
3.381028
3.385565
3.390056
3.394547
3.398996
3.403550
3.407960
3.412406
3.416966
3.421382
3.425864
3.430371
3.434754
3.439245
3.443706
3.448134
3.452571
3.457044
3.461482
3.465946
3.470371
3.474772
3.479218
3.483646
3.488155
3.492506
3.496994
3.501356
3.505793
3.510233
3.514533
3.518991
3.523350
3.527814
3.532090
3.536521
3.540895
3.545251
3.549638
3.553973
3.558359
3.562715
3.567080
3.571416
3.575790
3.580134
3.584449
3.588742
3.593056
3.597410
3.601757
3.605993
3.610290
3.614646
3.618870
3.623170
3.627451
3.631738
3.636014
3.640307
3.644532
3.648828
3.653052
3.657277
3.661510
3.665777
3.670004
3.674154
3.678474
3.682668
3.686875
3.691105
3.695240
3.699470
3.703680
3.707886
3.712063
3.716278
3.720416
3.724628
3.728778
3.732918
3.737062
3.741211
3.745325
3.749519
3.753621
3.757735
3.761839
3.766004
3.770102
3.774198
3.778378
3.782446
3.786518
3.790595
3.794730
3.798843
3.802906
3.806975
3.811103
3.815148
3.819178
3.823297
3.827321
3.831348
3.835425
3.839497
3.843509
3.847574
3.851592
3.855655
3.859679
3.863723
3.867675
3.871708
3.875725
3.879749
3.883743
3.887758
3.891718
3.895796
3.899721
3.903720
3.907672
3.911672
3.915645
3.919626
3.923617
3.927530
3.931533
3.935476
3.939385
3.943304
3.947286
3.951229
3.955148
3.959069
3.963018
3.966967
3.970898
3.974817
3.978700
3.982649
3.986582
3.990489
3.994369
3.998264
4.002189
4.006108
4.009952
4.013853
4.017798
4.021654
4.025525
4.029438
4.033255
4.037135
4.041045
4.044874
4.048736
4.052649
4.056499
4.060360
4.064261
4.068096
4.071967
4.075817
4.079640
4.083496
4.087337
4.091136
4.094985
4.098818
4.102623
4.106461
4.110295
4.114119
4.117962
4.121791
4.125557
4.129372
4.133213
4.137020
4.140804
4.144615
4.148385
4.152184
4.156009
4.159817
4.163566
4.167403
4.171154
4.174968
4.178750
4.182491
4.186243
4.190123
4.193805
4.197604
4.201345
4.205049
4.208824
4.212611
4.216341
4.220011
4.223828
4.227519
4.231300
4.235072
4.238749
4.242482
4.246223
4.249903
4.253630
4.257348
4.261048
4.264784
4.268511
4.272187
4.275887
4.279570
4.283252
4.286925
4.290661
4.294340
4.298001
4.301713
4.305351
4.309024
4.312754
4.316373
4.320037
4.323689
4.327342
4.330934
4.334622
4.338242
4.341885
4.345534
4.349144
4.352751
4.356398
4.360011
4.363648
4.367264
4.370865
4.374464
4.378092
4.381675
4.385273
4.388854
4.392434
4.396065
4.399613
4.403178
4.406723
4.410317
4.413892
4.417427
4.420992
4.424603
4.428141
4.431688
4.435245
4.438798
4.442307
4.445827
4.449371
4.452946
4.456424
4.459962
4.463414
4.466916
4.470425
4.473957
4.477417
4.480953
4.484404
4.487871
4.491364
4.494843
4.498330
4.501745
4.505208
4.508636
4.512064
4.515497
4.518970
4.522367
4.525818
4.529222
4.532665
4.536023
4.539421
4.542860
4.546228
4.549625
4.553035
4.556385
4.559764
4.563149
4.566514
4.569860
4.573231
4.576530
4.579933
4.583247
4.586648
4.590003
4.593302
4.596657
4.599947
4.603267
4.606586
4.609927
4.613220
4.616482
4.619805
4.623104
4.626384
4.629692
4.632925
4.636223
4.639498
4.642773
4.646002
4.649274
4.652555
4.655823
4.659062
4.662385
4.665522
4.668739
4.671978
4.675256
4.678480
4.681695
4.684915
4.688088
4.691360
4.694509
4.697696
4.700923
4.704126
4.707350
4.710447
4.713656
4.716835
4.720047
4.723175
4.726368
4.729532
4.732705
4.735845
4.739054
4.742149
4.745369
4.748491
4.751601
4.754783
4.757956
4.761090
4.764194
4.767319
4.770506
4.773598
4.776717
4.779848
4.783033
4.786080
4.789223
4.792330
4.795458
4.798550
4.801630
4.804784
4.807870
4.810986
4.814105
4.817155
4.820244
4.823309
4.826374
4.829445
4.832528
4.835581
4.838646
4.841729
4.844734
4.847817
4.850849
4.853887
4.856919
4.859918
4.862953
4.866018
4.869020
4.872028
4.875039
4.878056
4.881025
4.883991
4.887047
4.890037
4.893018
4.895969
4.898902
4.901926
4.904877
4.907858
4.910833
4.913838
4.916717
4.919635
4.922619
4.925559
4.928531
4.931443
4.934373
4.937258
4.940221
4.943106
4.945982
4.948931
4.951810
4.954692
4.957592
4.960489
4.963377
4.966260
4.969121
4.972030
4.974841
4.977696
4.980599
4.983463
4.986312
4.989156
4.992008
4.994830
4.997685
5.000535
5.003381
5.006209
5.009068
5.011851
5.014670
5.017510
5.020345
5.023140
5.025956
5.028704
5.031535
5.034300
5.037126
5.039939
5.042728
5.045503
5.048316
5.051069
5.053858
5.056594
5.059398
5.062121
5.064911
5.067664
5.070379
5.073105
5.075889
5.078612
5.081341
5.084065
5.086773
5.089488
5.092238
5.094940
5.097706
5.100411
5.103123
5.105804
5.108524
5.111200
5.113912
5.116623
5.119331
5.121977
5.124658
5.127313
5.129970
5.132673
5.135330
5.137967
5.140636
5.143234
5.145882
5.148513
5.151158
5.153783
5.156437
5.159095
5.161618
5.164269
5.166837
5.169470
5.172098
5.174693
5.177269
5.179921
5.182455
5.185014
5.187608
5.190200
5.192759
5.195353
5.197882
5.200405
5.202960
5.205546
5.208009
5.210603
5.213081
5.215631
5.218117
5.220619
5.223079
5.225640
5.228082
5.230614
5.233100
5.235575
5.238041
5.240498
5.242928
5.245369
5.247856
5.250262
5.252748
5.255185
5.257608
5.260029
5.262456
5.264856
5.267277
5.269697
5.272100
5.274497
5.276870
5.279234
5.281651
5.284046
5.286418
5.288797
5.291131
5.293471
5.295820
5.298187
5.300533
5.302882
5.305212
5.307549
5.309865
5.312181
5.314465
5.316790
5.319105
5.321394
5.323683
5.326002
5.328282
5.330571
5.332842
5.335098
5.337333
5.339619
5.341899
5.344176
5.346415
5.348652
5.350924
5.353186
5.355376
5.357599
5.359792
5.362027
5.364250
5.366428
5.368618
5.370832
5.373028
5.375234
5.377403
5.379569
5.381729
5.383940
5.386091
5.388266
5.390427
5.392569
5.394720
5.396880
5.399022
5.401152
5.403297
5.405416
5.407570
5.409694
5.411794
5.413930
5.416064
5.418182
5.420252
5.422379
5.424426
5.426547
5.428593
5.430634
5.432728
5.434810
5.436859
5.438927
5.440988
5.443058
5.445101
5.447163
5.449182
5.451208
5.453242
5.455270
5.457304
5.459345
5.461361
5.463350
5.465352
5.467368
5.469355
5.471359
5.473339
5.475311
5.477297
5.479274
5.481276
5.483235
5.485216
5.487184
5.489164
5.491082
5.493059
5.494995
5.496954
5.498875
5.500816
5.502716
5.504618
5.506526
5.508459
5.510344
5.512252
5.514154
5.516069
5.517981
5.519856
5.521719
5.523625
5.525510
5.527361
5.529273
5.531100
5.532970
5.534845
5.536682
5.538555
5.540403
5.542245
5.544067
5.545925
5.547750
5.549595
5.551444
5.553238
5.555057
5.556863
5.558664
5.560473
5.562289
5.564072
5.565840
5.567625
5.569384
5.571173
5.572976
5.574750
5.576494
5.578285
5.580032
5.581794
5.583573
5.585338
5.587085
5.588846
5.590560
5.592310
5.594062
5.595761
5.597466
5.599204
5.600866
5.602601
5.604303
5.606008
5.607709
5.609414
5.611080
5.612758
5.614427
5.616147
5.617803
5.619469
5.621123
5.622777
5.624422
5.626063
5.627732
5.629395
5.631043
5.632676
5.634294
5.635908
5.637547
5.639192
5.640813
5.642437
5.644028
5.645597
5.647176
5.648788
5.650364
5.651967
5.653564
5.655137
5.656719
5.658292
5.659829
5.661417
5.662996
5.664539
5.666079
5.667634
5.669161
5.670692
5.672226
5.673751
5.675271
5.676802
5.678302
5.679833
5.681320
5.682824
5.684355
5.685859
5.687354
5.688831
5.690310
5.691740
5.693235
5.694733
5.696183
5.697654
5.699122
5.700587
5.702034
5.703487
5.704926
5.706352
5.707802
5.709231
5.710648
5.712089
5.713500
5.714938
5.716359
5.717767
5.719145
5.720562
5.721961
5.723360
5.724753
5.726140
5.727543
5.728936
5.730311
5.731698
5.733070
5.734422
5.735791
5.737145
5.738484
5.739848
5.741196
5.742568
5.743919
5.745274
5.746594
5.747928
5.749249
5.750582
5.751894
5.753240
5.754528
5.755870
5.757168
5.758462
5.759738
5.761035
5.762333
5.763633
5.764906
5.766183
5.767474
5.768763
5.770057
5.771321
5.772624
5.773886
5.775153
5.776423
5.777678
5.778931
5.780210
5.781454
5.782679
5.783947
5.785160
5.786373
5.787601
5.788824
5.790043
5.791275
5.792485
5.793684
5.794900
5.796116
5.797327
5.798558
5.799747
5.800946
5.802124
5.803298
5.804475
5.805662
5.806836
5.807999
5.809161
5.810312
5.811462
5.812622
5.813778
5.814932
5.816109
5.817254
5.818419
5.819572
5.820702
5.821828
5.822964
5.824079
5.825178
5.826311
5.827401
5.828513
5.829642
5.830700
5.831793
5.832845
5.833957
5.835038
5.836126
5.837214
5.838322
5.839397
5.840464
5.841552
5.842618
5.843679
5.844716
5.845767
5.846780
5.847814
5.848859
5.849878
5.850914
5.851930
5.852946
5.853922
5.854938
5.855960
5.856948
5.857976
5.859001
5.860019
5.861020
5.862027
5.863021
5.863998
5.864996
5.866003
5.866952
5.867956
5.868915
5.869862
5.870808
5.871761
5.872687
5.873591
5.874535
5.875470
5.876387
5.877327
5.878238
5.879164
5.880090
5.881019
5.881929
5.882861
5.883787
5.884710
5.885627
5.886543
5.887466
5.888365
5.889255
5.890136
5.891019
5.891861
5.892721
5.893581
5.894420
5.895268
5.896110
5.896955
5.897790
5.898642
5.899459
5.900295
5.901113
5.901943
5.902749
5.903576
5.904412
5.905230
5.906054
5.906875
5.907699
5.908507
5.909317
5.910137
5.910946
5.911734
5.912528
5.913319
5.914086
5.914862
5.915596
5.916348
5.917100
5.917861
5.918598
5.919326
5.920048
5.920767
5.921507
5.922247
5.922955
5.923674
5.924393
5.925094
5.925789
5.926499
5.927209
5.927913
5.928629
5.929336
5.930037
5.930738
5.931445
5.932140
5.932812
5.933504
5.934199
5.934900
5.935559
5.936209
5.936856
5.937494
5.938145
5.938797
5.939424
5.940053
5.940673
5.941290
5.941905
5.942522
5.943121
5.943723
5.944337
5.944933
5.945527
5.946111
5.946689
5.947279
5.947879
5.948457
5.949011
5.949577
5.950135
5.950695
5.951240
5.951800
5.952370
5.952921
5.953484
5.954051
5.954608
5.955177
5.955755
5.956334
5.956888
5.957430
5.957978
5.958503
5.959039
5.959558
5.960052
5.960537
5.961050
5.961538
5.962005
5.962491
5.962973
5.963446
5.963913
5.964372
5.964821
5.965286
5.965744
5.966203
5.966652
5.967102
5.967554
5.967988
5.968414
5.968833
5.969246
5.969657
5.970073
5.970484
5.970868
5.971254
5.971655
5.972039
5.972425
5.972818
5.973196
5.973582
5.973983
5.974370
5.974777
5.975170
5.975574
5.975979
5.976386
5.976809
5.977201
5.977602
5.978019
5.978436
5.978837
5.979244
5.979661
5.980065
5.980440
5.980820
5.981180
5.981539
5.981887
5.982220
5.982528
5.982837
5.983142
5.983433
5.983720
5.984017
5.984278
5.984523
5.984778
5.985033
5.985260
5.985497
5.985728
5.985956
5.986171
5.986378
5.986570
5.986771
5.986974
5.987169
5.987355
5.987544
5.987744
5.987936
5.988131
5.988319
5.988499
5.988664
5.988838
5.989012
5.989176
5.989329
5.989485
5.989635
5.989779
5.989928
5.990054
5.990198
5.990339
5.990474
5.990591
5.990716
5.990845
5.990974
5.991103
5.991222
5.991331
5.991426
5.991540
5.991645
5.991741
5.991846
5.991945
5.992043
5.992136
5.992235
5.992319
5.992412
5.992493
5.992574
5.992634
5.992697
5.992754
5.992802
5.992844
5.992879
5.992900
5.992921
5.992954
5.992975
5.992984
5.992993
5.992996
5.993002
5.993005
5.993005
5.993005
5.993005
5.993005
5.993005
5.993005
5.993005
5.993005
5.993005
5.993005
5.993005
5.993005
5.993005
5.993005
5.992987
5.992939
5.992907
5.992870
5.992832
5.992784
5.992736
5.992682
5.992637
5.992595
5.992556
5.992508
5.992475
5.992445
5.992412
5.992379
5.992343
5.992304
5.992274
5.992262
5.992256
5.992235
5.992223
5.992211
5.992202
5.992193
5.992178
5.992160
5.992155
5.992155
5.992155
5.992151
5.992151
5.992151
5.992151
5.992151
5.992151
5.992151
5.992151
5.992151
5.992151
5.992151
5.992151
5.992151
5.992151
5.992151
5.992151
5.992151
5.992151
5.992151
5.992151
5.992151
5.992151
5.992151
5.992151
5.992151
5.992151
5.992151
5.992151
5.992151
5.992151
5.992151
5.992151
5.992151
5.992151
5.992151
5.992151
5.992151
5.992151
5.992151
5.992151
5.992151
5.992151
5.992151
5.992151
5.992151
5.992151
5.992151
5.992151
5.992151
5.992151
5.992151
5.992151
5.992151
5.992151
5.992151
5.992151
5.992151
5.992151
5.992151
5.992151
5.992151
5.992151
5.992151
5.992151
5.992151
5.992151
5.992151
5.992151
5.992151
5.992151
5.992151
5.992151
5.992151
5.992151
5.992151
5.992151
5.992151
5.992151
5.992151
5.992151
5.992151
5.992151
5.992151
5.992151
5.992151
5.992151
5.992151
5.992151
5.992151
5.992151
5.992151
5.992151
5.992151
5.992151
5.992151
5.992151
5.992151
5.992151
5.992151
5.992151