4.743260
4.743260
4.743260
4.743260
4.743260
4.743260
4.743260
4.743266
4.743434
4.743725
4.744141
4.744675
4.745297
4.746029
4.746889
4.747922
4.749097
4.750394
4.751844
4.753411
4.755128
4.756973
4.758924
4.761075
4.763388
4.765782
4.768319
4.770995
4.773802
4.776717
4.779887
4.783090
4.786505
4.790038
4.793690
4.797516
4.801459
4.805545
4.809865
4.814228
4.818746
4.823438
4.828243
4.833256
4.838385
4.843697
4.849123
4.854671
4.860499
4.866368
4.872393
4.878694
4.885043
4.891478
4.898199
4.904882
4.911812
4.918934
4.926106
4.933486
4.941069
4.948691
4.956529
4.964483
4.972528
4.980889
4.989264
4.997772
5.006536
5.015503
5.024488
5.033617
5.042965
5.052391
5.062029
5.071939
5.081689
5.091962
5.102047
5.112521
5.123025
5.133790
5.144417
5.155655
5.166675
5.177976
5.189439
5.200971
5.212605
5.224481
5.236612
5.248686
5.260982
5.273455
5.285957
5.298744
5.311693
5.324594
5.337807
5.351055
5.364480
5.377996
5.391829
5.405478
5.419521
5.433648
5.447912
5.462119
5.476683
5.491052
5.505199
5.519907
5.534237
5.548828
5.563422
5.577947
5.592594
5.607281
5.621806
5.636283
5.651089
5.665383
5.680073
5.694601
5.709258
5.723702
5.738352
5.752844
5.767591
5.782044
5.796716
5.811321
5.825906
5.840434
5.854893
5.869867
5.884051
5.898830
5.913325
5.927712
5.942414
5.956942
5.971380
5.985847
6.000372
6.014769
6.029287
6.043657
6.058122
6.072491
6.086836
6.101205
6.115490
6.129967
6.144090
6.158510
6.172604
6.187138
6.201192
6.215549
6.229691
6.243973
6.258123
6.272280
0.003326
0.017503
0.031554
0.045846
0.059969
0.074197
0.088345
0.102456
0.116639
0.130703
0.144928
0.159016
0.173310
0.187280
0.201665
0.215521
0.230100
0.243876
0.258263
0.272300
0.286537
0.300513
0.314748
0.328799
0.342917
0.357061
0.371148
0.385236
0.399488
0.413396
0.427588
0.441631
0.455733
0.469668
0.483746
0.497729
0.511945
0.525886
0.539695
0.553917
0.567720
0.581774
0.595580
0.609614
0.623443
0.637402
0.651358
0.665148
0.678984
0.692919
0.706899
0.720528
0.734525
0.748136
0.761990
0.775922
0.789775
0.803366
0.817237
0.830899
0.844807
0.858565
0.872266
0.886060
0.900024
0.913794
0.927462
0.941601
0.955185
0.968979
0.982832
0.996677
1.010492
1.024441
1.038268
1.052050
1.066096
1.079887
1.093797
1.107708
1.121616
1.135451
1.149446
1.163473
1.177145
1.191007
1.204933
1.218883
1.232985
1.246638
1.260764
1.274402
1.288352
1.302200
1.316128
1.329964
1.343878
1.357717
1.371508
1.385358
1.399308
1.413105
1.426944
1.440824
1.454462
1.468295
1.482221
1.496009
1.509967
1.523590
1.537151
1.551283
1.565041
1.578625
1.592533
1.606294
1.620108
1.633848
1.647687
1.661559
1.675278
1.689180
1.702943
1.716830
1.730828
1.744690
1.758541
1.772536
1.786372
1.800195
1.814268
1.828050
1.841936
1.856057
1.869806
1.883773
1.897735
1.911661
1.925784
1.939548
1.953465
1.967354
1.981220
1.995329
2.009152
2.023231
2.037201
2.050998
2.064744
2.078781
2.092602
2.106539
2.120315
2.134157
2.147942
2.161849
2.175613
2.189440
2.203123
2.217160
2.230908
2.244489
2.258265
2.272062
2.285685
2.299380
2.313120
2.326872
2.340534
2.354139
2.367900
2.381604
2.395089
2.408736
2.422389
2.435845
2.449507
2.463444
2.476930
2.490607
2.504340
2.517892
2.531578
2.545336
2.558878
2.572504
2.586250
2.599804
2.613397
2.627415
2.640757
2.654425
2.668027
2.681626
2.695261
2.709076
2.722612
2.736298
2.749912
2.763481
2.777122
2.790665
2.804147
2.817875
2.831363
2.844836
2.858510
2.872014
2.885520
2.899020
2.912709
2.926089
2.939509
2.953156
2.966596
2.979946
2.993441
3.006800
3.020243
3.033660
3.046920
3.060319
3.073708
3.087052
3.100286
3.113705
3.126900
3.140212
3.153502
3.166798
3.180251
3.193194
3.206607
3.219823
3.233185
3.246293
3.259490
3.272952
3.286158
3.299413
3.312766
3.325994
3.339311
3.352599
3.365934
3.379219
3.392395
3.405758
3.418994
3.432339
3.445462
3.458722
3.472025
3.485138
3.498399
3.511719
3.524932
3.538223
3.551660
3.564726
3.578022
3.591280
3.604468
3.617630
3.630983
3.644037
3.657187
3.670382
3.683486
3.696591
3.709912
3.722956
3.735953
3.749208
3.762187
3.775202
3.788429
3.801423
3.814360
3.827582
3.840411
3.853459
3.866387
3.879392
3.892303
3.905644
3.918293
3.931485
3.944368
3.957233
3.970320
3.983224
3.996179
4.009116
4.022107
4.035044
4.048094
4.061145
4.074091
4.087088
4.100064
4.113049
4.126031
4.139144
4.152079
4.165120
4.178195
4.191219
4.204213
4.217350
4.230267
4.243381
4.256413
4.269425
4.282455
4.295682
4.308659
4.321650
4.334742
4.347658
4.360832
4.374017
4.386930
4.399957
4.413080
4.426257
4.439176
4.452172
4.465370
4.478145
4.491484
4.504163
4.517454
4.530274
4.543375
4.556241
4.569387
4.582285
4.595240
4.608276
4.621240
4.634075
4.647186
4.660048
4.673039
4.685925
4.698805
4.711685
4.724712
4.737544
4.750520
4.763499
4.776486
4.789334
4.802444
4.815384
4.828189
4.841270
4.854315
4.867306
4.880423
4.893255
4.906285
4.919323
4.932234
4.945249
4.958470
4.971545
4.984374
4.997679
5.010509
5.023850
5.036763
5.049757
5.062700
5.075940
5.088936
5.102032
5.115104
5.128167
5.141197
5.154284
5.167460
5.180289
5.193367
5.206358
5.219348
5.232268
5.245444
5.258246
5.271366
5.284180
5.297246
5.310099
5.323015
5.335898
5.348832
5.361757
5.374502
5.387478
5.400187
5.413023
5.425864
5.438726
5.451636
5.464333
5.476932
5.489832
5.502697
5.515326
5.528035
5.540774
5.553487
5.566277
5.578992
5.591678
5.604513
5.617201
5.629982
5.642611
5.655457
5.668218
5.680852
5.693639
5.706373
5.719262
5.731884
5.744569
5.757327
5.769994
5.782664
5.795628
5.808421
5.820918
5.833651
5.846309
5.858965
5.871980
5.884536
5.897182
5.909856
5.922634
5.935178
5.947867
5.960549
5.973249
5.985791
5.998578
6.011012
6.023643
6.036349
6.048675
6.061648
6.073992
6.086566
6.099111
6.111667
6.124077
6.136675
6.149175
6.161536
6.174018
6.186502
6.198846
6.211625
6.223729
6.236297
6.248689
6.260993
6.273394
0.002541
0.015016
0.027258
0.039539
0.051994
0.064388
0.076669
0.089190
0.101458
0.113865
0.126071
0.138559
0.150881
0.163207
0.175719
0.187943
0.200232
0.212699
0.225007
0.237351
0.249748
0.262125
0.274400
0.286788
0.299294
0.311521
0.323979
0.336262
0.348759
0.360872
0.373180
0.385616
0.397969
0.410307
0.422666
0.434908
0.447296
0.459511
0.471918
0.484289
0.496402
0.508709
0.521008
0.533256
0.545525
0.557749
0.569895
0.582161
0.594376
0.606438
0.618620
0.631047
0.643121
0.655219
0.667452
0.679562
0.691735
0.703873
0.715983
0.728144
0.740269
0.752421
0.764390
0.776575
0.788550
0.800774
0.812746
0.824787
0.836849
0.848882
0.860998
0.873015
0.885278
0.897298
0.909333
0.921680
0.933619
0.945759
0.957896
0.970108
0.982212
0.994367
1.006396
1.018641
1.030841
1.042936
1.055025
1.067291
1.079365
1.091565
1.103771
1.116109
1.128003
1.140533
1.152610
1.164753
1.176983
1.189108
1.201203
1.213499
1.225540
1.237749
1.250101
1.262092
1.274283
1.286533
1.298679
1.310757
1.323097
1.335034
1.347240
1.359511
1.371580
1.383738
1.395917
1.407907
1.420074
1.432283
1.444294
1.456443
1.468658
1.480810
1.492704
1.504901
1.516870
1.528968
1.541300
1.553117
1.565341
1.577334
1.589453
1.601437
1.613607
1.625618
1.637821
1.649916
1.661981
1.674235
1.686282
1.698464
1.710526
1.722822
1.734815
1.747003
1.759245
1.771340
1.783504
1.795761
1.807850
1.820017
1.832286
1.844444
1.856683
1.868868
1.880996
1.893259
1.905540
1.917641
1.929805
1.942116
1.954241
1.966465
1.978670
1.990849
2.003157
2.015183
2.027545
2.039502
2.051915
2.063917
2.076099
2.088182
2.100391
2.112537
2.124599
2.136862
2.148948
2.161016
2.173088
2.185249
2.197260
2.209355
2.221282
2.233416
2.245367
2.257385
2.269474
2.281479
2.293307
2.305543
2.317252
2.329416
2.341421
2.353243
2.365249
2.377233
2.389058
2.401063
2.413060
2.424807
2.436971
2.448719
2.460754
2.472528
2.484411
2.496596
2.508451
2.520387
2.532312
2.544215
2.556247
2.568094
2.580027
2.591975
2.603888
2.615920
2.627811
2.639687
2.651552
2.663584
2.675466
2.687387
2.699315
2.711143
2.723079
2.735031
2.746919
2.758906
2.770792
2.782605
2.794425
2.806310
2.818138
2.829991
2.841843
2.853732
2.865530
2.877466
2.889169
2.901024
2.912817
2.924576
2.936333
2.948167
2.959852
2.971515
2.983479
2.994996
3.006824
3.018506
3.030166
3.041866
3.053545
3.065136
3.076833
3.088601
3.100130
3.111719
3.123478
3.134977
3.146524
3.158275
3.169762
3.181389
3.192951
3.204513
3.216027
3.227834
3.239225
3.250763
3.262388
3.274012
3.285502
3.297169
3.308779
3.320394
3.331938
3.343566
3.355068
3.366878
3.378281
3.389906
3.401411
3.413071
3.424612
3.436231
3.447808
3.459456
3.470916
3.482499
3.494073
3.505656
3.517154
3.528593
3.540311
3.551879
3.563371
3.574990
3.586306
3.597991
3.609349
3.621067
3.632446
3.643965
3.655317
3.666888
3.678306
3.689757
3.701139
3.712698
3.723981
3.735495
3.746817
3.758184
3.769650
3.780888
3.792399
3.803700
3.815073
3.826395
3.837666
3.849018
3.860284
3.871576
3.882940
3.894163
3.905425
3.916780
3.927968
3.939278
3.950606
3.961799
3.973034
3.984401
3.995631
4.006791
4.018005
4.029507
4.040718
4.051986
4.063221
4.074553
4.085809
4.097098
4.108465
4.119697
4.130986
4.142341
4.153574
4.164907
4.176245
4.187665
4.198865
4.210070
4.221437
4.232807
4.244049
4.255469
4.266749
4.278266
4.289466
4.300779
4.312113
4.323414
4.334661
4.346052
4.357287
4.368702
4.379956
4.391242
4.402531
4.413991
4.425142
4.436530
4.447828
4.459094
4.470350
4.481546
4.492841
4.504277
4.515315
4.526637
4.537964
4.549149
4.560363
4.571664
4.582771
4.594219
4.605256
4.616476
4.627664
4.638842
4.650110
4.661249
4.672379
4.683582
4.694892
4.705873
4.717204
4.728313
4.739482
4.750744
4.761917
4.773044
4.784172
4.795562
4.806753
4.817862
4.828992
4.840342
4.851556
4.862656
4.873856
4.885139
4.896314
4.907594
4.918838
4.930110
4.941297
4.952613
4.963848
4.975071
4.986348
4.997674
5.008843
5.020153
5.031349
5.042623
5.053895
5.065142
5.076374
5.087771
5.098883
5.110298
5.121477
5.132604
5.143863
5.155131
5.166388
5.177623
5.188801
5.200078
5.211220
5.222425
5.233529
5.244809
5.255949
5.267052
5.278095
5.289489
5.300383
5.311699
5.322695
5.333900
5.344820
5.356158
5.366997
5.378272
5.389276
5.400241
5.411402
5.422352
5.433354
5.444274
5.455321
5.466242
5.477234
5.488365
5.499094
5.510218
5.521028
5.532020
5.543162
5.553891
5.565054
5.575840
5.586899
5.597712
5.608692
5.619652
5.630575
5.641448
5.652560
5.663262
5.674306
5.685103
5.696153
5.707104
5.718018
5.728981
5.739823
5.750759
5.761647
5.772511
5.783497
5.794358
5.805089
5.816286
5.827042
5.838034
5.848844
5.859702
5.870542
5.881504
5.892185
5.903211
5.914113
5.924791
5.935822
5.946563
5.957382
5.968168
5.978894
5.989818
6.000531
6.011419
6.022118
6.032847
6.043746
6.054344
6.065096
6.075810
6.086545
6.097349
6.108057
6.118726
6.129317
6.140127
6.150622
6.161279
6.171987
6.182656
6.193297
6.203823
6.214450
6.224993
6.235665
6.246226
6.256709
6.267378
6.277822
0.005246
0.015762
0.026329
0.036723
0.047362
0.057932
0.068421
0.078940
0.089435
0.100023
0.110584
0.120918
0.131686
0.142121
0.152673
0.163162
0.173834
0.184210
0.194714
0.205395
0.215827
0.226307
0.236859
0.247390
0.257877
0.268528
0.279086
0.289431
0.300178
0.310547
0.320982
0.331627
0.342078
0.352606
0.363134
0.373596
0.384211
0.394521
0.405160
0.415481
0.426093
0.436433
0.447018
0.457486
0.467834
0.478305
0.488834
0.499200
0.509599
0.520109
0.530392
0.540788
0.551241
0.561779
0.571989
0.582424
0.592845
0.603190
0.613532
0.624016
0.634253
0.644679
0.654941
0.665334
0.675665
0.685995
0.696248
0.706629
0.716809
0.727209
0.737428
0.747561
0.757975
0.768261
0.778366
0.788763
0.799057
0.809115
0.819466
0.829833
0.840130
0.850242
0.860542
0.870798
0.881128
0.891399
0.901591
0.911799
0.922201
0.932412
0.942721
0.953031
0.963295
0.973577
0.983920
0.994151
1.004464
1.014782
1.025083
1.035416
1.045714
1.056008
1.066281
1.076639
1.086954
1.097288
1.107573
1.117963
1.128045
1.138609
1.148709
1.159129
1.169412
1.179721
1.189932
1.200481
1.210703
1.221007
1.231268
1.241656
1.251926
1.262200
1.272509
1.282854
1.293146
1.303371
1.313768
1.323933
1.334177
1.344534
1.354745
1.365117
1.375400
1.385571
1.395875
1.406130
1.416239
1.426527
1.436983
1.447029
1.457300
1.467540
1.477790
1.487961
1.498238
1.508410
1.518692
1.528846
1.539038
1.549273
1.559522
1.569577
1.579787
1.590112
1.600107
1.610380
1.620633
1.630786
1.641027
1.651219
1.661382
1.671641
1.681860
1.692110
1.702425
1.712651
1.722834
1.733168
1.743402
1.753631
1.763832
1.774157
1.784346
1.794641
1.804983
1.815152
1.825398
1.835735
1.845954
1.856305
1.866459
1.876879
1.887180
1.897310
1.907745
1.917898
1.928346
1.938415
1.948743
1.958998
1.969242
1.979554
1.989972
2.000005
2.010300
2.020573
2.030850
2.041024
2.051337
2.061709
2.071755
2.082091
2.092215
2.102462
2.112690
2.122862
2.133057
2.143364
2.153466
2.163530
2.173867
2.183873
2.194045
2.204273
2.214355
2.224467
2.234648
2.244741
2.254877
2.265028
2.275073
2.285032
2.295276
2.305121
2.315322
2.325410
2.335339
2.345406
2.355490
2.365494
2.375534
2.385565
2.395524
2.405557
2.415624
2.425619
2.435635
2.445702
2.455739
2.465778
2.475797
2.485705
2.495766
2.505800
2.515785
2.525801
2.535871
2.545815
2.555840
2.565876
2.575919
2.585866
2.595972
2.605973
2.615926
2.626019
2.635960
2.645922
2.656103
2.665933
2.675958
2.685977
2.695929
2.705912
2.716042
2.725953
2.735810
2.745790
2.755841
2.765698
2.775879
2.785766
2.795578
2.805621
2.815559
2.825578
2.835453
2.845337
2.855314
2.865182
2.875036
2.884938
2.894861
2.904706
2.914587
2.924498
2.934358
2.944224
2.954010
2.963819
2.973628
2.983413
2.993378
3.003055
3.012912
3.022637
3.032419
3.042202
3.052020
3.061688
3.071488
3.081150
3.090920
3.100642
3.110326
3.119991
3.129824
3.139369
3.149235
3.158781
3.168434
3.178136
3.187774
3.197403
3.207200
3.216835
3.226456
3.236052
3.245930
3.255491
3.265057
3.274908
3.284492
3.294110
3.303829
3.313434
3.323070
3.332780
3.342376
3.352096
3.361731
3.371357
3.380992
3.390831
3.400377
3.409991
3.419657
3.429259
3.438870
3.448632
3.458153
3.467818
3.477520
3.487086
3.496574
3.506413
3.515809
3.525582
3.535265
3.544685
3.554398
3.563926
3.573528
3.583011
3.592667
3.602236
3.611707
3.621279
3.630834
3.640385
3.649925
3.659341
3.668859
3.678354
3.687959
3.697430
3.706861
3.716299
3.725749
3.735300
3.744693
3.754109
3.763592
3.773003
3.782365
3.791833
3.801222
3.810609
3.820055
3.829319
3.838859
3.848245
3.857485
3.866806
3.876223
3.885540
3.894870
3.904224
3.913509
3.922721
3.932180
3.941429
3.950747
3.960094
3.969433
3.978751
3.988014
3.997305
4.006602
4.015941
4.025229
4.034420
4.043948
4.053176
4.062446
4.071730
4.081219
4.090297
4.099752
4.108926
4.118292
4.127771
4.136891
4.146383
4.155683
4.165037
4.174207
4.183642
4.192990
4.202218
4.211784
4.220898
4.230171
4.239617
4.248920
4.258208
4.267514
4.276861
4.286146
4.295614
4.304751
4.314183
4.323606
4.332792
4.342106
4.351553
4.360736
4.370138
4.379416
4.388620
4.397950
4.407361
4.416525
4.425834
4.435155
4.444365
4.453584
4.462802
4.472186
4.481513
4.490759
4.500050
4.509247
4.518436
4.527748
4.536952
4.546120
4.555494
4.564656
4.573792
4.582980
4.592220
4.601517
4.610652
4.619763
4.629056
4.638171
4.647351
4.656476
4.665617
4.674779
4.683908
4.693007
4.702101
4.711349
4.720466
4.729616
4.738614
4.747961
4.757057
4.766090
4.775312
4.784474
4.793534
4.802702
4.811882
4.821014
4.830140
4.839338
4.848443
4.857692
4.866782
4.875977
4.885217
4.894295
4.903499
4.912615
4.921789
4.930921
4.940077
4.949380
4.958410
4.967545
4.976830
4.986034
4.994998
5.004277
5.013328
5.022571
5.031634
5.040813
5.050122
5.059137
5.068266
5.077524
5.086791
5.095761
5.104878
5.114061
5.123172
5.132352
5.141508
5.150595
5.159661
5.168787
5.177862
5.186965
5.196105
5.205121
5.214369
5.223324
5.232360
5.241472
5.250642
5.259544
5.268508
5.277586
5.286817
5.295631
5.304736
5.313655
5.322644
5.331659
5.340584
5.349635
5.358662
5.367417
5.376489
5.385402
5.394345
5.403255
5.412166
5.421034
5.429858
5.438873
5.447681
5.456585
5.465538
5.474271
5.483040
5.491948
5.500885
5.509643
5.518523
5.527310
5.536130
5.544993
5.553882
5.562547
5.571421
5.580200
5.589017
5.597873
5.606634
5.615433
5.624254
5.632972
5.641840
5.650607
5.659427
5.668152
5.676960
5.685718
5.694529
5.703347
5.712101
5.720889
5.729634
5.738377
5.747158
5.755867
5.764652
5.773412
5.782335
5.790969
5.799679
5.808469
5.817158
5.825909
5.834744
5.843445
5.852113
5.860885
5.869562
5.878259
5.887017
5.895672
5.904325
5.913130
5.921783
5.930487
5.939106
5.947921
5.956409
5.965211
5.973687
5.982519
5.990998
5.999728
6.008351
6.017049
6.025467
6.034069
6.042862
6.051339
6.059937
6.068533
6.077069
6.085608
6.094344
6.102754
6.111271
6.119849
6.128289
6.136945
6.145474
6.153908
6.162375
6.170914
6.179345
6.187851
6.196258
6.204751
6.213353
6.221700
6.230119
6.238532
6.247059
6.255376
6.263828
6.272334
6.280636
0.005890
0.014207
0.022632
0.030997
0.039491
0.047775
0.056185
0.064652
0.072954
0.081316
0.089738
0.098067
0.106540
0.114953
0.123207
0.131533
0.140042
0.148407
0.156784
0.165092
0.173436
0.181882
0.190220
0.198534
0.206908
0.215330
0.223629
0.231988
0.240401
0.248694
0.257056
0.265460
0.273789
0.282157
0.290552
0.298854
0.307168
0.315629
0.323988
0.332185
0.340580
0.348858
0.357214
0.365564
0.373869
0.382174
0.390551
0.398829
0.407167
0.415490
0.423777
0.432064
0.440426
0.448716
0.456982
0.465311
0.473395
0.481811
0.490023
0.498283
0.506519
0.514821
0.523043
0.531312
0.539533
0.547748
0.555978
0.564310
0.572417
0.580627
0.588866
0.597048
0.605215
0.613472
0.621649
0.629771
0.637995
0.646118
0.654294
0.662497
0.670736
0.678712
0.687044
0.695094
0.703276
0.711345
0.719419
0.727571
0.735718
0.743801
0.751890
0.760102
0.768087
0.776242
0.784338
0.792388
0.800564
0.808570
0.816677
0.824733
0.832871
0.840924
0.849022
0.857190
0.865189
0.873180
0.881434
0.889349
0.897606
0.905513
0.913746
0.921788
0.929826
0.938023
0.946113
0.954130
0.962258
0.970279
0.978515
0.986478
0.994694
1.002765
1.010833
1.019028
1.027009
1.035245
1.043257
1.051391
1.059453
1.067579
1.075659
1.083698
1.091835
1.099942
1.108166
1.116241
1.124276
1.132374
1.140485
1.148613
1.156642
1.164780
1.172881
1.180952
1.189222
1.197116
1.205298
1.213376
1.221405
1.229450
1.237596
1.245637
1.253733
1.261852
1.269843
1.277869
1.286156
1.294093
1.302176
1.310283
1.318319
1.326324
1.334491
1.342473
1.350505
1.358505
1.366582
1.374561
1.382569
1.390670
1.398676
1.406687
1.414609
1.422674
1.430860
1.438661
1.446688
1.454657
1.462660
1.470665
1.478721
1.486658
1.494610
1.502696
1.510552
1.518584
1.526506
1.534445
1.542484
1.550351
1.558423
1.566320
1.574218
1.582145
1.590115
1.598135
1.606000
1.614005
1.622023
1.629920
1.637845
1.645845
1.653790
1.661808
1.669768
1.677579
1.685728
1.693665
1.701610
1.709565
1.717585
1.725576
1.733554
1.741470
1.749547
1.757493
1.765510
1.773393
1.781458
1.789395
1.797361
1.805400
1.813294
1.821344
1.829215
1.837361
1.845205
1.853247
1.861204
1.869221
1.877206
1.885286
1.893148
1.901031
1.909096
1.916997
1.925011
1.933032
1.940938
1.948950
1.957039
1.964946
1.972990
1.980896
1.988806
1.996764
2.004757
2.012694
2.020777
2.028564
2.036656
2.044428
2.052457
2.060361
2.068270
2.076156
2.084093
2.092026
2.099921
2.107974
2.115740
2.123662
2.131541
2.139430
2.147405
2.155189
2.163000
2.171041
2.178729
2.186573
2.194587
2.202338
2.210179
2.218043
2.225833
2.233704
2.241482
2.249331
2.257169
2.264875
2.272781
2.280436
2.288343
2.296034
2.303829
2.311541
2.319316
2.327085
2.334923
2.342517
2.350388
2.358028
2.365731
2.373635
2.381221
2.389040
2.396740
2.404467
2.412077
2.419783
2.427620
2.435305
2.442999
2.450837
2.458444
2.466123
2.473883
2.481612
2.489261
2.496976
2.504739
2.512325
2.520196
2.527869
2.535601
2.543283
2.550863
2.558512
2.566290
2.574023
2.581594
2.589455
2.597003
2.604798
2.612459
2.620084
2.627781
2.635499
2.643100
2.650815
2.658634
2.666101
2.673833
2.681590
2.689218
2.696816
2.704534
2.712141
2.719811
2.727508
2.735085
2.742749
2.750374
2.757975
2.765639
2.773240
2.780861
2.788486
2.796093
2.803748
2.811328
2.818935
2.826488
2.834077
2.841699
2.849222
2.856787
2.864443
2.871918
2.879495
2.887123
2.894616
2.902178
2.909752
2.917242
2.924705
2.932255
2.939808
2.947316
2.954929
2.962374
2.969754
2.977361
2.984800
2.992329
2.999774
3.007214
3.014659
3.022320
3.029558
3.037144
3.044532
3.051891
3.059450
3.066829
3.074217
3.081603
3.089042
3.096388
3.103786
3.111201
3.118586
3.125893
3.133309
3.140658
3.148013
3.155386
3.162763
3.170112
3.177444
3.184835
3.192184
3.199626
3.206901
3.214241
3.221593
3.228928
3.236346
3.243593
3.250886
3.258355
3.265671
3.273009
3.280277
3.287803
3.294928
3.302439
3.309627
3.316994
3.324274
3.331695
3.338982
3.346304
3.353672
3.360937
3.368310
3.375609
3.382943
3.390250
3.397618
3.404877
3.412179
3.419516
3.426775
3.434026
3.441372
3.448607
3.455951
3.463174
3.470452
3.477885
3.484950
3.492374
3.499552
3.506806
3.514009
3.521319
3.528536
3.535787
3.543028
3.550219
3.557403
3.564771
3.571868
3.579107
3.586342
3.593569
3.600705
3.607953
3.615053
3.622250
3.629506
3.636670
3.643816
3.650985
3.658038
3.665180
3.672356
3.679493
3.686572
3.693772
3.700861
3.707898
3.715035
3.722075
3.729266
3.736295
3.743375
3.750373
3.757504
3.764539
3.771559
3.778632
3.785685
3.792651
3.799673
3.806627
3.813656
3.820697
3.827648
3.834601
3.841606
3.848623
3.855646
3.862594
3.869514
3.876510
3.883461
3.890406
3.897363
3.904311
3.911226
3.918203
3.925172
3.932006
3.939020
3.945896
3.952775
3.959621
3.966617
3.973609
3.980446
3.987400
3.994303
4.001188
4.008088
4.014940
4.021858
4.028761
4.035574
4.042570
4.049481
4.056361
4.063249
4.070133
4.077000
4.083888
4.090809
4.097667
4.104465
4.111434
4.118346
4.125117
4.132053
4.138893
4.145832
4.152663
4.159491
4.166382
4.173254
4.180047
4.186908
4.193780
4.200642
4.207536
4.214387
4.221216
4.228259
4.234913
4.241882
4.248674
4.255559
4.262382
4.269254
4.276103
4.282889
4.289750
4.296587
4.303388
4.310303
4.317158
4.323950
4.330817
4.337663
4.344488
4.351307
4.358117
4.364897
4.371737
4.378472
4.385241
4.392159
4.398911
4.405608
4.412559
4.419198
4.426116
4.432722
4.439676
4.446264
4.453188
4.459851
4.466605
4.473397
4.480206
4.486900
4.493617
4.500403
4.507111
4.513751
4.520587
4.527212
4.533905
4.540679
4.547348
4.553997
4.560702
4.567425
4.574085
4.580802
4.587462
4.594120
4.600834
4.607458
4.614112
4.620722
4.627394
4.633988
4.640676
4.647291
4.653933
4.660548
4.667172
4.673770
4.680442
4.686988
4.693553
4.700183
4.706753
4.713324
4.719918
4.726489
4.733083
4.739737
4.746253
4.752803
4.759436
4.765970
4.772601
4.779072
4.785748
4.792252
4.798873
4.805449
4.811981
4.818659
4.825077
4.831656
4.838268
4.844767
4.851331
4.857916
4.864481
4.871012
4.877622
4.884150
4.890666
4.897240
4.903777
4.910336
4.916906
4.923425
4.929960
4.936575
4.942998
4.949548
4.956064
4.962632
4.969076
4.975691
4.982127
4.988685
4.995232
5.001697
5.008267
5.014742
5.021312
5.027754
5.034186
5.040688
5.047231
5.053685
5.060195
5.066583
5.073108
5.079639
5.086003
5.092549
5.098991
5.105406
5.111853
5.118397
5.124775
5.131291
5.137706
5.144118
5.150526
5.156986
5.163397
5.169803
5.176185
5.182644
5.189041
5.195467
5.201777
5.208239
5.214534
5.220924
5.227309
5.233664
5.239997
5.246388
5.252701
5.259064
5.265365
5.271663
5.277981
5.284330
5.290595
5.296839
5.303154
5.309536
5.315714
5.322089
5.328315
5.334574
5.340889
5.347062
5.353317
5.359564
5.365802
5.372036
5.378256
5.384425
5.390645
5.396838
5.403022
5.409269
5.415375
5.421651
5.427727
5.433992
5.440011
5.446261
5.452400
5.458485
5.464624
5.470819
5.476845
5.483007
5.489084
5.495225
5.501301
5.507446
5.513510
5.519550
5.525737
5.531759
5.537883
5.543876
5.549936
5.556120
5.562250
5.568210
5.574348
5.580349
5.586392
5.592444
5.598505
5.604498
5.610649
5.616590
5.622642
5.628679
5.634647
5.640669
5.646712
5.652818
5.658717
5.664814
5.670774
5.676739
5.682827
5.688810
5.694841
5.700800
5.706759
5.712730
5.718731
5.724730
5.730695
5.736726
5.742646
5.748623
5.754555
5.760544
5.766384
5.772429
5.778332
5.784255
5.790250
5.796158
5.802105
5.808056
5.813985
5.819896
5.825834
5.831722
5.837669
5.843625
5.849503
5.855396
5.861322
5.867171
5.873088
5.878966
5.884788
5.890732
5.896589
5.902429
5.908367
5.914257
5.920243
5.925932
5.931919
5.937698
5.943501
5.949362
5.955192
5.960992
5.966856
5.972668
5.978420
5.984344
5.990066
5.995854
6.001670
6.007449
6.013175
6.019014
6.024781
6.030540
6.036349
6.042138
6.047839
6.053595
6.059278
6.065052
6.070837
6.076425
6.082153
6.087893
6.093622
6.099225
6.104971
6.110642
6.116368
6.122048
6.127690
6.133400
6.139045
6.144750
6.150316
6.155985
6.161674
6.167331
6.172987
6.178614
6.184228
6.189897
6.195428
6.201064
6.206753
6.212326
6.217922
6.223507
6.229136
6.234715
6.240273
6.245831
6.251433
6.257015
6.262614
6.268211
6.273772
6.279275
0.001621
0.007238
0.012784
0.018330
0.023879
0.029385
0.035012
0.040540
0.046076
0.051526
0.057141
0.062567
0.068142
0.073682
0.079219
0.084657
0.090322
0.095748
0.101282
0.106845
0.112295
0.117799
0.123381
0.128827
0.134349
0.139874
0.145375
0.150866
0.156397
0.161862
0.167357
0.172872
0.178352
0.183859
0.189366
0.194819
0.200274
0.205919
0.211312
0.216765
0.222301
0.227724
0.233243
0.238729
0.244161
0.249658
0.255165
0.260549
0.266053
0.271524
0.277009
0.282393
0.287945
0.293299
0.298863
0.304258
0.309687
0.315110
0.320641
0.325986
0.331487
0.336924
0.342368
0.347722
0.353187
0.358586
0.364018
0.369453
0.374858
0.380340
0.385709
0.391111
0.396537
0.401939
0.407326
0.412800
0.418088
0.423588
0.428849
0.434368
0.439653
0.445076
0.450490
0.455838
0.461186
0.466639
0.471900
0.477269
0.482653
0.488031
0.493403
0.498729
0.504018
0.509377
0.514713
0.520046
0.525358
0.530715
0.535991
0.541282
0.546636
0.551984
0.557201
0.562558
0.567822
0.573143
0.578446
0.583701
0.589019
0.594268
0.599577
0.604823
0.610084
0.615303
0.620573
0.625870
0.631095
0.636350
0.641629
0.646882
0.652122
0.657338
0.662542
0.667746
0.673004
0.678199
0.683421
0.688641
0.693878
0.699073
0.704310
0.709445
0.714604
0.719859
0.725052
0.730247
0.735421
0.740601
0.745859
0.750976
0.756145
0.761310
0.766511
0.771610
0.776779
0.781950
0.787139
0.792244
0.797421
0.802533
0.807701
0.812854
0.817998
0.823116
0.828293
0.833398
0.838545
0.843689
0.848804
0.853969
0.859065
0.864191
0.869318
0.874426
0.879603
0.884667
0.889844
0.894895
0.900009
0.905243
0.910217
0.915466
0.920538
0.925620
0.930740
0.935857
0.941016
0.946086
0.951203
0.956260
0.961407
0.966528
0.971591
0.976669
0.981793
0.986916
0.992009
0.997114
1.002178
1.007292
1.012376
1.017464
1.022557
1.027680
1.032741
1.037825
1.042984
1.047997
1.053111
1.058213
1.063258
1.068328
1.073394
1.078490
1.083587
1.088704
1.093812
1.098828
1.103936
1.108951
1.114066
1.119084
1.124099
1.129238
1.134298
1.139385
1.144433
1.149425
1.154479
1.159627
1.164558
1.169675
1.174790
1.179808
1.184835
1.189890
1.194935
1.199936
1.204972
1.210017
1.215051
1.220081
1.225069
1.230067
1.235124
1.240178
1.245227
1.250266
1.255246
1.260240
1.265285
1.270280
1.275298
1.280287
1.285251
1.290207
1.295321
1.300291
1.305226
1.310277
1.315203
1.320209
1.325177
1.330192
1.335112
1.340139
1.345079
1.350050
1.355020
1.359967
1.364931
1.369893
1.374812
1.379783
1.384765
1.389685
1.394601
1.399596
1.404479
1.409411
1.414408
1.419280
1.424208
1.429128
1.434089
1.438982
1.443925
1.448761
1.453701
1.458651
1.463469
1.468373
1.473332
1.478170
1.483075
1.487943
1.492815
1.497752
1.502597
1.507490
1.512406
1.517218
1.522113
1.526898
1.531803
1.536611
1.541498
1.546331
1.551169
1.556020
1.560864
1.565658
1.570506
1.575374
1.580195
1.585034
1.589920
1.594711
1.599460
1.604355
1.609176
1.613969
1.618817
1.623641
1.628455
1.633225
1.638058
1.642872
1.647792
1.652457
1.657277
1.662173
1.667042
1.671733
1.676608
1.681414
1.686306
1.691028
1.695864
1.700583
1.705484
1.710251
1.715026
1.719850
1.724656
1.729440
1.734297
1.739061
1.743894
1.748723
1.753388
1.758233
1.763005
1.767832
1.772626
1.777416
1.782126
1.787016
1.791726
1.796522
1.801265
1.806095
1.810891
1.815592
1.820470
1.825182
1.829955
1.834770
1.839513
1.844240
1.849028
1.853783
1.858529
1.863253
1.868041
1.872784
1.877536
1.882362
1.887054
1.891833
1.896582
1.901312
1.906073
1.910831
1.915537
1.920268
1.924987
1.929772
1.934449
1.939113
1.943877
1.948647
1.953345
1.958085
1.962824
1.967528
1.972220
1.977029
1.981687
1.986385
1.991194
1.995742
2.000524
2.005207
2.009883
2.014605
2.019231
2.023920
2.028615
2.033294
2.037947
2.042639
2.047358
2.052008
2.056661
2.061400
2.066011
2.070706
2.075359
2.080012
2.084728
2.089333
2.093932
2.098585
2.103271
2.107875
2.112492
2.117136
2.121687
2.126277
2.130990
2.135601
2.140215
2.144775
2.149350
2.154000
2.158617
2.163123
2.167734
2.172323
2.176889
2.181441
2.186057
2.190629
2.195186
2.199761
2.204264
2.208896
2.213465
2.217896
2.222412
2.226978
2.231511
2.236011
2.240520
2.245068
2.249592
2.254116
2.258538
2.263056
2.267601
2.272074
2.276541
2.281101
2.285571
2.290051
2.294518
2.299003
2.303494
2.308000
2.312407
2.316859
2.321362
2.325755
2.330204
2.334635
2.339165
2.343593
2.348033
2.352443
2.356895
2.361390
2.365773
2.370177
2.374614
2.379051
2.383468
2.387905
2.392315
2.396677
2.401138
2.405509
2.409911
2.414372
2.418755
2.423159
2.427597
2.431956
2.436387
2.440761
2.445138
2.449525
2.453980
2.458303
2.462656
2.467072
2.471480
2.475797
2.480210
2.484558
2.488941
2.493351
2.497710
2.501992
2.506378
2.510824
2.515135
2.519506
2.523926
2.528183
2.532611
2.536908
2.541261
2.545632
2.549970
2.554294
2.558692
2.562982
2.567344
2.571683
2.575910
2.580285
2.584728
2.589000
2.593377
2.597647
2.601973
2.606257
2.610605
2.614913
2.619278
2.623491
2.627862
2.632110
2.636485
2.640736
2.645140
2.649392
2.653700
2.657963
2.662275
2.666541
2.670846
2.675083
2.679424
2.683702
2.687960
2.692235
2.696513
2.700801
2.705031
2.709331
2.713639
2.717836
2.722160
2.726363
2.730633
2.734911
2.739171
2.743339
2.747674
2.751872
2.756108
2.760354
2.764566
2.768829
2.773090
2.777260
2.781515
2.785724
2.789963
2.794143
2.798394
2.802553
2.806774
2.810957
2.815220
2.819349
2.823597
2.827780
2.831980
2.836127
2.840327
2.844474
2.848707
2.852842
2.857042
2.861252
2.865389
2.869536
2.873694
2.877853
2.882017
2.886182
2.890277
2.894427
2.898595
2.902726
2.906828
2.910983
2.915133
2.919234
2.923405
2.927474
2.931581
2.935692
2.939847
2.943859
2.948045
2.952077
2.956188
2.960292
2.964328
2.968457
2.972558
2.976591
2.980656
2.984749
2.988776
2.992838
2.996955
3.000940
3.005065
3.009098
3.013134
3.017193
3.021238
3.025244
3.029283
3.033330
3.037327
3.041393
3.045416
3.049401
3.053446
3.057484
3.061490
3.065505
3.069502
3.073438
3.077438
3.081441
3.085417
3.089494
3.093410
3.097368
3.101371
3.105322
3.109262
3.113256
3.117211
3.121181
3.125114
3.129084
3.133060
3.136940
3.140913
3.144855
3.148759
3.152732
3.156654
3.160564
3.164491
3.168383
3.172281
3.176347
3.180191
3.184104
3.188029
3.191944
3.195839
3.199731
3.203680
3.207548
3.211440
3.215326
3.219289
3.223214
3.227037
3.230920
3.234854
3.238713
3.242602
3.246521
3.250376
3.254202
3.258166
3.262073
3.265848
3.269785
3.273626
3.277473
3.281365
3.285188
3.289071
3.292917
3.296726
3.300578
3.304437
3.308251
3.312125
3.315960
3.319810
3.323615
3.327429
3.331309
3.335108
3.338955
3.342730
3.346532
3.350394
3.354157
3.358004
3.361773
3.365584
3.369323
3.373212
3.376963
3.380708
3.384591
3.388303
3.392093
3.395895
3.399685
3.403436
3.407220
3.410983
3.414731
3.418509
3.422236
3.426029
3.429777
3.433534
3.437232
3.441021
3.444761
3.448515
3.452236
3.455951
3.459678
3.463420
3.467147
3.470853
3.474541
3.478256
3.481915
3.485696
3.489324
3.493009
3.496721
3.500361
3.504053
3.507756
3.511435
3.515096
3.518748
3.522433
3.526050
3.529744
3.533366
3.537009
3.540673
3.544284
3.547915
3.551549
3.555201
3.558790
3.562425
3.565996
3.569597
3.573208
3.576779
3.580365
3.583963
3.587532
3.591040
3.594686
3.598180
3.601784
3.605307
3.608849
3.612423
3.615967
3.619485
3.623053
3.626582
3.630124
3.633626
3.637164
3.640625
3.644118
3.647629
3.651108
3.654586
3.658053
3.661510
3.665013
3.668491
3.671934
3.675430
3.678890
3.682351
3.685778
3.689266
3.692681
3.696109
3.699530
3.702940
3.706340
3.709774
3.713180
3.716575
3.719960
3.723361
3.726728
3.730114
3.733511
3.736870
3.740345
3.743662
3.747027
3.750442
3.753726
3.757055
3.760437
3.763745
3.767094
3.770441
3.773736
3.777041
3.780409
3.783701
3.787009
3.790344
3.793654
3.796920
3.800264
3.803535
3.806858
3.810133
3.813383
3.816664
3.819939
3.823165
3.826449
3.829673
3.832945
3.836192
3.839404
3.842634
3.845906
3.849135
3.852389
3.855667
3.858824
3.862105
3.865317
3.868523
3.871737
3.874976
3.878152
3.881349
3.884510
3.887680
3.890885
3.894109
3.897237
3.900410
3.903574
3.906719
3.909907
3.913083
3.916235
3.919432
3.922527
3.925670
3.928794
3.931970
3.935086
3.938208
3.941366
3.944452
3.947589
3.950758
3.953826
3.956936
3.960085
3.963204
3.966299
3.969418
3.972513
3.975611
3.978703
3.981771
3.984893
3.987961
3.991046
3.994106
3.997188
4.000238
4.003312
4.006428
4.009487
4.012507
4.015554
4.018592
4.021642
4.024701
4.027739
4.030756
4.033857
4.036871
4.039846
4.042941
4.045991
4.049014
4.052028
4.055036
4.058098
4.061118
4.064075
4.067125
4.070100
4.073159
4.076152
4.079131
4.082112
4.085111
4.088044
4.091001
4.093997
4.097026
4.099926
4.102919
4.105840
4.108761
4.111731
4.114745
4.117693
4.120626
4.123559
4.126483
4.129426
4.132349
4.135301
4.138231
4.141182
4.144052
4.146976
4.149865
4.152792
4.155689
4.158613
4.161495
4.164407
4.167325
4.170163
4.173090
4.175984
4.178833
4.181697
4.184628
4.187465
4.190314
4.193208
4.196087
4.198934
4.201777
4.204623
4.207479
4.210337
4.213147
4.215933
4.218807
4.221644
4.224391
4.227280
4.230069
4.232909
4.235693
4.238455
4.241220
4.244054
4.246847
4.249657
4.252480
4.255257
4.258031
4.260839
4.263610
4.266405
4.269221
4.271915
4.274707
4.277428
4.280223
4.282973
4.285766
4.288501
4.291206
4.293954
4.296701
4.299469
4.302217
4.304991
4.307706
4.310441
4.313147
4.315873
4.318608
4.321341
4.324055
4.326746
4.329436
4.332124
4.334808
4.337513
4.340276
4.342969
4.345630
4.348287
4.350978
4.353680
4.356320
4.359055
4.361698
4.364412
4.367052
4.369655
4.372294
4.374997
4.377622
4.380273
4.382910
4.385546
4.388231
4.390840
4.393423
4.396122
4.398735
4.401335
4.403894
4.406555
4.409131
4.411777
4.414326
4.416942
4.419521
4.422062
4.424594
4.427165
4.429747
4.432348
4.434891
4.437507
4.440012
4.442579
4.445096
4.447663
4.450189
4.452778
4.455312
4.457799
4.460289
4.462764
4.465319
4.467854
4.470367
4.472854
4.475386
4.477846
4.480327
4.482813
4.485315
4.487799
4.490285
4.492748
4.495166
4.497605
4.500013
4.502464
4.504915
4.507369
4.509793
4.512243
4.514628
4.517061
4.519485
4.521864
4.524263
4.526681
4.529054
4.531424
4.533788
4.536119
4.538510
4.540886
4.543235
4.545587
4.547956
4.550282
4.552636
4.554964
4.557289
4.559626
4.561960
4.564291
4.566586
4.568896
4.571176
4.573477
4.575778
4.578082
4.580347
4.582645
4.584931
4.587193
4.589494
4.591729
4.593994
4.596271
4.598530
4.600786
4.603051
4.605298
4.607527
4.609768
4.611985
4.614205
4.616446
4.618630
4.620842
4.623062
4.625267
4.627454
4.629671
4.631855
4.634048
4.636226
4.638390
4.640559
4.642752
4.644927
4.647084
4.649244
4.651389
4.653541
4.655683
4.657834
4.659991
4.662145
4.664251
4.666406
4.668545
4.670678
4.672775
4.674947
4.677053
4.679148
4.681245
4.683360
4.685478
4.687549
4.689637
4.691731
4.693804
4.695889
4.698017
4.700063
4.702148
4.704207
4.706304
4.708344
4.710402
4.712422
4.714495
4.716562
4.718606
4.720640
4.722656
4.724667
4.726746
4.728745
4.730746
4.732780
4.734802
4.736810
4.738820
4.740846
4.742835
4.744827
4.746802
4.748800
4.750802
4.752785
4.754795
4.756742
4.758750
4.760691
4.762663
4.764631
4.766614
4.768583
4.770522
4.772523
4.774476
4.776451
4.778401
4.780352
4.782308
4.784252
4.786200
4.788126
4.790032
4.791985
4.793897
4.795802
4.797729
4.799616
4.801489
4.803400
4.805285
4.807184
4.809066
4.810962
4.812832
4.814716
4.816583
4.818434
4.820286
4.822137
4.823977
4.825835
4.827680
4.829523
4.831359
4.833214
4.835023
4.836842
4.838649
4.840467
4.842268
4.844080
4.845875
4.847685
4.849473
4.851253
4.853057
4.854836
4.856619
4.858360
4.860125
4.861853
4.863606
4.865371
4.867108
4.868840
4.870566
4.872283
4.873996
4.875719
4.877450
4.879161
4.880857
4.882559
4.884267
4.885990
4.887679
4.889378
4.891050
4.892725
4.894414
4.896053
4.897725
4.899391
4.901062
4.902683
4.904322
4.905958
4.907594
4.909218
4.910890
4.912477
4.914111
4.915720
4.917313
4.918955
4.920588
4.922194
4.923806
4.925412
4.926993
4.928581
4.930157
4.931754
4.933345
4.934915
4.936461
4.938013
4.939556
4.941111
4.942654
4.944215
4.945776
4.947313
4.948853
4.950375
4.951882
4.953407
4.954914
4.956430
4.957946
4.959450
4.960915
4.962434
4.963905
4.965439
4.966931
4.968423
4.969918
4.971398
4.972878
4.974358
4.975835
4.977312
4.978771
4.980225
4.981633
4.983065
4.984479
4.985917
4.987364
4.988817
4.990213
4.991624
4.993069
4.994486
4.995933
4.997335
4.998755
5.000175
5.001601
5.003006
5.004370
5.005793
5.007153
5.008537
5.009915
5.011288
5.012624
5.013987
5.015353
5.016714
5.018085
5.019449
5.020812
5.022181
5.023509
5.024842
5.026184
5.027505
5.028809
5.030124
5.031409
5.032739
5.034049
5.035352
5.036664
5.037967
5.039265
5.040568
5.041889
5.043159
5.044460
5.045754
5.047019
5.048295
5.049565
5.050820
5.052064
5.053289
5.054551
5.055791
5.057019
5.058251
5.059494
5.060743
5.061975
5.063206
5.064420
5.065648
5.066861
5.068045
5.069240
5.070439
5.071640
5.072830
5.074004
5.075196
5.076356
5.077524
5.078711
5.079882
5.081066
5.082249
5.083417
5.084592
5.085773
5.086899
5.088028
5.089179
5.090321
5.091423
5.092541
5.093664
5.094779
5.095914
5.096999
5.098098
5.099192
5.100297
5.101388
5.102455
5.103509
5.104582
5.105666
5.106745
5.107784
5.108845
5.109891
5.110951
5.111994
5.113055
5.114085
5.115149
5.116173
5.117195
5.118211
5.119208
5.120194
5.121201
5.122192
5.123184
5.124140
5.125096
5.126060
5.127019
5.127981
5.128942
5.129910
5.130884
5.131843
5.132799
5.133751
5.134731
5.135696
5.136645
5.137557
5.138458
5.139327
5.140232
5.141104
5.141987
5.142874
5.143758
5.144597
5.145451
5.146320
5.147177
5.148034
5.148888
5.149753
5.150598
5.151440
5.152273
5.153142
5.153986
5.154835
5.155643
5.156461
5.157282
5.158115
5.158945
5.159757
5.160551
5.161354
5.162148
5.162921
5.163667
5.164416
5.165159
5.165887
5.166630
5.167334
5.168041
5.168760
5.169477
5.170192
5.170906
5.171604
5.172310
5.173021
5.173722
5.174411
5.175121
5.175831
5.176532
5.177230
5.177922
5.178614
5.179312
5.180007
5.180694
5.181389
5.182072
5.182737
5.183366
5.183992
5.184595
5.185182
5.185775
5.186362
5.186937
5.187516
5.188073
5.188630
5.189196
5.189748
5.190290
5.190826
5.191369
5.191917
5.192441
5.192971
5.193511
5.194044
5.194556
5.195065
5.195575
5.196069
5.196576
5.197094
5.197582
5.198071
5.198565
5.199050
5.199530
5.200030
5.200531
5.201025
5.201531
5.202020
5.202511
5.202993
5.203478
5.203961
5.204452
5.204911
5.205348
5.205759
5.206175
5.206585
5.206966
5.207325
5.207700
5.208063
5.208407
5.208740
5.209078
5.209408
5.209734
5.210055
5.210351
5.210648
5.210942
5.211232
5.211520
5.211808
5.212068
5.212332
5.212605
5.212871
5.213114
5.213354
5.213608
5.213851
5.214097
5.214324
5.214534
5.214746
5.214960
5.215148
5.215334
5.215502
5.215679
5.215858
5.216032
5.216203
5.216362
5.216511
5.216670
5.216835
5.216994
5.217146
5.217299
5.217437
5.217569
5.217695
5.217812
5.217928
5.218040
5.218129
5.218201
5.218273
5.218351
5.218423
5.218489
5.218540
5.218582
5.218606
5.218638
5.218675
5.218692
5.218705
5.218722
5.218734
5.218740
5.218743
5.218743
5.218743
5.218743
5.218743
5.218743
5.218743
5.218743
5.218743
5.218743
5.218743
5.218743
5.218743
5.218743
5.218743
5.218743
5.218743
5.218743
5.218743
5.218743
5.218719
5.218680
5.218647
5.218617
5.218600
5.218561
5.218522
5.218504
5.218480
5.218465
5.218444
5.218411
5.218381
5.218357
5.218333
5.218297
5.218267
5.218249
5.218234
5.218213
5.218195
5.218174
5.218162
5.218162
5.218162
5.218156
5.218150
5.218150
5.218150
5.218150
5.218150
5.218138
5.218126
5.218117
5.218117
5.218117
5.218117
5.218117
5.218117
5.218117
5.218117
5.218117
5.218117
5.218117
5.218117
5.218117
5.218117
5.218117
5.218117
5.218117
5.218117
5.218117
5.218117
5.218114
5.218114
5.218114
5.218114
5.218114
5.218114
5.218114
5.218114
5.218114
5.218114
5.218114
5.218114
5.218114
5.218114
5.218114
5.218114
5.218114
5.218114
5.218114
5.218114
5.218114
5.218114
5.218114
5.218114
5.218114
5.218114
5.218114
5.218114
5.218114
5.218114
5.218114
5.218114
5.218114
5.218112
5.218108
5.218108
5.218108
5.218108
5.218108
5.218108
5.218108
5.218108
5.218108
5.218108
5.218108
5.218108
5.218108
5.218108
5.218108
5.218108
5.218108
5.218108
5.218108
5.218108
5.218108
5.218108
5.218108
5.218108
5.218108
5.218108
5.218108
5.218108
5.218108
5.218108
5.218108
5.218108
5.218108
5.218108
5.218108
5.218108
5.218108
5.218108
5.218108
5.218108
5.218108
5.218108
5.218108
5.218108
5.218108
5.218108
5.218108
5.218108
5.218108
5.218108
5.218108
5.218108
5.218108
5.218108
5.218108
5.218108
5.218108
5.218108
5.218108
5.218108
5.218108
5.218108
5.218108
5.218108
5.218108
5.218108
5.218108
5.218108
5.218108
5.218108
5.218108
5.218108
5.218108
5.218108
5.218108
5.218108
5.218108
5.218108
5.218108
5.218108
5.218108
5.218108
5.218108
5.218108
5.218108
5.218108
5.218108
5.218108
5.218108
5.218108
5.218108
5.218108
5.218108
5.218108
5.218108
5.218108
5.218108
5.218108
5.218108
5.218108