5.395343
5.395343
5.395343
5.395343
5.395343
5.395343
5.395343
5.395343
5.395343
5.395343
5.395418
5.395514
5.395622
5.395769
5.395939
5.396140
5.396374
5.396628
5.396898
5.397192
5.397539
5.397913
5.398309
5.398758
5.399250
5.399771
5.400334
5.400937
5.401572
5.402252
5.402989
5.403744
5.404520
5.405350
5.406213
5.407108
5.408034
5.408978
5.409937
5.410937
5.411977
5.413043
5.414161
5.415300
5.416468
5.417691
5.418928
5.420201
5.421516
5.422901
5.424303
5.425786
5.427224
5.428746
5.430274
5.431853
5.433462
5.435098
5.436763
5.438456
5.440230
5.442007
5.443810
5.445674
5.447582
5.449494
5.451504
5.453464
5.455489
5.457541
5.459626
5.461771
5.463917
5.466155
5.468381
5.470646
5.472974
5.475335
5.477714
5.480144
5.482609
5.485099
5.487600
5.490177
5.492826
5.495456
5.498147
5.500885
5.503588
5.506359
5.509181
5.512024
5.514955
5.517936
5.520842
5.523838
5.526897
5.529920
5.533036
5.536197
5.539391
5.542596
5.545859
5.549119
5.552441
5.555863
5.559224
5.562652
5.566100
5.569501
5.572958
5.576427
5.579864
5.583303
5.586803
5.590249
5.593775
5.597181
5.600618
5.604066
5.607539
5.610999
5.614460
5.617926
5.621308
5.624766
5.628217
5.631615
5.635069
5.638515
5.641924
5.645391
5.648788
5.652234
5.655691
5.659101
5.662522
5.665947
5.669308
5.672712
5.676109
5.679531
5.682815
5.686251
5.689600
5.693028
5.696411
5.699728
5.703119
5.706439
5.709851
5.713171
5.716502
5.719747
5.723175
5.726461
5.729865
5.733151
5.736447
5.739737
5.743035
5.746394
5.749648
5.752979
5.756263
5.759531
5.762821
5.766117
5.769407
5.772660
5.775920
5.779123
5.782422
5.785654
5.788902
5.792123
5.795409
5.798624
5.801842
5.805093
5.808349
5.811570
5.814773
5.817973
5.821214
5.824417
5.827599
5.830793
5.833987
5.837153
5.840356
5.843595
5.846687
5.849923
5.853068
5.856223
5.859390
5.862587
5.865757
5.868945
5.872102
5.875239
5.878370
5.881555
5.884710
5.887838
5.890986
5.894091
5.897222
5.900379
5.903498
5.906629
5.909754
5.912864
5.915971
5.919093
5.922194
5.925301
5.928353
5.931421
5.934555
5.937692
5.940727
5.943834
5.946914
5.949940
5.953038
5.956130
5.959195
5.962257
5.965286
5.968336
5.971359
5.974439
5.977474
5.980521
5.983582
5.986591
5.989593
5.992610
5.995630
5.998626
6.001691
6.004624
6.007626
6.010643
6.013630
6.016611
6.019652
6.022591
6.025593
6.028563
6.031538
6.034513
6.037476
6.040376
6.043315
6.046260
6.049187
6.052154
6.055054
6.058014
6.060875
6.063799
6.066720
6.069644
6.072589
6.075478
6.078351
6.081260
6.084116
6.086995
6.089921
6.092753
6.095608
6.098478
6.101307
6.104186
6.107035
6.109890
6.112755
6.115601
6.118378
6.121264
6.124089
6.126908
6.129742
6.132583
6.135390
6.138173
6.140993
6.143830
6.146604
6.149415
6.152183
6.154969
6.157767
6.160542
6.163382
6.166156
6.168952
6.171708
6.174431
6.177215
6.179971
6.182743
6.185511
6.188252
6.190973
6.193741
6.196462
6.199236
6.201932
6.204683
6.207406
6.210201
6.212889
6.215648
6.218330
6.221056
6.223780
6.226503
6.229205
6.231896
6.234607
6.237307
6.240033
6.242718
6.245366
6.248123
6.250765
6.253456
6.256131
6.258831
6.261503
6.264199
6.266806
6.269517
6.272136
6.274790
6.277454
6.280138
6.282736
0.002229
0.004881
0.007493
0.010133
0.012820
0.015427
0.018114
0.020709
0.023384
0.025952
0.028576
0.031204
0.033840
0.036459
0.039051
0.041627
0.044264
0.046828
0.049444
0.052024
0.054612
0.057240
0.059822
0.062396
0.064987
0.067603
0.070171
0.072798
0.075360
0.077891
0.080453
0.083033
0.085627
0.088198
0.090760
0.093348
0.095859
0.098402
0.100916
0.103472
0.106102
0.108619
0.111169
0.113727
0.116256
0.118737
0.121277
0.123803
0.126377
0.128854
0.131413
0.133882
0.136440
0.138966
0.141465
0.143996
0.146516
0.149012
0.151529
0.154018
0.156469
0.159013
0.161508
0.164010
0.166491
0.168972
0.171446
0.173933
0.176399
0.178912
0.181408
0.183877
0.186412
0.188850
0.191316
0.193764
0.196218
0.198701
0.201173
0.203648
0.206081
0.208540
0.210946
0.213409
0.215854
0.218287
0.220722
0.223155
0.225642
0.228057
0.230502
0.232967
0.235346
0.237776
0.240185
0.242573
0.245017
0.247426
0.249868
0.252250
0.254656
0.257065
0.259443
0.261819
0.264234
0.266661
0.269052
0.271461
0.273846
0.276248
0.278576
0.281000
0.283331
0.285716
0.288092
0.290444
0.292829
0.295195
0.297541
0.299908
0.302293
0.304606
0.306976
0.309328
0.311674
0.314029
0.316384
0.318720
0.321069
0.323412
0.325713
0.328044
0.330375
0.332700
0.335028
0.337335
0.339654
0.341985
0.344322
0.346623
0.348930
0.351246
0.353532
0.355836
0.358122
0.360405
0.362694
0.365022
0.367305
0.369590
0.371879
0.374144
0.376416
0.378713
0.380949
0.383265
0.385509
0.387827
0.390060
0.392310
0.394554
0.396828
0.399066
0.401325
0.403521
0.405816
0.408045
0.410304
0.412551
0.414777
0.416985
0.419208
0.421410
0.423651
0.425883
0.428091
0.430321
0.432553
0.434767
0.436951
0.439132
0.441325
0.443521
0.445735
0.447886
0.450071
0.452291
0.454505
0.456689
0.458879
0.461045
0.463211
0.465383
0.467508
0.469692
0.471867
0.474006
0.476187
0.478359
0.480519
0.482686
0.484837
0.486973
0.489145
0.491260
0.493397
0.495506
0.497705
0.499823
0.501956
0.504098
0.506226
0.508353
0.510483
0.512568
0.514678
0.516802
0.518905
0.521032
0.523132
0.525227
0.527351
0.529466
0.531542
0.533637
0.535716
0.537807
0.539883
0.542005
0.544057
0.546166
0.548281
0.550325
0.552380
0.554453
0.556490
0.558540
0.560586
0.562674
0.564703
0.566845
0.568858
0.570946
0.573002
0.575000
0.577052
0.579078
0.581109
0.583110
0.585130
0.587158
0.589189
0.591227
0.593240
0.595274
0.597294
0.599265
0.601291
0.603262
0.605302
0.607250
0.609290
0.611252
0.613263
0.615261
0.617209
0.619216
0.621190
0.623159
0.625097
0.627102
0.629031
0.631038
0.633004
0.634957
0.636914
0.638873
0.640847
0.642786
0.644721
0.646642
0.648565
0.650498
0.652439
0.654378
0.656295
0.658222
0.660157
0.662110
0.664004
0.665954
0.667863
0.669750
0.671632
0.673549
0.675470
0.677360
0.679266
0.681174
0.683065
0.684958
0.686852
0.688757
0.690621
0.692484
0.694327
0.696215
0.698090
0.699984
0.701829
0.703690
0.705565
0.707441
0.709280
0.711117
0.712960
0.714790
0.716642
0.718496
0.720309
0.722178
0.724003
0.725891
0.727715
0.729528
0.731331
0.733159
0.734984
0.736787
0.738570
0.740403
0.742216
0.744029
0.745838
0.747633
0.749416
0.751240
0.753056
0.754853
0.756615
0.758434
0.760201
0.761975
0.763758
0.765543
0.767302
0.769058
0.770831
0.772635
0.774391
0.776149
0.777953
0.779688
0.781434
0.783169
0.784913
0.786654
0.788391
0.790159
0.791897
0.793670
0.795417
0.797170
0.798913
0.800606
0.802305
0.804034
0.805711
0.807476
0.809190
0.810907
0.812638
0.814355
0.816069
0.817804
0.819508
0.821216
0.822918
0.824643
0.826285
0.827960
0.829656
0.831364
0.833047
0.834737
0.836409
0.838093
0.839786
0.841478
0.843156
0.844813
0.846476
0.848145
0.849810
0.851467
0.853130
0.854787
0.856453
0.858094
0.859775
0.861426
0.863083
0.864728
0.866427
0.868041
0.869677
0.871307
0.872946
0.874591
0.876173
0.877847
0.879447
0.881083
0.882731
0.884343
0.885940
0.887597
0.889191
0.890787
0.892375
0.893951
0.895572
0.897208
0.898799
0.900396
0.902026
0.903614
0.905198
0.906783
0.908380
0.909971
0.911532
0.913102
0.914684
0.916242
0.917782
0.919367
0.920925
0.922507
0.924044
0.925620
0.927184
0.928703
0.930287
0.931830
0.933364
0.934907
0.936468
0.937981
0.939506
0.941067
0.942604
0.944150
0.945660
0.947185
0.948719
0.950214
0.951724
0.953267
0.954777
0.956311
0.957794
0.959283
0.960781
0.962273
0.963720
0.965254
0.966752
0.968253
0.969730
0.971244
0.972703
0.974195
0.975696
0.977176
0.978686
0.980145
0.981622
0.983060
0.984513
0.985966
0.987419
0.988878
0.990355
0.991814
0.993238
0.994664
0.996138
0.997597
0.999017
1.000476
1.001920
1.003361
1.004766
1.006175
1.007577
1.009012
1.010447
1.011861
1.013290
1.014728
1.016139
1.017542
1.018941
1.020325
1.021724
1.023150
1.024549
1.025954
1.027339
1.028708
1.030113
1.031464
1.032863
1.034227
1.035587
1.036956
1.038325
1.039712
1.041061
1.042415
1.043811
1.045156
1.046561
1.047916
1.049246
1.050615
1.051933
1.053300
1.054609
1.055978
1.057305
1.058638
1.059984
1.061290
1.062596
1.063930
1.065248
1.066575
1.067902
1.069236
1.070551
1.071869
1.073175
1.074464
1.075773
1.077061
1.078364
1.079701
1.080977
1.082238
1.083542
1.084818
1.086106
1.087374
1.088626
1.089926
1.091254
1.092515
1.093770
1.095070
1.096320
1.097563
1.098792
1.100077
1.101338
1.102600
1.103822
1.105086
1.106333
1.107546
1.108757
1.110009
1.111270
1.112511
1.113745
1.114985
1.116226
1.117460
1.118638
1.119851
1.121058
1.122284
1.123506
1.124717
1.125897
1.127110
1.128333
1.129501
1.130667
1.131868
1.133057
1.134271
1.135454
1.136659
1.137842
1.139005
1.140197
1.141348
1.142504
1.143664
1.144841
1.146039
1.147181
1.148334
1.149503
1.150650
1.151795
1.152924
1.154057
1.155207
1.156373
1.157496
1.158638
1.159803
1.160948
1.162083
1.163195
1.164285
1.165400
1.166515
1.167605
1.168699
1.169876
1.170979
1.172042
1.173121
1.174214
1.175323
1.176399
1.177420
1.178505
1.179670
1.180794
1.181839
1.182900
1.184032
1.185126
1.186157
1.187184
1.188272
1.189374
1.190399
1.191436
1.192484
1.193578
1.194582
1.195588
1.196607
1.197649
1.198683
1.199657
1.200678
1.201778
1.202830
1.203830
1.204852
1.205928
1.206982
1.207935
1.208942
1.209984
1.211012
1.211980
1.212944
1.213927
1.214931
1.215899
1.216869
1.217816
1.218814
1.219781
1.220776
1.221711
1.222679
1.223655
1.224623
1.225618
1.226591
1.227574
1.228545
1.229528
1.230471
1.231424
1.232377
1.233342
1.234306
1.235217
1.236146
1.237060
1.237985
1.238908
1.239807
1.240712
1.241635
1.242536
1.243447
1.244349
1.245239
1.246147
1.247060
1.247968
1.248855
1.249781
1.250731
1.251638
1.252549
1.253451
1.254389
1.255261
1.256153
1.257010
1.257879
1.258727
1.259578
1.260432
1.261271
1.262119
1.262967
1.263853
1.264701
1.265507
1.266334
1.267212
1.268075
1.268872
1.269714
1.270583
1.271463
1.272284
1.273114
1.273962
1.274846
1.275685
1.276491
1.277321
1.278196
1.279022
1.279813
1.280601
1.281410
1.282198
1.282983
1.283765
1.284547
1.285320
1.286096
1.286920
1.287687
1.288424
1.289206
1.290003
1.290764
1.291510
1.292268
1.293059
1.293847
1.294623
1.295384
1.296181
1.296987
1.297739
1.298503
1.299264
1.300028
1.300744
1.301478
1.302218
1.302961
1.303680
1.304372
1.305097
1.305855
1.306556
1.307245
1.307940
1.308671
1.309396
1.310076
1.310739
1.311446
1.312171
1.312851
1.313516
1.314223
1.314936
1.315637
1.316299
1.317015
1.317725
1.318421
1.319074
1.319763
1.320488
1.321171
1.321818
1.322483
1.323163
1.323855
1.324467
1.325105
1.325743
1.326381
1.327019
1.327630
1.328260
1.328904
1.329521
1.330153
1.330761
1.331346
1.331945
1.332574
1.333200
1.333775
1.334339
1.334941
1.335570
1.336145
1.336690
1.337299
1.337907
1.338500
1.339075
1.339669
1.340274
1.340882
1.341466
1.342065
1.342653
1.343258
1.343848
1.344435
1.345026
1.345595
1.346140
1.346658
1.347174
1.347707
1.348252
1.348807
1.349325
1.349819
1.350371
1.350931
1.351407
1.351866
1.352369
1.352905
1.353402
1.353846
1.354325
1.354874
1.355389
1.355856
1.356315
1.356830
1.357348
1.357804
1.358241
1.358729
1.359257
1.359751
1.360206
1.360689
1.361189
1.361651
1.362106
1.362594
1.363092
1.363592
1.364077
1.364584
1.365108
1.365611
1.366073
1.366564
1.367100
1.367592
1.368020
1.368461
1.368925
1.369383
1.369797
1.370198
1.370612
1.371052
1.371448
1.371828
1.372209
1.372610
1.373000
1.373380
1.373749
1.374138
1.374507
1.374869
1.375238
1.375597
1.375957
1.376322
1.376682
1.377041
1.377410
1.377769
1.378126
1.378497
1.378863
1.379220
1.379552
1.379894
1.380235
1.380577
1.380903
1.381218
1.381532
1.381847
1.382174
1.382488
1.382803
1.383117
1.383435
1.383765
1.384094
1.384418
1.384744
1.385095
1.385469
1.385826
1.386152
1.386488
1.386865
1.387231
1.387560
1.387881
1.388244
1.388621
1.388966
1.389277
1.389619
1.389984
1.390323
1.390628
1.390934
1.391261
1.391542
1.391791
1.392046
1.392330
1.392591
1.392819
1.393049
1.393307
1.393553
1.393750
1.393942
1.394173
1.394410
1.394595
1.394769
1.394973
1.395182
1.395344
1.395494
1.395662
1.395833
1.395991
1.396129
1.396291
1.396459
1.396624
1.396764
1.396923
1.397100
1.397244
1.397367
1.397507
1.397657
1.397795
1.397909
1.398038
1.398176
1.398304
1.398424
1.398541
1.398670
1.398802
1.398910
1.399020
1.399143
1.399260
1.399362
1.399452
1.399557
1.399653
1.399713
1.399769
1.399853
1.399934
1.399991
1.400045
1.400126
1.400213
1.400279
1.400321
1.400390
1.400477
1.400536
1.400578
1.400623
1.400689
1.400758
1.400797
1.400845
1.400914
1.400959
1.400992
1.401034
1.401091
1.401139
1.401166
1.401214
1.401282
1.401345
1.401372
1.401396
1.401450
1.401501
1.401531
1.401543
1.401582
1.401624
1.401648
1.401663
1.401690
1.401714
1.401729
1.401747
1.401771
1.401801
1.401828
1.401840
1.401852
1.401876
1.401882
1.401882
1.401882
1.401882
1.401882
1.401882
1.401882
1.401882
1.401882
1.401882
1.401882
1.401882
1.401882
1.401882
1.401882
1.401882
1.401882
1.401882
1.401882
1.401882
1.401882
1.401882
1.401882
1.401882
1.401882
1.401882
1.401882
1.401882
1.401882
1.401882
1.401882
1.401882
1.401882
1.401882
1.401882
1.401870
1.401870
1.401864
1.401855
1.401852
1.401846
1.401834
1.401834
1.401834
1.401834
1.401834
1.401834
1.401834
1.401834
1.401834
1.401834
1.401834
1.401834
1.401834
1.401834
1.401834
1.401834
1.401834
1.401834
1.401834
1.401834
1.401834
1.401834
1.401834
1.401834
1.401834
1.401834
1.401834
1.401834
1.401834
1.401834
1.401834
1.401834
1.401834
1.401834
1.401834
1.401834
1.401834
1.401834
1.401834
1.401834
1.401834
1.401834
1.401834
1.401834
1.401834
1.401834
1.401834
1.401834
1.401834
1.401834
1.401834
1.401834
1.401834
1.401834
1.401834
1.401834
1.401834
1.401834
1.401834
1.401834
1.401834
1.401834
1.401834
1.401834
1.401834
1.401834
1.401834
1.401834
1.401834
1.401834
1.401834
1.401834
1.401834
1.401834
1.401834
1.401834
1.401834
1.401834
1.401834
1.401834
1.401834
1.401834
1.401834
1.401834
1.401834
1.401834
1.401834
1.401834
1.401834
1.401834
1.401834
1.401834
1.401834
1.401834
1.401834
1.401834
1.401834
1.401834
1.401834
1.401834