1.452617
1.452617
1.452617
1.452617
1.452617
1.452617
1.452617
1.452617
1.452617
1.452617
1.452617
1.452617
1.452740
1.452932
1.453111
1.453312
1.453588
1.453923
1.454223
1.454468
1.454801
1.455241
1.455691
1.456083
1.456521
1.457075
1.457680
1.458255
1.458822
1.459481
1.460245
1.460976
1.461728
1.462510
1.463385
1.464269
1.465158
1.466090
1.467088
1.468091
1.469110
1.470228
1.471405
1.472583
1.473793
1.475063
1.476367
1.477676
1.479000
1.480402
1.481840
1.483338
1.484812
1.486355
1.487967
1.489555
1.491197
1.492869
1.494628
1.496380
1.498193
1.500021
1.501896
1.503796
1.505713
1.507678
1.509734
1.511804
1.513883
1.516046
1.518237
1.520454
1.522677
1.524951
1.527270
1.529598
1.531997
1.534376
1.536884
1.539305
1.541929
1.544530
1.547068
1.549722
1.552415
1.555163
1.557880
1.560634
1.563501
1.566383
1.569262
1.572136
1.575141
1.578095
1.581172
1.584219
1.587433
1.590576
1.593752
1.596937
1.600161
1.603558
1.606878
1.610257
1.613670
1.617175
1.620633
1.624162
1.627691
1.631257
1.634879
1.638408
1.642016
1.645665
1.649293
1.652825
1.656364
1.660061
1.663656
1.667233
1.670829
1.674478
1.678157
1.681791
1.685410
1.688991
1.692685
1.696322
1.699908
1.703516
1.707171
1.710784
1.714385
1.717954
1.721615
1.725276
1.728853
1.732452
1.736071
1.739708
1.743312
1.746917
1.750500
1.754167
1.757729
1.761301
1.764848
1.768548
1.772077
1.775637
1.779217
1.782881
1.786420
1.790021
1.793577
1.797160
1.800792
1.804312
1.807838
1.811488
1.815008
1.818597
1.822150
1.825716
1.829275
1.832804
1.836316
1.839899
1.843506
1.847033
1.850574
1.854082
1.857663
1.861141
1.864718
1.868269
1.871810
1.875333
1.878812
1.882320
1.885847
1.889352
1.892875
1.896411
1.899910
1.903487
1.907005
1.910450
1.914001
1.917479
1.921011
1.924451
1.927962
1.931462
1.934946
1.938445
1.941951
1.945411
1.948908
1.952335
1.955790
1.959292
1.962743
1.966204
1.969691
1.973134
1.976612
1.980061
1.983590
1.986982
1.990466
1.993842
1.997273
2.000727
2.004182
2.007558
2.011085
2.014431
2.017844
2.021253
2.024651
2.028081
2.031500
2.034927
2.038289
2.041675
2.045144
2.048476
2.051894
2.055253
2.058656
2.062057
2.065403
2.068759
2.072159
2.075521
2.078880
2.082286
2.085609
2.088931
2.092305
2.095624
2.098977
2.102315
2.105640
2.108999
2.112345
2.115635
2.118961
2.122280
2.125594
2.128917
2.132272
2.135556
2.138864
2.142180
2.145485
2.148777
2.152046
2.155306
2.158587
2.161933
2.165157
2.168462
2.171772
2.174996
2.178301
2.181581
2.184793
2.188065
2.191324
2.194560
2.197802
2.201065
2.204262
2.207515
2.210742
2.213966
2.217222
2.220467
2.223628
2.226846
2.230108
2.233293
2.236502
2.239765
2.242926
2.246131
2.249310
2.252480
2.255704
2.258907
2.262085
2.265237
2.268443
2.271595
2.274756
2.277925
2.281119
2.284205
2.287426
2.290536
2.293691
2.296902
2.300000
2.303191
2.306313
2.309468
2.312572
2.315715
2.318807
2.321959
2.325044
2.328142
2.331267
2.334377
2.337499
2.340588
2.343635
2.346820
2.349870
2.353025
2.356087
2.359137
2.362237
2.365330
2.368418
2.371471
2.374563
2.377658
2.380675
2.383743
2.386820
2.389873
2.392941
2.396000
2.399047
2.402091
2.405183
2.408158
2.411199
2.414261
2.417275
2.420340
2.423399
2.426419
2.429430
2.432474
2.435485
2.438508
2.441549
2.444575
2.447589
2.450606
2.453602
2.456625
2.459633
2.462647
2.465592
2.468616
2.471582
2.474587
2.477604
2.480558
2.483554
2.486589
2.489546
2.492509
2.495475
2.498444
2.501410
2.504397
2.507345
2.510309
2.513293
2.516235
2.519255
2.522188
2.525118
2.528051
2.530978
2.533974
2.536911
2.539868
2.542780
2.545725
2.548649
2.551558
2.554528
2.557464
2.560403
2.563330
2.566221
2.569127
2.572051
2.574916
2.577876
2.580767
2.583727
2.586549
2.589482
2.592374
2.595250
2.598138
2.601044
2.603935
2.606851
2.609712
2.612522
2.615425
2.618314
2.621160
2.624036
2.626948
2.629782
2.632635
2.635523
2.638324
2.641212
2.644041
2.646887
2.649760
2.652591
2.655411
2.658263
2.661073
2.663881
2.666724
2.669597
2.672383
2.675203
2.678040
2.680835
2.683640
2.686462
2.689260
2.692091
2.694920
2.697676
2.700444
2.703240
2.706032
2.708818
2.711635
2.714391
2.717192
2.719976
2.722723
2.725494
2.728260
2.731046
2.733809
2.736592
2.739327
2.742080
2.744864
2.747581
2.750335
2.753085
2.755811
2.758526
2.761288
2.764045
2.766732
2.769503
2.772215
2.774956
2.777665
2.780337
2.783103
2.785796
2.788522
2.791201
2.793969
2.796636
2.799338
2.802026
2.804701
2.807379
2.810136
2.812788
2.815457
2.818159
2.820805
2.823462
2.826195
2.828870
2.831540
2.834209
2.836858
2.839515
2.842185
2.844794
2.847452
2.850097
2.852731
2.855382
2.858040
2.860641
2.863265
2.865907
2.868556
2.871175
2.873796
2.876412
2.879036
2.881658
2.884231
2.886859
2.889439
2.892039
2.894616
2.897219
2.899838
2.902417
2.905000
2.907583
2.910174
2.912772
2.915298
2.917865
2.920463
2.923018
2.925574
2.928148
2.930697
2.933226
2.935773
2.938289
2.940866
2.943430
2.945971
2.948488
2.951010
2.953548
2.956092
2.958591
2.961098
2.963639
2.966114
2.968621
2.971138
2.973661
2.976159
2.978625
2.981151
2.983668
2.986097
2.988578
2.991083
2.993557
2.996029
2.998462
3.000955
3.003444
3.005895
3.008367
3.010833
3.013289
3.015701
3.018179
3.020648
3.023048
3.025481
3.027901
3.030346
3.032788
3.035242
3.037657
3.040068
3.042480
3.044892
3.047310
3.049677
3.052064
3.054506
3.056903
3.059303
3.061715
3.064106
3.066505
3.068881
3.071260
3.073630
3.076048
3.078400
3.080770
3.083140
3.085500
3.087843
3.090216
3.092565
3.094917
3.097248
3.099570
3.101898
3.104289
3.106602
3.108897
3.111309
3.113633
3.115988
3.118274
3.120569
3.122930
3.125246
3.127550
3.129866
3.132140
3.134405
3.136709
3.139025
3.141299
3.143609
3.145934
3.148229
3.150533
3.152795
3.155057
3.157289
3.159605
3.161885
3.164159
3.166400
3.168707
3.170945
3.173204
3.175463
3.177689
3.179975
3.182186
3.184475
3.186722
3.188954
3.191225
3.193460
3.195722
3.197952
3.200169
3.202401
3.204633
3.206856
3.209082
3.211272
3.213489
3.215694
3.217965
3.220152
3.222381
3.224566
3.226771
3.228940
3.231178
3.233356
3.235570
3.237805
3.239983
3.242146
3.244318
3.246440
3.248663
3.250826
3.252998
3.255176
3.257357
3.259538
3.261723
3.263877
3.266085
3.268185
3.270387
3.272520
3.274657
3.276811
3.278950
3.281104
3.283249
3.285367
3.287474
3.289586
3.291749
3.293858
3.296024
3.298146
3.300270
3.302415
3.304536
3.306645
3.308746
3.310867
3.312958
3.315049
3.317156
3.319223
3.321365
3.323453
3.325526
3.327636
3.329697
3.331746
3.333823
3.335875
3.337969
3.340042
3.342095
3.344168
3.346256
3.348347
3.350391
3.352431
3.354460
3.356494
3.358522
3.360535
3.362606
3.364640
3.366674
3.368715
3.370749
3.372750
3.374767
3.376780
3.378752
3.380726
3.382745
3.384732
3.386721
3.388731
3.390700
3.392689
3.394666
3.396605
3.398558
3.400554
3.402522
3.404452
3.406453
3.408382
3.410321
3.412262
3.414201
3.416124
3.418042
3.419929
3.421829
3.423743
3.425640
3.427557
3.429481
3.431356
3.433283
3.435215
3.437067
3.438954
3.440827
3.442672
3.444518
3.446378
3.448233
3.450085
3.451972
3.453821
3.455678
3.457500
3.459324
3.461137
3.462965
3.464780
3.466548
3.468364
3.470173
3.471998
3.473831
3.475629
3.477409
3.479191
3.480953
3.482724
3.484485
3.486241
3.487973
3.489746
3.491511
3.493300
3.495097
3.496865
3.498615
3.500346
3.502057
3.503774
3.505521
3.507216
3.508939
3.510668
3.512372
3.514101
3.515833
3.517517
3.519231
3.520908
3.522577
3.524258
3.525903
3.527607
3.529294
3.530972
3.532632
3.534292
3.535939
3.537575
3.539232
3.540898
3.542513
3.544164
3.545815
3.547447
3.549104
3.550743
3.552349
3.553922
3.555522
3.557080
3.558677
3.560250
3.561864
3.563491
3.565100
3.566703
3.568234
3.569816
3.571353
3.572944
3.574496
3.576072
3.577600
3.579143
3.580695
3.582259
3.583832
3.585383
3.586944
3.588449
3.589920
3.591418
3.592910
3.594405
3.595936
3.597431
3.598929
3.600400
3.601892
3.603366
3.604855
3.606359
3.607842
3.609313
3.610799
3.612240
3.613681
3.615131
3.616590
3.618064
3.619488
3.620899
3.622292
3.623670
3.625054
3.626462
3.627915
3.629318
3.630771
3.632182
3.633605
3.634977
3.636370
3.637784
3.639136
3.640496
3.641811
3.643142
3.644463
3.645808
3.647144
3.648492
3.649832
3.651195
3.652549
3.653879
3.655219
3.656561
3.657873
3.659200
3.660506
3.661780
3.663065
3.664335
3.665612
3.666855
3.668111
3.669366
3.670606
3.671895
3.673156
3.674429
3.675730
3.676970
3.678216
3.679448
3.680631
3.681863
3.683082
3.684304
3.685512
3.686740
3.687915
3.689110
3.690314
3.691507
3.692693
3.693880
3.695027
3.696205
3.697349
3.698491
3.699650
3.700828
3.701993
3.703137
3.704252
3.705379
3.706478
3.707617
3.708719
3.709819
3.710945
3.712024
3.713087
3.714145
3.715220
3.716308
3.717402
3.718492
3.719565
3.720625
3.721686
3.722747
3.723789
3.724871
3.725899
3.726941
3.727963
3.729020
3.730015
3.731007
3.731998
3.732963
3.733919
3.734884
3.735854
3.736846
3.737853
3.738847
3.739830
3.740771
3.741739
3.742688
3.743644
3.744594
3.745577
3.746532
3.747500
3.748471
3.749408
3.750307
3.751182
3.752078
3.752902
3.753750
3.754610
3.755428
3.756303
3.757177
3.758058
3.758939
3.759817
3.760674
3.761504
3.762331
3.763157
3.763996
3.764850
3.765707
3.766561
3.767409
3.768269
3.769111
3.769947
3.770756
3.771534
3.772277
3.773030
3.773782
3.774530
3.775262
3.775999
3.776742
3.777485
3.778228
3.778968
3.779708
3.780445
3.781161
3.781862
3.782575
3.783279
3.783983
3.784714
3.785445
3.786152
3.786862
3.787590
3.788315
3.789019
3.789730
3.790425
3.791132
3.791842
3.792516
3.793166
3.793795
3.794418
3.795038
3.795656
3.796267
3.796869
3.797462
3.798038
3.798619
3.799221
3.799838
3.800455
3.801058
3.801651
3.802211
3.802786
3.803347
3.803904
3.804461
3.805009
3.805555
3.806103
3.806663
3.807220
3.807778
3.808314
3.808844
3.809390
3.809914
3.810450
3.811002
3.811550
3.812104
3.812655
3.813210
3.813755
3.814300
3.814833
3.815358
3.815834
3.816319
3.816790
3.817272
3.817737
3.818186
3.818645
3.819103
3.819558
3.820011
3.820445
3.820877
3.821317
3.821739
3.822150
3.822587
3.823019
3.823459
3.823894
3.824316
3.824739
3.825152
3.825553
3.825934
3.826311
3.826686
3.827069
3.827453
3.827833
3.828214
3.828570
3.828921
3.829268
3.829613
3.829934
3.830254
3.830590
3.830919
3.831279
3.831638
3.831995
3.832366
3.832732
3.833097
3.833457
3.833825
3.834212
3.834601
3.834985
3.835341
3.835692
3.836049
3.836399
3.836740
3.837058
3.837361
3.837669
3.837981
3.838274
3.838577
3.838856
3.839125
3.839377
3.839617
3.839842
3.840075
3.840327
3.840567
3.840803
3.841040
3.841256
3.841460
3.841663
3.841867
3.842047
3.842227
3.842415
3.842595
3.842775
3.842957
3.843113
3.843290
3.843470
3.843641
3.843799
3.843949
3.844117
3.844300
3.844467
3.844632
3.844791
3.844935
3.845079
3.845219
3.845348
3.845471
3.845600
3.845711
3.845822
3.845930
3.846031
3.846142
3.846262
3.846364
3.846442
3.846505
3.846568
3.846616
3.846663
3.846720
3.846768
3.846807
3.846846
3.846888
3.846930
3.846969
3.847005
3.847032
3.847050
3.847065
3.847068
3.847068
3.847074
3.847074
3.847074
3.847074
3.847074
3.847074
3.847074
3.847074
3.847074
3.847074
3.847074
3.847074
3.847074
3.847074
3.847074
3.847074
3.847074
3.847074
3.847074
3.847074
3.847074
3.847074
3.847074
3.847074
3.847074
3.847074
3.847074
3.847068
3.847047
3.847014
3.846996
3.846987
3.846966
3.846945
3.846933
3.846912
3.846894
3.846876
3.846849
3.846831
3.846816
3.846795
3.846777
3.846750
3.846741
3.846738
3.846730
3.846718
3.846699
3.846678
3.846667
3.846652
3.846628
3.846610
3.846604
3.846592
3.846583
3.846577
3.846568
3.846559
3.846559
3.846559
3.846553
3.846547
3.846547
3.846544
3.846544
3.846538
3.846526
3.846508
3.846499
3.846499
3.846499
3.846499
3.846499
3.846499
3.846499
3.846499
3.846499
3.846499
3.846499
3.846499
3.846499
3.846499
3.846499
3.846499
3.846499
3.846499
3.846499
3.846493
3.846490
3.846490
3.846490
3.846490
3.846490
3.846490
3.846490
3.846490
3.846490
3.846490
3.846490
3.846490
3.846490
3.846490
3.846490
3.846490
3.846490
3.846490
3.846490
3.846490
3.846490
3.846490
3.846490
3.846490
3.846490
3.846490
3.846490
3.846490
3.846490
3.846490
3.846490
3.846490
3.846490
3.846487
3.846484
3.846484
3.846484
3.846484
3.846484
3.846484
3.846484
3.846484
3.846484
3.846484
3.846484
3.846484
3.846484
3.846484
3.846484
3.846484
3.846484
3.846484
3.846484
3.846484
3.846484
3.846484
3.846484
3.846484
3.846484
3.846484
3.846484
3.846484
3.846484
3.846484
3.846484
3.846484
3.846484
3.846484
3.846484
3.846484
3.846484
3.846484
3.846484
3.846484
3.846484
3.846484
3.846484
3.846484
3.846484
3.846484
3.846484
3.846484
3.846484
3.846484
3.846484
3.846484
3.846484
3.846484
3.846484
3.846484
3.846484
3.846484
3.846484
3.846484
3.846484
3.846484
3.846484
3.846484
3.846484
3.846484
3.846481
3.846481
3.846481
3.846481
3.846481
3.846481
3.846481
3.846481
3.846481
3.846481
3.846481
3.846481
3.846481
3.846481
3.846481
3.846481
3.846481
3.846481
3.846481
3.846481
3.846481
3.846481
3.846481
3.846481
3.846481
3.846481
3.846481
3.846481
3.846481
3.846481
3.846481
3.846481
3.846481
3.846481
3.846481
3.846481
3.846481
3.846481
3.846481
3.846481
3.846481
3.846481
3.846481
3.846481
3.846481
3.846481
3.846481
3.846481
3.846481
3.846481
3.846481
3.846481
3.846481
3.846481
3.846481
3.846481
3.846481
3.846481
3.846481
3.846481
3.846481
3.846481
3.846481
3.846481
3.846481
3.846481
3.846481
3.846481
3.846481
3.846481
3.846481
3.846481
3.846481
3.846481
3.846481
3.846481
3.846481
3.846481
3.846481
3.846481
3.846481
3.846481
3.846481
3.846478
3.846478
3.846478
3.846478
3.846478
3.846478
3.846478
3.846478
3.846478
3.846478
3.846478
3.846478
3.846478
3.846478
3.846478
3.846478
3.846478
3.846478
3.846478
3.846478
3.846478
3.846478
3.846478
3.846478
3.846478
3.846478
3.846478
3.846478
3.846478
3.846478
3.846478
3.846478
3.846478
3.846478
3.846478
3.846478
3.846478
3.846478
3.846478
3.846478
3.846478
3.846478
3.846478
3.846478
3.846478
3.846478
3.846478
3.846478
3.846478
3.846478
3.846478
3.846478
3.846478
3.846478
3.846478
3.846478
3.846478
3.846478
3.846478
3.846478
3.846478
3.846478
3.846478
3.846478
3.846478
3.846478
3.846478
3.846478
3.846478
3.846478
3.846478
3.846478
3.846478
3.846478
3.846478
3.846478
3.846478
3.846478
3.846478
3.846478
3.846478
3.846478
3.846478
3.846478
3.846478
3.846478
3.846478
3.846478
3.846478
3.846478
3.846478
3.846478
3.846478
3.846478
3.846478
3.846478
3.846478
3.846478
3.846478
3.846478