1.401834
1.401834
1.401834
1.401834
1.401834
1.401834
1.401834
1.401834
1.401834
1.401834
1.401846
1.401993
1.402163
1.402355
1.402580
1.402834
1.403107
1.403419
1.403760
1.404159
1.404569
1.405037
1.405537
1.406085
1.406672
1.407305
1.407973
1.408686
1.409441
1.410223
1.411059
1.411909
1.412790
1.413704
1.414672
1.415640
1.416640
1.417695
1.418806
1.419951
1.421110
1.422309
1.423585
1.424864
1.426147
1.427483
1.428855
1.430284
1.431767
1.433292
1.434829
1.436381
1.438014
1.439629
1.441319
1.443038
1.444818
1.446604
1.448437
1.450271
1.452176
1.454190
1.456119
1.458175
1.460206
1.462318
1.464397
1.466534
1.468727
1.470986
1.473281
1.475591
1.477943
1.480339
1.482766
1.485253
1.487719
1.490223
1.492818
1.495448
1.498067
1.500722
1.503451
1.506228
1.509000
1.511807
1.514620
1.517541
1.520517
1.523468
1.526464
1.529565
1.532678
1.535739
1.538882
1.542106
1.545345
1.548566
1.551897
1.555229
1.558641
1.562009
1.565451
1.568990
1.572507
1.576081
1.579617
1.583281
1.586894
1.590555
1.594172
1.597890
1.601524
1.605164
1.608825
1.612525
1.616205
1.619878
1.623569
1.627272
1.630948
1.634636
1.638276
1.642048
1.645734
1.649407
1.653017
1.656723
1.660405
1.664061
1.667701
1.671353
1.675080
1.678816
1.682450
1.686100
1.689851
1.693560
1.697152
1.700897
1.704516
1.708252
1.711872
1.715542
1.719206
1.722870
1.726483
1.730079
1.733791
1.737434
1.741074
1.744699
1.748340
1.752010
1.755674
1.759296
1.762936
1.766625
1.770235
1.773875
1.777500
1.781143
1.784760
1.788355
1.791986
1.795668
1.799276
1.802832
1.806439
1.810100
1.813630
1.817279
1.820868
1.824520
1.828095
1.831693
1.835273
1.838859
1.842506
1.846068
1.849663
1.853229
1.856779
1.860329
1.863927
1.867502
1.871076
1.874623
1.878180
1.881766
1.885346
1.888882
1.892471
1.895967
1.899545
1.903065
1.906585
1.910091
1.913662
1.917218
1.920754
1.924292
1.927848
1.931381
1.934862
1.938397
1.941930
1.945432
1.948935
1.952401
1.955918
1.959451
1.962935
1.966417
1.969946
1.973436
1.976903
1.980399
1.983920
1.987365
1.990852
1.994289
1.997827
2.001336
2.004772
2.008199
2.011705
2.015165
2.018614
2.022053
2.025478
2.028908
2.032402
2.035811
2.039254
2.042768
2.046172
2.049593
2.053047
2.056472
2.059891
2.063327
2.066734
2.070170
2.073555
2.076947
2.080374
2.083778
2.087155
2.090549
2.093974
2.097416
2.100751
2.104160
2.107555
2.110931
2.114308
2.117651
2.121052
2.124438
2.127754
2.131143
2.134501
2.137833
2.141182
2.144544
2.147888
2.151189
2.154596
2.157874
2.161292
2.164591
2.167913
2.171224
2.174639
2.177902
2.181180
2.184523
2.187789
2.191118
2.194371
2.197661
2.200972
2.204285
2.207530
2.210829
2.214074
2.217318
2.220644
2.223892
2.227148
2.230444
2.233674
2.236912
2.240226
2.243453
2.246665
2.249897
2.253130
2.256342
2.259563
2.262819
2.266001
2.269297
2.272461
2.275678
2.278896
2.282078
2.285317
2.288475
2.291716
2.294889
2.298098
2.301259
2.304465
2.307652
2.310819
2.314001
2.317198
2.320356
2.323508
2.326701
2.329868
2.333017
2.336220
2.339339
2.342505
2.345603
2.348764
2.351880
2.355062
2.358163
2.361297
2.364461
2.367550
2.370734
2.373841
2.376948
2.380082
2.383216
2.386335
2.389427
2.392552
2.395649
2.398747
2.401857
2.404967
2.408041
2.411163
2.414228
2.417353
2.420430
2.423507
2.426587
2.429736
2.432786
2.435833
2.438951
2.441978
2.445081
2.448143
2.451208
2.454270
2.457326
2.460367
2.463420
2.466491
2.469499
2.472552
2.475629
2.478676
2.481720
2.484767
2.487802
2.490870
2.493911
2.496883
2.499930
2.502959
2.505964
2.508948
2.511983
2.514997
2.518014
2.521070
2.524030
2.527018
2.530026
2.533022
2.536054
2.539086
2.542049
2.545003
2.548032
2.551022
2.553946
2.556975
2.559878
2.562919
2.565861
2.568813
2.571797
2.574751
2.577705
2.580665
2.583655
2.586573
2.589506
2.592520
2.595421
2.598417
2.601353
2.604283
2.607210
2.610137
2.613112
2.615998
2.618958
2.621885
2.624827
2.627730
2.630630
2.633560
2.636493
2.639403
2.642342
2.645257
2.648139
2.651036
2.653943
2.656825
2.659740
2.662607
2.665504
2.668375
2.671290
2.674148
2.677072
2.679957
2.682819
2.685686
2.688565
2.691417
2.694284
2.697167
2.700028
2.702877
2.705720
2.708546
2.711392
2.714250
2.717069
2.719925
2.722819
2.725635
2.728520
2.731313
2.734165
2.736969
2.739800
2.742605
2.745442
2.748255
2.751066
2.753894
2.756692
2.759488
2.762262
2.765093
2.767886
2.770693
2.773488
2.776314
2.779061
2.781910
2.784652
2.787441
2.790251
2.793010
2.795767
2.798565
2.801333
2.804102
2.806828
2.809558
2.812326
2.815100
2.817857
2.820598
2.823375
2.826108
2.828879
2.831615
2.834353
2.837080
2.839809
2.842529
2.845232
2.847970
2.850691
2.853396
2.856143
2.858852
2.861524
2.864269
2.866986
2.869653
2.872364
2.875055
2.877781
2.880459
2.883105
2.885801
2.888498
2.891167
2.893831
2.896488
2.899137
2.901812
2.904503
2.907127
2.909785
2.912448
2.915091
2.917733
2.920370
2.922997
2.925646
2.928270
2.930946
2.933532
2.936168
2.938772
2.941381
2.944009
2.946666
2.949189
2.951855
2.954456
2.957054
2.959657
2.962255
2.964846
2.967480
2.970009
2.972645
2.975183
2.977774
2.980345
2.982901
2.985489
2.988042
2.990594
2.993135
2.995745
2.998291
3.000829
3.003379
3.005934
3.008457
3.010988
3.013508
3.016088
3.018620
3.021148
3.023638
3.026158
3.028662
3.031146
3.033693
3.036221
3.038768
3.041246
3.043765
3.046252
3.048745
3.051247
3.053727
3.056235
3.058707
3.061182
3.063638
3.066128
3.068609
3.071057
3.073507
3.075970
3.078490
3.080923
3.083364
3.085878
3.088302
3.090780
3.093212
3.095675
3.098129
3.100535
3.102958
3.105373
3.107827
3.110221
3.112672
3.115152
3.117513
3.119928
3.122352
3.124761
3.127143
3.129558
3.132017
3.134420
3.136823
3.139229
3.141602
3.143984
3.146356
3.148732
3.151111
3.153475
3.155854
3.158233
3.160609
3.162987
3.165387
3.167751
3.170145
3.172473
3.174852
3.177195
3.179556
3.181860
3.184242
3.186581
3.188903
3.191252
3.193619
3.195941
3.198305
3.200648
3.203009
3.205310
3.207638
3.209948
3.212252
3.214589
3.216890
3.219176
3.221527
3.223846
3.226147
3.228439
3.230719
3.232996
3.235285
3.237574
3.239884
3.242194
3.244495
3.246775
3.249067
3.251335
3.253615
3.255889
3.258166
3.260407
3.262705
3.264919
3.267184
3.269461
3.271717
3.273973
3.276232
3.278473
3.280732
3.282974
3.285176
3.287393
3.289649
3.291875
3.294101
3.296327
3.298538
3.300764
3.302987
3.305204
3.307436
3.309633
3.311820
3.314010
3.316194
3.318348
3.320553
3.322704
3.324927
3.327091
3.329263
3.331426
3.333574
3.335749
3.337870
3.340024
3.342188
3.344324
3.346472
3.348656
3.350810
3.352970
3.355092
3.357189
3.359319
3.361437
3.363490
3.365632
3.367732
3.369829
3.371938
3.374078
3.376175
3.378263
3.380369
3.382446
3.384510
3.386577
3.388656
3.390694
3.392767
3.394837
3.396899
3.398990
3.401051
3.403067
3.405117
3.407136
3.409179
3.411196
3.413212
3.415249
3.417275
3.419312
3.421331
3.423372
3.425376
3.427402
3.429370
3.431392
3.433319
3.435356
3.437330
3.439362
3.441342
3.443341
3.445309
3.447298
3.449255
3.451238
3.453194
3.455160
3.457125
3.459103
3.461068
3.463016
3.464990
3.466923
3.468834
3.470757
3.472669
3.474553
3.476489
3.478445
3.480375
3.482328
3.484240
3.486172
3.488086
3.489980
3.491900
3.493737
3.495651
3.497572
3.499465
3.501341
3.503220
3.505128
3.506983
3.508858
3.510734
3.512603
3.514416
3.516291
3.518110
3.519938
3.521792
3.523656
3.525528
3.527392
3.529198
3.530987
3.532815
3.534615
3.536425
3.538229
3.540017
3.541800
3.543628
3.545446
3.547283
3.549062
3.550827
3.552607
3.554383
3.556127
3.557895
3.559635
3.561361
3.563132
3.564867
3.566622
3.568387
3.570163
3.571898
3.573603
3.575311
3.577001
3.578708
3.580434
3.582121
3.583807
3.585503
3.587187
3.588883
3.590570
3.592244
3.593895
3.595564
3.597197
3.598845
3.600517
3.602161
3.603815
3.605469
3.607087
3.608702
3.610341
3.611968
3.613561
3.615185
3.616788
3.618355
3.619973
3.621555
3.623152
3.624749
3.626331
3.627880
3.629431
3.630983
3.632520
3.634087
3.635666
3.637230
3.638791
3.640307
3.641820
3.643345
3.644864
3.646371
3.647869
3.649331
3.650817
3.652312
3.653780
3.655293
3.656824
3.658337
3.659806
3.661262
3.662700
3.664129
3.665558
3.667014
3.668470
3.669923
3.671361
3.672770
3.674201
3.675628
3.677048
3.678474
3.679861
3.681284
3.682689
3.684044
3.685458
3.686860
3.688250
3.689625
3.690974
3.692337
3.693724
3.695042
3.696381
3.697724
3.699078
3.700432
3.701810
3.703158
3.704495
3.705816
3.707152
3.708462
3.709771
3.711062
3.712407
3.713711
3.715002
3.716275
3.717570
3.718837
3.720104
3.721398
3.722657
3.723939
3.725218
3.726477
3.727738
3.729012
3.730252
3.731498
3.732780
3.734009
3.735228
3.736469
3.737676
3.738892
3.740103
3.741268
3.742455
3.743668
3.744867
3.746083
3.747284
3.748489
3.749690
3.750898
3.752063
3.753226
3.754388
3.755523
3.756689
3.757866
3.759014
3.760149
3.761279
3.762403
3.763529
3.764656
3.765770
3.766900
3.768026
3.769150
3.770276
3.771412
3.772535
3.773632
3.774767
3.775852
3.776924
3.778000
3.779084
3.780169
3.781230
3.782272
3.783330
3.784384
3.785418
3.786470
3.787519
3.788585
3.789640
3.790709
3.791734
3.792777
3.793816
3.794832
3.795856
3.796884
3.797942
3.798966
3.800000
3.801016
3.802022
3.803023
3.804003
3.804973
3.805941
3.806885
3.807823
3.808772
3.809743
3.810747
3.811736
3.812709
3.813689
3.814663
3.815615
3.816574
3.817527
3.818492
3.819483
3.820472
3.821431
3.822381
3.823333
3.824247
3.825155
3.826045
3.826914
3.827779
3.828663
3.829547
3.830434
3.831360
3.832277
3.833226
3.834113
3.834991
3.835845
3.836723
3.837600
3.838466
3.839359
3.840279
3.841181
3.842074
3.842978
3.843877
3.844731
3.845561
3.846388
3.847218
3.848018
3.848821
3.849633
3.850469
3.851278
3.852095
3.852889
3.853695
3.854519
3.855319
3.856098
3.856892
3.857698
3.858480
3.859280
3.860101
3.860910
3.861749
3.862552
3.863361
3.864140
3.864918
3.865691
3.866462
3.867213
3.867954
3.868690
3.869392
3.870135
3.870863
3.871570
3.872295
3.873011
3.873709
3.874410
3.875135
3.875857
3.876576
3.877298
3.878005
3.878703
3.879390
3.880082
3.880768
3.881478
3.882185
3.882850
3.883542
3.884249
3.884956
3.885639
3.886331
3.887029
3.887701
3.888345
3.888989
3.889603
3.890232
3.890861
3.891490
3.892090
3.892695
3.893300
3.893884
3.894481
3.895098
3.895703
3.896353
3.896979
3.897597
3.898187
3.898786
3.899373
3.899927
3.900491
3.901054
3.901599
3.902142
3.902678
3.903232
3.903777
3.904320
3.904868
3.905428
3.905973
3.906537
3.907061
3.907606
3.908173
3.908733
3.909272
3.909806
3.910336
3.910839
3.911336
3.911801
3.912250
3.912712
3.913173
3.913599
3.914036
3.914500
3.914986
3.915441
3.915879
3.916316
3.916738
3.917140
3.917544
3.917961
3.918389
3.918815
3.919228
3.919641
3.920073
3.920498
3.920897
3.921289
3.921679
3.922059
3.922413
3.922778
3.923156
3.923533
3.923893
3.924253
3.924588
3.924927
3.925271
3.925619
3.925960
3.926332
3.926691
3.927063
3.927437
3.927821
3.928195
3.928576
3.928947
3.929313
3.929678
3.930029
3.930406
3.930793
3.931170
3.931515
3.931839
3.932171
3.932507
3.932839
3.933133
3.933441
3.933738
3.934011
3.934253
3.934493
3.934727
3.934966
3.935185
3.935392
3.935580
3.935784
3.935973
3.936162
3.936359
3.936548
3.936701
3.936842
3.936977
3.937111
3.937228
3.937342
3.937444
3.937537
3.937624
3.937705
3.937762
3.937830
3.937902
3.937968
3.938025
3.938091
3.938148
3.938199
3.938256
3.938301
3.938343
3.938379
3.938418
3.938430
3.938430
3.938430
3.938430
3.938430
3.938430
3.938430
3.938430
3.938430
3.938430
3.938430
3.938430
3.938430
3.938430
3.938430
3.938430
3.938430
3.938430
3.938430
3.938430
3.938430
3.938430
3.938430
3.938430
3.938430
3.938430
3.938430
3.938430
3.938430
3.938430
3.938430
3.938430
3.938430
3.938430
3.938430
3.938430
3.938430
3.938430
3.938430
3.938430
3.938430
3.938430
3.938430
3.938430
3.938430
3.938430
3.938430
3.938430
3.938430
3.938430
3.938430
3.938430
3.938430
3.938430
3.938430
3.938430
3.938430
3.938430
3.938430
3.938430
3.938430
3.938430
3.938430
3.938430
3.938430
3.938430
3.938430
3.938430
3.938430
3.938430
3.938430
3.938430
3.938430
3.938430
3.938430
3.938430
3.938430
3.938430
3.938430
3.938430
3.938430
3.938430
3.938430
3.938430
3.938430
3.938430
3.938430
3.938430
3.938430
3.938430
3.938430
3.938430
3.938430
3.938430
3.938430
3.938430
3.938430
3.938430
3.938430
3.938430