3.726159
3.726159
3.726159
3.726159
3.726159
3.726159
3.726159
3.726159
3.726159
3.726159
3.726159
3.726159
3.726159
3.726231
3.726387
3.726576
3.726821
3.727085
3.727385
3.727714
3.728095
3.728505
3.728951
3.729440
3.729961
3.730510
3.731109
3.731762
3.732427
3.733116
3.733847
3.734605
3.735396
3.736205
3.737026
3.737907
3.738815
3.739791
3.740765
3.741802
3.742865
3.743980
3.745127
3.746302
3.747515
3.748776
3.750065
3.751383
3.752734
3.754103
3.755527
3.757004
3.758507
3.760081
3.761630
3.763226
3.764847
3.766495
3.768134
3.769857
3.771618
3.773437
3.775297
3.777188
3.779097
3.781011
3.782997
3.785011
3.787024
3.789130
3.791245
3.793364
3.795560
3.797774
3.800051
3.802352
3.804680
3.807053
3.809464
3.811861
3.814333
3.816811
3.819322
3.821892
3.824460
3.827117
3.829811
3.832570
3.835320
3.838059
3.840956
3.843748
3.846589
3.849519
3.852479
3.855520
3.858528
3.861614
3.864766
3.867933
3.871018
3.874224
3.877457
3.880720
3.883994
3.887356
3.890742
3.894148
3.897614
3.901027
3.904502
3.907951
3.911438
3.914863
3.918302
3.921706
3.925148
3.928624
3.932024
3.935533
3.938963
3.942409
3.945827
3.949335
3.952745
3.956196
3.959690
3.963087
3.966572
3.970035
3.973433
3.976944
3.980396
3.983841
3.987259
3.990729
3.994123
3.997524
4.000969
4.004412
4.007768
4.011204
4.014586
4.018038
4.021402
4.024815
4.028201
4.031613
4.034975
4.038315
4.041680
4.045051
4.048436
4.051792
4.055144
4.058530
4.061894
4.065274
4.068608
4.071970
4.075307
4.078615
4.081971
4.085339
4.088625
4.092034
4.095297
4.098623
4.102017
4.105235
4.108621
4.111905
4.115173
4.118499
4.121723
4.125021
4.128299
4.131553
4.134827
4.138108
4.141350
4.144600
4.147854
4.151081
4.154323
4.157576
4.160800
4.164066
4.167274
4.170468
4.173734
4.176994
4.180191
4.183390
4.186596
4.189754
4.192945
4.196171
4.199368
4.202544
4.205777
4.208932
4.212113
4.215274
4.218480
4.221605
4.224811
4.227966
4.231151
4.234296
4.237409
4.240543
4.243737
4.246859
4.249987
4.253132
4.256260
4.259316
4.262507
4.265560
4.268712
4.271852
4.274917
4.278078
4.281146
4.284262
4.287330
4.290454
4.293537
4.296611
4.299688
4.302759
4.305857
4.308952
4.311981
4.315034
4.318117
4.321209
4.324271
4.327342
4.330389
4.333433
4.336474
4.339524
4.342559
4.345621
4.348617
4.351622
4.354645
4.357692
4.360679
4.363750
4.366680
4.369661
4.372654
4.375608
4.378623
4.381654
4.384561
4.387554
4.390534
4.393447
4.396461
4.399406
4.402330
4.405254
4.408223
4.411141
4.414074
4.417074
4.419941
4.422916
4.425816
4.428722
4.431629
4.434553
4.437456
4.440332
4.443214
4.446064
4.448949
4.451876
4.454725
4.457589
4.460435
4.463237
4.466143
4.468954
4.471857
4.474631
4.477531
4.480314
4.483191
4.485941
4.488770
4.491582
4.494411
4.497194
4.499969
4.502761
4.505541
4.508318
4.511111
4.513873
4.516633
4.519380
4.522136
4.524860
4.527679
4.530391
4.533147
4.535829
4.538576
4.541248
4.544034
4.546710
4.549413
4.552142
4.554835
4.557514
4.560210
4.562901
4.565657
4.568282
4.570972
4.573633
4.576353
4.578950
4.581611
4.584317
4.586926
4.589613
4.592211
4.594860
4.597493
4.600136
4.602736
4.605385
4.608016
4.610625
4.613216
4.615844
4.618433
4.621054
4.623637
4.626189
4.628775
4.631355
4.633907
4.636484
4.639109
4.641661
4.644175
4.646758
4.649280
4.651818
4.654370
4.656863
4.659455
4.661974
4.664461
4.666969
4.669488
4.672002
4.674498
4.676976
4.679528
4.682000
4.684505
4.686979
4.689451
4.691941
4.694410
4.696893
4.699383
4.701804
4.704228
4.706678
4.709102
4.711538
4.713998
4.716401
4.718836
4.721231
4.723636
4.726039
4.728484
4.730869
4.733346
4.735719
4.738107
4.740498
4.742943
4.745313
4.747659
4.750043
4.752371
4.754792
4.757150
4.759532
4.761869
4.764212
4.766564
4.768955
4.771291
4.773623
4.775968
4.778281
4.780645
4.782943
4.785265
4.787599
4.789891
4.792222
4.794511
4.796812
4.799119
4.801417
4.803700
4.805986
4.808293
4.810570
4.812841
4.815100
4.817356
4.819621
4.821874
4.824133
4.826404
4.828633
4.830859
4.833100
4.835362
4.837555
4.839793
4.842004
4.844194
4.846447
4.848677
4.850849
4.853042
4.855238
4.857440
4.859654
4.861811
4.863989
4.866179
4.868364
4.870533
4.872708
4.874874
4.877004
4.879177
4.881346
4.883476
4.885624
4.887778
4.889878
4.892056
4.894157
4.896302
4.898408
4.900508
4.902603
4.904721
4.906812
4.908912
4.911013
4.913092
4.915198
4.917283
4.919363
4.921430
4.923572
4.925609
4.927668
4.929735
4.931796
4.933825
4.935883
4.937938
4.940026
4.942034
4.944062
4.946108
4.948143
4.950141
4.952148
4.954168
4.956172
4.958189
4.960169
4.962191
4.964199
4.966146
4.968153
4.970131
4.972078
4.974052
4.976030
4.977986
4.979937
4.981914
4.983882
4.985848
4.987795
4.989731
4.991663
4.993590
4.995528
4.997470
4.999408
5.001326
5.003249
5.005167
5.007063
5.008984
5.010910
5.012783
5.014649
5.016561
5.018451
5.020318
5.022214
5.024078
5.025923
5.027754
5.029624
5.031445
5.033297
5.035106
5.036994
5.038821
5.040658
5.042485
5.044310
5.046132
5.047932
5.049754
5.051525
5.053352
5.055192
5.056972
5.058757
5.060531
5.062272
5.064075
5.065855
5.067607
5.069366
5.071116
5.072875
5.074618
5.076395
5.078151
5.079861
5.081608
5.083340
5.085032
5.086749
5.088463
5.090159
5.091876
5.093562
5.095258
5.096951
5.098614
5.100327
5.102005
5.103680
5.105364
5.107011
5.108659
5.110313
5.111994
5.113624
5.115257
5.116905
5.118489
5.120111
5.121737
5.123364
5.124973
5.126588
5.128188
5.129743
5.131340
5.132942
5.134554
5.136139
5.137712
5.139273
5.140846
5.142410
5.143962
5.145535
5.147081
5.148648
5.150197
5.151716
5.153241
5.154784
5.156330
5.157870
5.159398
5.160923
5.162454
5.163930
5.165417
5.166935
5.168427
5.169947
5.171418
5.172910
5.174366
5.175801
5.177281
5.178776
5.180217
5.181700
5.183144
5.184597
5.186041
5.187483
5.188912
5.190347
5.191791
5.193211
5.194631
5.196045
5.197456
5.198883
5.200273
5.201687
5.203059
5.204431
5.205822
5.207223
5.208590
5.209962
5.211337
5.212691
5.214043
5.215385
5.216727
5.218091
5.219427
5.220751
5.222072
5.223382
5.224709
5.226030
5.227348
5.228669
5.229952
5.231255
5.232531
5.233802
5.235081
5.236360
5.237625
5.238895
5.240138
5.241375
5.242622
5.243875
5.245121
5.246391
5.247628
5.248848
5.250070
5.251293
5.252482
5.253716
5.254891
5.256074
5.257288
5.258468
5.259615
5.260754
5.261938
5.263115
5.264296
5.265455
5.266621
5.267786
5.268936
5.270102
5.271228
5.272367
5.273490
5.274599
5.275704
5.276804
5.277894
5.278970
5.280058
5.281130
5.282194
5.283255
5.284333
5.285406
5.286484
5.287566
5.288641
5.289720
5.290804
5.291874
5.292923
5.293968
5.295008
5.296015
5.297040
5.298037
5.299023
5.299996
5.300979
5.301962
5.302903
5.303870
5.304838
5.305806
5.306767
5.307724
5.308685
5.309650
5.310594
5.311555
5.312490
5.313431
5.314381
5.315321
5.316241
5.317167
5.318069
5.318964
5.319870
5.320768
5.321634
5.322509
5.323378
5.324232
5.325089
5.325954
5.326766
5.327590
5.328417
5.329259
5.330095
5.330925
5.331755
5.332588
5.333426
5.334260
5.335092
5.335922
5.336740
5.337549
5.338343
5.339125
5.339922
5.340695
5.341447
5.342208
5.342924
5.343652
5.344389
5.345117
5.345833
5.346537
5.347250
5.347957
5.348691
5.349380
5.350079
5.350774
5.351457
5.352137
5.352790
5.353458
5.354126
5.354800
5.355460
5.356131
5.356793
5.357437
5.358093
5.358758
5.359390
5.360032
5.360684
5.361329
5.361943
5.362545
5.363135
5.363702
5.364286
5.364861
5.365439
5.365991
5.366542
5.367075
5.367618
5.368151
5.368687
5.369220
5.369742
5.370266
5.370760
5.371252
5.371785
5.372285
5.372804
5.373295
5.373765
5.374242
5.374724
5.375188
5.375641
5.376112
5.376558
5.377004
5.377436
5.377858
5.378274
5.378691
5.379117
5.379548
5.379970
5.380399
5.380839
5.381282
5.381741
5.382178
5.382613
5.383035
5.383461
5.383883
5.384287
5.384686
5.385073
5.385465
5.385825
5.386163
5.386463
5.386768
5.387077
5.387367
5.387640
5.387913
5.388186
5.388443
5.388698
5.388956
5.389207
5.389459
5.389701
5.389941
5.390172
5.390397
5.390633
5.390867
5.391091
5.391310
5.391511
5.391703
5.391910
5.392119
5.392317
5.392518
5.392727
5.392922
5.393105
5.393279
5.393441
5.393590
5.393746
5.393884
5.394001
5.394121
5.394235
5.394339
5.394441
5.394540
5.394621
5.394690
5.394756
5.394836
5.394897
5.394957
5.395016
5.395076
5.395124
5.395169
5.395190
5.395223
5.395256
5.395283
5.395292
5.395307
5.395325
5.395331
5.395337
5.395340
5.395343
5.395343
5.395343
5.395343
5.395343
5.395343
5.395343
5.395343
5.395343
5.395343
5.395343
5.395343
5.395343
5.395343
5.395343
5.395343
5.395343
5.395343
5.395343
5.395343
5.395343
5.395343
5.395343
5.395343
5.395343
5.395343
5.395343
5.395343
5.395343
5.395343
5.395343
5.395343
5.395343
5.395343
5.395343
5.395343
5.395343
5.395343
5.395343
5.395343
5.395343
5.395343
5.395343
5.395343
5.395343
5.395343
5.395343
5.395343
5.395343
5.395343
5.395343
5.395343
5.395343
5.395343
5.395343
5.395343
5.395343
5.395343
5.395343
5.395343
5.395343
5.395343
5.395343
5.395343
5.395343
5.395343
5.395343
5.395343
5.395343
5.395343
5.395343
5.395343
5.395343
5.395343
5.395343
5.395343
5.395343
5.395343
5.395343
5.395343
5.395343
5.395343
5.395343
5.395343
5.395343
5.395343
5.395343
5.395343
5.395343
5.395343
5.395343
5.395343
5.395343
5.395343
5.395343
5.395343
5.395343
5.395343
5.395343
5.395343