5.586731
5.586731
5.586731
5.586731
5.586731
5.586731
5.586731
5.586731
5.586731
5.586731
5.586731
5.586731
5.586731
5.586746
5.586884
5.587046
5.587216
5.587426
5.587663
5.587905
5.588160
5.588445
5.588753
5.589089
5.589463
5.589868
5.590296
5.590764
5.591255
5.591794
5.592367
5.592984
5.593616
5.594323
5.595051
5.595803
5.596570
5.597397
5.598248
5.599150
5.600072
5.601037
5.602020
5.603077
5.604147
5.605292
5.606427
5.607614
5.608842
5.610118
5.611403
5.612737
5.614112
5.615472
5.616943
5.618417
5.619900
5.621440
5.623007
5.624619
5.626252
5.627981
5.629692
5.631435
5.633275
5.635072
5.636912
5.638814
5.640759
5.642739
5.644765
5.646787
5.648872
5.651000
5.653157
5.655326
5.657549
5.659760
5.662058
5.664392
5.666747
5.669161
5.671615
5.674084
5.676598
5.679153
5.681754
5.684340
5.686985
5.689667
5.692450
5.695189
5.697930
5.700749
5.703676
5.706576
5.709512
5.712461
5.715477
5.718587
5.721620
5.724753
5.727935
5.731123
5.734317
5.737583
5.740875
5.744216
5.747488
5.750831
5.754076
5.757483
5.760724
5.764044
5.767450
5.770704
5.774077
5.777364
5.780687
5.784042
5.787380
5.790741
5.793962
5.797345
5.800575
5.803873
5.807205
5.810464
5.813787
5.817113
5.820385
5.823704
5.827018
5.830287
5.833615
5.836926
5.840173
5.843481
5.846744
5.850016
5.853212
5.856508
5.859801
5.862986
5.866290
5.869484
5.872690
5.875949
5.879170
5.882427
5.885698
5.888875
5.892062
5.895268
5.898521
5.901700
5.904894
5.908082
5.911186
5.914440
5.917577
5.920791
5.923946
5.927074
5.930232
5.933486
5.936572
5.939804
5.942908
5.946081
5.949197
5.952343
5.955444
5.958641
5.961706
5.964828
5.967922
5.971080
5.974178
5.977318
5.980425
5.983484
5.986552
5.989620
5.992730
5.995819
5.998950
6.001948
6.005076
6.008088
6.011140
6.014232
6.017294
6.020365
6.023349
6.026432
6.029459
6.032490
6.035528
6.038608
6.041595
6.044610
6.047620
6.050667
6.053699
6.056707
6.059710
6.062678
6.065669
6.068668
6.071685
6.074651
6.077617
6.080568
6.083531
6.086521
6.089505
6.092477
6.095431
6.098382
6.101315
6.104267
6.107203
6.110112
6.113102
6.116041
6.118917
6.121854
6.124802
6.127699
6.130620
6.133541
6.136415
6.139336
6.142233
6.145133
6.148027
6.150942
6.153828
6.156698
6.159586
6.162441
6.165318
6.168179
6.171034
6.173931
6.176768
6.179647
6.182536
6.185412
6.188255
6.191062
6.193888
6.196689
6.199542
6.202388
6.205243
6.208050
6.210869
6.213701
6.216421
6.219300
6.222066
6.224867
6.227707
6.230467
6.233277
6.236048
6.238910
6.241642
6.244473
6.247260
6.249992
6.252769
6.255541
6.258345
6.261084
6.263828
6.266641
6.269352
6.272127
6.274883
6.277627
6.280387
6.283128
0.002681
0.005393
0.008089
0.010900
0.013611
0.016314
0.019100
0.021757
0.024445
0.027174
0.029904
0.032615
0.035329
0.038023
0.040722
0.043458
0.046118
0.048803
0.051526
0.054223
0.056919
0.059604
0.062267
0.064957
0.067633
0.070299
0.072978
0.075644
0.078296
0.080956
0.083656
0.086310
0.088929
0.091664
0.094250
0.096907
0.099604
0.102175
0.104853
0.107496
0.110129
0.112772
0.115411
0.118030
0.120645
0.123279
0.125894
0.128519
0.131137
0.133801
0.136383
0.138996
0.141588
0.144203
0.146819
0.149419
0.152014
0.154617
0.157203
0.159777
0.162371
0.164960
0.167521
0.170128
0.172708
0.175290
0.177879
0.180434
0.183017
0.185582
0.188173
0.190675
0.193240
0.195786
0.198345
0.200910
0.203426
0.206009
0.208546
0.211066
0.213601
0.216153
0.218670
0.221223
0.223790
0.226277
0.228776
0.231263
0.233764
0.236359
0.238846
0.241338
0.243867
0.246390
0.248855
0.251360
0.253850
0.256328
0.258808
0.261322
0.263842
0.266313
0.268812
0.271290
0.273729
0.276260
0.278690
0.281114
0.283607
0.286069
0.288559
0.291034
0.293500
0.295947
0.298410
0.300828
0.303333
0.305733
0.308204
0.310637
0.313109
0.315548
0.317968
0.320407
0.322804
0.325246
0.327649
0.330067
0.332478
0.334899
0.337365
0.339795
0.342186
0.344582
0.346976
0.349382
0.351773
0.354167
0.356549
0.358946
0.361357
0.363736
0.366142
0.368482
0.370885
0.373249
0.375619
0.377976
0.380349
0.382740
0.385110
0.387453
0.389808
0.392151
0.394503
0.396855
0.399192
0.401534
0.403904
0.406268
0.408566
0.410909
0.413210
0.415538
0.417878
0.420188
0.422522
0.424817
0.427133
0.429452
0.431795
0.434084
0.436379
0.438686
0.440957
0.443246
0.445541
0.447827
0.450089
0.452434
0.454690
0.456964
0.459262
0.461551
0.463813
0.466067
0.468338
0.470576
0.472856
0.475097
0.477404
0.479630
0.481841
0.484094
0.486308
0.488537
0.490823
0.493046
0.495305
0.497534
0.499784
0.501971
0.504185
0.506423
0.508631
0.510858
0.513045
0.515247
0.517437
0.519681
0.521823
0.524073
0.526248
0.528429
0.530611
0.532822
0.535018
0.537187
0.539389
0.541561
0.543730
0.545881
0.548033
0.550217
0.552377
0.554525
0.556670
0.558824
0.561003
0.563184
0.565317
0.567450
0.569592
0.571752
0.573895
0.576010
0.578125
0.580204
0.582358
0.584531
0.586631
0.588749
0.590885
0.592979
0.595059
0.597177
0.599250
0.601356
0.603460
0.605554
0.607666
0.609769
0.611876
0.613955
0.616031
0.618089
0.620151
0.622251
0.624309
0.626379
0.628465
0.630541
0.632608
0.634673
0.636728
0.638798
0.640856
0.642891
0.644937
0.647037
0.649075
0.651115
0.653128
0.655172
0.657203
0.659252
0.661266
0.663312
0.665331
0.667336
0.669382
0.671413
0.673412
0.675437
0.677480
0.679497
0.681519
0.683502
0.685477
0.687484
0.689476
0.691451
0.693431
0.695454
0.697437
0.699411
0.701419
0.703378
0.705359
0.707330
0.709274
0.711261
0.713238
0.715222
0.717172
0.719122
0.721079
0.723044
0.725007
0.726945
0.728875
0.730831
0.732742
0.734693
0.736625
0.738564
0.740520
0.742435
0.744361
0.746288
0.748211
0.750090
0.752016
0.753937
0.755806
0.757724
0.759638
0.761517
0.763407
0.765340
0.767212
0.769163
0.771041
0.772950
0.774834
0.776728
0.778585
0.780452
0.782306
0.784176
0.786063
0.787930
0.789760
0.791651
0.793538
0.795375
0.797239
0.799093
0.800924
0.802802
0.804633
0.806451
0.808285
0.810143
0.811988
0.813840
0.815688
0.817501
0.819308
0.821132
0.822924
0.824736
0.826540
0.828359
0.830186
0.832011
0.833829
0.835600
0.837401
0.839192
0.840993
0.842770
0.844537
0.846323
0.848130
0.849909
0.851713
0.853519
0.855281
0.857091
0.858849
0.860653
0.862373
0.864161
0.865899
0.867664
0.869435
0.871169
0.872931
0.874696
0.876454
0.878171
0.879945
0.881649
0.883408
0.885122
0.886866
0.888600
0.890323
0.892055
0.893813
0.895536
0.897262
0.898979
0.900707
0.902421
0.904144
0.905873
0.907586
0.909279
0.910975
0.912644
0.914357
0.916059
0.917755
0.919463
0.921179
0.922872
0.924532
0.926222
0.927942
0.929574
0.931240
0.932894
0.934566
0.936217
0.937915
0.939584
0.941268
0.942955
0.944621
0.946262
0.947913
0.949549
0.951224
0.952875
0.954556
0.956170
0.957797
0.959442
0.961066
0.962705
0.964350
0.965953
0.967576
0.969191
0.970812
0.972421
0.974084
0.975672
0.977311
0.978892
0.980504
0.982122
0.983740
0.985349
0.986952
0.988540
0.990134
0.991725
0.993351
0.994912
0.996533
0.998109
0.999718
1.001285
1.002858
1.004404
1.005974
1.007568
1.009138
1.010714
1.012245
1.013803
1.015357
1.016933
1.018470
1.020049
1.021577
1.023081
1.024654
1.026170
1.027713
1.029274
1.030829
1.032366
1.033903
1.035419
1.036917
1.038448
1.039964
1.041462
1.043014
1.044509
1.046031
1.047520
1.049012
1.050492
1.051987
1.053521
1.055004
1.056472
1.057973
1.059456
1.060942
1.062425
1.063876
1.065347
1.066833
1.068301
1.069736
1.071177
1.072675
1.074122
1.075608
1.077073
1.078541
1.079982
1.081406
1.082877
1.084336
1.085777
1.087242
1.088677
1.090088
1.091475
1.092901
1.094286
1.095706
1.097171
1.098561
1.099990
1.101389
1.102788
1.104170
1.105581
1.106959
1.108373
1.109784
1.111177
1.112532
1.113916
1.115294
1.116675
1.118062
1.119440
1.120846
1.122227
1.123563
1.124935
1.126301
1.127632
1.128980
1.130370
1.131730
1.133075
1.134412
1.135727
1.137072
1.138397
1.139712
1.141027
1.142405
1.143721
1.145081
1.146393
1.147729
1.149045
1.150327
1.151663
1.152987
1.154315
1.155615
1.156912
1.158212
1.159531
1.160801
1.162068
1.163348
1.164648
1.165966
1.167219
1.168504
1.169822
1.171104
1.172327
1.173612
1.174868
1.176150
1.177420
1.178672
1.179922
1.181186
1.182436
1.183661
1.184907
1.186157
1.187427
1.188697
1.189920
1.191157
1.192388
1.193608
1.194794
1.196020
1.197245
1.198482
1.199702
1.200900
1.202132
1.203354
1.204549
1.205757
1.206952
1.208151
1.209361
1.210559
1.211713
1.212902
1.214107
1.215281
1.216432
1.217600
1.218799
1.219982
1.221157
1.222319
1.223523
1.224713
1.225857
1.227014
1.228179
1.229336
1.230453
1.231553
1.232733
1.233911
1.235010
1.236107
1.237227
1.238390
1.239474
1.240547
1.241665
1.242848
1.243996
1.245107
1.246210
1.247369
1.248499
1.249583
1.250665
1.251764
1.252849
1.253918
1.254997
1.256091
1.257160
1.258215
1.259263
1.260354
1.261424
1.262463
1.263485
1.264611
1.265696
1.266742
1.267802
1.268881
1.269974
1.271020
1.272030
1.273066
1.274148
1.275164
1.276158
1.277189
1.278234
1.279259
1.280251
1.281260
1.282285
1.283331
1.284328
1.285314
1.286306
1.287336
1.288340
1.289314
1.290303
1.291333
1.292334
1.293338
1.294326
1.295315
1.296313
1.297289
1.298233
1.299183
1.300160
1.301145
1.302077
1.303036
1.303965
1.304941
1.305891
1.306817
1.307719
1.308671
1.309648
1.310577
1.311485
1.312443
1.313414
1.314367
1.315308
1.316236
1.317147
1.318106
1.318999
1.319895
1.320766
1.321638
1.322561
1.323478
1.324344
1.325192
1.326072
1.326962
1.327828
1.328658
1.329521
1.330429
1.331310
1.332142
1.332990
1.333883
1.334764
1.335606
1.336439
1.337320
1.338189
1.339021
1.339845
1.340717
1.341595
1.342416
1.343219
1.344067
1.344897
1.345700
1.346452
1.347252
1.348091
1.348861
1.349627
1.350424
1.351221
1.351997
1.352743
1.353516
1.354295
1.355104
1.355847
1.356632
1.357477
1.358292
1.359056
1.359826
1.360638
1.361453
1.362196
1.362945
1.363733
1.364521
1.365246
1.365965
1.366678
1.367403
1.368128
1.368835
1.369536
1.370249
1.370968
1.371681
1.372380
1.373063
1.373764
1.374468
1.375157
1.375831
1.376511
1.377230
1.377922
1.378602
1.379300
1.380008
1.380709
1.381407
1.382090
1.382803
1.383483
1.384139
1.384819
1.385493
1.386152
1.386793
1.387420
1.388070
1.388723
1.389370
1.389966
1.390599
1.391222
1.391845
1.392459
1.393082
1.393669
1.394287
1.394898
1.395503
1.396057
1.396633
1.397223
1.397828
1.398394
1.398955
1.399536
1.400144
1.400707
1.401276
1.401864
1.402454
1.403038
1.403616
1.404198
1.404803
1.405363
1.405929
1.406526
1.407134
1.407700
1.408269
1.408839
1.409420
1.409950
1.410465
1.410954
1.411487
1.412038
1.412551
1.413015
1.413530
1.414064
1.414564
1.415022
1.415475
1.415969
1.416475
1.416943
1.417383
1.417854
1.418360
1.418839
1.419286
1.419759
1.420254
1.420712
1.421149
1.421593
1.422069
1.422524
1.422950
1.423381
1.423828
1.424274
1.424685
1.425095
1.425542
1.426009
1.426446
1.426866
1.427330
1.427806
1.428268
1.428714
1.429179
1.429625
1.430081
1.430518
1.430934
1.431345
1.431767
1.432187
1.432597
1.432993
1.433379
1.433751
1.434137
1.434521
1.434889
1.435225
1.435563
1.435947
1.436300
1.436627
1.436954
1.437295
1.437661
1.437990
1.438308
1.438649
1.438991
1.439320
1.439638
1.439980
1.440318
1.440630
1.440935
1.441250
1.441576
1.441867
1.442158
1.442445
1.442748
1.443041
1.443308
1.443572
1.443847
1.444138
1.444414
1.444677
1.444968
1.445247
1.445510
1.445768
1.446035
1.446301
1.446559
1.446814
1.447071
1.447335
1.447608
1.447868
1.448126
1.448434
1.448737
1.449019
1.449297
1.449606
1.449923
1.450211
1.450478
1.450765
1.451083
1.451383
1.451646
1.451901
1.452215
1.452539
1.452818
1.453069
1.453366
1.453674
1.453938
1.454169
1.454414
1.454666
1.454900
1.455110
1.455310
1.455508
1.455718
1.455892
1.456053
1.456224
1.456389
1.456530
1.456671
1.456799
1.456934
1.457048
1.457156
1.457276
1.457384
1.457482
1.457572
1.457650
1.457725
1.457797
1.457860
1.457908
1.457953
1.458013
1.458061
1.458097
1.458133
1.458154
1.458193
1.458217
1.458231
1.458235
1.458238
1.458246
1.458246
1.458246
1.458246
1.458246
1.458246
1.458246
1.458246
1.458246
1.458246
1.458246
1.458246
1.458246
1.458246
1.458246
1.458202
1.458151
1.458088
1.458013
1.457944
1.457878
1.457806
1.457737
1.457665
1.457578
1.457509
1.457426
1.457345
1.457258
1.457180
1.457090
1.457003
1.456907
1.456805
1.456689
1.456575
1.456455
1.456335
1.456191
1.456068
1.455934
1.455799
1.455649
1.455499
1.455337
1.455176
1.455026
1.454864
1.454687
1.454525
1.454349
1.454169
1.453986
1.453803
1.453618
1.453447
1.453270
1.453099
1.452917
1.452743
1.452581
1.452422
1.452263
1.452105
1.451937
1.451778
1.451625
1.451475
1.451314
1.451164
1.451032
1.450900
1.450765
1.450634
1.450508
1.450394
1.450286
1.450184
1.450091
1.450016
1.449935
1.449864
1.449804
1.449759
1.449699
1.449648
1.449633
1.449621
1.449600
1.449597
1.449597
1.449597
1.449597
1.449597
1.449597
1.449597
1.449597
1.449597
1.449597
1.449597
1.449663
1.449738
1.449813
1.449899
1.449974
1.450067
1.450157
1.450256
1.450334
1.450430
1.450526
1.450621
1.450714
1.450804
1.450879
1.450969
1.451050
1.451128
1.451197
1.451272
1.451344
1.451412
1.451487
1.451550
1.451604
1.451655
1.451733
1.451802
1.451853
1.451919
1.451979
1.452027
1.452078
1.452126
1.452158
1.452200
1.452242
1.452281
1.452311
1.452341
1.452374
1.452404
1.452437
1.452467
1.452485
1.452515
1.452542
1.452566
1.452566
1.452569
1.452587
1.452602
1.452611
1.452614
1.452614
1.452614
1.452617
1.452617
1.452617
1.452617
1.452617
1.452617
1.452617
1.452617
1.452617
1.452617
1.452617
1.452617
1.452617
1.452617
1.452617
1.452617
1.452617
1.452617
1.452617
1.452617
1.452617
1.452617
1.452617
1.452617
1.452617
1.452617
1.452617
1.452617
1.452617
1.452617
1.452617
1.452617
1.452617
1.452617
1.452617
1.452617
1.452617
1.452617
1.452617
1.452617
1.452617
1.452617
1.452617
1.452617
1.452617
1.452617
1.452617
1.452617
1.452617
1.452617
1.452617
1.452617
1.452617
1.452617
1.452617
1.452617
1.452617
1.452617
1.452617
1.452617
1.452617
1.452617
1.452617
1.452617
1.452617
1.452617
1.452617
1.452617
1.452617
1.452617
1.452617
1.452617
1.452617
1.452617
1.452617
1.452617
1.452617
1.452617
1.452617
1.452617
1.452617
1.452617
1.452617
1.452617
1.452617
1.452617
1.452617
1.452617
1.452617
1.452617
1.452617
1.452617
1.452617
1.452617
1.452617
1.452617
1.452617
1.452617
1.452617
1.452617