5.207232
5.207232
5.207232
5.207232
5.207232
5.207232
5.207232
5.207232
5.207232
5.207311
5.207478
5.207730
5.208042
5.208404
5.208827
5.209327
5.209923
5.210573
5.211319
5.212170
5.213060
5.214036
5.215127
5.216272
5.217524
5.218860
5.220253
5.221745
5.223268
5.224855
5.226545
5.228343
5.230179
5.232124
5.234122
5.236219
5.238386
5.240690
5.243011
5.245441
5.247943
5.250511
5.253192
5.255960
5.258759
5.261686
5.264724
5.267771
5.270902
5.274149
5.277442
5.280888
5.284378
5.287955
5.291605
5.295373
5.299143
5.303055
5.307100
5.311100
5.315264
5.319435
5.323680
5.328154
5.332525
5.337007
5.341573
5.346378
5.351038
5.355990
5.360924
5.365862
5.370931
5.376112
5.381384
5.386744
5.392071
5.397545
5.403115
5.408762
5.414437
5.420198
5.426211
5.432111
5.438133
5.444281
5.450419
5.456753
5.463245
5.469582
5.476165
5.482801
5.489383
5.496163
5.503237
5.510026
5.517040
5.524161
5.531391
5.538527
5.545922
5.553478
5.560806
5.568503
5.576095
5.583846
5.591636
5.599392
5.607266
5.615035
5.622902
5.630731
5.638641
5.646574
5.654415
5.662244
5.670105
5.678033
5.685934
5.693789
5.701636
5.709567
5.717407
5.725326
5.733160
5.741100
5.749024
5.756889
5.764915
5.772702
5.780552
5.788465
5.796383
5.804278
5.812073
5.820061
5.827847
5.835775
5.843598
5.851450
5.859315
5.867144
5.874976
5.882786
5.890621
5.898432
5.906186
5.914062
5.921831
5.929591
5.937407
5.945170
5.952957
5.960738
5.968426
5.976215
5.983957
5.991813
5.999444
6.007197
6.014921
6.022624
6.030411
6.038018
6.045760
6.053502
6.061067
6.068890
6.076469
6.084064
6.091692
6.099422
6.106975
6.114588
6.122231
6.129850
6.137406
6.145010
6.152539
6.160167
6.167706
6.175255
6.182743
6.190280
6.197774
6.205273
6.212979
6.220424
6.227824
6.235353
6.242837
6.250354
6.257851
6.265188
6.272747
6.280246
0.004581
0.011954
0.019316
0.026956
0.034272
0.041702
0.049045
0.056601
0.063960
0.071438
0.078835
0.086241
0.093717
0.101171
0.108721
0.116043
0.123372
0.130814
0.138100
0.145623
0.153083
0.160391
0.167770
0.175194
0.182571
0.189965
0.197338
0.204682
0.212115
0.219551
0.226882
0.234355
0.241659
0.249101
0.256328
0.263887
0.271077
0.278507
0.285872
0.293134
0.300445
0.307953
0.315140
0.322651
0.329938
0.337263
0.344597
0.351896
0.359212
0.366582
0.373884
0.381155
0.388481
0.395863
0.403101
0.410403
0.417680
0.424931
0.432259
0.439485
0.446745
0.453977
0.461234
0.468541
0.475786
0.483081
0.490248
0.497477
0.504698
0.511936
0.519109
0.526353
0.533541
0.540815
0.547937
0.555205
0.562348
0.569646
0.576687
0.583785
0.591101
0.598273
0.605371
0.612499
0.619617
0.626748
0.633947
0.641054
0.648137
0.655264
0.662365
0.669430
0.676548
0.683577
0.690660
0.697719
0.704756
0.711992
0.719009
0.726010
0.733036
0.740212
0.747106
0.754173
0.761241
0.768252
0.775248
0.782222
0.789344
0.796313
0.803324
0.810301
0.817321
0.824470
0.831400
0.838362
0.845454
0.852348
0.859350
0.866382
0.873314
0.880382
0.887399
0.894359
0.901313
0.908344
0.915331
0.922342
0.929383
0.936226
0.943257
0.950301
0.957279
0.964161
0.971169
0.978251
0.985163
0.992177
0.999149
1.006136
1.013119
1.020064
1.027045
1.034125
1.041025
1.048065
1.055061
1.061976
1.069029
1.075836
1.083029
1.089842
1.096754
1.103735
1.110716
1.117766
1.124675
1.131575
1.138555
1.145536
1.152433
1.159411
1.166326
1.173286
1.180302
1.187163
1.194186
1.201083
1.208004
1.214883
1.221858
1.228689
1.235750
1.242638
1.249529
1.256447
1.263443
1.270286
1.277141
1.284215
1.290959
1.297847
1.304821
1.311679
1.318576
1.325407
1.332262
1.339162
1.346038
1.352842
1.359724
1.366591
1.373392
1.380199
1.387084
1.393996
1.400833
1.407658
1.414441
1.421257
1.428112
1.434916
1.441678
1.448533
1.455352
1.462132
1.468951
1.475779
1.482553
1.489331
1.496162
1.502894
1.509725
1.516433
1.523216
1.530032
1.536782
1.543475
1.550198
1.557038
1.563669
1.570536
1.577166
1.583976
1.590729
1.597380
1.604118
1.610979
1.617610
1.624462
1.631146
1.637839
1.644583
1.651366
1.658080
1.664825
1.671593
1.678343
1.685009
1.691747
1.698509
1.705175
1.711932
1.718661
1.725387
1.732149
1.738914
1.745580
1.752318
1.759036
1.765816
1.772536
1.779223
1.785859
1.792612
1.799362
1.806068
1.812791
1.819511
1.826291
1.833032
1.839707
1.846434
1.853178
1.859937
1.866645
1.873308
1.880007
1.886712
1.893382
1.899982
1.906756
1.913365
1.920130
1.926965
1.933463
1.940222
1.946927
1.953689
1.960242
1.966965
1.973583
1.980360
1.987029
1.993621
2.000296
2.006995
2.013554
2.020220
2.026856
2.033483
2.040164
2.046819
2.053452
2.060064
2.066748
2.073319
2.080000
2.086585
2.093165
2.099771
2.106437
2.112936
2.119710
2.126181
2.132692
2.139331
2.145949
2.152490
2.159027
2.165690
2.172126
2.178846
2.185299
2.191855
2.198425
2.204924
2.211431
2.217927
2.224440
2.230956
2.237443
2.243968
2.250377
2.256884
2.263395
2.269863
2.276296
2.282809
2.289200
2.295713
2.302209
2.308554
2.315098
2.321461
2.327906
2.334266
2.340729
2.347086
2.353477
2.359915
2.366330
2.372718
2.379102
2.385511
2.391934
2.398322
2.404671
2.411091
2.417458
2.423827
2.430209
2.436606
2.442939
2.449357
2.455709
2.462096
2.468439
2.474823
2.481124
2.487482
2.493896
2.500239
2.506552
2.512981
2.519264
2.525615
2.532012
2.538271
2.544634
2.550998
2.557284
2.563602
2.569900
2.576309
2.582567
2.588928
2.595265
2.601542
2.607902
2.614161
2.620480
2.626840
2.633069
2.639367
2.645700
2.652025
2.658266
2.664561
2.670855
2.677069
2.683418
2.689650
2.695914
2.702206
2.708453
2.714715
2.721075
2.727229
2.733527
2.739815
2.745972
2.752276
2.758445
2.764746
2.770930
2.777215
2.783360
2.789568
2.795761
2.802088
2.808218
2.814480
2.820637
2.826929
2.833095
2.839192
2.845477
2.851631
2.857764
2.863942
2.870132
2.876205
2.882380
2.888540
2.894646
2.900872
2.907085
2.913122
2.919303
2.925379
2.931527
2.937576
2.943754
2.949875
2.955867
2.962000
2.968157
2.974254
2.980312
2.986361
2.992440
2.998552
3.004541
3.010587
3.016639
3.022658
3.028788
3.034789
3.040790
3.046827
3.052871
3.058815
3.064801
3.070871
3.076887
3.082870
3.088898
3.094869
3.100816
3.106817
3.112768
3.118754
3.124770
3.130660
3.136643
3.142632
3.148523
3.154446
3.160402
3.166343
3.172299
3.178264
3.184185
3.190063
3.196073
3.201975
3.207835
3.213819
3.219706
3.225644
3.231603
3.237478
3.243420
3.249295
3.255176
3.261102
3.267017
3.272886
3.278788
3.284669
3.290578
3.296471
3.302367
3.308299
3.314180
3.319978
3.325973
3.331734
3.337634
3.343497
3.349327
3.355145
3.361111
3.366908
3.372813
3.378623
3.384480
3.390304
3.396123
3.401938
3.407837
3.413623
3.419459
3.425289
3.431113
3.436950
3.442774
3.448554
3.454237
3.460103
3.465961
3.471710
3.477457
3.483230
3.489039
3.494807
3.500607
3.506299
3.512163
3.517873
3.523593
3.529396
3.535089
3.540820
3.546621
3.552265
3.558044
3.563716
3.569450
3.575113
3.580850
3.586546
3.592253
3.597967
3.603608
3.609280
3.614990
3.620521
3.626312
3.631837
3.637536
3.643117
3.648762
3.654359
3.659994
3.665630
3.671202
3.676787
3.682447
3.688004
3.693583
3.699150
3.704695
3.710217
3.715856
3.721479
3.726965
3.732463
3.737949
3.743479
3.749157
3.754574
3.760054
3.765632
3.771142
3.776592
3.782102
3.787572
3.793010
3.798511
3.803982
3.809402
3.814908
3.820313
3.825796
3.831213
3.836738
3.842134
3.847529
3.852907
3.858444
3.863735
3.869218
3.874590
3.880064
3.885385
3.890765
3.896140
3.901476
3.906911
3.912229
3.917601
3.922916
3.928318
3.933735
3.939032
3.944344
3.949773
3.955112
3.960427
3.965745
3.971069
3.976339
3.981675
3.987020
3.992425
3.997671
4.002995
4.008304
4.013595
4.018958
4.024213
4.029522
4.034852
4.040089
4.045398
4.050740
4.055926
4.061220
4.066583
4.071790
4.077042
4.082432
4.087657
4.092946
4.098296
4.103462
4.108723
4.114056
4.119277
4.124575
4.129851
4.134977
4.140298
4.145526
4.150811
4.156069
4.161222
4.166492
4.171736
4.177006
4.182165
4.187315
4.192639
4.197849
4.202972
4.208219
4.213492
4.218654
4.223870
4.229098
4.234242
4.239461
4.244663
4.249870
4.255047
4.260182
4.265338
4.270528
4.275693
4.280855
4.286113
4.291221
4.296357
4.301483
4.306612
4.311741
4.316939
4.322099
4.327198
4.332339
4.337460
4.342559
4.347655
4.352695
4.357890
4.362992
4.368073
4.373169
4.378305
4.383347
4.388455
4.393531
4.398582
4.403681
4.408757
4.413853
4.418844
4.423913
4.428974
4.434001
4.439053
4.444008
4.449092
4.454168
4.459162
4.464133
4.469145
4.474110
4.479104
4.484173
4.489135
4.494108
4.499130
4.504043
4.509011
4.513996
4.518907
4.523826
4.528794
4.533698
4.538615
4.543621
4.548412
4.553409
4.558302
4.563200
4.568111
4.572986
4.577926
4.582684
4.587618
4.592499
4.597292
4.602254
4.606985
4.611964
4.616731
4.621549
4.626345
4.631295
4.636004
4.640888
4.645655
4.650457
4.655257
4.660195
4.664868
4.669692
4.674450
4.679220
4.683957
4.688822
4.693553
4.698331
4.703050
4.707826
4.712500
4.717276
4.722030
4.726803
4.731474
4.736190
4.740921
4.745771
4.750418
4.755157
4.759943
4.764667
4.769338
4.774084
4.778743
4.783446
4.788174
4.792890
4.797642
4.802328
4.807002
4.811646
4.816430
4.821029
4.825769
4.830440
4.835098
4.839727
4.844449
4.849051
4.853785
4.858372
4.863052
4.867683
4.872364
4.877013
4.881606
4.886316
4.890909
4.895529
4.900173
4.904754
4.909374
4.914032
4.918578
4.923182
4.927784
4.932368
4.936958
4.941548
4.946136
4.950692
4.955285
4.959842
4.964444
4.968995
4.973579
4.978067
4.982672
4.987202
4.991780
4.996289
5.000840
5.005313
5.009963
5.014410
5.018904
5.023422
5.028048
5.032473
5.037006
5.041494
5.046000
5.050476
5.054976
5.059461
5.063979
5.068392
5.072851
5.077386
5.081779
5.086279
5.090749
5.095174
5.099620
5.104094
5.108503
5.112932
5.117486
5.121797
5.126291
5.130656
5.135115
5.139477
5.143875
5.148261
5.152647
5.157058
5.161441
5.165833
5.170213
5.174572
5.178935
5.183282
5.187579
5.192025
5.196294
5.200686
5.204944
5.209243
5.213572
5.217898
5.222180
5.226419
5.230695
5.235051
5.239308
5.243542
5.247817
5.252090
5.256320
5.260604
5.264820
5.269035
5.273316
5.277490
5.281801
5.285924
5.290103
5.294307
5.298460
5.302606
5.306867
5.311019
5.315159
5.319315
5.323471
5.327590
5.331748
5.335883
5.339964
5.344078
5.348221
5.352358
5.356454
5.360556
5.364571
5.368771
5.372795
5.376929
5.380953
5.384980
5.389126
5.393147
5.397171
5.401191
5.405251
5.409317
5.413349
5.417319
5.421364
5.425364
5.429342
5.433342
5.437342
5.441311
5.445302
5.449284
5.453266
5.457172
5.461166
5.465136
5.469118
5.473055
5.476983
5.480896
5.484850
5.488799
5.492706
5.496577
5.500502
5.504378
5.508321
5.512120
5.516060
5.519940
5.523859
5.527691
5.531559
5.535439
5.539237
5.543097
5.547015
5.550734
5.554640
5.558481
5.562352
5.566145
5.569998
5.573773
5.577575
5.581443
5.585281
5.589047
5.592849
5.596621
5.600459
5.604228
5.607982
5.611757
5.615469
5.619280
5.623061
5.626767
5.630530
5.634315
5.638069
5.641772
5.645520
5.649271
5.652998
5.656704
5.660422
5.664101
5.667778
5.671519
5.675235
5.678911
5.682626
5.686248
5.689957
5.693613
5.697328
5.700983
5.704635
5.708323
5.711954
5.715627
5.719280
5.722941
5.726548
5.730191
5.733792
5.737403
5.740992
5.744614
5.748296
5.751847
5.755421
5.759100
5.762615
5.766210
5.769853
5.773407
5.776987
5.780531
5.784090
5.787685
5.791362
5.794855
5.798364
5.801920
5.805461
5.809011
5.812595
5.816073
5.819605
5.823147
5.826652
5.830191
5.833711
5.837193
5.840659
5.844170
5.847682
5.851148
5.854650
5.858123
5.861616
5.865092
5.868537
5.871962
5.875446
5.878873
5.882340
5.885788
5.889204
5.892632
5.896095
5.899504
5.902896
5.906363
5.909736
5.913151
5.916543
5.919940
5.923368
5.926712
5.930103
5.933465
5.936856
5.940224
5.943621
5.947013
5.950350
5.953724
5.957146
5.960429
5.963797
5.967128
5.970451
5.973771
5.977120
5.980431
5.983717
5.987046
5.990348
5.993661
5.997002
6.000307
6.003575
6.006868
6.010116
6.013421
6.016701
6.019970
6.023244
6.026477
6.029722
6.032967
6.036256
6.039456
6.042719
6.045958
6.049163
6.052381
6.055641
6.058862
6.062064
6.065300
6.068482
6.071691
6.074933
6.078069
6.081245
6.084430
6.087627
6.090794
6.093999
6.097151
6.100261
6.103413
6.106604
6.109741
6.112940
6.116074
6.119205
6.122369
6.125470
6.128595
6.131726
6.134827
6.137949
6.141064
6.144126
6.147269
6.150391
6.153441
6.156578
6.159673
6.162693
6.165851
6.168910
6.171960
6.174971
6.178090
6.181139
6.184235
6.187282
6.190296
6.193318
6.196360
6.199386
6.202433
6.205489
6.208520
6.211532
6.214576
6.217569
6.220577
6.223657
6.226587
6.229595
6.232639
6.235581
6.238550
6.241546
6.244596
6.247535
6.250493
6.253452
6.256419
6.259403
6.262420
6.265311
6.268310
6.271246
6.274185
6.277157
6.280085
6.283009
0.002765
0.005693
0.008629
0.011550
0.014480
0.017467
0.020328
0.023285
0.026156
0.029074
0.032004
0.034943
0.037840
0.040710
0.043593
0.046511
0.049405
0.052251
0.055151
0.058040
0.060871
0.063789
0.066632
0.069494
0.072406
0.075258
0.078137
0.081010
0.083863
0.086763
0.089576
0.092467
0.095281
0.098151
0.100952
0.103801
0.106633
0.109467
0.112313
0.115159
0.117991
0.120810
0.123638
0.126422
0.129247
0.132063
0.134876
0.137684
0.140500
0.143292
0.146121
0.148919
0.151711
0.154525
0.157299
0.160073
0.162869
0.165664
0.168429
0.171207
0.173978
0.176764
0.179527
0.182301
0.185081
0.187799
0.190615
0.193333
0.196107
0.198854
0.201590
0.204316
0.207105
0.209826
0.212567
0.215321
0.218044
0.220800
0.223548
0.226268
0.229001
0.231679
0.234375
0.237102
0.239816
0.242492
0.245275
0.247945
0.250623
0.253350
0.256031
0.258715
0.261457
0.264111
0.266817
0.269513
0.272189
0.274834
0.277525
0.280170
0.282825
0.285533
0.288137
0.290845
0.293515
0.296163
0.298797
0.301511
0.304097
0.306718
0.309391
0.312042
0.314694
0.317342
0.319943
0.322570
0.325171
0.327799
0.330411
0.333051
0.335630
0.338291
0.340840
0.343486
0.346077
0.348702
0.351276
0.353867
0.356471
0.359065
0.361654
0.364249
0.366837
0.369411
0.371963
0.374537
0.377090
0.379696
0.382234
0.384763
0.387351
0.389916
0.392441
0.395009
0.397583
0.400108
0.402646
0.405223
0.407751
0.410256
0.412752
0.415289
0.417815
0.420308
0.422833
0.425386
0.427912
0.430425
0.432912
0.435414
0.437957
0.440420
0.442919
0.445406
0.447910
0.450370
0.452863
0.455392
0.457824
0.460269
0.462762
0.465213
0.467675
0.470183
0.472622
0.475109
0.477553
0.480028
0.482458
0.484894
0.487309
0.489735
0.492177
0.494598
0.497067
0.499505
0.501896
0.504284
0.506705
0.509168
0.511550
0.513961
0.516409
0.518773
0.521200
0.523561
0.525976
0.528390
0.530712
0.533100
0.535476
0.537867
0.540195
0.542586
0.544956
0.547343
0.549683
0.552026
0.554393
0.556730
0.559079
0.561434
0.563774
0.566150
0.568454
0.570812
0.573125
0.575426
0.577753
0.580054
0.582349
0.584662
0.586996
0.589336
0.591649
0.593950
0.596254
0.598549
0.600859
0.603076
0.605416
0.607684
0.609982
0.612274
0.614527
0.616819
0.619087
0.621322
0.623593
0.625858
0.628114
0.630385
0.632659
0.634927
0.637153
0.639424
0.641638
0.643885
0.646120
0.648314
0.650564
0.652823
0.655061
0.657248
0.659480
0.661688
0.663920
0.666176
0.668363
0.670550
0.672755
0.674961
0.677178
0.679368
0.681561
0.683754
0.685950
0.688116
0.690297
0.692481
0.694654
0.696838
0.699043
0.701227
0.703411
0.705607
0.707728
0.709874
0.712028
0.714137
0.716297
0.718481
0.720632
0.722769
0.724914
0.727053
0.729159
0.731304
0.733396
0.735490
0.737674
0.739801
0.741916
0.744062
0.746192
0.748283
0.750377
0.752498
0.754572
0.756660
0.758724
0.760839
0.762919
0.765019
0.767107
0.769195
0.771287
0.773354
0.775439
0.777501
0.779544
0.781650
0.783675
0.785737
0.787816
0.789865
0.791930
0.793967
0.796043
0.798068
0.800106
0.802128
0.804133
0.806158
0.808183
0.810223
0.812279
0.814340
0.816344
0.818370
0.820350
0.822334
0.824329
0.826315
0.828347
0.830351
0.832343
0.834348
0.836370
0.838327
0.840310
0.842290
0.844268
0.846251
0.848255
0.850215
0.852207
0.854212
0.856189
0.858118
0.860114
0.862061
0.863973
0.865917
0.867850
0.869797
0.871771
0.873716
0.875705
0.877605
0.879534
0.881470
0.883411
0.885284
0.887183
0.889101
0.891012
0.892939
0.894877
0.896753
0.898673
0.900582
0.902484
0.904396
0.906286
0.908219
0.910082
0.911967
0.913878
0.915721
0.917608
0.919478
0.921374
0.923244
0.925125
0.926986
0.928837
0.930683
0.932522
0.934365
0.936217
0.938089
0.939980
0.941852
0.943668
0.945555
0.947356
0.949238
0.951038
0.952845
0.954660
0.956512
0.958349
0.960164
0.961986
0.963816
0.965668
0.967534
0.969308
0.971115
0.972948
0.974725
0.976517
0.978317
0.980124
0.981948
0.983737
0.985526
0.987317
0.989097
0.990844
0.992626
0.994400
0.996183
0.997986
0.999757
1.001543
1.003328
1.005081
1.006831
1.008616
1.010354
1.012101
1.013874
1.015609
1.017377
1.019148
1.020900
1.022644
1.024367
1.026116
1.027809
1.029574
1.031246
1.033001
1.034757
1.036492
1.038205
1.039952
1.041618
1.043326
1.045036
1.046687
1.048380
1.050094
1.051801
1.053503
1.055223
1.056919
1.058606
1.060319
1.062000
1.063648
1.065350
1.066995
1.068681
1.070368
1.072016
1.073688
1.075351
1.076977
1.078634
1.080288
1.081915
1.083551
1.085202
1.086852
1.088500
1.090130
1.091730
1.093378
1.094984
1.096619
1.098198
1.099816
1.101434
1.103046
1.104667
1.106264
1.107876
1.109491
1.111099
1.112687
1.114302
1.115875
1.117418
1.119039
1.120588
1.122161
1.123749
1.125316
1.126895
1.128477
1.130028
1.131610
1.133171
1.134726
1.136269
1.137827
1.139349
1.140886
1.142423
1.143948
1.145500
1.147043
1.148559
1.150060
1.151618
1.153095
1.154593
1.156106
1.157634
1.159150
1.160621
1.162110
1.163617
1.165133
1.166604
1.168075
1.169582
1.171072
1.172570
1.174047
1.175512
1.177010
1.178508
1.179994
1.181441
1.182894
1.184344
1.185794
1.187256
1.188709
1.190180
1.191663
1.193095
1.194534
1.195960
1.197383
1.198800
1.200214
1.201649
1.203075
1.204504
1.205925
1.207306
1.208726
1.210140
1.211542
1.212965
1.214365
1.215776
1.217166
1.218538
1.219916
1.221327
1.222729
1.224141
1.225531
1.226885
1.228275
1.229659
1.231008
1.232371
1.233764
1.235154
1.236526
1.237866
1.239184
1.240499
1.241871
1.243214
1.244577
1.245940
1.247273
1.248615
1.249943
1.251258
1.252576
1.253891
1.255225
1.256576
1.257897
1.259189
1.260510
1.261846
1.263149
1.264444
1.265759
1.267032
1.268344
1.269669
1.270906
1.272212
1.273513
1.274786
1.276035
1.277339
1.278639
1.279927
1.281201
1.282462
1.283735
1.285012
1.286258
1.287522
1.288813
1.290081
1.291345
1.292585
1.293841
1.295093
1.296343
1.297541
1.298790
1.300049
1.301250
1.302493
1.303737
1.304920
1.306164
1.307368
1.308581
1.309762
1.310957
1.312180
1.313420
1.314640
1.315856
1.317036
1.318247
1.319430
1.320599
1.321764
1.322939
1.324095
1.325276
1.326435
1.327579
1.328712
1.329868
1.331037
1.332199
1.333278
1.334455
1.335642
1.336786
1.337901
1.339024
1.340172
1.341292
1.342431
1.343531
1.344654
1.345798
1.346868
1.347938
1.349043
1.350140
1.351209
1.352270
1.353352
1.354460
1.355533
1.356578
1.357669
1.358795
1.359883
1.360938
1.361980
1.363068
1.364143
1.365168
1.366181
1.367244
1.368302
1.369318
1.370318
1.371352
1.372383
1.373386
1.374384
1.375403
1.376463
1.377443
1.378393
1.379426
1.380475
1.381479
1.382425
1.383438
1.384475
1.385466
1.386419
1.387396
1.388423
1.389418
1.390347
1.391285
1.392273
1.393235
1.394179
1.395078
1.396012
1.396959
1.397885
1.398790
1.399704
1.400656
1.401570
1.402493
1.403425
1.404338
1.405279
1.406205
1.407152
1.408090
1.409030
1.409944
1.410849
1.411751
1.412620
1.413482
1.414348
1.415232
1.416089
1.416931
1.417806
1.418678
1.419534
1.420349
1.421212
1.422087
1.422938
1.423750
1.424583
1.425443
1.426306
1.427138
1.427950
1.428840
1.429715
1.430551
1.431390
1.432235
1.433095
1.433913
1.434691
1.435476
1.436282
1.437091
1.437867
1.438634
1.439407
1.440219
1.441013
1.441762
1.442523
1.443305
1.444084
1.444845
1.445600
1.446352
1.447152
1.447937
1.448686
1.449468
1.450265
1.451026
1.451775
1.452539
1.453318
1.454067
1.454798
1.455550
1.456305
1.457039
1.457734
1.458429
1.459151
1.459855
1.460559
1.461257
1.461956
1.462639
1.463337
1.464032
1.464724
1.465392
1.466051
1.466734
1.467432
1.468094
1.468730
1.469431
1.470123
1.470797
1.471471
1.472139
1.472837
1.473535
1.474221
1.474908
1.475612
1.476280
1.476936
1.477586
1.478248
1.478880
1.479480
1.480091
1.480711
1.481316
1.481915
1.482527
1.483138
1.483749
1.484366
1.484986
1.485568
1.486143
1.486757
1.487356
1.487922
1.488480
1.489061
1.489660
1.490226
1.490757
1.491323
1.491946
1.492533
1.493091
1.493651
1.494274
1.494876
1.495434
1.495985
1.496575
1.497165
1.497725
1.498277
1.498876
1.499466
1.500036
1.500593
1.501144
1.501689
1.502172
1.502636
1.503157
1.503712
1.504179
1.504625
1.505129
1.505680
1.506144
1.506570
1.507022
1.507541
1.508029
1.508433
1.508844
1.509326
1.509806
1.510231
1.510648
1.511127
1.511612
1.512044
1.512439
1.512897
1.513383
1.513793
1.514183
1.514626
1.515094
1.515522
1.515903
1.516316
1.516789
1.517236
1.517643
1.518072
1.518566
1.519030
1.519462
1.519914
1.520403
1.520849
1.521281
1.521736
1.522212
1.522638
1.523021
1.523420
1.523857
1.524268
1.524612
1.524960
1.525361
1.525754
1.526077
1.526386
1.526757
1.527126
1.527437
1.527734
1.528070
1.528405
1.528702
1.528980
1.529295
1.529621
1.529933
1.530212
1.530523
1.530841
1.531129
1.531389
1.531680
1.531982
1.532270
1.532522
1.532797
1.533100
1.533388
1.533651
1.533918
1.534185
1.534445
1.534697
1.534952
1.535212
1.535488
1.535739
1.536000
1.536270
1.536530
1.536761
1.537004
1.537256
1.537498
1.537714
1.537927
1.538163
1.538385
1.538616
1.538843
1.539080
1.539329
1.539595
1.539865
1.540126
1.540380
1.540668
1.540962
1.541261
1.541525
1.541803
1.542115
1.542424
1.542696
1.542972
1.543293
1.543619
1.543910
1.544188
1.544488
1.544794
1.545069
1.545333
1.545591
1.545863
1.546100
1.546307
1.546519
1.546741
1.546933
1.547080
1.547250
1.547436
1.547598
1.547709
1.547829
1.547966
1.548092
1.548173
1.548239
1.548317
1.548395
1.548440
1.548467
1.548503
1.548545
1.548569
1.548569
1.548578
1.548590
1.548590
1.548590
1.548590
1.548590
1.548590
1.548590
1.548590
1.548590
1.548590
1.548590
1.548554
1.548470
1.548386
1.548284
1.548173
1.548077
1.547963
1.547844
1.547718
1.547577
1.547418
1.547265
1.547104
1.546924
1.546723
1.546531
1.546345
1.546151
1.545950
1.545749
1.545543
1.545354
1.545153
1.544952
1.544740
1.544542
1.544353
1.544161
1.543973
1.543769
1.543568
1.543382
1.543212
1.543035
1.542858
1.542699
1.542541
1.542388
1.542244
1.542106
1.541965
1.541839
1.541738
1.541645
1.541549
1.541474
1.541402
1.541348
1.541300
1.541258
1.541225
1.541219
1.541216
1.541210
1.541207
1.541207
1.541207
1.541207
1.541207
1.541207
1.541207
1.541222
1.541306
1.541396
1.541489
1.541591
1.541696
1.541806
1.541923
1.542031
1.542145
1.542274
1.542397
1.542514
1.542624
1.542744
1.542858
1.542975
1.543086
1.543194
1.543296
1.543403
1.543514
1.543622
1.543733
1.543841
1.543943
1.544048
1.544158
1.544263
1.544341
1.544434
1.544518
1.544599
1.544662
1.544734
1.544806
1.544868
1.544934
1.544991
1.545036
1.545087
1.545135
1.545174
1.545192
1.545213
1.545246
1.545267
1.545282
1.545282
1.545282
1.545282
1.545282
1.545282
1.545282
1.545282
1.545282
1.545282
1.545282
1.545282
1.545282
1.545282
1.545282
1.545243
1.545198
1.545150
1.545090
1.545033
1.544988
1.544928
1.544853
1.544800
1.544752
1.544695
1.544629
1.544581
1.544545
1.544506
1.544470
1.544428
1.544389
1.544368
1.544338
1.544293
1.544254
1.544236
1.544209
1.544185
1.544152
1.544134
1.544110
1.544101
1.544092
1.544086
1.544072
1.544072
1.544072
1.544072
1.544072
1.544072
1.544062
1.544057
1.544057
1.544057
1.544057
1.544057
1.544057
1.544057
1.544057
1.544057
1.544057
1.544057
1.544057
1.544057
1.544057
1.544057
1.544057
1.544057
1.544057
1.544057
1.544057
1.544057
1.544057
1.544057
1.544057
1.544057
1.544057
1.544060
1.544080
1.544096
1.544104
1.544128
1.544146
1.544155
1.544155
1.544170
1.544173
1.544176
1.544185
1.544188
1.544188
1.544188
1.544188
1.544191
1.544191
1.544194
1.544200
1.544206
1.544206
1.544206
1.544206
1.544206
1.544206
1.544206
1.544206
1.544206
1.544206
1.544206
1.544206
1.544206
1.544206
1.544206
1.544206
1.544206
1.544206
1.544206
1.544206
1.544206
1.544206
1.544206
1.544206
1.544206
1.544206
1.544206
1.544206
1.544206
1.544206
1.544206
1.544206
1.544206
1.544206
1.544206
1.544206
1.544206
1.544206
1.544206
1.544206
1.544206
1.544206
1.544206
1.544206
1.544206
1.544206
1.544206
1.544206
1.544206
1.544206
1.544206
1.544206
1.544206
1.544206
1.544206
1.544206
1.544206
1.544206
1.544206
1.544206
1.544206
1.544206
1.544206
1.544206
1.544206
1.544206
1.544206
1.544206
1.544206
1.544206
1.544206
1.544206
1.544206
1.544206
1.544206
1.544206
1.544206
1.544206
1.544206
1.544206
1.544206
1.544206
1.544206
1.544206
1.544206
1.544206
1.544206
1.544206
1.544206
1.544206
1.544206
1.544206
1.544206
1.544206
1.544206
1.544206
1.544206
1.544206
1.544206
1.544206