0.549021
0.549021
0.549021
0.549021
0.549021
0.549021
0.549021
0.549021
0.549021
0.549021
0.549228
0.549510
0.549806
0.550172
0.550591
0.551104
0.551655
0.552299
0.553006
0.553791
0.554639
0.555559
0.556571
0.557677
0.558914
0.560209
0.561551
0.562998
0.564511
0.566150
0.567840
0.569616
0.571417
0.573346
0.575378
0.577427
0.579569
0.581798
0.584132
0.586547
0.589016
0.591565
0.594187
0.596937
0.599715
0.602594
0.605554
0.608625
0.611789
0.614962
0.618293
0.621616
0.624998
0.628492
0.632147
0.635838
0.639577
0.643415
0.647343
0.651319
0.655375
0.659585
0.663755
0.668088
0.672519
0.676947
0.681486
0.686145
0.690822
0.695597
0.700505
0.705556
0.710509
0.715680
0.720851
0.726148
0.731454
0.736883
0.742315
0.748061
0.753736
0.759419
0.765375
0.771206
0.777186
0.783298
0.789413
0.795806
0.802056
0.808501
0.815002
0.821668
0.828200
0.834986
0.841901
0.848729
0.855704
0.862870
0.870016
0.877239
0.884595
0.891977
0.899512
0.907110
0.914687
0.922444
0.930398
0.938194
0.946164
0.954148
0.962252
0.970291
0.978374
0.986461
0.994508
1.002654
1.010729
1.018869
1.027039
1.035344
1.043383
1.051595
1.059879
1.067896
1.076147
1.084294
1.092407
1.100721
1.108816
1.117020
1.125241
1.133390
1.141545
1.149874
1.157946
1.166170
1.174205
1.182418
1.190630
1.198950
1.207060
1.215239
1.223493
1.231673
1.239897
1.248040
1.256210
1.264333
1.272476
1.280700
1.288876
1.297107
1.305091
1.313432
1.321488
1.329689
1.337838
1.345984
1.354208
1.362319
1.370438
1.378548
1.386710
1.394916
1.402864
1.411107
1.419157
1.427237
1.435309
1.443419
1.451481
1.459553
1.467678
1.475705
1.483779
1.491892
1.499886
1.507912
1.515933
1.523992
1.531961
1.540006
1.547972
1.556002
1.564037
1.572016
1.579964
1.587976
1.596038
1.603894
1.612100
1.619935
1.627955
1.636068
1.644014
1.651968
1.659944
1.667976
1.675943
1.684089
1.692005
1.700025
1.707986
1.716009
1.724084
1.732056
1.740103
1.748169
1.756099
1.764066
1.772278
1.780218
1.788166
1.796160
1.804231
1.812222
1.820245
1.828137
1.836232
1.844276
1.852204
1.860248
1.868287
1.876289
1.884274
1.892318
1.900297
1.908233
1.916337
1.924160
1.932297
1.940246
1.948156
1.956038
1.964190
1.971983
1.980121
1.988036
1.996018
2.003858
2.011992
2.019890
2.027842
2.035766
2.043718
2.051684
2.059522
2.067518
2.075443
2.083380
2.091142
2.099238
2.107036
2.115015
2.122757
2.130687
2.138585
2.146456
2.154302
2.162107
2.170020
2.177890
2.185626
2.193589
2.201304
2.209238
2.216824
2.224665
2.232556
2.240280
2.248079
2.255812
2.263580
2.271427
2.279151
2.286929
2.294677
2.302325
2.310070
2.317854
2.325581
2.333206
2.340897
2.348605
2.356383
2.364056
2.371705
2.379381
2.387087
2.394886
2.402439
2.410126
2.417796
2.425448
2.433154
2.440812
2.448455
2.456110
2.463789
2.471348
2.479120
2.486748
2.494417
2.502084
2.509680
2.517337
2.525007
2.532659
2.540266
2.547975
2.555612
2.563213
2.570901
2.578460
2.586100
2.593767
2.601323
2.608879
2.616660
2.624261
2.631802
2.639487
2.647058
2.654614
2.662305
2.669899
2.677384
2.685081
2.692691
2.700208
2.707821
2.715371
2.722936
2.730531
2.738051
2.745652
2.753229
2.760743
2.768332
2.775951
2.783456
2.790985
2.798550
2.806055
2.813665
2.821128
2.828592
2.836118
2.843686
2.851098
2.858504
2.866132
2.873443
2.881017
2.888453
2.895931
2.903508
2.910959
2.918329
2.925763
2.933214
2.940668
2.948045
2.955466
2.962890
2.970257
2.977804
2.984971
2.992470
2.999855
3.007262
3.014617
3.021975
3.029178
3.036680
3.043972
3.051324
3.058569
3.066062
3.073250
3.080599
3.087882
3.095109
3.102392
3.109709
3.116956
3.124228
3.131562
3.138767
3.146036
3.153313
3.160561
3.167754
3.175017
3.182198
3.189506
3.196687
3.203920
3.211140
3.218388
3.225650
3.232823
3.240127
3.247228
3.254499
3.261755
3.268850
3.276092
3.283342
3.290524
3.297735
3.304962
3.312140
3.319349
3.326548
3.333703
3.340875
3.348036
3.355379
3.362381
3.369554
3.376819
3.383995
3.391143
3.398331
3.405470
3.412706
3.419806
3.426892
3.434137
3.441288
3.448443
3.455555
3.462716
3.469706
3.476923
3.484021
3.491167
3.498282
3.505329
3.512372
3.519521
3.526616
3.533708
3.540937
3.547948
3.554982
3.562107
3.569157
3.576227
3.583196
3.590147
3.597266
3.604327
3.611341
3.618406
3.625432
3.632463
3.639387
3.646434
3.653469
3.660420
3.667430
3.674363
3.681332
3.688358
3.695309
3.702191
3.709121
3.716084
3.723049
3.729925
3.736873
3.743863
3.750736
3.757639
3.764545
3.771373
3.778275
3.785197
3.792001
3.798909
3.805609
3.812572
3.819259
3.826210
3.832960
3.839823
3.846628
3.853530
3.860263
3.867049
3.873898
3.880693
3.887428
3.894223
3.900946
3.907657
3.914518
3.921250
3.928000
3.934754
3.941483
3.948242
3.954935
3.961661
3.968507
3.975212
3.981966
3.988695
3.995445
4.002141
4.008867
4.015599
4.022280
4.029030
4.035738
4.042453
4.049170
4.055899
4.062574
4.069271
4.076047
4.082642
4.089404
4.096151
4.102764
4.109478
4.116230
4.122900
4.129620
4.136277
4.142884
4.149610
4.156279
4.162912
4.169539
4.176392
4.182890
4.189679
4.196301
4.203012
4.209588
4.216260
4.222986
4.229667
4.236202
4.242790
4.249475
4.256221
4.262831
4.269467
4.276055
4.282698
4.289358
4.295994
4.302607
4.309227
4.315855
4.322482
4.329052
4.335674
4.342289
4.348854
4.355496
4.362036
4.368637
4.375183
4.381771
4.388425
4.394966
4.401467
4.408047
4.414605
4.421134
4.427707
4.434238
4.440833
4.447445
4.453868
4.460346
4.466880
4.473342
4.479841
4.486492
4.492832
4.499378
4.505796
4.512390
4.518790
4.525264
4.531700
4.538153
4.544610
4.551022
4.557520
4.563892
4.570352
4.576731
4.583154
4.589581
4.595947
4.602371
4.608869
4.615110
4.621626
4.627942
4.634327
4.640744
4.647069
4.653445
4.659793
4.666085
4.672404
4.678839
4.685149
4.691471
4.697843
4.704120
4.710423
4.716877
4.723100
4.729440
4.735713
4.742119
4.748285
4.754702
4.760982
4.767271
4.773598
4.779809
4.786227
4.792444
4.798816
4.805000
4.811334
4.817637
4.823857
4.830257
4.836489
4.842798
4.849072
4.855250
4.861580
4.867917
4.874113
4.880423
4.886663
4.892928
4.899178
4.905413
4.911663
4.917939
4.924186
4.930340
4.936632
4.942846
4.949101
4.955297
4.961574
4.967788
4.973975
4.980293
4.986456
4.992676
4.998884
5.005053
5.011302
5.017522
5.023685
5.029848
5.036104
5.042318
5.048462
5.054640
5.060797
5.067101
5.073186
5.079358
5.085518
5.091687
5.097784
5.103931
5.110076
5.116189
5.122301
5.128436
5.134578
5.140660
5.146787
5.152854
5.158978
5.165045
5.171136
5.177287
5.183309
5.189418
5.195500
5.201516
5.207598
5.213653
5.219693
5.225709
5.231734
5.237744
5.243791
5.249741
5.255781
5.261731
5.267783
5.273796
5.279692
5.285676
5.291712
5.297630
5.303589
5.309497
5.315474
5.321404
5.327423
5.333187
5.339188
5.345048
5.350875
5.356808
5.362671
5.368531
5.374427
5.380252
5.386103
5.391936
5.397755
5.403603
5.409326
5.415255
5.420983
5.426807
5.432617
5.438429
5.444173
5.449946
5.455735
5.461502
5.467233
5.473007
5.478726
5.484518
5.490141
5.495947
5.501619
5.507374
5.512977
5.518802
5.524443
5.530127
5.535864
5.541488
5.547192
5.552969
5.558706
5.564281
5.569986
5.575637
5.581263
5.586953
5.592636
5.598254
5.603913
5.609552
5.615197
5.620856
5.626558
5.632041
5.637700
5.643435
5.648989
5.654610
5.660203
5.665812
5.671451
5.677011
5.682635
5.688199
5.693759
5.699350
5.704863
5.710354
5.715909
5.721611
5.727051
5.732711
5.738191
5.743742
5.749258
5.754861
5.760439
5.765862
5.771423
5.777020
5.782515
5.788027
5.793498
5.799028
5.804484
5.809973
5.815543
5.820981
5.826439
5.832018
5.837426
5.842915
5.848368
5.853811
5.859249
5.864681
5.870140
5.875608
5.881010
5.886454
5.892014
5.897347
5.902818
5.908190
5.913571
5.919111
5.924426
5.929845
5.935304
5.940691
5.946012
5.951480
5.956855
5.962152
5.967533
5.972887
5.978274
5.983598
5.988928
5.994290
5.999722
6.004962
6.010295
6.015653
6.020961
6.026258
6.031600
6.036817
6.042189
6.047447
6.052693
6.057960
6.063245
6.068434
6.073701
6.078992
6.084223
6.089458
6.094754
6.099884
6.105198
6.110364
6.115574
6.120763
6.125994
6.131276
6.136312
6.141544
6.146652
6.151817
6.157003
6.162154
6.167310
6.172472
6.177604
6.182757
6.187953
6.193079
6.198223
6.203343
6.208467
6.213551
6.218695
6.223785
6.228891
6.234053
6.238990
6.244201
6.249225
6.254241
6.259436
6.264433
6.269481
6.274638
6.279695
0.001531
0.006585
0.011643
0.016667
0.021742
0.026791
0.031785
0.036863
0.041819
0.046843
0.051859
0.056901
0.061973
0.067031
0.071962
0.077041
0.082023
0.086967
0.091973
0.097042
0.102034
0.106968
0.111969
0.117047
0.121978
0.127000
0.131967
0.136953
0.141938
0.146900
0.151885
0.156841
0.161868
0.166823
0.171815
0.176794
0.181771
0.186735
0.191658
0.196637
0.201623
0.206548
0.211492
0.216450
0.221415
0.226346
0.231281
0.236209
0.241150
0.246117
0.251028
0.255977
0.260906
0.265792
0.270796
0.275673
0.280593
0.285494
0.290426
0.295315
0.300259
0.305199
0.310071
0.314957
0.319877
0.324760
0.329590
0.334591
0.339423
0.344268
0.349151
0.354062
0.358952
0.363853
0.368677
0.373518
0.378471
0.383262
0.388115
0.393008
0.397831
0.402637
0.407515
0.412323
0.417150
0.422004
0.426845
0.431603
0.436462
0.441259
0.446071
0.450903
0.455637
0.460488
0.465350
0.470126
0.474893
0.479708
0.484501
0.489334
0.494056
0.498852
0.503646
0.508392
0.513135
0.517910
0.522683
0.527402
0.532145
0.536914
0.541579
0.546346
0.551104
0.555855
0.560544
0.565317
0.570021
0.574736
0.579458
0.584156
0.588821
0.593576
0.598214
0.602866
0.607606
0.612283
0.616879
0.621616
0.626239
0.630921
0.635583
0.640275
0.644910
0.649569
0.654198
0.658869
0.663519
0.668162
0.672728
0.677360
0.682019
0.686627
0.691232
0.695828
0.700397
0.704990
0.709652
0.714209
0.718874
0.723359
0.727964
0.732557
0.737129
0.741713
0.746273
0.750848
0.755390
0.760001
0.764480
0.769046
0.773624
0.778133
0.782666
0.787277
0.791777
0.796313
0.800891
0.805409
0.809909
0.814460
0.818957
0.823505
0.828002
0.832493
0.837068
0.841574
0.846041
0.850556
0.855107
0.859599
0.864117
0.868641
0.873111
0.877614
0.882126
0.886608
0.891114
0.895578
0.900027
0.904518
0.909063
0.913534
0.917980
0.922507
0.926977
0.931453
0.935962
0.940396
0.944854
0.949345
0.953800
0.958268
0.962702
0.967178
0.971636
0.976091
0.980510
0.984962
0.989472
0.993843
0.998346
1.002783
1.007193
1.011609
1.016077
1.020511
1.024990
1.029424
1.033822
1.038277
1.042732
1.047116
1.051463
1.055966
1.060304
1.064771
1.069227
1.073604
1.078023
1.082409
1.086834
1.091230
1.095625
1.099990
1.104454
1.108870
1.113221
1.117601
1.121960
1.126454
1.130802
1.135182
1.139502
1.143888
1.148254
1.152637
1.156999
1.161415
1.165783
1.170158
1.174496
1.178894
1.183170
1.187643
1.191912
1.196259
1.200613
1.204936
1.209277
1.213616
1.217963
1.222274
1.226657
1.230891
1.235286
1.239567
1.243933
1.248220
1.252525
1.256852
1.261184
1.265462
1.269717
1.274013
1.278339
1.282621
1.286899
1.291225
1.295456
1.299752
1.304060
1.308315
1.312569
1.316905
1.321129
1.325344
1.329692
1.333883
1.338111
1.342377
1.346581
1.350853
1.355104
1.359308
1.363535
1.367817
1.372041
1.376197
1.380484
1.384630
1.388942
1.393112
1.397280
1.401456
1.405681
1.409866
1.414124
1.418303
1.422465
1.426641
1.430848
1.434991
1.439147
1.443377
1.447554
1.451691
1.455910
1.460056
1.464275
1.468385
1.472496
1.476636
1.480795
1.484932
1.489058
1.493210
1.497291
1.501432
1.505632
1.509662
1.513811
1.517958
1.522077
1.526170
1.530314
1.534400
1.538496
1.542675
1.546693
1.550798
1.554827
1.558989
1.563066
1.567090
1.571222
1.575272
1.579335
1.583401
1.587481
1.591532
1.595613
1.599738
1.603735
1.607813
1.611860
1.615920
1.619998
1.624039
1.628036
1.632123
1.636218
1.640191
1.644284
1.648310
1.652412
1.656379
1.660387
1.664459
1.668465
1.672572
1.676530
1.680560
1.684623
1.688613
1.692643
1.696679
1.700717
1.704711
1.708723
1.712755
1.716764
1.720767
1.724743
1.728742
1.732886
1.736742
1.740870
1.744792
1.748801
1.752744
1.756783
1.760752
1.764779
1.768794
1.772683
1.776697
1.780769
1.784703
1.788666
1.792666
1.796633
1.800606
1.804540
1.808494
1.812527
1.816482
1.820410
1.824409
1.828346
1.832298
1.836241
1.840184
1.844133
1.848162
1.852057
1.856045
1.859943
1.863904
1.867888
1.871744
1.875741
1.879654
1.883552
1.887515
1.891401
1.895320
1.899263
1.903200
1.907092
1.910951
1.914929
1.918812
1.922725
1.926593
1.930515
1.934416
1.938320
1.942160
1.946082
1.949917
1.953803
1.957713
1.961554
1.965437
1.969386
1.973155
1.977011
1.980941
1.984731
1.988566
1.992491
1.996296
2.000176
2.003978
2.007888
2.011615
2.015525
2.019345
2.023120
2.026967
2.030781
2.034634
2.038454
2.042217
2.046103
2.049893
2.053689
2.057455
2.061287
2.065035
2.068849
2.072621
2.076399
2.080216
2.084018
2.087781
2.091547
2.095310
2.099058
2.102800
2.106611
2.110353
2.114029
2.117852
2.121519
2.125333
2.129078
2.132776
2.136491
2.140266
2.143960
2.147705
2.151411
2.155123
2.158796
2.162503
2.166203
2.169915
2.173588
2.177312
2.180919
2.184706
2.188304
2.191996
2.195708
2.199330
2.203036
2.206679
2.210293
2.213921
2.217600
2.221225
2.224862
2.228491
2.232134
2.235774
2.239429
2.243006
2.246626
2.250194
2.253825
2.257447
2.261070
2.264620
2.268185
2.271837
2.275400
2.278968
2.282557
2.286123
2.289715
2.293301
2.296837
2.300438
2.304009
2.307548
2.311053
2.314693
2.318181
2.321728
2.325308
2.328796
2.332364
2.335890
2.339393
2.342913
2.346481
2.349975
2.353468
2.357013
2.360530
2.364035
2.367535
2.371022
2.374536
2.378081
2.381574
2.384993
2.388597
2.392015
2.395527
2.399014
2.402498
2.405986
2.409461
2.412931
2.416400
2.419873
2.423318
2.426805
2.430284
2.433733
2.437196
2.440680
2.444123
2.447577
2.451044
2.454453
2.457905
2.461356
2.464808
2.468241
2.471707
2.475069
2.478562
2.481978
2.485399
2.488788
2.492242
2.495646
2.499074
2.502501
2.505883
2.509329
2.512748
2.516151
2.519552
2.522967
2.526335
2.529714
2.533121
2.536503
2.539901
2.543367
2.546639
2.550069
2.553464
2.556792
2.560178
2.563549
2.566925
2.570245
2.573615
2.576971
2.580341
2.583697
2.587044
2.590411
2.593725
2.597075
2.600397
2.603741
2.607051
2.610377
2.613733
2.617025
2.620396
2.623679
2.627002
2.630319
2.633653
2.636958
2.640269
2.643585
2.646866
2.650167
2.653457
2.656798
2.660016
2.663329
2.666634
2.669894
2.673165
2.676455
2.679724
2.683007
2.686276
2.689488
2.692822
2.696037
2.699354
2.702578
2.705801
2.709124
2.712324
2.715565
2.718792
2.722073
2.725231
2.728505
2.731744
2.734968
2.738165
2.741424
2.744660
2.747842
2.751129
2.754308
2.757453
2.760674
2.763865
2.767146
2.770312
2.773494
2.776703
2.779900
2.783055
2.786257
2.789430
2.792576
2.795812
2.798961
2.802140
2.805303
2.808491
2.811640
2.814849
2.817998
2.821105
2.824250
2.827378
2.830542
2.833706
2.836825
2.839968
2.843114
2.846241
2.849336
2.852509
2.855601
2.858702
2.861848
2.864934
2.868044
2.871166
2.874296
2.877406
2.880504
2.883584
2.886658
2.889774
2.892806
2.895898
2.899029
2.902094
2.905162
2.908251
2.911343
2.914333
2.917437
2.920460
2.923537
2.926605
2.929625
2.932684
2.935722
2.938751
2.941780
2.944833
2.947847
2.950906
2.953911
2.956913
2.959933
2.962962
2.965952
2.968978
2.971992
2.975006
2.978008
2.981046
2.983988
2.986963
2.989944
2.992913
2.995903
2.998914
3.001863
3.004841
3.007822
3.010776
3.013730
3.016732
3.019665
3.022610
3.025576
3.028510
3.031437
3.034373
3.037288
3.040242
3.043196
3.046099
3.049026
3.051933
3.054860
3.057772
3.060699
3.063614
3.066497
3.069430
3.072318
3.075176
3.078079
3.080988
3.083907
3.086756
3.089620
3.092490
3.095405
3.098249
3.101086
3.103980
3.106841
3.109715
3.112537
3.115428
3.118229
3.121097
3.123922
3.126798
3.129623
3.132452
3.135262
3.138102
3.140930
3.143738
3.146539
3.149340
3.152169
3.154997
3.157798
3.160635
3.163464
3.166226
3.169028
3.171823
3.174594
3.177372
3.180170
3.182944
3.185728
3.188490
3.191288
3.194087
3.196873
3.199629
3.202386
3.205169
3.207910
3.210688
3.213405
3.216135
3.218894
3.221659
3.224401
3.227142
3.229908
3.232589
3.235309
3.238069
3.240813
3.243546
3.246290
3.248986
3.251701
3.254424
3.257121
3.259832
3.262549
3.265294
3.267966
3.270675
3.273347
3.276068
3.278785
3.281451
3.284142
3.286799
3.289502
3.292153
3.294832
3.297504
3.300201
3.302846
3.305498
3.308170
3.310831
3.313468
3.316155
3.318774
3.321434
3.324025
3.326677
3.329304
3.331920
3.334581
3.337184
3.339752
3.342361
3.344971
3.347551
3.350154
3.352734
3.355337
3.357962
3.360569
3.363118
3.365713
3.368298
3.370884
3.373440
3.376013
3.378575
3.381136
3.383680
3.386206
3.388752
3.391284
3.393807
3.396332
3.398849
3.401378
3.403936
3.406495
3.409000
3.411507
3.414027
3.416499
3.419000
3.421490
3.424013
3.426503
3.428986
3.431464
3.433927
3.436402
3.438855
3.441327
3.443823
3.446271
3.448730
3.451154
3.453611
3.456110
3.458539
3.460993
3.463447
3.465877
3.468295
3.470697
3.473076
3.475485
3.477942
3.480375
3.482742
3.485177
3.487580
3.489995
3.492341
3.494708
3.497111
3.499576
3.501913
3.504289
3.506656
3.509014
3.511366
3.513727
3.516082
3.518452
3.520771
3.523093
3.525388
3.527742
3.530076
3.532419
3.534753
3.537084
3.539373
3.541710
3.543966
3.546234
3.548538
3.550815
3.553098
3.555399
3.557673
3.559917
3.562182
3.564423
3.566676
3.568941
3.571185
3.573423
3.575679
3.577920
3.580146
3.582355
3.584518
3.586792
3.588946
3.591145
3.593344
3.595540
3.597739
3.599923
3.602083
3.604250
3.606431
3.608579
3.610784
3.612905
3.615062
3.617193
3.619323
3.621462
3.623559
3.625684
3.627760
3.629854
3.631951
3.634058
3.636158
3.638243
3.640370
3.642425
3.644487
3.646560
3.648609
3.650650
3.652711
3.654748
3.656747
3.658823
3.660839
3.662855
3.664890
3.666903
3.668920
3.670924
3.672883
3.674855
3.676844
3.678845
3.680850
3.682860
3.684853
3.686788
3.688741
3.690716
3.692594
3.694530
3.696438
3.698395
3.700315
3.702266
3.704174
3.706086
3.707991
3.709908
3.711775
3.713645
3.715586
3.717426
3.719304
3.721189
3.723076
3.724961
3.726848
3.728709
3.730548
3.732412
3.734228
3.736076
3.737928
3.739737
3.741550
3.743377
3.745208
3.747018
3.748836
3.750631
3.752414
3.754205
3.755970
3.757756
3.759532
3.761291
3.763080
3.764829
3.766594
3.768362
3.770168
3.771900
3.773680
3.775420
3.777152
3.778887
3.780637
3.782341
3.784061
3.785769
3.787479
3.789220
3.790982
3.792711
3.794379
3.796087
3.797783
3.799470
3.801183
3.802840
3.804539
3.806196
3.807886
3.809536
3.811226
3.812883
3.814552
3.816236
3.817863
3.819498
3.821170
3.822833
3.824505
3.826183
3.827785
3.829391
3.831027
3.832657
3.834266
3.835914
3.837514
3.839125
3.840725
3.842322
3.843934
3.845546
3.847140
3.848728
3.850301
3.851862
3.853435
3.855011
3.856598
3.858186
3.859813
3.861380
3.862932
3.864511
3.866045
3.867579
3.869131
3.870671
3.872196
3.873700
3.875216
3.876747
3.878296
3.879857
3.881406
3.882925
3.884402
3.885912
3.887410
3.888917
3.890397
3.891883
3.893369
3.894825
3.896284
3.897740
3.899220
3.900703
3.902189
3.903643
3.905114
3.906537
3.907960
3.909401
3.910839
3.912271
3.913718
3.915123
3.916514
3.917922
3.919300
3.920705
3.922140
3.923554
3.924944
3.926347
3.927740
3.929136
3.930532
3.931934
3.933297
3.934667
3.936018
3.937375
3.938699
3.940027
3.941393
3.942735
3.944119
3.945456
3.946804
3.948113
3.949452
3.950788
3.952116
3.953419
3.954749
3.956059
3.957329
3.958647
3.959884
3.961143
3.962416
3.963677
3.964939
3.966218
3.967483
3.968771
3.970056
3.971335
3.972597
3.973855
3.975080
3.976309
3.977531
3.978751
3.979952
3.981184
3.982358
3.983589
3.984770
3.985965
3.987194
3.988422
3.989623
3.990831
3.992053
3.993237
3.994426
3.995583
3.996775
3.997928
3.999115
4.000253
4.001383
4.002545
4.003672
4.004805
4.005961
4.007120
4.008238
4.009388
4.010500
4.011626
4.012738
4.013828
4.014946
4.016039
4.017121
4.018218
4.019320
4.020411
4.021534
4.022643
4.023713
4.024788
4.025861
4.026894
4.027919
4.028934
4.029962
4.030972
4.031988
4.033027
4.034094
4.035142
4.036158
4.037171
4.038208
4.039217
4.040227
4.041236
4.042258
4.043307
4.044304
4.045266
4.046237
4.047204
4.048124
4.049041
4.049964
4.050878
4.051809
4.052774
4.053739
4.054689
4.055647
4.056576
4.057511
4.058419
4.059299
4.060195
4.061148
4.062104
4.063030
4.064001
4.064926
4.065840
4.066721
4.067569
4.068414
4.069259
4.070076
4.070910
4.071745
4.072578
4.073405
4.074253
4.075110
4.075952
4.076749
4.077528
4.078331
4.079131
4.079937
4.080739
4.081605
4.082450
4.083280
4.084101
4.084928
4.085752
4.086564
4.087358
4.088089
4.088835
4.089572
4.090300
4.091013
4.091714
4.092424
4.093122
4.093808
4.094506
4.095222
4.095951
4.096663
4.097385
4.098086
4.098782
4.099456
4.100118
4.100816
4.101532
4.102212
4.102871
4.103558
4.104252
4.104950
4.105631
4.106308
4.106988
4.107665
4.108315
4.108944
4.109594
4.110241
4.110862
4.111458
4.112042
4.112627
4.113196
4.113759
4.114316
4.114897
4.115467
4.116033
4.116590
4.117171
4.117764
4.118343
4.118900
4.119470
4.120033
4.120587
4.121129
4.121660
4.122184
4.122717
4.123250
4.123766
4.124272
4.124787
4.125318
4.125830
4.126339
4.126882
4.127433
4.127969
4.128506
4.129033
4.129569
4.130111
4.130636
4.131154
4.131645
4.132134
4.132583
4.133033
4.133488
4.133923
4.134342
4.134773
4.135223
4.135645
4.136062
4.136478
4.136879
4.137275
4.137661
4.138036
4.138416
4.138812
4.139211
4.139588
4.139966
4.140337
4.140720
4.141074
4.141430
4.141763
4.142090
4.142431
4.142779
4.143111
4.143450
4.143779
4.144094
4.144391
4.144678
4.144945
4.145217
4.145490
4.145757
4.146023
4.146296
4.146575
4.146851
4.147126
4.147396
4.147650
4.147893
4.148163
4.148459
4.148753
4.149044
4.149358
4.149688
4.150011
4.150323
4.150652
4.150982
4.151306
4.151593
4.151851
4.152133
4.152435
4.152714
4.152989
4.153289
4.153583
4.153840
4.154074
4.154325
4.154586
4.154844
4.155066
4.155257
4.155461
4.155647
4.155791
4.155922
4.156081
4.156240
4.156363
4.156468
4.156588
4.156707
4.156815
4.156905
4.156986
4.157061
4.157130
4.157187
4.157223
4.157250
4.157279
4.157298
4.157319
4.157325
4.157325
4.157325
4.157325
4.157325
4.157328
4.157328
4.157328
4.157328
4.157328
4.157328
4.157328
4.157328
4.157328
4.157283
4.157211
4.157133
4.157061
4.156974
4.156893
4.156803
4.156707
4.156602
4.156504
4.156396
4.156267
4.156135
4.155997
4.155848
4.155686
4.155518
4.155338
4.155159
4.154984
4.154808
4.154628
4.154445
4.154274
4.154104
4.153924
4.153744
4.153564
4.153385
4.153214
4.153046
4.152873
4.152702
4.152540
4.152375
4.152216
4.152058
4.151896
4.151746
4.151614
4.151509
4.151395
4.151285
4.151198
4.151114
4.151030
4.150955
4.150886
4.150823
4.150772
4.150718
4.150664
4.150625
4.150608
4.150596
4.150589
4.150589
4.150589
4.150589
4.150589
4.150589
4.150589
4.150589
4.150589
4.150589
4.150589
4.150589
4.150589
4.150589
4.150629
4.150703
4.150763
4.150832
4.150916
4.151006
4.151090
4.151165
4.151243
4.151311
4.151392
4.151482
4.151548
4.151620
4.151701
4.151776
4.151845
4.151920
4.151979
4.152034
4.152096
4.152165
4.152216
4.152267
4.152321
4.152372
4.152420
4.152462
4.152501
4.152525
4.152567
4.152609
4.152639
4.152663
4.152693
4.152719
4.152740
4.152765
4.152782
4.152801
4.152822
4.152833
4.152840
4.152840
4.152852
4.152852
4.152852
4.152852
4.152852
4.152852
4.152852
4.152852
4.152852
4.152852
4.152852
4.152852
4.152852
4.152852
4.152852
4.152852
4.152852
4.152852
4.152852
4.152852
4.152852
4.152852
4.152852
4.152852
4.152852
4.152852
4.152852
4.152852
4.152852
4.152852
4.152852
4.152852
4.152852
4.152852
4.152852
4.152852
4.152852
4.152852
4.152852
4.152852
4.152852
4.152852
4.152852
4.152852
4.152852
4.152852
4.152852
4.152852
4.152852
4.152852
4.152852
4.152852
4.152852
4.152852
4.152852
4.152852
4.152852
4.152852
4.152852
4.152852
4.152852
4.152852
4.152852
4.152852
4.152852
4.152852
4.152852
4.152852
4.152852
4.152852
4.152852
4.152852
4.152852
4.152852
4.152852
4.152852
4.152852
4.152852
4.152852
4.152852
4.152852
4.152852
4.152852
4.152852
4.152852
4.152852
4.152852
4.152852
4.152852
4.152852
4.152852
4.152852
4.152852
4.152852
4.152852
4.152852
4.152852
4.152852
4.152852
4.152852