5.639920
5.639920
5.639920
5.639920
5.639920
5.639920
5.639920
5.639920
5.639920
5.639920
5.639920
5.639932
5.640163
5.640439
5.640762
5.641160
5.641652
5.642212
5.642859
5.643575
5.644345
5.645187
5.646128
5.647185
5.648312
5.649531
5.650799
5.652180
5.653594
5.655071
5.656620
5.658271
5.659982
5.661785
5.663673
5.665632
5.667657
5.669797
5.672002
5.674318
5.676679
5.679126
5.681637
5.684274
5.686955
5.689717
5.692624
5.695482
5.698544
5.701624
5.704809
5.708059
5.711391
5.714812
5.718348
5.721946
5.725637
5.729433
5.733235
5.737151
5.741133
5.745253
5.749378
5.753635
5.757902
5.762276
5.766677
5.771300
5.776046
5.780699
5.785520
5.790394
5.795359
5.800419
5.805572
5.810740
5.816028
5.821550
5.826895
5.832551
5.838082
5.843822
5.849632
5.855474
5.861469
5.867567
5.873678
5.879889
5.886226
5.892664
5.899091
5.905694
5.912277
5.919021
5.925825
5.932671
5.939651
5.946731
5.953817
5.961040
5.968324
5.975706
5.982998
5.990684
5.998186
6.005877
6.013582
6.021441
6.029258
6.037071
6.044972
6.052819
6.060731
6.068506
6.076413
6.084343
6.092178
6.100000
6.107961
6.115952
6.123831
6.131627
6.139441
6.147206
6.155197
6.162864
6.170716
6.178635
6.186467
6.194307
6.202238
6.209944
6.217793
6.225646
6.233457
6.241327
6.249069
6.256874
6.264625
6.272450
6.280273
0.004776
0.012547
0.020304
0.028100
0.035923
0.043566
0.051328
0.059208
0.066794
0.074569
0.082341
0.089987
0.097914
0.105599
0.113362
0.121044
0.128818
0.136539
0.144269
0.152041
0.159747
0.167509
0.175269
0.183005
0.190705
0.198492
0.206225
0.213882
0.221663
0.229297
0.237042
0.244778
0.252430
0.260127
0.267892
0.275511
0.283259
0.290923
0.298578
0.306326
0.313900
0.321702
0.329315
0.336942
0.344588
0.352255
0.360018
0.367472
0.375316
0.382815
0.390575
0.398077
0.405930
0.413399
0.421090
0.428688
0.436268
0.443920
0.451560
0.459137
0.466747
0.474333
0.481940
0.489496
0.497142
0.504620
0.512209
0.519822
0.527357
0.534910
0.542487
0.550055
0.557530
0.565032
0.572693
0.580093
0.587640
0.595059
0.602630
0.610192
0.617586
0.625073
0.632689
0.640080
0.647499
0.655043
0.662431
0.669972
0.677336
0.684737
0.692221
0.699636
0.706991
0.714416
0.721900
0.729234
0.736697
0.744089
0.751420
0.758865
0.766232
0.773582
0.780970
0.788328
0.795723
0.803147
0.810466
0.817714
0.825117
0.832442
0.839756
0.847117
0.854604
0.861804
0.869270
0.876529
0.883914
0.891216
0.898700
0.905992
0.913312
0.920613
0.927927
0.935213
0.942769
0.950040
0.957366
0.964631
0.972008
0.979324
0.986697
0.993996
1.001225
1.008601
1.015954
1.023291
1.030586
1.037900
1.045327
1.052628
1.059984
1.067138
1.074491
1.081846
1.089105
1.096452
1.103822
1.111001
1.118416
1.125678
1.132974
1.140329
1.147546
1.154812
1.162149
1.169460
1.176647
1.184053
1.191202
1.198482
1.205826
1.213043
1.220339
1.227706
1.234792
1.242201
1.249418
1.256786
1.263949
1.271119
1.278420
1.285689
1.292864
1.300076
1.307353
1.314595
1.321821
1.329101
1.336286
1.343474
1.350742
1.357924
1.365132
1.372356
1.379489
1.386665
1.393876
1.401079
1.408248
1.415451
1.422632
1.429676
1.436936
1.444018
1.451140
1.458300
1.465425
1.472616
1.479743
1.486838
1.493962
1.501021
1.508275
1.515321
1.522491
1.529547
1.536722
1.543823
1.550933
1.557985
1.565017
1.572127
1.579269
1.586256
1.593315
1.600544
1.607519
1.614635
1.621720
1.628776
1.635961
1.642932
1.650018
1.657134
1.664240
1.671305
1.678340
1.685485
1.692640
1.699672
1.706640
1.713813
1.721028
1.727999
1.735103
1.742141
1.749235
1.756438
1.763557
1.770492
1.777632
1.784649
1.791720
1.798796
1.805885
1.813030
1.820095
1.827130
1.834207
1.841244
1.848351
1.855419
1.862582
1.869557
1.876562
1.883713
1.890739
1.897768
1.904887
1.911876
1.918929
1.926030
1.933061
1.940099
1.947155
1.954217
1.961161
1.968349
1.975258
1.982236
1.989333
1.996473
2.003430
2.010441
2.017502
2.024354
2.031554
2.038478
2.045378
2.052457
2.059489
2.066368
2.073487
2.080342
2.087433
2.094309
2.101353
2.108223
2.115318
2.122196
2.129055
2.136011
2.142953
2.149841
2.156795
2.163704
2.170583
2.177474
2.184407
2.191208
2.198174
2.204989
2.211898
2.218747
2.225566
2.232481
2.239318
2.246173
2.252920
2.259883
2.266606
2.273438
2.280277
2.287051
2.293853
2.300681
2.307455
2.314310
2.321084
2.327819
2.334569
2.341388
2.348069
2.354882
2.361656
2.368469
2.375255
2.381934
2.388612
2.395413
2.402178
2.408904
2.415666
2.422395
2.429056
2.435854
2.442637
2.449291
2.456056
2.462800
2.469496
2.476142
2.482940
2.489624
2.496281
2.502971
2.509718
2.516444
2.523210
2.529858
2.536524
2.543247
2.549848
2.556655
2.563336
2.569981
2.576662
2.583374
2.589971
2.596769
2.603426
2.610062
2.616755
2.623485
2.630112
2.636778
2.643480
2.650159
2.656804
2.663410
2.670136
2.676701
2.683451
2.690057
2.696630
2.703357
2.709972
2.716632
2.723280
2.729869
2.736505
2.743168
2.749810
2.756321
2.763080
2.769659
2.776236
2.782866
2.789451
2.796027
2.802622
2.809213
2.815822
2.822372
2.828909
2.835483
2.842110
2.848626
2.855218
2.861752
2.868259
2.874806
2.881415
2.887913
2.894400
2.900970
2.907445
2.913958
2.920517
2.927039
2.933501
2.940117
2.946442
2.952880
2.959411
2.965895
2.972435
2.978856
2.985315
2.991742
2.998255
3.004655
3.011072
3.017520
3.023848
3.030277
3.036734
3.043112
3.049596
3.055899
3.062341
3.068743
3.075185
3.081507
3.087888
3.094264
3.100583
3.106970
3.113379
3.119643
3.125962
3.132287
3.138654
3.144981
3.151327
3.157681
3.163976
3.170391
3.176572
3.182869
3.189290
3.195537
3.201852
3.208138
3.214382
3.220644
3.227106
3.233269
3.239567
3.245891
3.252180
3.258487
3.264707
3.271004
3.277305
3.283633
3.289766
3.296156
3.302397
3.308620
3.314897
3.321152
3.327408
3.333664
3.339917
3.346145
3.352437
3.358678
3.364883
3.371061
3.377355
3.383620
3.389828
3.396075
3.402280
3.408556
3.414749
3.420930
3.427138
3.433397
3.439535
3.445770
3.451981
3.458147
3.464343
3.470539
3.476696
3.482912
3.489039
3.495208
3.501323
3.507546
3.513682
3.519863
3.525924
3.532030
3.538202
3.544302
3.550390
3.556558
3.562610
3.568719
3.574897
3.580895
3.586980
3.593098
3.599165
3.605187
3.611389
3.617387
3.623433
3.629500
3.635520
3.641503
3.647624
3.653604
3.659611
3.665609
3.671688
3.677602
3.683651
3.689592
3.695564
3.701580
3.707512
3.713471
3.719469
3.725410
3.731321
3.737272
3.743186
3.749151
3.755038
3.760940
3.766813
3.772778
3.778572
3.784519
3.790473
3.796306
3.802166
3.808065
3.813908
3.819792
3.825619
3.831450
3.837349
3.843116
3.849021
3.854777
3.860601
3.866354
3.872181
3.878128
3.883812
3.889645
3.895430
3.901225
3.907001
3.912766
3.918551
3.924327
3.930101
3.935814
3.941597
3.947361
3.953072
3.958836
3.964645
3.970314
3.976051
3.981777
3.987490
3.993270
3.998941
4.004703
4.010380
4.016148
4.021846
4.027634
4.033306
4.039028
4.044721
4.050422
4.056154
4.061786
4.067569
4.073180
4.078939
4.084646
4.090285
4.095995
4.101619
4.107327
4.113034
4.118726
4.124377
4.130010
4.135690
4.141329
4.146943
4.152675
4.158304
4.163952
4.169609
4.175277
4.180919
4.186590
4.192193
4.197858
4.203545
4.209124
4.214669
4.220308
4.225928
4.231591
4.237191
4.242766
4.248429
4.253951
4.259637
4.265210
4.270860
4.276313
4.282032
4.287608
4.293172
4.298741
4.304305
4.309950
4.315372
4.321122
4.326494
4.332207
4.337705
4.343257
4.348782
4.354348
4.359897
4.365422
4.370955
4.376438
4.382008
4.387559
4.393022
4.398519
4.404053
4.409533
4.415066
4.420531
4.425990
4.431539
4.436946
4.442388
4.447885
4.453356
4.458830
4.464381
4.469780
4.475251
4.480632
4.486046
4.491487
4.496922
4.502312
4.507740
4.513157
4.518520
4.523892
4.529276
4.534654
4.540050
4.545413
4.550817
4.556154
4.561541
4.566867
4.572242
4.577516
4.582902
4.588179
4.593533
4.598866
4.604171
4.609412
4.614831
4.619997
4.625411
4.630683
4.635957
4.641181
4.646554
4.651770
4.656950
4.662301
4.667457
4.672703
4.678111
4.683225
4.688457
4.693664
4.698925
4.704150
4.709363
4.714597
4.719783
4.725053
4.730201
4.735420
4.740651
4.745837
4.751032
4.756230
4.761461
4.766570
4.771840
4.776993
4.782140
4.787350
4.792494
4.797675
4.802888
4.807999
4.813128
4.818321
4.823453
4.828582
4.833750
4.838894
4.843997
4.849189
4.854309
4.859438
4.864562
4.869679
4.874772
4.879925
4.885037
4.890079
4.895241
4.900341
4.905455
4.910581
4.915636
4.920687
4.925792
4.930951
4.935970
4.941060
4.946123
4.951166
4.956253
4.961313
4.966347
4.971386
4.976524
4.981513
4.986567
4.991547
4.996637
5.001676
5.006677
5.011683
5.016719
5.021759
5.026726
5.031816
5.036721
5.041688
5.046767
5.051710
5.056717
5.061774
5.066625
5.071673
5.076590
5.081572
5.086632
5.091504
5.096468
5.101436
5.106376
5.111308
5.116198
5.121222
5.126126
5.131046
5.135939
5.140828
5.145741
5.150679
5.155527
5.160407
5.165258
5.170192
5.175046
5.179926
5.184750
5.189595
5.194425
5.199302
5.204123
5.208964
5.213749
5.218531
5.223405
5.228205
5.233047
5.237807
5.242580
5.247299
5.252143
5.256955
5.261653
5.266402
5.271151
5.275875
5.280663
5.285403
5.290068
5.294810
5.299526
5.304233
5.308937
5.313625
5.318401
5.322994
5.327689
5.332354
5.337025
5.341633
5.346306
5.350938
5.355585
5.360196
5.364786
5.369430
5.373993
5.378691
5.383194
5.387823
5.392425
5.396988
5.401602
5.406120
5.410692
5.415359
5.419797
5.424396
5.428875
5.433399
5.437956
5.442432
5.446962
5.451435
5.456049
5.460444
5.464993
5.469513
5.473969
5.478397
5.482915
5.487349
5.491816
5.496277
5.500658
5.505085
5.509615
5.513999
5.518418
5.522861
5.527250
5.531661
5.536098
5.540496
5.544831
5.549364
5.553664
5.558080
5.562421
5.566813
5.571178
5.575562
5.579975
5.584328
5.588664
5.593047
5.597349
5.601732
5.606094
5.610412
5.614741
5.619061
5.623460
5.627708
5.632052
5.636367
5.640699
5.644978
5.649280
5.653612
5.657902
5.662172
5.666459
5.670758
5.674998
5.679363
5.683573
5.687863
5.692108
5.696342
5.700596
5.704856
5.709081
5.713326
5.717554
5.721796
5.726057
5.730278
5.734425
5.738691
5.742883
5.747104
5.751268
5.755517
5.759711
5.763912
5.768067
5.772223
5.776391
5.780603
5.784719
5.788884
5.793027
5.797162
5.801252
5.805494
5.809593
5.813754
5.817829
5.821958
5.826080
5.830275
5.834268
5.838358
5.842495
5.846585
5.850618
5.854746
5.858782
5.862844
5.866985
5.871021
5.875039
5.879122
5.883194
5.887262
5.891325
5.895319
5.899429
5.903423
5.907531
5.911507
5.915506
5.919503
5.923512
5.927554
5.931538
5.935550
5.939523
5.943513
5.947501
5.951504
5.955459
5.959488
5.963437
5.967458
5.971401
5.975391
5.979295
5.983205
5.987163
5.991070
5.995009
5.998985
6.002934
6.006835
6.010769
6.014655
6.018583
6.022439
6.026366
6.030225
6.034153
6.038015
6.041886
6.045736
6.049580
6.053445
6.057373
6.061174
6.065010
6.068902
6.072724
6.076550
6.080403
6.084202
6.088028
6.091860
6.095626
6.099395
6.103218
6.107005
6.110816
6.114648
6.118429
6.122198
6.125952
6.129694
6.133491
6.137229
6.140944
6.144666
6.148462
6.152194
6.155940
6.159673
6.163388
6.167100
6.170857
6.174533
6.178246
6.181973
6.185631
6.189349
6.193049
6.196731
6.200458
6.204111
6.207814
6.211415
6.215163
6.218788
6.222494
6.226203
6.229835
6.233466
6.237106
6.240740
6.244401
6.248060
6.251652
6.255367
6.258953
6.262560
6.266186
6.269829
6.273433
6.277052
6.280663
0.001076
0.004677
0.008263
0.011858
0.015436
0.019064
0.022632
0.026248
0.029811
0.033355
0.036959
0.040498
0.044099
0.047655
0.051257
0.054795
0.058363
0.061949
0.065467
0.069014
0.072567
0.076100
0.079677
0.083165
0.086751
0.090235
0.093822
0.097312
0.100883
0.104368
0.107870
0.111408
0.114914
0.118437
0.121919
0.125460
0.128992
0.132480
0.135991
0.139457
0.142939
0.146444
0.149926
0.153413
0.156966
0.160370
0.163869
0.167342
0.170817
0.174263
0.177747
0.181192
0.184623
0.188113
0.191553
0.195013
0.198522
0.201916
0.205359
0.208795
0.212241
0.215659
0.219182
0.222508
0.226037
0.229432
0.232865
0.236245
0.239702
0.243067
0.246459
0.249880
0.253248
0.256648
0.260115
0.263488
0.266907
0.270301
0.273696
0.277048
0.280455
0.283846
0.287217
0.290590
0.293970
0.297326
0.300726
0.304025
0.307386
0.310778
0.314142
0.317495
0.320791
0.324107
0.327508
0.330857
0.334225
0.337566
0.340924
0.344169
0.347507
0.350859
0.354137
0.357441
0.360767
0.364063
0.367346
0.370693
0.373968
0.377260
0.380583
0.383846
0.387129
0.390461
0.393727
0.397004
0.400300
0.403530
0.406817
0.410058
0.413327
0.416590
0.419843
0.423106
0.426369
0.429685
0.432897
0.436118
0.439315
0.442580
0.445840
0.449085
0.452267
0.455526
0.458708
0.461941
0.465171
0.468400
0.471582
0.474773
0.477931
0.481158
0.484387
0.487563
0.490778
0.493972
0.497133
0.500314
0.503499
0.506672
0.509830
0.513039
0.516214
0.519363
0.522476
0.525622
0.528825
0.531971
0.535111
0.538251
0.541405
0.544533
0.547667
0.550798
0.553893
0.557048
0.560206
0.563289
0.566407
0.569526
0.572609
0.575725
0.578874
0.581945
0.585037
0.588138
0.591206
0.594295
0.597396
0.600455
0.603544
0.606635
0.609730
0.612780
0.615845
0.618868
0.621996
0.625016
0.628063
0.631110
0.634145
0.637174
0.640209
0.643241
0.646264
0.649308
0.652373
0.655375
0.658371
0.661346
0.664372
0.667374
0.670419
0.673406
0.676417
0.679431
0.682385
0.685369
0.688335
0.691307
0.694276
0.697260
0.700256
0.703222
0.706200
0.709119
0.712091
0.715057
0.717990
0.720938
0.723898
0.726822
0.729767
0.732713
0.735589
0.738564
0.741506
0.744412
0.747354
0.750275
0.753152
0.756070
0.759003
0.761867
0.764746
0.767638
0.770577
0.773453
0.776320
0.779184
0.782058
0.784967
0.787822
0.790722
0.793595
0.796487
0.799336
0.802212
0.805046
0.807890
0.810775
0.813627
0.816503
0.819361
0.822166
0.824982
0.827873
0.830681
0.833527
0.836346
0.839147
0.841970
0.844822
0.847605
0.850455
0.853292
0.856102
0.858921
0.861756
0.864542
0.867322
0.870145
0.872943
0.875750
0.878558
0.881347
0.884151
0.886955
0.889721
0.892492
0.895285
0.898104
0.900848
0.903647
0.906367
0.909183
0.911928
0.914729
0.917467
0.920230
0.922977
0.925742
0.928529
0.931243
0.934000
0.936750
0.939485
0.942245
0.944983
0.947730
0.950454
0.953222
0.955922
0.958618
0.961363
0.964095
0.966848
0.969554
0.972256
0.974968
0.977661
0.980352
0.983072
0.985807
0.988495
0.991203
0.993909
0.996551
0.999227
1.001905
1.004620
1.007286
1.010000
1.012667
1.015327
1.017994
1.020643
1.023321
1.025988
1.028669
1.031294
1.033954
1.036668
1.039287
1.041989
1.044611
1.047244
1.049872
1.052544
1.055181
1.057788
1.060433
1.063097
1.065748
1.068340
1.070961
1.073592
1.076186
1.078805
1.081421
1.084018
1.086649
1.089243
1.091790
1.094429
1.097009
1.099634
1.102171
1.104811
1.107387
1.109961
1.112532
1.115108
1.117694
1.120282
1.122835
1.125430
1.128030
1.130604
1.133102
1.135700
1.138232
1.140754
1.143310
1.145863
1.148430
1.150983
1.153527
1.156067
1.158602
1.161095
1.163599
1.166098
1.168630
1.171182
1.173771
1.176240
1.178750
1.181267
1.183742
1.186214
1.188715
1.191238
1.193740
1.196199
1.198692
1.201191
1.203675
1.206128
1.208576
1.211114
1.213585
1.216054
1.218517
1.220959
1.223440
1.225899
1.228329
1.230762
1.233231
1.235646
1.238075
1.240565
1.243007
1.245425
1.247878
1.250278
1.252690
1.255180
1.257553
1.259967
1.262394
1.264815
1.267209
1.269618
1.271979
1.274397
1.276787
1.279178
1.281575
1.283984
1.286366
1.288715
1.291090
1.293445
1.295794
1.298182
1.300552
1.302922
1.305283
1.307629
1.309984
1.312335
1.314664
1.317036
1.319352
1.321734
1.324050
1.326384
1.328703
1.331073
1.333428
1.335762
1.338021
1.340403
1.342683
1.345016
1.347314
1.349600
1.351898
1.354220
1.356512
1.358819
1.361108
1.363409
1.365662
1.368002
1.370237
1.372577
1.374794
1.377122
1.379369
1.381652
1.383872
1.386149
1.388408
1.390634
1.392887
1.395141
1.397400
1.399662
1.401873
1.404126
1.406376
1.408587
1.410804
1.413036
1.415274
1.417494
1.419729
1.421901
1.424130
1.426353
1.428517
1.430713
1.432987
1.435168
1.437403
1.439578
1.441810
1.444003
1.446181
1.448368
1.450559
1.452764
1.454915
1.457072
1.459214
1.461404
1.463562
1.465713
1.467870
1.470021
1.472220
1.474347
1.476501
1.478671
1.480792
1.482919
1.485025
1.487203
1.489357
1.491506
1.493594
1.495745
1.497854
1.499955
1.502070
1.504221
1.506306
1.508427
1.510537
1.512646
1.514731
1.516825
1.518944
1.521014
1.523099
1.525181
1.527264
1.529316
1.531422
1.533510
1.535578
1.537648
1.539703
1.541788
1.543844
1.545917
1.547987
1.550028
1.552086
1.554123
1.556158
1.558171
1.560235
1.562270
1.564298
1.566350
1.568343
1.570356
1.572381
1.574437
1.576390
1.578436
1.580429
1.582472
1.584500
1.586466
1.588464
1.590456
1.592446
1.594408
1.596416
1.598396
1.600391
1.602354
1.604325
1.606303
1.608286
1.610239
1.612214
1.614185
1.616139
1.618098
1.620060
1.621984
1.623949
1.625894
1.627856
1.629786
1.631733
1.633678
1.635622
1.637566
1.639490
1.641422
1.643382
1.645302
1.647217
1.649158
1.651076
1.652981
1.654914
1.656816
1.658722
1.660654
1.662545
1.664432
1.666308
1.668174
1.670086
1.671994
1.673894
1.675799
1.677699
1.679574
1.681483
1.683361
1.685195
1.687052
1.688928
1.690776
1.692631
1.694500
1.696367
1.698222
1.700118
1.701934
1.703764
1.705640
1.707482
1.709316
1.711132
1.712998
1.714814
1.716653
1.718478
1.720288
1.722142
1.723955
1.725764
1.727577
1.729381
1.731190
1.732994
1.734806
1.736628
1.738456
1.740220
1.742009
1.743825
1.745598
1.747378
1.749158
1.750955
1.752717
1.754493
1.756264
1.758026
1.759827
1.761552
1.763320
1.765115
1.766864
1.768605
1.770376
1.772134
1.773881
1.775601
1.777323
1.779064
1.780826
1.782519
1.784250
1.786000
1.787729
1.789464
1.791192
1.792918
1.794668
1.796369
1.798026
1.799737
1.801496
1.803162
1.804827
1.806571
1.808237
1.809918
1.811601
1.813297
1.815011
1.816689
1.818354
1.820020
1.821692
1.823382
1.825030
1.826692
1.828352
1.830018
1.831666
1.833284
1.834959
1.836630
1.838257
1.839917
1.841562
1.843174
1.844774
1.846421
1.848093
1.849750
1.851356
1.852956
1.854577
1.856210
1.857821
1.859394
1.861006
1.862609
1.864215
1.865797
1.867385
1.869000
1.870621
1.872200
1.873788
1.875363
1.876927
1.878488
1.880079
1.881643
1.883219
1.884798
1.886332
1.887866
1.889415
1.890958
1.892534
1.894071
1.895605
1.897136
1.898673
1.900219
1.901762
1.903335
1.904842
1.906376
1.907883
1.909396
1.910909
1.912398
1.913899
1.915412
1.916889
1.918390
1.919891
1.921386
1.922863
1.924358
1.925871
1.927375
1.928861
1.930341
1.931806
1.933316
1.934748
1.936195
1.937666
1.939122
1.940579
1.942020
1.943464
1.944914
1.946343
1.947817
1.949261
1.950690
1.952152
1.953587
1.955029
1.956449
1.957860
1.959301
1.960733
1.962132
1.963495
1.964898
1.966276
1.967666
1.969077
1.970449
1.971851
1.973292
1.974701
1.976115
1.977535
1.978943
1.980312
1.981681
1.983006
1.984363
1.985696
1.987044
1.988357
1.989732
1.991062
1.992416
1.993777
1.995146
1.996521
1.997890
1.999253
2.000599
2.001920
2.003253
2.004580
2.005851
2.007151
2.008454
2.009763
2.011037
2.012331
2.013623
2.014947
2.016286
2.017574
2.018862
2.020190
2.021511
2.022790
2.024055
2.025361
2.026655
2.027911
2.029145
2.030376
2.031641
2.032872
2.034118
2.035392
2.036632
2.037890
2.039143
2.040395
2.041662
2.042957
2.044161
2.045387
2.046666
2.047912
2.049072
2.050288
2.051532
2.052721
2.053904
2.055082
2.056259
2.057458
2.058638
2.059852
2.061074
2.062323
2.063498
2.064681
2.065880
2.067081
2.068247
2.069364
2.070544
2.071749
2.072866
2.074008
2.075150
2.076324
2.077423
2.078571
2.079706
2.080872
2.082031
2.083152
2.084275
2.085423
2.086546
2.087661
2.088784
2.089917
2.091017
2.092101
2.093219
2.094336
2.095427
2.096505
2.097605
2.098698
2.099777
2.100847
2.101928
2.102998
2.104079
2.105158
2.106198
2.107261
2.108322
2.109376
2.110428
2.111489
2.112540
2.113565
2.114646
2.115713
2.116765
2.117849
2.118880
2.119914
2.120941
2.121960
2.122948
2.123952
2.124944
2.125947
2.126945
2.127943
2.128938
2.129935
2.130936
2.131934
2.132919
2.133884
2.134861
2.135885
2.136868
2.137848
2.138873
2.139867
2.140844
2.141818
2.142758
2.143714
2.144661
2.145590
2.146513
2.147465
2.148388
2.149305
2.150264
2.151204
2.152124
2.153056
2.153991
2.154931
2.155830
2.156735
2.157646
2.158575
2.159485
2.160414
2.161316
2.162275
2.163188
2.164114
2.165016
2.165930
2.166802
2.167650
2.168489
2.169363
2.170199
2.171029
2.171907
2.172782
2.173660
2.174520
2.175355
2.176212
2.177075
2.177911
2.178702
2.179544
2.180407
2.181255
2.182052
2.182891
2.183757
2.184643
2.185464
2.186285
2.187112
2.187930
2.188727
2.189491
2.190252
2.191064
2.191861
2.192616
2.193377
2.194201
2.194989
2.195744
2.196502
2.197293
2.198066
2.198821
2.199537
2.200283
2.201056
2.201799
2.202494
2.203249
2.204019
2.204780
2.205511
2.206284
2.207063
2.207860
2.208585
2.209307
2.210050
2.210763
2.211443
2.212108
2.212797
2.213501
2.214166
2.214811
2.215500
2.216204
2.216872
2.217516
2.218208
2.218888
2.219559
2.220186
2.220830
2.221483
2.222121
2.222726
2.223340
2.223988
2.224620
2.225243
2.225851
2.226489
2.227133
2.227760
2.228380
2.229015
2.229656
2.230273
2.230929
2.231562
2.232182
2.232802
2.233410
2.233976
2.234567
2.235124
2.235687
2.236220
2.236781
2.237335
2.237904
2.238452
2.239001
2.239570
2.240133
2.240673
2.241167
2.241667
2.242195
2.242710
2.243183
2.243678
2.244202
2.244714
2.245200
2.245703
2.246215
2.246734
2.247225
2.247710
2.248187
2.248678
2.249157
2.249631
2.250128
2.250640
2.251135
2.251629
2.252147
2.252666
2.253166
2.253672
2.254182
2.254685
2.255188
2.255668
2.256141
2.256618
2.257094
2.257543
2.257984
2.258415
2.258847
2.259266
2.259670
2.260054
2.260449
2.260830
2.261223
2.261606
2.261977
2.262361
2.262750
2.263116
2.263475
2.263835
2.264174
2.264515
2.264857
2.265192
2.265531
2.265881
2.266217
2.266556
2.266900
2.267236
2.267547
2.267871
2.268197
2.268515
2.268809
2.269120
2.269447
2.269752
2.270043
2.270339
2.270621
2.270912
2.271199
2.271484
2.271760
2.272059
2.272365
2.272673
2.272985
2.273312
2.273629
2.273947
2.274279
2.274618
2.274953
2.275289
2.275622
2.275963
2.276305
2.276643
2.276958
2.277287
2.277629
2.277973
2.278282
2.278594
2.278911
2.279220
2.279513
2.279792
2.280056
2.280310
2.280559
2.280787
2.280999
2.281230
2.281446
2.281641
2.281823
2.282027
2.282213
2.282378
2.282542
2.282713
2.282869
2.283007
2.283133
2.283258
2.283390
2.283498
2.283585
2.283687
2.283807
2.283915
2.283993
2.284103
2.284220
2.284316
2.284406
2.284499
2.284586
2.284682
2.284769
2.284858
2.284945
2.285035
2.285116
2.285203
2.285296
2.285377
2.285440
2.285509
2.285601
2.285694
2.285769
2.285856
2.285946
2.286024
2.286093
2.286162
2.286225
2.286294
2.286353
2.286422
2.286482
2.286560
2.286623
2.286683
2.286755
2.286821
2.286869
2.286911
2.286980
2.287043
2.287081
2.287126
2.287177
2.287222
2.287255
2.287285
2.287303
2.287339
2.287363
2.287375
2.287381
2.287402
2.287420
2.287432
2.287441
2.287453
2.287453
2.287453
2.287453
2.287453
2.287453
2.287453
2.287453
2.287453
2.287453
2.287453
2.287453
2.287453
2.287453
2.287453
2.287453
2.287453
2.287453
2.287453
2.287453
2.287453
2.287453
2.287411
2.287387
2.287366
2.287333
2.287318
2.287297
2.287276
2.287261
2.287246
2.287225
2.287219
2.287216
2.287210
2.287192
2.287189
2.287189
2.287186
2.287180
2.287177
2.287168
2.287162
2.287159
2.287159
2.287159
2.287159
2.287159
2.287159
2.287159
2.287159
2.287159
2.287159
2.287159
2.287159
2.287159
2.287159
2.287159
2.287159
2.287159
2.287159
2.287159
2.287159
2.287159
2.287159
2.287159
2.287159
2.287159
2.287159
2.287159
2.287159
2.287159
2.287159
2.287159
2.287159
2.287159
2.287159
2.287159
2.287159
2.287159
2.287159
2.287159
2.287159
2.287159
2.287159
2.287159
2.287159
2.287159
2.287159
2.287159
2.287159
2.287159
2.287159
2.287159
2.287159
2.287159
2.287159
2.287159
2.287159
2.287159
2.287159
2.287159
2.287159
2.287159
2.287159
2.287159
2.287159
2.287159
2.287159
2.287159
2.287159
2.287159
2.287159
2.287159
2.287159
2.287159
2.287159
2.287159
2.287159
2.287159
2.287159
2.287159
2.287159
2.287159
2.287159
2.287159
2.287159
2.287159
2.287159
2.287159
2.287159
2.287159
2.287159
2.287159
2.287159
2.287159
2.287159
2.287159
2.287159
2.287159
2.287159
2.287159
2.287159