4.224089
4.224089
4.224089
4.224089
4.224089
4.224089
4.224089
4.224089
4.224089
4.224089
4.224089
4.224143
4.224445
4.224784
4.225209
4.225770
4.226419
4.227106
4.227888
4.228814
4.229772
4.230695
4.231678
4.232795
4.234047
4.235318
4.236636
4.238092
4.239671
4.241292
4.242892
4.244645
4.246505
4.248393
4.250346
4.252408
4.254561
4.256809
4.259077
4.261516
4.263960
4.266480
4.269086
4.271771
4.274614
4.277452
4.280438
4.283471
4.286611
4.289900
4.293160
4.296623
4.300132
4.303736
4.307307
4.310995
4.314795
4.318674
4.322629
4.326698
4.330802
4.334943
4.339257
4.343584
4.347939
4.352520
4.357069
4.361770
4.366578
4.371399
4.376303
4.381280
4.386388
4.391577
4.396847
4.402121
4.407525
4.412996
4.418620
4.424160
4.429933
4.435784
4.441686
4.447621
4.453706
4.459842
4.466056
4.472288
4.478726
4.485201
4.491700
4.498357
4.505071
4.511881
4.518586
4.525609
4.532598
4.539756
4.546917
4.554104
4.561415
4.568932
4.576404
4.583960
4.591780
4.599363
4.607230
4.615098
4.622936
4.630860
4.638842
4.646751
4.654727
4.662720
4.670672
4.678671
4.686587
4.694586
4.702481
4.710489
4.718486
4.726440
4.734479
4.742445
4.750499
4.758471
4.766510
4.774494
4.782538
4.790604
4.798580
4.806657
4.814593
4.822614
4.830577
4.838775
4.846675
4.854795
4.862749
4.870826
4.878910
4.886870
4.894855
4.902818
4.910955
4.918862
4.927038
4.934867
4.942846
4.950893
4.958824
4.966781
4.974862
4.982735
4.990779
4.998689
5.006611
5.014649
5.022598
5.030528
5.038510
5.046545
5.054560
5.062451
5.070346
5.078318
5.086399
5.094201
5.102188
5.110211
5.117992
5.126108
5.134018
5.141829
5.149888
5.157627
5.165539
5.173485
5.181448
5.189289
5.197091
5.205063
5.212808
5.220715
5.228468
5.236396
5.244087
5.252069
5.259712
5.267507
5.275318
5.283099
5.290859
5.298654
5.306405
5.314069
5.321913
5.329556
5.337303
5.345078
5.352760
5.360367
5.368262
5.375737
5.383610
5.391137
5.398782
5.406608
5.414152
5.421756
5.429453
5.437090
5.444595
5.452271
5.459866
5.467317
5.474996
5.482582
5.490147
5.497706
5.505271
5.512779
5.520290
5.527876
5.535388
5.542917
5.550479
5.557945
5.565483
5.572958
5.580440
5.588001
5.595402
5.602916
5.610487
5.617929
5.625374
5.632861
5.640393
5.647820
5.655236
5.662729
5.670147
5.677617
5.685131
5.692501
5.699982
5.707418
5.714825
5.722318
5.729757
5.737145
5.744638
5.752003
5.759358
5.766791
5.774224
5.781595
5.789025
5.796431
5.803783
5.811148
5.818548
5.825951
5.833277
5.840704
5.847999
5.855342
5.862743
5.869966
5.877378
5.884778
5.892026
5.899333
5.906662
5.914023
5.921298
5.928608
5.935834
5.943130
5.950512
5.957640
5.964968
5.972314
5.979469
5.986764
5.994087
6.001250
6.008477
6.015721
6.022978
6.030213
6.037386
6.044591
6.051713
6.058921
6.066133
6.073287
6.080460
6.087585
6.094808
6.101888
6.108938
6.116053
6.123250
6.130330
6.137385
6.144573
6.151631
6.158630
6.165773
6.172775
6.179878
6.187006
6.193990
6.201018
6.208071
6.215070
6.222036
6.229193
6.236138
6.243155
6.250178
6.257113
6.264101
6.271171
6.278077
0.001876
0.008910
0.015711
0.022782
0.029655
0.036696
0.043584
0.050558
0.057434
0.064448
0.071417
0.078392
0.085259
0.092228
0.099250
0.105974
0.113032
0.119923
0.126814
0.133732
0.140620
0.147535
0.154522
0.161410
0.168315
0.175263
0.182106
0.189027
0.195975
0.202785
0.209760
0.216552
0.223461
0.230349
0.237279
0.244131
0.250992
0.257913
0.264830
0.271649
0.278540
0.285380
0.292274
0.299171
0.305984
0.312845
0.319748
0.326594
0.333410
0.340346
0.347147
0.353948
0.360809
0.367628
0.374465
0.381305
0.388088
0.394970
0.401840
0.408560
0.415421
0.422267
0.429044
0.435713
0.442652
0.449298
0.456236
0.462975
0.469749
0.476478
0.483276
0.490053
0.496794
0.503586
0.510303
0.517029
0.523893
0.530599
0.537244
0.544009
0.550747
0.557416
0.564145
0.570818
0.577565
0.584252
0.590948
0.597578
0.604308
0.610959
0.617628
0.624348
0.630984
0.637669
0.644329
0.651001
0.657601
0.664322
0.670895
0.677498
0.684140
0.690726
0.697353
0.703953
0.710590
0.717235
0.723805
0.730435
0.736922
0.743537
0.750212
0.756696
0.763305
0.769948
0.776407
0.783031
0.789500
0.796058
0.802664
0.809184
0.815769
0.822313
0.828856
0.835429
0.841958
0.848519
0.855012
0.861579
0.868104
0.874675
0.881185
0.887666
0.894251
0.900722
0.907347
0.913806
0.920346
0.926863
0.933445
0.939938
0.946484
0.953045
0.959517
0.966054
0.972625
0.979099
0.985613
0.992123
0.998696
1.005138
1.011675
1.018255
1.024636
1.031150
1.037780
1.044257
1.050714
1.057251
1.063765
1.070275
1.076819
1.083251
1.089761
1.096359
1.102749
1.109275
1.115746
1.122212
1.128704
1.135275
1.141674
1.148194
1.154659
1.161119
1.167608
1.174163
1.180548
1.187034
1.193461
1.200043
1.206401
1.212881
1.219311
1.225851
1.232329
1.238737
1.245137
1.251671
1.258047
1.264548
1.270957
1.277390
1.283852
1.290258
1.296642
1.303201
1.309534
1.315952
1.322312
1.328769
1.335139
1.341580
1.347974
1.354331
1.360848
1.367139
1.373503
1.379891
1.386302
1.392678
1.399017
1.405336
1.411778
1.418162
1.424457
1.430749
1.437142
1.443467
1.449807
1.456161
1.462603
1.468781
1.475216
1.481460
1.487872
1.494235
1.500452
1.506896
1.513074
1.519486
1.525706
1.532018
1.538283
1.544626
1.550918
1.557206
1.563480
1.569781
1.576033
1.582328
1.588605
1.594885
1.601143
1.607414
1.613712
1.620036
1.626310
1.632530
1.638843
1.645144
1.651345
1.657625
1.663974
1.670184
1.676410
1.682771
1.688943
1.695363
1.701526
1.707797
1.714035
1.720434
1.726609
1.732871
1.739229
1.745502
1.751707
1.757930
1.764249
1.770489
1.776781
1.783022
1.789269
1.795555
1.801807
1.808099
1.814316
1.820598
1.826803
1.833203
1.839300
1.845592
1.851832
1.858088
1.864332
1.870552
1.876853
1.883036
1.889274
1.895449
1.901717
1.908002
1.914252
1.920427
1.926725
1.932885
1.939134
1.945315
1.951502
1.957758
1.963993
1.970087
1.976390
1.982517
1.988746
1.994915
2.001144
2.007331
2.013533
2.019728
2.025891
2.032060
2.038226
2.044437
2.050510
2.056745
2.062827
2.068972
2.075074
2.081223
2.087367
2.093545
2.099657
2.105772
2.111971
2.118086
2.124069
2.130268
2.136356
2.142513
2.148589
2.154707
2.160696
2.166844
2.172833
2.179050
2.185048
2.191061
2.197116
2.203249
2.209232
2.215323
2.221384
2.227388
2.233419
2.239477
2.245451
2.251458
2.257489
2.263482
2.269468
2.275538
2.281509
2.287384
2.293508
2.299359
2.305360
2.311337
2.317354
2.323238
2.329266
2.335228
2.341112
2.347039
2.352992
2.358879
2.364817
2.370749
2.376634
2.382578
2.388486
2.394460
2.400344
2.406229
2.412146
2.417991
2.423860
2.429868
2.435770
2.441633
2.447499
2.453432
2.459295
2.465209
2.471132
2.476951
2.482880
2.488764
2.494663
2.500505
2.506432
2.512241
2.518083
2.523986
2.529870
2.535724
2.541641
2.547493
2.553311
2.559228
2.565106
2.570961
2.576845
2.582613
2.588497
2.594333
2.600184
2.606039
2.611842
2.617636
2.623610
2.629333
2.635193
2.641011
2.646872
2.652717
2.658443
2.664333
2.670115
2.675901
2.681770
2.687573
2.693323
2.699165
2.704879
2.710709
2.716581
2.722316
2.728188
2.733913
2.739669
2.745442
2.751234
2.756974
2.762720
2.768536
2.774300
2.779948
2.785820
2.791530
2.797283
2.803062
2.808740
2.814495
2.820224
2.825910
2.831696
2.837370
2.843012
2.848803
2.854475
2.860164
2.865860
2.871591
2.877293
2.882973
2.888666
2.894340
2.900015
2.905602
2.911319
2.916930
2.922626
2.928241
2.933879
2.939574
2.945144
2.950792
2.956409
2.962051
2.967645
2.973247
2.978832
2.984443
2.990115
2.995682
3.001215
3.006857
3.012364
3.017969
3.023500
3.029127
3.034583
3.040227
3.045740
3.051270
3.056843
3.062347
3.067830
3.073462
3.078921
3.084470
3.089980
3.095465
3.101011
3.106509
3.112001
3.117462
3.122930
3.128428
3.133878
3.139415
3.144927
3.150320
3.155824
3.161229
3.166723
3.172170
3.177665
3.183073
3.188538
3.193964
3.199455
3.204926
3.210283
3.215706
3.221207
3.226642
3.232053
3.237535
3.242970
3.248387
3.253768
3.259176
3.264593
3.270057
3.275447
3.280831
3.286320
3.291671
3.297061
3.302514
3.307922
3.313333
3.318728
3.324059
3.329472
3.334841
3.340243
3.345660
3.350975
3.356347
3.361779
3.367133
3.372517
3.377871
3.383266
3.388495
3.393986
3.399266
3.404574
3.409949
3.415258
3.420630
3.425987
3.431218
3.436617
3.441965
3.447235
3.452556
3.457880
3.463138
3.468447
3.473765
3.479062
3.484318
3.489620
3.494849
3.500149
3.505449
3.510674
3.515911
3.521169
3.526418
3.531667
3.536946
3.542171
3.547400
3.552643
3.557859
3.563072
3.568273
3.573462
3.578690
3.583903
3.589066
3.594270
3.599480
3.604675
3.609849
3.615041
3.620156
3.625333
3.630453
3.635576
3.640664
3.645853
3.650952
3.656054
3.661238
3.666298
3.671340
3.676497
3.681479
3.686665
3.691705
3.696774
3.701855
3.706951
3.711946
3.716928
3.722058
3.727064
3.732034
3.737140
3.742098
3.747099
3.752222
3.757153
3.762100
3.767115
3.772080
3.777038
3.782089
3.787024
3.792022
3.796911
3.801884
3.806807
3.811795
3.816658
3.821625
3.826566
3.831459
3.836366
3.841301
3.846184
3.851083
3.856011
3.860886
3.865784
3.870680
3.875546
3.880411
3.885304
3.890118
3.895029
3.899858
3.904673
3.909524
3.914392
3.919258
3.924064
3.928953
3.933765
3.938565
3.943436
3.948236
3.953012
3.957853
3.962671
3.967414
3.972198
3.977061
3.981849
3.986657
3.991421
3.996200
4.001023
4.005829
4.010512
4.015359
4.020102
4.024890
4.029636
4.034411
4.039139
4.043948
4.048622
4.053382
4.058149
4.062877
4.067590
4.072330
4.077042
4.081761
4.086513
4.091223
4.095953
4.100666
4.105343
4.110041
4.114820
4.119454
4.124173
4.128892
4.133542
4.138264
4.142989
4.147647
4.152264
4.156998
4.161675
4.166364
4.171020
4.175654
4.180355
4.185068
4.189685
4.194356
4.199024
4.203677
4.208312
4.212949
4.217617
4.222258
4.226875
4.231468
4.236160
4.240807
4.245328
4.249966
4.254633
4.259289
4.263865
4.268445
4.273107
4.277709
4.282260
4.286841
4.291521
4.296087
4.300656
4.305240
4.309824
4.314405
4.318905
4.323516
4.328103
4.332657
4.337181
4.341696
4.346406
4.350888
4.355382
4.359876
4.364475
4.368966
4.373427
4.377951
4.382481
4.386999
4.391467
4.395972
4.400485
4.404973
4.409410
4.413916
4.418416
4.422832
4.427263
4.431725
4.436206
4.440680
4.445105
4.449476
4.453943
4.458497
4.462797
4.467276
4.471629
4.476090
4.480539
4.484931
4.489324
4.493728
4.498069
4.502512
4.506854
4.511189
4.515611
4.519898
4.524263
4.528638
4.532994
4.537333
4.541632
4.545976
4.550338
4.554629
4.558901
4.563221
4.567497
4.571844
4.576149
4.580416
4.584679
4.589003
4.593290
4.597481
4.601748
4.606008
4.610218
4.614508
4.618765
4.622941
4.627208
4.631430
4.635648
4.639932
4.644061
4.648255
4.652468
4.656659
4.660827
4.665048
4.669180
4.673344
4.677524
4.681662
4.685811
4.690009
4.694104
4.698254
4.702376
4.706556
4.710636
4.714777
4.718882
4.722965
4.727112
4.731258
4.735348
4.739473
4.743518
4.747608
4.751757
4.755805
4.759927
4.763990
4.768059
4.772175
4.776271
4.780324
4.784408
4.788483
4.792512
4.796551
4.800680
4.804712
4.808751
4.812826
4.816897
4.820897
4.824945
4.828954
4.832995
4.837049
4.841084
4.845025
4.849066
4.853069
4.857096
4.861062
4.865041
4.869053
4.873085
4.877031
4.881058
4.885022
4.888970
4.892962
4.896958
4.900937
4.904886
4.908874
4.912768
4.916810
4.920651
4.924582
4.928614
4.932497
4.936377
4.940302
4.944230
4.948110
4.952025
4.955857
4.959791
4.963680
4.967551
4.971455
4.975275
4.979227
4.983125
4.986959
4.990807
4.994653
4.998521
5.002371
5.006224
5.010083
5.013894
5.017732
5.021576
5.025414
5.029210
5.033024
5.036793
5.040685
5.044448
5.048235
5.051998
5.055797
5.059629
5.063329
5.067191
5.070834
5.074666
5.078432
5.082171
5.085922
5.089637
5.093377
5.097178
5.100912
5.104633
5.108336
5.112078
5.115748
5.119526
5.123163
5.126905
5.130543
5.134342
5.137949
5.141628
5.145355
5.148989
5.152659
5.156332
5.160018
5.163658
5.167319
5.170992
5.174621
5.178270
5.181910
5.185508
5.189109
5.192714
5.196327
5.199928
5.203508
5.207089
5.210672
5.214306
5.217812
5.221464
5.224954
5.228508
5.232097
5.235617
5.239152
5.242697
5.246163
5.249756
5.253228
5.256689
5.260215
5.263720
5.267196
5.270686
5.274189
5.277616
5.281142
5.284582
5.288051
5.291500
5.294942
5.298307
5.301731
5.305201
5.308622
5.312020
5.315402
5.318812
5.322167
5.325607
5.328897
5.332330
5.335670
5.339014
5.342400
5.345755
5.349057
5.352397
5.355744
5.359067
5.362356
5.365691
5.368918
5.372213
5.375542
5.378799
5.382133
5.385363
5.388623
5.391894
5.395160
5.398432
5.401641
5.404963
5.408190
5.411399
5.414611
5.417813
5.421043
5.424273
5.427482
5.430685
5.433857
5.437060
5.440251
5.443457
5.446623
5.449829
5.453011
5.456106
5.459300
5.462476
5.465619
5.468788
5.471937
5.475035
5.478157
5.481315
5.484410
5.487574
5.490635
5.493754
5.496873
5.499962
5.503075
5.506179
5.509268
5.512285
5.515401
5.518496
5.521552
5.524593
5.527673
5.530681
5.533743
5.536808
5.539855
5.542902
5.545943
5.548957
5.551986
5.555000
5.558029
5.561064
5.564099
5.567041
5.570043
5.573012
5.576047
5.578962
5.581994
5.584928
5.587873
5.590859
5.593841
5.596771
5.599743
5.602658
5.605576
5.608533
5.611473
5.614408
5.617366
5.620248
5.623124
5.626000
5.628961
5.631807
5.634758
5.637640
5.640477
5.643407
5.646245
5.649112
5.652021
5.654850
5.657654
5.660476
5.663298
5.666127
5.668946
5.671762
5.674626
5.677440
5.680226
5.683018
5.685841
5.688624
5.691434
5.694223
5.696983
5.699742
5.702526
5.705285
5.708071
5.710810
5.713512
5.716194
5.718989
5.721694
5.724427
5.727183
5.729916
5.732654
5.735359
5.738077
5.740776
5.743479
5.746202
5.748914
5.751655
5.754285
5.756997
5.759615
5.762345
5.764981
5.767666
5.770299
5.772954
5.775597
5.778239
5.780909
5.783596
5.786256
5.788899
5.791530
5.794085
5.796713
5.799352
5.801989
5.804601
5.807223
5.809793
5.812403
5.815012
5.817601
5.820235
5.822868
5.825433
5.828043
5.830598
5.833133
5.835709
5.838265
5.840824
5.843400
5.845932
5.848491
5.850971
5.853518
5.856077
5.858650
5.861188
5.863743
5.866269
5.868798
5.871299
5.873807
5.876318
5.878850
5.881345
5.883838
5.886292
5.888793
5.891262
5.893812
5.896272
5.898758
5.901215
5.903681
5.906141
5.908558
5.911018
5.913472
5.915944
5.918388
5.920851
5.923224
5.925660
5.928102
5.930492
5.932904
5.935331
5.937758
5.940143
5.942573
5.944928
5.947309
5.949697
5.952115
5.954494
5.956831
5.959204
5.961580
5.963911
5.966257
5.968581
5.970915
5.973282
5.975640
5.977962
5.980275
5.982615
5.984880
5.987232
5.989521
5.991822
5.994141
5.996427
5.998698
6.000972
6.003258
6.005496
6.007764
6.010053
6.012297
6.014532
6.016773
6.019020
6.021273
6.023508
6.025755
6.027999
6.030261
6.032485
6.034680
6.036891
6.039067
6.041296
6.043468
6.045622
6.047863
6.050041
6.052222
6.054400
6.056572
6.058709
6.060869
6.063062
6.065222
6.067358
6.069537
6.071646
6.073851
6.075969
6.078105
6.080187
6.082335
6.084475
6.086587
6.088711
6.090820
6.092918
6.095042
6.097139
6.099236
6.101357
6.103413
6.105516
6.107584
6.109630
6.111721
6.113821
6.115861
6.117938
6.119996
6.122036
6.124083
6.126120
6.128157
6.130216
6.132271
6.134287
6.136328
6.138365
6.140381
6.142404
6.144456
6.146460
6.148479
6.150481
6.152488
6.154469
6.156500
6.158465
6.160458
6.162441
6.164412
6.166453
6.168427
6.170411
6.172367
6.174321
6.176271
6.178242
6.180196
6.182158
6.184088
6.186071
6.188010
6.189948
6.191898
6.193837
6.195769
6.197726
6.199643
6.201567
6.203484
6.205410
6.207337
6.209230
6.211130
6.213030
6.214944
6.216850
6.218752
6.220645
6.222527
6.224436
6.226335
6.228202
6.230071
6.231965
6.233819
6.235695
6.237600
6.239446
6.241322
6.243191
6.245007
6.246864
6.248719
6.250546
6.252407
6.254241
6.256077
6.257928
6.259762
6.261644
6.263435
6.265290
6.267090
6.268909
6.270737
6.272573
6.274365
6.276172
6.277957
6.279770
6.281582
0.000186
0.001959
0.003760
0.005525
0.007307
0.009126
0.010903
0.012661
0.014471
0.016254
0.017979
0.019783
0.021560
0.023309
0.025056
0.026782
0.028543
0.030317
0.032064
0.033805
0.035554
0.037268
0.039009
0.040728
0.042451
0.044192
0.045906
0.047613
0.049336
0.051047
0.052740
0.054447
0.056164
0.057884
0.059577
0.061269
0.062932
0.064601
0.066309
0.068010
0.069697
0.071384
0.073062
0.074707
0.076369
0.078041
0.079689
0.081370
0.083033
0.084681
0.086340
0.087970
0.089651
0.091323
0.092977
0.094633
0.096266
0.097863
0.099496
0.101135
0.102756
0.104383
0.106009
0.107606
0.109218
0.110836
0.112448
0.114048
0.115672
0.117269
0.118851
0.120456
0.122047
0.123623
0.125232
0.126811
0.128387
0.129936
0.131527
0.133094
0.134661
0.136231
0.137834
0.139389
0.140946
0.142510
0.144041
0.145569
0.147103
0.148661
0.150198
0.151720
0.153254
0.154797
0.156331
0.157868
0.159408
0.160903
0.162452
0.163914
0.165439
0.166925
0.168414
0.169912
0.171428
0.172932
0.174403
0.175892
0.177373
0.178874
0.180357
0.181810
0.183332
0.184815
0.186256
0.187706
0.189144
0.190558
0.192017
0.193482
0.194935
0.196388
0.197860
0.199325
0.200751
0.202207
0.203633
0.205065
0.206506
0.207929
0.209364
0.210755
0.212181
0.213616
0.215015
0.216426
0.217828
0.219239
0.220678
0.222044
0.223443
0.224836
0.226223
0.227637
0.229019
0.230409
0.231802
0.233165
0.234531
0.235930
0.237258
0.238636
0.240023
0.241362
0.242770
0.244110
0.245449
0.246785
0.248139
0.249545
0.250878
0.252244
0.253592
0.254919
0.256253
0.257568
0.258883
0.260225
0.261547
0.262874
0.264204
0.265522
0.266832
0.268153
0.269447
0.270760
0.272090
0.273393
0.274726
0.276042
0.277315
0.278582
0.279865
0.281144
0.282399
0.283682
0.284937
0.286240
0.287532
0.288793
0.290057
0.291298
0.292562
0.293844
0.295106
0.296376
0.297646
0.298899
0.300121
0.301391
0.302563
0.303794
0.305014
0.306224
0.307455
0.308696
0.309915
0.311131
0.312345
0.313549
0.314736
0.315931
0.317133
0.318361
0.319586
0.320788
0.321983
0.323155
0.324323
0.325501
0.326675
0.327814
0.329000
0.330174
0.331343
0.332505
0.333683
0.334791
0.335951
0.337083
0.338207
0.339360
0.340529
0.341688
0.342842
0.343995
0.345113
0.346209
0.347324
0.348441
0.349544
0.350658
0.351770
0.352879
0.354014
0.355084
0.356183
0.357250
0.358328
0.359422
0.360462
0.361555
0.362649
0.363769
0.364863
0.365962
0.367056
0.368101
0.369174
0.370205
0.371247
0.372275
0.373339
0.374390
0.375424
0.376457
0.377494
0.378516
0.379558
0.380559
0.381581
0.382587
0.383606
0.384640
0.385667
0.386692
0.387729
0.388756
0.389760
0.390776
0.391746
0.392708
0.393694
0.394673
0.395671
0.396654
0.397634
0.398613
0.399602
0.400573
0.401510
0.402448
0.403407
0.404351
0.405306
0.406247
0.407191
0.408144
0.409114
0.410067
0.411023
0.411973
0.412896
0.413818
0.414744
0.415661
0.416554
0.417464
0.418384
0.419298
0.420203
0.421111
0.422007
0.422893
0.423771
0.424658
0.425530
0.426402
0.427280
0.428163
0.429038
0.429931
0.430815
0.431702
0.432592
0.433493
0.434368
0.435246
0.436112
0.436966
0.437796
0.438641
0.439468
0.440321
0.441142
0.441957
0.442766
0.443599
0.444420
0.445232
0.446044
0.446856
0.447659
0.448477
0.449253
0.450056
0.450823
0.451617
0.452395
0.453198
0.453989
0.454786
0.455595
0.456416
0.457225
0.458022
0.458798
0.459565
0.460332
0.461072
0.461812
0.462561
0.463301
0.464023
0.464757
0.465488
0.466207
0.466908
0.467618
0.468349
0.469060
0.469761
0.470471
0.471178
0.471876
0.472565
0.473260
0.473964
0.474653
0.475363
0.476058
0.476792
0.477517
0.478231
0.478932
0.479660
0.480334
0.481029
0.481724
0.482398
0.483072
0.483710
0.484375
0.485023
0.485691
0.486311
0.486943
0.487557
0.488165
0.488789
0.489385
0.490002
0.490610
0.491215
0.491824
0.492414
0.493013
0.493585
0.494179
0.494772
0.495350
0.495931
0.496512
0.497100
0.497690
0.498277
0.498849
0.499440
0.500048
0.500665
0.501258
0.501863
0.502466
0.503065
0.503649
0.504245
0.504800
0.505357
0.505896
0.506435
0.506969
0.507487
0.508017
0.508542
0.509066
0.509563
0.510049
0.510546
0.511058
0.511562
0.512053
0.512544
0.513033
0.513506
0.513982
0.514465
0.514938
0.515412
0.515894
0.516373
0.516829
0.517293
0.517748
0.518210
0.518668
0.519124
0.519561
0.520016
0.520484
0.520945
0.521404
0.521856
0.522332
0.522815
0.523291
0.523768
0.524229
0.524717
0.525200
0.525688
0.526161
0.526635
0.527108
0.527567
0.528007
0.528441
0.528843
0.529250
0.529661
0.530053
0.530437
0.530820
0.531189
0.531554
0.531923
0.532273
0.532624
0.532965
0.533319
0.533675
0.534017
0.534368
0.534718
0.535060
0.535398
0.535725
0.536042
0.536372
0.536702
0.537049
0.537373
0.537699
0.538020
0.538331
0.538655
0.538976
0.539269
0.539563
0.539856
0.540147
0.540414
0.540695
0.540974
0.541253
0.541519
0.541783
0.542028
0.542280
0.542544
0.542816
0.543080
0.543353
0.543628
0.543907
0.544195
0.544476
0.544755
0.545028
0.545327
0.545627
0.545929
0.546235
0.546544
0.546855
0.547170
0.547484
0.547781
0.548096
0.548410
0.548713
0.549006
0.549306
0.549609
0.549893
0.550166
0.550420
0.550654
0.550888
0.551116
0.551328
0.551526
0.551718
0.551901
0.552080
0.552254
0.552416
0.552563
0.552700
0.552847
0.552985
0.553102
0.553225
0.553336
0.553450
0.553554
0.553659
0.553755
0.553845
0.553947
0.554040
0.554130
0.554216
0.554306
0.554381
0.554453
0.554519
0.554570
0.554615
0.554663
0.554702
0.554735
0.554768
0.554801
0.554828
0.554858
0.554879
0.554894
0.554918
0.554942
0.554956
0.554965
0.554968
0.554980
0.554983
0.554986
0.554986
0.554986
0.554986
0.554986
0.554986
0.554986
0.554986
0.554986
0.554986
0.554986
0.554986
0.554986
0.554986
0.554986
0.554986
0.554986
0.554986
0.554986
0.554986
0.554971
0.554936
0.554891
0.554861
0.554831
0.554798
0.554756
0.554732
0.554705
0.554678
0.554642
0.554606
0.554558
0.554516
0.554480
0.554435
0.554384
0.554342
0.554306
0.554267
0.554231
0.554190
0.554142
0.554100
0.554073
0.554043
0.553998
0.553962
0.553926
0.553890
0.553848
0.553803
0.553749
0.553695
0.553653
0.553623
0.553584
0.553548
0.553512
0.553479
0.553446
0.553417
0.553378
0.553342
0.553312
0.553276
0.553234
0.553195
0.553156
0.553114
0.553072
0.553030
0.552976
0.552937
0.552895
0.552847
0.552790
0.552745
0.552703
0.552658
0.552602
0.552545
0.552464
0.552377
0.552305
0.552230
0.552137
0.552038
0.551948
0.551853
0.551739
0.551622
0.551493
0.551355
0.551232
0.551101
0.550945
0.550789
0.550639
0.550486
0.550325
0.550154
0.549968
0.549797
0.549630
0.549465
0.549291
0.549129
0.548973
0.548818
0.548671
0.548524
0.548368
0.548227
0.548090
0.547961
0.547823
0.547691
0.547562
0.547439
0.547326
0.547215
0.547098
0.546990
0.546900
0.546819
0.546732
0.546669
0.546609
0.546562
0.546517
0.546481
0.546442
0.546403
0.546391
0.546382
0.546367
0.546364
0.546364
0.546364
0.546364
0.546364
0.546364
0.546364
0.546364
0.546364
0.546364
0.546406
0.546484
0.546553
0.546633
0.546705
0.546774
0.546852
0.546936
0.547014
0.547092
0.547179
0.547263
0.547347
0.547430
0.547514
0.547589
0.547658
0.547739
0.547832
0.547898
0.547973
0.548042
0.548110
0.548179
0.548245
0.548302
0.548356
0.548428
0.548494
0.548554
0.548626
0.548689
0.548752
0.548815
0.548865
0.548910
0.548955
0.548997
0.549042
0.549069
0.549108
0.549147
0.549177
0.549201
0.549216
0.549228
0.549237
0.549261
0.549273
0.549273
0.549273
0.549276
0.549276
0.549276
0.549276
0.549276
0.549276
0.549276
0.549276
0.549276
0.549276
0.549276
0.549276
0.549276
0.549276
0.549276
0.549276
0.549276
0.549276
0.549270
0.549246
0.549216
0.549186
0.549171
0.549153
0.549123
0.549108
0.549096
0.549081
0.549063
0.549054
0.549054
0.549054
0.549051
0.549051
0.549039
0.549036
0.549036
0.549033
0.549024
0.549021
0.549021
0.549021
0.549021
0.549021
0.549021
0.549021
0.549021
0.549021
0.549021
0.549021
0.549021
0.549021
0.549021
0.549021
0.549021
0.549021
0.549021
0.549021
0.549021
0.549021
0.549021
0.549021
0.549021
0.549021
0.549021
0.549021
0.549021
0.549021
0.549021
0.549021
0.549021
0.549021
0.549021
0.549021
0.549021
0.549021
0.549021
0.549021
0.549021
0.549021
0.549021
0.549021
0.549021
0.549021
0.549021
0.549021
0.549021
0.549021
0.549021
0.549021
0.549021
0.549021
0.549021
0.549021
0.549021
0.549021
0.549021
0.549021
0.549021
0.549021
0.549021
0.549021
0.549021
0.549021
0.549021
0.549021
0.549021
0.549021
0.549021
0.549021
0.549021
0.549021
0.549021
0.549021
0.549021
0.549021
0.549021
0.549021
0.549021
0.549021
0.549021
0.549021
0.549021
0.549021
0.549021
0.549021
0.549021
0.549021
0.549021
0.549021
0.549021
0.549021
0.549021
0.549021
0.549021
0.549021
0.549021
0.549021
0.549021