4.152852
4.152852
4.152852
4.152852
4.152852
4.152852
4.152852
4.152852
4.152852
4.152932
4.153172
4.153463
4.153804
4.154251
4.154778
4.155338
4.156013
4.156791
4.157615
4.158439
4.159281
4.160261
4.161355
4.162523
4.163706
4.165037
4.166508
4.167987
4.169537
4.171173
4.172910
4.174729
4.176616
4.178534
4.180544
4.182644
4.184846
4.187114
4.189451
4.191860
4.194350
4.196974
4.199644
4.202412
4.205232
4.208168
4.211203
4.214352
4.217548
4.220829
4.224215
4.227618
4.231144
4.234677
4.238344
4.242098
4.245960
4.249819
4.253792
4.257869
4.262037
4.266300
4.270599
4.274971
4.279417
4.283977
4.288588
4.293289
4.298070
4.302882
4.307826
4.313009
4.318036
4.323201
4.328492
4.333855
4.339317
4.344815
4.350358
4.356104
4.361940
4.367699
4.373703
4.379686
4.385825
4.391922
4.398199
4.404466
4.410890
4.417514
4.423974
4.430831
4.437546
4.444290
4.451175
4.458228
4.465325
4.472399
4.479802
4.486945
4.494525
4.501883
4.509454
4.517076
4.524872
4.532482
4.540376
4.548274
4.556145
4.564072
4.572030
4.579921
4.587873
4.595777
4.603695
4.611548
4.619553
4.627445
4.635355
4.643285
4.651192
4.659101
4.667089
4.675010
4.682982
4.690946
4.698871
4.706786
4.714819
4.722698
4.730647
4.738610
4.746571
4.754472
4.762387
4.770387
4.778296
4.786353
4.794247
4.802109
4.810156
4.818024
4.825996
4.833969
4.841869
4.849824
4.857794
4.865718
4.873535
4.881498
4.889327
4.897210
4.905137
4.912996
4.920894
4.928797
4.936626
4.944514
4.952499
4.960307
4.968219
4.976138
4.984012
4.991900
4.999866
5.007725
5.015644
5.023541
5.031385
5.039247
5.047180
5.055027
5.062966
5.070807
5.078645
5.086494
5.094386
5.102203
5.110065
5.117959
5.125782
5.133614
5.141490
5.149256
5.157103
5.164896
5.172721
5.180457
5.188217
5.195943
5.203778
5.211508
5.219190
5.226938
5.234772
5.242517
5.250151
5.257875
5.265623
5.273266
5.280981
5.288702
5.296338
5.304029
5.311582
5.319279
5.327036
5.334652
5.342355
5.349920
5.357476
5.365101
5.372738
5.380351
5.387880
5.395555
5.403100
5.410587
5.418278
5.425738
5.433201
5.440769
5.448295
5.455806
5.463266
5.470775
5.478235
5.485737
5.493114
5.500618
5.508106
5.515554
5.523005
5.530426
5.537823
5.545322
5.552693
5.560123
5.567535
5.575005
5.582417
5.589733
5.597196
5.604611
5.611949
5.619439
5.626759
5.634152
5.641559
5.648944
5.656284
5.663688
5.671013
5.678341
5.685745
5.693103
5.700317
5.707829
5.715055
5.722377
5.729733
5.737091
5.744396
5.751670
5.758873
5.766180
5.773694
5.780900
5.788249
5.795455
5.802744
5.810045
5.817323
5.824591
5.831851
5.839194
5.846369
5.853650
5.860990
5.868261
5.875470
5.882735
5.889905
5.897110
5.904292
5.911561
5.918709
5.925951
5.933084
5.940289
5.947549
5.954793
5.961825
5.969022
5.976182
5.983334
5.990441
5.997643
6.004723
6.011887
6.018963
6.026085
6.033197
6.040310
6.047306
6.054472
6.061489
6.068542
6.075615
6.082692
6.089727
6.096750
6.103761
6.110876
6.117812
6.124808
6.131876
6.138928
6.145867
6.152899
6.159871
6.166861
6.173844
6.180846
6.187689
6.194724
6.201660
6.208557
6.215477
6.222380
6.229337
6.236249
6.243134
6.250022
6.256883
6.263747
6.270617
6.277538
0.001153
0.007976
0.014881
0.021871
0.028603
0.035482
0.042277
0.049153
0.056017
0.062830
0.069637
0.076504
0.083362
0.090298
0.097048
0.103783
0.110605
0.117382
0.124348
0.131092
0.137882
0.144680
0.151499
0.158378
0.165161
0.171947
0.178688
0.185534
0.192326
0.199106
0.205868
0.212705
0.219497
0.226268
0.232994
0.239804
0.246587
0.253370
0.260052
0.266895
0.273675
0.280455
0.287091
0.293922
0.300762
0.307434
0.314199
0.321000
0.327721
0.334411
0.341182
0.347884
0.354598
0.361435
0.368158
0.374891
0.381494
0.388313
0.394985
0.401699
0.408312
0.415122
0.421791
0.428505
0.435129
0.441813
0.448483
0.455107
0.461809
0.468487
0.475151
0.481802
0.488399
0.495095
0.501761
0.508326
0.514977
0.521598
0.528310
0.534808
0.541540
0.548018
0.554615
0.561227
0.567878
0.574419
0.581034
0.587539
0.594079
0.600712
0.607223
0.613877
0.620327
0.626925
0.633399
0.640003
0.646525
0.653017
0.659573
0.666059
0.672561
0.679083
0.685609
0.691969
0.698587
0.705032
0.711479
0.717984
0.724521
0.730972
0.737467
0.743861
0.750341
0.756810
0.763239
0.769639
0.776107
0.782501
0.788886
0.795408
0.801838
0.808225
0.814700
0.821108
0.827511
0.833973
0.840313
0.846751
0.853271
0.859604
0.866109
0.872464
0.878887
0.885227
0.891683
0.898074
0.904482
0.910867
0.917249
0.923702
0.930135
0.936594
0.942964
0.949408
0.955712
0.962165
0.968592
0.974962
0.981361
0.987791
0.994109
1.000530
1.007031
1.013305
1.019714
1.026299
1.032507
1.038939
1.045345
1.051721
1.058081
1.064574
1.070835
1.077355
1.083698
1.090052
1.096419
1.102722
1.109083
1.115504
1.121933
1.128372
1.134684
1.141024
1.147400
1.153784
1.160034
1.166476
1.172785
1.179170
1.185542
1.191864
1.198228
1.204531
1.210814
1.217229
1.223482
1.229872
1.236245
1.242551
1.248903
1.255354
1.261567
1.267883
1.274232
1.280580
1.286839
1.293149
1.299459
1.305732
1.312048
1.318262
1.324547
1.330953
1.337236
1.343516
1.349702
1.356051
1.362280
1.368629
1.374854
1.381059
1.387339
1.393574
1.399805
1.406046
1.412233
1.418462
1.424783
1.430913
1.437121
1.443365
1.449603
1.455775
1.462031
1.468199
1.474365
1.480594
1.486889
1.492938
1.499122
1.505309
1.511474
1.517643
1.523734
1.529951
1.536180
1.542217
1.548422
1.554561
1.560760
1.566925
1.573115
1.579131
1.585387
1.591499
1.597587
1.603690
1.609919
1.616055
1.622173
1.628327
1.634477
1.640643
1.646800
1.652900
1.658991
1.665178
1.671305
1.677429
1.683556
1.689671
1.695855
1.701964
1.708118
1.714182
1.720389
1.726411
1.732571
1.738656
1.744753
1.750979
1.757097
1.763215
1.769345
1.775445
1.781575
1.787693
1.793805
1.799923
1.806020
1.812129
1.818247
1.824365
1.830432
1.836594
1.842584
1.848725
1.854798
1.860991
1.867118
1.873194
1.879246
1.885367
1.891482
1.897552
1.903661
1.909683
1.915780
1.921937
1.927989
1.934053
1.940114
1.946148
1.952356
1.958393
1.964406
1.970518
1.976603
1.982637
1.988695
1.994789
2.000808
2.006863
2.012885
2.018950
2.024983
2.031003
2.037016
2.043089
2.049069
2.055067
2.061107
2.067117
2.073121
2.079146
2.085114
2.091124
2.097233
2.103091
2.109122
2.115096
2.121028
2.127002
2.133021
2.138938
2.144883
2.150833
2.156792
2.162736
2.168683
2.174595
2.180548
2.186564
2.192379
2.198299
2.204339
2.210113
2.216039
2.221875
2.227891
2.233743
2.239591
2.245493
2.251338
2.257241
2.263173
2.268916
2.274890
2.280688
2.286536
2.292399
2.298122
2.304099
2.309839
2.315688
2.321455
2.327297
2.333143
2.338895
2.344726
2.350547
2.356299
2.362181
2.367924
2.373727
2.379498
2.385151
2.390970
2.396776
2.402523
2.408311
2.414060
2.419798
2.425676
2.431396
2.437118
2.442888
2.448680
2.454402
2.460161
2.465916
2.471609
2.477391
2.483065
2.488830
2.494546
2.500347
2.506009
2.511732
2.517499
2.523153
2.528890
2.534646
2.540383
2.546133
2.551873
2.557541
2.563249
2.568986
2.574688
2.580410
2.586082
2.591729
2.597446
2.603150
2.608810
2.614493
2.620222
2.625875
2.631544
2.637252
2.642932
2.648654
2.654368
2.659959
2.665657
2.671326
2.676997
2.682651
2.688277
2.693910
2.699546
2.705244
2.710838
2.716467
2.722121
2.727750
2.733431
2.739090
2.744678
2.750332
2.755958
2.761588
2.767160
2.772793
2.778336
2.783942
2.789562
2.795135
2.800710
2.806343
2.811931
2.817485
2.823115
2.828700
2.834239
2.839782
2.845322
2.850888
2.856494
2.861989
2.867528
2.873128
2.878653
2.884187
2.889693
2.895263
2.900686
2.906324
2.911768
2.917275
2.922809
2.928309
2.933846
2.939317
2.944821
2.950283
2.955765
2.961218
2.966686
2.972163
2.977669
2.983062
2.988587
2.993977
2.999409
3.004880
3.010290
3.015785
3.021211
3.026634
3.032039
3.037492
3.042858
3.048265
3.053634
3.058985
3.064381
3.069795
3.075146
3.080545
3.085944
3.091310
3.096640
3.102054
3.107375
3.112702
3.118113
3.123368
3.128778
3.134067
3.139340
3.144717
3.150048
3.155294
3.160591
3.166034
3.171251
3.176515
3.181935
3.187232
3.192493
3.197817
3.203132
3.208402
3.213708
3.218996
3.224209
3.229620
3.234764
3.240148
3.245403
3.250649
3.255883
3.261183
3.266486
3.271684
3.276981
3.282245
3.287489
3.292783
3.297999
3.303269
3.308503
3.313728
3.318947
3.324217
3.329439
3.334671
3.339935
3.345163
3.350397
3.355577
3.360778
3.366087
3.371303
3.376522
3.381721
3.386937
3.392105
3.397291
3.402471
3.407678
3.412823
3.418036
3.423183
3.428318
3.433564
3.438703
3.443856
3.449054
3.454189
3.459330
3.464511
3.469580
3.474673
3.479880
3.485025
3.490148
3.495241
3.500403
3.505473
3.510539
3.515704
3.520818
3.525864
3.530906
3.536023
3.541108
3.546135
3.551231
3.556304
3.561355
3.566403
3.571461
3.576479
3.581546
3.586594
3.591579
3.596574
3.601670
3.606664
3.611620
3.616689
3.621618
3.626702
3.631649
3.636649
3.641619
3.646581
3.651572
3.656498
3.661492
3.666397
3.671349
3.676332
3.681188
3.686117
3.691072
3.695965
3.700870
3.705792
3.710688
3.715616
3.720476
3.725389
3.730273
3.735078
3.739992
3.744858
3.749699
3.754493
3.759364
3.764179
3.769003
3.773814
3.778611
3.783435
3.788270
3.793058
3.797861
3.802691
3.807466
3.812215
3.817029
3.821772
3.826548
3.831324
3.836051
3.840806
3.845573
3.850265
3.854995
3.859753
3.864451
3.869161
3.873928
3.878590
3.883302
3.888033
3.892734
3.897477
3.902153
3.906818
3.911504
3.916190
3.920798
3.925487
3.930259
3.934802
3.939574
3.944209
3.948874
3.953446
3.958168
3.962797
3.967417
3.972102
3.976713
3.981354
3.985989
3.990600
3.995247
3.999897
4.004475
4.009077
4.013697
4.018296
4.022894
4.027500
4.032116
4.036796
4.041434
4.045955
4.050575
4.055180
4.059740
4.064270
4.068884
4.073363
4.078007
4.082525
4.087097
4.091660
4.096184
4.100732
4.105265
4.109834
4.114361
4.118867
4.123436
4.127972
4.132424
4.137008
4.141547
4.146029
4.150517
4.154970
4.159569
4.164057
4.168476
4.172985
4.177494
4.182027
4.186479
4.190898
4.195458
4.199920
4.204429
4.208851
4.213336
4.217815
4.222234
4.226696
4.231123
4.235597
4.240067
4.244453
4.248917
4.253429
4.257824
4.262252
4.266639
4.271241
4.275558
4.279923
4.284360
4.288804
4.293211
4.297576
4.301974
4.306427
4.310861
4.315181
4.319570
4.324049
4.328382
4.332750
4.337079
4.341447
4.345851
4.350238
4.354504
4.358923
4.363339
4.367636
4.371917
4.376232
4.380620
4.384938
4.389273
4.393516
4.397917
4.402243
4.406492
4.410755
4.415102
4.419416
4.423647
4.427886
4.432207
4.436515
4.440742
4.444985
4.449236
4.453488
4.457787
4.461928
4.466245
4.470409
4.474661
4.478873
4.483062
4.487382
4.491570
4.495702
4.499903
4.504175
4.508339
4.512516
4.516672
4.520815
4.525012
4.529237
4.533371
4.537470
4.541632
4.545778
4.549964
4.554098
4.558197
4.562349
4.566469
4.570645
4.574690
4.578789
4.582867
4.587016
4.591076
4.595105
4.599198
4.603284
4.607386
4.611416
4.615497
4.619565
4.623592
4.627676
4.631699
4.635699
4.639759
4.643719
4.647797
4.651797
4.655781
4.659823
4.663841
4.667852
4.671825
4.675804
4.679753
4.683764
4.687726
4.691653
4.695611
4.699578
4.703526
4.707437
4.711380
4.715241
4.719187
4.723157
4.727057
4.730956
4.734925
4.738823
4.742709
4.746622
4.750529
4.754442
4.758348
4.762238
4.766069
4.769934
4.773895
4.777697
4.781586
4.785433
4.789316
4.793142
4.797019
4.800925
4.804698
4.808637
4.812412
4.816289
4.820082
4.823914
4.827746
4.831530
4.835383
4.839155
4.842975
4.846756
4.850588
4.854417
4.858126
4.861943
4.865721
4.869538
4.873325
4.877085
4.880884
4.884608
4.888389
4.892092
4.895850
4.899640
4.903385
4.907124
4.910821
4.914620
4.918275
4.922014
4.925762
4.929483
4.933168
4.936830
4.940589
4.944278
4.947984
4.951696
4.955369
4.958967
4.962709
4.966302
4.970056
4.973690
4.977321
4.980956
4.984685
4.988263
4.991978
4.995606
4.999210
5.002833
5.006494
5.010068
5.013681
5.017301
5.020866
5.024479
5.028078
5.031688
5.035226
5.038812
5.042372
5.046015
5.049583
5.053122
5.056702
5.060312
5.063823
5.067356
5.070900
5.074456
5.077899
5.081521
5.085009
5.088472
5.091995
5.095498
5.098985
5.102499
5.105969
5.109492
5.112974
5.116461
5.119934
5.123400
5.126878
5.130369
5.133802
5.137257
5.140753
5.144106
5.147599
5.151039
5.154460
5.157887
5.161336
5.164728
5.168137
5.171579
5.174959
5.178357
5.181826
5.185101
5.188531
5.191896
5.195270
5.198610
5.202004
5.205318
5.208629
5.212032
5.215313
5.218680
5.222033
5.225344
5.228645
5.231998
5.235281
5.238580
5.241894
5.245151
5.248431
5.251733
5.255008
5.258261
5.261533
5.264733
5.268055
5.271282
5.274524
5.277730
5.280978
5.284165
5.287398
5.290607
5.293788
5.296979
5.300140
5.303298
5.306447
5.309620
5.312810
5.315980
5.319150
5.322236
5.325379
5.328540
5.331656
5.334829
5.337912
5.341006
5.344131
5.347253
5.350354
5.353401
5.356502
5.359507
5.362614
5.365667
5.368723
5.371722
5.374769
5.377783
5.380812
5.383832
5.386849
5.389881
5.392910
5.395852
5.398851
5.401826
5.404829
5.407789
5.410815
5.413712
5.416666
5.419644
5.422604
5.425540
5.428483
5.431418
5.434340
5.437270
5.440149
5.443085
5.445971
5.448892
5.451762
5.454638
5.457535
5.460405
5.463275
5.466131
5.468974
5.471841
5.474676
5.477552
5.480440
5.483232
5.486126
5.488910
5.491717
5.494551
5.497410
5.500226
5.503018
5.505832
5.508597
5.511416
5.514203
5.516983
5.519793
5.522609
5.525336
5.528107
5.530900
5.533692
5.536454
5.539223
5.541955
5.544729
5.547447
5.550173
5.552933
5.555668
5.558400
5.561127
5.563844
5.566559
5.569261
5.572002
5.574672
5.577380
5.580131
5.582764
5.585407
5.588112
5.590817
5.593505
5.596178
5.598889
5.601534
5.604165
5.606792
5.609453
5.612162
5.614780
5.617450
5.620074
5.622684
5.625288
5.627918
5.630537
5.633182
5.635770
5.638347
5.640879
5.643491
5.646062
5.648639
5.651194
5.653786
5.656351
5.658918
5.661444
5.664026
5.666594
5.669135
5.671672
5.674216
5.676714
5.679195
5.681724
5.684214
5.686730
5.689268
5.691749
5.694218
5.696737
5.699122
5.701630
5.704095
5.706594
5.709021
5.711526
5.713923
5.716383
5.718827
5.721233
5.723672
5.726135
5.728540
5.730970
5.733376
5.735764
5.738167
5.740575
5.742966
5.745369
5.747754
5.750103
5.752470
5.754816
5.757135
5.759501
5.761896
5.764247
5.766557
5.768906
5.771219
5.773529
5.775857
5.778179
5.780519
5.782850
5.785160
5.787464
5.789759
5.792057
5.794337
5.796623
5.798900
5.801186
5.803487
5.805725
5.808017
5.810267
5.812535
5.814767
5.817065
5.819300
5.821538
5.823806
5.825996
5.828270
5.830493
5.832710
5.834954
5.837156
5.839346
5.841525
5.843778
5.845965
5.848191
5.850378
5.852577
5.854779
5.857011
5.859216
5.861347
5.863561
5.865757
5.867887
5.870110
5.872252
5.874430
5.876606
5.878715
5.880929
5.883056
5.885177
5.887320
5.889503
5.891610
5.893740
5.895912
5.898024
5.900160
5.902300
5.904382
5.906470
5.908595
5.910695
5.912786
5.914892
5.917031
5.919090
5.921244
5.923320
5.925390
5.927466
5.929540
5.931643
5.933731
5.935781
5.937833
5.939918
5.941973
5.944005
5.946036
5.948067
5.950078
5.952127
5.954149
5.956166
5.958200
5.960249
5.962242
5.964273
5.966316
5.968291
5.970301
5.972300
5.974319
5.976293
5.978280
5.980278
5.982258
5.984221
5.986165
5.988119
5.990096
5.992053
5.994024
5.995933
5.997871
5.999806
6.001727
6.003683
6.005547
6.007461
6.009337
6.011272
6.013199
6.015101
6.016989
6.018915
6.020755
6.022663
6.024509
6.026381
6.028206
6.030087
6.031975
6.033812
6.035672
6.037524
6.039354
6.041167
6.042959
6.044729
6.046578
6.048411
6.050212
6.052007
6.053825
6.055608
6.057415
6.059209
6.060992
6.062762
6.064506
6.066304
6.068036
6.069842
6.071592
6.073329
6.075073
6.076769
6.078489
6.080224
6.081952
6.083684
6.085443
6.087142
6.088867
6.090608
6.092298
6.094014
6.095695
6.097370
6.099027
6.100722
6.102379
6.104042
6.105756
6.107434
6.109097
6.110765
6.112425
6.114043
6.115724
6.117369
6.119029
6.120643
6.122273
6.123909
6.125554
6.127187
6.128808
6.130414
6.132040
6.133652
6.135264
6.136843
6.138458
6.140067
6.141685
6.143279
6.144872
6.146454
6.148024
6.149627
6.151215
6.152794
6.154370
6.155907
6.157471
6.159041
6.160596
6.162159
6.163700
6.165287
6.166824
6.168365
6.169908
6.171447
6.173002
6.174548
6.176091
6.177631
6.179165
6.180669
6.182194
6.183695
6.185220
6.186739
6.188246
6.189747
6.191242
6.192729
6.194235
6.195769
6.197282
6.198783
6.200290
6.201786
6.203271
6.204716
6.206187
6.207625
6.209084
6.210552
6.212020
6.213473
6.214932
6.216394
6.217865
6.219321
6.220787
6.222242
6.223701
6.225142
6.226578
6.227977
6.229388
6.230841
6.232265
6.233706
6.235098
6.236495
6.237906
6.239329
6.240731
6.242142
6.243592
6.245000
6.246388
6.247775
6.249156
6.250540
6.251945
6.253339
6.254729
6.256077
6.257476
6.258810
6.260221
6.261548
6.262914
6.264301
6.265658
6.267045
6.268382
6.269718
6.271054
6.272399
6.273730
6.275078
6.276417
6.277756
6.279087
6.280426
6.281729
6.283020
0.001162
0.002457
0.003805
0.005144
0.006445
0.007730
0.009042
0.010351
0.011640
0.012934
0.014240
0.015517
0.016793
0.018066
0.019319
0.020583
0.021853
0.023124
0.024418
0.025670
0.026935
0.028196
0.029499
0.030725
0.031995
0.033235
0.034464
0.035713
0.036932
0.038131
0.039392
0.040588
0.041810
0.043026
0.044240
0.045444
0.046664
0.047886
0.049111
0.050328
0.051520
0.052755
0.053944
0.055151
0.056320
0.057509
0.058663
0.059861
0.061006
0.062162
0.063322
0.064505
0.065674
0.066818
0.067972
0.069110
0.070267
0.071432
0.072564
0.073712
0.074874
0.076013
0.077166
0.078317
0.079440
0.080567
0.081666
0.082775
0.083896
0.085010
0.086119
0.087248
0.088354
0.089438
0.090535
0.091613
0.092689
0.093786
0.094876
0.095949
0.097054
0.098151
0.099223
0.100329
0.101408
0.102459
0.103517
0.104583
0.105629
0.106684
0.107741
0.108796
0.109853
0.110884
0.111918
0.112909
0.113940
0.114950
0.115992
0.117008
0.118027
0.119066
0.120106
0.121149
0.122194
0.123210
0.124193
0.125202
0.126191
0.127171
0.128150
0.129148
0.130143
0.131125
0.132120
0.133091
0.134056
0.135029
0.135979
0.136920
0.137873
0.138873
0.139826
0.140830
0.141785
0.142756
0.143739
0.144686
0.145641
0.146588
0.147514
0.148443
0.149371
0.150303
0.151226
0.152161
0.153069
0.154015
0.154917
0.155819
0.156709
0.157623
0.158512
0.159402
0.160286
0.161170
0.162069
0.162973
0.163878
0.164786
0.165691
0.166587
0.167483
0.168387
0.169259
0.170110
0.170991
0.171854
0.172726
0.173541
0.174379
0.175254
0.176096
0.176923
0.177765
0.178619
0.179458
0.180285
0.181112
0.181939
0.182780
0.183586
0.184413
0.185249
0.186079
0.186903
0.187742
0.188578
0.189408
0.190223
0.191064
0.191861
0.192667
0.193449
0.194213
0.195004
0.195768
0.196550
0.197341
0.198099
0.198869
0.199630
0.200379
0.201125
0.201889
0.202605
0.203351
0.204109
0.204843
0.205565
0.206317
0.207045
0.207815
0.208561
0.209316
0.210062
0.210832
0.211581
0.212334
0.213059
0.213799
0.214521
0.215234
0.215950
0.216642
0.217322
0.218026
0.218700
0.219395
0.220054
0.220737
0.221406
0.222065
0.222736
0.223404
0.224048
0.224701
0.225348
0.225993
0.226637
0.227290
0.227928
0.228584
0.229222
0.229872
0.230508
0.231167
0.231850
0.232512
0.233165
0.233806
0.234468
0.235133
0.235784
0.236428
0.237063
0.237689
0.238297
0.238903
0.239490
0.240092
0.240685
0.241266
0.241845
0.242414
0.242968
0.243546
0.244104
0.244658
0.245203
0.245749
0.246285
0.246830
0.247366
0.247888
0.248418
0.248939
0.249467
0.249991
0.250515
0.251046
0.251582
0.252100
0.252636
0.253149
0.253679
0.254212
0.254752
0.255288
0.255815
0.256352
0.256897
0.257436
0.257990
0.258539
0.259084
0.259617
0.260145
0.260642
0.261133
0.261631
0.262116
0.262592
0.263054
0.263509
0.263956
0.264402
0.264842
0.265274
0.265693
0.266128
0.266562
0.267006
0.267446
0.267889
0.268303
0.268728
0.269154
0.269576
0.269978
0.270397
0.270811
0.271221
0.271637
0.272033
0.272416
0.272788
0.273168
0.273546
0.273911
0.274277
0.274654
0.275032
0.275415
0.275799
0.276179
0.276563
0.276964
0.277348
0.277752
0.278163
0.278579
0.278990
0.279406
0.279826
0.280242
0.280662
0.281084
0.281497
0.281896
0.282300
0.282690
0.283070
0.283433
0.283771
0.284098
0.284428
0.284757
0.285072
0.285374
0.285674
0.285974
0.286264
0.286534
0.286803
0.287058
0.287328
0.287588
0.287846
0.288083
0.288319
0.288568
0.288817
0.289062
0.289305
0.289539
0.289794
0.290033
0.290273
0.290507
0.290764
0.291001
0.291229
0.291447
0.291657
0.291852
0.292056
0.292253
0.292451
0.292646
0.292850
0.293038
0.293227
0.293419
0.293605
0.293787
0.293970
0.294153
0.294330
0.294482
0.294647
0.294809
0.294962
0.295100
0.295228
0.295348
0.295480
0.295603
0.295708
0.295804
0.295906
0.296013
0.296118
0.296211
0.296298
0.296373
0.296451
0.296529
0.296604
0.296661
0.296723
0.296792
0.296855
0.296918
0.296969
0.297011
0.297077
0.297134
0.297185
0.297236
0.297293
0.297347
0.297395
0.297439
0.297481
0.297514
0.297541
0.297583
0.297625
0.297652
0.297688
0.297727
0.297760
0.297790
0.297823
0.297853
0.297892
0.297925
0.297949
0.297964
0.297985
0.298015
0.298039
0.298057
0.298066
0.298066
0.298087
0.298108
0.298123
0.298132
0.298150
0.298168
0.298185
0.298203
0.298212
0.298221
0.298233
0.298239
0.298251
0.298254
0.298269
0.298281
0.298293
0.298299
0.298305
0.298305
0.298314
0.298338
0.298350
0.298359
0.298377
0.298395
0.298413
0.298425
0.298431
0.298437
0.298446
0.298452
0.298461
0.298461
0.298461
0.298476
0.298488
0.298500
0.298506
0.298515
0.298539
0.298557
0.298560
0.298560
0.298575
0.298596
0.298608
0.298617
0.298626
0.298632
0.298650
0.298671
0.298683
0.298698
0.298719
0.298743
0.298767
0.298791
0.298809
0.298821
0.298842
0.298875
0.298902
0.298920
0.298955
0.298991
0.299024
0.299057
0.299090
0.299120
0.299168
0.299216
0.299270
0.299318
0.299372
0.299444
0.299516
0.299588
0.299660
0.299734
0.299818
0.299911
0.300007
0.300103
0.300217
0.300337
0.300462
0.300597
0.300726
0.300870
0.301026
0.301188
0.301346
0.301499
0.301667
0.301835
0.302014
0.302179
0.302347
0.302503
0.302671
0.302850
0.303018
0.303174
0.303348
0.303512
0.303683
0.303848
0.304004
0.304145
0.304306
0.304453
0.304591
0.304708
0.304846
0.304975
0.305106
0.305226
0.305337
0.305433
0.305529
0.305622
0.305694
0.305757
0.305822
0.305876
0.305918
0.305936
0.305951
0.305951
0.305951
0.305951
0.305951
0.305951
0.305951
0.305951
0.305951
0.305951
0.305951
0.305915
0.305834
0.305763
0.305676
0.305577
0.305487
0.305394
0.305298
0.305202
0.305097
0.304999
0.304906
0.304825
0.304729
0.304621
0.304531
0.304462
0.304387
0.304315
0.304235
0.304154
0.304085
0.304016
0.303950
0.303884
0.303824
0.303764
0.303710
0.303659
0.303608
0.303560
0.303518
0.303486
0.303453
0.303420
0.303405
0.303384
0.303369
0.303357
0.303339
0.303312
0.303294
0.303294
0.303294
0.303288
0.303288
0.303288
0.303288
0.303288
0.303288
0.303288
0.303288
0.303288
0.303288
0.303288
0.303288
0.303288
0.303288
0.303288
0.303288
0.303288
0.303288
0.303309
0.303339
0.303363
0.303402
0.303441
0.303480
0.303524
0.303563
0.303590
0.303632
0.303662
0.303695
0.303719
0.303752
0.303785
0.303818
0.303848
0.303863
0.303881
0.303908
0.303941
0.303971
0.303992
0.304022
0.304046
0.304073
0.304094
0.304109
0.304112
0.304130
0.304142
0.304145
0.304145
0.304145
0.304154
0.304163
0.304175
0.304184
0.304187
0.304199
0.304205
0.304205
0.304205
0.304205
0.304205
0.304205
0.304205
0.304205
0.304205
0.304205
0.304205
0.304205
0.304205
0.304205
0.304205
0.304205
0.304205
0.304205
0.304205
0.304205
0.304205
0.304205
0.304205
0.304205
0.304205
0.304205
0.304205
0.304205
0.304205
0.304205
0.304205
0.304205
0.304205
0.304205
0.304205
0.304205
0.304205
0.304205
0.304205
0.304205
0.304205
0.304205
0.304205
0.304205
0.304205
0.304205
0.304205
0.304205
0.304205
0.304205
0.304205
0.304205
0.304205
0.304205
0.304205
0.304205
0.304205
0.304205
0.304205
0.304205
0.304205
0.304205
0.304205
0.304205
0.304205
0.304205
0.304205
0.304205
0.304205
0.304205
0.304205
0.304205
0.304205
0.304205
0.304205
0.304205
0.304205
0.304205
0.304205
0.304205
0.304205
0.304205
0.304205
0.304205
0.304205
0.304205
0.304205
0.304205
0.304205
0.304205
0.304205
0.304205
0.304205
0.304205
0.304205
0.304205
0.304205
0.304205
0.304205
0.304205