2.287159
2.287159
2.287159
2.287159
2.287159
2.287159
2.287159
2.287159
2.287159
2.287159
2.287360
2.287675
2.288055
2.288511
2.289017
2.289601
2.290272
2.291015
2.291794
2.292651
2.293556
2.294554
2.295653
2.296822
2.298086
2.299473
2.300944
2.302460
2.304114
2.305795
2.307559
2.309384
2.311341
2.313300
2.315382
2.317527
2.319786
2.322138
2.324571
2.327055
2.329628
2.332307
2.335036
2.337823
2.340765
2.343749
2.346823
2.350026
2.353222
2.356593
2.360039
2.363526
2.367103
2.370758
2.374465
2.378278
2.382194
2.386173
2.390242
2.394373
2.398637
2.402870
2.407313
2.411732
2.416325
2.420948
2.425574
2.430389
2.435365
2.440360
2.445342
2.450438
2.455678
2.461098
2.466416
2.471878
2.477460
2.483152
2.488869
2.494582
2.500532
2.506543
2.512562
2.518692
2.524956
2.531281
2.537746
2.544014
2.550663
2.557440
2.564034
2.570793
2.577771
2.584758
2.591738
2.599025
2.606200
2.613535
2.621025
2.628389
2.635960
2.643732
2.651438
2.659117
2.667029
2.675023
2.683187
2.691283
2.699375
2.707644
2.715886
2.724017
2.732254
2.740502
2.748672
2.756827
2.765060
2.773305
2.781533
2.789712
2.798068
2.806187
2.814672
2.822845
2.831060
2.839599
2.847757
2.855913
2.864293
2.872427
2.880567
2.888794
2.896986
2.905228
2.913506
2.921688
2.929897
2.938154
2.946280
2.954474
2.962650
2.970835
2.978961
2.987164
2.995307
3.003459
3.011573
3.019656
3.027835
3.035874
3.043948
3.052100
3.060016
3.068198
3.076156
3.084302
3.092317
3.100526
3.108591
3.116579
3.124584
3.132667
3.140694
3.148645
3.156783
3.164608
3.172737
3.180703
3.188763
3.196693
3.204675
3.212512
3.220512
3.228580
3.236511
3.244501
3.252656
3.260647
3.268661
3.276529
3.284597
3.292489
3.300429
3.308236
3.316278
3.324232
3.332169
3.340030
3.347943
3.355835
3.363882
3.371855
3.379779
3.387728
3.395535
3.403412
3.411471
3.419333
3.427174
3.435245
3.443026
3.451004
3.458905
3.466761
3.474640
3.482589
3.490414
3.498312
3.506162
3.514092
3.521927
3.529708
3.537746
3.545482
3.553314
3.561259
3.569082
3.576860
3.584658
3.592442
3.600223
3.608064
3.615829
3.623607
3.631457
3.639166
3.646914
3.654709
3.662436
3.670274
3.677836
3.685683
3.693256
3.701130
3.708680
3.716434
3.724104
3.731729
3.739450
3.747072
3.754766
3.762336
3.770099
3.777634
3.785244
3.792789
3.800380
3.808164
3.815699
3.823249
3.830889
3.838475
3.846034
3.853530
3.861171
3.868706
3.876229
3.883716
3.891293
3.898789
3.906282
3.913850
3.921310
3.928944
3.936458
3.943924
3.951469
3.958941
3.966455
3.973939
3.981417
3.988787
3.996287
4.003893
4.011306
4.018811
4.026184
4.033665
4.041251
4.048661
4.056109
4.063635
4.071059
4.078468
4.085947
4.093332
4.100819
4.108360
4.115655
4.123098
4.130573
4.137940
4.145370
4.152894
4.160297
4.167742
4.175187
4.182621
4.190060
4.197481
4.204932
4.212314
4.219813
4.227133
4.234554
4.242077
4.249456
4.256797
4.264287
4.271690
4.278997
4.286479
4.293840
4.301177
4.308610
4.315984
4.323300
4.330730
4.338130
4.345372
4.352826
4.360161
4.367543
4.374743
4.382065
4.389516
4.396811
4.404116
4.411585
4.418848
4.426098
4.433501
4.440740
4.448092
4.455307
4.462620
4.469792
4.477108
4.484521
4.491663
4.498935
4.506272
4.513466
4.520719
4.527979
4.535172
4.542393
4.549661
4.556855
4.564114
4.571371
4.578477
4.585689
4.592876
4.599974
4.607159
4.614403
4.621617
4.628667
4.635867
4.642967
4.650134
4.657265
4.664383
4.671517
4.678692
4.685805
4.692816
4.700072
4.707065
4.714118
4.721236
4.728340
4.735399
4.742499
4.749540
4.756659
4.763801
4.770908
4.777957
4.785019
4.792084
4.799188
4.806246
4.813320
4.820427
4.827449
4.834565
4.841693
4.848742
4.855723
4.862899
4.869868
4.876917
4.884009
4.891044
4.898220
4.905230
4.912277
4.919335
4.926341
4.933393
4.940449
4.947469
4.954458
4.961538
4.968555
4.975544
4.982570
4.989605
4.996595
5.003669
5.010769
5.017669
5.024734
5.031706
5.038671
5.045700
5.052768
5.059650
5.066643
5.073674
5.080631
5.087579
5.094599
5.101484
5.108579
5.115541
5.122486
5.129350
5.136382
5.143306
5.150304
5.157219
5.164089
5.171088
5.177970
5.184855
5.191716
5.198697
5.205561
5.212446
5.219361
5.226216
5.233088
5.240009
5.246813
5.253591
5.260527
5.267310
5.274051
5.281004
5.287731
5.294528
5.301318
5.308080
5.314863
5.321679
5.328393
5.335146
5.341977
5.348638
5.355358
5.362201
5.368804
5.375452
5.382328
5.388896
5.395672
5.402330
5.408960
5.415606
5.422305
5.428890
5.435550
5.442252
5.448862
5.455432
5.462089
5.468713
5.475323
5.481947
5.488463
5.495046
5.501661
5.508210
5.514811
5.521390
5.527876
5.534477
5.540999
5.547534
5.554053
5.560624
5.567206
5.573608
5.580226
5.586716
5.593259
5.599812
5.606280
5.612725
5.619325
5.625674
5.632232
5.638737
5.645175
5.651674
5.658238
5.664661
5.671094
5.677601
5.684043
5.690454
5.696995
5.703403
5.709818
5.716280
5.722698
5.729095
5.735530
5.741954
5.748437
5.754801
5.761179
5.767600
5.774107
5.780438
5.786844
5.793324
5.799643
5.805985
5.812424
5.818806
5.825178
5.831554
5.837924
5.844269
5.850651
5.856960
5.863339
5.869678
5.876042
5.882310
5.888614
5.894986
5.901335
5.907701
5.913933
5.920288
5.926571
5.932887
5.939145
5.945443
5.951695
5.957994
5.964288
5.970526
5.976799
5.983118
5.989311
5.995549
6.001817
6.008072
6.014184
6.020494
6.026675
6.032943
6.039100
6.045269
6.051482
6.057666
6.063862
6.069974
6.076241
6.082300
6.088505
6.094635
6.100836
6.106918
6.113060
6.119145
6.125272
6.131441
6.137430
6.143680
6.149762
6.155823
6.161887
6.168014
6.174042
6.180100
6.186212
6.192231
6.198304
6.204326
6.210372
6.216451
6.222461
6.228519
6.234541
6.240551
6.246601
6.252572
6.258597
6.264526
6.270518
6.276546
6.282535
0.005285
0.011271
0.017272
0.023285
0.029188
0.035138
0.041205
0.047083
0.053126
0.059004
0.064993
0.070890
0.076840
0.082763
0.088716
0.094723
0.100551
0.106531
0.112496
0.118410
0.124402
0.130224
0.136129
0.142097
0.148041
0.153964
0.159876
0.165712
0.171659
0.177549
0.183520
0.189399
0.195241
0.201239
0.207057
0.212918
0.218850
0.224695
0.230532
0.236524
0.242327
0.248211
0.254093
0.259929
0.265789
0.271724
0.277564
0.283376
0.289257
0.295115
0.300978
0.306847
0.312632
0.318499
0.324365
0.330132
0.336047
0.341907
0.347686
0.353589
0.359365
0.365159
0.370996
0.376817
0.382605
0.388379
0.394224
0.399982
0.405762
0.411574
0.417321
0.423091
0.428939
0.434740
0.440483
0.446257
0.451916
0.457716
0.463490
0.469206
0.474968
0.480741
0.486443
0.492183
0.497954
0.503640
0.509410
0.515151
0.520801
0.526611
0.532294
0.537981
0.543634
0.549408
0.554995
0.560694
0.566372
0.572043
0.577706
0.583386
0.589067
0.594723
0.600356
0.606006
0.611645
0.617307
0.623003
0.628513
0.634205
0.639853
0.645404
0.651181
0.656643
0.662314
0.667899
0.673418
0.679116
0.684722
0.690288
0.695861
0.701443
0.706967
0.712576
0.718179
0.723739
0.729285
0.734846
0.740391
0.745937
0.751504
0.757041
0.762556
0.768117
0.773651
0.779208
0.784712
0.790210
0.795776
0.801325
0.806886
0.812291
0.817911
0.823274
0.828862
0.834438
0.839777
0.845388
0.850847
0.856372
0.861792
0.867361
0.872865
0.878288
0.883840
0.889343
0.894754
0.900264
0.905840
0.911224
0.916730
0.922225
0.927756
0.933134
0.938643
0.944075
0.949597
0.955101
0.960539
0.966027
0.971444
0.976957
0.982422
0.987872
0.993378
0.998852
1.004281
1.009653
1.015184
1.020645
1.026071
1.031539
1.036974
1.042514
1.047853
1.053407
1.058752
1.064229
1.069652
1.075114
1.080570
1.085995
1.091385
1.096895
1.102252
1.107666
1.113107
1.118533
1.123955
1.129387
1.134783
1.140194
1.145662
1.151019
1.156475
1.161817
1.167350
1.172593
1.178094
1.183379
1.188898
1.194207
1.199618
1.205065
1.210380
1.215758
1.221103
1.226514
1.231858
1.237227
1.242617
1.247959
1.253331
1.258718
1.264033
1.269447
1.274714
1.280128
1.285419
1.290800
1.296124
1.301439
1.306775
1.312108
1.317405
1.322759
1.328053
1.333356
1.338761
1.344001
1.349262
1.354628
1.359895
1.365234
1.370465
1.375789
1.381068
1.386401
1.391656
1.396920
1.402184
1.407433
1.412718
1.417967
1.423232
1.428487
1.433769
1.439012
1.444198
1.449477
1.454687
1.459933
1.465170
1.470339
1.475579
1.480813
1.486014
1.491203
1.496527
1.501674
1.506834
1.512089
1.517194
1.522473
1.527671
1.532782
1.537989
1.543164
1.548272
1.553494
1.558680
1.563890
1.568933
1.574236
1.579260
1.584542
1.589669
1.594849
1.599996
1.605155
1.610284
1.615435
1.620624
1.625786
1.630855
1.636056
1.641177
1.646363
1.651456
1.656693
1.661819
1.666994
1.672087
1.677231
1.682417
1.687493
1.692628
1.697847
1.702871
1.708094
1.713235
1.718307
1.723433
1.728566
1.733701
1.738836
1.743953
1.749038
1.754176
1.759350
1.764413
1.769477
1.774711
1.779780
1.784850
1.790024
1.795072
1.800180
1.805286
1.810376
1.815466
1.820614
1.825635
1.830734
1.835860
1.840924
1.846017
1.851128
1.856192
1.861273
1.866405
1.871433
1.876490
1.881595
1.886623
1.891719
1.896761
1.901849
1.906909
1.911999
1.917027
1.922129
1.927123
1.932166
1.937271
1.942271
1.947362
1.952320
1.957380
1.962414
1.967453
1.972472
1.977466
1.982595
1.987554
1.992584
1.997647
2.002603
2.007648
2.012640
2.017637
2.022632
2.027602
2.032593
2.037576
2.042654
2.047529
2.052532
2.057533
2.062458
2.067441
2.072378
2.077312
2.082265
2.087185
2.092149
2.097048
2.102021
2.106959
2.111839
2.116917
2.121747
2.126637
2.131574
2.136518
2.141389
2.146294
2.151159
2.156067
2.160969
2.165849
2.170670
2.175556
2.180410
2.185282
2.190201
2.195070
2.199917
2.204801
2.209576
2.214427
2.219278
2.224104
2.228952
2.233788
2.238563
2.243417
2.248208
2.252971
2.257846
2.262664
2.267415
2.272248
2.277030
2.281838
2.286563
2.291468
2.296186
2.300962
2.305750
2.310487
2.315238
2.320005
2.324742
2.329494
2.334305
2.338979
2.343725
2.348561
2.353201
2.357908
2.362738
2.367424
2.372101
2.376831
2.381529
2.386314
2.391009
2.395710
2.400368
2.405159
2.409794
2.414444
2.419214
2.423905
2.428594
2.433322
2.437921
2.442634
2.447356
2.451975
2.456700
2.461434
2.466003
2.470743
2.475431
2.480042
2.484716
2.489441
2.494085
2.498723
2.503427
2.508038
2.512720
2.517382
2.521951
2.526667
2.531251
2.535985
2.540539
2.545162
2.549850
2.554482
2.559090
2.563695
2.568285
2.572983
2.577618
2.582223
2.586846
2.591412
2.596032
2.600715
2.605239
2.609862
2.614487
2.619009
2.623697
2.628239
2.632892
2.637431
2.642000
2.646566
2.651192
2.655848
2.660387
2.664923
2.669522
2.674073
2.678714
2.683172
2.687744
2.692283
2.696864
2.701400
2.705984
2.710544
2.715077
2.719589
2.724143
2.728661
2.733212
2.737712
2.742260
2.746760
2.751299
2.755788
2.760314
2.764908
2.769294
2.773815
2.778333
2.782806
2.787297
2.791788
2.796255
2.800737
2.805216
2.809800
2.814187
2.818717
2.823085
2.827546
2.832085
2.836510
2.840959
2.845381
2.849849
2.854262
2.858723
2.863130
2.867552
2.872016
2.876448
2.880840
2.885265
2.889669
2.894094
2.898514
2.902894
2.907262
2.911759
2.916103
2.920424
2.924816
2.929217
2.933615
2.938011
2.942352
2.946798
2.951064
2.955493
2.959774
2.964199
2.968498
2.972843
2.977148
2.981501
2.985801
2.990145
2.994516
2.998786
3.003172
3.007438
3.011755
3.016079
3.020351
3.024678
3.028968
3.033243
3.037531
3.041830
3.046114
3.050372
3.054665
3.058949
3.063126
3.067401
3.071683
3.075895
3.080179
3.084401
3.088601
3.092865
3.097128
3.101413
3.105574
3.109879
3.114050
3.118277
3.122475
3.126684
3.130903
3.135091
3.139277
3.143525
3.147666
3.151857
3.156061
3.160255
3.164432
3.168599
3.172752
3.176940
3.181120
3.185266
3.189481
3.193604
3.197808
3.201915
3.206134
3.210232
3.214403
3.218558
3.222702
3.226869
3.231037
3.235174
3.239318
3.243447
3.247587
3.251683
3.255811
3.260006
3.264060
3.268188
3.272272
3.276406
3.280526
3.284654
3.288774
3.292899
3.296962
3.301013
3.305240
3.309258
3.313401
3.317452
3.321518
3.325679
3.329778
3.333832
3.337909
3.341996
3.346044
3.350127
3.354181
3.358217
3.362291
3.366402
3.370374
3.374497
3.378533
3.382581
3.386622
3.390658
3.394685
3.398732
3.402735
3.406777
3.410797
3.414800
3.418773
3.422802
3.426817
3.430793
3.434883
3.438798
3.442834
3.446807
3.450786
3.454731
3.458668
3.462674
3.466629
3.470590
3.474544
3.478469
3.482430
3.486349
3.490283
3.494210
3.498129
3.502036
3.505979
3.509892
3.513826
3.517694
3.521585
3.525465
3.529408
3.533177
3.537150
3.540985
3.544850
3.548652
3.552547
3.556412
3.560286
3.564126
3.567961
3.571781
3.575616
3.579409
3.583292
3.587091
3.590869
3.594692
3.598521
3.602329
3.606074
3.609885
3.613645
3.617420
3.621222
3.624973
3.628739
3.632505
3.636266
3.640007
3.643762
3.647471
3.651195
3.654937
3.658664
3.662379
3.666094
3.669794
3.673522
3.677227
3.680871
3.684571
3.688274
3.691956
3.695668
3.699296
3.702934
3.706568
3.710259
3.713884
3.717602
3.721171
3.724766
3.728367
3.731998
3.735648
3.739231
3.742883
3.746430
3.750041
3.753645
3.757207
3.760797
3.764416
3.767924
3.771510
3.775067
3.778584
3.782095
3.785679
3.789199
3.792681
3.796258
3.799799
3.803323
3.806834
3.810330
3.813818
3.817380
3.820847
3.824340
3.827824
3.831273
3.834703
3.838218
3.841660
3.845091
3.848554
3.852059
3.855463
3.858917
3.862303
3.865817
3.869224
3.872648
3.876076
3.879488
3.882886
3.886298
3.889714
3.893126
3.896530
3.899891
3.903259
3.906657
3.910108
3.913443
3.916828
3.920229
3.923560
3.926916
3.930340
3.933636
3.937057
3.940374
3.943694
3.947019
3.950351
3.953692
3.957029
3.960358
3.963645
3.966967
3.970317
3.973651
3.976932
3.980288
3.983586
3.986867
3.990166
3.993455
3.996739
4.000092
4.003315
4.006656
4.009928
4.013155
4.016447
4.019742
4.023032
4.026289
4.029555
4.032821
4.036059
4.039325
4.042564
4.045826
4.049089
4.052322
4.055519
4.058715
4.061975
4.065175
4.068393
4.071596
4.074795
4.077962
4.081126
4.084323
4.087553
4.090707
4.093901
4.097062
4.100241
4.103416
4.106577
4.109738
4.112881
4.116066
4.119194
4.122322
4.125453
4.128562
4.131705
4.134875
4.138009
4.141101
4.144247
4.147321
4.150458
4.153559
4.156660
4.159766
4.162879
4.165905
4.168988
4.172053
4.175124
4.178207
4.181302
4.184361
4.187402
4.190497
4.193526
4.196585
4.199644
4.202667
4.205723
4.208776
4.211784
4.214804
4.217809
4.220901
4.223843
4.226872
4.229889
4.232876
4.235899
4.238856
4.241906
4.244915
4.247934
4.250900
4.253876
4.256835
4.259793
4.262774
4.265782
4.268688
4.271747
4.274629
4.277575
4.280508
4.283450
4.286410
4.289358
4.292297
4.295254
4.298217
4.301073
4.304020
4.307002
4.309872
4.312787
4.315693
4.318594
4.321511
4.324399
4.327351
4.330221
4.333070
4.335938
4.338861
4.341780
4.344647
4.347532
4.350351
4.353192
4.356047
4.358929
4.361791
4.364610
4.367441
4.370239
4.373068
4.375926
4.378745
4.381579
4.384420
4.387215
4.389962
4.392815
4.395619
4.398378
4.401209
4.403960
4.406723
4.409467
4.412217
4.415054
4.417811
4.420534
4.423261
4.426026
4.428743
4.431476
4.434229
4.436988
4.439679
4.442367
4.445024
4.447738
4.450423
4.453155
4.455801
4.458476
4.461110
4.463773
4.466389
4.469059
4.471728
4.474370
4.476941
4.479583
4.482238
4.484832
4.487430
4.490090
4.492727
4.495306
4.497850
4.500433
4.503039
4.505601
4.508211
4.510778
4.513358
4.515866
4.518451
4.520989
4.523539
4.526085
4.528638
4.531173
4.533695
4.536185
4.538669
4.541188
4.543714
4.546204
4.548783
4.551225
4.553700
4.556180
4.558667
4.561139
4.563623
4.566082
4.568542
4.570987
4.573432
4.575838
4.578265
4.580685
4.583154
4.585539
4.587936
4.590360
4.592760
4.595171
4.597574
4.599962
4.602347
4.604732
4.607155
4.609501
4.611883
4.614262
4.616629
4.619017
4.621378
4.623703
4.626076
4.628397
4.630725
4.633069
4.635399
4.637745
4.640064
4.642404
4.644714
4.647024
4.649319
4.651596
4.653885
4.656171
4.658427
4.660701
4.662972
4.665267
4.667484
4.669755
4.671960
4.674204
4.676457
4.678699
4.680924
4.683180
4.685389
4.687621
4.689832
4.692025
4.694230
4.696441
4.698637
4.700815
4.702991
4.705193
4.707367
4.709537
4.711694
4.713857
4.716032
4.718184
4.720344
4.722489
4.724619
4.726746
4.728906
4.731057
4.733188
4.735291
4.737421
4.739542
4.741654
4.743758
4.745867
4.747991
4.750071
4.752173
4.754295
4.756392
4.758444
4.760532
4.762606
4.764661
4.766726
4.768775
4.770803
4.772852
4.774872
4.776951
4.778940
4.780954
4.782979
4.784996
4.787009
4.789031
4.791065
4.793028
4.795050
4.797051
4.799029
4.801024
4.803014
4.804973
4.806942
4.808946
4.810881
4.812874
4.814860
4.816766
4.818731
4.820675
4.822617
4.824540
4.826491
4.828399
4.830326
4.832222
4.834116
4.836009
4.837903
4.839769
4.841672
4.843547
4.845432
4.847311
4.849195
4.851091
4.852931
4.854804
4.856640
4.858474
4.860355
4.862153
4.863986
4.865820
4.867645
4.869484
4.871327
4.873109
4.874898
4.876714
4.878490
4.880285
4.882071
4.883871
4.885645
4.887419
4.889180
4.890954
4.892725
4.894483
4.896236
4.897959
4.899654
4.901395
4.903160
4.904886
4.906611
4.908331
4.910021
4.911716
4.913472
4.915144
4.916852
4.918550
4.920238
4.921921
4.923581
4.925247
4.926909
4.928608
4.930277
4.931910
4.933555
4.935191
4.936862
4.938508
4.940140
4.941758
4.943412
4.944994
4.946599
4.948215
4.949814
4.951402
4.953008
4.954572
4.956139
4.957715
4.959288
4.960894
4.962485
4.964028
4.965589
4.967162
4.968714
4.970265
4.971815
4.973340
4.974858
4.976387
4.977893
4.979422
4.980947
4.982465
4.983966
4.985507
4.986989
4.988479
4.989988
4.991457
4.992955
4.994450
4.995903
4.997365
4.998827
5.000262
5.001697
5.003150
5.004576
5.006044
5.007471
5.008897
5.010326
5.011752
5.013160
5.014583
5.015979
5.017385
5.018772
5.020195
5.021522
5.022906
5.024266
5.025660
5.027014
5.028392
5.029737
5.031104
5.032416
5.033782
5.035109
5.036484
5.037794
5.039118
5.040442
5.041751
5.043061
5.044391
5.045679
5.046962
5.048265
5.049544
5.050808
5.052103
5.053391
5.054682
5.055953
5.057205
5.058475
5.059740
5.060983
5.062218
5.063458
5.064695
5.065917
5.067131
5.068320
5.069519
5.070711
5.071895
5.073084
5.074268
5.075442
5.076637
5.077857
5.079052
5.080236
5.081413
5.082561
5.083732
5.084909
5.086051
5.087169
5.088292
5.089365
5.090479
5.091567
5.092654
5.093721
5.094797
5.095872
5.096948
5.098032
5.099120
5.100235
5.101322
5.102404
5.103473
5.104543
5.105607
5.106643
5.107683
5.108689
5.109702
5.110714
5.111712
5.112701
5.113693
5.114669
5.115658
5.116614
5.117582
5.118528
5.119493
5.120455
5.121419
5.122405
5.123361
5.124293
5.125243
5.126192
5.127136
5.128092
5.129026
5.129941
5.130869
5.131774
5.132676
5.133533
5.134398
5.135270
5.136121
5.136966
5.137832
5.138668
5.139510
5.140352
5.141184
5.142017
5.142841
5.143671
5.144465
5.145301
5.146092
5.146904
5.147734
5.148543
5.149343
5.150161
5.150970
5.151779
5.152552
5.153316
5.154068
5.154831
5.155569
5.156297
5.157007
5.157726
5.158448
5.159155
5.159838
5.160542
5.161243
5.161935
5.162612
5.163301
5.163967
5.164623
5.165294
5.165968
5.166636
5.167274
5.167918
5.168560
5.169230
5.169884
5.170534
5.171205
5.171867
5.172532
5.173167
5.173809
5.174450
5.175094
5.175723
5.176331
5.176921
5.177491
5.178063
5.178629
5.179198
5.179750
5.180304
5.180834
5.181365
5.181898
5.182416
5.182935
5.183447
5.183956
5.184453
5.184945
5.185439
5.185936
5.186425
5.186895
5.187348
5.187803
5.188256
5.188714
5.189142
5.189580
5.190008
5.190440
5.190853
5.191261
5.191677
5.192097
5.192531
5.192959
5.193379
5.193798
5.194227
5.194658
5.195102
5.195539
5.195943
5.196348
5.196774
5.197196
5.197588
5.197999
5.198382
5.198769
5.199134
5.199488
5.199830
5.200162
5.200480
5.200797
5.201087
5.201375
5.201648
5.201921
5.202169
5.202412
5.202646
5.202864
5.203077
5.203281
5.203470
5.203646
5.203832
5.204006
5.204180
5.204341
5.204485
5.204638
5.204797
5.204935
5.205058
5.205180
5.205321
5.205456
5.205588
5.205705
5.205812
5.205917
5.206025
5.206142
5.206247
5.206355
5.206454
5.206543
5.206636
5.206717
5.206789
5.206846
5.206921
5.206987
5.207023
5.207062
5.207098
5.207134
5.207160
5.207188
5.207194
5.207197
5.207200
5.207215
5.207218
5.207221
5.207230
5.207230
5.207230
5.207232
5.207232
5.207232
5.207232
5.207232
5.207232
5.207232
5.207232
5.207232
5.207232
5.207232
5.207232
5.207232
5.207232
5.207232
5.207232
5.207232
5.207232
5.207232
5.207232
5.207232
5.207232
5.207232
5.207232
5.207232
5.207232
5.207232
5.207232
5.207232
5.207232
5.207232
5.207232
5.207232
5.207232
5.207232
5.207232
5.207232
5.207232
5.207232
5.207232
5.207232
5.207232
5.207232
5.207232
5.207232
5.207232
5.207232
5.207232
5.207232
5.207232
5.207232
5.207232
5.207232
5.207232
5.207232
5.207232
5.207232
5.207232
5.207232
5.207232
5.207232
5.207232
5.207232
5.207232
5.207232
5.207232
5.207232
5.207232
5.207232
5.207232
5.207232
5.207232
5.207232
5.207232
5.207232
5.207232
5.207232
5.207232
5.207232
5.207232
5.207232
5.207232
5.207232
5.207232
5.207232
5.207232
5.207232
5.207232
5.207232
5.207232
5.207232
5.207232
5.207232
5.207232
5.207232
5.207232
5.207232
5.207232
5.207232
5.207232