1.848585
1.848585
1.848585
1.848585
1.848585
1.848585
1.848585
1.848585
1.848585
1.848585
1.848585
1.848791
1.849241
1.849831
1.850523
1.851296
1.852246
1.853363
1.854553
1.855784
1.857144
1.858648
1.860242
1.861920
1.863658
1.865626
1.867780
1.870012
1.872382
1.874947
1.877625
1.880457
1.883372
1.886395
1.889577
1.892836
1.896210
1.899736
1.903386
1.907095
1.910945
1.915031
1.919154
1.923393
1.927732
1.932274
1.936944
1.941747
1.946592
1.951664
1.956841
1.962138
1.967612
1.973146
1.978790
1.984645
1.990670
1.996701
2.002798
2.009134
2.015570
2.022149
2.028764
2.035545
2.042561
2.049659
2.056802
2.064115
2.071665
2.079272
2.086903
2.094920
2.102662
2.110874
2.119081
2.127254
2.135960
2.144454
2.153083
2.161918
2.170942
2.179987
2.189257
2.198566
2.208043
2.217609
2.227343
2.237260
2.247183
2.257316
2.267427
2.277776
2.288292
2.298838
2.309570
2.320365
2.331369
2.342476
2.353579
2.364979
2.376229
2.388124
2.399703
2.411475
2.423486
2.435581
2.447823
2.460152
2.472564
2.485148
2.497794
2.510449
2.523120
2.535715
2.548469
2.560951
2.573972
2.586444
2.599067
2.611785
2.624713
2.637407
2.650323
2.663122
2.676006
2.688910
2.701823
2.714517
2.727235
2.740151
2.752827
2.765606
2.778240
2.791024
2.803892
2.816589
2.829287
2.842089
2.854879
2.867645
2.880435
2.893043
2.905770
2.918479
2.931174
2.943763
2.956493
2.969005
2.981720
2.994483
3.006857
3.019494
3.032090
3.044394
3.057305
3.069529
3.082340
3.094728
3.107180
3.119643
3.132080
3.144580
3.157136
3.169363
3.181845
3.194665
3.206874
3.219322
3.231777
3.244208
3.256749
3.269051
3.281601
3.294011
3.306388
3.318851
3.331423
3.343907
3.356251
3.368790
3.381223
3.393702
3.406324
3.418554
3.430997
3.443529
3.455855
3.468432
3.480785
3.493243
3.505584
3.518029
3.530340
3.542732
3.555315
3.567530
3.580024
3.592343
3.604588
3.617142
3.629462
3.641721
3.654143
3.666526
3.678579
3.690985
3.703383
3.715523
3.727774
3.740250
3.752309
3.764584
3.776852
3.788980
3.801100
3.813236
3.825472
3.837714
3.849836
3.861907
3.874068
3.886304
3.898322
3.910459
3.922482
3.934757
3.946711
3.958899
3.970880
3.982999
3.995214
4.007108
4.019332
4.031490
4.043454
4.055579
4.067767
4.079855
4.091984
4.104112
4.116207
4.128439
4.140412
4.152531
4.164743
4.176901
4.188975
4.201217
4.213294
4.225515
4.237712
4.249750
4.261902
4.274237
4.286161
4.298355
4.310564
4.322566
4.334808
4.347143
4.359031
4.371318
4.383617
4.395463
4.407807
4.419707
4.432051
4.444158
4.456208
4.468372
4.480437
4.492490
4.504648
4.516821
4.528674
4.540883
4.552762
4.565046
4.576955
4.589101
4.601098
4.613049
4.625060
4.637212
4.649088
4.661148
4.673131
4.685107
4.697118
4.709120
4.721039
4.733029
4.745094
4.757078
4.769032
4.781148
4.793106
4.805015
4.817125
4.829055
4.841094
4.853237
4.865221
4.877226
4.889294
4.901356
4.913350
4.925442
4.937546
4.949602
4.961607
4.973591
4.985647
4.997976
5.009829
5.021867
5.034135
5.046093
5.058074
5.070280
5.082234
5.094368
5.106319
5.118397
5.130558
5.142467
5.154616
5.166570
5.178854
5.190706
5.202646
5.214633
5.226686
5.238601
5.250732
5.262650
5.274413
5.286598
5.298382
5.310441
5.322272
5.334176
5.346115
5.358018
5.369712
5.381570
5.393647
5.405290
5.417082
5.428815
5.440772
5.452460
5.464201
5.476003
5.487571
5.499426
5.511114
5.522748
5.534501
5.546383
5.557858
5.569728
5.581422
5.592996
5.604737
5.616581
5.628058
5.639935
5.651608
5.663127
5.674995
5.686623
5.698298
5.710106
5.721650
5.733316
5.745049
5.756685
5.768355
5.780118
5.791598
5.803268
5.814970
5.826565
5.838112
5.849944
5.861377
5.873004
5.884953
5.896328
5.907920
5.919560
5.931098
5.942654
5.954311
5.965822
5.977450
5.988865
6.000435
6.011874
6.023418
6.034926
6.046443
6.057789
6.069465
6.080667
6.092351
6.103596
6.115008
6.126674
6.137879
6.149268
6.160758
6.171996
6.183339
6.194682
6.206007
6.217311
6.228648
6.239946
6.251157
6.262509
6.273798
0.001750
0.013147
0.024412
0.035464
0.046939
0.058046
0.069245
0.080540
0.091661
0.102888
0.114210
0.125355
0.136563
0.147876
0.159076
0.170326
0.181579
0.192865
0.203924
0.215398
0.226409
0.237842
0.249065
0.260234
0.271404
0.282702
0.293901
0.305064
0.316318
0.327586
0.338740
0.350068
0.361190
0.372416
0.383687
0.394799
0.405927
0.417180
0.428472
0.439456
0.450565
0.461764
0.472999
0.484100
0.495284
0.506423
0.517593
0.528624
0.539659
0.550900
0.561862
0.572954
0.584195
0.595110
0.606228
0.617233
0.628285
0.639361
0.650408
0.661308
0.672303
0.683445
0.694366
0.705338
0.716525
0.727311
0.738267
0.749185
0.760076
0.771008
0.781917
0.792897
0.803878
0.814849
0.825650
0.836742
0.847572
0.858499
0.869348
0.880361
0.891324
0.902301
0.913198
0.924104
0.935126
0.946029
0.956937
0.967915
0.978898
0.989678
1.000641
1.011843
1.022794
1.033594
1.044707
1.055666
1.066605
1.077885
1.088719
1.099523
1.110632
1.121574
1.132452
1.143463
1.154327
1.165373
1.176485
1.187424
1.198291
1.209445
1.220225
1.231370
1.242312
1.253205
1.264108
1.275115
1.286186
1.296924
1.308093
1.318786
1.329833
1.340783
1.351755
1.362490
1.373611
1.384370
1.395266
1.406106
1.417114
1.427905
1.438871
1.449693
1.460455
1.471546
1.482161
1.493213
1.503999
1.514731
1.525700
1.536393
1.547238
1.558165
1.568933
1.579767
1.590552
1.601350
1.612205
1.623072
1.633911
1.644751
1.655669
1.666475
1.677225
1.688146
1.699033
1.709924
1.720701
1.731613
1.742378
1.753403
1.764138
1.775139
1.785982
1.796954
1.807790
1.818711
1.829605
1.840447
1.851371
1.862202
1.873140
1.884094
1.894982
1.905941
1.916835
1.927711
1.938604
1.949453
1.960320
1.971249
1.982305
1.993013
2.003960
2.014806
2.025643
2.036539
2.047433
2.058234
2.069121
2.079973
2.090831
2.101560
2.112498
2.123245
2.134208
2.144838
2.155773
2.166466
2.177300
2.187909
2.198922
2.209625
2.220191
2.230887
2.241712
2.252396
2.263113
2.273872
2.284607
2.295057
2.305771
2.316578
2.327223
2.337748
2.348620
2.359053
2.369758
2.380316
2.390859
2.401519
2.412221
2.422857
2.433325
2.443940
2.454495
2.465230
2.475872
2.486295
2.497108
2.507666
2.518191
2.528908
2.539424
2.550030
2.560663
2.571242
2.581846
2.592479
2.602983
2.613678
2.624303
2.634777
2.645338
2.656061
2.666526
2.677165
2.687771
2.698329
2.708863
2.719466
2.729890
2.740525
2.751099
2.761537
2.772038
2.782638
2.793208
2.803733
2.814169
2.824712
2.835192
2.845711
2.856152
2.866627
2.877128
2.887542
2.897977
2.908454
2.918845
2.929280
2.939620
2.950046
2.960364
2.970868
2.981124
2.991493
3.001904
3.012256
3.022499
3.032881
3.043223
3.053491
3.063869
3.073981
3.084278
3.094677
3.104777
3.115054
3.125300
3.135469
3.145685
3.155974
3.166190
3.176299
3.186474
3.196825
3.206940
3.217213
3.227340
3.237631
3.247818
3.257945
3.268152
3.278396
3.288567
3.298775
3.308946
3.319016
3.329308
3.339536
3.349750
3.359975
3.370114
3.380244
3.390424
3.400668
3.410794
3.420999
3.431212
3.441423
3.451466
3.461655
3.471836
3.481924
3.492134
3.502198
3.512352
3.522541
3.532641
3.542738
3.552924
3.563117
3.573189
3.583325
3.593317
3.603468
3.613525
3.623544
3.633605
3.643720
3.653750
3.663868
3.673866
3.683831
3.693826
3.703875
3.713848
3.723795
3.733802
3.743740
3.753687
3.763718
3.773599
3.783459
3.793457
3.803389
3.813120
3.823171
3.833046
3.842870
3.852787
3.862594
3.872457
3.882421
3.892156
3.902094
3.911900
3.921808
3.931431
3.941417
3.951145
3.961062
3.970817
3.980557
3.990366
4.000226
4.009979
4.019797
4.029663
4.039439
4.049332
4.059123
4.068965
4.078699
4.088547
4.098431
4.108240
4.118061
4.127771
4.137617
4.147470
4.157220
4.167032
4.176904
4.186767
4.196564
4.206460
4.216161
4.225991
4.235863
4.245702
4.255529
4.265368
4.275163
4.284977
4.294802
4.304527
4.314282
4.324184
4.333981
4.343700
4.353578
4.363309
4.373104
4.382934
4.392695
4.402450
4.412298
4.421924
4.431772
4.441557
4.451256
4.461074
4.470676
4.480548
4.490115
4.499987
4.509649
4.519371
4.529075
4.538666
4.548409
4.558146
4.567770
4.577414
4.587154
4.596726
4.606380
4.616189
4.625626
4.635324
4.644951
4.654535
4.664144
4.673815
4.683405
4.692977
4.702607
4.712176
4.721827
4.731489
4.741070
4.750484
4.760200
4.769805
4.779330
4.788983
4.798541
4.808185
4.817775
4.827404
4.837004
4.846529
4.856194
4.865772
4.875428
4.885046
4.894516
4.904310
4.913685
4.923431
4.932899
4.942564
4.952209
4.961841
4.971464
4.981030
4.990684
5.000265
5.009960
5.019392
5.029111
5.038641
5.048205
5.057777
5.067437
5.076991
5.086557
5.096076
5.105750
5.115325
5.125003
5.134447
5.144163
5.153624
5.163131
5.172685
5.182254
5.191779
5.201372
5.210807
5.220442
5.229853
5.239336
5.248782
5.258333
5.267816
5.277095
5.286667
5.296090
5.305545
5.314956
5.324363
5.333810
5.343095
5.352688
5.361844
5.371305
5.380611
5.389965
5.399289
5.408672
5.417972
5.427215
5.436476
5.445812
5.455117
5.464387
5.473606
5.482867
5.492164
5.501245
5.510604
5.519895
5.529120
5.538249
5.547585
5.556758
5.565903
5.575136
5.584223
5.593505
5.602736
5.611754
5.620937
5.630219
5.639318
5.648555
5.657885
5.666884
5.676071
5.685370
5.694298
5.703589
5.712775
5.721829
5.731021
5.740276
5.749354
5.758438
5.767630
5.776774
5.785825
5.795056
5.804143
5.813209
5.822431
5.831446
5.840515
5.849713
5.858695
5.867827
5.876881
5.885824
5.894977
5.904091
5.913092
5.922065
5.931227
5.940227
5.949188
5.958461
5.967227
5.976398
5.985365
5.994327
6.003255
6.012318
6.021222
6.030156
6.039061
6.047959
6.056950
6.065917
6.074795
6.083684
6.092546
6.101469
6.110358
6.119268
6.128079
6.136906
6.145885
6.154682
6.163430
6.172289
6.181083
6.189807
6.198690
6.207439
6.216164
6.224999
6.233876
6.242547
6.251451
6.260092
6.268846
6.277586
0.003104
0.011772
0.020571
0.029149
0.037885
0.046622
0.055325
0.064083
0.072810
0.081463
0.090064
0.098762
0.107591
0.116295
0.124951
0.133633
0.142346
0.150974
0.159690
0.168324
0.177106
0.185693
0.194363
0.203097
0.211728
0.220408
0.229108
0.237812
0.246375
0.255219
0.263740
0.272404
0.281138
0.289755
0.298404
0.307102
0.315724
0.324407
0.333039
0.341691
0.350296
0.358981
0.367559
0.376242
0.384849
0.393358
0.402077
0.410780
0.419289
0.427978
0.436459
0.445193
0.453729
0.462294
0.470755
0.479402
0.488043
0.496545
0.505099
0.513731
0.522180
0.530742
0.539305
0.547787
0.556308
0.564894
0.573364
0.581891
0.590385
0.598870
0.607385
0.615723
0.624282
0.632698
0.641225
0.649662
0.658105
0.666530
0.675005
0.683445
0.691909
0.700271
0.708678
0.717133
0.725444
0.733746
0.742297
0.750566
0.759093
0.767401
0.775679
0.784152
0.792466
0.800840
0.809184
0.817588
0.825929
0.834195
0.842575
0.850913
0.859239
0.867592
0.876056
0.884256
0.892639
0.900935
0.909312
0.917680
0.926033
0.934314
0.942673
0.951017
0.959295
0.967906
0.975971
0.984474
0.992785
1.001102
1.009521
1.017910
1.026164
1.034529
1.042906
1.051238
1.059633
1.067881
1.076348
1.084644
1.093015
1.101272
1.109685
1.118122
1.126412
1.134786
1.143115
1.151435
1.159860
1.168039
1.176479
1.184668
1.193164
1.201314
1.209787
1.218044
1.226355
1.234696
1.243031
1.251270
1.259626
1.267871
1.276224
1.284373
1.292918
1.301061
1.309375
1.317690
1.325857
1.334180
1.342500
1.350667
1.359026
1.367304
1.375480
1.383723
1.392040
1.400294
1.408476
1.416748
1.424855
1.433092
1.441271
1.449615
1.457722
1.465910
1.474138
1.482383
1.490541
1.498735
1.506893
1.515076
1.523261
1.531416
1.539547
1.547691
1.555810
1.564043
1.572201
1.580324
1.588473
1.596682
1.604664
1.612960
1.621043
1.629264
1.637417
1.645527
1.653730
1.661912
1.670044
1.678205
1.686357
1.694572
1.702713
1.710835
1.718999
1.727253
1.735406
1.743456
1.751740
1.759871
1.767970
1.776221
1.784475
1.792564
1.800768
1.808914
1.817009
1.825389
1.833461
1.841664
1.849783
1.857956
1.866118
1.874279
1.882410
1.890568
1.898757
1.906981
1.915193
1.923309
1.931318
1.939602
1.947799
1.955912
1.964002
1.972178
1.980288
1.988551
1.996569
2.004832
2.012745
2.021113
2.029085
2.037219
2.045369
2.053428
2.061472
2.069622
2.077813
2.085821
2.093929
2.101958
2.110134
2.118143
2.126229
2.134265
2.142285
2.150281
2.158365
2.166376
2.174373
2.182414
2.190450
2.198407
2.206407
2.214490
2.222421
2.230408
2.238437
2.246335
2.254230
2.262253
2.270097
2.278042
2.286162
2.293933
2.301837
2.309851
2.317728
2.325500
2.333490
2.341427
2.349235
2.357144
2.365132
2.372918
2.380846
2.388660
2.396578
2.404419
2.412215
2.420070
2.428013
2.435692
2.443691
2.451532
2.459397
2.467126
2.475144
2.482802
2.490679
2.498528
2.506474
2.514198
2.522095
2.529777
2.537740
2.545524
2.553473
2.561164
2.568929
2.576908
2.584617
2.592484
2.600172
2.608073
2.615893
2.623721
2.631472
2.639355
2.647061
2.654925
2.662757
2.670451
2.678277
2.686111
2.693856
2.701568
2.709376
2.717063
2.724814
2.732706
2.740556
2.748121
2.756108
2.763700
2.771466
2.779223
2.786943
2.794607
2.802337
2.810037
2.817791
2.825437
2.833140
2.840923
2.848623
2.856272
2.863972
2.871651
2.879360
2.886916
2.894667
2.902229
2.909869
2.917598
2.925190
2.932765
2.940413
2.948014
2.955603
2.963303
2.970845
2.978431
2.986004
2.993608
3.001173
3.008795
3.016256
3.023833
3.031359
3.038918
3.046417
3.053958
3.061484
3.068992
3.076593
3.083928
3.091627
3.099112
3.106440
3.113909
3.121405
3.128850
3.136406
3.143774
3.151213
3.158679
3.166142
3.173528
3.181018
3.188490
3.195824
3.203243
3.210730
3.218238
3.225566
3.233086
3.240448
3.247854
3.255299
3.262762
3.270114
3.277584
3.284852
3.292423
3.299698
3.307227
3.314477
3.321994
3.329332
3.336711
3.344126
3.351511
3.358986
3.366372
3.373772
3.381100
3.388551
3.395832
3.403355
3.410573
3.418054
3.425274
3.432645
3.439970
3.447463
3.454749
3.462081
3.469382
3.476857
3.484141
3.491445
3.498816
3.506090
3.513505
3.520782
3.528078
3.535361
3.542705
3.549931
3.557247
3.564549
3.571736
3.579095
3.586282
3.593563
3.600738
3.608025
3.615263
3.622535
3.629722
3.636919
3.644100
3.651345
3.658499
3.665693
3.672934
3.680092
3.687196
3.694401
3.701532
3.708698
3.715859
3.722911
3.730144
3.737188
3.744393
3.751419
3.758604
3.765617
3.772634
3.779851
3.786808
3.793813
3.800968
3.807981
3.815079
3.822078
3.829116
3.836097
3.843134
3.850130
3.857180
3.864143
3.871180
3.878122
3.885007
3.892048
3.899074
3.905971
3.912936
3.919929
3.926847
3.933795
3.940839
3.947768
3.954641
3.961568
3.968648
3.975392
3.982490
3.989327
3.996242
4.003222
4.010017
4.016942
4.023901
4.030885
4.037794
4.044733
4.051591
4.058496
4.065481
4.072306
4.079253
4.086174
4.093095
4.099887
4.106910
4.113714
4.120623
4.127523
4.134357
4.141191
4.148097
4.154949
4.161839
4.168766
4.175657
4.182458
4.189373
4.196201
4.203104
4.209980
4.216829
4.223645
4.230521
4.237385
4.244225
4.251098
4.257953
4.264829
4.271621
4.278464
4.285307
4.292123
4.298954
4.305812
4.312655
4.319441
4.326305
4.333124
4.339913
4.346705
4.353626
4.360290
4.367210
4.373966
4.380785
4.387538
4.394379
4.401117
4.407801
4.414587
4.421295
4.428096
4.434891
4.441737
4.448440
4.455097
4.461802
4.468570
4.475299
4.481926
4.488637
4.495361
4.502009
4.508735
4.515428
4.522052
4.528731
4.535457
4.542114
4.548790
4.555423
4.562080
4.568671
4.575325
4.581917
4.588526
4.595159
4.601691
4.608342
4.614990
4.621572
4.628152
4.634740
4.641442
4.647899
4.654553
4.661046
4.667610
4.674165
4.680745
4.687162
4.693843
4.700339
4.706822
4.713384
4.719816
4.726419
4.732969
4.739450
4.745903
4.752509
4.758993
4.765488
4.772014
4.778467
4.784929
4.791566
4.797896
4.804416
4.810983
4.817389
4.823926
4.830320
4.836815
4.843332
4.849782
4.856266
4.862638
4.869179
4.875608
4.882080
4.888572
4.894972
4.901422
4.907971
4.914407
4.920702
4.927296
4.933678
4.940053
4.946531
4.952975
4.959378
4.965805
4.972156
4.978670
4.985117
4.991540
4.997886
5.004301
5.010679
5.017070
5.023520
5.029797
5.036290
5.042605
5.048960
5.055342
5.061756
5.068117
5.074432
5.080871
5.087208
5.093503
5.099917
5.106161
5.112491
5.118858
5.125155
5.131477
5.137814
5.144133
5.150403
5.156782
5.162984
5.169270
5.175618
5.181892
5.188148
5.194374
5.200608
5.206864
5.213123
5.219376
5.225619
5.231815
5.237984
5.244222
5.250508
5.256707
5.262783
5.269122
5.275237
5.281376
5.287554
5.293696
5.299919
5.306115
5.312170
5.318257
5.324423
5.330571
5.336659
5.342837
5.348811
5.354899
5.361056
5.367102
5.373160
5.379269
5.385303
5.391370
5.397398
5.403405
5.409389
5.415422
5.421388
5.427374
5.433420
5.439319
5.445308
5.451432
5.457197
5.463300
5.469166
5.475239
5.481045
5.486974
5.492951
5.498794
5.504897
5.510643
5.516570
5.522490
5.528401
5.534288
5.540178
5.546087
5.551989
5.557921
5.563625
5.569612
5.575484
5.581317
5.587144
5.593053
5.598874
5.604713
5.610535
5.616341
5.622159
5.628109
5.633778
5.639701
5.645483
5.651320
5.657031
5.662992
5.668733
5.674486
5.680307
5.686083
5.691848
5.697657
5.703343
5.709150
5.714944
5.720664
5.726392
5.732204
5.737882
5.743610
5.749414
5.755125
5.760856
5.766545
5.772253
5.777975
5.783809
5.789333
5.795089
5.800817
5.806450
5.812187
5.817859
5.823422
5.829157
5.834867
5.840521
5.846150
5.851771
5.857434
5.863066
5.868738
5.874290
5.879895
5.885573
5.891154
5.896778
5.902429
5.907920
5.913568
5.919221
5.924797
5.930408
5.935913
5.941515
5.947106
5.952661
5.958224
5.963799
5.969348
5.974897
5.980500
5.985919
5.991531
5.997035
6.002539
6.008007
6.013576
6.018954
6.024446
6.029956
6.035549
6.040936
6.046392
6.051893
6.057312
6.062804
6.068200
6.073671
6.079175
6.084460
6.090003
6.095359
6.100726
6.106166
6.111571
6.116991
6.122297
6.127708
6.133062
6.138473
6.143827
6.149193
6.154508
6.159948
6.165138
6.170548
6.175852
6.181104
6.186542
6.191821
6.197105
6.202430
6.207754
6.212982
6.218327
6.223642
6.228894
6.234179
6.239428
6.244680
6.250064
6.255253
6.260457
6.265715
6.270998
6.276202
6.281424
0.003463
0.008725
0.013956
0.019208
0.024436
0.029631
0.034886
0.040093
0.045306
0.050546
0.055706
0.060895
0.066111
0.071267
0.076441
0.081649
0.086844
0.092033
0.097195
0.102357
0.107546
0.112834
0.117898
0.123099
0.128267
0.133435
0.138607
0.143832
0.148892
0.154090
0.159213
0.164364
0.169493
0.174679
0.179772
0.184914
0.190118
0.195193
0.200301
0.205508
0.210593
0.215713
0.220833
0.225948
0.231056
0.236137
0.241308
0.246363
0.251549
0.256534
0.261682
0.266811
0.271907
0.277006
0.282094
0.287226
0.292271
0.297389
0.302398
0.307482
0.312561
0.317606
0.322717
0.327760
0.332835
0.337868
0.342974
0.347944
0.352992
0.358077
0.363026
0.368128
0.373228
0.378195
0.383232
0.388298
0.393244
0.398254
0.403320
0.408270
0.413300
0.418291
0.423310
0.428274
0.433251
0.438212
0.443228
0.448261
0.453216
0.458226
0.463163
0.468095
0.473062
0.478036
0.482943
0.487896
0.492869
0.497804
0.502687
0.507676
0.512592
0.517467
0.522407
0.527306
0.532222
0.537154
0.542112
0.546963
0.551904
0.556760
0.561656
0.566548
0.571405
0.576279
0.581169
0.585990
0.590894
0.595793
0.600622
0.605389
0.610342
0.615087
0.619995
0.624804
0.629666
0.634454
0.639292
0.644080
0.648928
0.653686
0.658503
0.663300
0.668136
0.672908
0.677678
0.682487
0.687271
0.692017
0.696793
0.701631
0.706284
0.711186
0.715866
0.720620
0.725342
0.730094
0.734819
0.739559
0.744253
0.748990
0.753751
0.758419
0.763218
0.767916
0.772620
0.777300
0.782079
0.786746
0.791414
0.796178
0.800837
0.805514
0.810259
0.814918
0.819604
0.824305
0.828949
0.833623
0.838392
0.842970
0.847653
0.852357
0.857037
0.861666
0.866421
0.870983
0.875747
0.880346
0.884987
0.889613
0.894302
0.898913
0.903599
0.908293
0.912892
0.917521
0.922174
0.926839
0.931462
0.936127
0.940687
0.945403
0.949984
0.954627
0.959235
0.963879
0.968499
0.973095
0.977706
0.982317
0.986958
0.991545
0.996186
1.000779
1.005429
1.009977
1.014555
1.019201
1.023758
1.028339
1.032989
1.037522
1.042160
1.046720
1.051289
1.055840
1.060427
1.064999
1.069526
1.074185
1.078715
1.083278
1.087868
1.092407
1.096961
1.101533
1.106057
1.110614
1.115198
1.119719
1.124258
1.128800
1.133372
1.137860
1.142390
1.146896
1.151474
1.156025
1.160480
1.165007
1.169573
1.174062
1.178559
1.183089
1.187592
1.192092
1.196598
1.201068
1.205583
1.210089
1.214547
1.219047
1.223529
1.228027
1.232500
1.236952
1.241437
1.245946
1.250407
1.254769
1.259251
1.263796
1.268171
1.272665
1.277057
1.281554
1.286000
1.290371
1.294806
1.299282
1.303689
1.308075
1.312533
1.316958
1.321414
1.325785
1.330150
1.334608
1.339039
1.343375
1.347716
1.352168
1.356527
1.360881
1.365288
1.369632
1.374078
1.378411
1.382743
1.387096
1.391542
1.395782
1.400183
1.404482
1.408854
1.413237
1.417548
1.421808
1.426213
1.430551
1.434835
1.439186
1.443464
1.447871
1.452129
1.456491
1.460709
1.465039
1.469428
1.473628
1.478002
1.482227
1.486625
1.490775
1.495125
1.499319
1.503709
1.507948
1.512196
1.516445
1.520702
1.524978
1.529223
1.533504
1.537738
1.542043
1.546310
1.550450
1.554773
1.558962
1.563234
1.567438
1.571680
1.575863
1.580069
1.584306
1.588503
1.592784
1.596934
1.601167
1.605341
1.609619
1.613793
1.618041
1.622236
1.626373
1.630601
1.634855
1.638981
1.643157
1.647408
1.651540
1.655827
1.659959
1.664124
1.668288
1.672551
1.676614
1.680812
1.685045
1.689152
1.693380
1.697520
1.701652
1.705817
1.710044
1.714152
1.718307
1.722481
1.726633
1.730771
1.734932
1.739064
1.743222
1.747384
1.751500
1.755638
1.759809
1.763910
1.768033
1.772233
1.776257
1.780448
1.784562
1.788646
1.792720
1.796939
1.801022
1.805136
1.809240
1.813330
1.817474
1.821566
1.825662
1.829707
1.833877
1.837919
1.842020
1.846152
1.850185
1.854256
1.858358
1.862456
1.866501
1.870594
1.874680
1.878713
1.882827
1.886823
1.890901
1.894967
1.899023
1.903074
1.907107
1.911154
1.915178
1.919271
1.923258
1.927291
1.931300
1.935336
1.939356
1.943395
1.947428
1.951421
1.955475
1.959472
1.963447
1.967477
1.971477
1.975474
1.979479
1.983431
1.987422
1.991470
1.995391
1.999358
2.003382
2.007310
2.011297
2.015264
2.019234
2.023171
2.027150
2.031077
2.035029
2.038972
2.042921
2.046870
2.050830
2.054740
2.058701
2.062632
2.066617
2.070416
2.074442
2.078325
2.082241
2.086130
2.090022
2.093974
2.097800
2.101668
2.105646
2.109481
2.113352
2.117286
2.121127
2.125040
2.128872
2.132782
2.136641
2.140544
2.144379
2.148178
2.152013
2.155875
2.159677
2.163563
2.167422
2.171275
2.175032
2.178930
2.182729
2.186552
2.190333
2.194186
2.197982
2.201784
2.205547
2.209346
2.213148
2.216914
2.220692
2.224461
2.228179
2.231972
2.235747
2.239507
2.243270
2.247027
2.250739
2.254493
2.258224
2.262013
2.265711
2.269450
2.273174
2.276904
2.280607
2.284301
2.287998
2.291713
2.295398
2.299114
2.302820
2.306475
2.310208
2.313875
2.317569
2.321228
2.324913
2.328586
2.332244
2.335875
2.339557
2.343189
2.346871
2.350460
2.354178
2.357794
2.361459
2.365069
2.368778
2.372313
2.376001
2.379633
2.383267
2.386844
2.390484
2.394095
2.397714
2.401357
2.404886
2.408479
2.412095
2.415711
2.419321
2.422923
2.426506
2.430053
2.433664
2.437256
2.440878
2.444470
2.447985
2.451592
2.455214
2.458729
2.462309
2.465880
2.469409
2.473035
2.476555
2.480075
2.483635
2.487203
2.490732
2.494238
2.497854
2.501347
2.504919
2.508460
2.511962
2.515486
2.519033
2.522521
2.526071
2.529546
2.533055
2.536611
2.540140
2.543610
2.547121
2.550591
2.554078
2.557601
2.561077
2.564576
2.568058
2.571545
2.575032
2.578496
2.581995
2.585480
2.588871
2.592383
2.595813
2.599267
2.602719
2.606191
2.609634
2.613070
2.616507
2.620003
2.623413
2.626843
2.630301
2.633740
2.637168
2.640580
2.644014
2.647378
2.650854
2.654182
2.657628
2.661061
2.664417
2.667880
2.671230
2.674705
2.678070
2.681467
2.684862
2.688223
2.691636
2.694988
2.698365
2.701751
2.705157
2.708444
2.711877
2.715215
2.718561
2.721908
2.725300
2.728628
2.731978
2.735267
2.738626
2.742030
2.745361
2.748711
2.752066
2.755368
2.758694
2.762037
2.765360
2.768661
2.771981
2.775289
2.778594
2.781898
2.785254
2.788504
2.791782
2.795102
2.798415
2.801708
2.804986
2.808270
2.811577
2.814828
2.818105
2.821377
2.824637
2.827879
2.831165
2.834365
2.837682
2.840938
2.844204
2.847440
2.850693
2.853908
2.857141
2.860383
2.863571
2.866794
2.870057
2.873248
2.876481
2.879716
2.882910
2.886116
2.889295
2.892509
2.895712
2.898927
2.902070
2.905270
2.908473
2.911651
2.914857
2.918012
2.921143
2.924286
2.927539
2.930628
2.933786
2.936962
2.940087
2.943227
2.946393
2.949509
2.952655
2.955807
2.958953
2.962042
2.965185
2.968325
2.971414
2.974506
2.977612
2.980656
2.983811
2.986879
2.990016
2.993066
2.996206
2.999250
3.002339
3.005425
3.008502
3.011561
3.014623
3.017664
3.020741
3.023812
3.026820
3.029942
3.032947
3.035994
3.039074
3.042070
3.045096
3.048092
3.051142
3.054156
3.057203
3.060232
3.063264
3.066275
3.069262
3.072255
3.075245
3.078229
3.081261
3.084212
3.087196
3.090168
3.093158
3.096148
3.099079
3.102096
3.104996
3.107992
3.110997
3.113966
3.116872
3.119835
3.122766
3.125723
3.128647
3.131556
3.134480
3.137431
3.140355
3.143282
3.146216
3.149107
3.152064
3.155000
3.157882
3.160753
3.163656
3.166568
3.169450
3.172341
3.175208
3.178157
3.181039
3.183951
3.186767
3.189721
3.192526
3.195423
3.198284
3.201136
3.204012
3.206925
3.209780
3.212653
3.215472
3.218322
3.221144
3.223993
3.226866
3.229674
3.232502
3.235384
3.238162
3.241044
3.243914
3.246718
3.249600
3.252360
3.255173
3.257972
3.260809
3.263616
3.266432
3.269210
3.271993
3.274803
3.277560
3.280352
3.283174
3.285943
3.288747
3.291509
3.294296
3.297043
3.299841
3.302601
3.305375
3.308173
3.310945
3.313665
3.316412
3.319127
3.321910
3.324679
3.327396
3.330122
3.332882
3.335605
3.338326
3.341004
3.343728
3.346451
3.349159
3.351892
3.354618
3.357312
3.359927
3.362654
3.365314
3.368026
3.370719
3.373404
3.376070
3.378716
3.381379
3.384012
3.386682
3.389354
3.391979
3.394586
3.397255
3.399880
3.402468
3.405123
3.407714
3.410330
3.413026
3.415555
3.418219
3.420780
3.423372
3.425996
3.428600
3.431147
3.433735
3.436291
3.438846
3.441438
3.444053
3.446597
3.449147
3.451709
3.454216
3.456760
3.459309
3.461859
3.464394
3.466931
3.469469
3.471926
3.474478
3.476971
3.479503
3.482019
3.484539
3.487008
3.489492
3.491978
3.494486
3.496973
3.499457
3.501946
3.504433
3.506917
3.509350
3.511782
3.514251
3.516759
3.519186
3.521642
3.524069
3.526496
3.528920
3.531344
3.533746
3.536164
3.538573
3.540982
3.543364
3.545773
3.548157
3.550563
3.552987
3.555378
3.557751
3.560109
3.562437
3.564813
3.567197
3.569489
3.571898
3.574223
3.576590
3.578885
3.581210
3.583505
3.585788
3.588107
3.590423
3.592712
3.595028
3.597311
3.599618
3.601916
3.604172
3.606449
3.608714
3.610955
3.613217
3.615461
3.617723
3.619964
3.622211
3.624470
3.626687
3.628925
3.631124
3.633305
3.635556
3.637719
3.639912
3.642093
3.644265
3.646443
3.648609
3.650751
3.652945
3.655102
3.657232
3.659380
3.661567
3.663677
3.665828
3.667967
3.670043
3.672155
3.674241
3.676341
3.678450
3.680562
3.682659
3.684733
3.686827
3.688888
3.690953
3.692981
3.695006
3.697088
3.699153
3.701196
3.703263
3.705316
3.707338
3.709336
3.711356
3.713315
3.715286
3.717285
3.719274
3.721267
3.723283
3.725272
3.727247
3.729227
3.731195
3.733125
3.735070
3.736993
3.738967
3.740930
3.742868
3.744840
3.746760
3.748668
3.750577
3.752503
3.754391
3.756294
3.758178
3.760039
3.761938
3.763844
3.765710
3.767592
3.769482
3.771340
3.773206
3.775094
3.776927
3.778749
3.780591
3.782434
3.784226
3.786083
3.787929
3.789757
3.791584
3.793394
3.795212
3.797016
3.798837
3.800659
3.802430
3.804188
3.805980
3.807772
3.809569
3.811376
3.813174
3.814902
3.816670
3.818444
3.820179
3.821943
3.823696
3.825418
3.827147
3.828912
3.830674
3.832411
3.834167
3.835875
3.837589
3.839293
3.841013
3.842700
3.844450
3.846142
3.847841
3.849525
3.851200
3.852928
3.854642
3.856332
3.858013
3.859690
3.861338
3.863061
3.864739
3.866387
3.868055
3.869712
3.871321
3.872981
3.874638
3.876292
3.877945
3.879626
3.881253
3.882859
3.884516
3.886116
3.887743
3.889351
3.890939
3.892503
3.894085
3.895682
3.897285
3.898909
3.900527
3.902115
3.903691
3.905233
3.906794
3.908364
3.909937
3.911504
3.913053
3.914578
3.916124
3.917679
3.919246
3.920777
3.922332
3.923851
3.925355
3.926880
3.928375
3.929897
3.931422
3.932950
3.934445
3.935940
3.937393
3.938855
3.940332
3.941812
3.943304
3.944784
3.946223
3.947685
3.949147
3.950615
3.952092
3.953554
3.954959
3.956403
3.957799
3.959228
3.960607
3.962078
3.963516
3.964948
3.966386
3.967776
3.969169
3.970583
3.972003
3.973355
3.974778
3.976156
3.977516
3.978873
3.980225
3.981567
3.982915
3.984288
3.985656
3.986981
3.988356
3.989701
3.991046
3.992377
3.993695
3.995007
3.996310
3.997623
3.998926
4.000196
4.001482
4.002788
4.004052
4.005380
4.006680
4.007977
4.009281
4.010566
4.011842
4.013101
4.014359
4.015614
4.016870
4.018107
4.019323
4.020522
4.021774
4.022996
4.024228
4.025444
4.026672
4.027898
4.029102
4.030319
4.031523
4.032712
4.033902
4.035070
4.036263
4.037407
4.038558
4.039717
4.040886
4.042048
4.043220
4.044349
4.045500
4.046629
4.047759
4.048855
4.050009
4.051150
4.052268
4.053370
4.054461
4.055554
4.056654
4.057754
4.058832
4.059932
4.060998
4.062101
4.063186
4.064285
4.065331
4.066382
4.067434
4.068473
4.069516
4.070535
4.071568
4.072620
4.073645
4.074676
4.075679
4.076686
4.077693
4.078714
4.079721
4.080724
4.081728
4.082741
4.083747
4.084742
4.085719
4.086687
4.087612
4.088550
4.089494
4.090423
4.091375
4.092334
4.093293
4.094234
4.095183
4.096103
4.097026
4.097943
4.098847
4.099729
4.100639
4.101535
4.102458
4.103384
4.104298
4.105220
4.106122
4.107006
4.107893
4.108728
4.109582
4.110439
4.111299
4.112147
4.113004
4.113831
4.114667
4.115515
4.116348
4.117166
4.117980
4.118780
4.119565
4.120380
4.121216
4.122019
4.122840
4.123673
4.124494
4.125291
4.126103
4.126924
4.127729
4.128530
4.129305
4.130061
4.130818
4.131574
4.132317
4.133039
4.133734
4.134435
4.135157
4.135852
4.136559
4.137275
4.138030
4.138791
4.139528
4.140241
4.140957
4.141676
4.142383
4.143081
4.143771
4.144456
4.145140
4.145844
4.146524
4.147240
4.147968
4.148702
4.149391
4.150092
4.150766
4.151446
4.152091
4.152752
4.153388
4.154014
4.154637
4.155233
4.155838
4.156453
4.157052
4.157657
4.158257
4.158862
4.159479
4.160090
4.160713
4.161325
4.161914
4.162496
4.163062
4.163589
4.164125
4.164680
4.165243
4.165801
4.166340
4.166900
4.167472
4.168063
4.168659
4.169246
4.169830
4.170429
4.171014
4.171577
4.172161
4.172763
4.173321
4.173845
4.174336
4.174816
4.175310
4.175783
4.176260
4.176736
4.177218
4.177692
4.178153
4.178638
4.179142
4.179615
4.180071
4.180523
4.180973
4.181377
4.181769
4.182204
4.182659
4.183105
4.183510
4.183908
4.184349
4.184786
4.185206
4.185605
4.186015
4.186422
4.186797
4.187160
4.187525
4.187887
4.188232
4.188573
4.188927
4.189292
4.189679
4.190065
4.190458
4.190877
4.191297
4.191695
4.192109
4.192540
4.192951
4.193328
4.193703
4.194089
4.194461
4.194829
4.195195
4.195563
4.195935
4.196267
4.196579
4.196897
4.197223
4.197526
4.197793
4.198062
4.198326
4.198545
4.198751
4.199000
4.199269
4.199494
4.199695
4.199899
4.200105
4.200306
4.200468
4.200624
4.200803
4.200995
4.201148
4.201277
4.201442
4.201603
4.201732
4.201855
4.201984
4.202101
4.202209
4.202313
4.202433
4.202559
4.202682
4.202796
4.202909
4.203030
4.203137
4.203230
4.203335
4.203449
4.203554
4.203632
4.203710
4.203812
4.203895
4.203970
4.204033
4.204087
4.204150
4.204198
4.204222
4.204231
4.204279
4.204333
4.204371
4.204399
4.204420
4.204429
4.204432
4.204432
4.204432
4.204432
4.204434
4.204434
4.204434
4.204434
4.204434
4.204434
4.204434
4.204434
4.204434
4.204434
4.204434
4.204434
4.204434
4.204434
4.204434
4.204434
4.204434
4.204422
4.204387
4.204342
4.204321
4.204294
4.204264
4.204240
4.204219
4.204192
4.204174
4.204165
4.204147
4.204114
4.204102
4.204093
4.204081
4.204069
4.204054
4.204039
4.204027
4.204024
4.204024
4.204018
4.204018
4.204018
4.204018
4.204018
4.204018
4.204018
4.204018
4.204018
4.204018
4.204018
4.204018
4.204018
4.204018
4.204018
4.204018
4.204018
4.204018
4.204018
4.204018
4.204018
4.204018
4.204018
4.204018
4.204018
4.204018
4.204018
4.204018
4.204018
4.204018
4.204018
4.204018
4.204018
4.204018
4.204018
4.204018
4.204018
4.204018
4.204018
4.204018
4.204018
4.204018
4.204018
4.204018
4.204018
4.204018
4.204018
4.204018
4.204018
4.204018
4.204018
4.204018
4.204018
4.204018
4.204018
4.204018
4.204018
4.204018
4.204018
4.204018
4.204018
4.204018
4.204018
4.204018
4.204018
4.204018
4.204018
4.204018
4.204018
4.204018
4.204018
4.204018
4.204018
4.204018
4.204018
4.204018
4.204018
4.204018
4.204018
4.204018
4.204018
4.204018
4.204018
4.204018
4.204018
4.204018
4.204018
4.204018
4.204018
4.204018
4.204018
4.204018
4.204018
4.204018
4.204018
4.204018
4.204018
4.204018
4.204018
4.204018