1.926914
1.926914
1.926914
1.926914
1.926914
1.926914
1.926914
1.926914
1.926914
1.927123
1.927489
1.927992
1.928594
1.929263
1.930071
1.931015
1.932085
1.933241
1.934422
1.935785
1.937250
1.938808
1.940429
1.942262
1.944231
1.946331
1.948539
1.950879
1.953396
1.956047
1.958816
1.961653
1.964721
1.967792
1.971012
1.974317
1.977802
1.981442
1.985166
1.988989
1.993066
1.997165
2.001384
2.005692
2.010216
2.014857
2.019561
2.024459
2.029436
2.034625
2.039994
2.045333
2.050851
2.056571
2.062464
2.068289
2.074385
2.080374
2.086759
2.093285
2.099708
2.106329
2.113166
2.120147
2.127125
2.134300
2.141653
2.149032
2.156657
2.164240
2.172072
2.180131
2.188098
2.196259
2.204654
2.212998
2.221564
2.230261
2.238959
2.248070
2.257148
2.266205
2.275592
2.285020
2.294548
2.304216
2.314091
2.324002
2.334057
2.344085
2.354424
2.364865
2.375468
2.386146
2.396950
2.407927
2.418950
2.430068
2.441498
2.452826
2.464445
2.476249
2.488078
2.500026
2.512235
2.524204
2.536875
2.549317
2.561919
2.574607
2.587412
2.600178
2.612993
2.625818
2.638615
2.651504
2.664333
2.677330
2.689943
2.702925
2.715817
2.728646
2.741697
2.754712
2.767721
2.780736
2.793688
2.806571
2.819535
2.832358
2.845250
2.858253
2.871073
2.883878
2.896851
2.909575
2.922446
2.935359
2.948191
2.961134
2.973888
2.986634
2.999630
3.012112
3.024959
3.037710
3.050560
3.063369
3.076036
3.088661
3.101335
3.114230
3.126648
3.139319
3.151902
3.164339
3.177084
3.189787
3.202296
3.215077
3.227858
3.240379
3.252923
3.265653
3.278216
3.290907
3.303539
3.316404
3.328846
3.341547
3.354007
3.366650
3.379396
3.391997
3.404610
3.417191
3.429903
3.442654
3.455091
3.468016
3.480360
3.493210
3.505817
3.518299
3.531101
3.543460
3.556121
3.568675
3.581177
3.593751
3.606416
3.618873
3.631433
3.643938
3.656579
3.668914
3.681518
3.693940
3.706355
3.718996
3.731297
3.743860
3.756284
3.768811
3.781095
3.793657
3.805815
3.818273
3.830686
3.842981
3.855364
3.867720
3.879989
3.892332
3.904694
3.916897
3.929130
3.941558
3.953776
3.966086
3.978415
3.990792
4.002989
4.015315
4.027617
4.039765
4.052271
4.064417
4.076740
4.089092
4.101424
4.113678
4.126109
4.138485
4.150808
4.163089
4.175421
4.187788
4.200270
4.212668
4.224811
4.237379
4.249528
4.261803
4.274356
4.286716
4.298990
4.311382
4.323785
4.336054
4.348485
4.360766
4.373068
4.385705
4.397839
4.410198
4.422509
4.434960
4.447286
4.459513
4.471922
4.484164
4.496736
4.508750
4.521022
4.533396
4.545626
4.557861
4.570250
4.582306
4.594662
4.607176
4.619038
4.631546
4.643513
4.655692
4.668101
4.680145
4.692483
4.704572
4.716943
4.728978
4.741199
4.753537
4.765650
4.777877
4.790149
4.802268
4.814639
4.826757
4.838948
4.851161
4.863462
4.875617
4.887991
4.900343
4.912397
4.924707
4.937045
4.949212
4.961523
4.973846
4.986055
4.998306
5.010721
5.022753
5.035298
5.047372
5.059872
5.072065
5.084343
5.096603
5.108809
5.121135
5.133338
5.145580
5.158085
5.170010
5.182551
5.194625
5.206927
5.219148
5.231333
5.243455
5.255700
5.267969
5.279983
5.292150
5.304344
5.316472
5.328609
5.340764
5.352754
5.364822
5.376920
5.388940
5.401032
5.413274
5.424959
5.437192
5.449194
5.461160
5.472965
5.485168
5.497050
5.509047
5.520881
5.532823
5.544733
5.556705
5.568614
5.580550
5.592544
5.604294
5.616296
5.628259
5.640169
5.652165
5.664110
5.675974
5.687839
5.699826
5.711648
5.723546
5.735623
5.747350
5.759250
5.771255
5.783033
5.794903
5.806830
5.818704
5.830748
5.842609
5.854324
5.866278
5.878011
5.889914
5.901820
5.913682
5.925405
5.937317
5.949176
5.960873
5.972608
5.984562
5.996124
6.008021
6.019751
6.031382
6.043129
6.054976
6.066660
6.078252
6.090047
6.101669
6.113240
6.125011
6.136525
6.148162
6.159871
6.171381
6.183099
6.194511
6.206013
6.217772
6.229376
6.240866
6.252371
6.263891
6.275264
0.003697
0.015217
0.026590
0.038068
0.049699
0.061036
0.072511
0.084018
0.095478
0.106881
0.118608
0.129960
0.141414
0.152976
0.164313
0.175854
0.187349
0.198824
0.210281
0.221726
0.233195
0.244640
0.256151
0.267578
0.279047
0.290549
0.302068
0.313411
0.324856
0.336370
0.347965
0.359467
0.370738
0.382282
0.393709
0.405076
0.416434
0.428059
0.439321
0.450706
0.462184
0.473419
0.484945
0.496219
0.507547
0.518845
0.530440
0.541618
0.553009
0.564364
0.575830
0.587062
0.598402
0.609548
0.620858
0.632252
0.643301
0.654725
0.666014
0.677211
0.688377
0.699762
0.710883
0.722142
0.733291
0.744487
0.755644
0.766757
0.777896
0.789206
0.800384
0.811575
0.822807
0.833832
0.845167
0.856276
0.867394
0.878456
0.889898
0.900980
0.912137
0.923370
0.934365
0.945663
0.956898
0.968041
0.979330
0.990571
1.001657
1.012931
1.024136
1.035329
1.046666
1.057868
1.068993
1.080189
1.091586
1.102681
1.113955
1.125214
1.136371
1.147603
1.158929
1.170095
1.181201
1.192568
1.203761
1.215036
1.226289
1.237455
1.248747
1.259946
1.271332
1.282387
1.293652
1.304833
1.315961
1.327223
1.338278
1.349391
1.360779
1.371909
1.382986
1.394236
1.405312
1.416458
1.427636
1.438730
1.449875
1.461081
1.472124
1.483174
1.494607
1.505494
1.516589
1.527731
1.538759
1.549935
1.561101
1.572079
1.583200
1.594261
1.605374
1.616309
1.627602
1.638618
1.649739
1.660885
1.671967
1.683178
1.694336
1.705349
1.716551
1.727760
1.738710
1.749993
1.761160
1.772254
1.783376
1.794599
1.805750
1.816868
1.828128
1.839210
1.850451
1.861665
1.872784
1.883932
1.895125
1.906301
1.917602
1.928693
1.939827
1.950957
1.962165
1.973323
1.984447
1.995706
2.006818
2.017889
2.029076
2.040263
2.051346
2.062524
2.073586
2.084590
2.095657
2.106806
2.117945
2.129034
2.140074
2.151129
2.162245
2.173417
2.184311
2.195462
2.206425
2.217462
2.228485
2.239294
2.250326
2.261363
2.272305
2.283315
2.294281
2.305202
2.316059
2.327070
2.337856
2.348893
2.359631
2.370668
2.381517
2.392384
2.403292
2.414096
2.425005
2.435935
2.446759
2.457641
2.468451
2.479344
2.490358
2.501075
2.511941
2.522880
2.533720
2.544647
2.555486
2.566428
2.577246
2.588173
2.599040
2.609841
2.620752
2.631442
2.642309
2.653355
2.664159
2.674990
2.686042
2.696741
2.707527
2.718466
2.729177
2.740055
2.750880
2.761735
2.772500
2.783297
2.794161
2.804962
2.815601
2.826578
2.837166
2.848117
2.858774
2.869524
2.880313
2.890990
2.901737
2.912394
2.923249
2.933885
2.944566
2.955157
2.965817
2.976396
2.987236
2.997734
3.008412
3.019042
3.029576
3.040251
3.050869
3.061379
3.072060
3.082528
3.092958
3.103710
3.114116
3.124758
3.135268
3.145598
3.156297
3.166712
3.177276
3.187639
3.198275
3.208734
3.219155
3.229650
3.240103
3.250619
3.261105
3.271702
3.282111
3.292597
3.303185
3.313566
3.324157
3.334578
3.345088
3.355538
3.365961
3.376468
3.386997
3.397477
3.408095
3.418491
3.428801
3.439293
3.449962
3.460271
3.470787
3.481199
3.491538
3.502012
3.512516
3.522826
3.533480
3.543615
3.554302
3.564495
3.575077
3.585375
3.595672
3.606161
3.616372
3.626798
3.637386
3.647525
3.657765
3.668206
3.678576
3.688816
3.699171
3.709450
3.719700
3.730084
3.740211
3.750460
3.760734
3.770890
3.781188
3.791548
3.801504
3.811876
3.822015
3.832073
3.842244
3.852527
3.862713
3.872777
3.882946
3.893099
3.903181
3.913401
3.923383
3.933594
3.943703
3.953784
3.963974
3.974053
3.984078
3.994309
4.004460
4.014470
4.024575
4.034642
4.044775
4.054988
4.064884
4.075155
4.085188
4.095261
4.105394
4.115541
4.125620
4.135720
4.145868
4.155973
4.166091
4.176254
4.186278
4.196405
4.206607
4.216715
4.226800
4.236957
4.247015
4.257159
4.267274
4.277370
4.287476
4.297534
4.307697
4.317910
4.327953
4.338068
4.348228
4.358327
4.368403
4.378556
4.388494
4.398720
4.408727
4.418685
4.428944
4.438924
4.449039
4.458961
4.469169
4.479191
4.489210
4.499319
4.509289
4.519356
4.529312
4.539364
4.549374
4.559413
4.569516
4.579307
4.589365
4.599369
4.609280
4.619263
4.629221
4.639060
4.649103
4.659122
4.669084
4.678941
4.688891
4.698754
4.708674
4.718633
4.728463
4.738401
4.748183
4.758225
4.768053
4.778257
4.787926
4.797950
4.807849
4.817793
4.827632
4.837606
4.847481
4.857512
4.867438
4.877358
4.887278
4.897366
4.907238
4.917170
4.927161
4.937006
4.947118
4.956867
4.966772
4.976803
4.986765
4.996685
5.006623
5.016570
5.026451
5.036475
5.046413
5.056321
5.066172
5.076152
5.086030
5.096001
5.105954
5.115841
5.125680
5.135591
5.145583
5.155344
5.165405
5.175118
5.185017
5.194993
5.204776
5.214564
5.224463
5.234275
5.244189
5.254001
5.263849
5.273448
5.283440
5.293087
5.302896
5.312682
5.322473
5.332114
5.341911
5.351562
5.361179
5.371054
5.380611
5.390235
5.400110
5.409679
5.419240
5.428998
5.438510
5.448044
5.457706
5.467374
5.476878
5.486690
5.496079
5.505586
5.515191
5.524710
5.534357
5.543821
5.553322
5.562789
5.572524
5.581970
5.591519
5.601142
5.610619
5.620188
5.629701
5.639156
5.648714
5.658175
5.667711
5.677236
5.686769
5.696201
5.705680
5.715211
5.724693
5.734071
5.743593
5.753090
5.762552
5.772019
5.781538
5.791026
5.800392
5.809799
5.819336
5.828788
5.838127
5.847550
5.856972
5.866452
5.875949
5.885375
5.894825
5.904005
5.913607
5.922864
5.932281
5.941602
5.951022
5.960375
5.969876
5.979023
5.988523
5.997763
6.007042
6.016455
6.025779
6.034968
6.044331
6.053600
6.062822
6.072092
6.081440
6.090623
6.099863
6.109129
6.118432
6.127501
6.136780
6.145900
6.155095
6.164290
6.173494
6.182626
6.191856
6.200967
6.210054
6.219234
6.228382
6.237468
6.246613
6.255675
6.264795
6.273877
6.282856
0.008817
0.017913
0.026905
0.035914
0.045034
0.054067
0.063178
0.072268
0.081307
0.090346
0.099433
0.108430
0.117433
0.126476
0.135646
0.144614
0.153629
0.162692
0.171743
0.180824
0.189809
0.198851
0.207974
0.216926
0.225882
0.234987
0.244068
0.253017
0.262116
0.271119
0.280008
0.289167
0.298132
0.307129
0.316165
0.325162
0.334273
0.343243
0.352180
0.361142
0.370148
0.379103
0.388166
0.397196
0.405990
0.415184
0.423969
0.433005
0.441999
0.450948
0.459949
0.468838
0.477760
0.486691
0.495536
0.504482
0.513353
0.522314
0.531216
0.540072
0.549039
0.557809
0.566788
0.575551
0.584593
0.593306
0.602105
0.610911
0.619797
0.628728
0.637552
0.646300
0.655052
0.663959
0.672669
0.681510
0.690381
0.699028
0.707821
0.716612
0.725456
0.734094
0.742905
0.751489
0.760330
0.769079
0.777806
0.786465
0.795273
0.803923
0.812632
0.821510
0.830039
0.838857
0.847590
0.856297
0.864866
0.873722
0.882398
0.891069
0.899809
0.908527
0.917189
0.926069
0.934653
0.943347
0.952096
0.960838
0.969500
0.978341
0.986949
0.995664
1.004365
1.013131
1.021874
1.030625
1.039290
1.047949
1.056715
1.065547
1.074239
1.083011
1.091673
1.100394
1.109173
1.117939
1.126583
1.135355
1.144107
1.152748
1.161493
1.170200
1.178945
1.187733
1.196352
1.205050
1.213705
1.222448
1.231142
1.239825
1.248463
1.257265
1.266100
1.274543
1.283232
1.292160
1.300660
1.309354
1.318145
1.326660
1.335504
1.344106
1.352680
1.361390
1.370055
1.378683
1.387330
1.395913
1.404575
1.413246
1.421838
1.430533
1.439159
1.447631
1.456350
1.464862
1.473559
1.482005
1.490781
1.499269
1.507918
1.516409
1.524918
1.533630
1.542094
1.550732
1.559265
1.567851
1.576348
1.584911
1.593509
1.602078
1.610551
1.619150
1.627700
1.636233
1.644799
1.653275
1.661852
1.670451
1.678978
1.687574
1.696340
1.704777
1.713424
1.722067
1.730621
1.739166
1.747806
1.756339
1.765016
1.773486
1.782099
1.790593
1.799228
1.807793
1.816383
1.825000
1.833571
1.842173
1.850718
1.859263
1.867846
1.876463
1.885089
1.893648
1.902166
1.910645
1.919513
1.927845
1.936372
1.945004
1.953578
1.962183
1.970680
1.979336
1.987781
1.996353
2.005009
2.013446
2.021978
2.030622
2.039137
2.047607
2.056253
2.064588
2.073286
2.081594
2.090190
2.098788
2.107153
2.115602
2.124084
2.132602
2.140952
2.149404
2.158023
2.166388
2.174807
2.183277
2.191630
2.200127
2.208504
2.216908
2.225240
2.233770
2.242045
2.250323
2.258811
2.267191
2.275451
2.283921
2.292220
2.300453
2.309010
2.317261
2.325518
2.333901
2.342119
2.350448
2.358798
2.367085
2.375321
2.383611
2.391827
2.400281
2.408434
2.416751
2.425032
2.433415
2.441510
2.449965
2.458138
2.466383
2.474658
2.483053
2.491155
2.499415
2.507729
2.515941
2.524273
2.532488
2.540716
2.549027
2.557245
2.565535
2.573804
2.582064
2.590187
2.598590
2.606779
2.614988
2.623203
2.631463
2.639582
2.647795
2.656204
2.664414
2.672494
2.680772
2.689176
2.697280
2.705454
2.713636
2.721917
2.730135
2.738306
2.746476
2.754637
2.762825
2.771076
2.779139
2.787435
2.795428
2.803607
2.811748
2.819885
2.828271
2.836232
2.844504
2.852485
2.860590
2.868877
2.876822
2.884885
2.893160
2.901228
2.909219
2.917365
2.925355
2.933532
2.941537
2.949602
2.957680
2.965589
2.973679
2.981777
2.989770
2.997845
3.005844
3.013769
3.021798
3.029810
3.037797
3.045791
3.053724
3.061628
3.069681
3.077606
3.085572
3.093524
3.101449
3.109358
3.117286
3.125156
3.133120
3.140970
3.148807
3.156714
3.164644
3.172503
3.180380
3.188301
3.196166
3.204033
3.211988
3.219754
3.227633
3.235489
3.243309
3.251224
3.259125
3.266957
3.274767
3.282698
3.290455
3.298313
3.306199
3.314007
3.321853
3.329751
3.337628
3.345381
3.353348
3.361147
3.368922
3.376777
3.384516
3.392407
3.400266
3.408065
3.415884
3.423728
3.431515
3.439320
3.447226
3.455022
3.462722
3.470545
3.478358
3.486130
3.493908
3.501674
3.509409
3.517190
3.524971
3.532647
3.540473
3.548146
3.555896
3.563653
3.571329
3.579053
3.586837
3.594444
3.602230
3.609840
3.617519
3.625213
3.632976
3.640574
3.648367
3.655905
3.663652
3.671206
3.678995
3.686455
3.694182
3.701738
3.709435
3.717006
3.724592
3.732124
3.739758
3.747389
3.754966
3.762456
3.769985
3.777586
3.785089
3.792633
3.800060
3.807730
3.815148
3.822758
3.830113
3.837711
3.845124
3.852605
3.860110
3.867570
3.875042
3.882508
3.890004
3.897408
3.904850
3.912202
3.919698
3.927174
3.934652
3.941857
3.949449
3.956742
3.964202
3.971593
3.979032
3.986436
3.993809
4.001203
4.008657
4.016076
4.023425
4.030951
4.038238
4.045593
4.053161
4.060333
4.067779
4.075233
4.082516
4.089899
4.097451
4.104804
4.112057
4.119613
4.126882
4.134285
4.141715
4.149062
4.156507
4.163724
4.171208
4.178471
4.185877
4.193274
4.200579
4.208078
4.215325
4.222687
4.230099
4.237397
4.244764
4.252210
4.259475
4.266866
4.274231
4.281472
4.288830
4.296213
4.303529
4.310866
4.318099
4.325523
4.332788
4.340138
4.347397
4.354762
4.362156
4.369326
4.376636
4.383952
4.391227
4.398510
4.405859
4.413074
4.420378
4.427569
4.434807
4.442214
4.449350
4.456687
4.463857
4.471191
4.478283
4.485576
4.492895
4.499969
4.507201
4.514419
4.521588
4.528767
4.536005
4.543088
4.550272
4.557538
4.564606
4.571715
4.578834
4.585970
4.593287
4.600334
4.607437
4.614559
4.621713
4.628772
4.635849
4.643024
4.650077
4.657270
4.664272
4.671373
4.678420
4.685496
4.692588
4.699551
4.706634
4.713638
4.720757
4.727765
4.734869
4.741879
4.748953
4.755886
4.762927
4.769976
4.776984
4.784055
4.791090
4.798082
4.805099
4.812158
4.819144
4.826272
4.833256
4.840222
4.847227
4.854261
4.861212
4.868265
4.875362
4.882287
4.889237
4.896230
4.903327
4.910207
4.917343
4.924255
4.931224
4.938324
4.945168
4.952268
4.959222
4.966089
4.973220
4.980179
4.987020
4.994018
5.001020
5.008070
5.014892
5.022017
5.028793
5.035888
5.042737
5.049751
5.056576
5.063533
5.070523
5.077377
5.084433
5.091333
5.098203
5.105127
5.112018
5.119032
5.125836
5.132823
5.139534
5.146559
5.153348
5.160317
5.167226
5.173965
5.180745
5.187815
5.194488
5.201372
5.208143
5.214981
5.221838
5.228580
5.235446
5.242239
5.249043
5.255829
5.262618
5.269350
5.276136
5.282901
5.289675
5.296347
5.303145
5.309914
5.316580
5.323303
5.330017
5.336677
5.343373
5.350135
5.356721
5.363405
5.370077
5.376678
5.383335
5.390001
5.396598
5.403208
5.409868
5.416456
5.423045
5.429675
5.436299
5.442917
5.449395
5.455944
5.462506
5.469058
5.475565
5.482148
5.488664
5.495157
5.501682
5.508252
5.514751
5.521210
5.527739
5.534171
5.540658
5.547165
5.553562
5.560177
5.566592
5.573141
5.579424
5.586084
5.592393
5.598841
5.605384
5.611784
5.618217
5.624748
5.631126
5.637550
5.643968
5.650412
5.656845
5.663185
5.669638
5.676074
5.682434
5.688813
5.695176
5.701645
5.707952
5.714375
5.720766
5.727117
5.733457
5.739862
5.746163
5.752506
5.758887
5.765179
5.771522
5.777850
5.784252
5.790463
5.796926
5.803106
5.809548
5.815806
5.822098
5.828351
5.834685
5.840961
5.847229
5.853524
5.859783
5.866077
5.872363
5.878625
5.884833
5.891107
5.897299
5.903543
5.909796
5.916043
5.922254
5.928509
5.934699
5.940949
5.947202
5.953334
5.959516
5.965753
5.971967
5.978094
5.984355
5.990533
5.996619
6.002793
6.008920
6.015038
6.021198
6.027280
6.033485
6.039615
6.045712
6.051818
6.057957
6.064057
6.070133
6.076182
6.082276
6.088313
6.094392
6.100420
6.106511
6.112575
6.118597
6.124574
6.130626
6.136651
6.142688
6.148821
6.154744
6.160713
6.166777
6.172691
6.178623
6.184705
6.190625
6.196575
6.202556
6.208482
6.214450
6.220457
6.226338
6.232291
6.238263
6.244195
6.250133
6.256137
6.261946
6.267881
6.273808
6.279599
0.002367
0.008401
0.014126
0.020142
0.025910
0.031833
0.037669
0.043572
0.049360
0.055388
0.061099
0.067031
0.072885
0.078766
0.084621
0.090487
0.096374
0.102136
0.108131
0.113838
0.119695
0.125604
0.131371
0.137273
0.143086
0.148904
0.154824
0.160631
0.166428
0.172249
0.178104
0.183919
0.189743
0.195532
0.201323
0.207114
0.212987
0.218754
0.224599
0.230379
0.236161
0.241982
0.247813
0.253601
0.259357
0.265211
0.270939
0.276758
0.282531
0.288299
0.294159
0.299854
0.305604
0.311422
0.317219
0.322870
0.328646
0.334411
0.340145
0.345886
0.351707
0.357391
0.363185
0.368898
0.374606
0.380328
0.386042
0.391821
0.397487
0.403221
0.408911
0.414618
0.420353
0.426063
0.431741
0.437421
0.443057
0.448830
0.454511
0.460161
0.465821
0.471546
0.477170
0.482862
0.488528
0.494104
0.499763
0.505465
0.511091
0.516688
0.522329
0.528055
0.533538
0.539254
0.544866
0.550462
0.556008
0.561632
0.567243
0.572858
0.578449
0.584045
0.589600
0.595146
0.600712
0.606312
0.611849
0.617406
0.622985
0.628543
0.634046
0.639613
0.645156
0.650710
0.656235
0.661763
0.667297
0.672791
0.678325
0.683727
0.689360
0.694740
0.700292
0.705760
0.711177
0.716738
0.722190
0.727613
0.733120
0.738705
0.744017
0.749508
0.754997
0.760423
0.765915
0.771356
0.776719
0.782165
0.787639
0.793065
0.798416
0.803965
0.809325
0.814813
0.820218
0.825611
0.831106
0.836472
0.841892
0.847294
0.852699
0.858065
0.863481
0.868949
0.874384
0.879645
0.885185
0.890482
0.895971
0.901325
0.906714
0.912113
0.917521
0.922896
0.928280
0.933718
0.939027
0.944414
0.949828
0.955182
0.960569
0.965970
0.971393
0.976789
0.982062
0.987443
0.992773
0.998268
1.003601
1.008994
1.014345
1.019690
1.025029
1.030440
1.035749
1.041064
1.046450
1.051763
1.057132
1.062590
1.067863
1.073226
1.078598
1.083904
1.089198
1.094633
1.099972
1.105269
1.110608
1.115929
1.121211
1.126583
1.131841
1.137174
1.142519
1.147786
1.153068
1.158449
1.163761
1.169037
1.174424
1.179628
1.184946
1.190276
1.195540
1.200804
1.206107
1.211377
1.216666
1.222025
1.227239
1.232512
1.237821
1.243070
1.248295
1.253658
1.258799
1.264126
1.269339
1.274663
1.279825
1.285098
1.290354
1.295504
1.300789
1.306002
1.311221
1.316422
1.321701
1.326938
1.332110
1.337290
1.342527
1.347740
1.352947
1.358094
1.363307
1.368458
1.373647
1.378845
1.383995
1.389253
1.394362
1.399500
1.404656
1.409785
1.414974
1.420134
1.425296
1.430398
1.435584
1.440737
1.445855
1.450933
1.456140
1.461264
1.466306
1.471471
1.476546
1.481697
1.486823
1.491943
1.496971
1.502130
1.507253
1.512289
1.517395
1.522557
1.527611
1.532671
1.537735
1.542825
1.547900
1.552970
1.558009
1.563108
1.568118
1.573139
1.578251
1.583257
1.588338
1.593381
1.598420
1.603501
1.608574
1.613532
1.618589
1.623653
1.628689
1.633684
1.638729
1.643732
1.648865
1.653820
1.658895
1.663869
1.668929
1.673927
1.678975
1.684005
1.689015
1.694045
1.699102
1.704037
1.709073
1.714107
1.719065
1.724060
1.729051
1.734102
1.739151
1.744130
1.749104
1.754140
1.759170
1.764063
1.769075
1.774085
1.779088
1.784053
1.789053
1.794080
1.799057
1.804093
1.809067
1.814070
1.819035
1.823981
1.828964
1.834000
1.838973
1.843950
1.848905
1.853825
1.858831
1.863853
1.868736
1.873785
1.878683
1.883630
1.888600
1.893499
1.898532
1.903469
1.908389
1.913299
1.918249
1.923231
1.928133
1.933049
1.938029
1.942883
1.947871
1.952731
1.957674
1.962597
1.967501
1.972421
1.977319
1.982179
1.987143
1.992120
1.996884
2.001764
2.006693
2.011597
2.016439
2.021346
2.026239
2.031122
2.035988
2.040848
2.045746
2.050600
2.055429
2.060238
2.065140
2.069966
2.074823
2.079634
2.084479
2.089327
2.094121
2.098929
2.103828
2.108570
2.113412
2.118242
2.123059
2.127778
2.132614
2.137404
2.142252
2.146923
2.151822
2.156498
2.161337
2.166020
2.170852
2.175571
2.180338
2.185105
2.189817
2.194617
2.199327
2.204094
2.208705
2.213498
2.218259
2.222831
2.227595
2.232251
2.237041
2.241655
2.246383
2.251081
2.255764
2.260483
2.265120
2.269800
2.274450
2.279106
2.283786
2.288355
2.293056
2.297592
2.302229
2.306921
2.311532
2.316104
2.320745
2.325377
2.330003
2.334602
2.339192
2.343806
2.348492
2.353061
2.357648
2.362247
2.366890
2.371403
2.376028
2.380636
2.385113
2.389780
2.394229
2.398810
2.403454
2.407999
2.412514
2.417107
2.421700
2.426269
2.430793
2.435329
2.439922
2.444470
2.448973
2.453494
2.458069
2.462587
2.467171
2.471603
2.476232
2.480735
2.485238
2.489819
2.494283
2.498852
2.503337
2.507813
2.512385
2.516858
2.521382
2.525807
2.530352
2.534852
2.539373
2.543811
2.548314
2.552901
2.557338
2.561802
2.566347
2.570742
2.575290
2.579679
2.584137
2.588691
2.593156
2.597590
2.602036
2.606542
2.611003
2.615452
2.619895
2.624345
2.628851
2.633300
2.637665
2.642162
2.646596
2.651000
2.655405
2.659848
2.664315
2.668701
2.673117
2.677527
2.682016
2.686426
2.690791
2.695228
2.699659
2.704025
2.708378
2.712827
2.717201
2.721629
2.725995
2.730360
2.734743
2.739156
2.743516
2.747854
2.752246
2.756603
2.760959
2.765315
2.769641
2.774034
2.778399
2.782746
2.787018
2.791456
2.795785
2.800105
2.804450
2.808788
2.813099
2.817371
2.821635
2.826024
2.830350
2.834599
2.838898
2.843227
2.847566
2.851793
2.856092
2.860365
2.864658
2.868913
2.873224
2.877442
2.881769
2.886014
2.890256
2.894448
2.898783
2.902993
2.907271
2.911469
2.915723
2.920025
2.924199
2.928429
2.932657
2.936830
2.941013
2.945279
2.949476
2.953650
2.957901
2.962000
2.966254
2.970443
2.974628
2.978760
2.982949
2.987119
2.991328
2.995484
2.999594
3.003780
3.007962
3.012079
3.016220
3.020342
3.024582
3.028620
3.032767
3.036877
3.041006
3.045132
3.049218
3.053365
3.057499
3.061550
3.065661
3.069804
3.073909
3.077959
3.082064
3.086109
3.090186
3.094279
3.098356
3.102341
3.106440
3.110538
3.114559
3.118670
3.122730
3.126741
3.130786
3.134819
3.138857
3.142914
3.146899
3.150961
3.154934
3.159018
3.162966
3.166981
3.171032
3.175017
3.179052
3.183043
3.187055
3.191118
3.195120
3.199081
3.203087
3.207047
3.211032
3.215032
3.219002
3.222971
3.226965
3.230971
3.234923
3.238904
3.242886
3.246817
3.250820
3.254748
3.258739
3.262687
3.266630
3.270630
3.274540
3.278452
3.282410
3.286344
3.290341
3.294245
3.298182
3.302043
3.306067
3.309974
3.313893
3.317800
3.321695
3.325628
3.329565
3.333436
3.337316
3.341223
3.345079
3.348968
3.352895
3.356761
3.360625
3.364547
3.368331
3.372163
3.376115
3.379932
3.383815
3.387695
3.391503
3.395391
3.399256
3.403026
3.406881
3.410746
3.414539
3.418302
3.422134
3.425993
3.429711
3.433591
3.437327
3.441144
3.444964
3.448715
3.452538
3.456307
3.460058
3.463800
3.467662
3.471411
3.475126
3.478945
3.482646
3.486394
3.490196
3.493890
3.497641
3.501383
3.505095
3.508810
3.512537
3.516264
3.519971
3.523665
3.527356
3.531023
3.534750
3.538504
3.542126
3.545860
3.549479
3.553131
3.556831
3.560468
3.564162
3.567803
3.571425
3.575068
3.578783
3.582376
3.585953
3.589665
3.593209
3.596831
3.600439
3.604022
3.607611
3.611201
3.614775
3.618340
3.621911
3.625447
3.629024
3.632595
3.636134
3.639669
3.643198
3.646755
3.650302
3.653816
3.657328
3.660803
3.664312
3.667808
3.671295
3.674840
3.678306
3.681761
3.685245
3.688663
3.692190
3.695626
3.699054
3.702511
3.705963
3.709336
3.712776
3.716215
3.719598
3.723055
3.726399
3.729802
3.733152
3.736549
3.739944
3.743306
3.746661
3.750032
3.753399
3.756800
3.760128
3.763469
3.766837
3.770186
3.773485
3.776804
3.780133
3.783486
3.786796
3.790083
3.793468
3.796716
3.799976
3.803254
3.806549
3.809848
3.813072
3.816406
3.819618
3.822914
3.826149
3.829424
3.832696
3.835956
3.839254
3.842445
3.845720
3.848964
3.852215
3.855493
3.858684
3.861881
3.865122
3.868307
3.871513
3.874722
3.877930
3.881097
3.884309
3.887476
3.890661
3.893836
3.897039
3.900209
3.903394
3.906510
3.909680
3.912846
3.916043
3.919216
3.922335
3.925475
3.928585
3.931740
3.934867
3.938004
3.941168
3.944263
3.947373
3.950510
3.953626
3.956712
3.959852
3.962919
3.966023
3.969106
3.972171
3.975275
3.978331
3.981417
3.984473
3.987580
3.990618
3.993668
3.996730
3.999744
4.002788
4.005871
4.008936
4.011983
4.014985
4.017948
4.021022
4.024051
4.027056
4.030064
4.033084
4.036026
4.039043
4.042069
4.045014
4.048005
4.050965
4.053922
4.056900
4.059896
4.062868
4.065795
4.068779
4.071721
4.074681
4.077641
4.080575
4.083505
4.086402
4.089314
4.092247
4.095213
4.098128
4.101071
4.103980
4.106859
4.109744
4.112669
4.115562
4.118469
4.121390
4.124254
4.127142
4.130033
4.132922
4.135783
4.138671
4.141544
4.144397
4.147216
4.150086
4.152926
4.155836
4.158673
4.161513
4.164344
4.167170
4.170037
4.172871
4.175687
4.178549
4.181356
4.184163
4.187001
4.189826
4.192627
4.195384
4.198251
4.201004
4.203778
4.206577
4.209363
4.212204
4.214963
4.217728
4.220488
4.223268
4.226039
4.228817
4.231579
4.234299
4.237041
4.239815
4.242559
4.245265
4.248054
4.250769
4.253492
4.256242
4.258942
4.261665
4.264425
4.267133
4.269814
4.272517
4.275229
4.277862
4.280573
4.283252
4.285954
4.288630
4.291266
4.293924
4.296602
4.299275
4.301941
4.304638
4.307286
4.309923
4.312550
4.315178
4.317787
4.320493
4.323063
4.325703
4.328256
4.330862
4.333460
4.336045
4.338622
4.341240
4.343853
4.346412
4.348952
4.351556
4.354130
4.356730
4.359289
4.361838
4.364382
4.366923
4.369448
4.371989
4.374539
4.377124
4.379638
4.382110
4.384650
4.387185
4.389672
4.392236
4.394741
4.397261
4.399768
4.402252
4.404676
4.407187
4.409751
4.412169
4.414662
4.417098
4.419588
4.422050
4.424510
4.426955
4.429423
4.431916
4.434346
4.436788
4.439211
4.441629
4.444047
4.446468
4.448904
4.451294
4.453682
4.456055
4.458452
4.460828
4.463192
4.465598
4.467995
4.470341
4.472692
4.475062
4.477381
4.479727
4.482097
4.484410
4.486738
4.489105
4.491412
4.493713
4.496026
4.498351
4.500628
4.502934
4.505248
4.507570
4.509840
4.512117
4.514400
4.516672
4.518928
4.521190
4.523410
4.525669
4.527904
4.530136
4.532341
4.534597
4.536832
4.539028
4.541230
4.543468
4.545650
4.547852
4.550054
4.552235
4.554416
4.556618
4.558775
4.560959
4.563126
4.565220
4.567398
4.569516
4.571652
4.573764
4.575871
4.578016
4.580110
4.582261
4.584322
4.586417
4.588535
4.590596
4.592711
4.594761
4.596804
4.598859
4.600921
4.602985
4.605088
4.607131
4.609139
4.611176
4.613220
4.615242
4.617255
4.619272
4.621279
4.623307
4.625327
4.627310
4.629299
4.631304
4.633251
4.635220
4.637191
4.639147
4.641110
4.643072
4.645026
4.646967
4.648900
4.650826
4.652803
4.654703
4.656635
4.658541
4.660464
4.662358
4.664254
4.666163
4.668036
4.669914
4.671798
4.673665
4.675531
4.677410
4.679255
4.681134
4.682989
4.684837
4.686686
4.688504
4.690356
4.692153
4.694005
4.695833
4.697649
4.699482
4.701315
4.703062
4.704881
4.706648
4.708476
4.710247
4.712011
4.713779
4.715589
4.717360
4.719160
4.720907
4.722674
4.724397
4.726150
4.727888
4.729637
4.731399
4.733140
4.734883
4.736606
4.738329
4.740067
4.741804
4.743530
4.745253
4.746952
4.748626
4.750358
4.752078
4.753782
4.755475
4.757144
4.758825
4.760515
4.762210
4.763885
4.765563
4.767250
4.768913
4.770560
4.772253
4.773901
4.775564
4.777277
4.778865
4.780499
4.782143
4.783776
4.785427
4.787098
4.788713
4.790331
4.791937
4.793579
4.795191
4.796836
4.798418
4.800018
4.801594
4.803169
4.804745
4.806315
4.807894
4.809494
4.811073
4.812592
4.814171
4.815711
4.817257
4.818806
4.820358
4.821874
4.823399
4.824921
4.826431
4.827935
4.829472
4.830973
4.832480
4.833999
4.835473
4.836959
4.838448
4.839949
4.841423
4.842879
4.844341
4.845803
4.847271
4.848677
4.850100
4.851517
4.852934
4.854399
4.855828
4.857213
4.858609
4.859996
4.861383
4.862785
4.864187
4.865541
4.866910
4.868304
4.869670
4.871027
4.872411
4.873768
4.875123
4.876477
4.877816
4.879135
4.880477
4.881804
4.883131
4.884429
4.885726
4.887026
4.888332
4.889621
4.890906
4.892173
4.893453
4.894711
4.895957
4.897183
4.898429
4.899684
4.900919
4.902156
4.903378
4.904586
4.905823
4.907028
4.908232
4.909463
4.910665
4.911879
4.913074
4.914260
4.915423
4.916594
4.917754
4.918904
4.920043
4.921172
4.922302
4.923449
4.924597
4.925735
4.926859
4.927979
4.929106
4.930235
4.931332
4.932428
4.933516
4.934609
4.935658
4.936731
4.937779
4.938822
4.939858
4.940892
4.941908
4.942917
4.943954
4.944961
4.946003
4.947058
4.948074
4.949125
4.950135
4.951163
4.952184
4.953167
4.954156
4.955130
4.956061
4.956999
4.957937
4.958850
4.959782
4.960711
4.961619
4.962536
4.963452
4.964363
4.965286
4.966200
4.967102
4.967995
4.968917
4.969828
4.970745
4.971650
4.972534
4.973426
4.974313
4.975200
4.976081
4.976932
4.977786
4.978598
4.979434
4.980227
4.981048
4.981857
4.982642
4.983442
4.984206
4.984982
4.985752
4.986558
4.987322
4.988086
4.988862
4.989617
4.990372
4.991118
4.991864
4.992604
4.993356
4.994108
4.994875
4.995612
4.996382
4.997125
4.997880
4.998599
4.999297
4.999990
5.000669
5.001344
5.002003
5.002650
5.003309
5.003956
5.004585
5.005236
5.005867
5.006491
5.007129
5.007764
5.008381
5.009002
5.009613
5.010218
5.010814
5.011410
5.011974
5.012528
5.013079
5.013651
5.014215
5.014772
5.015326
5.015890
5.016453
5.017022
5.017588
5.018164
5.018718
5.019293
5.019859
5.020425
5.020986
5.021543
5.022061
5.022565
5.023044
5.023511
5.023982
5.024449
5.024899
5.025342
5.025764
5.026199
5.026621
5.027047
5.027469
5.027883
5.028308
5.028716
5.029117
5.029500
5.029890
5.030289
5.030675
5.031046
5.031403
5.031754
5.032098
5.032454
5.032817
5.033147
5.033488
5.033818
5.034142
5.034459
5.034761
5.035043
5.035325
5.035601
5.035882
5.036140
5.036409
5.036670
5.036928
5.037189
5.037446
5.037716
5.037988
5.038258
5.038531
5.038803
5.039097
5.039402
5.039711
5.040014
5.040313
5.040616
5.040922
5.041224
5.041530
5.041829
5.042129
5.042419
5.042701
5.042989
5.043271
5.043537
5.043818
5.044097
5.044361
5.044598
5.044858
5.045107
5.045347
5.045574
5.045775
5.045949
5.046113
5.046278
5.046425
5.046551
5.046674
5.046782
5.046886
5.046977
5.047049
5.047102
5.047163
5.047210
5.047249
5.047264
5.047273
5.047291
5.047303
5.047306
5.047306
5.047306
5.047306
5.047306
5.047306
5.047306
5.047306
5.047306
5.047306
5.047300
5.047219
5.047129
5.047033
5.046944
5.046839
5.046707
5.046590
5.046461
5.046309
5.046159
5.045994
5.045829
5.045673
5.045515
5.045341
5.045170
5.045011
5.044855
5.044703
5.044553
5.044397
5.044235
5.044100
5.043953
5.043813
5.043660
5.043528
5.043402
5.043288
5.043175
5.043064
5.042950
5.042854
5.042764
5.042680
5.042590
5.042521
5.042435
5.042360
5.042279
5.042201
5.042111
5.042042
5.041988
5.041934
5.041883
5.041838
5.041805
5.041781
5.041763
5.041746
5.041721
5.041712
5.041712
5.041712
5.041712
5.041712
5.041712
5.041712
5.041712
5.041712
5.041712
5.041712
5.041712
5.041712
5.041712
5.041712
5.041712
5.041712
5.041712
5.041712
5.041712
5.041712
5.041712
5.041712
5.041712
5.041712
5.041712
5.041712
5.041712
5.041712
5.041712
5.041712
5.041712
5.041712
5.041712
5.041712
5.041712
5.041712
5.041712
5.041712
5.041712
5.041712
5.041712
5.041712
5.041712
5.041712
5.041712
5.041712
5.041712
5.041712
5.041712
5.041712
5.041712
5.041712
5.041712
5.041712
5.041712
5.041712
5.041712
5.041712
5.041712
5.041712
5.041712
5.041712
5.041712
5.041712
5.041712
5.041712
5.041712
5.041712
5.041712
5.041712
5.041712
5.041712
5.041712
5.041712
5.041712
5.041712
5.041712
5.041712
5.041712
5.041712
5.041712
5.041712
5.041712
5.041712
5.041712
5.041712
5.041712
5.041712
5.041712
5.041712
5.041712
5.041712
5.041712
5.041712
5.041712
5.041712
5.041712
5.041712
5.041712