4.863109
4.863109
4.863109
4.863109
4.863109
4.863109
4.863109
4.863109
4.863142
4.863474
4.863917
4.864478
4.865146
4.865928
4.866809
4.867842
4.869065
4.870389
4.871815
4.873310
4.874913
4.876669
4.878547
4.880518
4.882622
4.884860
4.887173
4.889647
4.892170
4.894936
4.897704
4.900724
4.903819
4.907040
4.910395
4.913883
4.917445
4.921187
4.925037
4.928968
4.932989
4.937201
4.941527
4.945977
4.950635
4.955306
4.960220
4.965133
4.970298
4.975544
4.980884
4.986312
4.992110
4.997796
5.003684
5.009748
5.015898
5.022112
5.028542
5.035034
5.041737
5.048439
5.055476
5.062415
5.069591
5.076829
5.084404
5.091902
5.099632
5.107425
5.115362
5.123379
5.131666
5.140058
5.148501
5.157109
5.165812
5.174567
5.183678
5.192687
5.201834
5.211244
5.220802
5.230287
5.239992
5.250040
5.259909
5.269970
5.280292
5.290574
5.300982
5.311585
5.322260
5.333100
5.344192
5.355169
5.366422
5.377810
5.389303
5.400784
5.412337
5.424174
5.436275
5.448253
5.460363
5.472740
5.485180
5.497658
5.510242
5.523011
5.535571
5.548268
5.561232
5.573728
5.586620
5.599458
5.612285
5.625141
5.637943
5.651030
5.663679
5.676538
5.689229
5.702232
5.714944
5.727828
5.740731
5.753531
5.766261
5.779305
5.792084
5.804925
5.817826
5.830883
5.843676
5.856568
5.869475
5.882244
5.895091
5.908097
5.920764
5.933599
5.946504
5.959264
5.972042
5.984913
5.997619
6.010374
6.023286
6.035915
6.048531
6.061408
6.074114
6.086920
6.099434
6.112045
6.124958
6.137502
6.150187
6.162681
6.175292
6.187818
6.200431
6.213057
6.225526
6.238163
6.250825
6.263298
6.275707
0.005138
0.017521
0.030188
0.042646
0.055074
0.067546
0.080094
0.092437
0.105036
0.117712
0.130152
0.142510
0.155274
0.167578
0.179955
0.192589
0.205167
0.217565
0.230175
0.242636
0.255036
0.267662
0.279981
0.292448
0.305010
0.317447
0.329989
0.342575
0.354829
0.367358
0.379849
0.392154
0.404710
0.417237
0.429614
0.442002
0.454514
0.466828
0.479225
0.491779
0.504113
0.516412
0.528804
0.541232
0.553494
0.565784
0.578245
0.590693
0.602905
0.615165
0.627542
0.639820
0.652035
0.664310
0.676815
0.688877
0.701200
0.713385
0.725786
0.737689
0.750215
0.762233
0.774502
0.786788
0.798850
0.811044
0.823277
0.835543
0.847737
0.859919
0.872167
0.884295
0.896573
0.908680
0.920955
0.933206
0.945271
0.957492
0.969880
0.981981
0.994100
1.006504
1.018674
1.031066
1.043344
1.055532
1.067809
1.080228
1.092215
1.104676
1.116801
1.129160
1.141204
1.153730
1.165951
1.178205
1.190321
1.202554
1.214994
1.227349
1.239436
1.251671
1.263946
1.276188
1.288487
1.300714
1.312953
1.325189
1.337407
1.349580
1.361848
1.374045
1.386227
1.398346
1.410603
1.422854
1.435036
1.447176
1.459334
1.471519
1.483731
1.495697
1.508128
1.520013
1.532450
1.544254
1.556598
1.568558
1.580896
1.592886
1.604993
1.617100
1.629273
1.641419
1.653580
1.665759
1.677884
1.690096
1.702338
1.714472
1.726726
1.739010
1.751090
1.763266
1.775487
1.787693
1.799947
1.812183
1.824335
1.836600
1.848872
1.861072
1.873269
1.885616
1.897795
1.910079
1.922246
1.934551
1.946709
1.959010
1.971135
1.983413
1.995697
2.007927
2.020106
2.032438
2.044554
2.056763
2.068978
2.081133
2.093494
2.105574
2.117687
2.129848
2.142087
2.154009
2.166140
2.178385
2.190291
2.202482
2.214574
2.226600
2.238773
2.250862
2.262897
2.274953
2.286953
2.299111
2.310975
2.322953
2.334818
2.347077
2.358786
2.370740
2.382838
2.394589
2.406516
2.418812
2.430425
2.442394
2.454594
2.466479
2.478436
2.490496
2.502273
2.514368
2.526215
2.538085
2.550051
2.562045
2.573972
2.585851
2.597859
2.609802
2.621729
2.633689
2.645599
2.657574
2.669555
2.681428
2.693362
2.705343
2.717198
2.729159
2.741194
2.752935
2.764952
2.776733
2.788549
2.800366
2.812479
2.824161
2.835923
2.847997
2.859742
2.871543
2.883479
2.895179
2.907046
2.918683
2.930688
2.942229
2.954139
2.965709
2.977571
2.989216
3.000979
3.012604
3.024414
3.035973
3.047657
3.059333
3.070934
3.082549
3.094288
3.105667
3.117445
3.129069
3.140664
3.151962
3.163665
3.175083
3.186629
3.198470
3.209882
3.221416
3.233152
3.244585
3.256069
3.267819
3.279217
3.290647
3.302352
3.313929
3.325577
3.337013
3.348590
3.360134
3.371654
3.383224
3.394801
3.406327
3.417883
3.429364
3.440979
3.452487
3.463977
3.475572
3.487140
3.498531
3.510251
3.521553
3.533060
3.544751
3.556163
3.567644
3.579077
3.590681
3.601964
3.613523
3.624991
3.636526
3.647896
3.659257
3.670525
3.682114
3.693427
3.704830
3.716143
3.727558
3.738859
3.750289
3.761498
3.772898
3.784088
3.795464
3.806765
3.818084
3.829403
3.840546
3.851793
3.863208
3.874260
3.885630
3.896803
3.907993
3.919264
3.930451
3.941791
3.952853
3.964007
3.975257
3.986499
3.997620
4.008846
4.020081
4.031334
4.042492
4.053715
4.064839
4.076128
4.087328
4.098527
4.109738
4.120958
4.132176
4.143339
4.154706
4.165845
4.177053
4.188280
4.199542
4.210948
4.222022
4.233155
4.244513
4.255802
4.267037
4.278386
4.289586
4.300752
4.311978
4.323246
4.334413
4.345705
4.356973
4.368193
4.379446
4.390666
4.401949
4.412978
4.424348
4.435403
4.446588
4.457859
4.469076
4.480323
4.491466
4.502485
4.513762
4.524944
4.535987
4.547198
4.558457
4.569453
4.580491
4.591810
4.602832
4.613972
4.625015
4.636172
4.647228
4.658418
4.669390
4.680361
4.691560
4.702514
4.713626
4.724733
4.735782
4.746789
4.757977
4.768900
4.779980
4.791140
4.802055
4.813191
4.824238
4.835287
4.846459
4.857518
4.868612
4.879707
4.890837
4.901839
4.912918
4.924162
4.935245
4.946447
4.957323
4.968480
4.979619
4.990758
5.001724
5.012971
5.024086
5.035151
5.046371
5.057549
5.068434
5.079735
5.090707
5.101885
5.112896
5.124227
5.135129
5.146230
5.157339
5.168365
5.179447
5.190682
5.201510
5.212626
5.223699
5.234583
5.245690
5.256752
5.267609
5.278644
5.289642
5.300521
5.311502
5.322461
5.333382
5.344374
5.355358
5.366068
5.376971
5.387952
5.398678
5.409550
5.420582
5.431239
5.442183
5.452798
5.463623
5.474544
5.485279
5.496068
5.506835
5.517588
5.528275
5.538923
5.549814
5.560501
5.571262
5.582132
5.592792
5.603461
5.614238
5.625000
5.635558
5.646493
5.657099
5.667837
5.678578
5.689445
5.700051
5.710768
5.721314
5.732106
5.742862
5.753524
5.764394
5.775003
5.785615
5.796320
5.807109
5.817697
5.828372
5.839197
5.849725
5.860340
5.871012
5.881573
5.892167
5.903019
5.913445
5.924096
5.934765
5.945458
5.955896
5.966637
5.977147
5.987762
5.998173
6.008780
6.019394
6.029935
6.040511
6.051201
6.061633
6.071877
6.082528
6.093031
6.103407
6.113917
6.124301
6.134883
6.145283
6.155676
6.166046
6.176529
6.186763
6.197154
6.207514
6.217922
6.228265
6.238640
6.248847
6.259166
6.269568
6.279812
0.006915
0.017290
0.027504
0.037771
0.048108
0.058189
0.068637
0.078895
0.089172
0.099499
0.109761
0.119977
0.130203
0.140689
0.150765
0.161116
0.171329
0.181651
0.191915
0.202138
0.212372
0.222658
0.232967
0.243190
0.253457
0.263800
0.274076
0.284179
0.294596
0.304765
0.315089
0.325231
0.335486
0.345784
0.355982
0.366202
0.376404
0.386650
0.396843
0.407101
0.417402
0.427465
0.437688
0.447931
0.458109
0.468236
0.478560
0.488669
0.498744
0.508934
0.519082
0.529298
0.539374
0.549447
0.559660
0.569814
0.579845
0.589923
0.600071
0.610033
0.620118
0.630340
0.640230
0.650369
0.660355
0.670368
0.680458
0.690516
0.700394
0.710461
0.720378
0.730435
0.740418
0.750341
0.760360
0.770328
0.780371
0.790477
0.800238
0.810215
0.820054
0.830003
0.840154
0.849990
0.859943
0.869995
0.879903
0.889844
0.899839
0.909791
0.919774
0.929760
0.939686
0.949774
0.959721
0.969638
0.979597
0.989624
0.999541
1.009512
1.019534
1.029544
1.039434
1.049483
1.059355
1.069442
1.079545
1.089582
1.099499
1.109518
1.119416
1.129411
1.139511
1.149401
1.159417
1.169448
1.179320
1.189494
1.199453
1.209427
1.219344
1.229390
1.239334
1.249364
1.259401
1.269339
1.279268
1.289323
1.299192
1.309262
1.319217
1.328985
1.338988
1.348884
1.358969
1.368781
1.378800
1.388714
1.398613
1.408476
1.418417
1.428334
1.438314
1.448129
1.458049
1.467849
1.477865
1.487704
1.497567
1.507382
1.517278
1.527153
1.536947
1.546837
1.556730
1.566575
1.576414
1.586253
1.596074
1.605922
1.615767
1.625627
1.635505
1.645398
1.655153
1.665097
1.674936
1.684820
1.694653
1.704603
1.714412
1.724221
1.734183
1.744097
1.754059
1.763892
1.773713
1.783672
1.793448
1.803353
1.813306
1.823358
1.833146
1.843051
1.852932
1.862873
1.872781
1.882656
1.892486
1.902328
1.912365
1.922276
1.932172
1.942166
1.951916
1.961851
1.971711
1.981624
1.991500
2.001324
2.011067
2.021169
2.030862
2.040854
2.050690
2.060568
2.070404
2.080255
2.090067
2.099849
2.109667
2.119521
2.129231
2.139133
2.148903
2.158536
2.168393
2.178199
2.188068
2.197586
2.207524
2.217184
2.226879
2.236652
2.246347
2.256012
2.265827
2.275427
2.285098
2.294748
2.304429
2.314121
2.323687
2.333305
2.342976
2.352689
2.362175
2.371789
2.381463
2.391144
2.400617
2.410291
2.419870
2.429451
2.439119
2.448668
2.458363
2.468037
2.477490
2.487005
2.496725
2.506366
2.516043
2.525543
2.535161
2.544739
2.554318
2.563842
2.573409
2.583277
2.592676
2.602252
2.611824
2.621486
2.630999
2.640544
2.650087
2.659758
2.669321
2.678831
2.688418
2.698033
2.707524
2.717264
2.726597
2.736265
2.745604
2.755377
2.764722
2.774282
2.783858
2.793316
2.802844
2.812374
2.821797
2.831354
2.840878
2.850304
2.859742
2.869344
2.878593
2.888228
2.897486
2.907022
2.916472
2.925967
2.935329
2.944791
2.954114
2.963453
2.972867
2.982262
2.991553
3.000994
3.010290
3.019629
3.029010
3.038361
3.047529
3.056978
3.066218
3.075659
3.084979
3.093994
3.103414
3.112624
3.121986
3.131032
3.140439
3.149577
3.158718
3.168168
3.177237
3.186417
3.195746
3.204941
3.214151
3.223403
3.232610
3.241877
3.251069
3.260273
3.269437
3.278674
3.287818
3.297019
3.306283
3.315520
3.324607
3.333975
3.342999
3.352182
3.361350
3.370662
3.379791
3.389019
3.398169
3.407328
3.416535
3.425673
3.434898
3.444081
3.453182
3.462342
3.471527
3.480737
3.489884
3.499022
3.508100
3.517262
3.526460
3.535598
3.544703
3.553694
3.562844
3.572099
3.581060
3.590114
3.599219
3.608459
3.617345
3.626477
3.635571
3.644598
3.653586
3.662634
3.671646
3.680589
3.689820
3.698715
3.707712
3.716641
3.725554
3.734515
3.743578
3.752489
3.761405
3.770381
3.779216
3.788145
3.796992
3.805989
3.814827
3.823693
3.832606
3.841558
3.850415
3.859196
3.868088
3.876915
3.885717
3.894571
3.903433
3.912211
3.921068
3.929891
3.938759
3.947484
3.956268
3.964975
3.973921
3.982691
3.991478
4.000271
4.009188
4.017804
4.026532
4.035442
4.044106
4.053029
4.061867
4.070619
4.079358
4.088206
4.096903
4.105834
4.114610
4.123358
4.132188
4.141047
4.149784
4.158580
4.167346
4.176197
4.184909
4.193738
4.202550
4.211322
4.220098
4.228951
4.237679
4.246544
4.255326
4.264026
4.272880
4.281694
4.290475
4.299230
4.307877
4.316813
4.325544
4.334269
4.342927
4.351871
4.360430
4.369368
4.378062
4.386765
4.395511
4.404298
4.413032
4.421721
4.430475
4.439203
4.447813
4.456592
4.465241
4.473969
4.482768
4.491289
4.500151
4.508804
4.517438
4.526082
4.534849
4.543327
4.551971
4.560687
4.569333
4.577965
4.586657
4.595243
4.603899
4.612476
4.621198
4.629713
4.638332
4.646895
4.655467
4.664030
4.672556
4.681191
4.689718
4.698289
4.706759
4.715355
4.723870
4.732399
4.740989
4.749507
4.758040
4.766630
4.775090
4.783602
4.792174
4.800737
4.809213
4.817868
4.826407
4.834799
4.843580
4.851993
4.860442
4.869149
4.877630
4.886160
4.894738
4.903256
4.911791
4.920369
4.928875
4.937516
4.945940
4.954530
4.962997
4.971572
4.980078
4.988575
4.997137
5.005682
5.014221
5.022676
5.031193
5.039744
5.048208
5.056729
5.065252
5.073729
5.082210
5.090581
5.099195
5.107656
5.116123
5.124697
5.133089
5.141679
5.150116
5.158532
5.166921
5.175457
5.183848
5.192231
5.200752
5.209129
5.217503
5.225970
5.234338
5.242775
5.251152
5.259469
5.267825
5.276253
5.284570
5.292947
5.301264
5.309551
5.317844
5.326194
5.334412
5.342726
5.351061
5.359273
5.367555
5.375806
5.384054
5.392260
5.400496
5.408747
5.416947
5.425055
5.433408
5.441425
5.449733
5.457823
5.465966
5.474184
5.482292
5.490495
5.498596
5.506727
5.514832
5.523017
5.531034
5.539151
5.547315
5.555341
5.563467
5.571613
5.579588
5.587666
5.595863
5.603766
5.611979
5.620071
5.628053
5.636175
5.644226
5.652306
5.660323
5.668467
5.676442
5.684522
5.692537
5.700593
5.708781
5.716643
5.724672
5.732810
5.740668
5.748866
5.756721
5.764859
5.772804
5.780872
5.788812
5.796865
5.804820
5.812885
5.820714
5.828783
5.836794
5.844718
5.852796
5.860750
5.868579
5.876680
5.884518
5.892452
5.900391
5.908349
5.916282
5.924228
5.932114
5.940116
5.947888
5.955821
5.963770
5.971541
5.979508
5.987295
5.995202
6.003012
6.010862
6.018679
6.026537
6.034327
6.042224
6.049999
6.057786
6.065570
6.073299
6.081086
6.088957
6.096672
6.104345
6.112174
6.119870
6.127546
6.135351
6.143072
6.150706
6.158651
6.166172
6.173937
6.181628
6.189277
6.196944
6.204638
6.212317
6.219921
6.227642
6.235209
6.242826
6.250516
6.258066
6.265688
6.273382
6.280900
0.005279
0.012931
0.020499
0.028130
0.035755
0.043314
0.050855
0.058453
0.066000
0.073559
0.081145
0.088764
0.096308
0.103855
0.111480
0.119027
0.126604
0.134139
0.141648
0.149258
0.156763
0.164295
0.171968
0.179491
0.186963
0.194549
0.202090
0.209592
0.217217
0.224680
0.232236
0.239744
0.247315
0.254800
0.262353
0.269846
0.277411
0.285048
0.292427
0.299881
0.307413
0.314909
0.322588
0.329947
0.337539
0.344954
0.352555
0.359892
0.367433
0.375025
0.382387
0.389943
0.397340
0.404917
0.412371
0.419843
0.427277
0.434701
0.442257
0.449546
0.457057
0.464503
0.471927
0.479339
0.486778
0.494208
0.501558
0.508931
0.516427
0.523789
0.531207
0.538544
0.545959
0.553375
0.560691
0.568046
0.575468
0.582838
0.590136
0.597512
0.604880
0.612154
0.619533
0.626823
0.634184
0.641558
0.648733
0.656097
0.663507
0.670766
0.677930
0.685351
0.692574
0.699894
0.707174
0.714431
0.721579
0.729048
0.736197
0.743450
0.750659
0.757882
0.765106
0.772368
0.779670
0.786836
0.794081
0.801280
0.808444
0.815670
0.822825
0.830099
0.837281
0.844405
0.851599
0.858918
0.866100
0.873237
0.880598
0.887839
0.894913
0.902098
0.909348
0.916542
0.923762
0.930941
0.938164
0.945382
0.952524
0.959769
0.967010
0.974219
0.981256
0.988609
0.995727
1.002981
1.010162
1.017416
1.024528
1.031860
1.038900
1.046190
1.053389
1.060505
1.067657
1.074949
1.082035
1.089180
1.096452
1.103636
1.110797
1.118023
1.125190
1.132434
1.139559
1.146642
1.153811
1.161122
1.168201
1.175380
1.182573
1.189719
1.196799
1.204055
1.211114
1.218250
1.225429
1.232584
1.239714
1.246869
1.253969
1.261124
1.268291
1.275376
1.282528
1.289643
1.296777
1.303791
1.311041
1.318082
1.325168
1.332250
1.339372
1.346470
1.353576
1.360641
1.367787
1.374860
1.381874
1.388945
1.396024
1.403056
1.410127
1.417162
1.424139
1.431300
1.438266
1.445276
1.452347
1.459397
1.466315
1.473341
1.480468
1.487392
1.494361
1.501393
1.508347
1.515324
1.522506
1.529397
1.536336
1.543346
1.550288
1.557266
1.564259
1.571225
1.578176
1.585165
1.592119
1.599100
1.606171
1.613005
1.620144
1.627011
1.634019
1.640877
1.647888
1.654875
1.661849
1.668800
1.675709
1.682684
1.689740
1.696679
1.703585
1.710589
1.717528
1.724554
1.731538
1.738474
1.745427
1.752444
1.759359
1.766313
1.773306
1.780191
1.787184
1.794236
1.801025
1.808048
1.815017
1.822007
1.828969
1.835956
1.842862
1.849804
1.856818
1.863727
1.870630
1.877595
1.884543
1.891506
1.898415
1.905300
1.912362
1.919214
1.926192
1.933139
1.940108
1.947020
1.953974
1.960880
1.967852
1.974758
1.981652
1.988551
1.995400
2.002333
2.009206
2.016190
2.023072
2.029924
2.036878
2.043778
2.050585
2.057584
2.064370
2.071260
2.078089
2.085006
2.091870
2.098603
2.105574
2.112322
2.119141
2.125942
2.132829
2.139634
2.146423
2.153272
2.160079
2.166928
2.173615
2.180488
2.187199
2.193964
2.200798
2.207530
2.214322
2.220977
2.227685
2.234438
2.241356
2.247944
2.254673
2.261432
2.268077
2.274935
2.281605
2.288331
2.294967
2.301738
2.308374
2.315032
2.321845
2.328400
2.335102
2.341786
2.348342
2.355053
2.361689
2.368284
2.374971
2.381682
2.388207
2.394901
2.401552
2.408224
2.414803
2.421440
2.428025
2.434652
2.441285
2.447781
2.454372
2.461119
2.467579
2.474305
2.480827
2.487446
2.494022
2.500673
2.507241
2.513838
2.520441
2.527015
2.533600
2.540242
2.546798
2.553347
2.559983
2.566533
2.573097
2.579715
2.586303
2.592772
2.599459
2.605892
2.612567
2.619051
2.625627
2.632146
2.638821
2.645287
2.651854
2.658440
2.664977
2.671481
2.678067
2.684535
2.691034
2.697580
2.704099
2.710622
2.717114
2.723652
2.730189
2.736697
2.743180
2.749721
2.756192
2.762687
2.769156
2.775672
2.782153
2.788546
2.795039
2.801480
2.808018
2.814441
2.820910
2.827363
2.833847
2.840255
2.846685
2.853159
2.859568
2.865962
2.872412
2.878808
2.885244
2.891662
2.898118
2.904440
2.910836
2.917161
2.923591
2.929942
2.936351
2.942735
2.949045
2.955430
2.961796
2.968127
2.974491
2.980821
2.987194
2.993498
2.999819
3.006177
3.012367
3.018677
3.025058
3.031287
3.037602
3.043942
3.050147
3.056616
3.062814
3.069004
3.075359
3.081489
3.087837
3.094033
3.100280
3.106431
3.112687
3.118906
3.125102
3.131301
3.137539
3.143753
3.149877
3.156222
3.162331
3.168521
3.174765
3.181018
3.187091
3.193305
3.199455
3.205648
3.211835
3.218055
3.224113
3.230360
3.236496
3.242724
3.248896
3.255044
3.261078
3.267406
3.273404
3.279702
3.285766
3.292058
3.298056
3.304329
3.310358
3.316547
3.322638
3.328732
3.334922
3.340974
3.347185
3.353279
3.359409
3.365512
3.371636
3.377721
3.383848
3.389945
3.396033
3.402148
3.408275
3.414398
3.420439
3.426557
3.432626
3.438730
3.444797
3.450831
3.456889
3.463006
3.469044
3.475039
3.481136
3.487197
3.493111
3.499238
3.505260
3.511213
3.517331
3.523278
3.529291
3.535316
3.541281
3.547280
3.553212
3.559267
3.565196
3.571212
3.577228
3.583101
3.589147
3.595112
3.600954
3.606964
3.612872
3.618774
3.624704
3.630678
3.636514
3.642428
3.648391
3.654317
3.660135
3.666079
3.671904
3.677770
3.683663
3.689538
3.695384
3.701223
3.707035
3.712923
3.718654
3.724571
3.730261
3.736088
3.741868
3.747755
3.753525
3.759287
3.765006
3.770854
3.776622
3.782350
3.788133
3.793915
3.799541
3.805429
3.811055
3.816778
3.822494
3.828196
3.833921
3.839635
3.845318
3.851032
3.856733
3.862384
3.868088
3.873751
3.879431
3.885115
3.890759
3.896437
3.902058
3.907750
3.913353
3.918955
3.924639
3.930257
3.935838
3.941519
3.947118
3.952772
3.958363
3.963989
3.969646
3.975248
3.980893
3.986442
3.992023
3.997632
4.003216
4.008807
4.014386
4.019994
4.025564
4.031143
4.036760
4.042309
4.047888
4.053502
4.059039
4.064561
4.070202
4.075712
4.081222
4.086822
4.092361
4.097880
4.103384
4.109025
4.114565
4.120018
4.125572
4.131103
4.136679
4.142212
4.147704
4.153220
4.158703
4.164209
4.169722
4.175220
4.180727
4.186236
4.191695
4.197199
4.202748
4.208117
4.213698
4.219211
4.224631
4.230096
4.235639
4.241067
4.246559
4.252015
4.257447
4.262915
4.268362
4.273775
4.279240
4.284744
4.290173
4.295647
4.301075
4.306415
4.312026
4.317326
4.322722
4.328118
4.333607
4.339033
4.344338
4.349743
4.355205
4.360571
4.365994
4.371300
4.376693
4.382089
4.387428
4.392829
4.398232
4.403597
4.408934
4.414272
4.419653
4.424989
4.430313
4.435586
4.440943
4.446252
4.451529
4.456861
4.462134
4.467422
4.472728
4.478034
4.483227
4.488667
4.493890
4.499106
4.504418
4.509682
4.514910
4.520081
4.525423
4.530567
4.535808
4.541029
4.546225
4.551405
4.556627
4.561840
4.566969
4.572188
4.577399
4.582555
4.587717
4.592900
4.598063
4.603216
4.608378
4.613495
4.618696
4.623754
4.628877
4.634063
4.639132
4.644232
4.649382
4.654475
4.659577
4.664788
4.669716
4.674953
4.679956
4.685077
4.690074
4.695207
4.700228
4.705291
4.710351
4.715370
4.720400
4.725431
4.730467
4.735492
4.740570
4.745553
4.750610
4.755643
4.760599
4.765584
4.770683
4.775657
4.780684
4.785717
4.790682
4.795631
4.800671
4.805626
4.810617
4.815648
4.820559
4.825535
4.830575
4.835500
4.840539
4.845417
4.850453
4.855349
4.860349
4.865233
4.870173
4.875141
4.880138
4.885001
4.889911
4.894909
4.899846
4.904757
4.909676
4.914560
4.919566
4.924384
4.929297
4.934256
4.939109
4.944020
4.948904
4.953853
4.958701
4.963602
4.968450
4.973340
4.978187
4.983032
4.987978
4.992820
4.997590
5.002551
5.007393
5.012210
5.016965
5.021914
5.026630
5.031508
5.036325
5.041080
5.045862
5.050743
5.055503
5.060267
5.065094
5.069818
5.074678
5.079409
5.084143
5.088903
5.093643
5.098461
5.103183
5.107961
5.112623
5.117390
5.122148
5.126815
5.131546
5.136325
5.140987
5.145688
5.150413
5.155101
5.159799
5.164497
5.169156
5.173874
5.178530
5.183174
5.187833
5.192513
5.197202
5.201828
5.206418
5.211061
5.215700
5.220335
5.224912
5.229535
5.234194
5.238682
5.243419
5.247901
5.252485
5.257024
5.261641
5.266153
5.270677
5.275261
5.279713
5.284270
5.288800
5.293303
5.297893
5.302298
5.306839
5.311306
5.315831
5.320298
5.324768
5.329238
5.333711
5.338169
5.342507
5.346990
5.351376
5.355813
5.360190
5.364597
5.369031
5.373445
5.377804
5.382187
5.386540
5.390924
5.395352
5.399678
5.404068
5.408412
5.412762
5.417064
5.421427
5.425708
5.430049
5.434351
5.438600
5.442903
5.447196
5.451447
5.455752
5.460049
5.464312
5.468575
5.472812
5.477063
5.481300
5.485569
5.489767
5.494003
5.498249
5.502461
5.506682
5.510910
5.515086
5.519311
5.523538
5.527730
5.531900
5.536110
5.540295
5.544469
5.548684
5.552813
5.556971
5.561183
5.565363
5.569465
5.573606
5.577773
5.581919
5.586048
5.590237
5.594353
5.598452
5.602646
5.606805
5.610858
5.614915
5.619043
5.623130
5.627250
5.631348
5.635378
5.639468
5.643557
5.647611
5.651695
5.655772
5.659835
5.663916
5.667936
5.672002
5.676002
5.680034
5.683998
5.688100
5.692096
5.696060
5.700066
5.704083
5.708035
5.712053
5.716047
5.719984
5.723945
5.727989
5.731869
5.735866
5.739848
5.743820
5.747736
5.751700
5.755628
5.759522
5.763474
5.767396
5.771303
5.775243
5.779129
5.783051
5.786996
5.790864
5.794756
5.798642
5.802525
5.806462
5.810345
5.814167
5.818015
5.821918
5.825759
5.829672
5.833498
5.837288
5.841138
5.845024
5.848853
5.852706
5.856544
5.860325
5.864136
5.867974
5.871845
5.875626
5.879434
5.883272
5.887053
5.890828
5.894600
5.898366
5.902261
5.905979
5.909718
5.913568
5.917268
5.921049
5.924857
5.928602
5.932347
5.936050
5.939900
5.943573
5.947354
5.951006
5.954731
5.958485
5.962215
5.965912
5.969630
5.973300
5.977036
5.980719
5.984365
5.988080
5.991798
5.995498
5.999132
6.002844
6.006359
6.010095
6.013681
6.017345
6.020982
6.024601
6.028194
6.031825
6.035498
6.039121
6.042641
6.046233
6.049822
6.053421
6.057019
6.060572
6.064153
6.067706
6.071226
6.074777
6.078405
6.081919
6.085407
6.088981
6.092492
6.095992
6.099515
6.103047
6.106550
6.110163
6.113599
6.117093
6.120550
6.124131
6.127561
6.131070
6.134545
6.138014
6.141472
6.144893
6.148351
6.151868
6.155296
6.158732
6.162201
6.165632
6.169084
6.172538
6.175962
6.179378
6.182790
6.186191
6.189615
6.193091
6.196434
6.199901
6.203283
6.206681
6.210063
6.213476
6.216900
6.220241
6.223720
6.227039
6.230455
6.233757
6.237190
6.240515
6.243871
6.247203
6.250552
6.253920
6.257255
6.260616
6.263942
6.267264
6.270638
6.273993
6.277283
6.280597
0.000782
0.004117
0.007349
0.010765
0.014016
0.017302
0.020643
0.023932
0.027270
0.030548
0.033843
0.037079
0.040396
0.043680
0.046918
0.050271
0.053465
0.056814
0.060047
0.063244
0.066530
0.069814
0.073035
0.076316
0.079548
0.082763
0.086044
0.089253
0.092509
0.095706
0.098972
0.102246
0.105455
0.108700
0.111894
0.115111
0.118362
0.121559
0.124732
0.127968
0.131170
0.134319
0.137555
0.140731
0.143934
0.147160
0.150306
0.153491
0.156724
0.159849
0.163003
0.166215
0.169427
0.172594
0.175758
0.178895
0.182052
0.185252
0.188371
0.191514
0.194684
0.197824
0.200978
0.204106
0.207225
0.210359
0.213532
0.216678
0.219791
0.222916
0.226061
0.229114
0.232248
0.235349
0.238450
0.241566
0.244664
0.247774
0.250866
0.253958
0.257050
0.260195
0.263260
0.266349
0.269438
0.272488
0.275586
0.278633
0.281695
0.284751
0.287873
0.290902
0.293961
0.297047
0.300082
0.303129
0.306200
0.309262
0.312255
0.315284
0.318358
0.321381
0.324452
0.327469
0.330483
0.333485
0.336460
0.339477
0.342530
0.345550
0.348540
0.351581
0.354595
0.357570
0.360560
0.363541
0.366585
0.369579
0.372545
0.375505
0.378495
0.381461
0.384421
0.387402
0.390371
0.393337
0.396345
0.399284
0.402295
0.405205
0.408138
0.411113
0.414016
0.416994
0.419960
0.422827
0.425800
0.428733
0.431633
0.434521
0.437481
0.440420
0.443308
0.446254
0.449124
0.452012
0.454930
0.457833
0.460748
0.463649
0.466543
0.469422
0.472304
0.475175
0.478108
0.480966
0.483815
0.486721
0.489571
0.492414
0.495278
0.498169
0.501010
0.503874
0.506738
0.509545
0.512389
0.515271
0.518066
0.520897
0.523732
0.526548
0.529361
0.532234
0.535018
0.537816
0.540641
0.543428
0.546220
0.549027
0.551823
0.554630
0.557416
0.560221
0.562983
0.565769
0.568514
0.571297
0.574068
0.576819
0.579587
0.582358
0.585115
0.587850
0.590625
0.593357
0.596113
0.598888
0.601572
0.604320
0.607073
0.609826
0.612547
0.615270
0.617940
0.620669
0.623365
0.626056
0.628746
0.631494
0.634163
0.636860
0.639559
0.642253
0.644949
0.647631
0.650354
0.652987
0.655678
0.658302
0.660954
0.663641
0.666281
0.668941
0.671608
0.674227
0.676845
0.679556
0.682148
0.684782
0.687442
0.690079
0.692727
0.695361
0.697943
0.700562
0.703198
0.705775
0.708405
0.711003
0.713589
0.716174
0.718856
0.721372
0.723979
0.726559
0.729153
0.731721
0.734321
0.736883
0.739484
0.742078
0.744643
0.747198
0.749754
0.752277
0.754838
0.757394
0.759932
0.762484
0.765052
0.767563
0.770124
0.772677
0.775146
0.777671
0.780260
0.782798
0.785317
0.787864
0.790339
0.792873
0.795381
0.797886
0.800378
0.802883
0.805406
0.807929
0.810391
0.812884
0.815356
0.817857
0.820347
0.822864
0.825348
0.827816
0.830297
0.832787
0.835214
0.837661
0.840139
0.842581
0.845083
0.847611
0.850014
0.852483
0.854973
0.857411
0.859811
0.862253
0.864653
0.867125
0.869596
0.872044
0.874501
0.876892
0.879277
0.881715
0.884067
0.886506
0.888933
0.891390
0.893810
0.896213
0.898640
0.901013
0.903398
0.905807
0.908177
0.910606
0.913021
0.915385
0.917797
0.920173
0.922594
0.924922
0.927291
0.929649
0.932019
0.934410
0.936759
0.939150
0.941574
0.943896
0.946226
0.948614
0.950945
0.953264
0.955619
0.957923
0.960275
0.962660
0.964979
0.967343
0.969680
0.971975
0.974267
0.976609
0.978898
0.981217
0.983572
0.985873
0.988237
0.990523
0.992776
0.995086
0.997366
0.999622
1.001914
1.004227
1.006519
1.008823
1.011145
1.013407
1.015666
1.017928
1.020196
1.022467
1.024741
1.027039
1.029313
1.031605
1.033858
1.036105
1.038352
1.040593
1.042774
1.045048
1.047251
1.049507
1.051769
1.054007
1.056263
1.058510
1.060700
1.062899
1.065116
1.067330
1.069526
1.071728
1.073969
1.076186
1.078416
1.080624
1.082781
1.084962
1.087119
1.089282
1.091508
1.093677
1.095868
1.098103
1.100290
1.102462
1.104622
1.106734
1.108870
1.111045
1.113200
1.115351
1.117505
1.119665
1.121864
1.124030
1.126143
1.128276
1.130424
1.132509
1.134622
1.136788
1.138918
1.141048
1.143157
1.145281
1.147397
1.149485
1.151597
1.153676
1.155798
1.157856
1.159935
1.162068
1.164184
1.166296
1.168399
1.170469
1.172567
1.174649
1.176653
1.178705
1.180791
1.182888
1.184943
1.187070
1.189108
1.191178
1.193221
1.195268
1.197299
1.199348
1.201395
1.203432
1.205466
1.207492
1.209532
1.211581
1.213624
1.215635
1.217621
1.219638
1.221669
1.223631
1.225660
1.227694
1.229710
1.231700
1.233728
1.235702
1.237704
1.239681
1.241659
1.243645
1.245661
1.247636
1.249610
1.251582
1.253556
1.255509
1.257481
1.259455
1.261412
1.263389
1.265327
1.267293
1.269225
1.271188
1.273114
1.275062
1.276991
1.278942
1.280868
1.282794
1.284745
1.286701
1.288577
1.290500
1.292442
1.294374
1.296295
1.298206
1.300109
1.302029
1.303947
1.305843
1.307740
1.309624
1.311488
1.313378
1.315284
1.317123
1.319056
1.320907
1.322807
1.324676
1.326552
1.328406
1.330285
1.332163
1.334015
1.335840
1.337706
1.339552
1.341397
1.343246
1.345091
1.346904
1.348759
1.350634
1.352432
1.354268
1.356111
1.357936
1.359751
1.361576
1.363364
1.365204
1.366978
1.368793
1.370585
1.372370
1.374186
1.376017
1.377805
1.379573
1.381353
1.383120
1.384909
1.386668
1.388471
1.390230
1.392004
1.393753
1.395560
1.397325
1.399077
1.400824
1.402568
1.404294
1.406046
1.407757
1.409507
1.411256
1.412982
1.414750
1.416451
1.418180
1.419906
1.421647
1.423366
1.425038
1.426746
1.428460
1.430161
1.431860
1.433577
1.435237
1.436957
1.438649
1.440327
1.442005
1.443716
1.445396
1.447062
1.448737
1.450397
1.452048
1.453713
1.455349
1.456997
1.458648
1.460248
1.461929
1.463579
1.465257
1.466839
1.468499
1.470114
1.471771
1.473365
1.474976
1.476624
1.478263
1.479863
1.481463
1.483084
1.484693
1.486299
1.487913
1.489522
1.491140
1.492743
1.494319
1.495913
1.497516
1.499074
1.500626
1.502184
1.503778
1.505318
1.506866
1.508433
1.510033
1.511597
1.513122
1.514659
1.516229
1.517775
1.519285
1.520807
1.522362
1.523926
1.525442
1.526949
1.528498
1.530071
1.531578
1.533088
1.534667
1.536186
1.537684
1.539149
1.540689
1.542184
1.543724
1.545153
1.546627
1.548143
1.549635
1.551082
1.552541
1.554057
1.555597
1.557059
1.558501
1.560004
1.561479
1.562926
1.564349
1.565835
1.567324
1.568798
1.570224
1.571650
1.573085
1.574550
1.575923
1.577364
1.578853
1.580285
1.581681
1.583116
1.584551
1.585977
1.587379
1.588764
1.590175
1.591598
1.592976
1.594357
1.595780
1.597186
1.598588
1.599987
1.601419
1.602836
1.604223
1.605616
1.607016
1.608421
1.609766
1.611114
1.612498
1.613889
1.615273
1.616600
1.617939
1.619300
1.620690
1.621999
1.623359
1.624746
1.626104
1.627449
1.628785
1.630112
1.631446
1.632761
1.634076
1.635403
1.636755
1.638070
1.639370
1.640679
1.642007
1.643304
1.644589
1.645883
1.647229
1.648565
1.649841
1.651136
1.652457
1.653760
1.655021
1.656271
1.657508
1.658782
1.660043
1.661271
1.662536
1.663806
1.665043
1.666302
1.667572
1.668860
1.670116
1.671395
1.672680
1.673921
1.675134
1.676350
1.677570
1.678813
1.679985
1.681168
1.682364
1.683553
1.684754
1.685944
1.687160
1.688392
1.689599
1.690791
1.692020
1.693248
1.694417
1.695594
1.696813
1.698018
1.699165
1.700325
1.701472
1.702671
1.703827
1.704960
1.706113
1.707294
1.708444
1.709574
1.710706
1.711878
1.713037
1.714158
1.715302
1.716471
1.717648
1.718757
1.719865
1.721010
1.722136
1.723245
1.724329
1.725435
1.726564
1.727667
1.728712
1.729800
1.730927
1.732020
1.733114
1.734207
1.735310
1.736424
1.737491
1.738572
1.739639
1.740727
1.741808
1.742890
1.743947
1.745014
1.746084
1.747162
1.748202
1.749262
1.750299
1.751345
1.752405
1.753412
1.754428
1.755473
1.756495
1.757519
1.758535
1.759581
1.760599
1.761645
1.762673
1.763703
1.764734
1.765759
1.766783
1.767796
1.768800
1.769779
1.770729
1.771703
1.772707
1.773689
1.774627
1.775646
1.776664
1.777641
1.778585
1.779549
1.780541
1.781500
1.782444
1.783378
1.784364
1.785359
1.786291
1.787225
1.788205
1.789167
1.790096
1.791015
1.791965
1.792912
1.793838
1.794725
1.795620
1.796558
1.797448
1.798314
1.799192
1.800117
1.801025
1.801903
1.802760
1.803650
1.804558
1.805432
1.806316
1.807215
1.808111
1.808998
1.809879
1.810756
1.811634
1.812506
1.813363
1.814217
1.815065
1.815889
1.816725
1.817569
1.818384
1.819193
1.820002
1.820820
1.821626
1.822423
1.823238
1.824059
1.824859
1.825638
1.826459
1.827271
1.828077
1.828847
1.829644
1.830456
1.831244
1.832025
1.832804
1.833622
1.834443
1.835234
1.836019
1.836822
1.837607
1.838356
1.839105
1.839812
1.840510
1.841241
1.841963
1.842670
1.843366
1.844112
1.844861
1.845574
1.846269
1.846994
1.847731
1.848429
1.849091
1.849795
1.850505
1.851206
1.851868
1.852545
1.853268
1.853984
1.854673
1.855362
1.856102
1.856827
1.857519
1.858220
1.858927
1.859646
1.860314
1.860934
1.861570
1.862193
1.862831
1.863439
1.864053
1.864668
1.865306
1.865974
1.866606
1.867238
1.867861
1.868508
1.869162
1.869752
1.870336
1.870953
1.871573
1.872131
1.872673
1.873257
1.873847
1.874435
1.875010
1.875606
1.876226
1.876828
1.877419
1.878021
1.878662
1.879288
1.879866
1.880472
1.881107
1.881715
1.882272
1.882803
1.883369
1.883935
1.884453
1.884960
1.885493
1.886062
1.886602
1.887108
1.887623
1.888187
1.888723
1.889208
1.889697
1.890209
1.890694
1.891141
1.891596
1.892078
1.892576
1.893043
1.893507
1.893993
1.894502
1.894949
1.895380
1.895862
1.896372
1.896833
1.897268
1.897708
1.898181
1.898625
1.899044
1.899482
1.899949
1.900404
1.900854
1.901321
1.901822
1.902331
1.902801
1.903278
1.903793
1.904296
1.904737
1.905162
1.905618
1.906064
1.906471
1.906855
1.907256
1.907685
1.908080
1.908425
1.908793
1.909201
1.909599
1.909950
1.910306
1.910702
1.911097
1.911448
1.911783
1.912149
1.912524
1.912865
1.913177
1.913503
1.913845
1.914174
1.914483
1.914819
1.915169
1.915493
1.915795
1.916116
1.916460
1.916787
1.917092
1.917398
1.917707
1.918012
1.918294
1.918576
1.918863
1.919166
1.919447
1.919720
1.920005
1.920298
1.920574
1.920847
1.921134
1.921440
1.921715
1.922006
1.922309
1.922620
1.922926
1.923225
1.923522
1.923831
1.924154
1.924457
1.924759
1.925065
1.925395
1.925709
1.926006
1.926332
1.926656
1.926988
1.927306
1.927600
1.927896
1.928211
1.928492
1.928747
1.928999
1.929271
1.929520
1.929754
1.929970
1.930182
1.930389
1.930593
1.930787
1.930970
1.931150
1.931315
1.931462
1.931620
1.931752
1.931860
1.931956
1.932058
1.932166
1.932261
1.932345
1.932441
1.932528
1.932597
1.932675
1.932738
1.932795
1.932855
1.932909
1.932945
1.932975
1.933007
1.933035
1.933056
1.933067
1.933077
1.933077
1.933077
1.933077
1.933079
1.933079
1.933079
1.933079
1.933079
1.933079
1.933079
1.933079
1.933079
1.933079
1.933079
1.933079
1.933079
1.933079
1.933079
1.933049
1.932984
1.932912
1.932858
1.932813
1.932753
1.932684
1.932627
1.932564
1.932495
1.932420
1.932330
1.932238
1.932142
1.932061
1.931968
1.931866
1.931776
1.931677
1.931575
1.931471
1.931357
1.931234
1.931126
1.931006
1.930868
1.930727
1.930587
1.930440
1.930275
1.930116
1.929943
1.929760
1.929589
1.929403
1.929211
1.929023
1.928846
1.928660
1.928472
1.928277
1.928076
1.927872
1.927678
1.927492
1.927291
1.927099
1.926920
1.926731
1.926545
1.926365
1.926188
1.926018
1.925859
1.925697
1.925538
1.925386
1.925245
1.925104
1.924969
1.924840
1.924706
1.924571
1.924460
1.924376
1.924295
1.924211
1.924142
1.924085
1.924037
1.924004
1.923965
1.923950
1.923944
1.923941
1.923941
1.923936
1.923936
1.923936
1.923936
1.923936
1.923936
1.923936
1.923936
1.923936
1.923974
1.924058
1.924163
1.924259
1.924367
1.924466
1.924562
1.924658
1.924765
1.924870
1.924972
1.925074
1.925188
1.925293
1.925395
1.925499
1.925601
1.925700
1.925805
1.925910
1.926015
1.926117
1.926216
1.926311
1.926407
1.926506
1.926584
1.926656
1.926740
1.926815
1.926881
1.926934
1.927009
1.927084
1.927150
1.927207
1.927261
1.927312
1.927363
1.927417
1.927459
1.927498
1.927540
1.927564
1.927585
1.927603
1.927612
1.927612
1.927621
1.927636
1.927639
1.927639
1.927639
1.927639
1.927639
1.927639
1.927639
1.927639
1.927639
1.927639
1.927639
1.927639
1.927639
1.927639
1.927639
1.927639
1.927639
1.927624
1.927591
1.927561
1.927525
1.927489
1.927456
1.927423
1.927387
1.927351
1.927303
1.927255
1.927219
1.927192
1.927165
1.927135
1.927111
1.927087
1.927063
1.927039
1.927027
1.927000
1.926986
1.926983
1.926970
1.926958
1.926955
1.926944
1.926938
1.926934
1.926926
1.926914
1.926914
1.926914
1.926914
1.926914
1.926914
1.926914
1.926914
1.926914
1.926914
1.926914
1.926914
1.926914
1.926914
1.926914
1.926914
1.926914
1.926914
1.926914
1.926914
1.926914
1.926914
1.926914
1.926914
1.926914
1.926914
1.926914
1.926914
1.926914
1.926914
1.926914
1.926914
1.926914
1.926914
1.926914
1.926914
1.926914
1.926914
1.926914
1.926914
1.926914
1.926914
1.926914
1.926914
1.926914
1.926914
1.926914
1.926914
1.926914
1.926914
1.926914
1.926914
1.926914
1.926914
1.926914
1.926914
1.926914
1.926914
1.926914
1.926914
1.926914
1.926914
1.926914
1.926914
1.926914
1.926914
1.926914
1.926914
1.926914
1.926914
1.926914
1.926914
1.926914
1.926914
1.926914
1.926914
1.926914
1.926914
1.926914
1.926914
1.926914
1.926914
1.926914
1.926914
1.926914
1.926914
1.926914
1.926914
1.926914
1.926914
1.926914
1.926914
1.926914
1.926914
1.926914
1.926914
1.926914
1.926914
1.926914
1.926914