3.559737
3.559737
3.559737
3.559737
3.559737
3.559737
3.559737
3.559737
3.559737
3.559737
3.560001
3.560417
3.560894
3.561484
3.562230
3.563114
3.564132
3.565361
3.566682
3.568084
3.569519
3.571011
3.572548
3.574259
3.576027
3.577983
3.580104
3.582384
3.584796
3.587385
3.590090
3.592847
3.595732
3.598683
3.601802
3.604924
3.608207
3.611698
3.615263
3.618909
3.622708
3.626741
3.630816
3.635019
3.639322
3.643756
3.648190
3.652798
3.657690
3.662631
3.667748
3.672913
3.678225
3.683705
3.689188
3.694841
3.700699
3.706538
3.712584
3.718681
3.725006
3.731390
3.737961
3.744507
3.751383
3.758232
3.765297
3.772292
3.779624
3.786889
3.794493
3.802073
3.809761
3.817656
3.825649
3.833813
3.842008
3.850379
3.858824
3.867441
3.876031
3.884890
3.893986
3.903070
3.912238
3.921610
3.931045
3.940584
3.950180
3.960193
3.970128
3.980150
3.990268
4.000787
4.011084
4.021792
4.032605
4.043438
4.054389
4.065519
4.076799
4.088122
4.099585
4.111353
4.123074
4.134920
4.147114
4.159023
4.171199
4.183208
4.195407
4.207590
4.219687
4.231759
4.244019
4.256000
4.268146
4.280510
4.292728
4.304730
4.317137
4.329499
4.341762
4.354070
4.366422
4.378730
4.390939
4.403226
4.415462
4.427775
4.440135
4.452394
4.464543
4.476980
4.489141
4.501421
4.513718
4.526019
4.538252
4.550662
4.562796
4.575230
4.587226
4.599597
4.611866
4.624032
4.636037
4.648357
4.660683
4.672652
4.684772
4.697046
4.708952
4.721236
4.733391
4.745639
4.757566
4.770027
4.781919
4.794310
4.806393
4.818572
4.830739
4.843113
4.855154
4.867171
4.879647
4.891706
4.903951
4.916082
4.928324
4.940668
4.952894
4.965091
4.977507
4.989554
5.001835
5.014173
5.026586
5.038615
5.050913
5.063251
5.075412
5.087543
5.100031
5.112153
5.124461
5.136663
5.148809
5.161048
5.173296
5.185448
5.197705
5.209890
5.222042
5.234362
5.246256
5.258396
5.270563
5.282781
5.294631
5.306818
5.318944
5.331045
5.342921
5.355175
5.367000
5.379179
5.391170
5.403118
5.415156
5.427137
5.439226
5.450983
5.463111
5.474844
5.486798
5.498644
5.510505
5.522568
5.534696
5.546218
5.558329
5.569998
5.581967
5.593832
5.605861
5.617441
5.629587
5.641280
5.653244
5.664970
5.676886
5.688705
5.700677
5.712530
5.724106
5.736192
5.747922
5.759924
5.771708
5.783494
5.795206
5.807241
5.819036
5.830811
5.842612
5.854578
5.866338
5.878121
5.889872
5.901652
5.913427
5.925243
5.937027
5.948699
5.960438
5.972132
5.983876
5.995630
6.007327
6.018966
6.030588
6.042425
6.053957
6.065797
6.077305
6.088933
6.100645
6.112158
6.123780
6.135321
6.146781
6.158340
6.170036
6.181457
6.192947
6.204581
6.215861
6.227533
6.239057
6.250393
6.261919
6.273424
0.001573
0.013009
0.024559
0.035896
0.047275
0.058783
0.070132
0.081535
0.093031
0.104478
0.115813
0.127368
0.138744
0.150171
0.161610
0.172902
0.184353
0.195861
0.207258
0.218643
0.229938
0.241425
0.252813
0.264270
0.275664
0.287238
0.298524
0.309795
0.321360
0.332706
0.344079
0.355692
0.366831
0.378159
0.389637
0.401055
0.412506
0.423807
0.435087
0.446391
0.457917
0.469143
0.480801
0.491836
0.503221
0.514510
0.525880
0.537157
0.548371
0.559660
0.571003
0.582236
0.593432
0.604787
0.616040
0.627182
0.638460
0.649527
0.660825
0.672075
0.683215
0.694426
0.705679
0.716803
0.727958
0.739187
0.750293
0.761346
0.772485
0.783451
0.794866
0.805903
0.816908
0.828128
0.839270
0.850302
0.861393
0.872619
0.883609
0.894841
0.905873
0.917162
0.928157
0.939276
0.950451
0.961524
0.972891
0.983875
0.995068
1.006264
1.017338
1.028468
1.039730
1.050861
1.062015
1.073163
1.084500
1.095622
1.106764
1.117880
1.129142
1.140212
1.151363
1.162551
1.173597
1.184901
1.196047
1.207168
1.218400
1.229602
1.240631
1.251779
1.262976
1.274097
1.285236
1.296549
1.307572
1.318720
1.329892
1.340783
1.352078
1.363182
1.374189
1.385275
1.396468
1.407592
1.418576
1.429736
1.440791
1.451757
1.462872
1.473937
1.484989
1.496006
1.506962
1.518180
1.528980
1.540057
1.551064
1.562132
1.573124
1.584234
1.595214
1.606180
1.617259
1.628363
1.639253
1.650426
1.661580
1.672488
1.683604
1.694608
1.705661
1.716611
1.727921
1.738746
1.749886
1.760941
1.772047
1.783235
1.794293
1.805358
1.816407
1.827558
1.838746
1.849861
1.860952
1.872023
1.883069
1.894239
1.905363
1.916415
1.927606
1.938640
1.949780
1.960883
1.972031
1.983069
1.994154
2.005198
2.016376
2.027599
2.038520
2.049590
2.060640
2.071659
2.082810
2.093845
2.104765
2.115860
2.126906
2.137953
2.148963
2.159890
2.170942
2.181848
2.192975
2.203851
2.214823
2.225776
2.236601
2.247578
2.258469
2.269405
2.280265
2.291210
2.302104
2.312970
2.323909
2.334617
2.345558
2.356413
2.367187
2.378018
2.388959
2.399610
2.410468
2.421422
2.432001
2.443029
2.453695
2.464679
2.475276
2.486373
2.496889
2.507951
2.518656
2.529462
2.540260
2.551124
2.561913
2.572672
2.583514
2.594321
2.605077
2.615905
2.626646
2.637518
2.648271
2.659207
2.669894
2.680700
2.691402
2.702221
2.713037
2.723766
2.734581
2.745379
2.756048
2.766726
2.777554
2.788313
2.798943
2.809726
2.820343
2.831210
2.841948
2.852620
2.863190
2.873964
2.884591
2.895227
2.905953
2.916478
2.927105
2.937801
2.948404
2.958920
2.969601
2.980060
2.990592
3.001323
3.011708
3.022371
3.032998
3.043472
3.053994
3.064471
3.074975
3.085381
3.095873
3.106353
3.116803
3.127295
3.137647
3.148157
3.158556
3.168986
3.179376
3.189856
3.200217
3.210637
3.221150
3.231471
3.241940
3.252405
3.262777
3.273197
3.283636
3.293996
3.304437
3.314849
3.325194
3.335599
3.345963
3.356491
3.366908
3.377265
3.387689
3.398187
3.408559
3.418860
3.429214
3.439712
3.450010
3.460436
3.470841
3.481154
3.491514
3.502015
3.512388
3.522610
3.533054
3.543295
3.553730
3.564064
3.574421
3.584733
3.594992
3.605325
3.615656
3.625962
3.636152
3.646422
3.656776
3.666975
3.677261
3.687498
3.697775
3.707919
3.718199
3.728361
3.738599
3.748950
3.758933
3.769186
3.779381
3.789394
3.799589
3.809713
3.819864
3.829931
3.840030
3.850079
3.860170
3.870347
3.880369
3.890481
3.900581
3.910584
3.920639
3.930712
3.940863
3.950788
3.960858
3.970847
3.980818
3.990906
4.001032
4.011012
4.021097
4.031170
4.041251
4.051237
4.061355
4.071377
4.081533
4.091414
4.101460
4.111515
4.121579
4.131583
4.141715
4.151671
4.161786
4.171816
4.181802
4.191887
4.202053
4.211946
4.222001
4.232118
4.242119
4.252249
4.262345
4.272292
4.282350
4.292500
4.302511
4.312479
4.322596
4.332591
4.342586
4.352646
4.362669
4.372717
4.382769
4.392857
4.402777
4.412831
4.422724
4.432911
4.442813
4.452916
4.462886
4.472779
4.482885
4.492724
4.502809
4.512657
4.522628
4.532677
4.542489
4.552439
4.562397
4.572260
4.582165
4.592148
4.601990
4.611871
4.621779
4.631687
4.641523
4.651416
4.661219
4.671130
4.680943
4.690796
4.700563
4.710594
4.720203
4.730234
4.739971
4.749756
4.759772
4.769467
4.779261
4.789319
4.798996
4.808853
4.818716
4.828564
4.838442
4.848332
4.858330
4.867992
4.877765
4.887787
4.897501
4.907405
4.917235
4.927083
4.937012
4.946842
4.956676
4.966578
4.976422
4.986282
4.996172
5.005972
5.015844
5.025762
5.035601
5.045524
5.055338
5.065139
5.074975
5.084972
5.094698
5.104438
5.114564
5.124101
5.134006
5.143935
5.153624
5.163451
5.173296
5.183045
5.192819
5.202640
5.212481
5.222192
5.231947
5.241696
5.251449
5.261207
5.270896
5.280606
5.290289
5.299979
5.309755
5.319474
5.329016
5.338682
5.348395
5.358000
5.367588
5.377322
5.386720
5.396458
5.406027
5.415665
5.425112
5.434765
5.444299
5.453784
5.463273
5.472848
5.482426
5.491900
5.501370
5.510859
5.520374
5.530001
5.539330
5.548855
5.558320
5.567712
5.577425
5.586728
5.596159
5.605675
5.615197
5.624535
5.634030
5.643528
5.652971
5.662303
5.671834
5.681293
5.690775
5.700018
5.709629
5.718965
5.728412
5.737744
5.747287
5.756640
5.765877
5.775423
5.784713
5.794247
5.803544
5.812885
5.822248
5.831707
5.841012
5.850369
5.859693
5.869101
5.878487
5.887841
5.897105
5.906422
5.915743
5.925019
5.934495
5.943675
5.953008
5.962290
5.971622
5.980829
5.990066
5.999366
6.008594
6.017860
6.027112
6.036304
6.045424
6.054838
6.063844
6.073093
6.082252
6.091558
6.100596
6.109825
6.118878
6.128049
6.137136
6.146194
6.155365
6.164407
6.173667
6.182652
6.191704
6.200662
6.209949
6.219064
6.227944
6.236986
6.246049
6.255079
6.264005
6.273044
6.282080
0.007865
0.016841
0.025853
0.034838
0.043856
0.052800
0.061815
0.070899
0.079734
0.088740
0.097677
0.106603
0.115561
0.124561
0.133504
0.142441
0.151469
0.160343
0.169409
0.178388
0.187379
0.196344
0.205257
0.214212
0.223119
0.232140
0.241051
0.249949
0.258988
0.267817
0.276839
0.285809
0.294599
0.303593
0.312665
0.321498
0.330402
0.339441
0.348312
0.357295
0.366229
0.375070
0.384040
0.392816
0.401807
0.410696
0.419682
0.428469
0.437397
0.446308
0.455077
0.463930
0.472942
0.481763
0.490526
0.499574
0.508251
0.517173
0.525997
0.534745
0.543548
0.552395
0.561155
0.569973
0.578781
0.587575
0.596332
0.605101
0.613844
0.622664
0.631425
0.640230
0.648913
0.657595
0.666350
0.674952
0.683883
0.692428
0.701125
0.709901
0.718607
0.727260
0.735927
0.744592
0.753274
0.761999
0.770571
0.779283
0.787927
0.796538
0.805196
0.813948
0.822603
0.831121
0.839863
0.848468
0.857058
0.865767
0.874399
0.883037
0.891728
0.900333
0.908914
0.917704
0.926210
0.934868
0.943503
0.952117
0.960769
0.969497
0.978060
0.986721
0.995470
1.004020
1.012664
1.021376
1.030065
1.038589
1.047403
1.055876
1.064619
1.073262
1.081918
1.090559
1.099265
1.107873
1.116456
1.125115
1.133869
1.142480
1.151157
1.159740
1.168399
1.177049
1.185716
1.194267
1.202932
1.211488
1.220192
1.228761
1.237476
1.245886
1.254769
1.263170
1.271823
1.280502
1.288954
1.297559
1.306245
1.314786
1.323331
1.331969
1.340508
1.349133
1.357690
1.366283
1.374806
1.383348
1.391917
1.400530
1.409042
1.417554
1.426213
1.434596
1.443125
1.451697
1.460263
1.468598
1.477289
1.485699
1.494259
1.502729
1.511124
1.519771
1.528276
1.536638
1.545060
1.553551
1.562039
1.570494
1.579098
1.587373
1.595966
1.604340
1.612933
1.621256
1.629902
1.638262
1.646794
1.655378
1.663680
1.672174
1.680782
1.689048
1.697518
1.706185
1.714559
1.723035
1.731541
1.740020
1.748597
1.757136
1.765612
1.774019
1.782555
1.791063
1.799635
1.807946
1.816557
1.825054
1.833461
1.842035
1.850538
1.859014
1.867451
1.875945
1.884492
1.892980
1.901414
1.909938
1.918405
1.926938
1.935473
1.943916
1.952311
1.960826
1.969344
1.977682
1.986376
1.994654
2.003163
2.011645
2.020028
2.028465
2.037034
2.045491
2.053877
2.062344
2.070796
2.079284
2.087586
2.096101
2.104373
2.112903
2.121151
2.129573
2.137971
2.146285
2.154653
2.163087
2.171458
2.179871
2.188098
2.196421
2.204807
2.213097
2.221366
2.229731
2.238042
2.246329
2.254496
2.262987
2.271112
2.279412
2.287696
2.295926
2.304123
2.312386
2.320592
2.328835
2.337214
2.345313
2.353525
2.361713
2.369850
2.378069
2.386308
2.394391
2.402711
2.410897
2.419016
2.427345
2.435425
2.443586
2.451862
2.459984
2.468154
2.476312
2.484540
2.492719
2.500865
2.509158
2.517272
2.525232
2.533480
2.541689
2.549800
2.557934
2.566059
2.574281
2.582430
2.590489
2.598785
2.606770
2.615021
2.623038
2.631421
2.639442
2.647549
2.655668
2.663877
2.671808
2.680113
2.688152
2.696148
2.704363
2.712366
2.720473
2.728688
2.736763
2.744870
2.752929
2.761091
2.769108
2.777170
2.785188
2.793262
2.801471
2.809429
2.817539
2.825578
2.833577
2.841592
2.849624
2.857630
2.865665
2.873703
2.881676
2.889726
2.897768
2.905761
2.913635
2.921652
2.929550
2.937423
2.945594
2.953362
2.961245
2.969361
2.977190
2.985147
2.992997
3.000994
3.008903
3.016795
3.024636
3.032629
3.040464
3.048275
3.056145
3.064040
3.071845
3.079793
3.087532
3.095307
3.103147
3.111060
3.118763
3.126615
3.134420
3.142207
3.149988
3.157789
3.165573
3.173345
3.181191
3.188993
3.196666
3.204453
3.212207
3.220021
3.227852
3.235504
3.243243
3.251033
3.258747
3.266525
3.274372
3.282075
3.289840
3.297627
3.305363
3.313027
3.320736
3.328544
3.336327
3.344021
3.351772
3.359595
3.367270
3.374953
3.382742
3.390463
3.398082
3.405887
3.413640
3.421364
3.428953
3.436737
3.444458
3.452146
3.459870
3.467561
3.475165
3.482933
3.490543
3.498195
3.505928
3.513508
3.521190
3.528965
3.536560
3.544185
3.551944
3.559477
3.567105
3.574771
3.582292
3.589952
3.597479
3.605160
3.612756
3.620321
3.627846
3.635412
3.643037
3.650605
3.658089
3.665678
3.673201
3.680736
3.688277
3.695743
3.703248
3.710831
3.718181
3.725713
3.733323
3.740663
3.748123
3.755601
3.763071
3.770480
3.777907
3.785340
3.792756
3.800231
3.807586
3.814935
3.822476
3.829841
3.837181
3.844560
3.851934
3.859343
3.866659
3.873985
3.881352
3.888695
3.896000
3.903334
3.910689
3.918066
3.925277
3.932620
3.939865
3.947232
3.954543
3.961817
3.969142
3.976441
3.983733
3.991031
3.998252
4.005523
4.012813
4.020189
4.027362
4.034756
4.042000
4.049233
4.056597
4.063830
4.071089
4.078384
4.085638
4.092925
4.100220
4.107500
4.114712
4.122046
4.129219
4.136490
4.143797
4.151006
4.158266
4.165441
4.172772
4.179969
4.187291
4.194509
4.201708
4.208992
4.216152
4.223388
4.230683
4.237918
4.245091
4.252350
4.259550
4.266788
4.274141
4.281290
4.288444
4.295773
4.302948
4.310135
4.317320
4.324508
4.331704
4.338987
4.346265
4.353312
4.360625
4.367663
4.374889
4.382104
4.389273
4.396413
4.403648
4.410848
4.417859
4.425058
4.432195
4.439304
4.446552
4.453515
4.460756
4.467860
4.474901
4.482037
4.489156
4.496277
4.503336
4.510497
4.517480
4.524602
4.531658
4.538732
4.545832
4.552825
4.559908
4.566895
4.573950
4.580844
4.587966
4.595046
4.601993
4.609013
4.616012
4.623025
4.630010
4.636919
4.643962
4.650970
4.657969
4.664835
4.671813
4.678720
4.685769
4.692666
4.699650
4.706559
4.713498
4.720416
4.727321
4.734254
4.741277
4.748195
4.755023
4.761977
4.768895
4.775780
4.782680
4.789552
4.796449
4.803508
4.810321
4.817245
4.824232
4.831089
4.837945
4.845004
4.851754
4.858633
4.865562
4.872471
4.879350
4.886163
4.893051
4.899942
4.906818
4.913745
4.920543
4.927428
4.934283
4.941213
4.948026
4.954869
4.961718
4.968603
4.975437
4.982402
4.989072
4.996047
5.002731
5.009757
5.016408
5.023401
5.030133
5.036904
5.043876
5.050623
5.057409
5.064246
5.071167
5.077791
5.084682
5.091516
5.098227
5.104998
5.111817
5.118612
5.125362
5.132061
5.138940
5.145574
5.152375
5.159119
5.165809
5.172628
5.179255
5.186008
5.192774
5.199401
5.206112
5.212874
5.219585
5.226174
5.232825
5.239542
5.246170
5.252827
5.259481
5.266021
5.272748
5.279279
5.285984
5.292605
5.299200
5.305857
5.312433
5.319057
5.325544
5.332252
5.338682
5.345249
5.351846
5.358366
5.364819
5.371431
5.377888
5.384392
5.390861
5.397353
5.403849
5.410395
5.416750
5.423344
5.429705
5.436281
5.442573
5.449146
5.455429
5.461996
5.468285
5.474702
5.481057
5.487478
5.493955
5.500283
5.506691
5.513055
5.519389
5.525767
5.532149
5.538476
5.544771
5.551138
5.557526
5.563847
5.570214
5.576473
5.582788
5.589053
5.595405
5.601753
5.608063
5.614336
5.620688
5.627082
5.633254
5.639575
5.645828
5.652120
5.658415
5.664727
5.670953
5.677251
5.683456
5.689714
5.696012
5.702241
5.708467
5.714732
5.720954
5.727243
5.733463
5.739623
5.745888
5.752146
5.758276
5.764508
5.770698
5.776864
5.783099
5.789286
5.795415
5.801557
5.807810
5.813955
5.820154
5.826359
5.832458
5.838603
5.844805
5.850908
5.857044
5.863255
5.869346
5.875452
5.881612
5.887700
5.893770
5.899921
5.906006
5.912106
5.918224
5.924312
5.930307
5.936488
5.942498
5.948577
5.954674
5.960690
5.966745
5.972794
5.978780
5.984817
5.990905
5.996906
6.002928
6.008890
6.014853
6.020854
6.026936
6.032898
6.038923
6.044783
6.050871
6.056731
6.062796
6.068584
6.074564
6.080547
6.086494
6.092288
6.098364
6.104177
6.110112
6.116050
6.121934
6.127777
6.133667
6.139593
6.145432
6.151317
6.157141
6.162966
6.168871
6.174635
6.180412
6.186380
6.192084
6.197899
6.203715
6.209491
6.215358
6.221188
6.226946
6.232783
6.238544
6.244302
6.250118
6.255873
6.261599
6.267429
6.273137
6.278871
0.001408
0.007167
0.012904
0.018731
0.024370
0.030086
0.035935
0.041618
0.047242
0.053084
0.058795
0.064463
0.070219
0.075896
0.081610
0.087320
0.092968
0.098684
0.104446
0.110096
0.115783
0.121529
0.127153
0.132842
0.138544
0.144173
0.149908
0.155576
0.161236
0.166919
0.172669
0.178178
0.183913
0.189560
0.195175
0.200904
0.206575
0.212121
0.217819
0.223614
0.229180
0.234801
0.240466
0.246081
0.251675
0.257397
0.263045
0.268578
0.274319
0.279940
0.285548
0.291169
0.296711
0.302383
0.308019
0.313618
0.319209
0.324817
0.330393
0.336038
0.341676
0.347249
0.352783
0.358445
0.363952
0.369528
0.375160
0.380682
0.386276
0.391833
0.397400
0.403012
0.408584
0.414115
0.419625
0.425221
0.430722
0.436178
0.441816
0.447371
0.452863
0.458430
0.463885
0.469389
0.474923
0.480415
0.485909
0.491446
0.496860
0.502361
0.507909
0.513398
0.518890
0.524379
0.529781
0.535332
0.540803
0.546187
0.551652
0.557144
0.562525
0.567971
0.573433
0.578847
0.584303
0.589726
0.595131
0.600574
0.605961
0.611336
0.616744
0.622236
0.627578
0.632956
0.638400
0.643670
0.649051
0.654399
0.659815
0.665175
0.670547
0.675907
0.681183
0.686564
0.691879
0.697272
0.702587
0.707845
0.713202
0.718571
0.723895
0.729171
0.734510
0.739789
0.745128
0.750359
0.755755
0.760968
0.766256
0.771547
0.776841
0.782117
0.787361
0.792640
0.797955
0.803171
0.808456
0.813693
0.818918
0.824188
0.829455
0.834674
0.839929
0.845187
0.850446
0.855653
0.860959
0.866214
0.871433
0.876604
0.881895
0.887183
0.892363
0.897570
0.902823
0.908057
0.913270
0.918498
0.923687
0.928906
0.934089
0.939336
0.944522
0.949786
0.955029
0.960230
0.965440
0.970683
0.975839
0.980993
0.986233
0.991422
0.996617
1.001875
1.006998
1.012194
1.017362
1.022623
1.027788
1.032965
1.038208
1.043392
1.048599
1.053701
1.058929
1.064079
1.069268
1.074386
1.079611
1.084743
1.089986
1.095122
1.100248
1.105359
1.110551
1.115689
1.120876
1.126068
1.131098
1.136350
1.141500
1.146612
1.151768
1.156861
1.162011
1.167129
1.172264
1.177405
1.182504
1.187649
1.192790
1.197886
1.203069
1.208106
1.213223
1.218352
1.223472
1.228581
1.233710
1.238746
1.243900
1.248981
1.253996
1.259158
1.264228
1.269258
1.274364
1.279481
1.284556
1.289607
1.294683
1.299818
1.304765
1.309828
1.314924
1.319970
1.325033
1.330027
1.335031
1.340088
1.345130
1.350152
1.355140
1.360150
1.365216
1.370255
1.375184
1.380244
1.385262
1.390209
1.395167
1.400267
1.405153
1.410172
1.415184
1.420077
1.425092
1.430072
1.435048
1.439986
1.444902
1.449878
1.454837
1.459810
1.464724
1.469673
1.474662
1.479569
1.484495
1.489450
1.494370
1.499304
1.504245
1.509128
1.514057
1.518986
1.523896
1.528771
1.533732
1.538556
1.543487
1.548362
1.553239
1.558159
1.563048
1.567839
1.572798
1.577714
1.582505
1.587409
1.592302
1.597141
1.602018
1.606893
1.611686
1.616603
1.621418
1.626313
1.631200
1.636020
1.640829
1.645746
1.650578
1.655447
1.660289
1.665208
1.669951
1.674810
1.679631
1.684443
1.689404
1.694159
1.698989
1.703830
1.708594
1.713483
1.718379
1.723101
1.727910
1.732880
1.737650
1.742425
1.747258
1.752055
1.756863
1.761696
1.766490
1.771313
1.776143
1.780886
1.785745
1.790575
1.795339
1.800126
1.804926
1.809711
1.814585
1.819370
1.824086
1.828895
1.833733
1.838488
1.843255
1.848099
1.852827
1.857585
1.862402
1.867139
1.871975
1.876709
1.881454
1.886263
1.891036
1.895776
1.900509
1.905282
1.910064
1.914753
1.919519
1.924271
1.928972
1.933760
1.938490
1.943143
1.947973
1.952680
1.957404
1.962141
1.966902
1.971588
1.976313
1.981085
1.985765
1.990439
1.995134
1.999811
2.004553
2.009224
2.013880
2.018611
2.023273
2.027977
2.032659
2.037321
2.042028
2.046669
2.051343
2.055975
2.060648
2.065304
2.069951
2.074607
2.079224
2.083946
2.088542
2.093147
2.097737
2.102542
2.106992
2.111659
2.116300
2.120887
2.125435
2.130142
2.134735
2.139367
2.143867
2.148460
2.153059
2.157670
2.162239
2.166784
2.171356
2.176066
2.180470
2.185051
2.189683
2.194174
2.198716
2.203291
2.207821
2.212414
2.216929
2.221360
2.225935
2.230432
2.234896
2.239486
2.243896
2.248426
2.253016
2.257459
2.261914
2.266460
2.270945
2.275388
2.279822
2.284322
2.288819
2.293220
2.297637
2.302181
2.306619
2.310993
2.315388
2.319885
2.324292
2.328715
2.333083
2.337598
2.341945
2.346334
2.350712
2.355173
2.359571
2.363969
2.368304
2.372679
2.377185
2.381544
2.385921
2.390269
2.394670
2.399035
2.403436
2.407760
2.412203
2.416517
2.420882
2.425212
2.429628
2.433975
2.438373
2.442616
2.446951
2.451379
2.455709
2.460020
2.464343
2.468684
2.473062
2.477370
2.481705
2.486020
2.490379
2.494642
2.498957
2.503346
2.507654
2.511966
2.516229
2.520570
2.524875
2.529187
2.533405
2.537744
2.542073
2.546354
2.550632
2.554938
2.559213
2.563504
2.567848
2.572030
2.576339
2.580614
2.584872
2.589171
2.593416
2.597653
2.601967
2.606218
2.610425
2.614733
2.618994
2.623257
2.627472
2.631739
2.635960
2.640212
2.644466
2.648723
2.652876
2.657124
2.661403
2.665564
2.669858
2.674022
2.678231
2.682450
2.686647
2.690857
2.695087
2.699273
2.703479
2.707695
2.711886
2.716060
2.720290
2.724488
2.728607
2.732808
2.736972
2.741125
2.745286
2.749436
2.753639
2.757798
2.761935
2.766130
2.770294
2.774432
2.778573
2.782740
2.786896
2.791018
2.795129
2.799278
2.803380
2.807520
2.811622
2.815753
2.819858
2.823939
2.828070
2.832211
2.836307
2.840375
2.844483
2.848551
2.852644
2.856734
2.860820
2.864868
2.869026
2.872996
2.877122
2.881163
2.885199
2.889259
2.893375
2.897408
2.901429
2.905483
2.909482
2.913503
2.917578
2.921559
2.925580
2.929625
2.933577
2.937591
2.941708
2.945597
2.949632
2.953656
2.957620
2.961605
2.965637
2.969592
2.973568
2.977616
2.981534
2.985531
2.989462
2.993399
2.997335
3.001299
3.005185
3.009149
3.013125
3.017040
3.020965
3.024917
3.028836
3.032764
3.036689
3.040596
3.044523
3.048460
3.052274
3.056214
3.060127
3.063998
3.067884
3.071743
3.075629
3.079514
3.083352
3.087217
3.091127
3.094980
3.098815
3.102752
3.106497
3.110401
3.114251
3.118065
3.121902
3.125737
3.129570
3.133440
3.137230
3.141089
3.144876
3.148651
3.152516
3.156273
3.160165
3.163886
3.167751
3.171574
3.175337
3.179094
3.182884
3.186692
3.190458
3.194260
3.198032
3.201804
3.205651
3.209369
3.213147
3.216887
3.220712
3.224467
3.228221
3.231999
3.235723
3.239486
3.243225
3.246979
3.250739
3.254448
3.258175
3.261932
3.265701
3.269374
3.273117
3.276844
3.280601
3.284319
3.288019
3.291782
3.295473
3.299209
3.302936
3.306657
3.310364
3.313998
3.317713
3.321395
3.325068
3.328759
3.332414
3.336118
3.339776
3.343428
3.347134
3.350822
3.354483
3.358178
3.361809
3.365485
3.369137
3.372792
3.376462
3.380055
3.383722
3.387269
3.390934
3.394532
3.398139
3.401728
3.405350
3.408919
3.412562
3.416226
3.419822
3.423339
3.426982
3.430502
3.434145
3.437672
3.441180
3.444761
3.448293
3.451804
3.455361
3.458914
3.462455
3.466003
3.469568
3.473082
3.476573
3.480192
3.483682
3.487197
3.490693
3.494166
3.497635
3.501125
3.504595
3.508088
3.511567
3.515027
3.518529
3.522020
3.525507
3.528983
3.532455
3.535933
3.539361
3.542798
3.546165
3.549605
3.553044
3.556436
3.559845
3.563228
3.566640
3.570059
3.573483
3.576893
3.580272
3.583697
3.587082
3.590423
3.593829
3.597191
3.600543
3.603851
3.607186
3.610508
3.613897
3.617160
3.620506
3.623856
3.627155
3.630501
3.633851
3.637185
3.640433
3.643747
3.646985
3.650227
3.653556
3.656770
3.660039
3.663317
3.666541
3.669806
3.673051
3.676263
3.679475
3.682725
3.685913
3.689140
3.692388
3.695578
3.698775
3.701966
3.705154
3.708369
3.711565
3.714687
3.717803
3.720937
3.724059
3.727175
3.730366
3.733538
3.736645
3.739728
3.742796
3.745909
3.749019
3.752138
3.755227
3.758298
3.761396
3.764479
3.767652
3.770699
3.773731
3.776789
3.779840
3.782881
3.785913
3.788965
3.791941
3.794973
3.798007
3.801069
3.804069
3.807086
3.810130
3.813066
3.816041
3.819079
3.822129
3.825077
3.828061
3.831015
3.833975
3.836959
3.839967
3.842952
3.845900
3.848860
3.851793
3.854753
3.857722
3.860670
3.863627
3.866554
3.869467
3.872391
3.875357
3.878287
3.881190
3.884084
3.886966
3.889840
3.892764
3.895664
3.898588
3.901485
3.904347
3.907235
3.910132
3.913020
3.915944
3.918800
3.921607
3.924468
3.927323
3.930233
3.933094
3.935934
3.938747
3.941602
3.944467
3.947268
3.950123
3.952961
3.955810
3.958602
3.961389
3.964205
3.967006
3.969826
3.972597
3.975380
3.978169
3.980938
3.983751
3.986564
3.989321
3.992092
3.994866
3.997626
4.000400
4.003201
4.005931
4.008699
4.011420
4.014128
4.016891
4.019653
4.022376
4.025097
4.027823
4.030550
4.033222
4.035931
4.038663
4.041359
4.044134
4.046788
4.049446
4.052145
4.054802
4.057469
4.060156
4.062847
4.065495
4.068135
4.070745
4.073402
4.076087
4.078723
4.081347
4.083996
4.086585
4.089180
4.091834
4.094429
4.097059
4.099654
4.102221
4.104804
4.107422
4.109987
4.112585
4.115200
4.117768
4.120327
4.122888
4.125417
4.128035
4.130579
4.133150
4.135699
4.138225
4.140765
4.143285
4.145784
4.148304
4.150883
4.153421
4.155929
4.158436
4.160947
4.163466
4.165989
4.168491
4.171014
4.173530
4.176011
4.178501
4.180996
4.183477
4.186000
4.188454
4.190943
4.193406
4.195872
4.198314
4.200800
4.203263
4.205729
4.208189
4.210604
4.213009
4.215493
4.217914
4.220380
4.222804
4.225230
4.227630
4.230048
4.232471
4.234857
4.237241
4.239671
4.242086
4.244531
4.246883
4.249298
4.251677
4.254088
4.256443
4.258828
4.261222
4.263589
4.265955
4.268308
4.270678
4.273015
4.275342
4.277697
4.280055
4.282383
4.284675
4.287036
4.289361
4.291689
4.293987
4.296320
4.298669
4.300938
4.303263
4.305507
4.307807
4.310123
4.312391
4.314699
4.316981
4.319264
4.321545
4.323812
4.326087
4.328363
4.330586
4.332819
4.335072
4.337346
4.339539
4.341735
4.343973
4.346193
4.348386
4.350600
4.352760
4.354980
4.357197
4.359415
4.361524
4.363747
4.365922
4.368088
4.370257
4.372399
4.374578
4.376762
4.378877
4.381055
4.383158
4.385345
4.387473
4.389615
4.391730
4.393863
4.395993
4.398100
4.400221
4.402357
4.404466
4.406534
4.408640
4.410707
4.412775
4.414835
4.416885
4.418943
4.421001
4.423090
4.425109
4.427158
4.429196
4.431251
4.433280
4.435275
4.437333
4.439332
4.441390
4.443385
4.445389
4.447364
4.449368
4.451340
4.453320
4.455286
4.457260
4.459222
4.461200
4.463174
4.465125
4.467102
4.469059
4.470976
4.472911
4.474853
4.476734
4.478649
4.480590
4.482483
4.484431
4.486354
4.488254
4.490157
4.492041
4.493907
4.495783
4.497671
4.499537
4.501425
4.503312
4.505182
4.507063
4.508933
4.510760
4.512585
4.514440
4.516279
4.518104
4.519928
4.521693
4.523476
4.525300
4.527122
4.528911
4.530714
4.532470
4.534228
4.536008
4.537749
4.539490
4.541281
4.542992
4.544727
4.546449
4.548184
4.549928
4.551683
4.553388
4.555138
4.556843
4.558562
4.560252
4.561990
4.563701
4.565382
4.567053
4.568731
4.570412
4.572057
4.573729
4.575382
4.577048
4.578660
4.580275
4.581905
4.583540
4.585174
4.586800
4.588394
4.589997
4.591612
4.593203
4.594818
4.596391
4.597976
4.599548
4.601128
4.602697
4.604267
4.605843
4.607401
4.608962
4.610532
4.612057
4.613594
4.615128
4.616659
4.618202
4.619727
4.621231
4.622750
4.624260
4.625743
4.627253
4.628733
4.630195
4.631648
4.633122
4.634561
4.636014
4.637491
4.638947
4.640388
4.641838
4.643273
4.644699
4.646143
4.647536
4.648965
4.650331
4.651737
4.653121
4.654520
4.655886
4.657259
4.658646
4.660027
4.661411
4.662783
4.664141
4.665516
4.666870
4.668206
4.669551
4.670873
4.672164
4.673476
4.674812
4.676119
4.677404
4.678710
4.679998
4.681305
4.682620
4.683902
4.685191
4.686497
4.687761
4.689023
4.690281
4.691534
4.692780
4.694023
4.695246
4.696477
4.697700
4.698913
4.700126
4.701361
4.702559
4.703778
4.704977
4.706163
4.707329
4.708518
4.709692
4.710858
4.712020
4.713171
4.714318
4.715490
4.716655
4.717794
4.718945
4.720083
4.721227
4.722378
4.723519
4.724652
4.725766
4.726878
4.727977
4.729080
4.730167
4.731258
4.732355
4.733439
4.734521
4.735611
4.736699
4.737778
4.738877
4.739947
4.741031
4.742101
4.743167
4.744219
4.745313
4.746325
4.747350
4.748357
4.749375
4.750394
4.751410
4.752425
4.753441
4.754468
4.755472
4.756509
4.757519
4.758522
4.759559
4.760553
4.761560
4.762549
4.763508
4.764496
4.765470
4.766408
4.767340
4.768307
4.769242
4.770189
4.771130
4.772064
4.772999
4.773931
4.774872
4.775795
4.776723
4.777664
4.778596
4.779528
4.780441
4.781358
4.782290
4.783207
4.784118
4.785001
4.785876
4.786754
4.787632
4.788498
4.789355
4.790224
4.791065
4.791919
4.792770
4.793618
4.794451
4.795302
4.796141
4.796971
4.797836
4.798660
4.799496
4.800341
4.801186
4.802028
4.802855
4.803679
4.804506
4.805342
4.806141
4.806935
4.807721
4.808478
4.809251
4.809988
4.810731
4.811469
4.812223
4.812946
4.813685
4.814396
4.815121
4.815876
4.816604
4.817332
4.818045
4.818752
4.819465
4.820193
4.820885
4.821586
4.822267
4.822958
4.823645
4.824327
4.825005
4.825715
4.826407
4.827108
4.827782
4.828456
4.829103
4.829732
4.830368
4.830973
4.831560
4.832150
4.832726
4.833295
4.833855
4.834415
4.834970
4.835545
4.836126
4.836686
4.837232
4.837786
4.838328
4.838868
4.839392
4.839904
4.840405
4.840896
4.841372
4.841840
4.842310
4.842786
4.843266
4.843733
4.844201
4.844650
4.845129
4.845603
4.846082
4.846559
4.847032
4.847523
4.848005
4.848491
4.848982
4.849447
4.849905
4.850379
4.850834
4.851280
4.851708
4.852128
4.852536
4.852943
4.853335
4.853695
4.854045
4.854390
4.854732
4.855076
4.855397
4.855721
4.856035
4.856347
4.856643
4.856931
4.857218
4.857515
4.857797
4.858069
4.858315
4.858579
4.858845
4.859103
4.859352
4.859579
4.859801
4.860013
4.860220
4.860409
4.860598
4.860784
4.860966
4.861128
4.861287
4.861443
4.861580
4.861724
4.861862
4.861985
4.862105
4.862228
4.862336
4.862437
4.862530
4.862611
4.862689
4.862767
4.862830
4.862875
4.862923
4.862977
4.863025
4.863064
4.863091
4.863100
4.863102
4.863109
4.863109
4.863109
4.863109
4.863109
4.863109
4.863109
4.863109
4.863109
4.863109
4.863109
4.863109
4.863109
4.863109
4.863109
4.863109
4.863109
4.863109
4.863109
4.863109
4.863109
4.863109
4.863109
4.863109
4.863109
4.863109
4.863109
4.863109
4.863109
4.863109
4.863109
4.863109
4.863109
4.863109
4.863109
4.863109
4.863109
4.863109
4.863109
4.863109
4.863109
4.863109
4.863109
4.863109
4.863109
4.863109
4.863109
4.863109
4.863109
4.863109
4.863109
4.863109
4.863109
4.863109
4.863109
4.863109
4.863109
4.863109
4.863109
4.863109
4.863109
4.863109
4.863109
4.863109
4.863109
4.863109
4.863109
4.863109
4.863109
4.863109
4.863109
4.863109
4.863109
4.863109
4.863109
4.863109
4.863109
4.863109
4.863109
4.863109
4.863109
4.863109
4.863109
4.863109
4.863109
4.863109
4.863109
4.863109
4.863109
4.863109
4.863109
4.863109
4.863109
4.863109
4.863109
4.863109
4.863109
4.863109
4.863109
4.863109