5.041712
5.041712
5.041712
5.041712
5.041712
5.041712
5.041712
5.041712
5.041847
5.042111
5.042494
5.042974
5.043540
5.044208
5.044963
5.045826
5.046869
5.048037
5.049335
5.050715
5.052207
5.053841
5.055584
5.057454
5.059470
5.061567
5.063827
5.066232
5.068680
5.071301
5.074031
5.076907
5.079924
5.083103
5.086294
5.089736
5.093242
5.096873
5.100621
5.104495
5.108479
5.112626
5.116931
5.121279
5.125803
5.130453
5.135228
5.140178
5.145181
5.150359
5.155578
5.160997
5.166651
5.172256
5.178090
5.183992
5.190074
5.196312
5.202532
5.208901
5.215574
5.222303
5.229059
5.236028
5.243062
5.250244
5.257632
5.265032
5.272457
5.280297
5.288018
5.295964
5.304053
5.312256
5.320559
5.328936
5.337384
5.346220
5.354956
5.363836
5.372872
5.382092
5.391343
5.400730
5.410335
5.419875
5.429657
5.439619
5.449611
5.459758
5.470041
5.480437
5.490968
5.501673
5.512369
5.523272
5.534342
5.545443
5.556866
5.568176
5.579690
5.591297
5.603353
5.615110
5.627306
5.639468
5.651814
5.664212
5.676628
5.688953
5.701201
5.713713
5.726278
5.738997
5.751496
5.764229
5.776657
5.789345
5.801803
5.814288
5.826820
5.839098
5.851690
5.864483
5.876800
5.889324
5.901949
5.914473
5.926999
5.939559
5.952055
5.964684
5.977219
5.989620
6.002158
6.014619
6.027013
6.039465
6.052012
6.064410
6.076841
6.089304
6.101777
6.114142
6.126456
6.138775
6.151242
6.163670
6.175792
6.188201
6.200410
6.212664
6.225173
6.237292
6.249560
6.261662
6.274062
0.003089
0.015427
0.027438
0.039898
0.051928
0.064217
0.076369
0.088638
0.100850
0.113119
0.125250
0.137540
0.149650
0.161967
0.174355
0.186415
0.198573
0.210922
0.223095
0.235313
0.247588
0.259779
0.271961
0.284269
0.296442
0.308681
0.320887
0.333036
0.345128
0.357388
0.369749
0.381820
0.393951
0.406151
0.418273
0.430551
0.442637
0.454783
0.467013
0.478971
0.491126
0.503176
0.515235
0.527327
0.539437
0.551445
0.563561
0.575782
0.587581
0.599673
0.611813
0.623749
0.635748
0.647807
0.659747
0.671827
0.683790
0.695573
0.707630
0.719614
0.731550
0.743567
0.755435
0.767314
0.779253
0.791211
0.803138
0.815047
0.826941
0.838968
0.850610
0.862651
0.874525
0.886422
0.898314
0.910283
0.922213
0.934251
0.946047
0.958022
0.970090
0.981910
0.993927
1.005866
1.017805
1.029789
1.041768
1.053830
1.065685
1.077660
1.089657
1.101620
1.113700
1.125651
1.137609
1.149719
1.161622
1.173495
1.185689
1.197431
1.209532
1.221426
1.233440
1.245311
1.257445
1.269267
1.281335
1.293188
1.305205
1.317054
1.329125
1.340909
1.352875
1.364829
1.376841
1.388582
1.400758
1.412506
1.424424
1.436294
1.448021
1.460014
1.471941
1.483872
1.495649
1.507538
1.519345
1.531287
1.543104
1.554899
1.566716
1.578538
1.590433
1.602237
1.614008
1.625912
1.637896
1.649683
1.661532
1.673468
1.685348
1.697080
1.709070
1.721156
1.732751
1.744762
1.756708
1.768470
1.780365
1.792346
1.804255
1.816227
1.828202
1.840148
1.852162
1.863969
1.875915
1.887863
1.899784
1.911670
1.923597
1.935572
1.947464
1.959529
1.971570
1.983278
1.995340
2.007211
2.019114
2.030958
2.042867
2.054833
2.066793
2.078634
2.090594
2.102384
2.114389
2.126076
2.137884
2.149823
2.161592
2.173378
2.185236
2.197011
2.208807
2.220617
2.232362
2.244136
2.255841
2.267532
2.279286
2.291063
2.302889
2.314528
2.326258
2.337943
2.349591
2.361297
2.372921
2.384603
2.396387
2.407897
2.419561
2.431324
2.442954
2.454669
2.466311
2.477957
2.489582
2.501209
2.512828
2.524441
2.536168
2.547795
2.559618
2.571015
2.582903
2.594504
2.606078
2.617633
2.629480
2.641015
2.652729
2.664561
2.675913
2.687801
2.699402
2.711029
2.722531
2.734150
2.745709
2.757328
2.769048
2.780580
2.792166
2.803850
2.815502
2.826905
2.838652
2.850040
2.861725
2.873086
2.884804
2.896171
2.907616
2.919165
2.930586
2.942154
2.953500
2.964939
2.976516
2.987805
2.999208
3.010677
3.022179
3.033561
3.044829
3.056259
3.067518
3.078912
3.090210
3.101487
3.112893
3.124186
3.135415
3.146755
3.158008
3.169270
3.180628
3.191866
3.203105
3.214412
3.225605
3.236867
3.248207
3.259506
3.270693
3.282012
3.293247
3.304518
3.315741
3.327070
3.338320
3.349600
3.360874
3.372190
3.383431
3.394643
3.405932
3.417284
3.428393
3.439664
3.450950
3.462153
3.473376
3.484587
3.495888
3.507049
3.518416
3.529498
3.540778
3.551983
3.563195
3.574187
3.585563
3.596673
3.607947
3.619008
3.630294
3.641371
3.652540
3.663509
3.674648
3.685805
3.696921
3.707910
3.719028
3.730045
3.741097
3.752273
3.763208
3.774261
3.785304
3.796165
3.807253
3.818372
3.829295
3.840174
3.851158
3.862066
3.873107
3.884090
3.894867
3.905725
3.916942
3.927737
3.938652
3.949536
3.960379
3.971284
3.982238
3.993123
4.004058
4.015087
4.025834
4.036847
4.047648
4.058610
4.069525
4.080479
4.091396
4.102284
4.113229
4.124152
4.135055
4.146060
4.156941
4.167901
4.178917
4.189778
4.200705
4.211691
4.222597
4.233673
4.244513
4.255607
4.266393
4.277359
4.288249
4.299206
4.310246
4.321152
4.332057
4.343059
4.353950
4.364922
4.375953
4.386688
4.397806
4.408634
4.419560
4.430337
4.441354
4.452106
4.463024
4.474161
4.484799
4.495771
4.506721
4.517559
4.528365
4.539208
4.550042
4.560917
4.571826
4.582531
4.593305
4.604141
4.614948
4.625746
4.636604
4.647345
4.658101
4.668949
4.679678
4.690521
4.701175
4.711946
4.722639
4.733616
4.744138
4.754984
4.765773
4.776478
4.787257
4.798100
4.808913
4.819582
4.830482
4.841052
4.852074
4.862842
4.873556
4.884372
4.895173
4.905937
4.916684
4.927533
4.938394
4.949090
4.959980
4.970733
4.981579
4.992367
5.003159
5.013891
5.025039
5.035583
5.046402
5.057247
5.068057
5.078828
5.089634
5.100345
5.111188
5.121965
5.132685
5.143512
5.154223
5.164982
5.175780
5.186566
5.197205
5.207937
5.218776
5.229499
5.240144
5.250867
5.261473
5.272253
5.282934
5.293558
5.304233
5.314917
5.325388
5.336018
5.346672
5.357284
5.367779
5.378409
5.389009
5.399447
5.410069
5.420519
5.431119
5.441554
5.452011
5.462481
5.473052
5.483415
5.493796
5.504271
5.514853
5.525417
5.535666
5.546039
5.556674
5.567152
5.577479
5.587998
5.598437
5.608902
5.619283
5.629755
5.640178
5.650481
5.661060
5.671244
5.681793
5.692072
5.702379
5.713069
5.723231
5.733661
5.744117
5.754567
5.764915
5.775258
5.785840
5.795997
5.806360
5.816747
5.827096
5.837297
5.847870
5.858096
5.868382
5.878831
5.889123
5.899391
5.909781
5.920075
5.930322
5.940574
5.950833
5.961205
5.971520
5.981788
5.991920
6.002257
6.012450
6.022624
6.032895
6.043099
6.053196
6.063691
6.073665
6.083864
6.094065
6.104099
6.114184
6.124475
6.134473
6.144645
6.154711
6.164841
6.174911
6.184930
6.195116
6.205075
6.215109
6.225056
6.235195
6.245318
6.255127
6.265134
6.275189
0.001983
0.011900
0.021925
0.031884
0.041855
0.051709
0.061689
0.071711
0.081747
0.091661
0.101725
0.111573
0.121541
0.131509
0.141498
0.151406
0.161422
0.171311
0.181285
0.191343
0.201182
0.211165
0.221106
0.231098
0.240964
0.250959
0.260843
0.270781
0.280775
0.290644
0.300603
0.310706
0.320434
0.330522
0.340436
0.350206
0.360186
0.370073
0.379945
0.389820
0.399818
0.409654
0.419562
0.429467
0.439240
0.449211
0.459068
0.468946
0.478746
0.488645
0.498505
0.508302
0.518108
0.527908
0.537735
0.547544
0.557380
0.567126
0.576963
0.586724
0.596428
0.606153
0.616022
0.625723
0.635526
0.645150
0.654902
0.664666
0.674331
0.684033
0.693782
0.703492
0.713097
0.722754
0.732488
0.742105
0.751878
0.761433
0.771080
0.780781
0.790375
0.800001
0.809762
0.819299
0.828934
0.838638
0.848175
0.857879
0.867550
0.877065
0.886716
0.896441
0.905968
0.915721
0.925341
0.935003
0.944585
0.954304
0.963900
0.973574
0.983243
0.992821
1.002513
1.012215
1.021703
1.031437
1.041183
1.050906
1.060484
1.070287
1.079800
1.089480
1.099223
1.108846
1.118530
1.128282
1.137866
1.147570
1.157197
1.166817
1.176473
1.186193
1.195786
1.205412
1.215093
1.224770
1.234444
1.244097
1.253637
1.263353
1.273039
1.282543
1.292157
1.301915
1.311500
1.321039
1.330704
1.340280
1.349960
1.359598
1.369066
1.378665
1.388330
1.397918
1.407394
1.417036
1.426695
1.436121
1.445714
1.455184
1.464727
1.474407
1.483875
1.493414
1.503002
1.512580
1.522074
1.531488
1.541036
1.550564
1.560076
1.569520
1.579146
1.588527
1.598051
1.607543
1.617106
1.626607
1.636107
1.645614
1.655111
1.664636
1.674196
1.683778
1.693116
1.702901
1.712306
1.721804
1.731397
1.740840
1.750608
1.759934
1.769627
1.779106
1.788718
1.798140
1.807701
1.817369
1.826827
1.836445
1.846056
1.855536
1.865042
1.874617
1.884124
1.893705
1.903368
1.912817
1.922455
1.931845
1.941579
1.950978
1.960631
1.970012
1.979527
1.989121
1.998663
2.008164
2.017709
2.027144
2.036716
2.046243
2.055699
2.065227
2.074802
2.084183
2.093719
2.103112
2.112597
2.122050
2.131514
2.140937
2.150410
2.159845
2.169289
2.178726
2.187948
2.197499
2.206772
2.216201
2.225587
2.234932
2.244319
2.253649
2.263014
2.272356
2.281614
2.290949
2.300333
2.309567
2.318942
2.328104
2.337472
2.346724
2.355970
2.365282
2.374515
2.383806
2.393022
2.402292
2.411645
2.420813
2.430092
2.439395
2.448560
2.457809
2.467156
2.476396
2.485540
2.494846
2.504050
2.513293
2.522568
2.531772
2.541039
2.550357
2.559561
2.568717
2.577996
2.587262
2.596391
2.605805
2.614844
2.624126
2.633252
2.642612
2.651797
2.661079
2.670235
2.679478
2.688670
2.697886
2.707024
2.716323
2.725408
2.734576
2.743800
2.752953
2.762211
2.771367
2.780427
2.789694
2.798853
2.807970
2.817057
2.826255
2.835438
2.844414
2.853806
2.862741
2.871891
2.881011
2.890080
2.899131
2.908203
2.917203
2.926284
2.935380
2.944452
2.953362
2.962482
2.971534
2.980564
2.989609
2.998441
3.007651
3.016477
3.025553
3.034469
3.043331
3.052364
3.061493
3.070317
3.079227
3.088131
3.097116
3.105838
3.114856
3.123760
3.132655
3.141530
3.150368
3.159219
3.168195
3.176973
3.185844
3.194746
3.203581
3.212443
3.221336
3.230123
3.238955
3.247881
3.256698
3.265516
3.274405
3.283219
3.292073
3.300920
3.309785
3.318573
3.327435
3.336216
3.345121
3.353929
3.362714
3.371522
3.380465
3.389118
3.398055
3.406932
3.415651
3.424510
3.433403
3.442115
3.450965
3.459762
3.468540
3.477349
3.486256
3.494876
3.503612
3.512424
3.521175
3.529950
3.538699
3.547417
3.556163
3.564995
3.573669
3.582450
3.591196
3.599833
3.608555
3.617265
3.625920
3.634591
3.643303
3.651971
3.660590
3.669288
3.677902
3.686593
3.695123
3.703782
3.712467
3.721189
3.729676
3.738224
3.746844
3.755431
3.763948
3.772610
3.781077
3.789586
3.798226
3.806696
3.815205
3.823690
3.832289
3.840701
3.849411
3.857710
3.866126
3.874790
3.883087
3.891775
3.900164
3.908457
3.917113
3.925463
3.933882
3.942295
3.950758
3.959136
3.967566
3.976039
3.984509
3.992832
4.001386
4.009730
4.018155
4.026679
4.035058
4.043447
4.051899
4.060288
4.068680
4.077234
4.085605
4.094003
4.102398
4.110721
4.119221
4.127694
4.136080
4.144486
4.152962
4.161369
4.169923
4.178279
4.186605
4.195015
4.203530
4.211862
4.220308
4.228706
4.237077
4.245555
4.253980
4.262315
4.270731
4.279195
4.287566
4.295946
4.304323
4.312697
4.321140
4.329496
4.337789
4.346319
4.354633
4.362986
4.371366
4.379818
4.388030
4.396389
4.404802
4.413188
4.421577
4.429759
4.438262
4.446489
4.454824
4.463096
4.471413
4.479769
4.488089
4.496302
4.504717
4.512929
4.521183
4.529614
4.537788
4.545964
4.554263
4.562541
4.570682
4.579073
4.587202
4.595357
4.603650
4.611887
4.620039
4.628290
4.636508
4.644660
4.652962
4.660983
4.669141
4.677290
4.685496
4.693673
4.701870
4.709935
4.718063
4.726252
4.734419
4.742445
4.750643
4.758879
4.766878
4.775094
4.783252
4.791380
4.799500
4.807619
4.815816
4.823944
4.832039
4.840198
4.848449
4.856391
4.864736
4.872672
4.880842
4.888956
4.897081
4.905290
4.913275
4.921493
4.929561
4.937713
4.945863
4.953925
4.962048
4.970188
4.978193
4.986447
4.994447
5.002629
5.010739
5.018757
5.026921
5.034938
5.043010
5.051153
5.059230
5.067353
5.075460
5.083385
5.091660
5.099617
5.107695
5.115802
5.123837
5.131888
5.139962
5.147932
5.156021
5.164239
5.172020
5.180148
5.188121
5.196126
5.204201
5.212098
5.220059
5.228115
5.236126
5.244123
5.252146
5.259930
5.267972
5.275806
5.283842
5.291703
5.299619
5.307547
5.315354
5.323330
5.331113
5.339149
5.346852
5.354713
5.362536
5.370356
5.378151
5.386049
5.393908
5.401665
5.409368
5.417190
5.424953
5.432737
5.440491
5.448238
5.456010
5.463830
5.471545
5.479274
5.486995
5.494812
5.502347
5.510068
5.517822
5.525578
5.533138
5.540960
5.548471
5.556051
5.563880
5.571376
5.579211
5.586791
5.594416
5.602095
5.609776
5.617354
5.625072
5.632658
5.640271
5.647899
5.655586
5.663134
5.670785
5.678360
5.686065
5.693676
5.701264
5.708806
5.716392
5.724007
5.731581
5.739323
5.746778
5.754315
5.761950
5.769520
5.777056
5.784654
5.792087
5.799805
5.807274
5.814836
5.822290
5.829855
5.837435
5.844919
5.852469
5.859900
5.867362
5.874880
5.882394
5.889959
5.897389
5.904831
5.912315
5.919773
5.927200
5.934690
5.942225
5.949616
5.956993
5.964504
5.971838
5.979325
5.986773
5.994174
6.001532
6.008986
6.016237
6.023613
6.031148
6.038390
6.045781
6.053139
6.060429
6.067763
6.075022
6.082419
6.089715
6.097049
6.104321
6.111613
6.118878
6.126159
6.133428
6.140726
6.147949
6.155167
6.162474
6.169641
6.176784
6.183977
6.191212
6.198391
6.205620
6.212784
6.220077
6.227108
6.234427
6.241522
6.248674
6.255777
6.262887
6.270113
6.277274
0.001100
0.008341
0.015358
0.022494
0.029568
0.036705
0.043886
0.050969
0.058049
0.065218
0.072220
0.079294
0.086490
0.093603
0.100724
0.107723
0.114842
0.121901
0.128917
0.136090
0.143179
0.150195
0.157287
0.164442
0.171416
0.178556
0.185582
0.192664
0.199765
0.206788
0.213876
0.220854
0.227967
0.234906
0.242042
0.249044
0.256043
0.263156
0.270178
0.277243
0.284287
0.291250
0.298275
0.305349
0.312420
0.319487
0.326474
0.333473
0.340601
0.347531
0.354547
0.361543
0.368485
0.375445
0.382554
0.389640
0.396498
0.403434
0.410421
0.417482
0.424457
0.431417
0.438323
0.445247
0.452381
0.459173
0.466138
0.473209
0.480016
0.486961
0.493915
0.500803
0.507670
0.514722
0.521577
0.528495
0.535320
0.542259
0.549183
0.556089
0.562965
0.569829
0.576711
0.583539
0.590394
0.597342
0.604095
0.610938
0.617880
0.624621
0.631530
0.638313
0.645162
0.651870
0.658779
0.665589
0.672345
0.679251
0.685965
0.692748
0.699597
0.706251
0.713160
0.719826
0.726583
0.733330
0.740101
0.746812
0.753595
0.760333
0.767083
0.773815
0.780584
0.787247
0.793916
0.800627
0.807308
0.814112
0.820883
0.827508
0.834201
0.840936
0.847614
0.854358
0.861091
0.867715
0.874477
0.881179
0.887866
0.894553
0.901301
0.907970
0.914606
0.921350
0.927924
0.934662
0.941361
0.948036
0.954696
0.961398
0.968065
0.974794
0.981583
0.988261
0.994906
1.001665
1.008257
1.014926
1.021607
1.028303
1.034955
1.041741
1.048356
1.054992
1.061697
1.068337
1.074988
1.081684
1.088323
1.095050
1.101635
1.108376
1.114982
1.121714
1.128312
1.135017
1.141650
1.148301
1.154980
1.161607
1.168216
1.174915
1.181525
1.188149
1.194749
1.201421
1.208076
1.214694
1.221345
1.228006
1.234585
1.241215
1.247792
1.254422
1.261106
1.267643
1.274298
1.280928
1.287531
1.294087
1.300684
1.307242
1.313855
1.320410
1.326935
1.333578
1.340178
1.346718
1.353286
1.359898
1.366474
1.372970
1.379549
1.386104
1.392540
1.399269
1.405645
1.412188
1.418725
1.425236
1.431686
1.438278
1.444755
1.451305
1.457833
1.464296
1.470755
1.477346
1.483773
1.490196
1.496722
1.503301
1.509614
1.516157
1.522602
1.529091
1.535632
1.542013
1.548482
1.554977
1.561401
1.567830
1.574368
1.580677
1.587275
1.593605
1.600056
1.606509
1.612981
1.619440
1.625855
1.632383
1.638774
1.645287
1.651669
1.658164
1.664561
1.670996
1.677441
1.683856
1.690348
1.696724
1.703267
1.709652
1.716003
1.722466
1.728931
1.735373
1.741808
1.748208
1.754652
1.761043
1.767574
1.773923
1.780415
1.786875
1.793239
1.799611
1.806032
1.812554
1.818849
1.825335
1.831771
1.838149
1.844603
1.851029
1.857489
1.863909
1.870291
1.876721
1.883072
1.889496
1.895973
1.902283
1.908731
1.915142
1.921563
1.927869
1.934281
1.940710
1.947053
1.953480
1.959855
1.966129
1.972642
1.978961
1.985301
1.991736
1.998058
2.004383
2.010770
2.017095
2.023464
2.029810
2.036171
2.042495
2.048853
2.055148
2.061484
2.067857
2.074179
2.080456
2.086774
2.093048
2.099346
2.105679
2.111896
2.118206
2.124497
2.130774
2.137045
2.143352
2.149592
2.155740
2.162155
2.168285
2.174613
2.180808
2.187028
2.193296
2.199513
2.205670
2.211967
2.218145
2.224362
2.230534
2.236745
2.242934
2.249112
2.255323
2.261474
2.267658
2.273833
2.280035
2.286144
2.292363
2.298416
2.304569
2.310726
2.316823
2.322965
2.329215
2.335222
2.341274
2.347419
2.353522
2.359649
2.365722
2.371810
2.377934
2.384067
2.390107
2.396150
2.402280
2.408356
2.414435
2.420484
2.426545
2.432612
2.438691
2.444776
2.450861
2.456943
2.462923
2.468981
2.475126
2.481115
2.487161
2.493231
2.499247
2.505410
2.511423
2.517379
2.523524
2.529552
2.535550
2.541537
2.547637
2.553664
2.559669
2.565706
2.571740
2.577726
2.583787
2.589767
2.595738
2.601817
2.607848
2.613870
2.619853
2.625875
2.631814
2.637881
2.643891
2.649871
2.655896
2.661783
2.667820
2.673830
2.679784
2.685773
2.691819
2.697715
2.703710
2.709666
2.715619
2.721564
2.727541
2.733461
2.739417
2.745391
2.751299
2.757214
2.763248
2.769174
2.774995
2.780969
2.786880
2.792747
2.798787
2.804611
2.810585
2.816434
2.822351
2.828139
2.834158
2.840028
2.845861
2.851802
2.857623
2.863484
2.869362
2.875174
2.881029
2.886979
2.892746
2.898601
2.904440
2.910258
2.916076
2.921961
2.927764
2.933526
2.939335
2.945156
2.950924
2.956784
2.962467
2.968337
2.974092
2.979854
2.985585
2.991373
2.997204
3.002926
3.008723
3.014356
3.020177
3.025942
3.031580
3.037309
3.043076
3.048769
3.054524
3.060166
3.065843
3.071527
3.077222
3.082852
3.088601
3.094303
3.099989
3.105601
3.111231
3.117043
3.122559
3.128296
3.133833
3.139462
3.145155
3.150737
3.156426
3.162071
3.167718
3.173297
3.178986
3.184535
3.190177
3.195869
3.201331
3.207072
3.212632
3.218124
3.223864
3.229404
3.235016
3.240621
3.246191
3.251761
3.257363
3.262987
3.268572
3.274129
3.279717
3.285239
3.290946
3.296456
3.301990
3.307565
3.313183
3.318707
3.324235
3.329823
3.335387
3.340902
3.346517
3.352027
3.357566
3.363157
3.368655
3.374207
3.379815
3.385247
3.390817
3.396269
3.401887
3.407277
3.412927
3.418282
3.423884
3.429313
3.434883
3.440326
3.445863
3.451325
3.456820
3.462300
3.467719
3.473220
3.478688
3.484105
3.489552
3.495043
3.500451
3.505883
3.511321
3.516792
3.522164
3.527614
3.533024
3.538450
3.543891
3.549266
3.554713
3.560097
3.565502
3.570856
3.576284
3.581603
3.586965
3.592340
3.597682
3.603054
3.608339
3.613783
3.619002
3.624458
3.629755
3.635058
3.640400
3.645691
3.651033
3.656312
3.661636
3.666885
3.672173
3.677404
3.682662
3.687986
3.693206
3.698416
3.703719
3.708926
3.714097
3.719388
3.724544
3.729817
3.735036
3.740142
3.745433
3.750589
3.755781
3.760884
3.766055
3.771241
3.776442
3.781484
3.786718
3.791797
3.796935
3.802046
3.807199
3.812308
3.817389
3.822587
3.827633
3.832678
3.837918
3.842942
3.848003
3.853105
3.858225
3.863220
3.868352
3.873349
3.878425
3.883491
3.888546
3.893576
3.898654
3.903676
3.908730
3.913727
3.918698
3.923692
3.928758
3.933759
3.938792
3.943769
3.948769
3.953755
3.958785
3.963737
3.968759
3.973753
3.978697
3.983661
3.988713
3.993689
3.998653
4.003645
4.008511
4.013466
4.018485
4.023425
4.028359
4.033327
4.038229
4.043145
4.048136
4.053065
4.057966
4.062907
4.067788
4.072743
4.077662
4.082537
4.087427
4.092430
4.097287
4.102152
4.107036
4.111949
4.116818
4.121719
4.126594
4.131484
4.136349
4.141230
4.146104
4.151012
4.155904
4.160695
4.165588
4.170429
4.175247
4.180089
4.184987
4.189871
4.194683
4.199497
4.204360
4.209267
4.214031
4.218777
4.223792
4.228541
4.233325
4.238155
4.243024
4.247820
4.252623
4.257387
4.262177
4.267112
4.271786
4.276571
4.281406
4.286164
4.290961
4.295754
4.300521
4.305306
4.310084
4.314896
4.319633
4.324349
4.329092
4.333831
4.338571
4.343377
4.348093
4.352817
4.357608
4.362261
4.367024
4.371716
4.376390
4.381139
4.385849
4.390534
4.395173
4.399948
4.404577
4.409269
4.413853
4.418590
4.423299
4.427919
4.432533
4.437219
4.441830
4.446462
4.451175
4.455807
4.460463
4.465088
4.469660
4.474226
4.478963
4.483481
4.488011
4.492643
4.497248
4.501826
4.506383
4.510934
4.515515
4.520087
4.524590
4.529195
4.533737
4.538297
4.542770
4.547345
4.551878
4.556390
4.560905
4.565391
4.569876
4.574478
4.578864
4.583313
4.587864
4.592307
4.596786
4.601217
4.605723
4.610197
4.614649
4.619059
4.623517
4.627945
4.632346
4.636768
4.641212
4.645610
4.649975
4.654385
4.658811
4.663185
4.667649
4.671945
4.676295
4.680688
4.685029
4.689397
4.693715
4.698065
4.702442
4.706795
4.711050
4.715346
4.719708
4.724014
4.728343
4.732672
4.736963
4.741208
4.745597
4.749834
4.754139
4.758477
4.762711
4.767025
4.771288
4.775558
4.779803
4.784081
4.788420
4.792659
4.796971
4.801156
4.805438
4.809719
4.813931
4.818183
4.822443
4.826662
4.830907
4.835161
4.839365
4.843562
4.847796
4.851969
4.856203
4.860442
4.864583
4.868792
4.873013
4.877187
4.881382
4.885573
4.889729
4.893908
4.898090
4.902243
4.906411
4.910614
4.914763
4.918868
4.923038
4.927143
4.931287
4.935454
4.939601
4.943715
4.947804
4.951936
4.956037
4.960181
4.964339
4.968396
4.972528
4.976626
4.980758
4.984838
4.988856
4.992960
4.997002
5.001059
5.005113
5.009205
5.013241
5.017223
5.021315
5.025369
5.029336
5.033420
5.037401
5.041431
5.045407
5.049433
5.053433
5.057454
5.061441
5.065420
5.069435
5.073420
5.077393
5.081359
5.085353
5.089323
5.093287
5.097307
5.101229
5.105148
5.109103
5.113055
5.117064
5.120931
5.124865
5.128763
5.132643
5.136570
5.140511
5.144378
5.148258
5.152150
5.156060
5.159931
5.163823
5.167670
5.171565
5.175415
5.179295
5.183108
5.187033
5.190844
5.194709
5.198613
5.202331
5.206193
5.210025
5.213788
5.217587
5.221416
5.225191
5.228969
5.232801
5.236540
5.240270
5.244078
5.247778
5.251514
5.255280
5.259007
5.262722
5.266465
5.270177
5.273862
5.277607
5.281310
5.285007
5.288713
5.292368
5.296041
5.299727
5.303370
5.307043
5.310716
5.314332
5.317925
5.321538
5.325124
5.328822
5.332396
5.335988
5.339562
5.343152
5.346756
5.350363
5.353887
5.357449
5.361041
5.364562
5.368091
5.371662
5.375183
5.378688
5.382220
5.385735
5.389228
5.392736
5.396188
5.399765
5.403183
5.406707
5.410185
5.413655
5.417121
5.420585
5.424048
5.427428
5.430930
5.434322
5.437722
5.441153
5.444589
5.447989
5.451390
5.454791
5.458131
5.461595
5.464998
5.468381
5.471743
5.475089
5.478447
5.481896
5.485201
5.488535
5.491933
5.495283
5.498593
5.501904
5.505256
5.508570
5.511880
5.515206
5.518526
5.521833
5.525129
5.528404
5.531709
5.535025
5.538267
5.541560
5.544861
5.548112
5.551342
5.554694
5.557888
5.561193
5.564407
5.567655
5.570894
5.574169
5.577431
5.580679
5.583942
5.587135
5.590305
5.593577
5.596756
5.599946
5.603135
5.606316
5.609495
5.612695
5.615868
5.619092
5.622190
5.625386
5.628529
5.631774
5.634878
5.638032
5.641149
5.644312
5.647437
5.650583
5.653678
5.656779
5.659883
5.662996
5.666004
5.669120
5.672226
5.675324
5.678407
5.681451
5.684498
5.687596
5.690649
5.693711
5.696746
5.699766
5.702775
5.705827
5.708856
5.711906
5.714947
5.717947
5.720936
5.723938
5.726895
5.729963
5.732984
5.735940
5.738889
5.741906
5.744854
5.747817
5.750813
5.753695
5.756622
5.759664
5.762537
5.765566
5.768469
5.771480
5.774344
5.777265
5.780180
5.783144
5.786077
5.789010
5.791898
5.794834
5.797683
5.800625
5.803508
5.806378
5.809263
5.812157
5.815024
5.817835
5.820783
5.823629
5.826493
5.829394
5.832216
5.835053
5.837941
5.840758
5.843622
5.846474
5.849278
5.852118
5.854941
5.857757
5.860577
5.863438
5.866224
5.869071
5.871842
5.874622
5.877448
5.880285
5.883047
5.885824
5.888641
5.891355
5.894147
5.896940
5.899753
5.902518
5.905275
5.908037
5.910793
5.913526
5.916225
5.919009
5.921786
5.924512
5.927203
5.929908
5.932626
5.935373
5.938099
5.940805
5.943516
5.946204
5.948867
5.951531
5.954230
5.956933
5.959605
5.962281
5.964959
5.967617
5.970292
5.972911
5.975628
5.978271
5.980880
5.983499
5.986111
5.988757
5.991336
5.994021
5.996585
5.999207
6.001814
6.004390
6.006952
6.009588
6.012165
6.014757
6.017342
6.019895
6.022439
6.024997
6.027511
6.030097
6.032610
6.035154
6.037688
6.040193
6.042722
6.045241
6.047782
6.050263
6.052822
6.055338
6.057813
6.060285
6.062792
6.065264
6.067742
6.070247
6.072701
6.075199
6.077593
6.080050
6.082465
6.084966
6.087420
6.089847
6.092342
6.094737
6.097142
6.099572
6.101963
6.104404
6.106853
6.109252
6.111685
6.114109
6.116500
6.118885
6.121245
6.123633
6.126042
6.128493
6.130827
6.133191
6.135597
6.137969
6.140342
6.142724
6.145058
6.147407
6.149789
6.152105
6.154445
6.156761
6.159119
6.161458
6.163819
6.166142
6.168458
6.170794
6.173116
6.175435
6.177754
6.180088
6.182371
6.184726
6.187006
6.189298
6.191587
6.193849
6.196126
6.198415
6.200701
6.202990
6.205279
6.207592
6.209815
6.212086
6.214351
6.216562
6.218872
6.221101
6.223351
6.225595
6.227833
6.230095
6.232363
6.234574
6.236818
6.239027
6.241247
6.243461
6.245693
6.247886
6.250115
6.252341
6.254561
6.256739
6.258947
6.261119
6.263286
6.265500
6.267690
6.269889
6.272052
6.274233
6.276438
6.278586
6.280735
6.282883
0.001864
0.004024
0.006196
0.008332
0.010504
0.012676
0.014798
0.016946
0.019040
0.021161
0.023303
0.025431
0.027525
0.029637
0.031803
0.033867
0.036022
0.038137
0.040216
0.042325
0.044390
0.046511
0.048545
0.050660
0.052746
0.054846
0.056913
0.058983
0.061039
0.063115
0.065188
0.067208
0.069284
0.071345
0.073424
0.075510
0.077538
0.079602
0.081631
0.083668
0.085729
0.087745
0.089765
0.091781
0.093845
0.095859
0.097857
0.099880
0.101884
0.103936
0.105959
0.107954
0.109949
0.111978
0.113925
0.115917
0.117922
0.119932
0.121880
0.123878
0.125858
0.127866
0.129828
0.131791
0.133750
0.135694
0.137657
0.139625
0.141594
0.143553
0.145530
0.147520
0.149440
0.151397
0.153359
0.155277
0.157209
0.159145
0.161053
0.162970
0.164918
0.166838
0.168759
0.170709
0.172603
0.174562
0.176468
0.178367
0.180258
0.182169
0.184042
0.185944
0.187811
0.189689
0.191589
0.193509
0.195382
0.197272
0.199154
0.201023
0.202902
0.204771
0.206602
0.208460
0.210344
0.212181
0.214041
0.215932
0.217735
0.219587
0.221477
0.223290
0.225103
0.226918
0.228728
0.230547
0.232410
0.234241
0.236050
0.237857
0.239676
0.241506
0.243289
0.245101
0.246947
0.248724
0.250503
0.252319
0.254090
0.255872
0.257643
0.259432
0.261196
0.262994
0.264761
0.266547
0.268312
0.270124
0.271829
0.273609
0.275314
0.277063
0.278798
0.280566
0.282279
0.284047
0.285761
0.287529
0.289269
0.291001
0.292718
0.294449
0.296145
0.297862
0.299555
0.301274
0.302970
0.304675
0.306386
0.308055
0.309765
0.311488
0.313157
0.314847
0.316551
0.318208
0.319868
0.321513
0.323176
0.324868
0.326528
0.328185
0.329839
0.331514
0.333176
0.334845
0.336514
0.338138
0.339765
0.341395
0.342983
0.344621
0.346236
0.347851
0.349487
0.351114
0.352744
0.354353
0.355970
0.357579
0.359191
0.360794
0.362352
0.363940
0.365531
0.367107
0.368701
0.370256
0.371820
0.373396
0.374989
0.376556
0.378135
0.379732
0.381305
0.382869
0.384421
0.385946
0.387471
0.389020
0.390569
0.392094
0.393634
0.395162
0.396699
0.398233
0.399767
0.401304
0.402805
0.404327
0.405897
0.407407
0.408893
0.410373
0.411883
0.413363
0.414885
0.416377
0.417839
0.419325
0.420811
0.422294
0.423765
0.425272
0.426767
0.428250
0.429748
0.431204
0.432642
0.434081
0.435552
0.437023
0.438470
0.439914
0.441343
0.442793
0.444228
0.445663
0.447110
0.448567
0.450011
0.451467
0.452884
0.454274
0.455703
0.457120
0.458543
0.459937
0.461333
0.462738
0.464143
0.465533
0.466929
0.468338
0.469749
0.471181
0.472577
0.473958
0.475306
0.476691
0.478054
0.479435
0.480816
0.482176
0.483522
0.484855
0.486215
0.487563
0.488887
0.490254
0.491602
0.492995
0.494322
0.495671
0.497031
0.498373
0.499709
0.501031
0.502328
0.503637
0.504955
0.506244
0.507532
0.508847
0.510139
0.511445
0.512748
0.514042
0.515340
0.516652
0.517943
0.519252
0.520526
0.521808
0.523070
0.524346
0.525613
0.526859
0.528091
0.529346
0.530605
0.531845
0.533091
0.534347
0.535590
0.536824
0.538083
0.539383
0.540614
0.541849
0.543065
0.544288
0.545471
0.546669
0.547847
0.549048
0.550271
0.551472
0.552647
0.553851
0.555043
0.556230
0.557404
0.558588
0.559807
0.561015
0.562195
0.563384
0.564568
0.565739
0.566887
0.568022
0.569158
0.570305
0.571438
0.572597
0.573727
0.574883
0.576010
0.577160
0.578299
0.579419
0.580528
0.581645
0.582781
0.583910
0.585046
0.586175
0.587272
0.588369
0.589453
0.590547
0.591610
0.592713
0.593803
0.594888
0.595981
0.597084
0.598151
0.599229
0.600299
0.601368
0.602420
0.603487
0.604532
0.605602
0.606668
0.607726
0.608781
0.609844
0.610908
0.611933
0.612966
0.613967
0.615006
0.616046
0.617098
0.618122
0.619135
0.620151
0.621151
0.622152
0.623135
0.624129
0.625121
0.626107
0.627108
0.628126
0.629130
0.630137
0.631164
0.632171
0.633157
0.634142
0.635089
0.636048
0.637012
0.637962
0.638900
0.639877
0.640835
0.641791
0.642729
0.643664
0.644596
0.645539
0.646480
0.647418
0.648338
0.649269
0.650216
0.651172
0.652101
0.653047
0.653994
0.654923
0.655840
0.656745
0.657625
0.658527
0.659402
0.660295
0.661176
0.662072
0.662952
0.663839
0.664729
0.665592
0.666440
0.667300
0.668162
0.669013
0.669852
0.670700
0.671566
0.672426
0.673295
0.674179
0.675056
0.675931
0.676800
0.677663
0.678499
0.679329
0.680162
0.680986
0.681804
0.682612
0.683403
0.684218
0.685027
0.685839
0.686612
0.687421
0.688206
0.688997
0.689785
0.690558
0.691325
0.692101
0.692874
0.693650
0.694420
0.695208
0.695999
0.696802
0.697611
0.698414
0.699202
0.699972
0.700769
0.701536
0.702273
0.703007
0.703756
0.704496
0.705221
0.705979
0.706689
0.707441
0.708148
0.708852
0.709544
0.710257
0.710952
0.711641
0.712333
0.713019
0.713688
0.714386
0.715057
0.715746
0.716429
0.717115
0.717810
0.718526
0.719239
0.719943
0.720629
0.721325
0.722020
0.722721
0.723389
0.724063
0.724737
0.725387
0.726031
0.726690
0.727311
0.727937
0.728590
0.729225
0.729839
0.730468
0.731083
0.731685
0.732296
0.732895
0.733482
0.734088
0.734690
0.735271
0.735870
0.736473
0.737069
0.737662
0.738243
0.738830
0.739412
0.740002
0.740604
0.741203
0.741794
0.742387
0.743001
0.743597
0.744205
0.744805
0.745374
0.745970
0.746560
0.747124
0.747657
0.748193
0.748729
0.749266
0.749802
0.750317
0.750824
0.751333
0.751845
0.752328
0.752822
0.753334
0.753835
0.754323
0.754808
0.755300
0.755773
0.756250
0.756735
0.757232
0.757709
0.758182
0.758661
0.759126
0.759584
0.760040
0.760465
0.760938
0.761406
0.761858
0.762299
0.762772
0.763251
0.763725
0.764225
0.764716
0.765181
0.765663
0.766149
0.766613
0.767074
0.767551
0.768021
0.768500
0.768956
0.769396
0.769822
0.770235
0.770649
0.771044
0.771437
0.771826
0.772213
0.772590
0.772970
0.773333
0.773681
0.774028
0.774394
0.774747
0.775092
0.775448
0.775811
0.776173
0.776542
0.776907
0.777249
0.777605
0.777947
0.778295
0.778639
0.778981
0.779340
0.779691
0.780041
0.780389
0.780706
0.781021
0.781327
0.781632
0.781920
0.782228
0.782540
0.782834
0.783130
0.783424
0.783699
0.783981
0.784287
0.784595
0.784895
0.785209
0.785524
0.785851
0.786201
0.786549
0.786884
0.787232
0.787585
0.787930
0.788250
0.788577
0.788927
0.789278
0.789620
0.789946
0.790273
0.790584
0.790887
0.791169
0.791429
0.791702
0.791963
0.792208
0.792445
0.792673
0.792864
0.793059
0.793248
0.793425
0.793577
0.793730
0.793871
0.794012
0.794147
0.794266
0.794386
0.794491
0.794614
0.794716
0.794803
0.794908
0.795007
0.795090
0.795180
0.795255
0.795318
0.795393
0.795456
0.795507
0.795549
0.795597
0.795636
0.795672
0.795708
0.795729
0.795738
0.795756
0.795771
0.795783
0.795783
0.795783
0.795783
0.795783
0.795783
0.795783
0.795783
0.795783
0.795783
0.795783
0.795783
0.795783
0.795783
0.795783
0.795783
0.795783
0.795767
0.795714
0.795672
0.795627
0.795564
0.795519
0.795465
0.795414
0.795363
0.795306
0.795237
0.795180
0.795123
0.795060
0.794986
0.794926
0.794875
0.794821
0.794761
0.794698
0.794626
0.794563
0.794506
0.794431
0.794356
0.794284
0.794213
0.794138
0.794063
0.793979
0.793886
0.793805
0.793715
0.793619
0.793508
0.793407
0.793302
0.793176
0.793044
0.792900
0.792736
0.792568
0.792412
0.792244
0.792052
0.791876
0.791687
0.791489
0.791291
0.791100
0.790881
0.790686
0.790479
0.790273
0.790057
0.789850
0.789644
0.789431
0.789227
0.789017
0.788805
0.788613
0.788421
0.788241
0.788047
0.787870
0.787717
0.787561
0.787412
0.787268
0.787124
0.787001
0.786887
0.786779
0.786674
0.786603
0.786540
0.786483
0.786441
0.786411
0.786384
0.786366
0.786366
0.786366
0.786366
0.786366
0.786366
0.786366
0.786366
0.786366
0.786408
0.786501
0.786609
0.786716
0.786821
0.786932
0.787067
0.787202
0.787340
0.787474
0.787603
0.787747
0.787882
0.788014
0.788140
0.788274
0.788403
0.788532
0.788649
0.788757
0.788850
0.788960
0.789071
0.789173
0.789266
0.789371
0.789470
0.789563
0.789653
0.789730
0.789796
0.789862
0.789940
0.789994
0.790042
0.790099
0.790153
0.790198
0.790240
0.790276
0.790297
0.790327
0.790354
0.790375
0.790375
0.790387
0.790393
0.790393
0.790393
0.790393
0.790393
0.790393
0.790393
0.790393
0.790393
0.790393
0.790393
0.790393
0.790393
0.790393
0.790345
0.790303
0.790255
0.790207
0.790144
0.790099
0.790048
0.789994
0.789940
0.789889
0.789826
0.789769
0.789727
0.789686
0.789629
0.789596
0.789557
0.789515
0.789473
0.789431
0.789377
0.789338
0.789293
0.789242
0.789188
0.789137
0.789110
0.789077
0.789041
0.789005
0.788960
0.788936
0.788913
0.788886
0.788847
0.788826
0.788805
0.788781
0.788760
0.788730
0.788697
0.788676
0.788655
0.788643
0.788619
0.788610
0.788604
0.788598
0.788595
0.788595
0.788583
0.788574
0.788574
0.788574
0.788574
0.788574
0.788574
0.788574
0.788574
0.788574
0.788574
0.788574
0.788574
0.788574
0.788574
0.788574
0.788574
0.788574
0.788574
0.788574
0.788574
0.788574
0.788574
0.788574
0.788574
0.788574
0.788574
0.788574
0.788574
0.788574
0.788574
0.788574
0.788574
0.788574
0.788574
0.788574
0.788574
0.788574
0.788574
0.788574
0.788574
0.788574
0.788574
0.788574
0.788574
0.788574
0.788574
0.788574
0.788574
0.788574
0.788574
0.788574
0.788574
0.788574
0.788574
0.788574
0.788574
0.788574
0.788574
0.788574
0.788574
0.788574
0.788574
0.788574
0.788574
0.788574
0.788574
0.788574
0.788574
0.788574
0.788574
0.788574
0.788574
0.788574
0.788574
0.788574
0.788574
0.788574
0.788574
0.788574
0.788574
0.788574
0.788574
0.788574
0.788574
0.788574
0.788574
0.788574
0.788574
0.788574
0.788574
0.788574
0.788574
0.788574
0.788574
0.788574
0.788574
0.788574
0.788574
0.788574
0.788574