5.418625
5.418625
5.418625
5.418625
5.418625
5.418625
5.418625
5.418625
5.418625
5.418634
5.418754
5.418928
5.419165
5.419446
5.419767
5.420141
5.420591
5.421109
5.421687
5.422338
5.423045
5.423806
5.424638
5.425546
5.426568
5.427629
5.428782
5.429986
5.431266
5.432608
5.434040
5.435508
5.437090
5.438789
5.440533
5.442306
5.444158
5.446111
5.448124
5.450231
5.452421
5.454662
5.457008
5.459396
5.461843
5.464369
5.467018
5.469714
5.472512
5.475356
5.478289
5.481246
5.484356
5.487451
5.490674
5.493979
5.497383
5.500885
5.504382
5.507986
5.511602
5.515389
5.519164
5.523098
5.527080
5.531088
5.535232
5.539402
5.543669
5.547998
5.552390
5.556921
5.561468
5.566076
5.570750
5.575613
5.580364
5.585440
5.590434
5.595551
5.600729
5.605978
5.611299
5.616614
5.622211
5.627690
5.633317
5.639060
5.644789
5.650589
5.656599
5.662642
5.668613
5.674833
5.681065
5.687288
5.693678
5.700156
5.706684
5.713305
5.719897
5.726692
5.733541
5.740315
5.747296
5.754360
5.761527
5.768864
5.775992
5.783188
5.790433
5.797662
5.804931
5.812202
5.819602
5.826916
5.834181
5.841630
5.848838
5.856181
5.863596
5.870823
5.878133
5.885444
5.892616
5.899876
5.907288
5.914482
5.921774
5.929132
5.936536
5.943642
5.951085
5.958239
5.965538
5.972911
5.980161
5.987439
5.994728
6.001994
6.009223
6.016479
6.023700
6.030896
6.038066
6.045170
6.052426
6.059665
6.066864
6.073968
6.081125
6.088304
6.095438
6.102607
6.109879
6.116961
6.124089
6.131168
6.138236
6.145385
6.152476
6.159643
6.166708
6.173748
6.180846
6.187947
6.194877
6.202115
6.209093
6.216236
6.223177
6.230239
6.237253
6.244287
6.251319
6.258267
6.265317
6.272355
6.279261
0.003107
0.010091
0.017143
0.023953
0.030973
0.037882
0.044905
0.051853
0.058786
0.065677
0.072852
0.079620
0.086508
0.093582
0.100392
0.107466
0.114419
0.121283
0.128225
0.135239
0.142097
0.149069
0.155930
0.162881
0.169858
0.176824
0.183715
0.190612
0.197572
0.204418
0.211354
0.218293
0.225160
0.232066
0.239025
0.245895
0.252762
0.259686
0.266580
0.273471
0.280284
0.287259
0.294048
0.300978
0.307800
0.314715
0.321558
0.328350
0.335319
0.342153
0.348984
0.355979
0.362724
0.369519
0.376422
0.383291
0.389988
0.396852
0.403686
0.410511
0.417446
0.424212
0.430917
0.437832
0.444558
0.451476
0.458223
0.465090
0.471768
0.478671
0.485448
0.492189
0.498915
0.505725
0.512454
0.519199
0.525970
0.532741
0.539500
0.546151
0.552967
0.559642
0.566380
0.573101
0.579785
0.586535
0.593210
0.599921
0.606659
0.613335
0.619974
0.626685
0.633354
0.640038
0.646747
0.653335
0.659929
0.666602
0.673280
0.680021
0.686639
0.693248
0.699813
0.706506
0.713055
0.719677
0.726343
0.732889
0.739552
0.746108
0.752684
0.759285
0.765810
0.772404
0.779026
0.785665
0.792121
0.798719
0.805331
0.811865
0.818433
0.825042
0.831600
0.838111
0.844678
0.851266
0.857786
0.864374
0.870915
0.877434
0.884085
0.890617
0.897172
0.903629
0.910307
0.916772
0.923373
0.929868
0.936336
0.943006
0.949465
0.955985
0.962489
0.969068
0.975591
0.982155
0.988657
0.995185
1.001833
1.008281
1.014854
1.021412
1.027938
1.034412
1.040998
1.047454
1.053980
1.060544
1.067012
1.073598
1.080108
1.086652
1.093105
1.099583
1.106126
1.112717
1.119204
1.125753
1.132219
1.138759
1.145335
1.151738
1.158275
1.164732
1.171224
1.177753
1.184269
1.190717
1.197215
1.203669
1.210266
1.216707
1.223146
1.229587
1.236125
1.242578
1.249017
1.255509
1.262017
1.268449
1.274873
1.281365
1.287846
1.294221
1.300747
1.307128
1.313579
1.319993
1.326489
1.332945
1.339261
1.345837
1.352093
1.358586
1.365003
1.371490
1.377793
1.384262
1.390638
1.397034
1.403470
1.409854
1.416215
1.422641
1.428975
1.435348
1.441771
1.448051
1.454474
1.460841
1.467190
1.473613
1.479854
1.486254
1.492494
1.498906
1.505261
1.511597
1.517970
1.524229
1.530574
1.536899
1.543200
1.549572
1.555855
1.562093
1.568516
1.574727
1.581097
1.587358
1.593635
1.600080
1.606264
1.612573
1.618880
1.625220
1.631508
1.637773
1.644089
1.650434
1.656720
1.663003
1.669343
1.675616
1.681959
1.688272
1.694530
1.700879
1.707186
1.713466
1.719733
1.726175
1.732305
1.738596
1.744978
1.751252
1.757508
1.763856
1.770184
1.776482
1.782743
1.789044
1.795351
1.801618
1.807874
1.814172
1.820515
1.826761
1.833041
1.839342
1.845640
1.851922
1.858220
1.864461
1.870785
1.877014
1.883294
1.889475
1.895841
1.902121
1.908350
1.914678
1.920838
1.927198
1.933418
1.939620
1.945858
1.952161
1.958396
1.964622
1.970884
1.977139
1.983326
1.989627
1.995808
2.001965
2.008301
2.014467
2.020696
2.026988
2.033055
2.039401
2.045557
2.051795
2.057928
2.064157
2.070353
2.076525
2.082717
2.088892
2.095106
2.101320
2.107336
2.113544
2.119773
2.125873
2.131970
2.138148
2.144280
2.150413
2.156546
2.162646
2.168764
2.174939
2.180991
2.187139
2.193230
2.199327
2.205364
2.211476
2.217534
2.223607
2.229689
2.235723
2.241757
2.247893
2.253849
2.259895
2.266022
2.272035
2.278063
2.284127
2.290075
2.296184
2.302164
2.308111
2.314115
2.320164
2.326096
2.332067
2.338089
2.344132
2.350041
2.356012
2.361983
2.367978
2.373952
2.379905
2.385873
2.391907
2.397801
2.403766
2.409734
2.415654
2.421598
2.427608
2.433541
2.439530
2.445405
2.451322
2.457299
2.463184
2.469131
2.475072
2.481034
2.486978
2.492851
2.498813
2.504718
2.510689
2.516558
2.522551
2.528420
2.534349
2.540242
2.546180
2.552113
2.557967
2.563989
2.569825
2.575691
2.581600
2.587511
2.593386
2.599277
2.605200
2.611015
2.616959
2.622951
2.628716
2.634621
2.640535
2.646420
2.652217
2.658095
2.663958
2.669819
2.675724
2.681623
2.687483
2.693368
2.699252
2.705016
2.710891
2.716668
2.722543
2.728377
2.734231
2.740115
2.745900
2.751716
2.757489
2.763397
2.769174
2.774998
2.780849
2.786605
2.792411
2.798230
2.804063
2.809800
2.815604
2.821353
2.827142
2.833008
2.838703
2.844474
2.850307
2.855961
2.861770
2.867543
2.873296
2.879015
2.884762
2.890490
2.896255
2.901983
2.907729
2.913380
2.919129
2.924864
2.930509
2.936243
2.941909
2.947595
2.953309
2.959013
2.964688
2.970335
2.975986
2.981732
2.987422
2.992991
2.998612
3.004325
3.009913
3.015561
3.021217
3.026808
3.032467
3.038031
3.043607
3.049293
3.054863
3.060561
3.066062
3.071764
3.077294
3.082882
3.088431
3.094096
3.099609
3.105191
3.110703
3.116282
3.121819
3.127358
3.132925
3.138423
3.144043
3.149583
3.155054
3.160639
3.166148
3.171646
3.177174
3.182666
3.188196
3.193775
3.199168
3.204687
3.210232
3.215757
3.221261
3.226714
3.232235
3.237715
3.243354
3.248747
3.254223
3.259739
3.265249
3.270681
3.276151
3.281637
3.287168
3.292561
3.298056
3.303560
3.309018
3.314477
3.319909
3.325386
3.330937
3.336342
3.341750
3.347224
3.352644
3.358106
3.363609
3.368936
3.374419
3.379884
3.385238
3.390724
3.396087
3.401563
3.406947
3.412496
3.417778
3.423306
3.428651
3.434038
3.439529
3.444871
3.450279
3.455591
3.461041
3.466458
3.471812
3.477214
3.482607
3.487964
3.493342
3.498675
3.504008
3.509371
3.514715
3.520084
3.525471
3.530756
3.536113
3.541455
3.546734
3.552058
3.557415
3.562730
3.567982
3.573312
3.578591
3.583910
3.589174
3.594417
3.599699
3.605029
3.610236
3.615497
3.620833
3.626034
3.631256
3.636442
3.641709
3.646925
3.652201
3.657358
3.662607
3.667865
3.672931
3.678267
3.683403
3.688610
3.693763
3.699009
3.704093
3.709279
3.714460
3.719571
3.724721
3.729841
3.734988
3.740127
3.745247
3.750361
3.755479
3.760581
3.765677
3.770848
3.775951
3.781020
3.786116
3.791180
3.796249
3.801318
3.806358
3.811394
3.816511
3.821575
3.826569
3.831626
3.836711
3.841711
3.846714
3.851784
3.856748
3.861785
3.866779
3.871720
3.876810
3.881858
3.886781
3.891727
3.896725
3.901713
3.906666
3.911666
3.916600
3.921541
3.926556
3.931524
3.936479
3.941417
3.946366
3.951235
3.956190
3.961122
3.966044
3.971000
3.975806
3.980767
3.985698
3.990570
3.995600
4.000445
4.005359
4.010251
4.015180
4.020066
4.024962
4.029923
4.034846
4.039681
4.044583
4.049473
4.054338
4.059234
4.064093
4.068938
4.073857
4.078729
4.083577
4.088448
4.093314
4.098162
4.103018
4.107893
4.112767
4.117642
4.122445
4.127370
4.132119
4.136984
4.141802
4.146709
4.151455
4.156270
4.161115
4.165902
4.170789
4.175622
4.180400
4.185275
4.190119
4.194826
4.199632
4.204480
4.209261
4.214031
4.218888
4.223645
4.228433
4.233218
4.237999
4.242757
4.247569
4.252287
4.257078
4.261866
4.266612
4.271364
4.276178
4.280951
4.285652
4.290394
4.295146
4.299868
4.304688
4.309267
4.314111
4.318815
4.323549
4.328274
4.333035
4.337753
4.342418
4.347164
4.351912
4.356643
4.361311
4.365964
4.370701
4.375383
4.380043
4.384749
4.389441
4.394073
4.398765
4.403441
4.408106
4.412741
4.417418
4.422068
4.426742
4.431368
4.435991
4.440665
4.445365
4.449878
4.454459
4.459174
4.463737
4.468318
4.472941
4.477510
4.482109
4.486687
4.491241
4.495837
4.500445
4.505017
4.509496
4.514197
4.518646
4.523149
4.527700
4.532260
4.536721
4.541269
4.545745
4.550323
4.554781
4.559290
4.563734
4.568213
4.572779
4.577207
4.581695
4.586150
4.590671
4.595174
4.599543
4.604010
4.608474
4.612881
4.617303
4.621776
4.626184
4.630645
4.635118
4.639423
4.643872
4.648279
4.652708
4.657097
4.661456
4.665914
4.670277
4.674597
4.679052
4.683465
4.687809
4.692139
4.696549
4.700878
4.705193
4.709537
4.713926
4.718216
4.722558
4.726914
4.731222
4.735567
4.739878
4.744204
4.748491
4.752824
4.757120
4.761446
4.765737
4.770045
4.774389
4.778707
4.782979
4.787278
4.791593
4.795826
4.800236
4.804458
4.808745
4.813015
4.817314
4.821511
4.825831
4.830143
4.834329
4.838598
4.842819
4.847068
4.851379
4.855583
4.859843
4.864097
4.868337
4.872531
4.876735
4.880953
4.885169
4.889369
4.893518
4.897770
4.901970
4.906150
4.910378
4.914488
4.918721
4.922823
4.927122
4.931236
4.935427
4.939610
4.943852
4.947960
4.952175
4.956277
4.960402
4.964606
4.968714
4.972839
4.977006
4.981099
4.985258
4.989398
4.993482
4.997602
5.001715
5.005867
5.009987
5.014089
5.018178
5.022277
5.026388
5.030507
5.034546
5.038669
5.042785
5.046878
5.050916
5.054970
5.059053
5.063101
5.067164
5.071292
5.075319
5.079376
5.083394
5.087492
5.091453
5.095459
5.099527
5.103470
5.107497
5.111575
5.115601
5.119538
5.123598
5.127609
5.131540
5.135558
5.139573
5.143558
5.147551
5.151518
5.155503
5.159470
5.163367
5.167382
5.171262
5.175202
5.179148
5.183129
5.187021
5.190910
5.194853
5.198757
5.202672
5.206538
5.210400
5.214294
5.218225
5.222066
5.225922
5.229751
5.233703
5.237442
5.241358
5.245136
5.248968
5.252902
5.256659
5.260527
5.264307
5.268121
5.271929
5.275791
5.279566
5.283341
5.287168
5.290918
5.294705
5.298466
5.302172
5.305935
5.309742
5.313404
5.317170
5.320951
5.324606
5.328396
5.332081
5.335862
5.339530
5.343254
5.346966
5.350660
5.354318
5.357988
5.361622
5.365370
5.369026
5.372696
5.376324
5.379952
5.383619
5.387275
5.390879
5.394498
5.398168
5.401733
5.405377
5.409005
5.412600
5.416165
5.419779
5.423368
5.426939
5.430526
5.434097
5.437593
5.441206
5.444772
5.448340
5.451906
5.455396
5.458931
5.462455
5.466005
5.469603
5.473031
5.476545
5.480044
5.483601
5.487100
5.490561
5.494081
5.497536
5.501032
5.504510
5.507956
5.511434
5.514850
5.518271
5.521765
5.525231
5.528695
5.532056
5.535525
5.538926
5.542347
5.545844
5.549214
5.552636
5.556076
5.559488
5.562894
5.566289
5.569665
5.573084
5.576499
5.579867
5.583241
5.586611
5.589940
5.593319
5.596669
5.600013
5.603428
5.606748
5.610094
5.613459
5.616845
5.620182
5.623502
5.626815
5.630123
5.633488
5.636858
5.640127
5.643419
5.646727
5.650038
5.653316
5.656626
5.659925
5.663190
5.666462
5.669758
5.673036
5.676322
5.679555
5.682821
5.686146
5.689388
5.692651
5.695922
5.699107
5.702355
5.705612
5.708829
5.712095
5.715307
5.718507
5.721706
5.724984
5.728196
5.731384
5.734607
5.737786
5.740953
5.744192
5.747338
5.750502
5.753692
5.756805
5.760005
5.763187
5.766381
5.769524
5.772684
5.775806
5.778952
5.782107
5.785235
5.788339
5.791523
5.794582
5.797729
5.800823
5.803918
5.807055
5.810195
5.813221
5.816286
5.819471
5.822503
5.825631
5.828692
5.831760
5.834823
5.837884
5.840964
5.844041
5.847097
5.850156
5.853185
5.856194
5.859241
5.862311
5.865325
5.868369
5.871368
5.874382
5.877355
5.880402
5.883445
5.886415
5.889429
5.892410
5.895397
5.898453
5.901407
5.904412
5.907396
5.910311
5.913316
5.916309
5.919287
5.922205
5.925171
5.928102
5.931044
5.934040
5.936988
5.939930
5.942887
5.945817
5.948724
5.951632
5.954563
5.957511
5.960450
5.963356
5.966295
5.969157
5.972075
5.974945
5.977896
5.980769
5.983652
5.986558
5.989410
5.992277
5.995219
5.998093
6.000936
6.003773
6.006655
6.009499
6.012363
6.015170
6.018064
6.020907
6.023685
6.026546
6.029371
6.032191
6.035031
6.037841
6.040702
6.043462
6.046275
6.049061
6.051899
6.054703
6.057454
6.060258
6.063038
6.065783
6.068542
6.071367
6.074132
6.076871
6.079627
6.082372
6.085122
6.087882
6.090623
6.093373
6.096115
6.098829
6.101564
6.104285
6.107017
6.109737
6.112446
6.115119
6.117833
6.120535
6.123217
6.125922
6.128661
6.131330
6.134012
6.136675
6.139327
6.141972
6.144720
6.147317
6.149999
6.152629
6.155281
6.157923
6.160572
6.163244
6.165872
6.168511
6.171145
6.173775
6.176397
6.178988
6.181631
6.184240
6.186832
6.189454
6.192054
6.194613
6.197222
6.199808
6.202433
6.205033
6.207628
6.210186
6.212766
6.215361
6.217919
6.220511
6.223111
6.225682
6.228199
6.230796
6.233343
6.235914
6.238484
6.241010
6.243550
6.246094
6.248608
6.251140
6.253674
6.256242
6.258768
6.261317
6.263840
6.266375
6.268888
6.271384
6.273886
6.276417
6.278892
6.281391
0.000728
0.003254
0.005752
0.008260
0.010744
0.013198
0.015711
0.018219
0.020667
0.023189
0.025634
0.028112
0.030602
0.033061
0.035506
0.037960
0.040420
0.042916
0.045351
0.047796
0.050256
0.052740
0.055196
0.057620
0.060056
0.062498
0.064943
0.067372
0.069775
0.072199
0.074641
0.077101
0.079479
0.081903
0.084291
0.086730
0.089175
0.091577
0.093968
0.096383
0.098765
0.101180
0.103574
0.105941
0.108337
0.110743
0.113107
0.115510
0.117877
0.120259
0.122638
0.125019
0.127383
0.129741
0.132126
0.134487
0.136845
0.139233
0.141564
0.143958
0.146330
0.148676
0.150986
0.153338
0.155663
0.157970
0.160346
0.162683
0.165041
0.167390
0.169694
0.172043
0.174329
0.176641
0.178984
0.181285
0.183613
0.185935
0.188245
0.190522
0.192817
0.195127
0.197437
0.199756
0.202012
0.204286
0.206572
0.208921
0.211174
0.213451
0.215776
0.218089
0.220312
0.222631
0.224869
0.227116
0.229384
0.231655
0.233929
0.236218
0.238465
0.240703
0.242959
0.245209
0.247429
0.249688
0.251947
0.254188
0.256426
0.258673
0.260912
0.263165
0.265346
0.267599
0.269780
0.272015
0.274238
0.276485
0.278732
0.280940
0.283160
0.285374
0.287532
0.289764
0.291915
0.294105
0.296334
0.298557
0.300735
0.302955
0.305133
0.307294
0.309478
0.311629
0.313807
0.315997
0.318154
0.320338
0.322510
0.324692
0.326861
0.329021
0.331139
0.333293
0.335435
0.337563
0.339693
0.341877
0.343971
0.346143
0.348301
0.350425
0.352531
0.354658
0.356749
0.358877
0.361010
0.363152
0.365264
0.367337
0.369471
0.371598
0.373698
0.375774
0.377848
0.379921
0.382021
0.384130
0.386207
0.388304
0.390413
0.392516
0.394563
0.396660
0.398724
0.400773
0.402859
0.404914
0.406966
0.409022
0.411071
0.413117
0.415175
0.417234
0.419265
0.421308
0.423349
0.425356
0.427390
0.429383
0.431444
0.433487
0.435513
0.437541
0.439587
0.441601
0.443596
0.445585
0.447545
0.449600
0.451590
0.453588
0.455595
0.457600
0.459580
0.461590
0.463607
0.465596
0.467535
0.469554
0.471510
0.473464
0.475465
0.477416
0.479399
0.481349
0.483327
0.485286
0.487276
0.489199
0.491102
0.493106
0.495005
0.496983
0.498903
0.500833
0.502780
0.504785
0.506666
0.508605
0.510519
0.512460
0.514348
0.516256
0.518165
0.520097
0.521991
0.523908
0.525826
0.527734
0.529637
0.531560
0.533481
0.535326
0.537205
0.539059
0.540953
0.542855
0.544716
0.546586
0.548452
0.550388
0.552236
0.554106
0.555954
0.557836
0.559696
0.561560
0.563399
0.565272
0.567135
0.568966
0.570818
0.572654
0.574482
0.576324
0.578164
0.579992
0.581825
0.583668
0.585504
0.587347
0.589165
0.591002
0.592797
0.594612
0.596413
0.598220
0.600023
0.601842
0.603639
0.605449
0.607238
0.609044
0.610815
0.612607
0.614377
0.616154
0.617943
0.619725
0.621547
0.623318
0.625079
0.626835
0.628588
0.630352
0.632132
0.633867
0.635598
0.637336
0.639074
0.640826
0.642591
0.644347
0.646079
0.647828
0.649557
0.651274
0.653002
0.654710
0.656454
0.658156
0.659890
0.661571
0.663306
0.664993
0.666712
0.668432
0.670128
0.671812
0.673540
0.675194
0.676896
0.678586
0.680261
0.681944
0.683670
0.685294
0.686966
0.688638
0.690315
0.691984
0.693662
0.695310
0.696964
0.698617
0.700265
0.701904
0.703582
0.705212
0.706860
0.708528
0.710152
0.711797
0.713436
0.715060
0.716687
0.718322
0.719922
0.721549
0.723164
0.724776
0.726388
0.728015
0.729597
0.731209
0.732829
0.734429
0.736020
0.737644
0.739229
0.740835
0.742426
0.743987
0.745548
0.747124
0.748699
0.750251
0.751827
0.753394
0.754982
0.756576
0.758143
0.759704
0.761259
0.762796
0.764357
0.765900
0.767395
0.768947
0.770529
0.772042
0.773624
0.775131
0.776671
0.778208
0.779733
0.781276
0.782789
0.784338
0.785860
0.787361
0.788874
0.790378
0.791855
0.793386
0.794872
0.796355
0.797868
0.799384
0.800873
0.802398
0.803908
0.805376
0.806844
0.808324
0.809795
0.811266
0.812713
0.814196
0.815703
0.817168
0.818621
0.820074
0.821525
0.822987
0.824443
0.825920
0.827361
0.828826
0.830228
0.831672
0.833113
0.834527
0.835978
0.837407
0.838836
0.840259
0.841685
0.843105
0.844528
0.845972
0.847390
0.848822
0.850236
0.851641
0.853022
0.854391
0.855781
0.857199
0.858613
0.860024
0.861426
0.862825
0.864185
0.865537
0.866912
0.868263
0.869641
0.871043
0.872416
0.873794
0.875154
0.876499
0.877820
0.879205
0.880592
0.881949
0.883339
0.884669
0.886027
0.887354
0.888657
0.890002
0.891318
0.892684
0.894035
0.895371
0.896669
0.897996
0.899284
0.900582
0.901906
0.903233
0.904575
0.905888
0.907194
0.908497
0.909788
0.911056
0.912350
0.913665
0.914981
0.916272
0.917545
0.918816
0.920107
0.921395
0.922639
0.923915
0.925224
0.926464
0.927750
0.928996
0.930225
0.931465
0.932705
0.933952
0.935204
0.936465
0.937727
0.938991
0.940234
0.941445
0.942658
0.943896
0.945100
0.946295
0.947527
0.948782
0.949992
0.951179
0.952377
0.953594
0.954786
0.955934
0.957144
0.958372
0.959553
0.960760
0.961983
0.963205
0.964386
0.965560
0.966725
0.967888
0.969095
0.970231
0.971375
0.972580
0.973727
0.974857
0.975986
0.977146
0.978275
0.979414
0.980564
0.981751
0.982940
0.984046
0.985208
0.986353
0.987521
0.988630
0.989714
0.990850
0.991961
0.993073
0.994166
0.995281
0.996386
0.997456
0.998562
0.999673
1.000755
1.001851
1.002963
1.004089
1.005186
1.006261
1.007364
1.008484
1.009572
1.010624
1.011660
1.012742
1.013814
1.014872
1.015915
1.017008
1.018075
1.019112
1.020133
1.021185
1.022212
1.023243
1.024268
1.025340
1.026416
1.027465
1.028504
1.029550
1.030613
1.031641
1.032621
1.033645
1.034688
1.035698
1.036674
1.037711
1.038757
1.039769
1.040752
1.041723
1.042717
1.043718
1.044647
1.045600
1.046585
1.047601
1.048587
1.049572
1.050585
1.051610
1.052592
1.053533
1.054516
1.055502
1.056445
1.057383
1.058366
1.059325
1.060280
1.061230
1.062156
1.063106
1.064019
1.064924
1.065841
1.066734
1.067642
1.068585
1.069556
1.070497
1.071408
1.072345
1.073286
1.074233
1.075117
1.076019
1.076944
1.077867
1.078775
1.079683
1.080573
1.081459
1.082340
1.083221
1.084111
1.084977
1.085825
1.086667
1.087559
1.088422
1.089225
1.090058
1.090951
1.091817
1.092641
1.093489
1.094373
1.095256
1.096113
1.096958
1.097821
1.098711
1.099553
1.100371
1.101224
1.102051
1.102851
1.103651
1.104439
1.105260
1.106057
1.106803
1.107600
1.108397
1.109173
1.109952
1.110731
1.111528
1.112313
1.113101
1.113853
1.114629
1.115429
1.116199
1.116957
1.117739
1.118548
1.119330
1.120103
1.120876
1.121643
1.122398
1.123159
1.123890
1.124645
1.125397
1.126134
1.126850
1.127557
1.128261
1.128956
1.129660
1.130373
1.131074
1.131745
1.132434
1.133168
1.133855
1.134514
1.135200
1.135892
1.136590
1.137255
1.137941
1.138648
1.139364
1.140050
1.140742
1.141449
1.142163
1.142822
1.143490
1.144176
1.144883
1.145539
1.146192
1.146857
1.147534
1.148173
1.148778
1.149380
1.150027
1.150674
1.151280
1.151858
1.152502
1.153122
1.153715
1.154267
1.154872
1.155486
1.156073
1.156636
1.157239
1.157847
1.158461
1.159009
1.159591
1.160196
1.160768
1.161310
1.161868
1.162494
1.163108
1.163692
1.164294
1.164909
1.165517
1.166089
1.166676
1.167300
1.167902
1.168477
1.169049
1.169621
1.170170
1.170673
1.171188
1.171743
1.172285
1.172761
1.173229
1.173792
1.174334
1.174799
1.175278
1.175784
1.176342
1.176815
1.177264
1.177735
1.178253
1.178738
1.179185
1.179640
1.180126
1.180617
1.181045
1.181492
1.181965
1.182409
1.182840
1.183283
1.183748
1.184185
1.184638
1.185081
1.185554
1.186037
1.186501
1.186963
1.187457
1.187927
1.188383
1.188844
1.189341
1.189830
1.190294
1.190750
1.191223
1.191663
1.192068
1.192469
1.192901
1.193317
1.193716
1.194096
1.194498
1.194887
1.195253
1.195591
1.195969
1.196334
1.196664
1.196978
1.197347
1.197712
1.198060
1.198402
1.198755
1.199097
1.199408
1.199720
1.200052
1.200382
1.200702
1.201017
1.201356
1.201700
1.202024
1.202308
1.202620
1.202941
1.203243
1.203516
1.203818
1.204139
1.204427
1.204687
1.204951
1.205233
1.205502
1.205754
1.206002
1.206257
1.206539
1.206784
1.207024
1.207300
1.207605
1.207875
1.208142
1.208426
1.208735
1.209028
1.209298
1.209583
1.209909
1.210239
1.210541
1.210814
1.211126
1.211464
1.211779
1.212054
1.212348
1.212681
1.212998
1.213289
1.213571
1.213873
1.214173
1.214433
1.214658
1.214889
1.215140
1.215362
1.215566
1.215767
1.215982
1.216162
1.216330
1.216495
1.216656
1.216824
1.216977
1.217115
1.217253
1.217394
1.217522
1.217618
1.217726
1.217834
1.217936
1.218017
1.218113
1.218214
1.218298
1.218364
1.218433
1.218499
1.218562
1.218625
1.218679
1.218727
1.218787
1.218826
1.218856
1.218895
1.218922
1.218936
1.218957
1.218981
1.219002
1.219005
1.219014
1.219017
1.219035
1.219041
1.219041
1.219041
1.219041
1.219041
1.219041
1.219041
1.219041
1.219041
1.219041
1.219041
1.219041
1.219041
1.219041
1.219041
1.219041
1.219041
1.219041
1.219041
1.219029
1.218990
1.218946
1.218895
1.218850
1.218799
1.218748
1.218685
1.218637
1.218586
1.218544
1.218490
1.218430
1.218370
1.218319
1.218265
1.218208
1.218145
1.218083
1.218026
1.217960
1.217888
1.217813
1.217729
1.217648
1.217582
1.217513
1.217430
1.217358
1.217280
1.217214
1.217142
1.217061
1.216959
1.216863
1.216770
1.216674
1.216558
1.216447
1.216330
1.216213
1.216090
1.215949
1.215800
1.215665
1.215518
1.215368
1.215203
1.215036
1.214877
1.214712
1.214535
1.214362
1.214170
1.213990
1.213807
1.213630
1.213439
1.213262
1.213085
1.212908
1.212726
1.212555
1.212369
1.212201
1.212049
1.211887
1.211719
1.211569
1.211422
1.211282
1.211138
1.210997
1.210844
1.210718
1.210593
1.210482
1.210362
1.210248
1.210167
1.210104
1.210038
1.209969
1.209909
1.209876
1.209840
1.209808
1.209778
1.209778
1.209769
1.209763
1.209763
1.209763
1.209763
1.209763
1.209763
1.209763
1.209763
1.209763
1.209790
1.209888
1.209978
1.210059
1.210128
1.210215
1.210311
1.210398
1.210491
1.210598
1.210703
1.210805
1.210913
1.211012
1.211105
1.211207
1.211308
1.211410
1.211494
1.211590
1.211686
1.211779
1.211866
1.211938
1.212013
1.212108
1.212198
1.212282
1.212357
1.212426
1.212507
1.212591
1.212666
1.212738
1.212795
1.212860
1.212926
1.212998
1.213043
1.213082
1.213133
1.213184
1.213235
1.213268
1.213283
1.213316
1.213358
1.213385
1.213391
1.213412
1.213433
1.213445
1.213451
1.213451
1.213451
1.213451
1.213451
1.213451
1.213451
1.213451
1.213451
1.213451
1.213451
1.213451
1.213451
1.213451
1.213451
1.213451
1.213451
1.213451
1.213451
1.213412
1.213367
1.213328
1.213280
1.213238
1.213202
1.213172
1.213130
1.213103
1.213073
1.213049
1.213028
1.212995
1.212956
1.212926
1.212917
1.212893
1.212863
1.212845
1.212834
1.212816
1.212798
1.212783
1.212765
1.212759
1.212756
1.212753
1.212750
1.212750
1.212750
1.212750
1.212750
1.212750
1.212750
1.212750
1.212750
1.212750
1.212750
1.212750
1.212750
1.212750
1.212750
1.212750
1.212750
1.212750
1.212750
1.212750
1.212750
1.212750
1.212750
1.212750
1.212750
1.212750
1.212750
1.212750
1.212750
1.212750
1.212750
1.212750
1.212750
1.212750
1.212750
1.212750
1.212750
1.212750
1.212750
1.212750
1.212750
1.212750
1.212750
1.212750
1.212750
1.212750
1.212750
1.212750
1.212750
1.212750
1.212750
1.212750
1.212750
1.212750
1.212750
1.212750
1.212750
1.212750
1.212750
1.212750
1.212750
1.212750
1.212750
1.212750
1.212750
1.212750
1.212750
1.212750
1.212750
1.212750
1.212750
1.212750
1.212750
1.212750
1.212750
1.212750
1.212750
1.212750
1.212750
1.212750
1.212750
1.212750
1.212750
1.212750
1.212750
1.212750
1.212750
1.212750
1.212750
1.212750
1.212750
1.212750
1.212750
1.212750
1.212750
1.212750
1.212750
1.212750
1.212750
1.212750