5.129991
5.129991
5.129991
5.129991
5.129991
5.129991
5.129991
5.129991
5.129991
5.130054
5.130198
5.130426
5.130710
5.131037
5.131429
5.131888
5.132421
5.133053
5.133757
5.134548
5.135390
5.136292
5.137280
5.138365
5.139522
5.140765
5.142083
5.143467
5.144912
5.146374
5.147920
5.149585
5.151317
5.153088
5.154963
5.156854
5.158897
5.160997
5.163146
5.165369
5.167706
5.170045
5.172556
5.175052
5.177710
5.180367
5.183174
5.186015
5.188933
5.191947
5.194943
5.198149
5.201318
5.204632
5.207988
5.211424
5.214879
5.218489
5.222108
5.225802
5.229613
5.233529
5.237364
5.241382
5.245430
5.249573
5.253809
5.258162
5.262459
5.266854
5.271381
5.275971
5.280591
5.285370
5.290077
5.295032
5.299975
5.304970
5.310063
5.315187
5.320487
5.325738
5.331131
5.336545
5.342133
5.347667
5.353416
5.359088
5.364882
5.370739
5.376701
5.382787
5.388835
5.395001
5.401308
5.407561
5.413975
5.420444
5.426954
5.433573
5.440299
5.447043
5.453880
5.460732
5.467641
5.474646
5.481731
5.488595
5.495618
5.502611
5.509657
5.516701
5.523787
5.530735
5.537817
5.544912
5.551923
5.559042
5.566085
5.573042
5.580184
5.587237
5.594200
5.601208
5.608284
5.615382
5.622471
5.629467
5.636493
5.643584
5.650568
5.657627
5.664677
5.671720
5.678782
5.685709
5.692887
5.699838
5.706897
5.713923
5.720882
5.727875
5.734970
5.741873
5.748806
5.755819
5.762713
5.769721
5.776726
5.783704
5.790606
5.797594
5.804580
5.811471
5.818389
5.825409
5.832309
5.839332
5.846112
5.853024
5.860103
5.866928
5.873855
5.880746
5.887673
5.894555
5.901476
5.908331
5.915269
5.922143
5.929016
5.935862
5.942810
5.949598
5.956498
5.963311
5.970193
5.976997
5.983867
5.990591
5.997406
6.004333
6.010991
6.017872
6.024587
6.031412
6.038096
6.044945
6.051635
6.058358
6.065174
6.071954
6.078609
6.085389
6.092031
6.098880
6.105513
6.112125
6.118903
6.125590
6.132187
6.138880
6.145588
6.152228
6.158933
6.165674
6.172340
6.178974
6.185577
6.192243
6.198790
6.205519
6.211993
6.218740
6.225361
6.231947
6.238433
6.245096
6.251649
6.258192
6.264783
6.271303
6.277867
0.001282
0.007826
0.014468
0.020930
0.027435
0.033963
0.040588
0.047029
0.053563
0.060158
0.066650
0.073305
0.079779
0.086286
0.092827
0.099391
0.105908
0.112445
0.119033
0.125496
0.132051
0.138541
0.145000
0.151570
0.158000
0.164504
0.171054
0.177516
0.184006
0.190546
0.197027
0.203513
0.210006
0.216549
0.223029
0.229537
0.236011
0.242450
0.248933
0.255435
0.261813
0.268336
0.274834
0.281294
0.287771
0.294225
0.300654
0.307174
0.313672
0.320060
0.326534
0.333036
0.339423
0.345907
0.352393
0.358817
0.365240
0.371667
0.378177
0.384454
0.391045
0.397325
0.403793
0.410172
0.416569
0.423040
0.429377
0.435857
0.442200
0.448570
0.454969
0.461375
0.467723
0.474099
0.480502
0.486862
0.493169
0.499595
0.505890
0.512239
0.518590
0.525008
0.531213
0.537690
0.543922
0.550280
0.556589
0.562887
0.569188
0.575524
0.581798
0.588102
0.594433
0.600610
0.606986
0.613293
0.619504
0.625837
0.632066
0.638316
0.644619
0.650941
0.657086
0.663342
0.669550
0.675859
0.681992
0.688305
0.694417
0.700694
0.706931
0.713061
0.719368
0.725612
0.731724
0.737908
0.744116
0.750299
0.756528
0.762682
0.768788
0.775002
0.781255
0.787340
0.793613
0.799659
0.805828
0.812006
0.818193
0.824218
0.830453
0.836598
0.842650
0.848855
0.855065
0.861144
0.867319
0.873455
0.879621
0.885718
0.891899
0.897993
0.904111
0.910313
0.916428
0.922543
0.928691
0.934767
0.940908
0.947098
0.953228
0.959316
0.965512
0.971585
0.977706
0.983902
0.989957
0.996117
1.002262
1.008359
1.014435
1.020622
1.026668
1.032830
1.038930
1.045033
1.051226
1.057290
1.063402
1.069538
1.075662
1.081723
1.087844
1.093959
1.100050
1.106144
1.112247
1.118383
1.124420
1.130550
1.136608
1.142759
1.148832
1.154935
1.161080
1.167057
1.173217
1.179212
1.185390
1.191412
1.197509
1.203567
1.209622
1.215728
1.221768
1.227865
1.233881
1.239978
1.245991
1.252061
1.258152
1.264165
1.270202
1.276293
1.282342
1.288430
1.294431
1.300441
1.306421
1.312503
1.318543
1.324556
1.330593
1.336622
1.342671
1.348708
1.354583
1.360671
1.366702
1.372700
1.378650
1.384687
1.390646
1.396612
1.402562
1.408542
1.414486
1.420529
1.426485
1.432373
1.438395
1.444324
1.450232
1.456227
1.462210
1.468145
1.474090
1.480070
1.485963
1.491961
1.497791
1.503679
1.509629
1.515567
1.521526
1.527452
1.533313
1.539320
1.545159
1.551043
1.556919
1.562881
1.568654
1.574661
1.580518
1.586364
1.592344
1.598198
1.604065
1.609943
1.615842
1.621726
1.627578
1.633471
1.639421
1.645239
1.651178
1.657020
1.662910
1.668791
1.674706
1.680548
1.686471
1.692355
1.698192
1.704091
1.709897
1.715778
1.721735
1.727505
1.733356
1.739253
1.745095
1.750964
1.756854
1.762721
1.768524
1.774561
1.780290
1.786183
1.792058
1.797918
1.803743
1.809675
1.815466
1.821362
1.827205
1.832966
1.838866
1.844741
1.850502
1.856407
1.862265
1.868083
1.873934
1.879798
1.885562
1.891401
1.897271
1.903116
1.908967
1.914804
1.920574
1.926404
1.932282
1.938005
1.943904
1.949669
1.955556
1.961335
1.967148
1.972978
1.978736
1.984609
1.990343
1.996134
2.001947
2.007705
2.013530
2.019321
2.025058
2.030868
2.036662
2.042391
2.048158
2.053958
2.059717
2.065433
2.071198
2.076938
2.082709
2.088407
2.094105
2.099795
2.105643
2.111258
2.117064
2.122754
2.128446
2.134181
2.139900
2.145662
2.151282
2.157056
2.162679
2.168378
2.174034
2.179703
2.185401
2.191037
2.196729
2.202380
2.208051
2.213681
2.219305
2.224997
2.230609
2.236166
2.241973
2.247534
2.253160
2.258733
2.264389
2.270019
2.275657
2.281185
2.286824
2.292349
2.297969
2.303590
2.309078
2.314669
2.320224
2.325784
2.331414
2.336999
2.342526
2.348099
2.353633
2.359257
2.364691
2.370354
2.375813
2.381388
2.386910
2.392477
2.397909
2.403526
2.409036
2.414591
2.420088
2.425544
2.431123
2.436711
2.442148
2.447646
2.453150
2.458693
2.464134
2.469643
2.475111
2.480618
2.486151
2.491628
2.497150
2.502645
2.508148
2.513577
2.519153
2.524612
2.530059
2.535571
2.541012
2.546495
2.551987
2.557470
2.563012
2.568345
2.573852
2.579365
2.584728
2.590193
2.595741
2.601143
2.606620
2.612067
2.617573
2.622912
2.628452
2.633863
2.639283
2.644706
2.650117
2.655519
2.661046
2.666469
2.671844
2.677210
2.682732
2.688110
2.693485
2.698964
2.704378
2.709762
2.715233
2.720551
2.725911
2.731346
2.736682
2.742084
2.747437
2.752818
2.758229
2.763580
2.768904
2.774276
2.779663
2.784972
2.790389
2.795791
2.801061
2.806433
2.811769
2.817141
2.822483
2.827726
2.833020
2.838458
2.843704
2.849058
2.854319
2.859655
2.864985
2.870219
2.875603
2.880870
2.886143
2.891410
2.896668
2.902022
2.907280
2.912562
2.917814
2.923099
2.928300
2.933568
2.938817
2.944051
2.949339
2.954585
2.959774
2.964999
2.970311
2.975560
2.980695
2.985935
2.991119
2.996314
3.001536
3.006785
3.011881
3.017151
3.022275
3.027470
3.032611
3.037824
3.042984
3.048182
3.053341
3.058518
3.063650
3.068768
3.073996
3.079059
3.084296
3.089371
3.094483
3.099624
3.104696
3.109852
3.114967
3.120114
3.125234
3.130286
3.135370
3.140514
3.145622
3.150680
3.155791
3.160863
3.165927
3.171026
3.176092
3.181135
3.186228
3.191306
3.196342
3.201463
3.206520
3.211545
3.216620
3.221635
3.226735
3.231882
3.236891
3.241865
3.247054
3.251991
3.257049
3.262109
3.267112
3.272182
3.277230
3.282260
3.287336
3.292321
3.297328
3.302352
3.307400
3.312455
3.317419
3.322441
3.327450
3.332480
3.337514
3.342484
3.347464
3.352455
3.357423
3.362558
3.367504
3.372412
3.377466
3.382446
3.387470
3.392390
3.397432
3.402357
3.407325
3.412283
3.417245
3.422170
3.427129
3.432090
3.437013
3.441977
3.446876
3.451801
3.456754
3.461700
3.466551
3.471494
3.476381
3.481309
3.486262
3.491112
3.496002
3.500901
3.505766
3.510644
3.515566
3.520396
3.525298
3.530130
3.534999
3.539855
3.544688
3.549587
3.554368
3.559222
3.564067
3.568902
3.573708
3.578505
3.583334
3.588143
3.592919
3.597697
3.602530
3.607324
3.612087
3.616914
3.621660
3.626456
3.631175
3.635993
3.640733
3.645496
3.650230
3.654982
3.659701
3.664479
3.669123
3.673875
3.678588
3.683280
3.687984
3.692681
3.697400
3.702104
3.706766
3.711431
3.716105
3.720751
3.725422
3.730138
3.734743
3.739354
3.744016
3.748645
3.753241
3.757887
3.762453
3.767118
3.771777
3.776364
3.780882
3.785529
3.790080
3.794673
3.799272
3.803832
3.808407
3.813000
3.817518
3.822060
3.826623
3.831150
3.835629
3.840279
3.844725
3.849276
3.853821
3.858306
3.862857
3.867363
3.871854
3.876360
3.880870
3.885310
3.889798
3.894382
3.898786
3.903286
3.907777
3.912241
3.916693
3.921137
3.925663
3.930104
3.934565
3.939026
3.943505
3.947969
3.952376
3.956858
3.961236
3.965637
3.970086
3.974553
3.978961
3.983386
3.987796
3.992248
3.996733
4.001071
4.005511
4.009924
4.014404
4.018718
4.023179
4.027517
4.031928
4.036323
4.040670
4.045059
4.049458
4.053838
4.058164
4.062577
4.066925
4.071308
4.075607
4.080005
4.084415
4.088784
4.093050
4.097401
4.101784
4.106116
4.110415
4.114745
4.119077
4.123418
4.127745
4.132008
4.136343
4.140711
4.144981
4.149247
4.153574
4.157918
4.162223
4.166474
4.170789
4.175064
4.179381
4.183612
4.187866
4.192217
4.196486
4.200698
4.204929
4.209201
4.213567
4.217839
4.221997
4.226261
4.230578
4.234824
4.239048
4.243326
4.247551
4.251790
4.256000
4.260206
4.264413
4.268697
4.272892
4.277062
4.281286
4.285475
4.289742
4.293969
4.298130
4.302337
4.306591
4.310714
4.314905
4.319088
4.323300
4.327477
4.331638
4.335776
4.339973
4.344147
4.348260
4.352422
4.356601
4.360781
4.364894
4.369035
4.373148
4.377265
4.381451
4.385543
4.389618
4.393753
4.397893
4.402016
4.406087
4.410135
4.414237
4.418398
4.422451
4.426532
4.430631
4.434637
4.438732
4.442786
4.446815
4.450899
4.454974
4.458994
4.463030
4.467069
4.471084
4.475101
4.479086
4.483160
4.487131
4.491166
4.495154
4.499156
4.503132
4.507147
4.511099
4.515078
4.519098
4.522990
4.527044
4.530945
4.534930
4.538893
4.542758
4.546710
4.550749
4.554614
4.558578
4.562475
4.566385
4.570313
4.574247
4.578130
4.582064
4.585994
4.589853
4.593724
4.597649
4.601532
4.605373
4.609253
4.613123
4.616947
4.620823
4.624680
4.628520
4.632380
4.636238
4.640028
4.643881
4.647689
4.651530
4.655356
4.659167
4.662945
4.666786
4.670522
4.674321
4.678138
4.681931
4.685661
4.689460
4.693232
4.697010
4.700782
4.704533
4.708293
4.712041
4.715816
4.719517
4.723298
4.726971
4.730731
4.734422
4.738164
4.741900
4.745651
4.749277
4.752980
4.756758
4.760425
4.764191
4.767807
4.771555
4.775189
4.778949
4.782568
4.786260
4.789882
4.793591
4.797204
4.800952
4.804551
4.808221
4.811891
4.815558
4.819150
4.822809
4.826485
4.830080
4.833774
4.837367
4.840968
4.844629
4.848182
4.851843
4.855469
4.859013
4.862629
4.866258
4.869793
4.873427
4.877040
4.880611
4.884222
4.887775
4.891367
4.894951
4.898519
4.902040
4.905643
4.909173
4.912732
4.916250
4.919815
4.923368
4.926895
4.930424
4.933929
4.937435
4.940979
4.944530
4.948032
4.951573
4.955076
4.958497
4.962018
4.965505
4.969001
4.972492
4.975979
4.979427
4.982915
4.986378
4.989857
4.993335
4.996793
5.000274
5.003698
5.007141
5.010548
5.014020
5.017478
5.020908
5.024323
5.027661
5.031067
5.034516
5.037901
5.041332
5.044717
5.048100
5.051453
5.054877
5.058236
5.061663
5.065058
5.068392
5.071748
5.075112
5.078447
5.081818
5.085182
5.088511
5.091839
5.095159
5.098470
5.101808
5.105166
5.108489
5.111796
5.115116
5.118409
5.121728
5.125021
5.128314
5.131588
5.134917
5.138162
5.141427
5.144732
5.147955
5.151245
5.154532
5.157780
5.161060
5.164272
5.167493
5.170785
5.173988
5.177230
5.180469
5.183669
5.186886
5.190071
5.193256
5.196450
5.199730
5.202885
5.206034
5.209237
5.212389
5.215610
5.218812
5.221970
5.225140
5.228289
5.231441
5.234569
5.237702
5.240809
5.243934
5.247065
5.250178
5.253315
5.256413
5.259451
5.262552
5.265665
5.268706
5.271816
5.274934
5.277987
5.281023
5.284096
5.287164
5.290217
5.293306
5.296353
5.299293
5.302372
5.305357
5.308364
5.311441
5.314420
5.317370
5.320379
5.323360
5.326356
5.329361
5.332276
5.335281
5.338211
5.341124
5.344137
5.347013
5.349932
5.352910
5.355834
5.358725
5.361629
5.364585
5.367492
5.370422
5.373307
5.376162
5.379033
5.381933
5.384818
5.387661
5.390525
5.393357
5.396224
5.399067
5.401901
5.404759
5.407600
5.410389
5.413202
5.416040
5.418826
5.421633
5.424465
5.427257
5.430049
5.432827
5.435562
5.438351
5.441126
5.443903
5.446653
5.449428
5.452148
5.454881
5.457640
5.460345
5.463123
5.465870
5.468558
5.471281
5.474001
5.476719
5.479463
5.482183
5.484877
5.487541
5.490219
5.492900
5.495606
5.498281
5.501005
5.503668
5.506377
5.508977
5.511659
5.514301
5.516980
5.519604
5.522310
5.524896
5.527529
5.530171
5.532793
5.535427
5.538087
5.540715
5.543279
5.545907
5.548570
5.551114
5.553777
5.556390
5.558960
5.561567
5.564192
5.566747
5.569309
5.571907
5.574468
5.577102
5.579604
5.582204
5.584739
5.587294
5.589829
5.592444
5.594988
5.597547
5.600130
5.602580
5.605145
5.607679
5.610220
5.612749
5.615260
5.617752
5.620242
5.622744
5.625209
5.627708
5.630228
5.632706
5.635183
5.637697
5.640127
5.642578
5.645067
5.647506
5.649996
5.652464
5.654901
5.657324
5.659787
5.662205
5.664635
5.667073
5.669509
5.671897
5.674315
5.676693
5.679102
5.681547
5.683890
5.686305
5.688711
5.691069
5.693399
5.695766
5.698110
5.700461
5.702846
5.705210
5.707583
5.709920
5.712233
5.714588
5.716913
5.719226
5.721557
5.723876
5.726197
5.728510
5.730824
5.733091
5.735384
5.737667
5.739923
5.742208
5.744515
5.746768
5.749027
5.751313
5.753558
5.755828
5.758097
5.760329
5.762576
5.764855
5.767022
5.769290
5.771513
5.773748
5.775959
5.778194
5.780420
5.782613
5.784848
5.787026
5.789214
5.791416
5.793627
5.795796
5.798016
5.800158
5.802366
5.804542
5.806705
5.808871
5.810989
5.813143
5.815297
5.817461
5.819609
5.821772
5.823929
5.826062
5.828201
5.830359
5.832489
5.834631
5.836743
5.838861
5.841001
5.843131
5.845225
5.847307
5.849443
5.851508
5.853635
5.855723
5.857820
5.859911
5.862000
5.864112
5.866209
5.868252
5.870326
5.872396
5.874469
5.876554
5.878586
5.880680
5.882727
5.884764
5.886846
5.888880
5.890914
5.892973
5.895001
5.897042
5.899115
5.901131
5.903193
5.905179
5.907207
5.909194
5.911219
5.913226
5.915227
5.917238
5.919228
5.921253
5.923248
5.925220
5.927236
5.929213
5.931190
5.933168
5.935166
5.937129
5.939094
5.941062
5.943040
5.945000
5.946944
5.948862
5.950809
5.952777
5.954719
5.956672
5.958613
5.960522
5.962458
5.964387
5.966287
5.968189
5.970100
5.972006
5.973899
5.975808
5.977689
5.979595
5.981488
5.983355
5.985233
5.987070
5.988955
5.990836
5.992702
5.994560
5.996445
5.998281
6.000121
6.001960
6.003800
6.005592
6.007437
6.009247
6.011098
6.012917
6.014750
6.016551
6.018355
6.020153
6.021923
6.023721
6.025500
6.027301
6.029093
6.030875
6.032622
6.034423
6.036170
6.037934
6.039684
6.041395
6.043132
6.044873
6.046605
6.048339
6.050080
6.051800
6.053516
6.055254
6.056947
6.058649
6.060359
6.062058
6.063754
6.065438
6.067131
6.068797
6.070477
6.072116
6.073800
6.075418
6.077065
6.078734
6.080397
6.082057
6.083753
6.085401
6.087039
6.088655
6.090290
6.091920
6.093514
6.095180
6.096753
6.098356
6.099979
6.101570
6.103218
6.104803
6.106397
6.108003
6.109612
6.111179
6.112755
6.114334
6.115907
6.117474
6.119037
6.120580
6.122141
6.123687
6.125224
6.126797
6.128379
6.129937
6.131462
6.133008
6.134545
6.136046
6.137607
6.139123
6.140663
6.142194
6.143707
6.145196
6.146727
6.148234
6.149744
6.151257
6.152767
6.154268
6.155733
6.157240
6.158711
6.160215
6.161719
6.163238
6.164721
6.166180
6.167643
6.169107
6.170581
6.172056
6.173530
6.174986
6.176457
6.177925
6.179348
6.180795
6.182263
6.183677
6.185145
6.186614
6.188046
6.189466
6.190895
6.192306
6.193726
6.195173
6.196626
6.198031
6.199451
6.200871
6.202301
6.203688
6.205105
6.206486
6.207915
6.209297
6.210684
6.212080
6.213461
6.214842
6.216250
6.217611
6.218977
6.220394
6.221757
6.223156
6.224532
6.225877
6.227222
6.228588
6.229954
6.231320
6.232690
6.234029
6.235362
6.236711
6.238032
6.239371
6.240704
6.242062
6.243403
6.244752
6.246061
6.247386
6.248719
6.250037
6.251346
6.252679
6.253986
6.255298
6.256604
6.257893
6.259196
6.260490
6.261775
6.263076
6.264364
6.265640
6.266947
6.268253
6.269535
6.270793
6.272070
6.273349
6.274629
6.275911
6.277163
6.278425
6.279680
6.280938
6.282182
0.000228
0.001477
0.002732
0.003991
0.005237
0.006474
0.007712
0.008934
0.010163
0.011418
0.012616
0.013845
0.015076
0.016290
0.017494
0.018707
0.019900
0.021101
0.022309
0.023504
0.024688
0.025904
0.027093
0.028289
0.029493
0.030683
0.031884
0.033076
0.034242
0.035416
0.036570
0.037732
0.038877
0.040048
0.041193
0.042337
0.043482
0.044620
0.045756
0.046912
0.048039
0.049186
0.050355
0.051499
0.052638
0.053785
0.054900
0.056023
0.057156
0.058270
0.059358
0.060472
0.061572
0.062651
0.063747
0.064835
0.065925
0.067013
0.068097
0.069179
0.070278
0.071357
0.072448
0.073538
0.074629
0.075713
0.076783
0.077876
0.078940
0.079998
0.081016
0.082074
0.083123
0.084186
0.085214
0.086265
0.087299
0.088333
0.089366
0.090385
0.091398
0.092413
0.093435
0.094475
0.095502
0.096536
0.097552
0.098588
0.099598
0.100641
0.101611
0.102615
0.103601
0.104598
0.105605
0.106576
0.107570
0.108529
0.109518
0.110498
0.111447
0.112418
0.113365
0.114315
0.115279
0.116256
0.117200
0.118179
0.119153
0.120121
0.121095
0.122065
0.123033
0.123995
0.124912
0.125828
0.126736
0.127659
0.128579
0.129502
0.130418
0.131353
0.132264
0.133169
0.134071
0.134972
0.135859
0.136755
0.137657
0.138553
0.139454
0.140377
0.141291
0.142217
0.143116
0.144011
0.144886
0.145785
0.146666
0.147520
0.148386
0.149261
0.150114
0.150998
0.151840
0.152712
0.153551
0.154396
0.155238
0.156083
0.156900
0.157715
0.158557
0.159399
0.160223
0.161050
0.161862
0.162707
0.163549
0.164385
0.165209
0.166065
0.166901
0.167731
0.168555
0.169358
0.170146
0.170928
0.171722
0.172489
0.173280
0.174053
0.174841
0.175629
0.176399
0.177160
0.177918
0.178676
0.179452
0.180222
0.180980
0.181732
0.182499
0.183230
0.183973
0.184719
0.185468
0.186232
0.187014
0.187772
0.188518
0.189291
0.190028
0.190774
0.191511
0.192236
0.192928
0.193656
0.194351
0.195049
0.195747
0.196442
0.197132
0.197815
0.198495
0.199172
0.199831
0.200490
0.201179
0.201868
0.202536
0.203213
0.203894
0.204559
0.205221
0.205865
0.206515
0.207162
0.207815
0.208478
0.209137
0.209826
0.210503
0.211156
0.211821
0.212483
0.213139
0.213790
0.214443
0.215090
0.215692
0.216309
0.216920
0.217541
0.218137
0.218724
0.219302
0.219887
0.220459
0.221037
0.221603
0.222197
0.222778
0.223362
0.223943
0.224512
0.225067
0.225621
0.226193
0.226745
0.227293
0.227844
0.228386
0.228950
0.229495
0.230061
0.230600
0.231173
0.231733
0.232305
0.232868
0.233447
0.234025
0.234594
0.235160
0.235721
0.236281
0.236817
0.237351
0.237869
0.238378
0.238891
0.239406
0.239912
0.240407
0.240898
0.241383
0.241881
0.242360
0.242830
0.243289
0.243762
0.244230
0.244688
0.245158
0.245599
0.246039
0.246489
0.246950
0.247396
0.247834
0.248274
0.248727
0.249164
0.249604
0.250036
0.250455
0.250875
0.251297
0.251723
0.252118
0.252547
0.252966
0.253388
0.253814
0.254251
0.254677
0.255135
0.255594
0.256043
0.256492
0.256942
0.257403
0.257859
0.258320
0.258766
0.259201
0.259629
0.260055
0.260456
0.260858
0.261262
0.261652
0.262029
0.262398
0.262763
0.263114
0.263467
0.263812
0.264159
0.264489
0.264821
0.265148
0.265466
0.265795
0.266110
0.266415
0.266730
0.267068
0.267398
0.267719
0.268048
0.268360
0.268680
0.268986
0.269292
0.269585
0.269903
0.270205
0.270499
0.270790
0.271077
0.271359
0.271631
0.271898
0.272150
0.272395
0.272647
0.272905
0.273156
0.273393
0.273642
0.273896
0.274130
0.274361
0.274589
0.274813
0.275038
0.275275
0.275511
0.275736
0.275994
0.276248
0.276494
0.276755
0.277018
0.277282
0.277564
0.277851
0.278145
0.278426
0.278717
0.279014
0.279307
0.279589
0.279868
0.280140
0.280437
0.280730
0.281009
0.281279
0.281551
0.281842
0.282121
0.282390
0.282654
0.282897
0.283127
0.283355
0.283568
0.283771
0.283972
0.284164
0.284344
0.284514
0.284664
0.284799
0.284931
0.285084
0.285207
0.285320
0.285434
0.285551
0.285647
0.285737
0.285821
0.285890
0.285950
0.286022
0.286078
0.286123
0.286177
0.286219
0.286252
0.286282
0.286306
0.286324
0.286351
0.286369
0.286378
0.286378
0.286381
0.286384
0.286384
0.286384
0.286384
0.286384
0.286384
0.286384
0.286384
0.286384
0.286384
0.286384
0.286384
0.286384
0.286360
0.286294
0.286231
0.286177
0.286111
0.286036
0.285965
0.285893
0.285821
0.285743
0.285653
0.285554
0.285467
0.285368
0.285272
0.285168
0.285063
0.284943
0.284829
0.284703
0.284559
0.284413
0.284266
0.284110
0.283951
0.283777
0.283607
0.283436
0.283268
0.283091
0.282909
0.282714
0.282543
0.282369
0.282190
0.282007
0.281833
0.281662
0.281491
0.281315
0.281132
0.280946
0.280772
0.280617
0.280455
0.280296
0.280143
0.279996
0.279853
0.279718
0.279583
0.279439
0.279304
0.279188
0.279077
0.278972
0.278882
0.278792
0.278720
0.278654
0.278591
0.278534
0.278495
0.278468
0.278447
0.278435
0.278435
0.278435
0.278435
0.278435
0.278435
0.278435
0.278435
0.278435
0.278435
0.278435
0.278435
0.278510
0.278597
0.278684
0.278774
0.278858
0.278954
0.279065
0.279173
0.279274
0.279382
0.279493
0.279598
0.279703
0.279793
0.279880
0.279975
0.280077
0.280170
0.280260
0.280356
0.280449
0.280548
0.280641
0.280730
0.280805
0.280892
0.280973
0.281039
0.281102
0.281165
0.281243
0.281318
0.281384
0.281453
0.281512
0.281572
0.281638
0.281692
0.281749
0.281809
0.281866
0.281914
0.281962
0.282001
0.282025
0.282049
0.282082
0.282100
0.282112
0.282136
0.282157
0.282166
0.282169
0.282181
0.282181
0.282181
0.282181
0.282181
0.282181
0.282181
0.282181
0.282181
0.282181
0.282181
0.282181
0.282181
0.282181
0.282181
0.282181
0.282181
0.282181
0.282181
0.282166
0.282130
0.282094
0.282064
0.282037
0.282007
0.281971
0.281944
0.281917
0.281896
0.281869
0.281845
0.281812
0.281788
0.281779
0.281764
0.281749
0.281749
0.281749
0.281746
0.281743
0.281731
0.281719
0.281719
0.281719
0.281719
0.281707
0.281707
0.281707
0.281707
0.281707
0.281707
0.281707
0.281707
0.281707
0.281707
0.281707
0.281707
0.281707
0.281707
0.281707
0.281707
0.281707
0.281707
0.281707
0.281707
0.281707
0.281707
0.281707
0.281707
0.281707
0.281707
0.281707
0.281707
0.281707
0.281707
0.281707
0.281707
0.281707
0.281707
0.281707
0.281707
0.281707
0.281707
0.281707
0.281707
0.281707
0.281707
0.281707
0.281707
0.281707
0.281707
0.281707
0.281707
0.281707
0.281707
0.281707
0.281707
0.281707
0.281707
0.281707
0.281707
0.281707
0.281707
0.281707
0.281707
0.281707
0.281707
0.281707
0.281707
0.281707
0.281707
0.281707
0.281707
0.281707
0.281707
0.281707
0.281707
0.281707
0.281707
0.281707
0.281707
0.281707
0.281707
0.281707
0.281707
0.281707
0.281707
0.281707
0.281707
0.281707
0.281707
0.281707
0.281707
0.281707
0.281707
0.281707
0.281707
0.281707
0.281707
0.281707
0.281707
0.281707
0.281707
0.281707
0.281707