0.281707
0.281707
0.281707
0.281707
0.281707
0.281707
0.281707
0.281707
0.281707
0.281800
0.282040
0.282315
0.282606
0.282963
0.283397
0.283882
0.284446
0.285066
0.285755
0.286504
0.287313
0.288194
0.289137
0.290228
0.291357
0.292562
0.293835
0.295189
0.296604
0.298096
0.299654
0.301337
0.303027
0.304837
0.306670
0.308579
0.310604
0.312641
0.314835
0.317049
0.319350
0.321720
0.324140
0.326696
0.329291
0.331999
0.334704
0.337575
0.340424
0.343381
0.346500
0.349589
0.352756
0.356015
0.359335
0.362709
0.366271
0.369818
0.373458
0.377177
0.380910
0.384748
0.388717
0.392696
0.396813
0.400953
0.405139
0.409417
0.413827
0.418222
0.422729
0.427298
0.431965
0.436732
0.441538
0.446376
0.451299
0.456413
0.461483
0.466738
0.471951
0.477248
0.482611
0.488058
0.493534
0.499212
0.504847
0.510681
0.516451
0.522425
0.528340
0.534398
0.540480
0.546675
0.552901
0.559247
0.565628
0.572103
0.578694
0.585250
0.592003
0.598714
0.605482
0.612445
0.619447
0.626397
0.633516
0.640773
0.647957
0.655151
0.662434
0.669631
0.676902
0.684182
0.691433
0.698719
0.706102
0.713325
0.720719
0.727928
0.735364
0.742606
0.749958
0.757301
0.764579
0.771736
0.779052
0.786357
0.793610
0.800978
0.808279
0.815577
0.822825
0.830171
0.837482
0.844717
0.852042
0.859335
0.866705
0.874025
0.881260
0.888489
0.895869
0.903167
0.910418
0.917734
0.925059
0.932313
0.939668
0.946916
0.954193
0.961431
0.968736
0.976013
0.983473
0.990544
0.997804
1.005234
1.012397
1.019720
1.027060
1.034328
1.041654
1.048871
1.056203
1.063516
1.070880
1.077954
1.085246
1.092611
1.099861
1.107145
1.114401
1.121649
1.128932
1.136293
1.143472
1.150743
1.157976
1.165220
1.172608
1.179796
1.187011
1.194246
1.201466
1.208807
1.215928
1.223284
1.230489
1.237686
1.245014
1.252274
1.259434
1.266718
1.273974
1.281132
1.288406
1.295606
1.302856
1.310038
1.317258
1.324329
1.331669
1.338791
1.346005
1.353220
1.360407
1.367538
1.374743
1.381901
1.389086
1.396399
1.403524
1.410624
1.417812
1.424879
1.432154
1.439251
1.446319
1.453489
1.460643
1.467744
1.474884
1.482011
1.489112
1.496159
1.503391
1.510486
1.517583
1.524687
1.531683
1.538882
1.545980
1.552997
1.560070
1.567150
1.574239
1.581292
1.588416
1.595484
1.602555
1.609715
1.616681
1.623740
1.630861
1.637929
1.645018
1.652112
1.659141
1.666296
1.673396
1.680368
1.687436
1.694563
1.701622
1.708717
1.715823
1.722858
1.729941
1.737062
1.744097
1.751198
1.758349
1.765387
1.772533
1.779574
1.786599
1.793664
1.800804
1.807832
1.814825
1.821992
1.829023
1.836133
1.843129
1.850230
1.857300
1.864440
1.871409
1.878521
1.885532
1.892594
1.899622
1.906837
1.913812
1.920841
1.927857
1.934928
1.941948
1.949060
1.956029
1.963142
1.970186
1.977187
1.984216
1.991257
1.998208
2.005228
2.012346
2.019447
2.026308
2.033462
2.040257
2.047319
2.054336
2.061368
2.068357
2.075287
2.082412
2.089267
2.096334
2.103235
2.110149
2.117187
2.124102
2.130996
2.138025
2.144886
2.151824
2.158832
2.165687
2.172785
2.179670
2.186462
2.193320
2.200232
2.207093
2.213972
2.220875
2.227834
2.234731
2.241520
2.248351
2.255263
2.262118
2.268952
2.275738
2.282635
2.289406
2.296270
2.302999
2.309830
2.316635
2.323468
2.330288
2.336963
2.343881
2.350640
2.357438
2.364287
2.371007
2.377745
2.384462
2.391299
2.398034
2.404746
2.411571
2.418327
2.425029
2.431863
2.438616
2.445390
2.452071
2.458833
2.465718
2.472253
2.479054
2.485861
2.492557
2.499307
2.506027
2.512822
2.519396
2.526304
2.532860
2.539574
2.546489
2.553137
2.559824
2.566569
2.573274
2.580018
2.586702
2.593401
2.600103
2.606827
2.613556
2.620210
2.626948
2.633674
2.640296
2.647076
2.653625
2.660381
2.667083
2.673734
2.680458
2.687121
2.693763
2.700384
2.707134
2.713771
2.720440
2.727127
2.733788
2.740388
2.747114
2.753678
2.760365
2.767053
2.773611
2.780232
2.786943
2.793523
2.800156
2.806780
2.813360
2.819933
2.826605
2.833125
2.839881
2.846346
2.852947
2.859406
2.866120
2.872697
2.879210
2.885732
2.892375
2.898900
2.905435
2.911897
2.918617
2.925029
2.931569
2.938128
2.944611
2.951163
2.957710
2.964205
2.970605
2.977265
2.983551
2.990166
2.996572
3.003091
3.009532
3.016052
3.022493
3.028920
3.035398
3.041863
3.048298
3.054713
3.061104
3.067569
3.073984
3.080314
3.086765
3.093209
3.099609
3.105999
3.112408
3.118772
3.125210
3.131562
3.137938
3.144274
3.150686
3.157025
3.163473
3.169717
3.176125
3.182444
3.188802
3.195168
3.201535
3.207865
3.214214
3.220524
3.226941
3.233197
3.239495
3.245852
3.252162
3.258475
3.264859
3.271127
3.277521
3.283872
3.290182
3.296498
3.302843
3.309081
3.315454
3.321826
3.328076
3.334323
3.340660
3.346936
3.353207
3.359517
3.365764
3.372028
3.378377
3.384627
3.390913
3.397210
3.403493
3.409830
3.416034
3.422266
3.428540
3.434868
3.441013
3.447349
3.453515
3.459840
3.466024
3.472306
3.478445
3.484719
3.490951
3.497177
3.503399
3.509634
3.515818
3.522086
3.528276
3.534508
3.540610
3.546770
3.552933
3.559171
3.565355
3.571545
3.577740
3.583805
3.590021
3.596124
3.602194
3.608408
3.614466
3.620602
3.626711
3.632871
3.638935
3.645020
3.651078
3.657289
3.663242
3.669387
3.675421
3.681476
3.687531
3.693580
3.699617
3.705633
3.711724
3.717722
3.723810
3.729829
3.735783
3.741751
3.747764
3.753867
3.759784
3.765830
3.771759
3.777763
3.783707
3.789625
3.795596
3.801582
3.807502
3.813458
3.819420
3.825311
3.831201
3.837208
3.843095
3.849027
3.854837
3.860730
3.866635
3.872510
3.878389
3.884390
3.890229
3.896084
3.901878
3.907777
3.913586
3.919471
3.925316
3.931146
3.937046
3.942840
3.948715
3.954504
3.960355
3.966104
3.972018
3.977870
3.983625
3.989432
3.995283
4.001083
4.006872
4.012726
4.018511
4.024351
4.030148
4.035954
4.041758
4.047546
4.053340
4.059099
4.064917
4.070691
4.076497
4.082250
4.088092
4.093883
4.099587
4.105364
4.111197
4.117001
4.122750
4.128581
4.134327
4.140070
4.145772
4.151578
4.157298
4.163035
4.168808
4.174582
4.180335
4.186069
4.191815
4.197514
4.203341
4.209052
4.214762
4.220544
4.226273
4.231995
4.237727
4.243413
4.249207
4.254876
4.260566
4.266285
4.272047
4.277712
4.283420
4.289172
4.294790
4.300473
4.306366
4.311909
4.317670
4.323282
4.329077
4.334673
4.340369
4.346028
4.351661
4.357308
4.362956
4.368628
4.374362
4.379964
4.385642
4.391257
4.396898
4.402495
4.408175
4.413835
4.419381
4.425031
4.430691
4.436266
4.441923
4.447436
4.453107
4.458617
4.464271
4.469765
4.475515
4.480953
4.486516
4.492110
4.497685
4.503240
4.508777
4.514338
4.519866
4.525387
4.530894
4.536376
4.541946
4.547429
4.552903
4.558416
4.563887
4.569381
4.574882
4.580359
4.585845
4.591345
4.596768
4.602197
4.607692
4.613130
4.618526
4.623963
4.629449
4.634899
4.640331
4.645739
4.651057
4.656537
4.661953
4.667337
4.672784
4.678153
4.683555
4.688990
4.694335
4.699683
4.705046
4.710376
4.715744
4.721138
4.726515
4.731831
4.737169
4.742544
4.747886
4.753333
4.758585
4.763990
4.769296
4.774668
4.779995
4.785343
4.790697
4.796057
4.801309
4.806636
4.811963
4.817257
4.822569
4.827938
4.833202
4.838505
4.843865
4.849105
4.854426
4.859768
4.865032
4.870290
4.875647
4.880923
4.886145
4.891487
4.896742
4.901989
4.907285
4.912540
4.917775
4.923101
4.928330
4.933576
4.938888
4.944104
4.949350
4.954653
4.959929
4.965095
4.970344
4.975488
4.980812
4.986079
4.991259
4.996490
5.001703
5.006886
5.012154
5.017349
5.022508
5.027754
5.032919
5.038147
5.043285
5.048501
5.053682
5.058925
5.064105
5.069276
5.074423
5.079648
5.084751
5.089901
5.095105
5.100244
5.105385
5.110565
5.115712
5.120838
5.125956
5.131166
5.136220
5.141370
5.146467
5.151545
5.156734
5.161753
5.166867
5.171972
5.177005
5.182099
5.187153
5.192243
5.197313
5.202388
5.207469
5.212494
5.217563
5.222572
5.227588
5.232642
5.237595
5.242652
5.247679
5.252704
5.257611
5.262729
5.267651
5.272627
5.277646
5.282622
5.287581
5.292485
5.297507
5.302417
5.307334
5.312250
5.317218
5.322212
5.327060
5.331962
5.336890
5.341722
5.346654
5.351577
5.356415
5.361323
5.366182
5.371012
5.375823
5.380749
5.385570
5.390369
5.395205
5.400089
5.404859
5.409649
5.414533
5.419321
5.424147
5.428884
5.433681
5.438480
5.443235
5.448023
5.452819
5.457565
5.462335
5.467093
5.471793
5.476563
5.481315
5.486010
5.490746
5.495519
5.500169
5.504918
5.509585
5.514292
5.518987
5.523685
5.528371
5.533057
5.537743
5.542384
5.547063
5.551776
5.556435
5.561031
5.565747
5.570361
5.574996
5.579642
5.584277
5.588927
5.593568
5.598179
5.602787
5.607416
5.612075
5.616632
5.621294
5.625902
5.630474
5.635046
5.639716
5.644306
5.648875
5.653411
5.657962
5.662621
5.667175
5.671735
5.676337
5.680927
5.685460
5.690035
5.694583
5.699146
5.703682
5.708245
5.712739
5.717377
5.721808
5.726332
5.730886
5.735407
5.739934
5.744417
5.748889
5.753405
5.757929
5.762516
5.766950
5.771444
5.775929
5.780438
5.784899
5.789354
5.793890
5.798334
5.802789
5.807226
5.811717
5.816145
5.820615
5.825097
5.829525
5.833941
5.838385
5.842777
5.847229
5.851676
5.856077
5.860463
5.864876
5.869355
5.873750
5.878109
5.882493
5.886909
5.891322
5.895663
5.900055
5.904439
5.908873
5.913163
5.917597
5.921954
5.926238
5.930622
5.934966
5.939364
5.943648
5.948055
5.952319
5.956669
5.961001
5.965325
5.969645
5.973948
5.978289
5.982651
5.986911
5.991210
5.995534
5.999821
6.004138
6.008348
6.012599
6.016914
6.021189
6.025402
6.029671
6.033964
6.038210
6.042440
6.046659
6.050940
6.055164
6.059434
6.063598
6.067772
6.072053
6.076302
6.080481
6.084697
6.088822
6.093005
6.097190
6.101313
6.105585
6.109735
6.113878
6.118013
6.122240
6.126375
6.130518
6.134704
6.138733
6.142940
6.147059
6.151164
6.155293
6.159433
6.163553
6.167606
6.171768
6.175818
6.179863
6.183962
6.188064
6.192144
6.196237
6.200353
6.204410
6.208508
6.212550
6.216619
6.220658
6.224714
6.228786
6.232789
6.236836
6.240878
6.244920
6.248952
6.253015
6.257021
6.261050
6.265065
6.269125
6.273113
6.277112
6.281097
0.001908
0.005926
0.009908
0.013914
0.017910
0.021889
0.025880
0.029850
0.033840
0.037771
0.041825
0.045837
0.049782
0.053764
0.057710
0.061665
0.065641
0.069601
0.073550
0.077487
0.081442
0.085379
0.089366
0.093267
0.097216
0.101159
0.105132
0.109035
0.112972
0.116903
0.120843
0.124855
0.128663
0.132641
0.136563
0.140431
0.144365
0.148290
0.152209
0.156104
0.160013
0.163917
0.167821
0.171758
0.175605
0.179539
0.183434
0.187322
0.191208
0.195127
0.198968
0.202875
0.206779
0.210647
0.214506
0.218386
0.222238
0.226112
0.230004
0.233839
0.237770
0.241617
0.245464
0.249305
0.253167
0.257026
0.260852
0.264687
0.268519
0.272359
0.276248
0.280083
0.283903
0.287732
0.291525
0.295381
0.299213
0.303027
0.306847
0.310679
0.314484
0.318301
0.322166
0.325932
0.329668
0.333551
0.337305
0.341095
0.344909
0.348702
0.352492
0.356315
0.360066
0.363835
0.367679
0.371397
0.375196
0.378980
0.382683
0.386455
0.390248
0.393978
0.397702
0.401463
0.405190
0.408938
0.412695
0.416410
0.420227
0.423966
0.427717
0.431432
0.435144
0.438829
0.442556
0.446340
0.449972
0.453663
0.457417
0.461111
0.464763
0.468478
0.472181
0.475840
0.479594
0.483258
0.486955
0.490673
0.494289
0.497998
0.501696
0.505378
0.508979
0.512649
0.516277
0.519945
0.523606
0.527219
0.530943
0.534538
0.538179
0.541828
0.545477
0.549084
0.552718
0.556422
0.560005
0.563615
0.567243
0.570821
0.574482
0.578026
0.581657
0.585223
0.588848
0.592416
0.595990
0.599625
0.603178
0.606782
0.610360
0.613943
0.617514
0.621088
0.624672
0.628213
0.631787
0.635311
0.638861
0.642426
0.645983
0.649527
0.653077
0.656595
0.660172
0.663731
0.667231
0.670781
0.674334
0.677825
0.681318
0.684883
0.688362
0.691879
0.695388
0.698866
0.702332
0.705895
0.709361
0.712810
0.716372
0.719826
0.723338
0.726840
0.730235
0.733773
0.737228
0.740715
0.744166
0.747639
0.751087
0.754512
0.758017
0.761439
0.764908
0.768345
0.771811
0.775227
0.778702
0.782159
0.785539
0.788993
0.792487
0.795818
0.799318
0.802703
0.806119
0.809555
0.812977
0.816392
0.819841
0.823193
0.826636
0.830030
0.833422
0.836846
0.840292
0.843668
0.847045
0.850482
0.853855
0.857262
0.860674
0.864033
0.867421
0.870792
0.874243
0.877533
0.880990
0.884292
0.887728
0.891105
0.894449
0.897867
0.901223
0.904569
0.907877
0.911271
0.914627
0.918004
0.921386
0.924715
0.928061
0.931411
0.934764
0.938119
0.941439
0.944746
0.948084
0.951452
0.954771
0.958133
0.961521
0.964799
0.968134
0.971471
0.974764
0.978075
0.981403
0.984711
0.988024
0.991359
0.994655
0.997983
1.001264
1.004575
1.007888
1.011193
1.014474
1.017766
1.021068
1.024349
1.027647
1.030967
1.034227
1.037453
1.040782
1.044033
1.047292
1.050579
1.053881
1.057117
1.060448
1.063696
1.066956
1.070209
1.073469
1.076732
1.079955
1.083200
1.086484
1.089699
1.092943
1.096191
1.099430
1.102687
1.105904
1.109116
1.112355
1.115600
1.118841
1.122071
1.125304
1.128468
1.131718
1.134945
1.138160
1.141366
1.144586
1.147753
1.150974
1.154198
1.157385
1.160573
1.163779
1.166973
1.170206
1.173345
1.176530
1.179727
1.182906
1.186091
1.189243
1.192427
1.195579
1.198770
1.201934
1.205086
1.208247
1.211425
1.214553
1.217714
1.220878
1.224048
1.227116
1.230330
1.233428
1.236580
1.239747
1.242869
1.245994
1.249191
1.252253
1.255440
1.258520
1.261636
1.264743
1.267880
1.270993
1.274130
1.277246
1.280368
1.283484
1.286554
1.289685
1.292741
1.295854
1.298913
1.302002
1.305121
1.308177
1.311239
1.314343
1.317393
1.320488
1.323571
1.326657
1.329692
1.332751
1.335792
1.338860
1.341937
1.344951
1.348001
1.351051
1.354086
1.357097
1.360144
1.363170
1.366223
1.369273
1.372242
1.375271
1.378315
1.381305
1.384316
1.387390
1.390320
1.393349
1.396339
1.399308
1.402325
1.405339
1.408329
1.411256
1.414339
1.417281
1.420227
1.423211
1.426204
1.429188
1.432121
1.435147
1.438047
1.441049
1.443973
1.446942
1.449885
1.452818
1.455760
1.458738
1.461683
1.464607
1.467522
1.470428
1.473359
1.476292
1.479240
1.482140
1.485094
1.487991
1.490880
1.493831
1.496698
1.499583
1.502498
1.505404
1.508302
1.511190
1.514093
1.517005
1.519908
1.522752
1.525601
1.528540
1.531398
1.534274
1.537127
1.539991
1.542855
1.545716
1.548569
1.551430
1.554303
1.557140
1.559981
1.562842
1.565625
1.568513
1.571321
1.574188
1.577025
1.579880
1.582658
1.585492
1.588365
1.591169
1.593983
1.596799
1.599612
1.602414
1.605236
1.608067
1.610833
1.613628
1.616471
1.619282
1.622068
1.624875
1.627670
1.630493
1.633270
1.636050
1.638804
1.641560
1.644409
1.647193
1.649916
1.652730
1.655474
1.658257
1.661008
1.663860
1.666571
1.669328
1.672111
1.674852
1.677609
1.680341
1.683086
1.685851
1.688613
1.691352
1.694048
1.696816
1.699576
1.702287
1.705041
1.707731
1.710547
1.713244
1.715973
1.718670
1.721456
1.724096
1.726789
1.729548
1.732230
1.734980
1.737668
1.740340
1.743091
1.745778
1.748465
1.751147
1.753852
1.756555
1.759260
1.761945
1.764596
1.767284
1.769977
1.772644
1.775322
1.778022
1.780691
1.783340
1.786039
1.788673
1.791348
1.794038
1.796684
1.799383
1.802059
1.804686
1.807335
1.810013
1.812641
1.815284
1.817926
1.820584
1.823178
1.825863
1.828430
1.831085
1.833739
1.836382
1.838958
1.841580
1.844255
1.846856
1.849531
1.852123
1.854730
1.857357
1.859952
1.862525
1.865123
1.867738
1.870336
1.872943
1.875516
1.878111
1.880708
1.883270
1.885844
1.888498
1.891090
1.893669
1.896240
1.898817
1.901414
1.903976
1.906522
1.909072
1.911646
1.914198
1.916754
1.919295
1.921844
1.924400
1.926991
1.929559
1.932073
1.934598
1.937127
1.939683
1.942223
1.944752
1.947278
1.949827
1.952314
1.954813
1.957342
1.959849
1.962363
1.964898
1.967363
1.969892
1.972394
1.974913
1.977382
1.979887
1.982383
1.984893
1.987377
1.989846
1.992350
1.994804
1.997261
1.999748
2.002228
2.004694
2.007151
2.009611
2.012085
2.014554
2.017041
2.019483
2.021936
2.024372
2.026820
2.029253
2.031665
2.034095
2.036530
2.038984
2.041384
2.043874
2.046279
2.048652
2.051106
2.053497
2.055903
2.058336
2.060735
2.063141
2.065520
2.067893
2.070311
2.072678
2.075108
2.077453
2.079847
2.082208
2.084605
2.086963
2.089327
2.091736
2.094159
2.096454
2.098821
2.101218
2.103549
2.105889
2.108238
2.110593
2.112936
2.115261
2.117607
2.119925
2.122301
2.124590
2.126894
2.129234
2.131556
2.133944
2.136215
2.138546
2.140844
2.143142
2.145491
2.147738
2.150027
2.152352
2.154659
2.156936
2.159201
2.161496
2.163806
2.166056
2.168306
2.170592
2.172869
2.175158
2.177396
2.179664
2.181938
2.184188
2.186435
2.188670
2.190959
2.193209
2.195456
2.197667
2.199920
2.202152
2.204372
2.206592
2.208812
2.211083
2.213300
2.215479
2.217708
2.219934
2.222145
2.224359
2.226555
2.228733
2.230962
2.233131
2.235325
2.237524
2.239726
2.241895
2.244097
2.246284
2.248492
2.250652
2.252834
2.254979
2.257172
2.259290
2.261423
2.263580
2.265735
2.267907
2.270025
2.272215
2.274336
2.276484
2.278594
2.280700
2.282869
2.284996
2.287120
2.289248
2.291351
2.293502
2.295620
2.297705
2.299821
2.301930
2.304003
2.306073
2.308159
2.310244
2.312341
2.314445
2.316530
2.318609
2.320724
2.322783
2.324865
2.326920
2.329002
2.331090
2.333113
2.335141
2.337218
2.339264
2.341313
2.343347
2.345397
2.347437
2.349489
2.351548
2.353588
2.355619
2.357651
2.359694
2.361740
2.363750
2.365770
2.367780
2.369800
2.371816
2.373796
2.375786
2.377790
2.379830
2.381817
2.383815
2.385802
2.387818
2.389792
2.391782
2.393774
2.395757
2.397723
2.399715
2.401678
2.403637
2.405606
2.407598
2.409512
2.411502
2.413479
2.415411
2.417362
2.419345
2.421299
2.423264
2.425179
2.427126
2.429091
2.431036
2.432950
2.434904
2.436833
2.438751
2.440665
2.442574
2.444473
2.446391
2.448305
2.450241
2.452176
2.454100
2.456020
2.457943
2.459858
2.461722
2.463588
2.465440
2.467324
2.469227
2.471099
2.472990
2.474889
2.476813
2.478700
2.480624
2.482451
2.484309
2.486181
2.488027
2.489851
2.491721
2.493555
2.495451
2.497306
2.499163
2.501027
2.502881
2.504721
2.506572
2.508385
2.510195
2.512043
2.513862
2.515698
2.517538
2.519360
2.521184
2.523036
2.524896
2.526676
2.528486
2.530295
2.532093
2.533897
2.535685
2.537456
2.539232
2.541078
2.542891
2.544694
2.546525
2.548316
2.550090
2.551873
2.553641
2.555381
2.557170
2.558908
2.560687
2.562452
2.564220
2.565978
2.567821
2.569586
2.571338
2.573070
2.574817
2.576569
2.578280
2.580015
2.581729
2.583487
2.585207
2.586951
2.588712
2.590447
2.592197
2.593935
2.595675
2.597335
2.599055
2.600754
2.602455
2.604166
2.605877
2.607576
2.609265
2.610964
2.612687
2.614383
2.616099
2.617801
2.619494
2.621136
2.622792
2.624494
2.626136
2.627826
2.629483
2.631137
2.632820
2.634501
2.636179
2.637875
2.639519
2.641170
2.642824
2.644469
2.646099
2.647693
2.649353
2.650970
2.652615
2.654239
2.655869
2.657502
2.659153
2.660785
2.662439
2.664057
2.665654
2.667263
2.668851
2.670445
2.672042
2.673630
2.675218
2.676787
2.678381
2.679987
2.681590
2.683211
2.684811
2.686408
2.687969
2.689539
2.691103
2.692649
2.694183
2.695774
2.697322
2.698883
2.700444
2.702008
2.703569
2.705118
2.706676
2.708240
2.709792
2.711302
2.712830
2.714370
2.715901
2.717435
2.718945
2.720470
2.721974
2.723514
2.725012
2.726528
2.728068
2.729593
2.731097
2.732613
2.734111
2.735594
2.737080
2.738563
2.740037
2.741517
2.742991
2.744495
2.745990
2.747464
2.748947
2.750422
2.751914
2.753376
2.754886
2.756324
2.757780
2.759230
2.760668
2.762115
2.763589
2.765030
2.766450
2.767889
2.769321
2.770762
2.772194
2.773647
2.775100
2.776568
2.777991
2.779390
2.780805
2.782228
2.783648
2.785041
2.786422
2.787833
2.789253
2.790611
2.792004
2.793424
2.794802
2.796228
2.797660
2.799047
2.800459
2.801843
2.803209
2.804578
2.805965
2.807296
2.808665
2.810043
2.811403
2.812731
2.814076
2.815439
2.816820
2.818186
2.819538
2.820880
2.822255
2.823588
2.824903
2.826258
2.827579
2.828912
2.830261
2.831546
2.832888
2.834197
2.835489
2.836804
2.838143
2.839440
2.840747
2.842077
2.843401
2.844734
2.846011
2.847323
2.848599
2.849912
2.851179
2.852443
2.853753
2.855032
2.856299
2.857554
2.858825
2.860089
2.861347
2.862600
2.863876
2.865155
2.866432
2.867681
2.868954
2.870201
2.871447
2.872697
2.873928
2.875174
2.876418
2.877604
2.878824
2.880049
2.881268
2.882491
2.883722
2.884935
2.886164
2.887395
2.888594
2.889795
2.891050
2.892243
2.893459
2.894646
2.895841
2.896998
2.898160
2.899338
2.900509
2.901669
2.902840
2.904011
2.905186
2.906369
2.907538
2.908733
2.909890
2.911073
2.912254
2.913401
2.914582
2.915732
2.916873
2.918009
2.919144
2.920259
2.921389
2.922515
2.923630
2.924729
2.925844
2.926961
2.928100
2.929232
2.930353
2.931488
2.932624
2.933732
2.934859
2.935967
2.937073
2.938166
2.939272
2.940362
2.941453
2.942520
2.943583
2.944662
2.945725
2.946762
2.947841
2.948919
2.949983
2.951043
2.952116
2.953180
2.954228
2.955298
2.956362
2.957434
2.958498
2.959552
2.960607
2.961673
2.962725
2.963726
2.964780
2.965790
2.966830
2.967815
2.968792
2.969802
2.970829
2.971839
2.972846
2.973867
2.974895
2.975899
2.976893
2.977894
2.978898
2.979892
2.980884
2.981900
2.982955
2.983943
2.984938
2.985948
2.986942
2.987895
2.988830
2.989776
2.990708
2.991649
2.992569
2.993521
2.994507
2.995472
2.996431
2.997375
2.998327
2.999274
3.000221
3.001156
3.002087
3.003034
3.003996
3.004957
3.005919
3.006863
3.007798
3.008739
3.009625
3.010506
3.011387
3.012256
3.013116
3.014006
3.014913
3.015842
3.016747
3.017649
3.018566
3.019476
3.020351
3.021214
3.022059
3.022943
3.023812
3.024672
3.025576
3.026502
3.027410
3.028294
3.029187
3.030067
3.030888
3.031721
3.032551
3.033357
3.034178
3.034993
3.035802
3.036674
3.037522
3.038352
3.039191
3.040020
3.040850
3.041629
3.042429
3.043244
3.044065
3.044865
3.045668
3.046501
3.047340
3.048158
3.048988
3.049793
3.050599
3.051384
3.052151
3.052939
3.053718
3.054467
3.055207
3.055980
3.056744
3.057475
3.058221
3.058982
3.059749
3.060501
3.061244
3.061990
3.062754
3.063498
3.064244
3.064977
3.065715
3.066442
3.067165
3.067896
3.068627
3.069361
3.070077
3.070820
3.071566
3.072282
3.073031
3.073765
3.074493
3.075224
3.075928
3.076608
3.077291
3.077977
3.078630
3.079278
3.079940
3.080584
3.081255
3.081932
3.082606
3.083266
3.083934
3.084614
3.085267
3.085902
3.086537
3.087166
3.087798
3.088419
3.089045
3.089671
3.090312
3.090953
3.091627
3.092268
3.092934
3.093614
3.094243
3.094896
3.095549
3.096175
3.096808
3.097434
3.098048
3.098641
3.099228
3.099813
3.100391
3.100975
3.101577
3.102138
3.102728
3.103321
3.103905
3.104475
3.105026
3.105586
3.106137
3.106688
3.107228
3.107767
3.108312
3.108867
3.109421
3.109951
3.110506
3.111060
3.111593
3.112118
3.112660
3.113190
3.113732
3.114281
3.114826
3.115374
3.115937
3.116501
3.117079
3.117651
3.118220
3.118736
3.119296
3.119853
3.120389
3.120902
3.121423
3.121936
3.122436
3.122906
3.123383
3.123841
3.124311
3.124782
3.125243
3.125690
3.126160
3.126642
3.127110
3.127583
3.128074
3.128536
3.128988
3.129456
3.129902
3.130333
3.130777
3.131205
3.131631
3.132056
3.132467
3.132859
3.133258
3.133665
3.134073
3.134465
3.134885
3.135319
3.135750
3.136170
3.136598
3.137027
3.137476
3.137923
3.138369
3.138812
3.139253
3.139696
3.140134
3.140571
3.141020
3.141434
3.141865
3.142282
3.142683
3.143070
3.143462
3.143846
3.144226
3.144592
3.144936
3.145272
3.145616
3.145982
3.146335
3.146677
3.147033
3.147372
3.147708
3.148025
3.148361
3.148681
3.148999
3.149298
3.149604
3.149901
3.150209
3.150506
3.150811
3.151108
3.151405
3.151683
3.151974
3.152265
3.152552
3.152822
3.153118
3.153406
3.153694
3.153966
3.154251
3.154521
3.154799
3.155066
3.155318
3.155554
3.155809
3.156064
3.156306
3.156546
3.156792
3.157016
3.157238
3.157493
3.157753
3.157990
3.158236
3.158484
3.158742
3.158997
3.159254
3.159503
3.159773
3.160039
3.160315
3.160576
3.160842
3.161124
3.161415
3.161702
3.161993
3.162271
3.162571
3.162859
3.163152
3.163437
3.163697
3.163970
3.164234
3.164489
3.164746
3.164986
3.165235
3.165477
3.165711
3.165912
3.166139
3.166352
3.166553
3.166754
3.166933
3.167095
3.167248
3.167407
3.167553
3.167682
3.167823
3.167946
3.168063
3.168171
3.168270
3.168353
3.168443
3.168536
3.168623
3.168683
3.168755
3.168818
3.168875
3.168932
3.168980
3.169003
3.169037
3.169070
3.169096
3.169108
3.169132
3.169150
3.169168
3.169174
3.169183
3.169183
3.169183
3.169183
3.169183
3.169183
3.169183
3.169183
3.169183
3.169183
3.169183
3.169183
3.169183
3.169183
3.169183
3.169183
3.169183
3.169183
3.169156
3.169111
3.169058
3.168989
3.168932
3.168869
3.168794
3.168713
3.168626
3.168554
3.168479
3.168401
3.168314
3.168213
3.168123
3.168033
3.167937
3.167823
3.167703
3.167598
3.167488
3.167371
3.167242
3.167095
3.166960
3.166822
3.166679
3.166520
3.166382
3.166232
3.166080
3.165921
3.165768
3.165597
3.165420
3.165258
3.165097
3.164914
3.164746
3.164572
3.164390
3.164213
3.164033
3.163844
3.163671
3.163509
3.163344
3.163164
3.163012
3.162859
3.162706
3.162559
3.162424
3.162287
3.162163
3.162047
3.161927
3.161804
3.161702
3.161612
3.161534
3.161457
3.161379
3.161292
3.161238
3.161199
3.161157
3.161115
3.161100
3.161079
3.161064
3.161058
3.161052
3.161034
3.161019
3.161019
3.161019
3.161019
3.161019
3.161019
3.161019
3.161019
3.161019
3.161019
3.161034
3.161112
3.161184
3.161250
3.161328
3.161421
3.161510
3.161603
3.161699
3.161789
3.161891
3.161996
3.162107
3.162209
3.162308
3.162427
3.162541
3.162655
3.162766
3.162859
3.162972
3.163092
3.163194
3.163275
3.163371
3.163479
3.163575
3.163665
3.163751
3.163823
3.163892
3.163976
3.164060
3.164117
3.164186
3.164243
3.164291
3.164330
3.164366
3.164381
3.164408
3.164428
3.164447
3.164449
3.164453
3.164459
3.164459
3.164459
3.164459
3.164459
3.164459
3.164459
3.164459
3.164459
3.164459
3.164459
3.164459
3.164459
3.164459
3.164432
3.164384
3.164333
3.164276
3.164204
3.164150
3.164099
3.164045
3.163991
3.163931
3.163862
3.163796
3.163749
3.163692
3.163623
3.163575
3.163530
3.163482
3.163440
3.163395
3.163338
3.163305
3.163275
3.163248
3.163206
3.163170
3.163155
3.163143
3.163131
3.163116
3.163089
3.163080
3.163080
3.163077
3.163065
3.163059
3.163059
3.163059
3.163059
3.163059
3.163059
3.163059
3.163059
3.163059
3.163059
3.163059
3.163059
3.163059
3.163059
3.163059
3.163059
3.163059
3.163059
3.163059
3.163059
3.163068
3.163107
3.163143
3.163170
3.163191
3.163200
3.163227
3.163254
3.163266
3.163266
3.163287
3.163305
3.163317
3.163326
3.163338
3.163338
3.163341
3.163353
3.163362
3.163362
3.163362
3.163365
3.163368
3.163368
3.163368
3.163368
3.163368
3.163368
3.163368
3.163368
3.163368
3.163368
3.163368
3.163368
3.163368
3.163368
3.163368
3.163368
3.163368
3.163368
3.163368
3.163368
3.163368
3.163368
3.163368
3.163368
3.163368
3.163368
3.163368
3.163368
3.163368
3.163368
3.163368
3.163368
3.163368
3.163368
3.163368
3.163368
3.163368
3.163368
3.163368
3.163368
3.163368
3.163368
3.163368
3.163368
3.163368
3.163368
3.163368
3.163368
3.163368
3.163368
3.163368
3.163368
3.163368
3.163368
3.163368
3.163368
3.163368
3.163368
3.163368
3.163368
3.163368
3.163368
3.163368
3.163368
3.163368
3.163368
3.163368
3.163368
3.163368
3.163368
3.163368
3.163368
3.163368
3.163368
3.163368
3.163368
3.163368
3.163368
3.163368
3.163368
3.163368
3.163368
3.163368
3.163368
3.163368
3.163368
3.163368
3.163368
3.163368
3.163368
3.163368
3.163368
3.163368
3.163368
3.163368
3.163368
3.163368
3.163368
3.163368
3.163368