4.510599
4.510599
4.510599
4.510599
4.510599
4.510599
4.510599
4.510599
4.510772
4.511135
4.511611
4.512163
4.512789
4.513544
4.514428
4.515437
4.516546
4.517750
4.519011
4.520387
4.521897
4.523539
4.525315
4.527197
4.529210
4.531337
4.533551
4.535903
4.538321
4.540868
4.543573
4.546458
4.549323
4.552363
4.555545
4.558838
4.562215
4.565747
4.569390
4.573099
4.576985
4.580937
4.585107
4.589353
4.593721
4.598290
4.602850
4.607674
4.612530
4.617510
4.622615
4.627903
4.633341
4.638806
4.644405
4.650245
4.655979
4.661983
4.668098
4.674195
4.680577
4.687084
4.693565
4.700291
4.707074
4.714007
4.721159
4.728259
4.735488
4.742997
4.750595
4.758283
4.766108
4.774093
4.782140
4.790370
4.798687
4.807049
4.815597
4.824327
4.833274
4.842130
4.851322
4.860544
4.869931
4.879374
4.888958
4.898702
4.908709
4.918590
4.928740
4.939034
4.949344
4.960052
4.970754
4.981528
4.992329
5.003564
5.014544
5.025855
5.037392
5.048960
5.060540
5.072413
5.084469
5.096412
5.108629
5.120874
5.133224
5.145676
5.158016
5.170426
5.182917
5.195362
5.207790
5.220295
5.232618
5.245211
5.257545
5.269919
5.282473
5.294810
5.307217
5.319719
5.332048
5.344479
5.356934
5.369262
5.381642
5.394088
5.406536
5.418793
5.431212
5.443480
5.455875
5.468288
5.480491
5.492700
5.505172
5.517273
5.529770
5.542129
5.554314
5.566511
5.578830
5.591031
5.603278
5.615595
5.627759
5.639923
5.652219
5.664398
5.676630
5.688906
5.701150
5.713605
5.725778
5.737930
5.750151
5.762411
5.774694
5.786781
5.799070
5.811211
5.823441
5.835682
5.847816
5.860181
5.872225
5.884569
5.896604
5.908792
5.920989
5.933075
5.945314
5.957442
5.969561
5.981665
5.993649
6.005718
6.017822
6.029854
6.041892
6.054122
6.066085
6.077950
6.090063
6.101834
6.113767
6.125731
6.137589
6.149465
6.161375
6.173158
6.184980
6.196899
6.208613
6.220361
6.232216
6.243919
6.255774
6.267570
6.279212
0.007754
0.019657
0.031444
0.043092
0.054918
0.066411
0.078416
0.090031
0.101767
0.113437
0.125361
0.136839
0.148652
0.160274
0.172102
0.183829
0.195595
0.207111
0.219102
0.230576
0.242465
0.254194
0.266002
0.277549
0.289335
0.301002
0.312677
0.324350
0.336113
0.347749
0.359479
0.371095
0.382884
0.394389
0.406050
0.417572
0.429482
0.440972
0.452623
0.464194
0.475825
0.487395
0.499014
0.510555
0.522213
0.533664
0.545237
0.556775
0.568334
0.579986
0.591230
0.602753
0.614518
0.625678
0.637420
0.648814
0.660244
0.671665
0.683188
0.694543
0.705991
0.717460
0.728794
0.740221
0.751633
0.762883
0.774412
0.785653
0.797164
0.808363
0.819796
0.831163
0.842548
0.853861
0.865279
0.876553
0.887944
0.899284
0.910837
0.922066
0.933484
0.944824
0.956203
0.967588
0.979126
0.990412
1.001698
1.013143
1.024609
1.035934
1.047325
1.058764
1.070053
1.081585
1.092856
1.104218
1.115591
1.127137
1.138397
1.149799
1.161250
1.172707
1.184005
1.195441
1.206748
1.218190
1.229599
1.240966
1.252352
1.263805
1.275143
1.286629
1.297990
1.309247
1.320686
1.332014
1.343276
1.354637
1.366037
1.377350
1.388735
1.400051
1.411376
1.422710
1.434086
1.445145
1.456530
1.467891
1.479228
1.490469
1.501749
1.512936
1.524304
1.535653
1.546951
1.558186
1.569364
1.580797
1.592113
1.603366
1.614596
1.625885
1.637222
1.648466
1.659716
1.671044
1.682259
1.693692
1.704927
1.716213
1.727703
1.738986
1.750206
1.761741
1.772895
1.784304
1.795746
1.807023
1.818363
1.829617
1.841139
1.852426
1.863607
1.875220
1.886596
1.897849
1.909321
1.920637
1.931941
1.943323
1.954798
1.966030
1.977415
1.988812
2.000050
2.011393
2.022659
2.034002
2.045419
2.056646
2.068031
2.079377
2.090642
2.101934
2.113184
2.124501
2.135700
2.147025
2.158284
2.169456
2.180793
2.191915
2.203189
2.214370
2.225662
2.236649
2.248049
2.259050
2.270316
2.281446
2.292633
2.303694
2.314942
2.325916
2.337041
2.348132
2.359200
2.370387
2.381391
2.392528
2.403433
2.414576
2.425793
2.436675
2.448042
2.458911
2.469994
2.481130
2.492188
2.503325
2.514419
2.525436
2.536596
2.547625
2.558671
2.569685
2.580779
2.591738
2.602812
2.614014
2.625022
2.636164
2.647223
2.658263
2.669402
2.680410
2.691426
2.702509
2.713420
2.724641
2.735531
2.746638
2.757741
2.768625
2.779693
2.790709
2.801834
2.812796
2.823702
2.834749
2.845654
2.856668
2.867774
2.878644
2.889513
2.900680
2.911499
2.922299
2.933469
2.944024
2.954950
2.966006
2.976618
2.987679
2.998369
3.009341
3.020154
3.031035
3.041800
3.052559
3.063375
3.074157
3.084931
3.095837
3.106344
3.117253
3.127925
3.138623
3.149332
3.160114
3.170804
3.181452
3.192346
3.202931
3.213669
3.224428
3.235096
3.245805
3.256641
3.267223
3.278042
3.288621
3.299455
3.309965
3.320901
3.331459
3.342179
3.352827
3.363687
3.374275
3.385049
3.395703
3.406429
3.417128
3.427806
3.438472
3.449237
3.459852
3.470557
3.481354
3.492026
3.502632
3.513283
3.523994
3.534549
3.545284
3.555812
3.566484
3.577150
3.587669
3.598398
3.609064
3.619706
3.630240
3.640873
3.651384
3.661882
3.672745
3.683166
3.693613
3.704213
3.714645
3.725254
3.735795
3.746209
3.756659
3.767178
3.777521
3.788261
3.798565
3.809000
3.819423
3.829895
3.840300
3.850741
3.861173
3.871456
3.881882
3.892305
3.902654
3.912966
3.923476
3.933675
3.944236
3.954480
3.964957
3.975116
3.985708
3.995783
4.006323
4.016507
4.026957
4.037243
4.047672
4.057984
4.068318
4.078873
4.089036
4.099420
4.109780
4.120210
4.130531
4.141017
4.151327
4.161660
4.172101
4.182435
4.192723
4.203194
4.213537
4.223891
4.234324
4.244675
4.255041
4.265404
4.275815
4.286224
4.296608
4.306918
4.317305
4.327693
4.338044
4.348449
4.358807
4.369101
4.379446
4.389824
4.400251
4.410480
4.420891
4.431143
4.441510
4.451903
4.462248
4.472543
4.482849
4.493155
4.503471
4.513721
4.523955
4.534307
4.544526
4.554853
4.565115
4.575478
4.585590
4.595803
4.606086
4.616300
4.626549
4.636810
4.646934
4.657294
4.667427
4.677758
4.687875
4.698146
4.708245
4.718507
4.728661
4.738820
4.749001
4.759262
4.769395
4.779692
4.789801
4.800026
4.810228
4.820403
4.830757
4.840878
4.851091
4.861320
4.871500
4.881753
4.891963
4.902144
4.912484
4.922616
4.932866
4.943166
4.953359
4.963629
4.973738
4.983999
4.994333
5.004564
5.014718
5.024922
5.035241
5.045398
5.055551
5.065969
5.076086
5.086321
5.096570
5.106727
5.116955
5.127283
5.137368
5.147581
5.157894
5.167882
5.178057
5.188462
5.198421
5.208629
5.218740
5.228951
5.239066
5.249259
5.259394
5.269509
5.279624
5.289702
5.299661
5.309940
5.319905
5.329921
5.340081
5.350079
5.359948
5.370182
5.379952
5.390112
5.400020
5.410048
5.420012
5.429968
5.439843
5.449853
5.459830
5.469666
5.479640
5.489545
5.499342
5.509322
5.519242
5.529030
5.538797
5.548801
5.558646
5.568473
5.578498
5.588160
5.598260
5.607904
5.617818
5.627684
5.637589
5.647494
5.657285
5.667232
5.677062
5.686892
5.696660
5.706528
5.716311
5.726201
5.735970
5.745816
5.755655
5.765458
5.775267
5.785133
5.794855
5.804694
5.814425
5.824198
5.834172
5.843822
5.853629
5.863420
5.873214
5.882984
5.892704
5.902545
5.912214
5.922061
5.931733
5.941425
5.951132
5.960920
5.970613
5.980242
5.989961
5.999666
6.009280
6.019065
6.028658
6.038144
6.047971
6.057558
6.067179
6.076889
6.086437
6.095881
6.105690
6.115112
6.124724
6.134350
6.143910
6.153474
6.162843
6.172577
6.181982
6.191431
6.201126
6.210633
6.219951
6.229436
6.239006
6.248374
6.257815
6.267339
6.276726
0.002963
0.012353
0.021805
0.031252
0.040692
0.050097
0.059642
0.068957
0.078269
0.087775
0.097189
0.106606
0.115989
0.125451
0.134817
0.144335
0.153683
0.163183
0.172486
0.182052
0.191280
0.200799
0.210140
0.219608
0.228977
0.238333
0.247636
0.257113
0.266535
0.275922
0.285305
0.294758
0.304145
0.313549
0.322996
0.332299
0.341742
0.351132
0.360459
0.369836
0.379304
0.388508
0.397978
0.407278
0.416650
0.426036
0.435429
0.444657
0.454028
0.463373
0.472670
0.482131
0.491317
0.500668
0.509884
0.519369
0.528486
0.537690
0.547164
0.556425
0.565557
0.574922
0.584165
0.593300
0.602693
0.611885
0.621020
0.630376
0.639427
0.648793
0.657934
0.667057
0.676249
0.685468
0.694651
0.703822
0.713031
0.722112
0.731340
0.740370
0.749538
0.758820
0.767862
0.777051
0.786051
0.795240
0.804306
0.813489
0.822564
0.831711
0.840810
0.850011
0.858978
0.868173
0.877242
0.886407
0.895452
0.904668
0.913773
0.922860
0.932010
0.941172
0.950250
0.959361
0.968547
0.977631
0.986766
0.995907
1.004985
1.014144
1.023249
1.032390
1.041624
1.050726
1.059870
1.069038
1.078116
1.087308
1.096440
1.105518
1.114740
1.123878
1.133010
1.142112
1.151319
1.160349
1.169493
1.178684
1.187793
1.196898
1.206104
1.215137
1.224236
1.233443
1.242479
1.251593
1.260666
1.269809
1.278908
1.288124
1.297035
1.306280
1.315353
1.324413
1.333404
1.342659
1.351635
1.360740
1.369836
1.378884
1.387920
1.397046
1.406010
1.415130
1.424181
1.433322
1.442224
1.451427
1.460260
1.469326
1.478356
1.487392
1.496362
1.505416
1.514360
1.523375
1.532381
1.541369
1.550396
1.559330
1.568274
1.577286
1.586295
1.595262
1.604211
1.613337
1.622167
1.631260
1.640197
1.649224
1.658164
1.667257
1.676192
1.685177
1.694204
1.703216
1.712285
1.721342
1.730312
1.739268
1.748379
1.757325
1.766361
1.775442
1.784460
1.793526
1.802433
1.811607
1.820560
1.829644
1.838638
1.847644
1.856755
1.865716
1.874722
1.883872
1.892794
1.901822
1.910915
1.919870
1.928873
1.937957
1.946987
1.956092
1.965050
1.974000
1.983087
1.992081
2.001054
2.010105
2.019105
2.028138
2.037079
2.046139
2.055082
2.064073
2.073007
2.082025
2.091043
2.099903
2.108888
2.117765
2.126822
2.135673
2.144589
2.153547
2.162518
2.171272
2.180257
2.189122
2.198006
2.207021
2.215814
2.224746
2.233584
2.242389
2.251180
2.260075
2.268910
2.277671
2.286497
2.295309
2.304108
2.312869
2.321776
2.330542
2.339309
2.348102
2.356818
2.365614
2.374369
2.383180
2.391884
2.400557
2.409425
2.418156
2.426955
2.435617
2.444440
2.453177
2.461868
2.470557
2.479374
2.487973
2.496808
2.505692
2.514194
2.523039
2.531730
2.540458
2.549140
2.557844
2.566566
2.575467
2.584095
2.592805
2.601637
2.610320
2.618895
2.627736
2.636317
2.645122
2.653841
2.662517
2.671203
2.679951
2.688619
2.697301
2.706047
2.714670
2.723430
2.732089
2.740738
2.749454
2.758124
2.766771
2.775403
2.784160
2.792696
2.801342
2.810007
2.818735
2.827357
2.835848
2.844504
2.853087
2.861725
2.870408
2.879018
2.887506
2.896132
2.904727
2.913266
2.921808
2.930440
2.938883
2.947478
2.955975
2.964484
2.972951
2.981645
2.990019
2.998570
3.007025
3.015495
3.024015
3.032470
3.040904
3.049443
3.057904
3.066239
3.074703
3.083220
3.091598
3.099915
3.108351
3.116716
3.125216
3.133605
3.141937
3.150380
3.158826
3.167029
3.175451
3.183882
3.192223
3.200639
3.209055
3.217291
3.225755
3.234057
3.242404
3.250700
3.259308
3.267496
3.276002
3.284193
3.292645
3.300926
3.309327
3.317653
3.325925
3.334446
3.342679
3.351128
3.359322
3.367714
3.376103
3.384468
3.392626
3.400970
3.409533
3.417715
3.426125
3.434436
3.442714
3.451094
3.459378
3.467704
3.475940
3.484210
3.492620
3.500823
3.509212
3.517454
3.525717
3.534091
3.542216
3.550503
3.558815
3.567054
3.575287
3.583568
3.591762
3.599896
3.608270
3.616405
3.624551
3.632859
3.640987
3.649175
3.657364
3.665534
3.673677
3.681892
3.690006
3.698077
3.706265
3.714391
3.722516
3.730635
3.738775
3.746841
3.754894
3.763098
3.771079
3.779216
3.787267
3.795353
3.803383
3.811421
3.819456
3.827564
3.835488
3.843527
3.851568
3.859538
3.867531
3.875612
3.883536
3.891464
3.899445
3.907439
3.915351
3.923339
3.931314
3.939152
3.947118
3.955154
3.963084
3.971066
3.978930
3.986876
3.994831
4.002734
4.010778
4.018745
4.026568
4.034489
4.042468
4.050347
4.058362
4.066263
4.074166
4.082036
4.090018
4.098021
4.105933
4.113921
4.121840
4.129692
4.137664
4.145520
4.153427
4.161360
4.169312
4.177167
4.185116
4.192990
4.200917
4.208890
4.216736
4.224649
4.232636
4.240450
4.248411
4.256347
4.264191
4.272140
4.279995
4.287950
4.295778
4.303730
4.311520
4.319420
4.327327
4.335233
4.343095
4.350972
4.358860
4.366674
4.374566
4.382410
4.390376
4.398157
4.406045
4.413877
4.421700
4.429483
4.437369
4.445150
4.452970
4.460786
4.468615
4.476402
4.484215
4.491996
4.499831
4.507615
4.515416
4.523092
4.530930
4.538738
4.546441
4.554176
4.561945
4.569708
4.577518
4.585135
4.592951
4.600609
4.608384
4.616060
4.623775
4.631552
4.639135
4.646880
4.654550
4.662343
4.669941
4.677686
4.685215
4.692996
4.700533
4.708354
4.715877
4.723480
4.731360
4.738745
4.746496
4.754097
4.761749
4.769470
4.777050
4.784672
4.792498
4.799982
4.807616
4.815333
4.822896
4.830526
4.838217
4.845815
4.853455
4.861110
4.868780
4.876432
4.884036
4.891715
4.899349
4.906941
4.914530
4.922185
4.929810
4.937435
4.945060
4.952703
4.960319
4.967926
4.975560
4.983158
4.990795
4.998437
5.006039
5.013583
5.021303
5.028737
5.036544
5.044055
5.051518
5.059155
5.066739
5.074306
5.081932
5.089527
5.097076
5.104588
5.112126
5.119658
5.127364
5.134845
5.142350
5.149903
5.157450
5.165024
5.172466
5.180019
5.187486
5.195063
5.202520
5.209950
5.217503
5.224876
5.232477
5.239869
5.247386
5.254741
5.262189
5.269650
5.277137
5.284510
5.291913
5.299272
5.306774
5.314150
5.321463
5.328887
5.336231
5.343685
5.350861
5.358306
5.365691
5.372897
5.380297
5.387586
5.394959
5.402240
5.409601
5.416780
5.424099
5.431302
5.438615
5.445854
5.453152
5.460282
5.467605
5.474744
5.481965
5.489213
5.496385
5.503579
5.510895
5.517981
5.525255
5.532344
5.539555
5.546728
5.553874
5.561118
5.568164
5.575355
5.582537
5.589712
5.596834
5.604027
5.611176
5.618286
5.625506
5.632625
5.639719
5.646877
5.654052
5.661105
5.668212
5.675420
5.682425
5.689670
5.696681
5.703682
5.710927
5.717994
5.725062
5.732034
5.739152
5.746262
5.753327
5.760425
5.767423
5.774652
5.781640
5.788707
5.795700
5.802794
5.809841
5.816915
5.823917
5.830982
5.837956
5.845060
5.851996
5.859031
5.866096
5.872986
5.880096
5.887077
5.894103
5.901134
5.908022
5.915090
5.922008
5.928935
5.935853
5.942872
5.949898
5.956765
5.963707
5.970759
5.977623
5.984586
5.991498
5.998401
6.005310
6.012273
6.019104
6.025989
6.032901
6.039792
6.046614
6.053532
6.060329
6.067247
6.074088
6.080976
6.087791
6.094593
6.101411
6.108243
6.115128
6.121731
6.128622
6.135432
6.142194
6.148908
6.155640
6.162438
6.169266
6.176016
6.182731
6.189472
6.196183
6.202927
6.209647
6.216343
6.223042
6.229736
6.236477
6.243188
6.249896
6.256580
6.263181
6.269928
6.276615
0.000057
0.006675
0.013389
0.020056
0.026701
0.033391
0.039994
0.046601
0.053258
0.059852
0.066491
0.073173
0.079758
0.086433
0.093043
0.099694
0.106300
0.112954
0.119600
0.126104
0.132884
0.139365
0.146004
0.152625
0.159231
0.165859
0.172456
0.178975
0.185603
0.192251
0.198812
0.205413
0.212034
0.218610
0.225238
0.231871
0.238366
0.245005
0.251618
0.258074
0.264761
0.271314
0.277872
0.284392
0.291088
0.297517
0.304181
0.310703
0.317252
0.323802
0.330390
0.336904
0.343429
0.349987
0.356597
0.363032
0.369740
0.376185
0.382629
0.389266
0.395839
0.402242
0.408851
0.415328
0.421791
0.428316
0.434854
0.441268
0.447830
0.454340
0.460763
0.467307
0.473739
0.480244
0.486769
0.493178
0.499631
0.506160
0.512559
0.519007
0.525493
0.531893
0.538391
0.544767
0.551277
0.557605
0.564050
0.570539
0.576882
0.583290
0.589717
0.596095
0.602528
0.608918
0.615267
0.621667
0.628042
0.634388
0.640740
0.647097
0.653425
0.659827
0.666125
0.672573
0.678834
0.685159
0.691481
0.697835
0.704163
0.710509
0.716818
0.723002
0.729339
0.735631
0.741907
0.748364
0.754515
0.760825
0.767158
0.773483
0.779769
0.786006
0.792346
0.798434
0.804870
0.811065
0.817321
0.823493
0.829824
0.836067
0.842347
0.848639
0.854772
0.861135
0.867406
0.873542
0.879807
0.886120
0.892420
0.898619
0.904947
0.911143
0.917329
0.923672
0.929796
0.936082
0.942326
0.948551
0.954753
0.961048
0.967268
0.973458
0.979707
0.985963
0.992111
0.998415
1.004632
1.010857
1.017176
1.023348
1.029562
1.035770
1.041962
1.048278
1.054429
1.060631
1.066791
1.073163
1.079203
1.085540
1.091697
1.097914
1.104098
1.110389
1.116546
1.122784
1.128992
1.135104
1.141303
1.147594
1.153793
1.159962
1.166179
1.172276
1.178481
1.184692
1.190866
1.197047
1.203222
1.209382
1.215569
1.221813
1.227922
1.234112
1.240235
1.246371
1.252531
1.258691
1.264896
1.271041
1.277273
1.283373
1.289440
1.295573
1.301720
1.307811
1.313989
1.320083
1.326210
1.332322
1.338434
1.344600
1.350607
1.356749
1.362798
1.368904
1.375037
1.381107
1.387267
1.393280
1.399386
1.405483
1.411475
1.417629
1.423693
1.429697
1.435824
1.441891
1.447892
1.453965
1.460026
1.466138
1.472109
1.478149
1.484162
1.490301
1.496278
1.502274
1.508337
1.514393
1.520379
1.526410
1.532429
1.538418
1.544446
1.550432
1.556409
1.562404
1.568378
1.574374
1.580384
1.586337
1.592356
1.598384
1.604334
1.610338
1.616318
1.622254
1.628291
1.634301
1.640311
1.646246
1.652250
1.658221
1.664213
1.670274
1.676165
1.682181
1.688146
1.694195
1.700094
1.706131
1.712126
1.718058
1.724051
1.730049
1.735987
1.742000
1.748025
1.753849
1.759937
1.765965
1.771820
1.777902
1.783795
1.789700
1.795815
1.801732
1.807712
1.813738
1.819577
1.825665
1.831501
1.837481
1.843485
1.849445
1.855407
1.861384
1.867295
1.873296
1.879126
1.885247
1.891033
1.897091
1.903005
1.908964
1.914869
1.920826
1.926701
1.932633
1.938604
1.944512
1.950379
1.956398
1.962276
1.968280
1.974137
1.980049
1.985924
1.991874
1.997716
2.003610
2.009584
2.015468
2.021364
2.027267
2.033160
2.039101
2.044871
2.050732
2.056577
2.062485
2.068316
2.074197
2.080060
2.085902
2.091774
2.097626
2.103450
2.109316
2.115192
2.120959
2.126831
2.132620
2.138441
2.144227
2.150111
2.155809
2.161643
2.167425
2.173198
2.178960
2.184775
2.190540
2.196334
2.202164
2.207878
2.213642
2.219424
2.225123
2.230866
2.236634
2.242302
2.247995
2.253723
2.259437
2.265189
2.270846
2.276637
2.282306
2.288046
2.293688
2.299329
2.305058
2.310705
2.316374
2.322069
2.327693
2.333341
2.339012
2.344654
2.350349
2.356066
2.361546
2.367292
2.372856
2.378557
2.384154
2.389897
2.395398
2.401039
2.406702
2.412302
2.417886
2.423618
2.429131
2.434727
2.440348
2.445944
2.451529
2.457123
2.462743
2.468367
2.473954
2.479572
2.485193
2.490780
2.496335
2.501944
2.507537
2.513227
2.518674
2.524354
2.529876
2.535460
2.541096
2.546615
2.552217
2.557790
2.563348
2.568906
2.574532
2.580060
2.585614
2.591193
2.596733
2.602291
2.607899
2.613355
2.618931
2.624518
2.630046
2.635568
2.641104
2.646608
2.652250
2.657679
2.663266
2.668749
2.674376
2.679870
2.685350
2.690908
2.696397
2.701918
2.707461
2.712923
2.718388
2.723957
2.729338
2.734893
2.740406
2.745963
2.751404
2.756932
2.762373
2.767877
2.773309
2.778800
2.784268
2.789733
2.795171
2.800611
2.806067
2.811502
2.817009
2.822435
2.827831
2.833275
2.838721
2.844168
2.849603
2.855032
2.860443
2.865854
2.871294
2.876720
2.882068
2.887449
2.892821
2.898316
2.903598
2.908973
2.914387
2.919768
2.925113
2.930500
2.935874
2.941169
2.946552
2.951954
2.957131
2.962551
2.967917
2.973169
2.978502
2.983787
2.989126
2.994486
2.999774
3.005092
3.010350
3.015707
3.020926
3.026257
3.031529
3.036821
3.042070
3.047343
3.052586
3.057889
3.063138
3.068348
3.073561
3.078897
3.084083
3.089303
3.094558
3.099762
3.105008
3.110287
3.115461
3.120710
3.125905
3.131058
3.136254
3.141455
3.146653
3.151839
3.157007
3.162143
3.167386
3.172623
3.177734
3.182905
3.188124
3.193230
3.198395
3.203569
3.208719
3.213872
3.219056
3.224188
3.229365
3.234539
3.239711
3.244810
3.250014
3.255140
3.260273
3.265489
3.270522
3.275615
3.280756
3.285871
3.291027
3.296150
3.301255
3.306409
3.311538
3.316652
3.321760
3.326881
3.331998
3.337055
3.342158
3.347272
3.352317
3.357452
3.362507
3.367657
3.372687
3.377733
3.382856
3.387898
3.392974
3.398034
3.403049
3.408125
3.413197
3.418227
3.423285
3.428363
3.433378
3.438400
3.443442
3.448461
3.453464
3.458503
3.463507
3.468552
3.473601
3.478610
3.483557
3.488566
3.493533
3.498549
3.503453
3.508499
3.513436
3.518431
3.523368
3.528336
3.533330
3.538295
3.543241
3.548259
3.553089
3.558035
3.562997
3.567950
3.572866
3.577791
3.582705
3.587610
3.592541
3.597416
3.602317
3.607258
3.612099
3.616956
3.621884
3.626702
3.631589
3.636472
3.641284
3.646114
3.650961
3.655749
3.660590
3.665450
3.670223
3.675037
3.679879
3.684661
3.689430
3.694281
3.699003
3.703797
3.708563
3.713300
3.718055
3.722848
3.727591
3.732328
3.737014
3.741843
3.746466
3.751314
3.755934
3.760614
3.765360
3.770025
3.774725
3.779405
3.784079
3.788861
3.793499
3.798131
3.802819
3.807511
3.812062
3.816712
3.821386
3.826075
3.830736
3.835371
3.839937
3.844581
3.849177
3.853800
3.858423
3.863055
3.867654
3.872259
3.876879
3.881445
3.886053
3.890607
3.895164
3.899724
3.904269
3.908850
3.913392
3.917976
3.922512
3.927096
3.931638
3.936138
3.940674
3.945267
3.949797
3.954252
3.958860
3.963339
3.967845
3.972399
3.976851
3.981366
3.985860
3.990360
3.994900
3.999378
4.003876
4.008331
4.012900
4.017331
4.021777
4.026256
4.030750
4.035229
4.039679
4.044098
4.048592
4.053086
4.057442
4.061951
4.066373
4.070805
4.075244
4.079682
4.084155
4.088604
4.093011
4.097394
4.101817
4.106314
4.110709
4.115053
4.119512
4.123888
4.128320
4.132703
4.137071
4.141521
4.145927
4.150323
4.154670
4.159146
4.163515
4.167877
4.172308
4.176613
4.180994
4.185400
4.189745
4.194122
4.198505
4.202847
4.207125
4.211508
4.215891
4.220257
4.224577
4.228912
4.233311
4.237646
4.241930
4.246244
4.250619
4.254933
4.259217
4.263496
4.267831
4.272166
4.276496
4.280690
4.285056
4.289355
4.293612
4.297849
4.302163
4.306459
4.310684
4.315001
4.319288
4.323600
4.327809
4.332040
4.336276
4.340530
4.344839
4.349000
4.353213
4.357464
4.361703
4.365952
4.370111
4.374326
4.378619
4.382793
4.386961
4.391170
4.395367
4.399589
4.403753
4.407921
4.412109
4.416310
4.420477
4.424615
4.428794
4.432920
4.437123
4.441243
4.445398
4.449536
4.453640
4.457826
4.461856
4.466038
4.470161
4.474220
4.478367
4.482436
4.486459
4.490597
4.494729
4.498761
4.502824
4.506877
4.511018
4.515030
4.519161
4.523134
4.527200
4.531239
4.535226
4.539262
4.543250
4.547244
4.551285
4.555231
4.559246
4.563254
4.567227
4.571197
4.575113
4.579130
4.583088
4.587100
4.591013
4.594934
4.598907
4.602838
4.606802
4.610730
4.614634
4.618486
4.622499
4.626378
4.630255
4.634186
4.638069
4.642021
4.645867
4.649714
4.653588
4.657558
4.661378
4.665255
4.669039
4.672913
4.676754
4.680601
4.684430
4.688238
4.692052
4.695854
4.699697
4.703554
4.707296
4.711098
4.714942
4.718681
4.722513
4.726315
4.730045
4.733826
4.737628
4.741433
4.745187
4.748953
4.752722
4.756521
4.760311
4.764053
4.767816
4.771606
4.775324
4.779108
4.782919
4.786544
4.790401
4.794116
4.797899
4.801590
4.805309
4.809045
4.812742
4.816478
4.820157
4.823872
4.827545
4.831324
4.834943
4.838696
4.842331
4.846052
4.849713
4.853416
4.857108
4.860754
4.864415
4.868136
4.871755
4.875399
4.879123
4.882757
4.886385
4.890037
4.893635
4.897231
4.900940
4.904508
4.908124
4.911809
4.915318
4.918898
4.922505
4.926092
4.929693
4.933222
4.936836
4.940380
4.943972
4.947531
4.951136
4.954692
4.958251
4.961792
4.965382
4.968890
4.972471
4.976003
4.979496
4.983032
4.986573
4.990025
4.993566
4.997113
5.000553
5.004082
5.007599
5.011072
5.014541
5.018032
5.021534
5.024992
5.028506
5.031921
5.035352
5.038851
5.042294
5.045751
5.049191
5.052555
5.056031
5.059461
5.062882
5.066280
5.069774
5.073150
5.076571
5.079966
5.083394
5.086761
5.090171
5.093574
5.096939
5.100384
5.103689
5.107059
5.110439
5.113780
5.117231
5.120566
5.123888
5.127232
5.130614
5.133958
5.137263
5.140648
5.143950
5.147233
5.150550
5.153861
5.157159
5.160491
5.163778
5.167068
5.170351
5.173617
5.176865
5.180190
5.183417
5.186688
5.189919
5.193154
5.196378
5.199635
5.202840
5.206052
5.209318
5.212481
5.215742
5.218920
5.222111
5.225320
5.228510
5.231678
5.234859
5.238032
5.241184
5.244297
5.247446
5.250592
5.253722
5.256811
5.259897
5.263004
5.266126
5.269194
5.272313
5.275399
5.278470
5.281541
5.284594
5.287662
5.290757
5.293830
5.296869
5.299882
5.302945
5.305943
5.308982
5.312016
5.315010
5.318054
5.321017
5.324013
5.326991
5.330002
5.332974
5.335958
5.338927
5.341923
5.344835
5.347811
5.350765
5.353695
5.356640
5.359546
5.362470
5.365416
5.368370
5.371243
5.374164
5.377019
5.379955
5.382855
5.385746
5.388689
5.391565
5.394417
5.397299
5.400182
5.403037
5.405901
5.408783
5.411621
5.414449
5.417307
5.420115
5.422966
5.425813
5.428617
5.431418
5.434271
5.437045
5.439864
5.442681
5.445473
5.448271
5.451036
5.453805
5.456571
5.459339
5.462125
5.464914
5.467650
5.470349
5.473094
5.475865
5.478603
5.481345
5.484080
5.486750
5.489473
5.492176
5.494872
5.497613
5.500319
5.503012
5.505697
5.508396
5.511048
5.513726
5.516432
5.519101
5.521803
5.524467
5.527065
5.529704
5.532377
5.535025
5.537656
5.540295
5.542875
5.545506
5.548121
5.550668
5.553319
5.555953
5.558589
5.561121
5.563745
5.566265
5.568869
5.571457
5.574052
5.576581
5.579166
5.581731
5.584223
5.586752
5.589272
5.591846
5.594338
5.596870
5.599399
5.601909
5.604405
5.606930
5.609471
5.611979
5.614490
5.616958
5.619412
5.621896
5.624376
5.626809
5.629278
5.631771
5.634189
5.636652
5.639090
5.641499
5.643959
5.646368
5.648809
5.651224
5.653654
5.656048
5.658472
5.660848
5.663235
5.665611
5.668032
5.670402
5.672799
5.675148
5.677485
5.679875
5.682219
5.684597
5.686922
5.689274
5.691599
5.693951
5.696303
5.698595
5.700974
5.703296
5.705621
5.707912
5.710258
5.712544
5.714863
5.717155
5.719460
5.721739
5.724028
5.726305
5.728603
5.730898
5.733166
5.735398
5.737648
5.739911
5.742197
5.744452
5.746699
5.748901
5.751194
5.753393
5.755631
5.757833
5.760080
5.762306
5.764562
5.766758
5.768969
5.771216
5.773386
5.775578
5.777796
5.779947
5.782122
5.784321
5.786529
5.788689
5.790867
5.793031
5.795187
5.797372
5.799517
5.801674
5.803858
5.805967
5.808169
5.810291
5.812448
5.814575
5.816705
5.818802
5.820948
5.823054
5.825172
5.827291
5.829367
5.831464
5.833600
5.835703
5.837780
5.839895
5.841965
5.844032
5.846142
5.848218
5.850282
5.852344
5.854402
5.856478
5.858539
5.860607
5.862653
5.864693
5.866713
5.868738
5.870811
5.872804
5.874841
5.876860
5.878912
5.880926
5.882939
5.884920
5.886906
5.888925
5.890891
5.892865
5.894873
5.896850
5.898806
5.900837
5.902776
5.904750
5.906710
5.908642
5.910587
5.912528
5.914496
5.916444
5.918395
5.920321
5.922233
5.924159
5.926079
5.928012
5.929938
5.931841
5.933761
5.935691
5.937581
5.939475
5.941356
5.943238
5.945098
5.946983
5.948849
5.950713
5.952568
5.954452
5.956322
5.958188
5.960007
5.961840
5.963665
5.965475
5.967314
5.969141
5.970987
5.972821
5.974672
5.976473
5.978277
5.980065
5.981884
5.983664
5.985455
5.987232
5.989003
5.990791
5.992577
5.994339
5.996154
5.997892
5.999666
6.001403
6.003141
6.004882
6.006643
6.008393
6.010140
6.011880
6.013600
6.015317
6.017019
6.018754
6.020506
6.022202
6.023898
6.025611
6.027337
6.029030
6.030750
6.032436
6.034111
6.035771
6.037446
6.039082
6.040765
6.042443
6.044121
6.045769
6.047450
6.049067
6.050704
6.052369
6.054035
6.055641
6.057274
6.058886
6.060527
6.062169
6.063808
6.065417
6.067056
6.068668
6.070280
6.071891
6.073488
6.075088
6.076697
6.078267
6.079828
6.081425
6.083001
6.084604
6.086206
6.087747
6.089349
6.090940
6.092489
6.094032
6.095599
6.097112
6.098649
6.100195
6.101726
6.103230
6.104788
6.106310
6.107892
6.109420
6.110933
6.112464
6.114001
6.115493
6.117018
6.118489
6.119993
6.121491
6.123001
6.124484
6.125973
6.127439
6.128918
6.130414
6.131915
6.133391
6.134871
6.136361
6.137790
6.139270
6.140720
6.142176
6.143605
6.145094
6.146547
6.147943
6.149396
6.150814
6.152264
6.153708
6.155143
6.156557
6.157989
6.159403
6.160817
6.162213
6.163630
6.165054
6.166447
6.167855
6.169221
6.170588
6.171954
6.173338
6.174743
6.176118
6.177490
6.178886
6.180256
6.181643
6.183024
6.184378
6.185760
6.187114
6.188459
6.189774
6.191123
6.192453
6.193777
6.195119
6.196441
6.197759
6.199089
6.200434
6.201791
6.203131
6.204458
6.205773
6.207098
6.208425
6.209725
6.211022
6.212302
6.213593
6.214887
6.216143
6.217437
6.218710
6.220007
6.221263
6.222569
6.223845
6.225128
6.226425
6.227684
6.228954
6.230239
6.231503
6.232759
6.234008
6.235249
6.236492
6.237729
6.238966
6.240210
6.241429
6.242655
6.243877
6.245111
6.246340
6.247571
6.248785
6.250013
6.251238
6.252479
6.253674
6.254890
6.256086
6.257284
6.258471
6.259666
6.260826
6.262015
6.263202
6.264403
6.265560
6.266743
6.267909
6.269077
6.270260
6.271420
6.272576
6.273736
6.274901
6.276058
6.277217
6.278356
6.279509
6.280678
6.281789
6.282931
0.000875
0.002007
0.003116
0.004236
0.005348
0.006471
0.007601
0.008713
0.009821
0.010948
0.012059
0.013177
0.014309
0.015418
0.016502
0.017596
0.018686
0.019786
0.020903
0.021967
0.023034
0.024106
0.025179
0.026239
0.027288
0.028340
0.029409
0.030494
0.031539
0.032636
0.033679
0.034763
0.035818
0.036884
0.037948
0.038994
0.040036
0.041058
0.042092
0.043113
0.044132
0.045154
0.046190
0.047191
0.048192
0.049192
0.050205
0.051230
0.052212
0.053231
0.054253
0.055277
0.056284
0.057312
0.058303
0.059304
0.060329
0.061302
0.062306
0.063256
0.064223
0.065176
0.066159
0.067112
0.068076
0.069056
0.070018
0.070974
0.071953
0.072885
0.073817
0.074737
0.075695
0.076657
0.077598
0.078560
0.079527
0.080483
0.081424
0.082365
0.083299
0.084225
0.085142
0.086047
0.086946
0.087874
0.088788
0.089675
0.090580
0.091491
0.092362
0.093222
0.094127
0.095011
0.095856
0.096755
0.097629
0.098522
0.099409
0.100281
0.101180
0.102073
0.102965
0.103849
0.104733
0.105617
0.106465
0.107322
0.108158
0.109009
0.109829
0.110674
0.111504
0.112343
0.113146
0.113964
0.114788
0.115615
0.116430
0.117230
0.118009
0.118833
0.119624
0.120417
0.121199
0.122005
0.122817
0.123635
0.124453
0.125268
0.126080
0.126892
0.127704
0.128504
0.129292
0.130065
0.130838
0.131608
0.132360
0.133109
0.133849
0.134598
0.135350
0.136102
0.136824
0.137564
0.138307
0.139029
0.139757
0.140470
0.141186
0.141893
0.142621
0.143331
0.144041
0.144778
0.145518
0.146267
0.147002
0.147748
0.148467
0.149207
0.149929
0.150642
0.151340
0.152041
0.152748
0.153449
0.154132
0.154824
0.155489
0.156154
0.156829
0.157497
0.158135
0.158770
0.159420
0.160076
0.160723
0.161365
0.162003
0.162644
0.163300
0.163932
0.164570
0.165206
0.165841
0.166470
0.167096
0.167713
0.168336
0.168972
0.169607
0.170263
0.170895
0.171539
0.172177
0.172819
0.173457
0.174068
0.174694
0.175311
0.175919
0.176498
0.177079
0.177663
0.178241
0.178805
0.179362
0.179913
0.180458
0.181010
0.181582
0.182145
0.182700
0.183278
0.183823
0.184383
0.184941
0.185486
0.186010
0.186552
0.187083
0.187604
0.188113
0.188641
0.189177
0.189713
0.190244
0.190789
0.191319
0.191837
0.192392
0.192946
0.193494
0.194046
0.194600
0.195139
0.195672
0.196197
0.196706
0.197218
0.197716
0.198204
0.198686
0.199163
0.199648
0.200110
0.200577
0.201032
0.201470
0.201922
0.202363
0.202806
0.203237
0.203681
0.204118
0.204565
0.204987
0.205419
0.205829
0.206243
0.206668
0.207093
0.207498
0.207920
0.208349
0.208762
0.209164
0.209559
0.209943
0.210347
0.210737
0.211117
0.211477
0.211845
0.212229
0.212606
0.213008
0.213397
0.213781
0.214188
0.214596
0.215009
0.215422
0.215854
0.216282
0.216696
0.217109
0.217526
0.217924
0.218314
0.218709
0.219105
0.219482
0.219863
0.220216
0.220558
0.220896
0.221220
0.221519
0.221831
0.222134
0.222421
0.222688
0.222964
0.223236
0.223503
0.223757
0.224006
0.224252
0.224509
0.224761
0.225007
0.225252
0.225495
0.225765
0.226028
0.226295
0.226547
0.226798
0.227053
0.227308
0.227550
0.227781
0.228027
0.228258
0.228482
0.228707
0.228935
0.229153
0.229369
0.229603
0.229836
0.230064
0.230298
0.230523
0.230741
0.230957
0.231161
0.231343
0.231532
0.231727
0.231913
0.232089
0.232278
0.232455
0.232626
0.232794
0.232958
0.233114
0.233279
0.233444
0.233600
0.233743
0.233899
0.234049
0.234202
0.234358
0.234501
0.234651
0.234813
0.234975
0.235136
0.235292
0.235469
0.235643
0.235826
0.236008
0.236188
0.236359
0.236545
0.236754
0.236958
0.237156
0.237366
0.237584
0.237809
0.238034
0.238258
0.238480
0.238717
0.238950
0.239190
0.239421
0.239661
0.239891
0.240119
0.240332
0.240550
0.240748
0.240952
0.241156
0.241350
0.241530
0.241707
0.241893
0.242075
0.242243
0.242399
0.242540
0.242687
0.242821
0.242938
0.243031
0.243136
0.243223
0.243292
0.243340
0.243373
0.243394
0.243403
0.243424
0.243430
0.243430
0.243430
0.243430
0.243430
0.243430
0.243430
0.243430
0.243424
0.243334
0.243235
0.243115
0.243001
0.242881
0.242755
0.242624
0.242483
0.242333
0.242198
0.242063
0.241929
0.241788
0.241659
0.241521
0.241380
0.241248
0.241105
0.240958
0.240820
0.240679
0.240547
0.240404
0.240275
0.240152
0.240032
0.239906
0.239786
0.239661
0.239544
0.239442
0.239343
0.239229
0.239136
0.239046
0.238956
0.238876
0.238795
0.238714
0.238657
0.238609
0.238561
0.238516
0.238498
0.238483
0.238480
0.238480
0.238480
0.238471
0.238471
0.238471
0.238471
0.238471
0.238471
0.238471
0.238471
0.238471
0.238471
0.238480
0.238552
0.238630
0.238705
0.238774
0.238855
0.238927
0.238998
0.239076
0.239148
0.239208
0.239265
0.239334
0.239397
0.239460
0.239538
0.239610
0.239679
0.239741
0.239795
0.239837
0.239885
0.239945
0.239999
0.240047
0.240095
0.240137
0.240173
0.240200
0.240227
0.240248
0.240278
0.240302
0.240317
0.240329
0.240347
0.240365
0.240383
0.240395
0.240404
0.240407
0.240416
0.240416
0.240416
0.240416
0.240416
0.240416
0.240416
0.240416
0.240416
0.240416
0.240416
0.240416
0.240416
0.240416
0.240416
0.240416
0.240416
0.240416
0.240416
0.240416
0.240416
0.240416
0.240416
0.240416
0.240416
0.240416
0.240407
0.240392
0.240368
0.240344
0.240335
0.240326
0.240305
0.240281
0.240257
0.240248
0.240230
0.240212
0.240191
0.240170
0.240161
0.240152
0.240143
0.240128
0.240122
0.240119
0.240119
0.240119
0.240119
0.240107
0.240098
0.240098
0.240098
0.240098
0.240098
0.240098
0.240098
0.240098
0.240098
0.240095
0.240086
0.240086
0.240086
0.240086
0.240086
0.240086
0.240086
0.240086
0.240086
0.240086
0.240086
0.240086
0.240086
0.240086
0.240086
0.240086
0.240086
0.240086
0.240086
0.240086
0.240086
0.240086
0.240086
0.240086
0.240086
0.240086
0.240086
0.240086
0.240086
0.240086
0.240086
0.240086
0.240086
0.240086
0.240086
0.240086
0.240086
0.240086
0.240086
0.240086
0.240086
0.240086
0.240086
0.240086
0.240086
0.240086
0.240086
0.240086
0.240086
0.240086
0.240086
0.240086
0.240086
0.240086
0.240086
0.240086
0.240086
0.240086
0.240086
0.240086
0.240086
0.240086
0.240086
0.240086
0.240086
0.240086
0.240086
0.240086
0.240086
0.240086
0.240086
0.240086
0.240086
0.240086
0.240086
0.240086
0.240086
0.240086
0.240086
0.240086
0.240086
0.240086
0.240086
0.240086
0.240086
0.240086
0.240086
0.240086
0.240086
0.240086
0.240086
0.240086
0.240086
0.240086
0.240086
0.240086
0.240086
0.240086
0.240086
0.240086