0.240086
0.240086
0.240086
0.240086
0.240086
0.240086
0.240086
0.240158
0.240511
0.240952
0.241455
0.242036
0.242708
0.243472
0.244352
0.245377
0.246495
0.247717
0.249059
0.250512
0.252112
0.253820
0.255698
0.257682
0.259812
0.262047
0.264336
0.266739
0.269330
0.272003
0.274795
0.277740
0.280778
0.283957
0.287223
0.290635
0.294165
0.297805
0.301556
0.305412
0.309445
0.313618
0.317846
0.322271
0.326744
0.331358
0.336143
0.340972
0.346030
0.351129
0.356255
0.361597
0.367143
0.372784
0.378480
0.384376
0.390350
0.396381
0.402640
0.408908
0.415385
0.421956
0.428628
0.435447
0.442488
0.449435
0.456665
0.463969
0.471435
0.478953
0.486691
0.494397
0.502325
0.510405
0.518560
0.526836
0.535317
0.543784
0.552401
0.561230
0.570066
0.579045
0.588156
0.597420
0.606701
0.616298
0.625876
0.635529
0.645428
0.655264
0.665409
0.675668
0.685722
0.696352
0.706836
0.717496
0.728141
0.739016
0.749952
0.761076
0.772389
0.783637
0.795066
0.806724
0.818457
0.830174
0.842140
0.854059
0.866046
0.878156
0.890098
0.902154
0.914330
0.926453
0.938583
0.950942
0.963013
0.975240
0.987620
0.999667
1.012077
1.024304
1.036333
1.048647
1.060999
1.073029
1.085372
1.097830
1.110042
1.122278
1.134412
1.146791
1.158970
1.171350
1.183547
1.195732
1.208199
1.220228
1.232613
1.245047
1.257307
1.269588
1.281902
1.294030
1.306388
1.318603
1.330698
1.343105
1.355356
1.367568
1.379810
1.392037
1.404192
1.416484
1.428571
1.440902
1.452946
1.465275
1.477403
1.489531
1.501959
1.513850
1.526131
1.538274
1.550354
1.562584
1.574766
1.586891
1.598959
1.611150
1.623353
1.635322
1.647747
1.659716
1.671922
1.684110
1.696379
1.708519
1.720764
1.732799
1.745281
1.757439
1.769564
1.781599
1.793865
1.805903
1.818178
1.830474
1.842506
1.855035
1.866992
1.879348
1.891455
1.903958
1.915948
1.928271
1.940450
1.952566
1.964760
1.976975
1.989160
2.001192
2.013434
2.025681
2.037875
2.049973
2.062119
2.074281
2.086415
2.098591
2.110617
2.122751
2.134897
2.147061
2.159009
2.171050
2.183061
2.195252
2.207060
2.219239
2.231262
2.243144
2.255111
2.267143
2.279073
2.291081
2.302976
2.314981
2.326830
2.338829
2.350589
2.362447
2.374408
2.386212
2.398097
2.409896
2.421712
2.433649
2.445648
2.457464
2.469356
2.481178
2.492994
2.504853
2.516795
2.528668
2.540530
2.552427
2.564202
2.576036
2.587955
2.599729
2.611722
2.623569
2.635328
2.647135
2.659147
2.670867
2.682729
2.694563
2.706344
2.718214
2.730090
2.741805
2.753624
2.765348
2.777191
2.788927
2.800818
2.812536
2.824205
2.836091
2.847772
2.859448
2.871181
2.882916
2.894514
2.906223
2.917844
2.929580
2.941375
2.952823
2.964484
2.976219
2.987709
2.999136
3.011022
3.022380
3.033959
3.045542
3.057053
3.068621
3.080293
3.091630
3.103072
3.114649
3.126061
3.137494
3.148954
3.160357
3.171778
3.183268
3.194749
3.206280
3.217591
3.229044
3.240484
3.252006
3.263406
3.274815
3.286206
3.297540
3.309141
3.320490
3.331881
3.343284
3.354663
3.366180
3.377568
3.389079
3.400584
3.412038
3.423336
3.434736
3.446253
3.457566
3.468975
3.480402
3.491676
3.503163
3.514575
3.525912
3.537252
3.548682
3.559947
3.571335
3.582747
3.594039
3.605451
3.616833
3.628122
3.639357
3.650650
3.661828
3.673210
3.684544
3.695683
3.706922
3.718187
3.729428
3.740690
3.751880
3.762960
3.774234
3.785466
3.796561
3.807727
3.819010
3.829957
3.841298
3.852176
3.863310
3.874332
3.885639
3.896647
3.907684
3.918947
3.929786
3.941063
3.952086
3.963141
3.974146
3.985231
3.996299
4.007366
4.018523
4.029585
4.040670
4.051713
4.062826
4.073789
4.084949
4.095917
4.107000
4.118145
4.129275
4.140277
4.151425
4.162523
4.173485
4.184613
4.195761
4.206888
4.217896
4.229074
4.240262
4.251257
4.262340
4.273485
4.284567
4.295650
4.306867
4.317853
4.328930
4.339997
4.351208
4.362243
4.373269
4.384312
4.395487
4.406504
4.417571
4.428666
4.439823
4.450705
4.461805
4.472783
4.483946
4.494905
4.505826
4.517052
4.528006
4.538899
4.550066
4.560752
4.572111
4.582825
4.593910
4.604771
4.615634
4.626543
4.637608
4.648549
4.659359
4.670498
4.681341
4.692214
4.703227
4.714166
4.725104
4.735947
4.746915
4.757701
4.768631
4.779659
4.790562
4.801387
4.812370
4.823360
4.834229
4.845219
4.856143
4.867132
4.877990
4.888926
4.900008
4.910857
4.921688
4.932842
4.943828
4.954917
4.965754
4.976761
4.987622
4.998689
5.009694
5.020555
5.031568
5.042417
5.053331
5.064567
5.075460
5.086309
5.097289
5.108186
5.119275
5.130045
5.141095
5.152024
5.162978
5.173941
5.184921
5.195629
5.206666
5.217524
5.228403
5.239368
5.250193
5.261021
5.271849
5.282661
5.293579
5.304365
5.315210
5.325936
5.336734
5.347556
5.358423
5.369175
5.379979
5.390621
5.401335
5.412031
5.422592
5.433611
5.444200
5.454803
5.465514
5.476060
5.486722
5.497467
5.508007
5.518607
5.529359
5.539896
5.550503
5.561196
5.571877
5.582324
5.592984
5.603740
5.614259
5.624859
5.635378
5.646011
5.656719
5.667232
5.677925
5.688411
5.698957
5.709588
5.720191
5.730752
5.741303
5.751957
5.762506
5.773116
5.783776
5.794184
5.804847
5.815441
5.825933
5.836563
5.847142
5.857595
5.868112
5.878709
5.889159
5.899774
5.910254
5.920794
5.931283
5.941773
5.952178
5.962727
5.973234
5.983687
5.994108
6.004603
6.015143
6.025455
6.035897
6.046266
6.056794
6.067098
6.077431
6.087801
6.098164
6.108491
6.118789
6.129194
6.139438
6.149750
6.160071
6.170360
6.180714
6.190853
6.201288
6.211385
6.221790
6.231827
6.242043
6.252551
6.262446
6.272900
6.282889
0.009923
0.020157
0.030353
0.040561
0.050573
0.060964
0.070980
0.081259
0.091461
0.101599
0.111678
0.121907
0.131937
0.142319
0.152314
0.162698
0.172675
0.182780
0.192991
0.203264
0.213475
0.223440
0.233689
0.243897
0.254102
0.264090
0.274439
0.284449
0.294512
0.304711
0.314987
0.325048
0.335220
0.345224
0.355503
0.365519
0.375613
0.385916
0.396058
0.406145
0.416248
0.426411
0.436474
0.446550
0.456737
0.466735
0.476822
0.486850
0.496965
0.507041
0.516993
0.527111
0.537091
0.547164
0.557234
0.567288
0.577205
0.587182
0.597258
0.607169
0.617301
0.627164
0.637105
0.647145
0.656963
0.667102
0.676953
0.686867
0.696820
0.706692
0.716711
0.726529
0.736515
0.746381
0.756235
0.766131
0.776125
0.785901
0.795747
0.805765
0.815500
0.825452
0.835276
0.845208
0.855074
0.864937
0.874866
0.884699
0.894586
0.904405
0.914208
0.924232
0.934140
0.943896
0.953842
0.963858
0.973637
0.983512
0.993438
1.003433
1.013242
1.023243
1.033055
1.043122
1.052892
1.062881
1.072756
1.082538
1.092563
1.102522
1.112391
1.122320
1.132290
1.142142
1.152097
1.162110
1.171853
1.181929
1.191792
1.201724
1.211563
1.221564
1.231367
1.241275
1.251210
1.261043
1.270927
1.280838
1.290812
1.300624
1.310475
1.320461
1.330186
1.340262
1.349903
1.359859
1.369731
1.379687
1.389373
1.399287
1.409108
1.419001
1.428846
1.438664
1.448464
1.458238
1.467978
1.477820
1.487635
1.497573
1.507268
1.517038
1.526865
1.536602
1.546495
1.556113
1.565994
1.575719
1.585480
1.595304
1.605092
1.614743
1.624591
1.634319
1.644164
1.653961
1.663785
1.673510
1.683160
1.693026
1.702961
1.712657
1.722541
1.732368
1.742237
1.751980
1.761840
1.771667
1.781587
1.791252
1.801082
1.811059
1.820748
1.830653
1.840453
1.850262
1.860087
1.869860
1.879756
1.889604
1.899557
1.909249
1.919196
1.929056
1.938799
1.948584
1.958456
1.968379
1.978017
1.988003
1.997651
2.007672
2.017416
2.027132
2.036983
2.046876
2.056481
2.066326
2.076282
2.085905
2.095609
2.105544
2.115276
2.124854
2.134729
2.144421
2.154161
2.163908
2.173552
2.183319
2.193029
2.202674
2.212384
2.222178
2.231819
2.241413
2.251198
2.260737
2.270355
2.280119
2.289619
2.299237
2.308893
2.318453
2.328127
2.337796
2.347152
2.356743
2.366477
2.376055
2.385745
2.395107
2.404794
2.414306
2.423908
2.433436
2.442987
2.452587
2.462126
2.471668
2.481373
2.490783
2.500374
2.510114
2.519519
2.529061
2.538627
2.548131
2.557742
2.567357
2.576851
2.586400
2.596008
2.605454
2.614988
2.624608
2.634154
2.643522
2.653313
2.662682
2.672368
2.681725
2.691399
2.700846
2.710418
2.719871
2.729437
2.738917
2.748390
2.757948
2.767400
2.776943
2.786353
2.795779
2.805360
2.814855
2.824307
2.833676
2.843141
2.852698
2.862067
2.871363
2.880933
2.890337
2.899763
2.909162
2.918563
2.927893
2.937321
2.946612
2.955981
2.965392
2.974724
2.983979
2.993375
3.002702
3.012031
3.021421
3.030634
3.039853
3.049257
3.058410
3.067746
3.076983
3.086216
3.095456
3.104678
3.113912
3.123188
3.132395
3.141518
3.150866
3.160018
3.169252
3.178330
3.187714
3.196762
3.205930
3.215188
3.224242
3.233632
3.242650
3.251791
3.261141
3.270207
3.279336
3.288591
3.297720
3.306972
3.316164
3.325467
3.334407
3.343581
3.352854
3.362061
3.371058
3.380381
3.389471
3.398493
3.407771
3.416939
3.426101
3.435392
3.444344
3.453509
3.462728
3.471785
3.480968
3.490109
3.499232
3.508355
3.517463
3.526604
3.535703
3.544805
3.553808
3.562976
3.572012
3.581081
3.590123
3.599219
3.608324
3.617318
3.626436
3.635508
3.644385
3.653583
3.662517
3.671490
3.680529
3.689502
3.698467
3.707488
3.716410
3.725455
3.734368
3.743300
3.752297
3.761189
3.770168
3.779031
3.787929
3.796821
3.805683
3.814558
3.823483
3.832537
3.841151
3.850085
3.859037
3.867822
3.876642
3.885474
3.894265
3.903076
3.911999
3.920708
3.929507
3.938328
3.947163
3.955885
3.964867
3.973537
3.982400
3.991244
3.999918
4.008714
4.017589
4.026316
4.035124
4.043942
4.052714
4.061478
4.070259
4.079008
4.087942
4.096661
4.105376
4.114205
4.123110
4.131798
4.140613
4.149493
4.158278
4.167092
4.175933
4.184571
4.193478
4.202232
4.210993
4.219727
4.228565
4.237481
4.246193
4.255005
4.263760
4.272553
4.281322
4.289966
4.298888
4.307697
4.316445
4.325137
4.334023
4.342795
4.351463
4.360220
4.368870
4.377643
4.386565
4.395196
4.403939
4.412703
4.421421
4.430074
4.438978
4.447556
4.456274
4.465029
4.473723
4.482421
4.491211
4.499795
4.508498
4.517196
4.525857
4.534549
4.543172
4.551812
4.560468
4.569145
4.577716
4.586402
4.595030
4.603575
4.612153
4.620793
4.629341
4.637964
4.646574
4.655131
4.663697
4.672335
4.680897
4.689439
4.698077
4.706627
4.715091
4.723666
4.732109
4.740660
4.749372
4.757872
4.766462
4.774961
4.783471
4.792117
4.800761
4.809146
4.817763
4.826368
4.834871
4.843461
4.852020
4.860622
4.869095
4.877723
4.886187
4.894750
4.903402
4.911884
4.920480
4.929043
4.937626
4.946120
4.954752
4.963198
4.971671
4.980413
4.988772
4.997314
5.005892
5.014524
5.022996
5.031538
5.040032
5.048541
5.057148
5.065612
5.074358
5.082707
5.091348
5.099734
5.108441
5.116779
5.125288
5.133961
5.142263
5.150856
5.159349
5.167822
5.176269
5.184771
5.193196
5.201666
5.210157
5.218552
5.226980
5.235476
5.243854
5.252230
5.260835
5.268996
5.277502
5.285852
5.294301
5.302567
5.310995
5.319360
5.327659
5.335985
5.344260
5.352736
5.361005
5.369256
5.377460
5.385896
5.394088
5.402348
5.410704
5.418901
5.427074
5.435382
5.443583
5.451846
5.460082
5.468252
5.476440
5.484643
5.492879
5.500975
5.509184
5.517268
5.525483
5.533740
5.541844
5.549940
5.558116
5.566265
5.574468
5.582512
5.590590
5.598889
5.606906
5.614987
5.623244
5.631285
5.639375
5.647524
5.655736
5.663760
5.671855
5.679959
5.688016
5.696114
5.704290
5.712284
5.720355
5.728436
5.736534
5.744581
5.752623
5.760826
5.768822
5.776909
5.784941
5.792976
5.800994
5.809114
5.817119
5.825112
5.833157
5.841228
5.849383
5.857221
5.865335
5.873277
5.881252
5.889231
5.897344
5.905260
5.913214
5.921244
5.929168
5.937189
5.945200
5.953077
5.961001
5.969034
5.976928
5.984892
5.992670
6.000681
6.008558
6.016548
6.024290
6.032278
6.040157
6.048013
6.055899
6.063886
6.071550
6.079528
6.087372
6.095036
6.102961
6.110738
6.118450
6.126393
6.134096
6.141927
6.149690
6.157450
6.165329
6.173035
6.180804
6.188519
6.196264
6.204032
6.211714
6.219453
6.227171
6.234835
6.242625
6.250274
6.258012
6.265673
6.273349
6.281013
0.005462
0.013210
0.020817
0.028519
0.036270
0.043751
0.051496
0.059199
0.066764
0.074401
0.082098
0.089675
0.097333
0.104958
0.112604
0.120256
0.128001
0.135530
0.143056
0.150899
0.158413
0.166008
0.173735
0.181264
0.188886
0.196613
0.204139
0.211752
0.219344
0.226927
0.234672
0.242246
0.249853
0.257544
0.265160
0.272692
0.280329
0.287903
0.295546
0.303123
0.310772
0.318292
0.325998
0.333464
0.341029
0.348726
0.356204
0.363796
0.371394
0.379004
0.386509
0.394110
0.401633
0.409243
0.416772
0.424307
0.431876
0.439393
0.446916
0.454478
0.461965
0.469461
0.476963
0.484591
0.492132
0.499499
0.507202
0.514444
0.522075
0.529466
0.537082
0.544467
0.551930
0.559349
0.566818
0.574296
0.581663
0.589094
0.596692
0.604035
0.611516
0.618955
0.626341
0.633738
0.641156
0.648541
0.655936
0.663366
0.670703
0.678109
0.685597
0.692823
0.700115
0.707504
0.714889
0.722271
0.729567
0.737051
0.744298
0.751630
0.759000
0.766265
0.773642
0.780925
0.788205
0.795537
0.802751
0.810122
0.817486
0.824736
0.832116
0.839372
0.846691
0.853924
0.861201
0.868476
0.875747
0.883112
0.890428
0.897759
0.905106
0.912287
0.919505
0.926953
0.934134
0.941448
0.948818
0.956048
0.963343
0.970731
0.977970
0.985277
0.992480
0.999919
1.007082
1.014393
1.021739
1.028966
1.036261
1.043544
1.050825
1.058150
1.065401
1.072735
1.080012
1.087266
1.094531
1.101920
1.109086
1.116372
1.123761
1.130942
1.138286
1.145524
1.152778
1.160028
1.167377
1.174544
1.181818
1.189120
1.196415
1.203666
1.210907
1.218176
1.225369
1.232646
1.239879
1.247147
1.254434
1.261588
1.268857
1.276152
1.283358
1.290527
1.297889
1.305010
1.312243
1.319418
1.326591
1.333898
1.341080
1.348240
1.355557
1.362699
1.369776
1.377134
1.384175
1.391413
1.398511
1.405672
1.412922
1.420026
1.427264
1.434344
1.441487
1.448683
1.455814
1.462908
1.470132
1.477185
1.484282
1.491491
1.498594
1.505725
1.512862
1.519959
1.527111
1.534244
1.541315
1.548356
1.555477
1.562536
1.569643
1.576764
1.583838
1.590927
1.598084
1.605065
1.612268
1.619276
1.626478
1.633510
1.640640
1.647765
1.654779
1.661858
1.668932
1.676093
1.683160
1.690303
1.697383
1.704546
1.711581
1.718697
1.725878
1.732868
1.740023
1.747111
1.754167
1.761253
1.768392
1.775436
1.782495
1.789652
1.796831
1.803833
1.810954
1.818019
1.825102
1.832241
1.839336
1.846341
1.853621
1.860662
1.867702
1.874863
1.881829
1.888900
1.896024
1.903104
1.910112
1.917230
1.924262
1.931396
1.938472
1.945534
1.952551
1.959660
1.966668
1.973766
1.980774
1.987898
1.994885
2.001950
2.009021
2.016082
2.023108
2.030194
2.037028
2.044137
2.051181
2.058147
2.065179
2.072183
2.079194
2.086211
2.093186
2.100121
2.107219
2.114071
2.121136
2.128075
2.135023
2.141997
2.148957
2.155833
2.162838
2.169834
2.176683
2.183625
2.190609
2.197433
2.204510
2.211341
2.218220
2.225111
2.232041
2.238905
2.245772
2.252663
2.259560
2.266367
2.273243
2.280140
2.286974
2.293844
2.300668
2.307401
2.314316
2.321218
2.327939
2.334836
2.341580
2.348375
2.355188
2.361971
2.368742
2.375567
2.382347
2.389133
2.395922
2.402738
2.409509
2.416337
2.422974
2.429877
2.436624
2.443353
2.450103
2.456967
2.463651
2.470404
2.477190
2.483934
2.490690
2.497498
2.504224
2.510944
2.517748
2.524501
2.531248
2.538013
2.544679
2.551424
2.558311
2.564921
2.571773
2.578460
2.585189
2.591933
2.598749
2.605376
2.612154
2.618949
2.625612
2.632221
2.639067
2.645703
2.652442
2.659225
2.665861
2.672668
2.679394
2.685964
2.692735
2.699321
2.706071
2.712779
2.719496
2.726097
2.732811
2.739489
2.746227
2.752896
2.759568
2.766157
2.772946
2.779489
2.786161
2.792861
2.799434
2.806055
2.812788
2.819298
2.826021
2.832675
2.839270
2.845795
2.852497
2.859088
2.865665
2.872253
2.878886
2.885469
2.892081
2.898592
2.905165
2.911756
2.918350
2.924930
2.931389
2.938011
2.944488
2.951067
2.957584
2.964091
2.970641
2.977136
2.983662
2.990184
2.996700
3.003217
3.009724
3.016157
3.022694
3.029130
3.035595
3.041998
3.048442
3.054929
3.061370
3.067869
3.074235
3.080767
3.087193
3.093545
3.100013
3.106428
3.112782
3.119179
3.125654
3.131957
3.138351
3.144801
3.151174
3.157544
3.163931
3.170271
3.176635
3.183037
3.189416
3.195773
3.202152
3.208474
3.214837
3.221198
3.227561
3.233886
3.240229
3.246583
3.252944
3.259311
3.265596
3.271906
3.278431
3.284690
3.290973
3.297328
3.303664
3.309992
3.316356
3.322680
3.328948
3.335270
3.341511
3.347901
3.354235
3.360520
3.366782
3.373134
3.379366
3.385663
3.392027
3.398286
3.404589
3.410875
3.417134
3.423381
3.429661
3.435916
3.442229
3.448467
3.454720
3.460939
3.467222
3.473433
3.479689
3.485920
3.492128
3.498369
3.504565
3.510743
3.517082
3.523338
3.529489
3.535661
3.541902
3.548017
3.554242
3.560426
3.566649
3.572791
3.579017
3.585069
3.591223
3.597374
3.603554
3.609762
3.615865
3.621977
3.628101
3.634255
3.640343
3.646446
3.652603
3.658634
3.664728
3.670870
3.676946
3.682971
3.689053
3.695069
3.701181
3.707257
3.713225
3.719265
3.725335
3.731300
3.737367
3.743390
3.749334
3.755311
3.761357
3.767298
3.773362
3.779291
3.785220
3.791165
3.797190
3.803125
3.809090
3.815043
3.820954
3.826827
3.832810
3.838700
3.844647
3.850523
3.856428
3.862324
3.868238
3.874161
3.880025
3.885954
3.891763
3.897635
3.903517
3.909362
3.915213
3.921116
3.926982
3.932791
3.938696
3.944455
3.950363
3.956175
3.962039
3.967860
3.973669
3.979401
3.985339
3.991151
3.996922
4.002797
4.008574
4.014386
4.020240
4.026016
4.031784
4.037593
4.043412
4.049161
4.054937
4.060744
4.066508
4.072288
4.078139
4.083831
4.089656
4.095441
4.101095
4.106868
4.112725
4.118382
4.124135
4.130010
4.135645
4.141374
4.147225
4.152917
4.158679
4.164423
4.170097
4.175867
4.181653
4.187360
4.193142
4.198880
4.204548
4.210247
4.216077
4.221659
4.227459
4.233143
4.238871
4.244582
4.250292
4.255970
4.261686
4.267433
4.273036
4.278710
4.284450
4.290230
4.295835
4.301594
4.307139
4.312919
4.318494
4.324217
4.329802
4.335596
4.341121
4.346801
4.352482
4.358120
4.363753
4.369398
4.375000
4.380648
4.386253
4.391841
4.397470
4.403067
4.408649
4.414248
4.419899
4.425519
4.431020
4.436692
4.442211
4.447777
4.453365
4.458869
4.464432
4.470149
4.475581
4.481207
4.486702
4.492230
4.497727
4.503333
4.508813
4.514323
4.519866
4.525354
4.530861
4.536326
4.541818
4.547297
4.552807
4.558287
4.563824
4.569304
4.574684
4.580188
4.585566
4.591019
4.596526
4.601924
4.607353
4.612815
4.618202
4.623583
4.629018
4.634444
4.639833
4.645199
4.650610
4.655985
4.661342
4.666750
4.672140
4.677443
4.682848
4.688193
4.693502
4.698859
4.704192
4.709567
4.714855
4.720179
4.725584
4.730848
4.736202
4.741505
4.746859
4.752114
4.757477
4.762714
4.768095
4.773431
4.778692
4.783977
4.789316
4.794592
4.799910
4.805234
4.810435
4.815732
4.821059
4.826362
4.831596
4.836887
4.842157
4.847478
4.852712
4.857895
4.863144
4.868481
4.873742
4.878940
4.884225
4.889495
4.894687
4.899978
4.905164
4.910383
4.915687
4.920899
4.926127
4.931350
4.936536
4.941767
4.946926
4.952169
4.957353
4.962515
4.967731
4.972917
4.978193
4.983284
4.988451
4.993641
4.998794
5.003974
5.009205
5.014302
5.019449
5.024629
5.029716
5.034996
5.040056
5.045188
5.050323
5.055491
5.060608
5.065669
5.070726
5.075901
5.081006
5.086051
5.091231
5.096322
5.101418
5.106466
5.111578
5.116593
5.121707
5.126773
5.131897
5.136873
5.141954
5.146991
5.152000
5.157033
5.162085
5.167094
5.172149
5.177200
5.182195
5.187219
5.192202
5.197187
5.202184
5.207227
5.212128
5.217099
5.222144
5.227043
5.231986
5.236924
5.241918
5.246855
5.251778
5.256701
5.261623
5.266591
5.271429
5.276319
5.281274
5.286181
5.290976
5.295883
5.300734
5.305590
5.310459
5.315282
5.320127
5.324975
5.329798
5.334586
5.339452
5.344218
5.349066
5.353782
5.358683
5.363366
5.368175
5.372939
5.377702
5.382526
5.387173
5.391987
5.396703
5.401410
5.406153
5.410878
5.415606
5.420318
5.425064
5.429798
5.434444
5.439157
5.443780
5.448586
5.453176
5.457847
5.462491
5.467155
5.471829
5.476476
5.481138
5.485695
5.490438
5.495016
5.499696
5.504256
5.508891
5.513523
5.518088
5.522651
5.527346
5.531894
5.536490
5.541122
5.545634
5.550272
5.554742
5.559428
5.563949
5.568593
5.573114
5.577689
5.582210
5.586779
5.591330
5.595917
5.600423
5.604986
5.609477
5.613983
5.618486
5.623016
5.627525
5.632046
5.636535
5.641014
5.645538
5.649972
5.654430
5.658966
5.663418
5.667885
5.672347
5.676810
5.681260
5.685703
5.690110
5.694556
5.699026
5.703469
5.707877
5.712347
5.716727
5.721182
5.725589
5.729951
5.734377
5.738802
5.743125
5.747509
5.751913
5.756308
5.760703
5.765092
5.769454
5.773808
5.778170
5.782523
5.786856
5.791224
5.795559
5.799882
5.804260
5.808619
5.812936
5.817266
5.821610
5.825930
5.830242
5.834568
5.838840
5.843182
5.847463
5.851750
5.856073
5.860313
5.864621
5.868959
5.873250
5.877489
5.881840
5.886001
5.890304
5.894585
5.898839
5.903049
5.907330
5.911537
5.915779
5.920043
5.924252
5.928563
5.932694
5.936901
5.941144
5.945401
5.949584
5.953814
5.958014
5.962164
5.966349
5.970598
5.974753
5.978927
5.983088
5.987250
5.991303
5.995540
5.999716
6.003806
6.007923
6.012042
6.016213
6.020365
6.024440
6.028521
6.032649
6.036747
6.040876
6.044945
6.049082
6.053139
6.057238
6.061300
6.065348
6.069426
6.073518
6.077566
6.081671
6.085638
6.089673
6.093796
6.097784
6.101792
6.105825
6.109869
6.113881
6.117935
6.121922
6.125940
6.129952
6.133946
6.137874
6.141945
6.145915
6.149882
6.153891
6.157794
6.161845
6.165791
6.169766
6.173728
6.177688
6.181625
6.185577
6.189498
6.193436
6.197411
6.201318
6.205294
6.209201
6.213122
6.217062
6.221005
6.224876
6.228780
6.232726
6.236615
6.240507
6.244413
6.248260
6.252167
6.256050
6.259936
6.263831
6.267651
6.271554
6.275383
6.279284
6.283173
0.003832
0.007694
0.011502
0.015403
0.019271
0.023091
0.026899
0.030790
0.034604
0.038412
0.042259
0.046067
0.049911
0.053701
0.057506
0.061368
0.065197
0.068978
0.072807
0.076672
0.080399
0.084204
0.088045
0.091826
0.095598
0.099412
0.103157
0.106959
0.110797
0.114512
0.118293
0.122089
0.125858
0.129669
0.133402
0.137204
0.140952
0.144757
0.148473
0.152218
0.155972
0.159768
0.163462
0.167207
0.170958
0.174688
0.178460
0.182187
0.185950
0.189710
0.193428
0.197155
0.200895
0.204607
0.208328
0.212055
0.215758
0.219482
0.223227
0.226879
0.230597
0.234316
0.238022
0.241722
0.245407
0.249065
0.252759
0.256447
0.260201
0.263803
0.267527
0.271167
0.274888
0.278576
0.282219
0.285881
0.289536
0.293200
0.296861
0.300558
0.304214
0.307836
0.311527
0.315161
0.318756
0.322469
0.326064
0.329668
0.333320
0.336954
0.340577
0.344250
0.347827
0.351479
0.355084
0.358682
0.362328
0.365941
0.369540
0.373138
0.376739
0.380310
0.383945
0.387594
0.391114
0.394688
0.398305
0.401879
0.405459
0.409013
0.412626
0.416185
0.419783
0.423325
0.426896
0.430467
0.434030
0.437565
0.441127
0.444657
0.448204
0.451766
0.455314
0.458816
0.462393
0.465860
0.469380
0.472942
0.476490
0.479980
0.483525
0.487006
0.490523
0.494062
0.497585
0.501027
0.504575
0.507987
0.511523
0.515004
0.518453
0.521943
0.525505
0.528885
0.532375
0.535827
0.539311
0.542754
0.546247
0.549683
0.553126
0.556661
0.560008
0.563468
0.566956
0.570347
0.573793
0.577217
0.580639
0.584060
0.587476
0.590924
0.594301
0.597761
0.601132
0.604523
0.607930
0.611339
0.614764
0.618155
0.621535
0.624866
0.628333
0.631653
0.635038
0.638418
0.641752
0.645180
0.648538
0.651864
0.655240
0.658644
0.661976
0.665316
0.668630
0.671994
0.675329
0.678661
0.682004
0.685333
0.688671
0.691975
0.695298
0.698617
0.701892
0.705233
0.708597
0.711851
0.715195
0.718487
0.721774
0.725082
0.728398
0.731664
0.734927
0.738198
0.741503
0.744754
0.748049
0.751276
0.754575
0.757891
0.761058
0.764393
0.767659
0.770870
0.774121
0.777378
0.780613
0.783882
0.787121
0.790327
0.793568
0.796798
0.800061
0.803198
0.806520
0.809702
0.812899
0.816150
0.819364
0.822570
0.825791
0.828985
0.832161
0.835357
0.838539
0.841760
0.845023
0.848115
0.851356
0.854547
0.857723
0.860866
0.864096
0.867247
0.870420
0.873635
0.876808
0.879939
0.883126
0.886347
0.889460
0.892642
0.895785
0.898955
0.902068
0.905246
0.908374
0.911544
0.914711
0.917854
0.920997
0.924116
0.927213
0.930374
0.933502
0.936651
0.939770
0.942895
0.945993
0.949121
0.952237
0.955328
0.958465
0.961551
0.964643
0.967798
0.970875
0.973967
0.977137
0.980208
0.983309
0.986434
0.989513
0.992575
0.995670
0.998741
1.001827
1.004940
1.007981
1.011061
1.014123
1.017194
1.020244
1.023327
1.026392
1.029490
1.032552
1.035569
1.038604
1.041678
1.044734
1.047772
1.050834
1.053884
1.056940
1.059951
1.063004
1.066027
1.069050
1.072091
1.075159
1.078179
1.081220
1.084210
1.087245
1.090265
1.093309
1.096299
1.099337
1.102339
1.105302
1.108328
1.111312
1.114305
1.117325
1.120315
1.123299
1.126277
1.129292
1.132261
1.135263
1.138253
1.141237
1.144191
1.147133
1.150087
1.153035
1.156052
1.159012
1.161966
1.164921
1.167902
1.170847
1.173747
1.176713
1.179691
1.182681
1.185584
1.188529
1.191496
1.194360
1.197314
1.200232
1.203096
1.206050
1.209008
1.211911
1.214799
1.217732
1.220665
1.223553
1.226498
1.229378
1.232257
1.235181
1.238048
1.240939
1.243831
1.246725
1.249595
1.252483
1.255351
1.258227
1.261085
1.263946
1.266840
1.269744
1.272575
1.275421
1.278276
1.281123
1.283987
1.286818
1.289658
1.292532
1.295366
1.298191
1.301001
1.303857
1.306643
1.309489
1.312294
1.315128
1.317917
1.320722
1.323550
1.326375
1.329173
1.331957
1.334764
1.337592
1.340394
1.343183
1.345960
1.348729
1.351542
1.354319
1.357070
1.359871
1.362687
1.365465
1.368227
1.371022
1.373749
1.376544
1.379255
1.382024
1.384795
1.387560
1.390254
1.392983
1.395770
1.398508
1.401217
1.403955
1.406690
1.409435
1.412131
1.414831
1.417566
1.420322
1.423007
1.425724
1.428445
1.431144
1.433835
1.436549
1.439219
1.441909
1.444650
1.447263
1.449953
1.452704
1.455310
1.457956
1.460640
1.463337
1.466003
1.468628
1.471312
1.473976
1.476684
1.479291
1.481894
1.484549
1.487197
1.489855
1.492464
1.495101
1.497779
1.500413
1.503011
1.505662
1.508293
1.510932
1.513536
1.516157
1.518779
1.521391
1.523959
1.526602
1.529172
1.531824
1.534382
1.536980
1.539568
1.542169
1.544740
1.547349
1.549932
1.552526
1.555103
1.557659
1.560205
1.562797
1.565364
1.567971
1.570533
1.573082
1.575620
1.578185
1.580725
1.583263
1.585837
1.588386
1.590981
1.593482
1.596029
1.598558
1.601116
1.603630
1.606156
1.608723
1.611234
1.613760
1.616309
1.618823
1.621331
1.623850
1.626355
1.628878
1.631457
1.633914
1.636443
1.638927
1.641461
1.643969
1.646477
1.648951
1.651429
1.653931
1.656400
1.658907
1.661406
1.663878
1.666350
1.668839
1.671293
1.673819
1.676275
1.678735
1.681225
1.683694
1.686157
1.688604
1.691055
1.693503
1.695954
1.698398
1.700837
1.703339
1.705766
1.708225
1.710607
1.713088
1.715512
1.717981
1.720389
1.722852
1.725258
1.727685
1.730133
1.732526
1.734956
1.737383
1.739783
1.742156
1.744565
1.746949
1.749379
1.751761
1.754200
1.756603
1.758964
1.761322
1.763727
1.766097
1.768479
1.770873
1.773234
1.775616
1.778040
1.780352
1.782713
1.785068
1.787438
1.789784
1.792121
1.794488
1.796858
1.799198
1.801535
1.803872
1.806214
1.808524
1.810882
1.813222
1.815544
1.817842
1.820194
1.822504
1.824847
1.827169
1.829476
1.831774
1.834117
1.836397
1.838677
1.841005
1.843276
1.845589
1.847902
1.850197
1.852441
1.854718
1.856977
1.859302
1.861576
1.863835
1.866118
1.868413
1.870693
1.872952
1.875199
1.877470
1.879741
1.882000
1.884247
1.886503
1.888780
1.891012
1.893223
1.895527
1.897732
1.899988
1.902199
1.904428
1.906678
1.908916
1.911148
1.913389
1.915600
1.917838
1.920032
1.922225
1.924433
1.926680
1.928855
1.931096
1.933292
1.935497
1.937705
1.939904
1.942077
1.944270
1.946478
1.948665
1.950819
1.953024
1.955202
1.957380
1.959562
1.961728
1.963891
1.966078
1.968259
1.970398
1.972543
1.974692
1.976807
1.978982
1.981160
1.983311
1.985409
1.987614
1.989738
1.991886
1.993998
1.996137
1.998295
2.000395
2.002501
2.004640
2.006741
2.008874
2.011010
2.013104
2.015213
2.017349
2.019459
2.021550
2.023662
2.025759
2.027848
2.029900
2.032024
2.034116
2.036201
2.038244
2.040362
2.042462
2.044515
2.046588
2.048670
2.050732
2.052802
2.054881
2.056945
2.059019
2.061089
2.063105
2.065158
2.067201
2.069217
2.071239
2.073277
2.075296
2.077319
2.079395
2.081381
2.083386
2.085435
2.087421
2.089417
2.091415
2.093413
2.095421
2.097419
2.099400
2.101407
2.103420
2.105407
2.107378
2.109344
2.111303
2.113259
2.115222
2.117154
2.119123
2.121100
2.123050
2.125010
2.126972
2.128914
2.130879
2.132818
2.134744
2.136667
2.138555
2.140460
2.142369
2.144298
2.146216
2.148136
2.150108
2.152040
2.153949
2.155842
2.157712
2.159599
2.161514
2.163311
2.165214
2.167078
2.169004
2.170867
2.172776
2.174636
2.176527
2.178391
2.180230
2.182079
2.183930
2.185740
2.187558
2.189422
2.191283
2.193143
2.195016
2.196828
2.198707
2.200546
2.202338
2.204139
2.205969
2.207752
2.209541
2.211368
2.213142
2.214999
2.216836
2.218619
2.220458
2.222274
2.224077
2.225818
2.227622
2.229353
2.231112
2.232883
2.234648
2.236430
2.238228
2.240007
2.241811
2.243609
2.245353
2.247123
2.248882
2.250604
2.252330
2.254071
2.255794
2.257507
2.259266
2.261019
2.262798
2.264551
2.266277
2.268023
2.269785
2.271466
2.273168
2.274858
2.276568
2.278255
2.279948
2.281638
2.283363
2.285110
2.286839
2.288547
2.290278
2.291941
2.293619
2.295291
2.296978
2.298628
2.300294
2.301927
2.303602
2.305315
2.306978
2.308656
2.310334
2.312027
2.313678
2.315316
2.316952
2.318600
2.320233
2.321887
2.323508
2.325134
2.326752
2.328397
2.330027
2.331678
2.333332
2.334994
2.336615
2.338221
2.339845
2.341421
2.343033
2.344627
2.346218
2.347800
2.349378
2.350987
2.352599
2.354229
2.355841
2.357423
2.359041
2.360602
2.362181
2.363727
2.365311
2.366881
2.368427
2.369973
2.371513
2.373059
2.374617
2.376208
2.377817
2.379366
2.380942
2.382488
2.384043
2.385541
2.387087
2.388582
2.390092
2.391629
2.393127
2.394616
2.396165
2.397744
2.399245
2.400803
2.402286
2.403844
2.405312
2.406804
2.408305
2.409827
2.411283
2.412754
2.414255
2.415762
2.417209
2.418686
2.420178
2.421682
2.423174
2.424609
2.426075
2.427597
2.429044
2.430494
2.431959
2.433424
2.434907
2.436321
2.437750
2.439167
2.440626
2.442029
2.443455
2.444935
2.446412
2.447841
2.449264
2.450738
2.452194
2.453611
2.455004
2.456401
2.457818
2.459199
2.460568
2.461958
2.463384
2.464781
2.466207
2.467600
2.469020
2.470431
2.471824
2.473227
2.474608
2.475953
2.477337
2.478712
2.480072
2.481433
2.482781
2.484138
2.485510
2.486886
2.488222
2.489570
2.490951
2.492290
2.493657
2.494984
2.496356
2.497704
2.499040
2.500380
2.501692
2.503019
2.504284
2.505605
2.506926
2.508238
2.509578
2.510872
2.512208
2.513541
2.514866
2.516145
2.517499
2.518814
2.520103
2.521382
2.522658
2.523932
2.525214
2.526466
2.527734
2.529004
2.530292
2.531554
2.532845
2.534100
2.535371
2.536653
2.537926
2.539212
2.540494
2.541734
2.542981
2.544242
2.545476
2.546666
2.547897
2.549125
2.550342
2.551606
2.552814
2.554045
2.555291
2.556526
2.557742
2.558941
2.560178
2.561391
2.562620
2.563854
2.565068
2.566251
2.567425
2.568627
2.569813
2.570946
2.572138
2.573310
2.574499
2.575668
2.576824
2.577990
2.579170
2.580356
2.581507
2.582693
2.583880
2.585054
2.586232
2.587391
2.588533
2.589665
2.590804
2.591942
2.593081
2.594192
2.595325
2.596430
2.597566
2.598677
2.599801
2.600906
2.602036
2.603168
2.604307
2.605401
2.606521
2.607647
2.608768
2.609877
2.610982
2.612067
2.613166
2.614245
2.615317
2.616375
2.617442
2.618505
2.619572
2.620680
2.621744
2.622784
2.623871
2.624917
2.625983
2.627014
2.628048
2.629114
2.630187
2.631241
2.632314
2.633348
2.634414
2.635463
2.636514
2.637515
2.638537
2.639544
2.640547
2.641542
2.642555
2.643561
2.644562
2.645584
2.646596
2.647582
2.648622
2.649604
2.650590
2.651579
2.652582
2.653583
2.654587
2.655614
2.656639
2.657655
2.658652
2.659638
2.660603
2.661544
2.662466
2.663383
2.664315
2.665280
2.666250
2.667194
2.668162
2.669127
2.670088
2.671026
2.671964
2.672884
2.673818
2.674765
2.675703
2.676662
2.677635
2.678597
2.679547
2.680503
2.681419
2.682300
2.683184
2.684065
2.684958
2.685838
2.686725
2.687633
2.688556
2.689479
2.690387
2.691291
2.692175
2.693062
2.693925
2.694770
2.695624
2.696507
2.697391
2.698296
2.699219
2.700094
2.701025
2.701924
2.702802
2.703662
2.704504
2.705331
2.706161
2.706988
2.707800
2.708611
2.709445
2.710286
2.711125
2.711958
2.712788
2.713618
2.714457
2.715263
2.716072
2.716881
2.717687
2.718498
2.719334
2.720131
2.720961
2.721788
2.722603
2.723421
2.724248
2.725051
2.725851
2.726648
2.727427
2.728197
2.728970
2.729737
2.730495
2.731265
2.731993
2.732739
2.733506
2.734270
2.735013
2.735771
2.736511
2.737266
2.738003
2.738740
2.739474
2.740202
2.740939
2.741682
2.742422
2.743150
2.743896
2.744660
2.745421
2.746158
2.746904
2.747626
2.748360
2.749091
2.749804
2.750509
2.751215
2.751904
2.752588
2.753274
2.753954
2.754619
2.755302
2.755976
2.756650
2.757318
2.757978
2.758649
2.759323
2.759973
2.760626
2.761276
2.761911
2.762562
2.763203
2.763832
2.764461
2.765114
2.765773
2.766408
2.767074
2.767727
2.768410
2.769072
2.769737
2.770405
2.771073
2.771724
2.772365
2.772985
2.773584
2.774156
2.774740
2.775337
2.775936
2.776532
2.777125
2.777728
2.778330
2.778926
2.779504
2.780092
2.780688
2.781272
2.781829
2.782387
2.782956
2.783516
2.784058
2.784610
2.785158
2.785682
2.786218
2.786764
2.787303
2.787851
2.788412
2.788960
2.789526
2.790101
2.790679
2.791249
2.791827
2.792399
2.792969
2.793517
2.794074
2.794643
2.795192
2.795728
2.796249
2.796759
2.797277
2.797798
2.798299
2.798784
2.799281
2.799779
2.800252
2.800725
2.801220
2.801693
2.802166
2.802634
2.803101
2.803560
2.804015
2.804482
2.804950
2.805426
2.805882
2.806316
2.806771
2.807215
2.807661
2.808066
2.808485
2.808892
2.809321
2.809735
2.810148
2.810549
2.810984
2.811421
2.811856
2.812287
2.812737
2.813186
2.813644
2.814097
2.814549
2.815014
2.815472
2.815933
2.816389
2.816838
2.817291
2.817716
2.818130
2.818534
2.818923
2.819298
2.819678
2.820068
2.820442
2.820796
2.821170
2.821536
2.821908
2.822267
2.822612
2.822956
2.823310
2.823669
2.823996
2.824337
2.824676
2.825020
2.825350
2.825674
2.825991
2.826300
2.826620
2.826929
2.827246
2.827537
2.827837
2.828133
2.828433
2.828732
2.829029
2.829299
2.829589
2.829886
2.830171
2.830437
2.830722
2.831016
2.831279
2.831546
2.831821
2.832079
2.832343
2.832612
2.832870
2.833131
2.833397
2.833673
2.833949
2.834233
2.834512
2.834781
2.835069
2.835354
2.835635
2.835911
2.836196
2.836492
2.836789
2.837080
2.837373
2.837670
2.837972
2.838275
2.838568
2.838859
2.839153
2.839434
2.839719
2.840007
2.840276
2.840525
2.840783
2.841049
2.841304
2.841538
2.841777
2.841999
2.842221
2.842430
2.842631
2.842820
2.843006
2.843176
2.843335
2.843482
2.843626
2.843752
2.843872
2.843991
2.844102
2.844189
2.844291
2.844393
2.844474
2.844534
2.844599
2.844683
2.844749
2.844803
2.844848
2.844881
2.844920
2.844950
2.844980
2.844992
2.845010
2.845022
2.845034
2.845040
2.845040
2.845040
2.845040
2.845040
2.845040
2.845040
2.845040
2.845040
2.845040
2.845040
2.845040
2.845040
2.845040
2.845040
2.845040
2.845040
2.845004
2.844947
2.844893
2.844839
2.844776
2.844698
2.844630
2.844558
2.844486
2.844387
2.844285
2.844204
2.844117
2.844021
2.843922
2.843812
2.843707
2.843590
2.843473
2.843344
2.843230
2.843107
2.842976
2.842838
2.842700
2.842538
2.842380
2.842233
2.842068
2.841900
2.841735
2.841562
2.841388
2.841208
2.841028
2.840840
2.840663
2.840489
2.840312
2.840123
2.839944
2.839776
2.839596
2.839410
2.839228
2.839036
2.838868
2.838700
2.838536
2.838371
2.838221
2.838095
2.837972
2.837849
2.837727
2.837607
2.837502
2.837397
2.837286
2.837184
2.837103
2.837023
2.836945
2.836882
2.836822
2.836762
2.836711
2.836681
2.836657
2.836633
2.836624
2.836621
2.836621
2.836621
2.836621
2.836621
2.836621
2.836621
2.836621
2.836621
2.836621
2.836621
2.836621
2.836621
2.836621
2.836639
2.836717
2.836801
2.836879
2.836951
2.837034
2.837127
2.837217
2.837307
2.837394
2.837475
2.837577
2.837679
2.837778
2.837864
2.837972
2.838074
2.838179
2.838281
2.838380
2.838467
2.838572
2.838676
2.838781
2.838874
2.838976
2.839066
2.839153
2.839234
2.839314
2.839377
2.839464
2.839548
2.839617
2.839677
2.839740
2.839809
2.839872
2.839920
2.839968
2.840001
2.840034
2.840058
2.840079
2.840079
2.840081
2.840102
2.840108
2.840111
2.840115
2.840115
2.840115
2.840115
2.840115
2.840115
2.840115
2.840115
2.840115
2.840115
2.840115
2.840115
2.840115
2.840115
2.840094
2.840039
2.839998
2.839950
2.839899
2.839854
2.839809
2.839752
2.839707
2.839668
2.839614
2.839560
2.839521
2.839470
2.839422
2.839377
2.839335
2.839285
2.839252
2.839222
2.839186
2.839156
2.839135
2.839132
2.839126
2.839114
2.839105
2.839087
2.839087
2.839081
2.839069
2.839057
2.839057
2.839057
2.839057
2.839057
2.839057
2.839057
2.839057
2.839057
2.839057
2.839057
2.839057
2.839057
2.839057
2.839057
2.839057
2.839057
2.839057
2.839057
2.839057
2.839057
2.839057
2.839057
2.839057
2.839057
2.839057
2.839057
2.839069
2.839081
2.839090
2.839093
2.839093
2.839111
2.839117
2.839123
2.839126
2.839126
2.839126
2.839126
2.839126
2.839126
2.839126
2.839126
2.839126
2.839126
2.839126
2.839126
2.839126
2.839126
2.839126
2.839126
2.839126
2.839126
2.839126
2.839126
2.839126
2.839126
2.839126
2.839126
2.839126
2.839126
2.839126
2.839126
2.839126
2.839126
2.839126
2.839126
2.839126
2.839126
2.839126
2.839126
2.839126
2.839126
2.839126
2.839126
2.839126
2.839126
2.839126
2.839126
2.839126
2.839126
2.839126
2.839126
2.839126
2.839126
2.839126
2.839126
2.839126
2.839126
2.839126
2.839126
2.839126
2.839126
2.839126
2.839126
2.839126
2.839126
2.839126
2.839126
2.839126
2.839126
2.839126
2.839126
2.839126
2.839126
2.839126
2.839126
2.839126
2.839126
2.839126
2.839126
2.839126
2.839126
2.839126
2.839126
2.839126
2.839126
2.839126
2.839126
2.839126
2.839126
2.839126
2.839126
2.839126
2.839126
2.839126
2.839126
2.839126
2.839126
2.839126
2.839126
2.839126
2.839126
2.839126
2.839126