0.379537
0.379537
0.379537
0.379537
0.379537
0.379537
0.379537
0.379537
0.379645
0.379933
0.380325
0.380787
0.381305
0.381895
0.382623
0.383471
0.384430
0.385512
0.386716
0.388007
0.389394
0.390931
0.392588
0.394386
0.396348
0.398425
0.400591
0.402868
0.405274
0.407775
0.410415
0.413138
0.416038
0.418974
0.422141
0.425344
0.428694
0.432124
0.435713
0.439444
0.443282
0.447242
0.451320
0.455454
0.459754
0.464152
0.468778
0.473512
0.478281
0.483177
0.488204
0.493340
0.498535
0.503949
0.509461
0.515133
0.520924
0.526806
0.532813
0.538961
0.545159
0.551439
0.557932
0.564508
0.571243
0.578086
0.585001
0.592129
0.599328
0.606591
0.614069
0.621751
0.629214
0.637001
0.645075
0.653026
0.661182
0.669493
0.677906
0.686286
0.695016
0.703765
0.712603
0.721657
0.730789
0.739852
0.749454
0.758754
0.768351
0.778106
0.787921
0.797991
0.807931
0.818241
0.828502
0.839019
0.849637
0.860183
0.871178
0.882144
0.893223
0.904390
0.915688
0.927285
0.938943
0.950622
0.962444
0.974554
0.986496
0.998403
1.010417
1.022488
1.034361
1.046735
1.058698
1.070967
1.083020
1.095133
1.107303
1.119734
1.131787
1.143777
1.156181
1.168321
1.180530
1.192658
1.204912
1.217139
1.229177
1.241314
1.253679
1.265777
1.277917
1.290150
1.302170
1.314496
1.326492
1.338995
1.350913
1.363146
1.375355
1.387321
1.399665
1.411607
1.423816
1.435917
1.448153
1.460101
1.472292
1.484558
1.496476
1.508478
1.520699
1.532663
1.544794
1.556838
1.568855
1.580962
1.593180
1.605062
1.617274
1.629408
1.641452
1.653703
1.665541
1.677645
1.689716
1.701856
1.713888
1.726091
1.738150
1.750260
1.762391
1.774633
1.786686
1.798733
1.810819
1.823247
1.835102
1.847425
1.859397
1.871729
1.883743
1.895758
1.907901
1.920092
1.932247
1.944315
1.956524
1.968529
1.980738
1.992884
2.004961
2.017047
2.029244
2.041303
2.053308
2.065412
2.077456
2.089578
2.101644
2.113625
2.125687
2.137749
2.149799
2.161789
2.173807
2.185668
2.197745
2.209738
2.221585
2.233518
2.245481
2.257337
2.269225
2.281167
2.293113
2.304728
2.316733
2.328574
2.340483
2.352141
2.363894
2.375828
2.387623
2.399455
2.411199
2.423084
2.434808
2.446642
2.458432
2.470251
2.482176
2.493806
2.505713
2.517424
2.529247
2.540940
2.552760
2.564540
2.576180
2.587963
2.599888
2.611596
2.623389
2.635205
2.646914
2.658676
2.670490
2.682234
2.694123
2.705804
2.717399
2.729215
2.740831
2.752504
2.764239
2.776065
2.787812
2.799446
2.811218
2.822845
2.834509
2.846110
2.857896
2.869509
2.881232
2.892752
2.904437
2.916034
2.927590
2.939101
2.950759
2.962090
2.973840
2.985372
2.996892
3.008316
3.019890
3.031338
3.042912
3.054374
3.065780
3.077165
3.088598
3.099959
3.111380
3.122807
3.134180
3.145598
3.157028
3.168347
3.179801
3.191129
3.202478
3.213995
3.225264
3.236586
3.247911
3.259380
3.270666
3.282090
3.293595
3.304887
3.316239
3.327594
3.338892
3.350328
3.361752
3.373068
3.384378
3.395823
3.407052
3.418494
3.429786
3.441090
3.452436
3.463845
3.475057
3.486583
3.497776
3.509128
3.520435
3.531721
3.543043
3.554368
3.565609
3.576929
3.588164
3.599513
3.610802
3.621809
3.633123
3.644430
3.655575
3.666828
3.678034
3.689287
3.700426
3.711517
3.722720
3.733910
3.745025
3.756141
3.767415
3.778386
3.789514
3.800650
3.811780
3.822734
3.833894
3.844923
3.855972
3.867049
3.878029
3.889097
3.900128
3.911091
3.922212
3.933157
3.944107
3.955124
3.966176
3.977187
3.988215
3.999166
4.010146
4.021136
4.032290
4.043235
4.054197
4.065229
4.076212
4.087223
4.098407
4.109301
4.120404
4.131474
4.142512
4.153475
4.164590
4.175466
4.186674
4.197607
4.208731
4.219673
4.230758
4.241733
4.252788
4.263876
4.274839
4.285969
4.297046
4.308035
4.319178
4.330116
4.341031
4.352254
4.363286
4.374284
4.385271
4.396386
4.407384
4.418422
4.429418
4.440425
4.451403
4.462251
4.473307
4.484350
4.495415
4.506299
4.517271
4.528248
4.539034
4.550210
4.561001
4.571925
4.582830
4.593754
4.604869
4.615544
4.626573
4.637371
4.648327
4.659161
4.670100
4.680969
4.691803
4.702715
4.713563
4.724367
4.735231
4.746289
4.756970
4.767915
4.778739
4.789598
4.800491
4.811391
4.822233
4.833136
4.844051
4.854914
4.865802
4.876842
4.887796
4.898414
4.909631
4.920432
4.931224
4.942235
4.953038
4.963923
4.974972
4.985758
4.996718
5.007842
5.018529
5.029482
5.040385
5.051228
5.062268
5.073216
5.084032
5.094949
5.105855
5.116653
5.127520
5.138533
5.149379
5.160224
5.171079
5.181922
5.192873
5.203583
5.214546
5.225392
5.236168
5.247053
5.257926
5.268580
5.279225
5.290143
5.300883
5.311654
5.322389
5.333181
5.343778
5.354519
5.365251
5.375877
5.386531
5.397245
5.407995
5.418653
5.429297
5.439849
5.450449
5.461073
5.471655
5.482181
5.492865
5.503315
5.513891
5.524509
5.535001
5.545589
5.556231
5.566705
5.577263
5.587873
5.598419
5.608776
5.619541
5.629928
5.640567
5.650939
5.661570
5.672071
5.682703
5.692992
5.703682
5.714076
5.724646
5.735165
5.745813
5.756080
5.766665
5.777265
5.787757
5.798160
5.808613
5.819150
5.829612
5.840054
5.850573
5.861017
5.871533
5.882058
5.892515
5.902914
5.913229
5.923928
5.934370
5.944670
5.955102
5.965496
5.975724
5.986252
5.996750
6.006970
6.017348
6.027732
6.038048
6.048381
6.058637
6.069111
6.079232
6.089616
6.099937
6.110190
6.120493
6.130599
6.140783
6.151050
6.161390
6.171513
6.181799
6.192021
6.202043
6.212514
6.222386
6.232720
6.242873
6.253018
6.263049
6.273155
0.000240
0.010267
0.020442
0.030491
0.040528
0.050696
0.060790
0.070860
0.081121
0.091092
0.101204
0.111402
0.121385
0.131482
0.141684
0.151654
0.161760
0.171887
0.181965
0.192014
0.202075
0.212211
0.222310
0.232440
0.242474
0.252541
0.262736
0.272710
0.282798
0.292936
0.303009
0.313055
0.323152
0.333182
0.343360
0.353322
0.363413
0.373390
0.383573
0.393547
0.403539
0.413603
0.423690
0.433619
0.443680
0.453681
0.463691
0.473748
0.483674
0.493642
0.503688
0.513758
0.523513
0.533502
0.543562
0.553437
0.563423
0.573313
0.583236
0.593174
0.603049
0.613110
0.622814
0.632845
0.642570
0.652535
0.662359
0.672438
0.682085
0.692029
0.701793
0.711626
0.721573
0.731322
0.741152
0.750932
0.760786
0.770646
0.780383
0.790057
0.799989
0.809711
0.819586
0.829356
0.839162
0.848789
0.858796
0.868476
0.878156
0.888121
0.897936
0.907652
0.917491
0.927261
0.937070
0.946841
0.956662
0.966423
0.976304
0.986287
0.995994
1.005857
1.015720
1.025502
1.035284
1.045156
1.054935
1.064822
1.074664
1.084503
1.094352
1.104095
1.113892
1.123731
1.133537
1.143460
1.153317
1.163120
1.172842
1.182828
1.192487
1.202296
1.212180
1.222118
1.231858
1.241712
1.251378
1.261436
1.271008
1.280841
1.290725
1.300501
1.310334
1.320134
1.329859
1.339648
1.349481
1.359236
1.369084
1.378713
1.388498
1.398149
1.408042
1.417761
1.427468
1.437289
1.446885
1.456674
1.466303
1.476190
1.485840
1.495613
1.505195
1.515067
1.524588
1.534358
1.544044
1.553764
1.563375
1.573088
1.582805
1.592410
1.602240
1.611764
1.621666
1.631149
1.641024
1.650602
1.660471
1.670110
1.679748
1.689368
1.699294
1.708840
1.718757
1.728434
1.738072
1.747719
1.757648
1.767170
1.776982
1.786782
1.796438
1.806196
1.815973
1.825671
1.835336
1.845061
1.854843
1.864569
1.874318
1.884001
1.893873
1.903634
1.913314
1.922980
1.932849
1.942538
1.952263
1.961976
1.971702
1.981532
1.991236
2.000823
2.010572
2.020229
2.030128
2.039592
2.049515
2.059013
2.068921
2.078505
2.088137
2.097821
2.107633
2.117028
2.126921
2.136500
2.146048
2.155665
2.165349
2.174945
2.184526
2.194216
2.203674
2.213310
2.222966
2.232448
2.241982
2.251611
2.261151
2.270696
2.280244
2.289682
2.299263
2.308734
2.318135
2.327636
2.337391
2.346733
2.356162
2.365602
2.375067
2.384744
2.394050
2.403508
2.413033
2.422560
2.431920
2.441426
2.451011
2.460352
2.469736
2.479195
2.488749
2.498130
2.507585
2.517017
2.526490
2.535889
2.545288
2.554788
2.564346
2.573600
2.583176
2.592515
2.601994
2.611423
2.620923
2.630298
2.639732
2.649209
2.658730
2.668018
2.677504
2.686845
2.696289
2.705744
2.715083
2.724422
2.733973
2.743312
2.752810
2.762094
2.771577
2.780805
2.790296
2.799620
2.808968
2.818282
2.827678
2.837026
2.846322
2.855619
2.865096
2.874401
2.883653
2.892905
2.902310
2.911546
2.920852
2.930155
2.939395
2.948656
2.957952
2.967120
2.976381
2.985639
2.994828
3.004017
3.013293
3.022445
3.031676
3.040886
3.050087
3.059261
3.068327
3.077567
3.086630
3.095837
3.104915
3.113993
3.123107
3.132182
3.141374
3.150512
3.159497
3.168635
3.177689
3.186737
3.195818
3.205013
3.214073
3.223133
3.232223
3.241307
3.250376
3.259398
3.268461
3.277524
3.286695
3.295704
3.304722
3.313806
3.322836
3.331881
3.341019
3.350016
3.359148
3.368176
3.377206
3.386319
3.395317
3.404338
3.413410
3.422485
3.431509
3.440554
3.449593
3.458611
3.467585
3.476639
3.485618
3.494633
3.503648
3.512558
3.521645
3.530654
3.539622
3.548568
3.557598
3.566586
3.575479
3.584416
3.593392
3.602326
3.611344
3.620270
3.629225
3.638150
3.646973
3.655938
3.664806
3.673737
3.682657
3.691459
3.700258
3.709121
3.717995
3.726797
3.735654
3.744507
3.753381
3.762208
3.770989
3.779762
3.788543
3.797348
3.806109
3.814827
3.823597
3.832330
3.841073
3.849902
3.858570
3.867231
3.875935
3.884624
3.893345
3.902091
3.910704
3.919474
3.928099
3.936854
3.945503
3.954186
3.962842
3.971530
3.980222
3.988856
3.997536
4.006251
4.014793
4.023664
4.032230
4.040907
4.049602
4.058326
4.066916
4.075562
4.084266
4.092916
4.101688
4.110220
4.118819
4.127469
4.136427
4.144873
4.153609
4.162292
4.170765
4.179490
4.188205
4.196825
4.205564
4.214187
4.222884
4.231486
4.240196
4.248779
4.257549
4.266135
4.274830
4.283422
4.292105
4.300770
4.309365
4.318132
4.326647
4.335275
4.343949
4.352592
4.361107
4.369868
4.378476
4.386957
4.395709
4.404194
4.412792
4.421472
4.430062
4.438633
4.447271
4.455870
4.464336
4.473019
4.481567
4.490097
4.498542
4.507276
4.515689
4.524267
4.532769
4.541284
4.549910
4.558365
4.566916
4.575314
4.583873
4.592421
4.600825
4.609229
4.617839
4.626256
4.634662
4.643147
4.651608
4.660054
4.668524
4.676859
4.685535
4.693963
4.702197
4.710702
4.719073
4.727501
4.735878
4.744402
4.752749
4.761126
4.769557
4.778071
4.786425
4.794924
4.803208
4.811648
4.820035
4.828354
4.836815
4.845366
4.853731
4.862135
4.870518
4.878859
4.887352
4.895745
4.904149
4.912580
4.920959
4.929369
4.937782
4.946246
4.954554
4.962979
4.971434
4.979766
4.988212
4.996601
5.005008
5.013478
5.021842
5.030127
5.038588
5.046935
5.055336
5.063697
5.072057
5.080470
5.088789
5.097181
5.105553
5.113905
5.122327
5.130597
5.138947
5.147329
5.155713
5.163877
5.172412
5.180520
5.188897
5.197211
5.205546
5.213800
5.222126
5.230371
5.238661
5.246897
5.255143
5.263412
5.271690
5.279827
5.288069
5.296353
5.304482
5.312724
5.320936
5.329076
5.337306
5.345516
5.353665
5.361754
5.369960
5.378226
5.386235
5.394447
5.402494
5.410566
5.418670
5.426679
5.434798
5.442873
5.450932
5.459009
5.467057
5.475086
5.483049
5.491145
5.499187
5.507138
5.515305
5.523137
5.531169
5.539190
5.547126
5.555171
5.563140
5.571068
5.579160
5.587153
5.595114
5.603098
5.611143
5.619071
5.627031
5.635022
5.642976
5.650984
5.658948
5.666882
5.674737
5.682740
5.690691
5.698577
5.706573
5.714402
5.722416
5.730224
5.738182
5.746070
5.754031
5.762001
5.769817
5.777750
5.785543
5.793483
5.801356
5.809227
5.817089
5.825073
5.832977
5.840671
5.848676
5.856388
5.864280
5.872213
5.880087
5.887811
5.895834
5.903540
5.911354
5.919200
5.926999
5.934804
5.942647
5.950410
5.958278
5.966038
5.973848
5.981497
5.989383
5.997107
6.004930
6.012656
6.020347
6.028158
6.035918
6.043609
6.051267
6.058951
6.066618
6.074294
6.082063
6.089631
6.097280
6.104968
6.112710
6.120218
6.127903
6.135584
6.143132
6.150778
6.158322
6.165983
6.173628
6.181202
6.188863
6.196344
6.203958
6.211427
6.219043
6.226557
6.234056
6.241792
6.249222
6.256760
6.264298
6.271812
6.279278
0.003667
0.011103
0.018644
0.026183
0.033625
0.041076
0.048713
0.056035
0.063693
0.071045
0.078524
0.086002
0.093429
0.100973
0.108439
0.115935
0.123390
0.130814
0.138391
0.145803
0.153173
0.160741
0.168208
0.175617
0.183086
0.190579
0.198108
0.205464
0.212903
0.220345
0.227889
0.235319
0.242740
0.250258
0.257637
0.264995
0.272536
0.279940
0.287364
0.294836
0.302212
0.309726
0.317219
0.324497
0.331918
0.339405
0.346752
0.354167
0.361639
0.368979
0.376424
0.383894
0.391264
0.398583
0.405966
0.413324
0.420685
0.428115
0.435510
0.442937
0.450178
0.457555
0.465036
0.472307
0.479639
0.486973
0.494370
0.501687
0.509009
0.516343
0.523621
0.530973
0.538379
0.545600
0.552910
0.560260
0.567510
0.574751
0.582083
0.589315
0.596587
0.603858
0.611127
0.618368
0.625586
0.632920
0.640101
0.647298
0.654545
0.661751
0.669013
0.676192
0.683352
0.690708
0.697817
0.705023
0.712291
0.719383
0.726589
0.733770
0.741021
0.748028
0.755276
0.762427
0.769561
0.776802
0.783903
0.791022
0.798260
0.805289
0.812486
0.819583
0.826777
0.833829
0.841089
0.848079
0.855341
0.862436
0.869578
0.876733
0.883777
0.890841
0.898044
0.905118
0.912284
0.919487
0.926506
0.933760
0.940861
0.947928
0.955077
0.962198
0.969281
0.976400
0.983596
0.990610
0.997738
1.004910
1.012065
1.019100
1.026254
1.033436
1.040408
1.047658
1.054816
1.061838
1.068996
1.076058
1.083173
1.090334
1.097386
1.104574
1.111642
1.118745
1.125873
1.132959
1.140065
1.147142
1.154362
1.161436
1.168366
1.175548
1.182669
1.189692
1.196892
1.203890
1.210904
1.218190
1.225057
1.232128
1.239367
1.246279
1.253382
1.260477
1.267524
1.274642
1.281674
1.288670
1.295782
1.302817
1.309858
1.316842
1.323990
1.330992
1.337988
1.345011
1.352012
1.359020
1.366025
1.373102
1.379984
1.387075
1.394005
1.401067
1.408030
1.415034
1.422033
1.429077
1.436103
1.442994
1.450058
1.456937
1.463867
1.470965
1.477874
1.484828
1.491802
1.498753
1.505671
1.512700
1.519552
1.526506
1.533459
1.540311
1.547259
1.554210
1.561164
1.568055
1.574970
1.581810
1.588821
1.595744
1.602605
1.609466
1.616453
1.623332
1.630124
1.637183
1.644050
1.650941
1.657913
1.664774
1.671682
1.678654
1.685569
1.692496
1.699390
1.706335
1.713241
1.720186
1.727041
1.734033
1.740900
1.747809
1.754721
1.761669
1.768554
1.775547
1.782417
1.789320
1.796223
1.803188
1.810070
1.817006
1.823903
1.830839
1.837760
1.844630
1.851521
1.858412
1.865357
1.872236
1.879123
1.886068
1.892938
1.899811
1.906783
1.913647
1.920556
1.927411
1.934224
1.941172
1.948030
1.954900
1.961794
1.968706
1.975522
1.982412
1.989303
1.996176
2.002983
2.009892
2.016771
2.023602
2.030478
2.037291
2.044131
2.050992
2.057790
2.064639
2.071461
2.078220
2.085066
2.091888
2.098707
2.105452
2.112301
2.119111
2.125903
2.132704
2.139418
2.146222
2.152990
2.159704
2.166448
2.173243
2.180002
2.186714
2.193443
2.200181
2.206877
2.213606
2.220353
2.227071
2.233749
2.240451
2.247111
2.253858
2.260527
2.267095
2.273839
2.280568
2.287177
2.293805
2.300402
2.307083
2.313755
2.320365
2.327043
2.333577
2.340196
2.346823
2.353444
2.360062
2.366651
2.373314
2.379833
2.386479
2.393055
2.399613
2.406202
2.412877
2.419423
2.426039
2.432579
2.439188
2.445776
2.452389
2.458902
2.465455
2.472082
2.478646
2.485205
2.491757
2.498309
2.504841
2.511471
2.517970
2.524576
2.531077
2.537609
2.544284
2.550785
2.557299
2.563824
2.570454
2.576899
2.583496
2.590103
2.596529
2.603156
2.609622
2.616150
2.622628
2.629189
2.635709
2.642123
2.648711
2.655219
2.661789
2.668407
2.674786
2.681365
2.687771
2.694296
2.700867
2.707368
2.713807
2.720206
2.726882
2.733284
2.739750
2.746245
2.752675
2.759188
2.765660
2.772107
2.778560
2.785011
2.791417
2.797897
2.804372
2.810810
2.817240
2.823714
2.830093
2.836486
2.842967
2.849318
2.855703
2.862159
2.868523
2.874935
2.881373
2.887728
2.894154
2.900563
2.906819
2.913278
2.919651
2.925955
2.932279
2.938673
2.945027
2.951343
2.957677
2.964031
2.970317
2.976741
2.982934
2.989249
2.995610
3.001874
3.008163
3.014503
3.020723
3.027053
3.033354
3.039577
3.045836
3.052130
3.058350
3.064624
3.070877
3.077091
3.083442
3.089677
3.095789
3.102063
3.108300
3.114436
3.120647
3.126882
3.133078
3.139244
3.145419
3.151578
3.157756
3.163988
3.170121
3.176335
3.182501
3.188652
3.194848
3.201005
3.207236
3.213312
3.219502
3.225599
3.231828
3.237934
3.244043
3.250272
3.256390
3.262505
3.268641
3.274779
3.280951
3.287036
3.293193
3.299308
3.305474
3.311610
3.317674
3.323816
3.329880
3.336016
3.342170
3.348207
3.354349
3.360451
3.366516
3.372616
3.378746
3.384813
3.390838
3.396929
3.403005
3.409086
3.415165
3.421242
3.427297
3.433346
3.439350
3.445393
3.451547
3.457533
3.463684
3.469664
3.475632
3.481684
3.487745
3.493650
3.499789
3.505808
3.511758
3.517720
3.523793
3.529768
3.535781
3.541728
3.547765
3.553697
3.559686
3.565639
3.571644
3.577555
3.583466
3.589425
3.595387
3.601301
3.607240
3.613229
3.619023
3.625000
3.630918
3.636760
3.642677
3.648588
3.654454
3.660423
3.666247
3.672095
3.677899
3.683801
3.689634
3.695462
3.701322
3.707221
3.712934
3.718810
3.724616
3.730420
3.736229
3.742065
3.747800
3.753549
3.759287
3.765189
3.770857
3.776604
3.782368
3.788118
3.793897
3.799602
3.805363
3.811118
3.816850
3.822575
3.828256
3.833963
3.839743
3.845381
3.851107
3.856802
3.862459
3.868124
3.873754
3.879422
3.885145
3.890831
3.896467
3.902079
3.907810
3.913371
3.919012
3.924717
3.930388
3.935895
3.941483
3.947199
3.952781
3.958384
3.963986
3.969577
3.975227
3.980782
3.986379
3.991987
3.997602
4.003129
4.008780
4.014368
4.019938
4.025501
4.031089
4.036602
4.042204
4.047783
4.053317
4.058904
4.064444
4.069957
4.075640
4.081078
4.086710
4.092223
4.097712
4.103360
4.108863
4.114385
4.119928
4.125476
4.131001
4.136541
4.142042
4.147591
4.153094
4.158637
4.164114
4.169641
4.175115
4.180628
4.186198
4.191680
4.197145
4.202649
4.208117
4.213614
4.219106
4.224586
4.230096
4.235600
4.241058
4.246523
4.251982
4.257432
4.262975
4.268397
4.273850
4.279279
4.284840
4.290251
4.295601
4.301087
4.306510
4.311900
4.317323
4.322794
4.328217
4.333598
4.339054
4.344434
4.349893
4.355310
4.360664
4.366117
4.371483
4.376938
4.382287
4.387617
4.392980
4.398363
4.403801
4.409074
4.414479
4.419824
4.425184
4.430535
4.435895
4.441207
4.446519
4.451927
4.457287
4.462464
4.467890
4.473148
4.478418
4.483697
4.489096
4.494321
4.499579
4.504858
4.510125
4.515413
4.520636
4.525899
4.531253
4.536439
4.541614
4.546899
4.552091
4.557295
4.562571
4.567736
4.572881
4.578142
4.583358
4.588520
4.593694
4.598883
4.604061
4.609238
4.614382
4.619589
4.624715
4.629857
4.635001
4.640175
4.645271
4.650413
4.655542
4.660653
4.665771
4.670897
4.675969
4.681104
4.686182
4.691270
4.696357
4.701510
4.706568
4.711700
4.716715
4.721829
4.726839
4.731977
4.736951
4.742104
4.747194
4.752182
4.757249
4.762396
4.767417
4.772445
4.777499
4.782512
4.787647
4.792683
4.797723
4.802708
4.807826
4.812787
4.817862
4.822863
4.827851
4.832845
4.837921
4.842906
4.847916
4.852949
4.857860
4.862980
4.867968
4.872876
4.877852
4.882853
4.887820
4.892838
4.897758
4.902797
4.907642
4.912696
4.917583
4.922619
4.927518
4.932414
4.937432
4.942357
4.947220
4.952202
4.957131
4.962035
4.966979
4.971904
4.976770
4.981642
4.986615
4.991502
4.996403
5.001344
5.006146
5.011036
5.016024
5.020827
5.025716
5.030588
5.035439
5.040325
5.045248
5.050089
5.054925
5.059791
5.064674
5.069540
5.074250
5.079175
5.083972
5.088831
5.093598
5.098470
5.103233
5.108066
5.112830
5.117699
5.122411
5.127253
5.131984
5.136765
5.141625
5.146434
5.151086
5.155943
5.160614
5.165422
5.170150
5.174920
5.179624
5.184373
5.189076
5.193783
5.198535
5.203233
5.207946
5.212635
5.217302
5.222042
5.226725
5.231360
5.235980
5.240756
5.245393
5.249911
5.254639
5.259238
5.263876
5.268484
5.273125
5.277742
5.282341
5.286934
5.291557
5.296144
5.300692
5.305237
5.309844
5.314378
5.318925
5.323480
5.328016
5.332584
5.337144
5.341642
5.346160
5.350657
5.355238
5.359669
5.364175
5.368642
5.373157
5.377666
5.382038
5.386582
5.391005
5.395466
5.399909
5.404397
5.408801
5.413248
5.417664
5.422113
5.426469
5.430993
5.435361
5.439723
5.444173
5.448523
5.452921
5.457298
5.461628
5.466008
5.470403
5.474765
5.479056
5.483466
5.487697
5.492098
5.496403
5.500711
5.505034
5.509361
5.513607
5.517992
5.522292
5.526621
5.530849
5.535139
5.539444
5.543725
5.547989
5.552207
5.556489
5.560782
5.565037
5.569279
5.573545
5.577782
5.582051
5.586249
5.590434
5.594646
5.598898
5.603081
5.607290
5.611503
5.615745
5.619888
5.624140
5.628335
5.632520
5.636693
5.640852
5.645049
5.649229
5.653399
5.657528
5.661747
5.665842
5.670001
5.674165
5.678282
5.682413
5.686527
5.690685
5.694784
5.698960
5.703014
5.707137
5.711301
5.715364
5.719486
5.723516
5.727695
5.731728
5.735842
5.739878
5.743937
5.748003
5.752078
5.756158
5.760227
5.764266
5.768253
5.772373
5.776363
5.780414
5.784492
5.788458
5.792536
5.796548
5.800541
5.804547
5.808598
5.812556
5.816553
5.820510
5.824552
5.828525
5.832572
5.836473
5.840398
5.844479
5.848461
5.852353
5.856307
5.860244
5.864160
5.868121
5.872048
5.875961
5.879886
5.883799
5.887757
5.891646
5.895583
5.899447
5.903393
5.907348
5.911138
5.915111
5.918916
5.922859
5.926763
5.930576
5.934438
5.938333
5.942219
5.946060
5.949892
5.953733
5.957637
5.961448
5.965274
5.969091
5.972965
5.976737
5.980572
5.984427
5.988194
5.991936
5.995840
5.999588
6.003407
6.007174
6.010976
6.014721
6.018526
6.022271
6.026031
6.029812
6.033566
6.037332
6.041086
6.044816
6.048549
6.052312
6.056036
6.059749
6.063506
6.067184
6.070900
6.074672
6.078312
6.082000
6.085670
6.089379
6.093091
6.096783
6.100423
6.104105
6.107802
6.111487
6.115125
6.118852
6.122387
6.126075
6.129706
6.133328
6.136927
6.140609
6.144240
6.147832
6.151464
6.155059
6.158699
6.162324
6.165956
6.169530
6.173164
6.176667
6.180319
6.183908
6.187500
6.191030
6.194679
6.198157
6.201746
6.205318
6.208850
6.212398
6.215975
6.219513
6.223057
6.226614
6.230143
6.233654
6.237229
6.240731
6.244171
6.247745
6.251232
6.254765
6.258294
6.261740
6.265236
6.268810
6.272220
6.275722
6.279308
6.282718
0.003083
0.006525
0.009995
0.013461
0.016967
0.020409
0.023825
0.027339
0.030767
0.034209
0.037657
0.041124
0.044575
0.048057
0.051523
0.054885
0.058330
0.061839
0.065212
0.068655
0.072070
0.075489
0.078919
0.082290
0.085726
0.089172
0.092560
0.095949
0.099319
0.102741
0.106132
0.109566
0.112963
0.116406
0.119728
0.123090
0.126502
0.129861
0.133256
0.136641
0.139991
0.143364
0.146747
0.150087
0.153422
0.156796
0.160154
0.163522
0.166883
0.170221
0.173556
0.176947
0.180243
0.183571
0.186921
0.190241
0.193557
0.196943
0.200187
0.203570
0.206872
0.210182
0.213514
0.216834
0.220114
0.223389
0.226721
0.230019
0.233318
0.236608
0.239906
0.243193
0.246563
0.249772
0.253104
0.256391
0.259605
0.262886
0.266191
0.269435
0.272755
0.276021
0.279268
0.282525
0.285806
0.289021
0.292283
0.295552
0.298776
0.302026
0.305283
0.308513
0.311734
0.315014
0.318184
0.321408
0.324701
0.327888
0.331100
0.334378
0.337572
0.340792
0.344031
0.347252
0.350431
0.353633
0.356827
0.360018
0.363236
0.366406
0.369605
0.372805
0.375969
0.379175
0.382378
0.385574
0.388714
0.391893
0.395063
0.398203
0.401397
0.404528
0.407688
0.410891
0.414016
0.417147
0.420269
0.423418
0.426584
0.429712
0.432849
0.435974
0.439102
0.442212
0.445343
0.448468
0.451608
0.454711
0.457818
0.460904
0.464008
0.467121
0.470210
0.473335
0.476418
0.479489
0.482617
0.485700
0.488759
0.491782
0.494901
0.497983
0.501084
0.504152
0.507187
0.510192
0.513263
0.516319
0.519357
0.522419
0.525463
0.528525
0.531539
0.534583
0.537624
0.540668
0.543679
0.546705
0.549746
0.552733
0.555759
0.558788
0.561770
0.564778
0.567786
0.570785
0.573781
0.576777
0.579755
0.582721
0.585729
0.588710
0.591688
0.594666
0.597686
0.600589
0.603559
0.606525
0.609440
0.612460
0.615363
0.618314
0.621262
0.624198
0.627117
0.630077
0.632995
0.635937
0.638867
0.641773
0.644682
0.647624
0.650546
0.653404
0.656337
0.659219
0.662101
0.665062
0.667890
0.670772
0.673648
0.676584
0.679404
0.682361
0.685198
0.688092
0.690953
0.693830
0.696709
0.699567
0.702386
0.705224
0.708160
0.710955
0.713786
0.716630
0.719434
0.722277
0.725136
0.727952
0.730789
0.733620
0.736422
0.739232
0.742081
0.744838
0.747663
0.750512
0.753289
0.756115
0.758889
0.761687
0.764504
0.767257
0.770049
0.772824
0.775622
0.778411
0.781171
0.783984
0.786755
0.789461
0.792262
0.795025
0.797784
0.800573
0.803273
0.806035
0.808779
0.811521
0.814265
0.817004
0.819760
0.822495
0.825240
0.827960
0.830687
0.833434
0.836139
0.838869
0.841601
0.844307
0.847024
0.849768
0.852477
0.855158
0.857882
0.860566
0.863275
0.865995
0.868698
0.871376
0.874099
0.876745
0.879492
0.882159
0.884813
0.887540
0.890200
0.892891
0.895557
0.898191
0.900908
0.903506
0.906211
0.908845
0.911556
0.914250
0.916880
0.919520
0.922156
0.924784
0.927426
0.930099
0.932756
0.935366
0.938029
0.940621
0.943263
0.945861
0.948485
0.951113
0.953771
0.956383
0.959005
0.961644
0.964218
0.966872
0.969479
0.972094
0.974701
0.977341
0.979899
0.982497
0.985091
0.987659
0.990230
0.992866
0.995440
0.997989
1.000638
1.003208
1.005794
1.008377
1.010923
1.013440
1.016083
1.018575
1.021164
1.023749
1.026290
1.028891
1.031425
1.033933
1.036510
1.039032
1.041585
1.044177
1.046726
1.049267
1.051766
1.054303
1.056817
1.059328
1.061850
1.064370
1.066887
1.069421
1.071917
1.074401
1.076929
1.079431
1.081921
1.084447
1.086945
1.089432
1.091946
1.094438
1.096943
1.099394
1.101857
1.104331
1.106818
1.109263
1.111756
1.114227
1.116738
1.119186
1.121637
1.124072
1.126556
1.129001
1.131419
1.133908
1.136362
1.138795
1.141225
1.143673
1.146096
1.148511
1.150938
1.153350
1.155816
1.158257
1.160687
1.163075
1.165493
1.167923
1.170305
1.172680
1.175110
1.177549
1.179931
1.182319
1.184725
1.187106
1.189458
1.191858
1.194213
1.196610
1.198998
1.201335
1.203719
1.206161
1.208504
1.210856
1.213199
1.215566
1.217933
1.220249
1.222595
1.224968
1.227376
1.229704
1.232038
1.234372
1.236721
1.239022
1.241347
1.243678
1.246033
1.248382
1.250737
1.253035
1.255381
1.257640
1.259964
1.262271
1.264572
1.266870
1.269201
1.271508
1.273854
1.276128
1.278396
1.280697
1.282965
1.285251
1.287516
1.289802
1.292094
1.294386
1.296660
1.298952
1.301184
1.303464
1.305699
1.307976
1.310253
1.312482
1.314756
1.316994
1.319250
1.321525
1.323789
1.326004
1.328242
1.330465
1.332664
1.334878
1.337125
1.339339
1.341559
1.343767
1.345957
1.348147
1.350338
1.352510
1.354718
1.356908
1.359143
1.361348
1.363508
1.365704
1.367906
1.370058
1.372206
1.374420
1.376589
1.378734
1.380903
1.383087
1.385260
1.387396
1.389568
1.391686
1.393843
1.395994
1.398122
1.400237
1.402385
1.404506
1.406639
1.408761
1.410876
1.412988
1.415109
1.417189
1.419301
1.421398
1.423468
1.425578
1.427696
1.429766
1.431911
1.433996
1.436055
1.438143
1.440243
1.442295
1.444354
1.446421
1.448488
1.450568
1.452632
1.454660
1.456689
1.458765
1.460811
1.462830
1.464877
1.466923
1.468951
1.471013
1.473029
1.475075
1.477113
1.479153
1.481157
1.483186
1.485202
1.487233
1.489229
1.491257
1.493282
1.495290
1.497261
1.499269
1.501294
1.503253
1.505225
1.507259
1.509233
1.511226
1.513176
1.515124
1.517089
1.519084
1.521035
1.522973
1.524963
1.526958
1.528938
1.530889
1.532845
1.534772
1.536725
1.538655
1.540599
1.542562
1.544530
1.546465
1.548413
1.550348
1.552266
1.554186
1.556089
1.558003
1.559933
1.561835
1.563717
1.565652
1.567558
1.569469
1.571372
1.573244
1.575189
1.577070
1.578922
1.580794
1.582721
1.584611
1.586478
1.588371
1.590271
1.592146
1.594010
1.595891
1.597773
1.599657
1.601518
1.603381
1.605221
1.607085
1.608915
1.610770
1.612630
1.614494
1.616351
1.618176
1.620022
1.621885
1.623722
1.625549
1.627401
1.629231
1.631038
1.632866
1.634711
1.636539
1.638384
1.640197
1.642037
1.643870
1.645668
1.647453
1.649254
1.651031
1.652822
1.654632
1.656421
1.658209
1.660007
1.661802
1.663587
1.665364
1.667132
1.668941
1.670697
1.672500
1.674259
1.676030
1.677806
1.679550
1.681339
1.683065
1.684841
1.686621
1.688341
1.690072
1.691837
1.693608
1.695303
1.697059
1.698776
1.700496
1.702236
1.703929
1.705652
1.707413
1.709148
1.710856
1.712585
1.714316
1.716015
1.717720
1.719410
1.721102
1.722792
1.724476
1.726151
1.727832
1.729527
1.731235
1.732934
1.734591
1.736260
1.737982
1.739654
1.741284
1.742944
1.744609
1.746272
1.747914
1.749532
1.751204
1.752858
1.754529
1.756165
1.757804
1.759416
1.761067
1.762727
1.764315
1.765942
1.767565
1.769204
1.770804
1.772416
1.774034
1.775691
1.777303
1.778887
1.780511
1.782099
1.783672
1.785257
1.786851
1.788484
1.790048
1.791615
1.793197
1.794784
1.796369
1.797951
1.799545
1.801097
1.802685
1.804228
1.805774
1.807338
1.808899
1.810439
1.811997
1.813543
1.815062
1.816587
1.818097
1.819661
1.821201
1.822777
1.824326
1.825869
1.827397
1.828910
1.830411
1.831927
1.833404
1.834890
1.836373
1.837862
1.839348
1.840834
1.842353
1.843884
1.845373
1.846889
1.848429
1.849930
1.851374
1.852824
1.854313
1.855775
1.857216
1.858639
1.860090
1.861555
1.862999
1.864419
1.865893
1.867394
1.868853
1.870294
1.871747
1.873239
1.874641
1.876076
1.877485
1.878911
1.880334
1.881721
1.883096
1.884510
1.885910
1.887282
1.888678
1.890128
1.891575
1.892986
1.894373
1.895823
1.897253
1.898634
1.899988
1.901354
1.902738
1.904075
1.905420
1.906780
1.908116
1.909459
1.910798
1.912227
1.913626
1.914965
1.916332
1.917731
1.919121
1.920430
1.921739
1.923109
1.924451
1.925745
1.927030
1.928337
1.929652
1.930928
1.932217
1.933571
1.934907
1.936234
1.937535
1.938883
1.940255
1.941570
1.942811
1.944117
1.945444
1.946705
1.947922
1.949186
1.950478
1.951718
1.952967
1.954190
1.955472
1.956778
1.958055
1.959298
1.960595
1.961884
1.963163
1.964397
1.965644
1.966914
1.968103
1.969311
1.970530
1.971735
1.972945
1.974125
1.975351
1.976573
1.977772
1.978985
1.980198
1.981457
1.982685
1.983878
1.985073
1.986310
1.987506
1.988671
1.989846
1.991032
1.992204
1.993345
1.994490
1.995664
1.996806
1.997941
1.999092
2.000257
2.001435
2.002588
2.003757
2.004904
2.006057
2.007202
2.008349
2.009488
2.010605
2.011711
2.012837
2.013961
2.015028
2.016154
2.017299
2.018413
2.019498
2.020594
2.021718
2.022817
2.023902
2.024989
2.026092
2.027198
2.028246
2.029310
2.030409
2.031509
2.032557
2.033645
2.034718
2.035832
2.036854
2.037923
2.038984
2.040063
2.041093
2.042136
2.043160
2.044233
2.045258
2.046255
2.047256
2.048323
2.049341
2.050327
2.051346
2.052388
2.053446
2.054426
2.055471
2.056508
2.057521
2.058503
2.059516
2.060562
2.061559
2.062524
2.063504
2.064496
2.065487
2.066428
2.067372
2.068366
2.069340
2.070299
2.071231
2.072213
2.073214
2.074173
2.075125
2.076108
2.077055
2.078017
2.078960
2.079925
2.080887
2.081840
2.082783
2.083724
2.084653
2.085558
2.086447
2.087376
2.088284
2.089183
2.090070
2.090990
2.091912
2.092811
2.093719
2.094606
2.095487
2.096353
2.097233
2.098123
2.099007
2.099900
2.100802
2.101697
2.102617
2.103525
2.104394
2.105266
2.106156
2.107007
2.107824
2.108642
2.109484
2.110326
2.111147
2.111968
2.112801
2.113682
2.114524
2.115324
2.116148
2.116998
2.117825
2.118625
2.119416
2.120237
2.121061
2.121858
2.122640
2.123473
2.124312
2.125145
2.125957
2.126801
2.127616
2.128425
2.129174
2.129959
2.130750
2.131472
2.132215
2.132982
2.133734
2.134471
2.135220
2.135975
2.136706
2.137452
2.138183
2.138936
2.139661
2.140352
2.141072
2.141803
2.142531
2.143232
2.143954
2.144703
2.145455
2.146177
2.146890
2.147630
2.148388
2.149113
2.149832
2.150551
2.151252
2.151944
2.152624
2.153307
2.153961
2.154647
2.155318
2.155977
2.156645
2.157289
2.157937
2.158599
2.159258
2.159896
2.160534
2.161175
2.161819
2.162436
2.163063
2.163689
2.164300
2.164911
2.165537
2.166152
2.166778
2.167392
2.168000
2.168632
2.169253
2.169870
2.170478
2.171119
2.171769
2.172390
2.173019
2.173630
2.174268
2.174861
2.175433
2.175991
2.176575
2.177150
2.177690
2.178229
2.178783
2.179346
2.179880
2.180422
2.180988
2.181545
2.182052
2.182558
2.183088
2.183604
2.184098
2.184598
2.185093
2.185614
2.186096
2.186561
2.187058
2.187562
2.188047
2.188520
2.188979
2.189449
2.189928
2.190402
2.190872
2.191364
2.191861
2.192352
2.192877
2.193386
2.193880
2.194377
2.194899
2.195420
2.195926
2.196415
2.196903
2.197403
2.197886
2.198341
2.198803
2.199264
2.199717
2.200148
2.200582
2.201011
2.201412
2.201814
2.202230
2.202638
2.203036
2.203429
2.203827
2.204226
2.204615
2.204993
2.205361
2.205739
2.206116
2.206473
2.206853
2.207242
2.207620
2.207983
2.208348
2.208705
2.209034
2.209379
2.209717
2.210056
2.210377
2.210709
2.211035
2.211371
2.211707
2.212009
2.212318
2.212647
2.212956
2.213247
2.213549
2.213861
2.214181
2.214499
2.214820
2.215143
2.215467
2.215796
2.216147
2.216488
2.216830
2.217180
2.217528
2.217861
2.218226
2.218568
2.218912
2.219251
2.219604
2.219940
2.220248
2.220554
2.220866
2.221174
2.221468
2.221723
2.221992
2.222262
2.222511
2.222744
2.222969
2.223212
2.223436
2.223637
2.223832
2.224020
2.224188
2.224362
2.224530
2.224689
2.224829
2.224967
2.225111
2.225246
2.225372
2.225482
2.225590
2.225710
2.225830
2.225938
2.226043
2.226160
2.226268
2.226372
2.226477
2.226570
2.226654
2.226750
2.226846
2.226933
2.227020
2.227109
2.227202
2.227298
2.227391
2.227466
2.227541
2.227625
2.227700
2.227772
2.227838
2.227897
2.227963
2.228017
2.228074
2.228134
2.228176
2.228230
2.228281
2.228326
2.228362
2.228407
2.228452
2.228491
2.228518
2.228533
2.228544
2.228569
2.228590
2.228590
2.228598
2.228619
2.228634
2.228637
2.228637
2.228637
2.228637
2.228637
2.228637
2.228637
2.228637
2.228637
2.228637
2.228637
2.228637
2.228637
2.228637
2.228637
2.228637
2.228637
2.228637
2.228637
2.228637
2.228637
2.228637
2.228637
2.228637
2.228637
2.228637
2.228637
2.228628
2.228616
2.228598
2.228586
2.228575
2.228556
2.228533
2.228527
2.228527
2.228518
2.228512
2.228512
2.228512
2.228512
2.228512
2.228512
2.228512
2.228512
2.228512
2.228512
2.228512
2.228512
2.228512
2.228512
2.228512
2.228512
2.228512
2.228512
2.228512
2.228512
2.228512
2.228512
2.228512
2.228512
2.228512
2.228512
2.228512
2.228512
2.228512
2.228512
2.228512
2.228512
2.228512
2.228512
2.228512
2.228512
2.228512
2.228512
2.228512
2.228512
2.228512
2.228512
2.228512
2.228512
2.228512
2.228512
2.228512
2.228512
2.228512
2.228512
2.228512
2.228512
2.228512
2.228512
2.228512
2.228512
2.228512
2.228512
2.228512
2.228512
2.228512
2.228512
2.228512
2.228512
2.228512
2.228512
2.228512
2.228512
2.228512
2.228512
2.228512
2.228512
2.228512
2.228512
2.228512
2.228512
2.228512
2.228512
2.228512
2.228512
2.228512
2.228512
2.228512
2.228512
2.228512
2.228512
2.228512
2.228512
2.228512
2.228512
2.228512
2.228512
2.228512
2.228512
2.228512
2.228512
2.228512
2.228512
2.228512
2.228512