2.839126
2.839126
2.839126
2.839126
2.839126
2.839126
2.839126
2.839306
2.839602
2.840016
2.840519
2.841142
2.841867
2.842694
2.843662
2.844782
2.845948
2.847206
2.848539
2.849951
2.851481
2.853147
2.854876
2.856853
2.858915
2.861105
2.863409
2.865932
2.868499
2.871163
2.873949
2.876846
2.879827
2.882946
2.886206
2.889555
2.893088
2.896689
2.900470
2.904422
2.908440
2.912535
2.916742
2.921080
2.925604
2.930215
2.934982
2.939799
2.944875
2.949965
2.955214
2.960673
2.965973
2.971683
2.977295
2.983134
2.989033
2.995110
3.001266
3.007537
3.014035
3.020633
3.027308
3.033992
3.040868
3.047996
3.055177
3.062353
3.069672
3.077315
3.084910
3.092634
3.100520
3.108567
3.116603
3.124818
3.133159
3.141683
3.150326
3.158952
3.167754
3.176742
3.185844
3.195057
3.204411
3.213834
3.223244
3.233233
3.242811
3.252782
3.262858
3.273024
3.283387
3.293807
3.304320
3.315073
3.325940
3.336690
3.347901
3.359094
3.370482
3.381882
3.393243
3.405132
3.416649
3.428687
3.440758
3.452934
3.465020
3.477091
3.489177
3.501533
3.513868
3.526031
3.538079
3.550401
3.562449
3.574490
3.586624
3.598860
3.611275
3.623658
3.635729
3.648385
3.660537
3.672736
3.684861
3.697238
3.709177
3.721333
3.733440
3.745678
3.757839
3.769994
3.782171
3.794409
3.806633
3.818827
3.830940
3.842966
3.855229
3.867052
3.879333
3.891110
3.903370
3.915423
3.927590
3.939451
3.951579
3.963528
3.975479
3.987370
3.999343
4.011378
4.023383
4.035370
4.047471
4.059458
4.071389
4.083661
4.095534
4.107524
4.119634
4.131595
4.143669
4.155755
4.167790
4.179858
4.192028
4.203979
4.216038
4.228139
4.240112
4.252132
4.264392
4.276316
4.288441
4.300506
4.312559
4.324594
4.336908
4.348704
4.360907
4.372777
4.384830
4.396892
4.408720
4.420573
4.432716
4.444733
4.456526
4.468630
4.480584
4.492490
4.504475
4.516396
4.528455
4.540217
4.552289
4.564024
4.576029
4.587849
4.599764
4.611740
4.623517
4.635483
4.647354
4.659227
4.670948
4.682842
4.694553
4.706661
4.718360
4.730162
4.742029
4.753758
4.765674
4.777505
4.789439
4.801306
4.813089
4.825161
4.836848
4.848551
4.860634
4.872474
4.884377
4.896119
4.908169
4.919929
4.932084
4.943738
4.955669
4.967578
4.979413
4.991268
5.003285
5.015113
5.027092
5.038770
5.050811
5.062577
5.074579
5.086324
5.098257
5.110223
5.122019
5.133844
5.145790
5.157570
5.169515
5.181458
5.193361
5.204941
5.216868
5.228561
5.240450
5.252359
5.263981
5.275743
5.287548
5.299185
5.310896
5.322539
5.334313
5.346127
5.357721
5.369448
5.380902
5.392871
5.404352
5.415902
5.427533
5.439175
5.450890
5.462416
5.473810
5.485386
5.497005
5.508492
5.520069
5.531798
5.543094
5.554622
5.566175
5.577647
5.589209
5.600801
5.612257
5.623670
5.635276
5.646622
5.658211
5.669731
5.681149
5.692689
5.704248
5.715589
5.727162
5.738664
5.750061
5.761524
5.773083
5.784629
5.795994
5.807400
5.818934
5.830277
5.841785
5.853176
5.864594
5.876162
5.887433
5.898878
5.910320
5.921678
5.933084
5.944493
5.955818
5.967296
5.978510
5.989925
6.001361
6.012716
6.024098
6.035234
6.046623
6.057822
6.069081
6.080355
6.091711
6.102970
6.114274
6.125386
6.136508
6.147802
6.158972
6.170084
6.181269
6.192402
6.203478
6.214677
6.225706
6.236783
6.247961
6.259037
6.270009
6.281163
0.009012
0.020038
0.031144
0.042166
0.053306
0.064301
0.075348
0.086415
0.097662
0.108307
0.119537
0.130598
0.141588
0.152571
0.163699
0.174652
0.185800
0.196826
0.207908
0.218844
0.229941
0.240904
0.251989
0.262979
0.273968
0.285033
0.296154
0.307138
0.318145
0.329210
0.340229
0.351201
0.362343
0.373222
0.384244
0.395162
0.406023
0.417198
0.428154
0.439132
0.450116
0.461039
0.471981
0.482958
0.493912
0.504737
0.515651
0.526722
0.537504
0.548428
0.559415
0.570123
0.581136
0.592087
0.602863
0.613685
0.624597
0.635422
0.646285
0.657059
0.667860
0.678634
0.689569
0.700226
0.711096
0.721885
0.732614
0.743352
0.754188
0.764884
0.775649
0.786420
0.797278
0.808030
0.818711
0.829344
0.840007
0.850970
0.861465
0.872305
0.883138
0.893822
0.904602
0.915436
0.926123
0.936891
0.947728
0.958516
0.969227
0.980064
0.990682
1.001387
1.012349
1.023030
1.033735
1.044734
1.055310
1.066275
1.077004
1.087859
1.098597
1.109467
1.120240
1.131023
1.141887
1.152517
1.163324
1.174157
1.184952
1.195693
1.206662
1.217358
1.228113
1.239034
1.249697
1.260716
1.271353
1.282129
1.292849
1.303698
1.314409
1.325195
1.335968
1.346715
1.357339
1.368152
1.378878
1.389730
1.400399
1.411181
1.421832
1.432438
1.443230
1.454085
1.464634
1.475414
1.485990
1.496839
1.507334
1.518030
1.528756
1.539482
1.550061
1.560828
1.571363
1.582031
1.592700
1.603354
1.613999
1.624851
1.635388
1.646090
1.656762
1.667488
1.678067
1.688796
1.699519
1.710224
1.720887
1.731553
1.742267
1.752921
1.763718
1.774435
1.785215
1.795998
1.806544
1.817501
1.828077
1.838812
1.849651
1.860317
1.871022
1.881850
1.892507
1.903338
1.913932
1.924622
1.935449
1.946241
1.957021
1.967561
1.978518
1.989118
1.999853
2.010545
2.021241
2.031997
2.042678
2.053299
2.064103
2.074772
2.085399
2.096005
2.106854
2.117268
2.128231
2.138636
2.149395
2.159926
2.170598
2.181147
2.191807
2.202413
2.213010
2.223697
2.234129
2.244708
2.255284
2.265720
2.276335
2.286878
2.297307
2.307847
2.318390
2.328768
2.339312
2.349789
2.360185
2.370695
2.381176
2.391590
2.402103
2.412436
2.422971
2.433370
2.443937
2.454195
2.464957
2.475243
2.485675
2.496035
2.506719
2.516963
2.527575
2.537947
2.548434
2.558740
2.569385
2.579751
2.590124
2.600547
2.610928
2.621382
2.632038
2.642249
2.652780
2.663308
2.673717
2.684053
2.694683
2.704917
2.715407
2.725809
2.736163
2.746563
2.756989
2.767367
2.777716
2.788253
2.798478
2.808887
2.819349
2.829754
2.839971
2.850424
2.860841
2.870986
2.881523
2.891698
2.901956
2.912379
2.922557
2.932837
2.943116
2.953332
2.963597
2.973850
2.984114
2.994453
3.004691
3.014850
3.025208
3.035293
3.045398
3.055483
3.065873
3.075799
3.086106
3.096208
3.106305
3.116459
3.126597
3.136643
3.146758
3.156884
3.167047
3.177117
3.187274
3.197409
3.207263
3.217540
3.227451
3.237541
3.247827
3.257768
3.267895
3.278141
3.288073
3.298259
3.308272
3.318372
3.328391
3.338506
3.348593
3.358603
3.368724
3.378733
3.388824
3.398915
3.408964
3.418992
3.429118
3.439113
3.449180
3.459342
3.469238
3.479356
3.489369
3.499520
3.509398
3.519554
3.529465
3.539517
3.549539
3.559536
3.569501
3.579568
3.589536
3.599471
3.609499
3.619344
3.629309
3.639288
3.649116
3.659182
3.669063
3.678962
3.688915
3.698802
3.708701
3.718594
3.728535
3.738350
3.748147
3.757986
3.767766
3.777535
3.787479
3.797226
3.806996
3.816880
3.826665
3.836414
3.846283
3.855865
3.865799
3.875536
3.885187
3.894915
3.904670
3.914366
3.924097
3.933846
3.943496
3.953155
3.962893
3.972642
3.982346
3.992155
4.001868
4.011546
4.021223
4.031122
4.040589
4.050503
4.059968
4.069909
4.079571
4.089230
4.098968
4.108686
4.118289
4.128053
4.137850
4.147536
4.157247
4.166930
4.176592
4.186408
4.196145
4.205855
4.215553
4.225293
4.234943
4.244740
4.254433
4.264191
4.273853
4.283662
4.293424
4.303002
4.312817
4.322434
4.332228
4.341999
4.351508
4.361473
4.371033
4.380720
4.390295
4.400116
4.409751
4.419465
4.429190
4.438777
4.448410
4.458158
4.467722
4.477408
4.486989
4.496664
4.506314
4.516039
4.525666
4.535163
4.544861
4.554398
4.564036
4.573609
4.583190
4.592777
4.602473
4.611925
4.621483
4.631061
4.640594
4.650158
4.659811
4.669225
4.678863
4.688324
4.697828
4.707335
4.716889
4.726294
4.735983
4.745471
4.754945
4.764380
4.773949
4.783446
4.793064
4.802693
4.812200
4.821631
4.831294
4.840740
4.850291
4.859921
4.869406
4.878928
4.888509
4.898004
4.907558
4.917145
4.926667
4.936266
4.945725
4.955405
4.964960
4.974397
4.983933
4.993374
5.003078
5.012537
5.022076
5.031637
5.041161
5.050557
5.060168
5.069702
5.079232
5.088840
5.098284
5.107776
5.117363
5.126887
5.136277
5.145849
5.155293
5.164796
5.174300
5.183755
5.193283
5.202607
5.212053
5.221539
5.231000
5.240321
5.249801
5.259346
5.268553
5.278167
5.287449
5.296788
5.306174
5.315639
5.324984
5.334197
5.343604
5.352925
5.362105
5.371452
5.380731
5.390121
5.399286
5.408630
5.417945
5.427137
5.436401
5.445665
5.454986
5.464052
5.473342
5.482531
5.491732
5.501032
5.510035
5.519212
5.528482
5.537620
5.546716
5.555923
5.565052
5.574090
5.583345
5.592573
5.601573
5.610826
5.619906
5.629080
5.638254
5.647332
5.656518
5.665611
5.674612
5.683753
5.693034
5.702061
5.711130
5.720322
5.729295
5.738440
5.747664
5.756706
5.765691
5.774889
5.784054
5.793025
5.802166
5.811244
5.820196
5.829298
5.838376
5.847373
5.856493
5.865490
5.874691
5.883676
5.892611
5.901736
5.910781
5.919812
5.928779
5.937878
5.946821
5.955845
5.964770
5.973639
5.982711
5.991675
6.000645
6.009613
6.018490
6.027310
6.036310
6.045274
6.054137
6.063062
6.071949
6.080799
6.089694
6.098598
6.107335
6.116233
6.125102
6.133916
6.142715
6.151580
6.160404
6.169206
6.178051
6.186769
6.195479
6.204362
6.213033
6.221805
6.230605
6.239299
6.247984
6.256766
6.265350
6.274116
6.282874
0.008311
0.017030
0.025733
0.034386
0.043044
0.051868
0.060478
0.069197
0.077879
0.086403
0.095209
0.103777
0.112565
0.121128
0.129987
0.138538
0.147166
0.155843
0.164472
0.173205
0.181795
0.190438
0.199127
0.207774
0.216474
0.224998
0.233830
0.242399
0.251013
0.259716
0.268345
0.276922
0.285677
0.294255
0.302859
0.311545
0.320114
0.328784
0.337401
0.345919
0.354583
0.363296
0.371802
0.380484
0.389065
0.397694
0.406202
0.414837
0.423364
0.432019
0.440537
0.449109
0.457788
0.466162
0.474698
0.483246
0.491913
0.500344
0.508868
0.517491
0.526030
0.534425
0.543059
0.551499
0.560053
0.568514
0.576909
0.585381
0.594022
0.602441
0.610884
0.619261
0.627743
0.636248
0.644676
0.653221
0.661556
0.670056
0.678445
0.686783
0.695205
0.703543
0.712010
0.720381
0.728731
0.737138
0.745524
0.753802
0.762224
0.770625
0.779020
0.787373
0.795642
0.804025
0.812375
0.820767
0.829066
0.837431
0.845781
0.854077
0.862394
0.870837
0.879133
0.887480
0.895866
0.904219
0.912533
0.920928
0.929284
0.937493
0.945876
0.954409
0.962561
0.971097
0.979285
0.987674
0.996174
1.004329
1.012835
1.021152
1.029481
1.037777
1.046328
1.054594
1.063094
1.071444
1.079704
1.088027
1.096476
1.104775
1.113071
1.121541
1.129804
1.138127
1.146516
1.154779
1.163279
1.171584
1.179916
1.188275
1.196694
1.204990
1.213370
1.221768
1.230040
1.238324
1.246704
1.254937
1.263290
1.271799
1.279855
1.288349
1.296648
1.304911
1.313106
1.321470
1.329740
1.338099
1.346434
1.354691
1.363002
1.371355
1.379585
1.387803
1.396126
1.404344
1.412530
1.420907
1.429155
1.437352
1.445621
1.453761
1.462078
1.470369
1.478515
1.486757
1.495011
1.503241
1.511391
1.519687
1.527785
1.536087
1.544194
1.552469
1.560499
1.568777
1.576926
1.585183
1.593357
1.601464
1.609838
1.617993
1.626145
1.634283
1.642486
1.650671
1.658919
1.667143
1.675257
1.683535
1.691705
1.699908
1.708097
1.716303
1.724548
1.732688
1.740987
1.749155
1.757322
1.765594
1.773725
1.781919
1.790257
1.798389
1.806541
1.814888
1.822959
1.831255
1.839471
1.847647
1.855856
1.864122
1.872280
1.880520
1.888738
1.896962
1.905084
1.913461
1.921515
1.929763
1.938002
1.946172
1.954363
1.962638
1.970731
1.978964
1.987137
1.995337
2.003505
2.011696
2.019899
2.027941
2.036278
2.044398
2.052586
2.060756
2.068828
2.076908
2.085096
2.093186
2.101326
2.109490
2.117634
2.125696
2.133839
2.141907
2.150063
2.158128
2.166224
2.174472
2.182294
2.190519
2.198536
2.206592
2.214577
2.222651
2.230678
2.238833
2.246698
2.254814
2.262757
2.270894
2.278738
2.286815
2.294829
2.302865
2.310849
2.318789
2.326740
2.334683
2.342628
2.350658
2.358600
2.366591
2.374506
2.382392
2.390406
2.398334
2.406214
2.414300
2.422150
2.430035
2.438053
2.445932
2.453857
2.461764
2.469700
2.477547
2.485645
2.493372
2.501374
2.509218
2.517292
2.525046
2.533142
2.540877
2.548937
2.556828
2.564708
2.572585
2.580482
2.588524
2.596316
2.604187
2.612067
2.620039
2.627874
2.635774
2.643699
2.651594
2.659392
2.667296
2.675205
2.683085
2.690941
2.698865
2.706709
2.714472
2.722522
2.730261
2.738123
2.745963
2.753780
2.761594
2.769485
2.777320
2.785110
2.793010
2.800809
2.808569
2.816467
2.824295
2.832022
2.839926
2.847554
2.855442
2.863193
2.870923
2.878671
2.886493
2.894187
2.901968
2.909707
2.917428
2.925190
2.932917
2.940695
2.948293
2.956167
2.963738
2.971450
2.979095
2.986825
2.994480
3.002228
3.009844
3.017547
3.025106
3.032914
3.040422
3.048164
3.055753
3.063339
3.070946
3.078523
3.086127
3.093689
3.101263
3.108999
3.116507
3.124072
3.131622
3.139220
3.146716
3.154335
3.161939
3.169390
3.176967
3.184508
3.192031
3.199608
3.207230
3.214726
3.222229
3.229779
3.237224
3.244810
3.252366
3.259808
3.267340
3.274890
3.282434
3.289957
3.297576
3.305069
3.312524
3.320110
3.327618
3.335087
3.342619
3.350121
3.357656
3.365170
3.372646
3.380121
3.387677
3.395125
3.402639
3.410210
3.417607
3.425094
3.432621
3.440075
3.447544
3.455094
3.462536
3.469894
3.477514
3.484893
3.492335
3.499747
3.507234
3.514629
3.522125
3.529474
3.536916
3.544349
3.551744
3.559216
3.566580
3.573945
3.581408
3.588775
3.596109
3.603525
3.610931
3.618262
3.625606
3.632937
3.640226
3.647683
3.655054
3.662310
3.669672
3.676940
3.684259
3.691492
3.698874
3.706169
3.713459
3.720793
3.728032
3.735279
3.742572
3.749702
3.756926
3.764347
3.771385
3.778692
3.786026
3.793025
3.800363
3.807520
3.814606
3.821850
3.829068
3.836201
3.843428
3.850534
3.857650
3.864769
3.871953
3.879105
3.886113
3.893276
3.900422
3.907603
3.914695
3.921745
3.928869
3.935964
3.943077
3.950219
3.957320
3.964364
3.971443
3.978646
3.985558
3.992691
3.999789
4.006842
4.013906
4.021079
4.028171
4.035154
4.042363
4.049371
4.056382
4.063473
4.070502
4.077518
4.084634
4.091651
4.098668
4.105714
4.112803
4.119880
4.126998
4.133860
4.140930
4.147926
4.155012
4.162040
4.169099
4.176191
4.183210
4.190224
4.197190
4.204339
4.211260
4.218345
4.225305
4.232427
4.239375
4.246319
4.253447
4.260401
4.267424
4.274426
4.281445
4.288405
4.295431
4.302400
4.309390
4.316439
4.323426
4.330344
4.337327
4.344296
4.351247
4.358258
4.365209
4.372145
4.379258
4.386023
4.393003
4.399912
4.406884
4.413886
4.420753
4.427584
4.434514
4.441564
4.448431
4.455246
4.462197
4.469169
4.475979
4.482951
4.489794
4.496703
4.503564
4.510416
4.517292
4.524153
4.530966
4.537797
4.544637
4.551447
4.558287
4.565130
4.571952
4.578678
4.585506
4.592367
4.599102
4.605993
4.612752
4.619502
4.626303
4.633071
4.639905
4.646616
4.653352
4.660210
4.666948
4.673632
4.680472
4.687099
4.693942
4.700570
4.707251
4.714049
4.720772
4.727405
4.734176
4.740909
4.747563
4.754283
4.760979
4.767708
4.774392
4.781020
4.787788
4.794421
4.801168
4.807750
4.814542
4.821248
4.827875
4.834550
4.841321
4.847946
4.854645
4.861368
4.867962
4.874661
4.881354
4.888033
4.894651
4.901308
4.908008
4.914656
4.921412
4.927976
4.934579
4.941329
4.947930
4.954602
4.961325
4.967944
4.974541
4.981234
4.987874
4.994468
5.001155
5.007785
5.014385
5.020989
5.027592
5.034222
5.040843
5.047372
5.054023
5.060617
5.067212
5.073800
5.080433
5.086971
5.093547
5.100148
5.106622
5.113321
5.119847
5.126366
5.132906
5.139465
5.145960
5.152503
5.159107
5.165564
5.172086
5.178635
5.185170
5.191653
5.198170
5.204662
5.211173
5.217668
5.224064
5.230518
5.237016
5.243464
5.249906
5.256368
5.262815
5.269203
5.275711
5.282143
5.288476
5.294969
5.301279
5.307714
5.314099
5.320472
5.326871
5.333199
5.339523
5.345887
5.352203
5.358557
5.364849
5.371171
5.377453
5.383781
5.390106
5.396383
5.402569
5.408978
5.415162
5.421427
5.427724
5.433950
5.440179
5.446432
5.452577
5.458853
5.465043
5.471257
5.477453
5.483628
5.489832
5.496005
5.502287
5.508339
5.514535
5.520719
5.526915
5.533036
5.539207
5.545313
5.551491
5.557636
5.563835
5.569992
5.576092
5.582183
5.588328
5.594575
5.600501
5.606733
5.612830
5.618912
5.625081
5.631124
5.637227
5.643318
5.649400
5.655469
5.661500
5.667562
5.673716
5.679681
5.685750
5.691907
5.697957
5.703961
5.710070
5.716071
5.722129
5.728127
5.734170
5.740234
5.746211
5.752215
5.758270
5.764361
5.770293
5.776270
5.782322
5.788249
5.794367
5.800326
5.806312
5.812256
5.818263
5.824255
5.830226
5.836183
5.842121
5.848122
5.854051
5.859986
5.866054
5.871812
5.877888
5.883757
5.889662
5.895702
5.901605
5.907513
5.913442
5.919347
5.925294
5.931209
5.937081
5.942881
5.948909
5.954770
5.960582
5.966445
5.972335
5.978238
5.984035
5.989868
5.995732
6.001580
6.007449
6.013295
6.019068
6.024892
6.030678
6.036496
6.042353
6.048109
6.053846
6.059610
6.065360
6.071235
6.076895
6.082731
6.088454
6.094239
6.099937
6.105699
6.111434
6.117171
6.122845
6.128601
6.134254
6.139962
6.145669
6.151344
6.157003
6.162654
6.168400
6.174060
6.179755
6.185412
6.191053
6.196611
6.202289
6.207975
6.213656
6.219255
6.224846
6.230551
6.236087
6.241714
6.247334
6.252928
6.258570
6.264205
6.269736
6.275303
6.280896
0.003308
0.008910
0.014480
0.020017
0.025613
0.031183
0.036714
0.042250
0.047844
0.053453
0.058923
0.064490
0.070012
0.075590
0.081148
0.086676
0.092264
0.097779
0.103304
0.108736
0.114333
0.119848
0.125424
0.130940
0.136422
0.141965
0.147496
0.152913
0.158593
0.163944
0.169565
0.174985
0.180575
0.185953
0.191556
0.197045
0.202494
0.207980
0.213538
0.219012
0.224462
0.229983
0.235418
0.240871
0.246423
0.251831
0.257361
0.262781
0.268237
0.273681
0.279199
0.284724
0.290042
0.295519
0.301041
0.306437
0.311919
0.317315
0.322762
0.328272
0.333653
0.339085
0.344523
0.349957
0.355365
0.360785
0.366259
0.371604
0.377054
0.382396
0.387848
0.393268
0.398691
0.404039
0.409450
0.414801
0.420197
0.425638
0.431016
0.436370
0.441748
0.447092
0.452524
0.457866
0.463217
0.468586
0.473910
0.479282
0.484711
0.489978
0.495293
0.500635
0.506022
0.511301
0.516640
0.521949
0.527306
0.532588
0.537822
0.543227
0.548524
0.553812
0.559118
0.564445
0.569673
0.574928
0.580201
0.585432
0.590735
0.596014
0.601231
0.606462
0.611702
0.616909
0.622152
0.627500
0.632689
0.637857
0.643247
0.648353
0.653662
0.658776
0.664076
0.669244
0.674472
0.679604
0.684827
0.690013
0.695196
0.700418
0.705631
0.710733
0.715899
0.721178
0.726208
0.731427
0.736613
0.741686
0.746887
0.752046
0.757175
0.762302
0.767470
0.772563
0.777704
0.782866
0.787996
0.793086
0.798275
0.803383
0.808492
0.813627
0.818711
0.823847
0.828934
0.834018
0.839132
0.844280
0.849376
0.854430
0.859551
0.864641
0.869683
0.874851
0.879882
0.885038
0.890191
0.895216
0.900276
0.905396
0.910471
0.915493
0.920634
0.925674
0.930713
0.935830
0.940872
0.945969
0.951041
0.956119
0.961189
0.966216
0.971259
0.976328
0.981379
0.986410
0.991500
0.996533
1.001633
1.006690
1.011780
1.016712
1.021781
1.026832
1.031842
1.036902
1.041956
1.046954
1.052002
1.057083
1.062105
1.067147
1.072118
1.077145
1.082253
1.087197
1.092302
1.097282
1.102279
1.107363
1.112295
1.117427
1.122371
1.127347
1.132368
1.137357
1.142369
1.147388
1.152394
1.157368
1.162428
1.167368
1.172354
1.177378
1.182298
1.187271
1.192332
1.197248
1.202266
1.207249
1.212174
1.217148
1.222214
1.227122
1.232035
1.237081
1.241946
1.246923
1.251848
1.256822
1.261840
1.266783
1.271691
1.276617
1.281581
1.286504
1.291408
1.296331
1.301262
1.306170
1.311122
1.316015
1.320937
1.325863
1.330749
1.335732
1.340579
1.345451
1.350340
1.355266
1.360129
1.365021
1.369950
1.374770
1.379648
1.384547
1.389436
1.394266
1.399194
1.404012
1.408910
1.413725
1.418642
1.423417
1.428283
1.433101
1.437975
1.442847
1.447619
1.452452
1.457324
1.462165
1.466920
1.471783
1.476585
1.481388
1.486215
1.490999
1.495838
1.500647
1.505410
1.510210
1.514983
1.519786
1.524576
1.529427
1.534119
1.538915
1.543685
1.548419
1.553188
1.557994
1.562689
1.567453
1.572264
1.576941
1.581696
1.586466
1.591217
1.595963
1.600709
1.605428
1.610200
1.614913
1.619581
1.624363
1.629156
1.633884
1.638582
1.643322
1.648089
1.652837
1.657547
1.662245
1.667012
1.671757
1.676377
1.681174
1.685875
1.690579
1.695243
1.700046
1.704759
1.709412
1.714158
1.718852
1.723571
1.728284
1.732970
1.737671
1.742399
1.747066
1.751770
1.756486
1.761148
1.765876
1.770576
1.775250
1.779969
1.784637
1.789326
1.794018
1.798691
1.803326
1.808027
1.812731
1.817393
1.822031
1.826752
1.831441
1.836079
1.840759
1.845385
1.850110
1.854736
1.859376
1.864047
1.868700
1.873359
1.878003
1.882653
1.887303
1.891959
1.896593
1.901159
1.905866
1.910492
1.915070
1.919672
1.924361
1.928981
1.933577
1.938242
1.942832
1.947451
1.952060
1.956658
1.961272
1.965907
1.970476
1.975048
1.979674
1.984309
1.988866
1.993429
1.998004
2.002642
2.007247
2.011774
2.016367
2.020936
2.025580
2.030047
2.034694
2.039215
2.043766
2.048305
2.052853
2.057458
2.062006
2.066515
2.071039
2.075578
2.080120
2.084686
2.089288
2.093734
2.098240
2.102869
2.107279
2.111815
2.116363
2.120818
2.125297
2.129807
2.134325
2.138858
2.143259
2.147750
2.152286
2.156714
2.161145
2.165699
2.170100
2.174654
2.179098
2.183463
2.187945
2.192439
2.196852
2.201217
2.205661
2.210179
2.214523
2.218933
2.223352
2.227783
2.232221
2.236562
2.240972
2.245466
2.249802
2.254143
2.258523
2.262954
2.267329
2.271688
2.275993
2.280451
2.284817
2.289101
2.293472
2.297780
2.302215
2.306514
2.310858
2.315205
2.319544
2.323957
2.328199
2.332502
2.336885
2.341211
2.345466
2.349801
2.354031
2.358385
2.362699
2.366986
2.371274
2.375615
2.379938
2.384139
2.388495
2.392788
2.397076
2.401342
2.405591
2.409875
2.414180
2.418408
2.422695
2.426979
2.431207
2.435476
2.439698
2.444039
2.448254
2.452527
2.456769
2.461026
2.465317
2.469559
2.473790
2.478083
2.482239
2.486520
2.490679
2.494978
2.499175
2.503439
2.507624
2.511840
2.516124
2.520286
2.524522
2.528788
2.532926
2.537168
2.541354
2.545587
2.549764
2.554024
2.558197
2.562305
2.566586
2.570691
2.574877
2.579086
2.583319
2.587454
2.591720
2.595807
2.600046
2.604184
2.608414
2.612540
2.616690
2.620872
2.625007
2.629165
2.633363
2.637485
2.641638
2.645748
2.649892
2.654044
2.658185
2.662340
2.666487
2.670637
2.674795
2.678897
2.683019
2.687139
2.691283
2.695417
2.699483
2.703626
2.707719
2.711841
2.715979
2.720053
2.724173
2.728251
2.732385
2.736433
2.740525
2.744597
2.748705
2.752800
2.756911
2.761007
2.765069
2.769135
2.773189
2.777296
2.781266
2.785388
2.789472
2.793457
2.797511
2.801630
2.805618
2.809690
2.813767
2.817794
2.821788
2.825874
2.829886
2.833925
2.837990
2.841960
2.845975
2.849975
2.853977
2.858019
2.862028
2.866027
2.870024
2.874033
2.878018
2.882014
2.886038
2.889957
2.893939
2.897920
2.901917
2.905866
2.909833
2.913790
2.917709
2.921751
2.925643
2.929622
2.933589
2.937534
2.941441
2.945414
2.949303
2.953254
2.957194
2.961074
2.964984
2.968933
2.972843
2.976774
2.980690
2.984566
2.988479
2.992410
2.996290
3.000164
3.004044
3.007897
3.011827
3.015695
3.019566
3.023434
3.027344
3.031188
3.035062
3.038942
3.042723
3.046570
3.050444
3.054270
3.058131
3.061892
3.065784
3.069582
3.073459
3.077276
3.081075
3.084931
3.088694
3.092514
3.096307
3.100082
3.103977
3.107719
3.111470
3.115305
3.119047
3.122837
3.126600
3.130435
3.134151
3.137955
3.141746
3.145482
3.149218
3.152993
3.156687
3.160492
3.164222
3.167979
3.171739
3.175442
3.179202
3.182956
3.186686
3.190377
3.194144
3.197850
3.201577
3.205310
3.209064
3.212737
3.216434
3.220236
3.223834
3.227594
3.231262
3.234959
3.238662
3.242386
3.246050
3.249726
3.253501
3.257157
3.260848
3.264539
3.268191
3.271834
3.275516
3.279177
3.282866
3.286518
3.290149
3.293837
3.297513
3.301163
3.304821
3.308521
3.312143
3.315807
3.319417
3.323028
3.326668
3.330299
3.333862
3.337475
3.341124
3.344731
3.348383
3.352015
3.355556
3.359238
3.362794
3.366447
3.370000
3.373646
3.377176
3.380756
3.384315
3.387881
3.391431
3.395038
3.398585
3.402142
3.405704
3.409224
3.412805
3.416388
3.419914
3.423465
3.427045
3.430535
3.434116
3.437594
3.441192
3.444665
3.448194
3.451684
3.455223
3.458713
3.462213
3.465712
3.469217
3.472723
3.476201
3.479712
3.483182
3.486639
3.490193
3.493617
3.497099
3.500523
3.504017
3.507510
3.510931
3.514371
3.517807
3.521235
3.524680
3.528120
3.531517
3.534975
3.538375
3.541761
3.545260
3.548649
3.552001
3.555399
3.558805
3.562182
3.565535
3.568920
3.572267
3.575646
3.579011
3.582363
3.585701
3.589054
3.592397
3.595711
3.599069
3.602365
3.605673
3.609022
3.612372
3.615659
3.618987
3.622241
3.625528
3.628796
3.632056
3.635322
3.638653
3.641850
3.645092
3.648346
3.651533
3.654850
3.658053
3.661363
3.664533
3.667745
3.670945
3.674172
3.677407
3.680610
3.683741
3.686962
3.690108
3.693286
3.696474
3.699626
3.702760
3.705954
3.709079
3.712213
3.715418
3.718483
3.721638
3.724784
3.727885
3.731064
3.734159
3.737221
3.740334
3.743443
3.746520
3.749660
3.752755
3.755802
3.758861
3.761932
3.764982
3.768044
3.771157
3.774162
3.777176
3.780244
3.783261
3.786272
3.789283
3.792318
3.795350
3.798385
3.801429
3.804398
3.807421
3.810354
3.813380
3.816406
3.819408
3.822470
3.825407
3.828397
3.831348
3.834323
3.837229
3.840213
3.843209
3.846118
3.848998
3.851958
3.854873
3.857830
3.860766
3.863714
3.866614
3.869571
3.872466
3.875414
3.878329
3.881217
3.884090
3.887002
3.889885
3.892767
3.895658
3.898537
3.901425
3.904317
3.907166
3.910045
3.912906
3.915780
3.918608
3.921457
3.924288
3.927108
3.929984
3.932803
3.935569
3.938385
3.941210
3.943987
3.946795
3.949644
3.952427
3.955238
3.958048
3.960834
3.963618
3.966470
3.969259
3.972075
3.974874
3.977630
3.980377
3.983146
3.985863
3.988686
3.991394
3.994147
3.996883
3.999630
4.002366
4.005107
4.007848
4.010581
4.013319
4.016067
4.018781
4.021537
4.024234
4.026930
4.029644
4.032347
4.034993
4.037710
4.040436
4.043148
4.045850
4.048514
4.051207
4.053892
4.056579
4.059258
4.061948
4.064597
4.067227
4.069882
4.072495
4.075170
4.077803
4.080476
4.083086
4.085773
4.088346
4.090947
4.093626
4.096253
4.098898
4.101481
4.104139
4.106697
4.109322
4.111905
4.114496
4.117108
4.119673
4.122229
4.124778
4.127346
4.129980
4.132553
4.135106
4.137673
4.140214
4.142725
4.145233
4.147809
4.150365
4.152896
4.155476
4.157984
4.160480
4.162996
4.165474
4.168066
4.170618
4.173096
4.175636
4.178117
4.180646
4.183139
4.185676
4.188148
4.190635
4.193145
4.195608
4.198059
4.200480
4.202960
4.205441
4.207928
4.210364
4.212794
4.215232
4.217650
4.220110
4.222594
4.225018
4.227450
4.229865
4.232250
4.234680
4.237094
4.239489
4.241870
4.244291
4.246676
4.249043
4.251428
4.253807
4.256188
4.258570
4.260958
4.263322
4.265674
4.268029
4.270396
4.272706
4.275075
4.277377
4.279731
4.282059
4.284417
4.286721
4.289013
4.291335
4.293666
4.295979
4.298292
4.300614
4.302924
4.305222
4.307520
4.309809
4.312080
4.314375
4.316649
4.318905
4.321197
4.323423
4.325694
4.327971
4.330218
4.332462
4.334703
4.336998
4.339194
4.341465
4.343640
4.345900
4.348132
4.350348
4.352581
4.354819
4.356979
4.359217
4.361401
4.363567
4.365769
4.367971
4.370129
4.372345
4.374524
4.376705
4.378874
4.381019
4.383173
4.385315
4.387434
4.389573
4.391688
4.393893
4.395990
4.398136
4.400266
4.402402
4.404520
4.406644
4.408688
4.410857
4.412948
4.415051
4.417146
4.419228
4.421298
4.423404
4.425454
4.427512
4.429585
4.431608
4.433672
4.435748
4.437782
4.439820
4.441872
4.443897
4.445950
4.447984
4.449979
4.451981
4.453997
4.456001
4.458009
4.460001
4.462006
4.463992
4.465984
4.467944
4.469939
4.471908
4.473843
4.475793
4.477768
4.479703
4.481666
4.483625
4.485593
4.487496
4.489413
4.491328
4.493195
4.495130
4.496979
4.498860
4.500757
4.502623
4.504505
4.506389
4.508253
4.510116
4.511974
4.513825
4.515680
4.517501
4.519323
4.521172
4.523005
4.524821
4.526649
4.528491
4.530262
4.532038
4.533869
4.535636
4.537419
4.539256
4.540987
4.542779
4.544541
4.546315
4.548103
4.549883
4.551630
4.553346
4.555075
4.556789
4.558508
4.560222
4.561924
4.563617
4.565328
4.567032
4.568713
4.570403
4.572066
4.573773
4.575427
4.577072
4.578732
4.580413
4.582060
4.583703
4.585335
4.586947
4.588556
4.590219
4.591855
4.593466
4.595129
4.596699
4.598302
4.599920
4.601502
4.603090
4.604702
4.606266
4.607839
4.609403
4.610933
4.612515
4.614079
4.615637
4.617204
4.618738
4.620266
4.621785
4.623343
4.624892
4.626414
4.627954
4.629464
4.630965
4.632478
4.633961
4.635453
4.636945
4.638434
4.639929
4.641418
4.642889
4.644375
4.645838
4.647303
4.648771
4.650227
4.651641
4.653073
4.654508
4.655922
4.657342
4.658778
4.660198
4.661603
4.663005
4.664413
4.665806
4.667214
4.668596
4.669965
4.671358
4.672730
4.674102
4.675480
4.676823
4.678195
4.679561
4.680918
4.682267
4.683630
4.684987
4.686338
4.687668
4.688990
4.690296
4.691606
4.692918
4.694272
4.695566
4.696863
4.698167
4.699464
4.700755
4.702038
4.703314
4.704569
4.705837
4.707113
4.708398
4.709651
4.710909
4.712152
4.713377
4.714603
4.715843
4.717075
4.718321
4.719534
4.720742
4.721971
4.723184
4.724403
4.725616
4.726809
4.727995
4.729203
4.730401
4.731600
4.732792
4.733975
4.735156
4.736354
4.737508
4.738682
4.739839
4.740998
4.742176
4.743341
4.744471
4.745609
4.746745
4.747859
4.748986
4.750113
4.751224
4.752362
4.753498
4.754631
4.755757
4.756875
4.758001
4.759137
4.760242
4.761342
4.762420
4.763511
4.764586
4.765644
4.766705
4.767753
4.768820
4.769892
4.770923
4.771966
4.773026
4.774081
4.775129
4.776187
4.777236
4.778290
4.779348
4.780378
4.781415
4.782440
4.783443
4.784453
4.785484
4.786467
4.787461
4.788444
4.789439
4.790424
4.791413
4.792363
4.793330
4.794283
4.795239
4.796222
4.797189
4.798157
4.799149
4.800110
4.801060
4.802013
4.802960
4.803906
4.804841
4.805776
4.806681
4.807568
4.808464
4.809362
4.810267
4.811136
4.811999
4.812853
4.813710
4.814576
4.815412
4.816277
4.817140
4.817985
4.818833
4.819669
4.820508
4.821352
4.822204
4.823033
4.823851
4.824687
4.825511
4.826332
4.827111
4.827890
4.828651
4.829400
4.830137
4.830880
4.831599
4.832351
4.833082
4.833795
4.834505
4.835227
4.835947
4.836665
4.837381
4.838074
4.838730
4.839410
4.840108
4.840791
4.841477
4.842142
4.842793
4.843470
4.844110
4.844785
4.845441
4.846115
4.846777
4.847445
4.848077
4.848712
4.849327
4.849908
4.850495
4.851070
4.851616
4.852179
4.852718
4.853263
4.853806
4.854339
4.854876
4.855412
4.855969
4.856499
4.857018
4.857530
4.858051
4.858552
4.859043
4.859528
4.860002
4.860472
4.860940
4.861386
4.861832
4.862294
4.862752
4.863198
4.863636
4.864058
4.864478
4.864918
4.865359
4.865796
4.866203
4.866632
4.867066
4.867510
4.867956
4.868388
4.868807
4.869233
4.869658
4.870083
4.870488
4.870895
4.871288
4.871675
4.872043
4.872393
4.872714
4.873041
4.873340
4.873643
4.873919
4.874182
4.874473
4.874736
4.874985
4.875213
4.875434
4.875662
4.875875
4.876063
4.876237
4.876417
4.876579
4.876729
4.876873
4.876998
4.877097
4.877205
4.877301
4.877397
4.877460
4.877541
4.877618
4.877685
4.877738
4.877795
4.877843
4.877888
4.877939
4.877975
4.877990
4.878017
4.878047
4.878071
4.878089
4.878098
4.878098
4.878098
4.878104
4.878119
4.878119
4.878125
4.878128
4.878128
4.878128
4.878128
4.878128
4.878128
4.878128
4.878128
4.878128
4.878128
4.878128
4.878128
4.878128
4.878128
4.878128
4.878128
4.878128
4.878128
4.878128
4.878128
4.878128
4.878128
4.878128
4.878128
4.878128
4.878128
4.878128
4.878128
4.878128
4.878128
4.878128
4.878128
4.878128
4.878128
4.878128
4.878128
4.878128
4.878128
4.878128
4.878128
4.878128
4.878128
4.878128
4.878128
4.878128
4.878128
4.878128
4.878128
4.878128
4.878128
4.878128
4.878128
4.878128
4.878128
4.878128
4.878128
4.878128
4.878128
4.878128
4.878128
4.878128
4.878128
4.878128
4.878128
4.878128
4.878128
4.878128
4.878128
4.878128
4.878128
4.878128
4.878128
4.878128
4.878128
4.878128
4.878128
4.878128
4.878128
4.878128
4.878128
4.878128
4.878128
4.878128
4.878128
4.878128
4.878128
4.878128
4.878128
4.878128
4.878128
4.878128
4.878128
4.878128
4.878128
4.878128
4.878128
4.878128
4.878128
4.878128
4.878128