3.328364
3.328364
3.328364
3.328364
3.328364
3.328364
3.328364
3.328364
3.328364
3.328681
3.329218
3.329910
3.330740
3.331764
3.332990
3.334497
3.336205
3.338164
3.340273
3.342541
3.344836
3.347314
3.349965
3.352728
3.355706
3.358995
3.362495
3.366207
3.370291
3.374452
3.378814
3.383386
3.388078
3.393025
3.398118
3.403289
3.408700
3.414354
3.420148
3.426236
3.432570
3.439059
3.445869
3.452595
3.459843
3.466887
3.474353
3.481915
3.489752
3.497941
3.506159
3.514605
3.523470
3.532194
3.541243
3.550527
3.559995
3.569540
3.579406
3.589374
3.599725
3.610125
3.620800
3.631742
3.642713
3.653957
3.665621
3.677045
3.688942
3.700962
3.713261
3.725695
3.738203
3.751071
3.764056
3.777398
3.790796
3.804242
3.817994
3.832136
3.846190
3.860502
3.875198
3.889873
3.904898
3.919998
3.935176
3.951040
3.966763
3.982670
3.998839
4.015287
4.031859
4.048625
4.065771
4.083097
4.100364
4.118244
4.135963
4.154122
4.172740
4.190905
4.210121
4.228900
4.248180
4.267598
4.287066
4.306402
4.326275
4.346124
4.365632
4.385241
4.405092
4.424830
4.444494
4.464522
4.483910
4.503825
4.523739
4.543558
4.563159
4.583232
4.603012
4.622537
4.642560
4.662466
4.682156
4.701900
4.721749
4.741448
4.761452
4.781074
4.800967
4.821038
4.840965
4.860658
4.880821
4.900844
4.920959
4.940940
4.961208
4.981237
5.001463
5.021477
5.041614
5.061936
5.081841
5.101954
5.122136
5.141916
5.162471
5.182443
5.202505
5.222611
5.242703
5.262435
5.282715
5.302762
5.322704
5.342516
5.362566
5.382226
5.402102
5.422230
5.441806
5.461499
5.481447
5.500924
5.520695
5.540634
5.560120
5.579987
5.599824
5.619133
5.639345
5.658729
5.678878
5.698400
5.718174
5.737966
5.757569
5.777439
5.797216
5.816882
5.836872
5.856526
5.876156
5.895930
5.915716
5.935253
5.955075
5.974660
5.994413
6.014017
6.033581
6.053214
6.072877
6.092316
6.111670
6.131189
6.150538
6.170072
6.189442
6.208799
6.228256
6.247640
6.266698
0.002942
0.022156
0.041337
0.060604
0.079926
0.099119
0.118428
0.137840
0.156933
0.176618
0.195622
0.214793
0.234112
0.253577
0.272791
0.292065
0.311476
0.330630
0.349829
0.369339
0.388418
0.407718
0.427028
0.446230
0.465569
0.484810
0.503877
0.523141
0.542442
0.561533
0.580567
0.599810
0.618994
0.637797
0.657077
0.676078
0.695028
0.714275
0.733216
0.752172
0.771320
0.790141
0.809199
0.827924
0.846817
0.866175
0.885134
0.904033
0.923061
0.942242
0.961192
0.980298
0.999412
1.018467
1.037603
1.056937
1.076055
1.095088
1.114320
1.133432
1.152598
1.171707
1.190843
1.210236
1.229333
1.248729
1.267664
1.287121
1.306047
1.325383
1.344783
1.363745
1.382890
1.402328
1.421236
1.440219
1.459391
1.478332
1.497741
1.516804
1.535790
1.554851
1.574212
1.593096
1.612274
1.631383
1.650479
1.669651
1.689015
1.708169
1.727328
1.746518
1.765549
1.785194
1.804498
1.823732
1.843075
1.862373
1.881439
1.901040
1.920445
1.939599
1.959070
1.978500
1.997549
2.017083
2.036404
2.055714
2.075087
2.094510
2.113541
2.133039
2.152322
2.171556
2.190569
2.209777
2.228802
2.248082
2.267460
2.286234
2.305411
2.324565
2.343428
2.362495
2.381562
2.400491
2.419564
2.438688
2.457746
2.476642
2.495793
2.514707
2.533798
2.552856
2.571974
2.590920
2.610104
2.628928
2.648319
2.667218
2.686123
2.705367
2.724326
2.743306
2.762430
2.781209
2.800372
2.819304
2.838323
2.857135
2.876193
2.894892
2.914024
2.932654
2.951517
2.970308
2.989216
3.007939
3.026619
3.045401
3.064061
3.082747
3.101449
3.119988
3.138644
3.157319
3.175847
3.194413
3.213103
3.231606
3.250137
3.268853
3.287372
3.306073
3.324801
3.343284
3.361899
3.380585
3.399302
3.417718
3.436438
3.455142
3.473727
3.492392
3.510937
3.529693
3.548250
3.566769
3.585335
3.603941
3.622505
3.641011
3.659662
3.677994
3.696534
3.715212
3.733475
3.751916
3.770435
3.788984
3.807152
3.825586
3.843865
3.862456
3.881055
3.898924
3.917254
3.935529
3.953832
3.972018
3.990513
4.008630
4.027077
4.045437
4.063623
4.082150
4.100564
4.119071
4.137413
4.155797
4.174199
4.192582
4.211101
4.229182
4.247946
4.266462
4.284843
4.303487
4.322015
4.340327
4.358980
4.377481
4.396027
4.414518
4.433166
4.451711
4.470053
4.488602
4.507072
4.525519
4.543948
4.562658
4.581054
4.599426
4.617780
4.636259
4.654727
4.673182
4.691492
4.709980
4.728289
4.746736
4.765320
4.783767
4.802337
4.820691
4.839176
4.857695
4.876315
4.894906
4.913332
4.932021
4.950603
4.968923
4.987792
5.006494
5.025060
5.043699
5.062310
5.080997
5.099710
5.118430
5.136999
5.155826
5.174345
5.192983
5.211760
5.230248
5.248767
5.267438
5.285888
5.304455
5.323027
5.341516
5.359969
5.378490
5.396937
5.415536
5.433869
5.452157
5.470445
5.488907
5.507060
5.525476
5.543842
5.561975
5.580440
5.598823
5.616925
5.635429
5.653693
5.671948
5.690266
5.708718
5.727255
5.745561
5.763981
5.782179
5.800599
5.818722
5.837076
5.855447
5.873619
5.892185
5.910578
5.928728
5.946833
5.964944
5.983670
6.001586
6.019811
6.038042
6.056087
6.074202
6.092270
6.110409
6.128307
6.146514
6.164308
6.182194
6.200665
6.218288
6.236225
6.254070
6.271791
0.006603
0.024658
0.042289
0.060113
0.078350
0.095697
0.113709
0.131581
0.149530
0.167348
0.185336
0.203073
0.221013
0.239025
0.256816
0.274735
0.292508
0.310427
0.328158
0.346368
0.364090
0.382030
0.399935
0.417677
0.435441
0.453405
0.471283
0.489049
0.506819
0.524717
0.542634
0.560272
0.578047
0.595676
0.613691
0.631146
0.648760
0.666569
0.684098
0.701973
0.719545
0.737072
0.754770
0.772180
0.789916
0.807458
0.825105
0.842524
0.860216
0.877725
0.895377
0.913033
0.930650
0.948369
0.966039
0.983668
1.001471
1.019055
1.036761
1.054543
1.072259
1.089944
1.107597
1.125373
1.143232
1.161029
1.178684
1.196529
1.214251
1.232149
1.249964
1.267527
1.285341
1.303147
1.320832
1.338512
1.356458
1.374039
1.391563
1.409656
1.426974
1.444698
1.462465
1.480181
1.497767
1.515639
1.533208
1.550840
1.568783
1.586040
1.604023
1.621499
1.639436
1.657011
1.674780
1.692556
1.710251
1.728095
1.745817
1.763596
1.781782
1.799144
1.817195
1.835016
1.852713
1.870567
1.888555
1.906789
1.924229
1.942583
1.960203
1.978116
1.996260
2.013994
2.031749
2.049581
2.067518
2.085393
2.103297
2.121013
2.139025
2.156822
2.174199
2.192259
2.209948
2.227619
2.245167
2.263050
2.280625
2.298272
2.315984
2.333589
2.351260
2.368679
2.386335
2.403865
2.421637
2.438919
2.456640
2.474065
2.491784
2.509443
2.526907
2.544544
2.562209
2.579631
2.597281
2.615054
2.632281
2.649925
2.667614
2.685356
2.702817
2.720497
2.737949
2.755482
2.773267
2.790623
2.808132
2.825682
2.843149
2.860778
2.878093
2.895577
2.913056
2.930511
2.947984
2.965218
2.982646
2.999879
3.017190
3.034532
3.051753
3.068995
3.086277
3.103399
3.120569
3.137701
3.154778
3.172101
3.189470
3.206427
3.223592
3.240870
3.257888
3.275292
3.292354
3.309423
3.326623
3.344006
3.361105
3.378209
3.395586
3.412445
3.429783
3.447092
3.464295
3.481501
3.498504
3.515839
3.532913
3.550198
3.567245
3.584479
3.601724
3.618631
3.635819
3.653046
3.669809
3.686992
3.704243
3.721246
3.738284
3.755284
3.772146
3.789202
3.806283
3.822857
3.840003
3.856928
3.873841
3.890631
3.907400
3.924573
3.941315
3.958126
3.974817
3.991939
4.008771
4.025642
4.042522
4.059494
4.076491
4.093317
4.110325
4.127169
4.144127
4.161309
4.178234
4.195081
4.212311
4.229113
4.246152
4.263316
4.280043
4.297225
4.314366
4.331366
4.348386
4.365574
4.382352
4.399712
4.416558
4.433852
4.450677
4.467791
4.484596
4.502012
4.518985
4.535733
4.552723
4.569983
4.586771
4.603704
4.620851
4.637787
4.654640
4.671643
4.688334
4.705579
4.722321
4.739270
4.756572
4.773397
4.790268
4.807361
4.824448
4.841360
4.858312
4.875467
4.892596
4.909563
4.926847
4.943915
4.960999
4.978157
4.995100
5.012426
5.029599
5.046512
5.064105
5.081129
5.098125
5.115304
5.132526
5.149663
5.166651
5.184178
5.201108
5.218066
5.235398
5.252308
5.269386
5.286490
5.303463
5.320615
5.337855
5.354594
5.371464
5.388449
5.405389
5.422284
5.439062
5.455908
5.472767
5.489644
5.506407
5.523562
5.540277
5.557016
5.573830
5.590785
5.607515
5.624322
5.641235
5.657977
5.674842
5.691722
5.708524
5.725445
5.742188
5.758971
5.775833
5.792827
5.809215
5.826299
5.843194
5.860058
5.876545
5.893431
5.910251
5.926984
5.943675
5.960268
5.977285
5.993934
6.010430
6.027112
6.044139
6.060443
6.077422
6.093718
6.110211
6.126977
6.143713
6.159841
6.176325
6.193205
6.209393
6.225922
6.242409
6.258810
6.275414
0.008557
0.024885
0.041175
0.057647
0.073931
0.090397
0.106974
0.123144
0.139586
0.155981
0.172426
0.188713
0.205290
0.221474
0.237881
0.254575
0.270742
0.287319
0.303501
0.319904
0.336559
0.352914
0.369339
0.385649
0.402215
0.418429
0.434647
0.451239
0.467768
0.483857
0.500281
0.516616
0.532765
0.549213
0.565601
0.581615
0.598007
0.614215
0.630430
0.646744
0.662985
0.678924
0.695388
0.711234
0.727637
0.743621
0.759704
0.775847
0.791986
0.808018
0.824149
0.840334
0.856492
0.872592
0.888753
0.904824
0.920820
0.937289
0.953276
0.969452
0.985705
1.001824
1.018024
1.034341
1.050408
1.066698
1.082924
1.099364
1.115492
1.131748
1.147996
1.164267
1.180587
1.196679
1.213055
1.229297
1.245598
1.261687
1.277995
1.294215
1.310562
1.326756
1.343012
1.359188
1.375489
1.391728
1.407973
1.424127
1.440267
1.456362
1.472726
1.488968
1.505096
1.521266
1.537118
1.553557
1.569478
1.585807
1.601895
1.618110
1.634208
1.650414
1.666745
1.682936
1.699183
1.715539
1.731712
1.748175
1.764252
1.780388
1.796870
1.813090
1.829413
1.845771
1.862106
1.878416
1.894694
1.911256
1.927495
1.943958
1.960499
1.976471
1.993165
2.009302
2.025721
2.042025
2.058306
2.074613
2.091085
2.107327
2.123521
2.139696
2.156346
2.172192
2.188715
2.204684
2.220997
2.236979
2.253190
2.269339
2.285724
2.301492
2.317701
2.334143
2.349738
2.366043
2.382030
2.398157
2.414162
2.430206
2.446289
2.462264
2.478398
2.494478
2.510590
2.526658
2.542696
2.558692
2.574850
2.590981
2.607009
2.623035
2.639046
2.655126
2.671473
2.687283
2.703326
2.719481
2.735537
2.751542
2.767634
2.783609
2.799698
2.815694
2.831743
2.847593
2.863708
2.879525
2.895556
2.911453
2.927381
2.943233
2.959199
2.974874
2.990690
3.006620
3.022302
3.038190
3.053985
3.069771
3.085375
3.101302
3.116800
3.132428
3.148412
3.163925
3.179544
3.195156
3.210736
3.226420
3.242356
3.257890
3.273431
3.289056
3.304764
3.320334
3.336193
3.351976
3.367594
3.383108
3.398843
3.414758
3.430407
3.446019
3.461739
3.477409
3.492967
3.508894
3.524518
3.539972
3.555705
3.571449
3.586977
3.602593
3.618211
3.633635
3.649532
3.665043
3.680436
3.695944
3.711619
3.727076
3.742419
3.758211
3.773536
3.789100
3.804377
3.819843
3.835153
3.850780
3.866207
3.881502
3.896916
3.912217
3.927623
3.942930
3.958267
3.973600
3.989099
4.004202
4.019758
4.035208
4.050434
4.065777
4.081294
4.096694
4.111898
4.127403
4.143054
4.158280
4.173965
4.189239
4.204669
4.220179
4.235606
4.251116
4.266657
4.281958
4.297576
4.313182
4.328531
4.343979
4.359484
4.375120
4.390660
4.406108
4.421514
4.437018
4.452556
4.467980
4.483418
4.499040
4.514505
4.529926
4.545323
4.560717
4.576218
4.591744
4.607080
4.622415
4.637733
4.653202
4.668566
4.684244
4.699320
4.714609
4.730129
4.745327
4.760955
4.776453
4.791907
4.806986
4.822731
4.838005
4.853563
4.868984
4.884429
4.899891
4.915519
4.931038
4.946432
4.962018
4.977606
4.993062
5.008714
5.024123
5.039867
5.055417
5.070906
5.086480
5.102116
5.117525
5.133053
5.148660
5.164272
5.179705
5.195272
5.210858
5.226345
5.241807
5.257237
5.272694
5.288357
5.303607
5.319399
5.334595
5.350049
5.365332
5.380788
5.395951
5.411282
5.426709
5.441890
5.457242
5.472716
5.487655
5.503099
5.518247
5.533434
5.548780
5.564051
5.579226
5.594443
5.609801
5.624823
5.640241
5.655203
5.670630
5.685832
5.701190
5.716212
5.731414
5.746810
5.761929
5.777133
5.792413
5.807510
5.822782
5.838139
5.853230
5.868387
5.883694
5.898923
5.914020
5.929084
5.944128
5.959285
5.974597
5.989632
6.004783
6.020030
6.034740
6.050188
6.064991
6.079981
6.095054
6.110061
6.124969
6.139989
6.154999
6.169799
6.184786
6.199589
6.214429
6.229415
6.244327
6.258818
6.273808
0.005713
0.020190
0.035060
0.049818
0.064640
0.079413
0.094196
0.109038
0.123902
0.138651
0.153623
0.168055
0.183176
0.197782
0.212477
0.227479
0.241979
0.257128
0.271880
0.286636
0.301364
0.316207
0.330846
0.345625
0.360695
0.375427
0.390191
0.405058
0.419735
0.434641
0.449289
0.463996
0.478839
0.493415
0.508215
0.523099
0.537546
0.552296
0.567028
0.581544
0.596233
0.610893
0.625669
0.639910
0.654830
0.669292
0.683904
0.698513
0.712963
0.727416
0.742042
0.756576
0.770957
0.785638
0.800091
0.814517
0.829051
0.843674
0.858026
0.872503
0.887093
0.901708
0.916227
0.930896
0.945355
0.959847
0.974461
0.988989
1.003646
1.018261
1.032747
1.047496
1.062150
1.076600
1.091394
1.105868
1.120501
1.135278
1.149805
1.164507
1.179170
1.193734
1.208342
1.223023
1.237545
1.252190
1.266936
1.281491
1.296085
1.310933
1.325377
1.339983
1.354628
1.369189
1.383636
1.398520
1.413012
1.427618
1.442257
1.456533
1.471103
1.485831
1.500272
1.514959
1.529532
1.544042
1.558444
1.573022
1.587610
1.602189
1.616801
1.631161
1.645740
1.660351
1.674807
1.689443
1.704157
1.718664
1.733261
1.747971
1.762541
1.777258
1.792049
1.806532
1.821234
1.836124
1.850481
1.865404
1.880103
1.894679
1.909461
1.924097
1.938751
1.953587
1.968253
1.983003
1.997662
2.012385
2.027009
2.041647
2.056391
2.071003
2.085806
2.100391
2.114991
2.129396
2.144083
2.158826
2.173267
2.187846
2.202335
2.216965
2.231544
2.246188
2.260545
2.275100
2.289502
2.304042
2.318549
2.332975
2.347326
2.361752
2.376235
2.390607
2.405051
2.419378
2.433930
2.448215
2.462608
2.476918
2.491427
2.505883
2.520211
2.534667
2.549060
2.563474
2.577945
2.592266
2.606557
2.621175
2.635529
2.649937
2.664516
2.678681
2.693233
2.707557
2.721947
2.736421
2.750742
2.765072
2.779286
2.793715
2.808125
2.822564
2.836861
2.851197
2.865278
2.879770
2.893984
2.908215
2.922509
2.936701
2.951031
2.965140
2.979407
2.993584
3.007741
3.021753
3.035892
3.050147
3.064016
3.078196
3.092601
3.106218
3.120246
3.134648
3.148535
3.162523
3.176623
3.190467
3.204486
3.218783
3.232541
3.246676
3.260728
3.274471
3.288705
3.302547
3.316775
3.330680
3.344746
3.358738
3.372894
3.386838
3.400764
3.414905
3.428923
3.442921
3.456889
3.471000
3.484971
3.498992
3.513023
3.526969
3.541060
3.555043
3.568938
3.583055
3.597032
3.610952
3.624656
3.638791
3.652657
3.666448
3.680652
3.694356
3.708333
3.722195
3.735983
3.749792
3.763718
3.777494
3.791365
3.805081
3.818812
3.832588
3.846274
3.860077
3.873775
3.887545
3.901243
3.914983
3.928591
3.942238
3.955942
3.969786
3.983433
3.997153
4.010811
4.024587
4.038210
4.051974
4.065897
4.079574
4.093290
4.106997
4.120845
4.134675
4.148160
4.161977
4.175906
4.189496
4.203593
4.217306
4.231084
4.244782
4.258717
4.272493
4.286239
4.300195
4.314009
4.327887
4.341651
4.355367
4.369245
4.382940
4.396781
4.410803
4.424357
4.438307
4.451951
4.465777
4.479583
4.493365
4.507165
4.520887
4.534705
4.548439
4.562101
4.575742
4.589524
4.603180
4.616875
4.630666
4.644396
4.657966
4.671711
4.685440
4.698997
4.712716
4.726345
4.740076
4.753795
4.767510
4.781155
4.794984
4.808557
4.822233
4.836030
4.849725
4.863576
4.877373
4.890972
4.904760
4.918599
4.932275
4.946060
4.959935
4.973726
4.987472
5.001353
5.015012
5.028868
5.042725
5.056570
5.070355
5.084236
5.097939
5.111673
5.125611
5.139429
5.153283
5.166828
5.180820
5.194467
5.208140
5.221874
5.235800
5.249372
5.263109
5.276816
5.290484
5.304272
5.317937
5.331560
5.345198
5.358911
5.372339
5.385905
5.399639
5.413271
5.426655
5.440278
5.453757
5.467227
5.480800
5.494255
5.507614
5.521153
5.534708
5.547983
5.561774
5.575070
5.588559
5.602194
5.615451
5.628856
5.642485
5.655634
5.669302
5.682626
5.696366
5.709623
5.723117
5.736555
5.750046
5.763433
5.776891
5.790547
5.803885
5.817284
5.830694
5.844212
5.857574
5.871099
5.884494
5.897946
5.911384
5.924587
5.938190
5.951399
5.964884
5.978061
5.991348
6.004807
6.017897
6.031442
6.044717
6.057942
6.071095
6.084325
6.097579
6.110852
6.124208
6.137239
6.150702
6.163646
6.176847
6.189948
6.203266
6.216206
6.229304
6.242439
6.255570
6.268532
6.281631
0.011394
0.024562
0.037642
0.050502
0.063582
0.076666
0.089642
0.102750
0.115777
0.128794
0.141839
0.154842
0.167893
0.180893
0.194162
0.206890
0.219955
0.233219
0.246021
0.259180
0.272087
0.285213
0.298221
0.311374
0.324458
0.337359
0.350458
0.363506
0.376347
0.389589
0.402532
0.415586
0.428631
0.441676
0.454505
0.467502
0.480436
0.493382
0.506280
0.519267
0.532384
0.545072
0.557947
0.570863
0.583922
0.596743
0.609497
0.622539
0.635347
0.648050
0.660954
0.673972
0.686633
0.699501
0.712291
0.724983
0.737848
0.750584
0.763197
0.776029
0.788823
0.801691
0.814463
0.827076
0.839819
0.852732
0.865441
0.878084
0.890904
0.903709
0.916341
0.929185
0.941918
0.954717
0.967615
0.980307
0.993091
1.005995
1.018755
1.031557
1.044491
1.057281
1.070125
1.082862
1.095942
1.108436
1.121526
1.134169
1.146959
1.160124
1.172833
1.185698
1.198488
1.211300
1.224171
1.237042
1.249796
1.262670
1.275454
1.288301
1.301124
1.313897
1.326971
1.339498
1.352399
1.365060
1.378171
1.390748
1.403464
1.416332
1.429050
1.441786
1.454804
1.467543
1.480226
1.492866
1.505725
1.518380
1.531075
1.543823
1.556622
1.569142
1.581969
1.594690
1.607501
1.620171
1.632812
1.645533
1.658395
1.670964
1.683724
1.696637
1.709454
1.722226
1.735046
1.747899
1.760668
1.773650
1.786105
1.799165
1.811901
1.824811
1.837622
1.850538
1.863349
1.876109
1.888996
1.901789
1.914657
1.927534
1.940318
1.953270
1.966105
1.978934
1.991745
2.004565
2.017460
2.030274
2.043160
2.055924
2.068873
2.081510
2.094459
2.107138
2.119991
2.132764
2.145458
2.158155
2.170918
2.183694
2.196466
2.209070
2.221761
2.234570
2.247267
2.259793
2.272545
2.285095
2.297690
2.310490
2.323007
2.335594
2.348207
2.360772
2.373446
2.385832
2.398502
2.411013
2.423684
2.436273
2.448842
2.461272
2.474000
2.486370
2.499097
2.511609
2.524303
2.536695
2.549416
2.561880
2.574508
2.586882
2.599477
2.612303
2.624788
2.637431
2.649832
2.662400
2.675083
2.687618
2.700067
2.712647
2.725336
2.737625
2.750383
2.762777
2.775253
2.787750
2.800270
2.812713
2.825449
2.837826
2.850148
2.862519
2.875333
2.887683
2.899883
2.912364
2.924675
2.937070
2.949450
2.961820
2.974191
2.986750
2.998816
3.011396
3.023470
3.035898
3.047966
3.060597
3.072492
3.084853
3.097224
3.109358
3.121576
3.133914
3.145922
3.158131
3.170460
3.182387
3.194854
3.206727
3.219017
3.231250
3.243384
3.255554
3.267798
3.279885
3.292058
3.304327
3.316446
3.328613
3.340839
3.353009
3.365158
3.377604
3.389618
3.401776
3.413847
3.426152
3.438238
3.450429
3.462566
3.474859
3.487077
3.499181
3.511105
3.523590
3.535358
3.547759
3.559899
3.571847
3.584032
3.596205
3.608228
3.620311
3.632496
3.644472
3.656483
3.668554
3.680541
3.692771
3.704677
3.716713
3.728742
3.741047
3.752638
3.764599
3.776661
3.788528
3.800593
3.812416
3.824352
3.836225
3.848243
3.860071
3.871872
3.883929
3.895706
3.907570
3.919456
3.931269
3.943119
3.955022
3.966901
3.978589
3.990555
4.002252
4.014086
4.026100
4.038019
4.049715
4.061682
4.073450
4.085335
4.097137
4.109178
4.120934
4.132940
4.144621
4.156594
4.168506
4.180355
4.192297
4.204255
4.216116
4.228053
4.239926
4.251790
4.263667
4.275819
4.287398
4.299308
4.311376
4.323228
4.335227
4.347359
4.359073
4.370991
4.382940
4.394723
4.406728
4.418557
4.430502
4.442367
4.454350
4.466020
4.477864
4.489863
4.501664
4.513502
4.525381
4.537102
4.549008
4.560752
4.572617
4.584397
4.596247
4.608087
4.619637
4.631666
4.643186
4.654912
4.667053
4.678489
4.690407
4.701962
4.713965
4.725500
4.737206
4.749025
4.760865
4.772493
4.784402
4.795970
4.807990
4.819540
4.831368
4.843152
4.854989
4.866629
4.878700
4.890226
4.902123
4.913934
4.925588
4.937528
4.949368
4.961215
4.973064
4.984922
4.996637
5.008465
5.020315
5.032083
5.043930
5.055785
5.067565
5.079442
5.091261
5.103045
5.114804
5.126761
5.138275
5.150359
5.162022
5.173737
5.185586
5.197304
5.209030
5.220793
5.232594
5.244264
5.256101
5.267828
5.279402
5.291149
5.302789
5.314435
5.326185
5.337774
5.349350
5.360981
5.372630
5.384266
5.395873
5.407381
5.418817
5.430343
5.442204
5.453434
5.465049
5.476716
5.488164
5.499552
5.511081
5.522552
5.534051
5.545496
5.556938
5.568419
5.579798
5.591504
5.602760
5.614268
5.625701
5.637086
5.648558
5.660275
5.671423
5.683033
5.694442
5.705974
5.717524
5.728714
5.740219
5.751718
5.763166
5.774521
5.785990
5.797596
5.808784
5.820235
5.831605
5.843032
5.854504
5.865826
5.877318
5.888680
5.899936
5.911477
5.922847
5.934172
5.945497
5.956801
5.968156
5.979433
5.990800
6.002029
6.013330
6.024692
6.036032
6.047084
6.058622
6.069713
6.080927
6.092337
6.103461
6.114540
6.125826
6.136903
6.148045
6.159310
6.170315
6.181601
6.192746
6.203682
6.214785
6.225999
6.236968
6.248024
6.259127
6.270206
6.281268
0.009189
0.020083
0.031132
0.042217
0.053132
0.064196
0.075255
0.086229
0.097246
0.108313
0.119312
0.130406
0.141468
0.152361
0.163399
0.174478
0.185513
0.196439
0.207612
0.218526
0.229588
0.240580
0.251663
0.262595
0.273642
0.284601
0.295750
0.306673
0.317636
0.328643
0.339723
0.350685
0.361795
0.372760
0.383645
0.394575
0.405579
0.416599
0.427381
0.438599
0.449366
0.460335
0.471417
0.482230
0.493193
0.504158
0.514998
0.525910
0.536887
0.547709
0.558573
0.569490
0.580303
0.591161
0.602210
0.612741
0.623617
0.634625
0.645237
0.656193
0.666985
0.677699
0.688533
0.699238
0.710080
0.720680
0.731577
0.742300
0.752963
0.763728
0.774457
0.785278
0.795827
0.806721
0.817441
0.828047
0.838938
0.849652
0.860246
0.870906
0.881781
0.892378
0.903098
0.914001
0.924643
0.935495
0.946319
0.956958
0.967672
0.978449
0.989223
0.999889
1.010684
1.021478
1.032066
1.042993
1.053782
1.064475
1.075473
1.086055
1.096925
1.107720
1.118284
1.129178
1.140071
1.150788
1.161604
1.172423
1.183232
1.193770
1.204834
1.215419
1.226181
1.236991
1.247738
1.258490
1.269288
1.280014
1.290854
1.301649
1.312252
1.323010
1.333826
1.344573
1.355296
1.366097
1.376763
1.387381
1.398119
1.408886
1.419576
1.430311
1.440845
1.451595
1.462438
1.473086
1.483698
1.494484
1.505045
1.515786
1.526494
1.537130
1.547757
1.558426
1.569083
1.579656
1.590415
1.600922
1.611642
1.622290
1.632887
1.643669
1.654266
1.665040
1.675595
1.686273
1.696936
1.707683
1.718370
1.729024
1.739738
1.750512
1.761235
1.771889
1.782731
1.793313
1.804063
1.814828
1.825593
1.836208
1.847188
1.857798
1.868323
1.879252
1.889870
1.900782
1.911388
1.922060
1.932861
1.943641
1.954316
1.964886
1.975656
1.986529
1.997165
2.007990
2.018557
2.029376
2.039946
2.050917
2.061329
2.072180
2.082696
2.093344
2.104070
2.114679
2.125363
2.136044
2.146626
2.157229
2.167913
2.178463
2.189042
2.199645
2.210200
2.220809
2.231391
2.241967
2.252441
2.263083
2.273575
2.283948
2.294775
2.305016
2.315505
2.326024
2.336570
2.347036
2.357429
2.367909
2.378284
2.388822
2.399359
2.409629
2.420250
2.430554
2.441043
2.451538
2.462027
2.472340
2.482889
2.493216
2.503657
2.514027
2.524498
2.534918
2.545521
2.555804
2.566218
2.576761
2.587163
2.597659
2.607986
2.618442
2.628848
2.639355
2.649616
2.660058
2.670652
2.680970
2.691375
2.701805
2.712159
2.722453
2.732892
2.743432
2.753681
2.764045
2.774540
2.784747
2.795344
2.805561
2.815936
2.826213
2.836714
2.846865
2.857312
2.867612
2.877850
2.888180
2.898472
2.908751
2.918944
2.929256
2.939434
2.949797
2.959978
2.970143
2.980489
2.990750
3.000901
3.011039
3.021247
3.031362
3.041623
3.051705
3.061903
3.072006
3.082088
3.092227
3.102335
3.112507
3.122526
3.132667
3.142725
3.152828
3.162940
3.172988
3.183070
3.193197
3.203176
3.213234
3.223385
3.233377
3.243417
3.253525
3.263565
3.273521
3.283821
3.293628
3.303688
3.313968
3.323894
3.333954
3.344087
3.354070
3.364221
3.374209
3.384219
3.394289
3.404389
3.414371
3.424522
3.434559
3.444506
3.454492
3.464576
3.474571
3.484584
3.494660
3.504697
3.514635
3.524653
3.534675
3.544604
3.554656
3.564573
3.574792
3.584601
3.594486
3.604373
3.614475
3.624422
3.634345
3.644292
3.654221
3.664030
3.674028
3.683858
3.693607
3.703773
3.713528
3.723280
3.733185
3.742991
3.752806
3.762585
3.772352
3.782188
3.792018
3.801750
3.811559
3.821392
3.831150
3.840815
3.850711
3.860236
3.870203
3.879731
3.889558
3.899229
3.908952
3.918644
3.928384
3.938124
3.947742
3.957413
3.967129
3.976830
3.986322
3.996221
4.005718
4.015500
4.025163
4.034885
4.044490
4.054213
4.063838
4.073540
4.083271
4.092981
4.102623
4.112345
4.122001
4.131721
4.141472
4.151084
4.160857
4.170424
4.180188
4.189904
4.199554
4.209225
4.219022
4.228619
4.238335
4.248048
4.257692
4.267388
4.277128
4.286796
4.296515
4.306217
4.315831
4.325556
4.335296
4.344899
4.354744
4.364388
4.373951
4.383602
4.393336
4.403019
4.412591
4.422296
4.431916
4.441671
4.451232
4.460855
4.470586
4.480123
4.489617
4.499223
4.508948
4.518610
4.528000
4.537830
4.547303
4.556873
4.566433
4.575958
4.585509
4.595150
4.604657
4.614241
4.623715
4.633209
4.642812
4.652297
4.661681
4.671319
4.680859
4.690296
4.699739
4.709345
4.718903
4.728343
4.737715
4.747158
4.756572
4.766198
4.775663
4.785154
4.794777
4.804143
4.813668
4.823291
4.832573
4.842184
4.851715
4.861200
4.870739
4.880309
4.889699
4.899289
4.908825
4.918275
4.927784
4.937306
4.946905
4.956397
4.965870
4.975365
4.984748
4.994324
5.003959
5.013265
5.022951
5.032314
5.041913
5.051455
5.060824
5.070334
5.079909
5.089392
5.098775
5.108390
5.117767
5.127298
5.136765
5.146221
5.155617
5.165168
5.174504
5.184019
5.193439
5.202816
5.212287
5.221706
5.231135
5.240447
5.249885
5.259301
5.268661
5.277952
5.287371
5.296701
5.306052
5.315268
5.324594
5.334005
5.343170
5.352547
5.361787
5.371066
5.380285
5.389537
5.398770
5.408028
5.417277
5.426400
5.435640
5.444847
5.454024
5.463132
5.472423
5.481573
5.490651
5.499815
5.508870
5.518053
5.527169
5.536290
5.545422
5.554521
5.563574
5.572682
5.581911
5.590952
5.599971
5.609190
5.618157
5.627244
5.636355
5.645538
5.654415
5.663691
5.672607
5.681721
5.690778
5.699820
5.709039
5.717994
5.727093
5.736099
5.745148
5.754154
5.763241
5.772277
5.781418
5.790232
5.799385
5.808391
5.817352
5.826409
5.835440
5.844440
5.853482
5.862410
5.871599
5.880416
5.889375
5.898330
5.907294
5.916297
5.925201
5.934256
5.943115
5.951983
5.960959
5.969852
5.978834
5.987762
5.996622
6.005448
6.014370
6.023214
6.032167
6.041065
6.049870
6.058658
6.067538
6.076367
6.085179
6.094011
6.102751
6.111547
6.120329
6.129065
6.137835
6.146673
6.155469
6.164083
6.173053
6.181652
6.190430
6.199032
6.207780
6.216541
6.225289
6.233951
6.242643
6.251307
6.259924
6.268570
6.277250
0.002681
0.011322
0.020002
0.028603
0.037304
0.045924
0.054510
0.063142
0.071803
0.080336
0.088959
0.097680
0.106204
0.114773
0.123650
0.132066
0.140692
0.149305
0.157913
0.166608
0.175111
0.183730
0.192506
0.200931
0.209562
0.218101
0.226831
0.235388
0.243927
0.252672
0.261169
0.269834
0.278325
0.287118
0.295534
0.304205
0.312746
0.321363
0.329854
0.338542
0.347066
0.355647
0.364213
0.372736
0.381353
0.389853
0.398392
0.406984
0.415478
0.423927
0.432592
0.441121
0.449621
0.458184
0.466678
0.475282
0.483638
0.492225
0.500665
0.509234
0.517593
0.526051
0.534526
0.542996
0.551460
0.559927
0.568328
0.576825
0.585316
0.593636
0.602138
0.610509
0.618919
0.627326
0.635781
0.644068
0.652442
0.660912
0.669265
0.677585
0.686025
0.694327
0.702653
0.711027
0.719386
0.727676
0.736107
0.744385
0.752732
0.761025
0.769270
0.777629
0.785967
0.794216
0.802563
0.810856
0.819089
0.827361
0.835639
0.843947
0.852180
0.860497
0.868787
0.877077
0.885439
0.893640
0.902104
0.910235
0.918510
0.926887
0.935156
0.943404
0.951733
0.960086
0.968391
0.976708
0.984894
0.993187
1.001540
1.009779
1.018108
1.026503
1.034793
1.042948
1.051406
1.059525
1.067959
1.076198
1.084458
1.092806
1.101182
1.109359
1.117670
1.126017
1.134280
1.142597
1.150941
1.159081
1.167557
1.175700
1.184017
1.192215
1.200589
1.208840
1.217127
1.225507
1.233716
1.241940
1.250356
1.258526
1.266745
1.275047
1.283319
1.291540
1.299830
1.308039
1.316299
1.324616
1.332826
1.341056
1.349343
1.357507
1.365749
1.373994
1.382180
1.390401
1.398559
1.406660
1.414882
1.423133
1.431294
1.439491
1.447658
1.455874
1.463993
1.472172
1.480315
1.488399
1.496791
1.504760
1.512984
1.521116
1.529289
1.537396
1.545474
1.553656
1.561925
1.569888
1.578029
1.586280
1.594378
1.602527
1.610569
1.618700
1.626811
1.634936
1.643193
1.651258
1.659486
1.667602
1.675709
1.683766
1.692011
1.700166
1.708390
1.716480
1.724587
1.732874
1.740936
1.749020
1.757139
1.765273
1.773539
1.781557
1.789808
1.797915
1.806011
1.814196
1.822501
1.830605
1.838773
1.846919
1.854996
1.863223
1.871292
1.879453
1.887701
1.895767
1.903892
1.912074
1.920202
1.928447
1.936513
1.944641
1.952764
1.960967
1.969014
1.977184
1.985229
1.993414
2.001569
2.009662
2.017772
2.025846
2.033975
2.041971
2.050063
2.058330
2.066269
2.074355
2.082433
2.090480
2.098614
2.106719
2.114748
2.122787
2.130882
2.138873
2.146839
2.154931
2.162949
2.171023
2.178984
2.187022
2.194833
2.203093
2.210838
2.218819
2.226960
2.234860
2.242794
2.250766
2.258646
2.266594
2.274567
2.282441
2.290368
2.298305
2.306175
2.314079
2.322117
2.330000
2.337745
2.345771
2.353513
2.361381
2.369338
2.377134
2.385041
2.392869
2.400698
2.408611
2.416454
2.424244
2.432043
2.439988
2.447841
2.455661
2.463537
2.471381
2.479249
2.487068
2.494969
2.502615
2.510548
2.518467
2.526266
2.534014
2.541977
2.549683
2.557508
2.565322
2.573100
2.580947
2.588802
2.596562
2.604523
2.612360
2.620213
2.627910
2.635709
2.643531
2.651351
2.659114
2.666930
2.674777
2.682510
2.690282
2.698116
2.705918
2.713651
2.721549
2.729171
2.736942
2.744756
2.752558
2.760314
2.768020
2.775804
2.783570
2.791222
2.799068
2.806705
2.814528
2.822240
2.829916
2.837607
2.845307
2.853001
2.860712
2.868376
2.876118
2.883788
2.891431
2.899041
2.906810
2.914546
2.922060
2.929846
2.937292
2.945057
2.952718
2.960307
2.967860
2.975548
2.983128
2.990672
2.998339
3.005871
3.013448
3.021133
3.028516
3.036152
3.043751
3.051312
3.058779
3.066308
3.073846
3.081321
3.088910
3.096337
3.103890
3.111416
3.118937
3.126265
3.133956
3.141332
3.148765
3.156261
3.163724
3.171137
3.178666
3.185952
3.193403
3.200963
3.208381
3.215892
3.223400
3.230731
3.238173
3.245712
3.253073
3.260506
3.267969
3.275393
3.282830
3.290221
3.297780
3.305066
3.312509
3.320002
3.327273
3.334790
3.342161
3.349600
3.357099
3.364397
3.371935
3.379267
3.386688
3.394103
3.401554
3.408769
3.416319
3.423620
3.430916
3.438391
3.445797
3.453060
3.460490
3.467764
3.475204
3.482466
3.489848
3.497206
3.504523
3.511884
3.519162
3.526517
3.533848
3.541096
3.548460
3.555797
3.562970
3.570215
3.577588
3.584868
3.592167
3.599453
3.606620
3.613942
3.621291
3.628401
3.635792
3.642872
3.650239
3.657409
3.664542
3.671736
3.678974
3.686162
3.693319
3.700528
3.707680
3.714852
3.722049
3.729188
3.736322
3.743497
3.750721
3.757750
3.764919
3.771927
3.779097
3.786218
3.793277
3.800285
3.807319
3.814420
3.821491
3.828573
3.835593
3.842682
3.849731
3.856853
3.863711
3.870884
3.877841
3.884800
3.891904
3.898822
3.905821
3.912882
3.919809
3.926796
3.933825
3.940902
3.947825
3.954785
3.961772
3.968714
3.975803
3.982657
3.989689
3.996682
4.003645
4.010533
4.017615
4.024482
4.031374
4.038354
4.045314
4.052250
4.059345
4.066185
4.073088
4.080092
4.086998
4.093916
4.100930
4.107770
4.114745
4.121677
4.128611
4.135540
4.142485
4.149373
4.156270
4.163209
4.170172
4.177093
4.183999
4.190794
4.197774
4.204794
4.211646
4.218546
4.225545
4.232361
4.239255
4.246152
4.253115
4.259901
4.266830
4.273685
4.280597
4.287590
4.294463
4.301315
4.308191
4.315100
4.321889
4.328774
4.335686
4.342499
4.349396
4.356236
4.363106
4.369961
4.376861
4.383605
4.390580
4.397222
4.404155
4.410935
4.417778
4.424570
4.431410
4.438142
4.444892
4.451774
4.458548
4.465292
4.472069
4.478900
4.485567
4.492392
4.499205
4.505874
4.512699
4.519308
4.526067
4.532799
4.539472
4.546195
4.552915
4.559704
4.566436
4.573007
4.579715
4.586411
4.593044
4.599689
4.606511
4.613097
4.619790
4.626315
4.632964
4.639708
4.646263
4.652890
4.659509
4.666130
4.672787
4.679288
4.685940
4.692555
4.699054
4.705738
4.712260
4.718833
4.725344
4.732001
4.738479
4.745040
4.751631
4.758181
4.764775
4.771304
4.777847
4.784426
4.791059
4.797528
4.804104
4.810806
4.817245
4.823785
4.830347
4.836872
4.843416
4.849989
4.856529
4.863060
4.869559
4.876093
4.882670
4.889192
4.895685
4.902264
4.908790
4.915243
4.921798
4.928369
4.934810
4.941273
4.947930
4.954297
4.960876
4.967377
4.973843
4.980299
4.986861
4.993341
4.999801
5.006269
5.012764
5.019230
5.025737
5.032074
5.038630
5.044996
5.051501
5.057855
5.064399
5.070849
5.077198
5.083735
5.090171
5.096585
5.102994
5.109411
5.115871
5.122288
5.128649
5.135022
5.141508
5.147803
5.154244
5.160569
5.166954
5.173311
5.179717
5.185997
5.192357
5.198745
5.205150
5.211454
5.217797
5.224043
5.230368
5.236702
5.243021
5.249285
5.255607
5.261857
5.268184
5.274461
5.280720
5.286835
5.293195
5.299370
5.305542
5.311795
5.318006
5.324337
5.330440
5.336758
5.342771
5.348985
5.355241
5.361332
5.367453
5.373562
5.379760
5.385932
5.392024
5.398160
5.404277
5.410359
5.416480
5.422601
5.428647
5.434759
5.440838
5.446878
5.452933
5.459060
5.464956
5.471074
5.477102
5.483107
5.489141
5.495237
5.501182
5.507270
5.513235
5.519209
5.525135
5.531271
5.537173
5.543148
5.549121
5.555033
5.561049
5.567014
5.572997
5.578935
5.584909
5.590845
5.596783
5.602721
5.608641
5.614625
5.620565
5.626411
5.632304
5.638332
5.644184
5.650134
5.656006
5.661884
5.667768
5.673680
5.679531
5.685418
5.691314
5.697165
5.703062
5.708895
5.714762
5.720616
5.726500
5.732300
5.738176
5.744039
5.749839
5.755691
5.761416
5.767292
5.773197
5.778964
5.784738
5.790544
5.796371
5.802145
5.807915
5.813820
5.819483
5.825427
5.831041
5.836902
5.842627
5.848485
5.854117
5.860010
5.865694
5.871440
5.877178
5.882900
5.888661
5.894432
5.900106
5.905871
5.911566
5.917271
5.922997
5.928764
5.934387
5.940080
5.945832
5.951417
5.957151
5.962739
5.968513
5.974145
5.979795
5.985431
5.991094
5.996762
6.002386
6.007995
6.013660
6.019200
6.024829
6.030468
6.036023
6.041592
6.047210
6.052777
6.058379
6.063928
6.069465
6.075016
6.080604
6.086143
6.091719
6.097247
6.102742
6.108305
6.113821
6.119319
6.124817
6.130330
6.135833
6.141322
6.146817
6.152320
6.157741
6.163295
6.168691
6.174201
6.179647
6.185118
6.190550
6.195973
6.201501
6.206864
6.212340
6.217715
6.223103
6.228585
6.233957
6.239407
6.244806
6.250193
6.255621
6.261096
6.266404
6.271749
6.277187
6.282502
0.004662
0.010010
0.015451
0.020793
0.026257
0.031539
0.036869
0.042208
0.047502
0.052889
0.058285
0.063624
0.068891
0.074275
0.079563
0.084935
0.090250
0.095562
0.100901
0.106312
0.111489
0.116840
0.122149
0.127428
0.132761
0.138088
0.143373
0.148664
0.154000
0.159282
0.164582
0.169903
0.175182
0.180521
0.185794
0.191050
0.196382
0.201715
0.206905
0.212163
0.217487
0.222697
0.227964
0.233291
0.238534
0.243768
0.249041
0.254281
0.259578
0.264821
0.270068
0.275281
0.280569
0.285797
0.290986
0.296298
0.301436
0.306649
0.311949
0.317157
0.322340
0.327640
0.332766
0.338036
0.343186
0.348480
0.353616
0.358823
0.363967
0.369264
0.374429
0.379579
0.384745
0.390057
0.395144
0.400351
0.405444
0.410645
0.415841
0.421015
0.426141
0.431312
0.436477
0.441628
0.446781
0.451949
0.457069
0.462205
0.467382
0.472466
0.477580
0.482734
0.487857
0.492938
0.498037
0.503119
0.508323
0.513338
0.518483
0.523576
0.528714
0.533696
0.538835
0.543949
0.549018
0.553995
0.559163
0.564163
0.569218
0.574314
0.579320
0.584366
0.589387
0.594492
0.599517
0.604535
0.609536
0.614575
0.619566
0.624624
0.629606
0.634628
0.639619
0.644661
0.649617
0.654635
0.659585
0.664558
0.669520
0.674616
0.679559
0.684518
0.689479
0.694474
0.699399
0.704373
0.709301
0.714290
0.719221
0.724162
0.729114
0.733980
0.739040
0.743903
0.748843
0.753829
0.758685
0.763605
0.768569
0.773483
0.778366
0.783310
0.788190
0.793086
0.797985
0.802856
0.807701
0.812710
0.817537
0.822396
0.827343
0.832191
0.837092
0.842027
0.846775
0.851767
0.856543
0.861471
0.866274
0.871259
0.876035
0.880960
0.885799
0.890671
0.895479
0.900360
0.905183
0.910022
0.914939
0.919759
0.924616
0.929461
0.934344
0.939087
0.944027
0.948764
0.953699
0.958558
0.963334
0.968125
0.972990
0.977799
0.982656
0.987479
0.992267
0.997111
1.001962
1.006738
1.011573
1.016448
1.021194
1.026002
1.030862
1.035596
1.040455
1.045252
1.050049
1.054831
1.059636
1.064403
1.069299
1.074071
1.078823
1.083632
1.088482
1.093234
1.098052
1.102815
1.107564
1.112370
1.117142
1.121909
1.126676
1.131467
1.136176
1.140973
1.145776
1.150462
1.155198
1.160022
1.164762
1.169478
1.174259
1.178993
1.183724
1.188511
1.193149
1.197961
1.202692
1.207360
1.212168
1.216851
1.221618
1.226328
1.231038
1.235759
1.240415
1.245206
1.249883
1.254560
1.259281
1.263964
1.268671
1.273375
1.278052
1.282746
1.287432
1.292124
1.296735
1.301490
1.306116
1.310826
1.315451
1.320155
1.324817
1.329530
1.334099
1.338788
1.343441
1.348084
1.352743
1.357375
1.362010
1.366660
1.371223
1.375939
1.380511
1.385104
1.389799
1.394386
1.399089
1.403628
1.408284
1.412853
1.417494
1.422084
1.426596
1.431285
1.435908
1.440459
1.445013
1.449645
1.454256
1.458735
1.463349
1.467909
1.472460
1.477065
1.481592
1.486158
1.490742
1.495260
1.499757
1.504359
1.508874
1.513413
1.517970
1.522443
1.527054
1.531590
1.536045
1.540551
1.545120
1.549626
1.554096
1.558638
1.563117
1.567639
1.572172
1.576618
1.581115
1.585624
1.590118
1.594558
1.599103
1.603558
1.608058
1.612501
1.617007
1.621535
1.626029
1.630454
1.634948
1.639487
1.643981
1.648388
1.652864
1.657337
1.661826
1.666287
1.670649
1.675254
1.679712
1.684098
1.688535
1.693035
1.697518
1.701973
1.706428
1.710904
1.715365
1.719799
1.724188
1.728652
1.733138
1.737569
1.741955
1.746416
1.750850
1.755305
1.759716
1.764144
1.768545
1.773120
1.777410
1.781883
1.786294
1.790746
1.795171
1.799581
1.803970
1.808384
1.812824
1.817153
1.821551
1.825970
1.830485
1.834761
1.839144
1.843536
1.847997
1.852369
1.856695
1.861147
1.865539
1.869908
1.874219
1.878623
1.883009
1.887369
1.891734
1.896015
1.900482
1.904863
1.909174
1.913557
1.917856
1.922267
1.926587
1.930946
1.935255
1.939632
1.943976
1.948284
1.952635
1.956994
1.961251
1.965569
1.969967
1.974230
1.978572
1.982886
1.987212
1.991521
1.995865
2.000131
2.004421
2.008757
2.013092
2.017355
2.021625
2.025924
2.030224
2.034523
2.038798
2.043050
2.047361
2.051603
2.055897
2.060160
2.064418
2.068693
2.072953
2.077199
2.081450
2.085707
2.089941
2.094198
2.098471
2.102656
2.106857
2.111138
2.115383
2.119554
2.123757
2.127964
2.132179
2.136431
2.140559
2.144769
2.149011
2.153194
2.157340
2.161517
2.165711
2.169909
2.174022
2.178166
2.182327
2.186534
2.190647
2.194788
2.198961
2.203162
2.207267
2.211410
2.215509
2.219694
2.223826
2.227894
2.231996
2.236122
2.240271
2.244301
2.248483
2.252504
2.256660
2.260737
2.264839
2.268907
2.272988
2.277060
2.281134
2.285242
2.289329
2.293379
2.297409
2.301477
2.305537
2.309600
2.313621
2.317671
2.321737
2.325758
2.329748
2.333880
2.337877
2.341873
2.345924
2.349939
2.354010
2.357974
2.362046
2.365974
2.370072
2.374015
2.378030
2.382035
2.385993
2.390041
2.394041
2.397995
2.401959
2.405998
2.409977
2.413919
2.417955
2.421883
2.425871
2.429852
2.433807
2.437765
2.441741
2.445726
2.449647
2.453638
2.457497
2.461524
2.465455
2.469400
2.473346
2.477328
2.481253
2.485187
2.489145
2.493057
2.496979
2.500919
2.504823
2.508730
2.512649
2.516558
2.520480
2.524405
2.528318
2.532216
2.536159
2.540020
2.543945
2.547849
2.551708
2.555624
2.559513
2.563390
2.567270
2.571167
2.575027
2.578933
2.582831
2.586660
2.590525
2.594396
2.598276
2.602123
2.606018
2.609900
2.613678
2.617621
2.621456
2.625282
2.629159
2.632994
2.636814
2.640673
2.644502
2.648334
2.652139
2.655992
2.659809
2.663683
2.667449
2.671278
2.675137
2.678957
2.682765
2.686579
2.690357
2.694162
2.698012
2.701754
2.705532
2.709331
2.713109
2.716923
2.720710
2.724497
2.728230
2.732053
2.735807
2.739615
2.743369
2.747114
2.750901
2.754709
2.758385
2.762196
2.765929
2.769662
2.773386
2.777137
2.780874
2.784663
2.788376
2.792130
2.795863
2.799566
2.803314
2.807032
2.810732
2.814486
2.818192
2.821868
2.825572
2.829281
2.832969
2.836687
2.840396
2.844063
2.847724
2.851437
2.855095
2.858771
2.862477
2.866114
2.869832
2.873523
2.877101
2.880792
2.884477
2.888138
2.891731
2.895389
2.899005
2.902672
2.906354
2.909940
2.913566
2.917239
2.920861
2.924448
2.928112
2.931716
2.935335
2.938990
2.942490
2.946151
2.949719
2.953336
2.956904
2.960478
2.964034
2.967627
2.971237
2.974814
2.978376
2.981960
2.985504
2.989108
2.992662
2.996275
2.999765
3.003301
3.006848
3.010359
3.013907
3.017421
3.020972
3.024531
3.028066
3.031544
3.035071
3.038579
3.042139
3.045674
3.049140
3.052664
3.056112
3.059627
3.063114
3.066631
3.070098
3.073555
3.077064
3.080524
3.083999
3.087478
3.090887
3.094372
3.097859
3.101302
3.104753
3.108249
3.111665
3.115144
3.118574
3.121986
3.125387
3.128844
3.132251
3.135652
3.139100
3.142471
3.145886
3.149355
3.152762
3.156186
3.159578
3.162991
3.166367
3.169791
3.173144
3.176530
3.179912
3.183286
3.186695
3.190093
3.193451
3.196783
3.200205
3.203590
3.206949
3.210340
3.213654
3.217063
3.220386
3.223778
3.227058
3.230465
3.233823
3.237128
3.240505
3.243797
3.247111
3.250508
3.253786
3.257130
3.260491
3.263787
3.267139
3.270471
3.273746
3.277092
3.280430
3.283735
3.287048
3.290329
3.293589
3.296875
3.300234
3.303467
3.306750
3.310052
3.313306
3.316550
3.319840
3.323094
3.326356
3.329676
3.332915
3.336184
3.339464
3.342709
3.345999
3.349225
3.352461
3.355682
3.358906
3.362102
3.365332
3.368574
3.371786
3.375069
3.378296
3.381490
3.384705
3.387922
3.391101
3.394331
3.397489
3.400692
3.403883
3.407085
3.410216
3.413452
3.416661
3.419803
3.423006
3.426167
3.429322
3.432459
3.435614
3.438766
3.441923
3.445099
3.448257
3.451346
3.454471
3.457608
3.460742
3.463911
3.466988
3.470098
3.473241
3.476336
3.479401
3.482529
3.485642
3.488770
3.491841
3.494909
3.498007
3.501083
3.504181
3.507270
3.510281
3.513349
3.516336
3.519467
3.522451
3.525516
3.528551
3.531589
3.534573
3.537638
3.540664
3.543654
3.546633
3.549611
3.552607
3.555645
3.558632
3.561610
3.564615
3.567578
3.570511
3.573483
3.576425
3.579406
3.582357
3.585273
3.588179
3.591166
3.594099
3.597053
3.599953
3.602856
3.605748
3.608618
3.611530
3.614427
3.617351
3.620192
3.623092
3.625920
3.628799
3.631639
3.634486
3.637323
3.640199
3.643052
3.645868
3.648705
3.651551
3.654395
3.657223
3.660045
3.662799
3.665606
3.668434
3.671206
3.673983
3.676739
3.679493
3.682273
3.685035
3.687801
3.690563
3.693376
3.696088
3.698850
3.701580
3.704330
3.707059
3.709795
3.712539
3.715256
3.717956
3.720640
3.723355
3.726045
3.728715
3.731426
3.734096
3.736744
3.739411
3.742062
3.744732
3.747407
3.750086
3.752746
3.755398
3.758052
3.760749
3.763325
3.766004
3.768556
3.771160
3.773778
3.776382
3.779001
3.781625
3.784244
3.786790
3.789394
3.791950
3.794547
3.797121
3.799703
3.802286
3.804854
3.807406
3.809944
3.812515
3.815064
3.817626
3.820184
3.822707
3.825203
3.827696
3.830212
3.832789
3.835297
3.837801
3.840324
3.842838
3.845321
3.847814
3.850313
3.852814
3.855298
3.857788
3.860263
3.862731
3.865203
3.867690
3.870159
3.872603
3.875060
3.877535
3.879938
3.882359
3.884788
3.887212
3.889669
3.892135
3.894547
3.896940
3.899334
3.901752
3.904125
3.906531
3.908931
3.911319
3.913736
3.916079
3.918449
3.920807
3.923165
3.925544
3.927962
3.930286
3.932704
3.935032
3.937372
3.939718
3.942094
3.944377
3.946759
3.949084
3.951394
3.953716
3.956047
3.958369
3.960708
3.963030
3.965331
3.967644
3.969954
3.972252
3.974547
3.976848
3.979107
3.981429
3.983736
3.985986
3.988257
3.990534
3.992796
3.995082
3.997347
3.999606
4.001895
4.004148
4.006410
4.008625
4.010859
4.013062
4.015294
4.017552
4.019809
4.022041
4.024279
4.026490
4.028683
4.030936
4.033117
4.035313
4.037542
4.039756
4.041955
4.044167
4.046363
4.048538
4.050737
4.052921
4.055108
4.057277
4.059416
4.061606
4.063764
4.065918
4.068069
4.070250
4.072381
4.074534
4.076671
4.078804
4.080940
4.083065
4.085201
4.087337
4.089461
4.091582
4.093652
4.095756
4.097811
4.099881
4.101954
4.104022
4.106098
4.108195
4.110290
4.112387
4.114463
4.116524
4.118600
4.120626
4.122678
4.124740
4.126804
4.128859
4.130906
4.132955
4.134974
4.136996
4.139013
4.140978
4.143034
4.145056
4.147048
4.149044
4.151087
4.153109
4.155102
4.157100
4.159081
4.161034
4.162984
4.164953
4.166900
4.168859
4.170825
4.172781
4.174774
4.176727
4.178680
4.180613
4.182530
4.184478
4.186395
4.188295
4.190248
4.192232
4.194122
4.196033
4.197948
4.199830
4.201708
4.203626
4.205504
4.207377
4.209255
4.211134
4.213012
4.214939
4.216832
4.218660
4.220541
4.222378
4.224236
4.226078
4.227903
4.229733
4.231600
4.233395
4.235276
4.237115
4.238952
4.240756
4.242589
4.244348
4.246158
4.247964
4.249744
4.251535
4.253330
4.255101
4.256868
4.258669
4.260446
4.262202
4.263954
4.265722
4.267481
4.269260
4.271010
4.272721
4.274494
4.276229
4.277970
4.279689
4.281436
4.283189
4.284912
4.286613
4.288309
4.290026
4.291737
4.293474
4.295185
4.296860
4.298556
4.300270
4.301926
4.303652
4.305378
4.307067
4.308724
4.310396
4.312104
4.313731
4.315435
4.317048
4.318728
4.320337
4.321982
4.323606
4.325260
4.326922
4.328576
4.330185
4.331845
4.333433
4.335072
4.336671
4.338265
4.339862
4.341447
4.343020
4.344611
4.346193
4.347820
4.349426
4.350996
4.352560
4.354154
4.355676
4.357273
4.358840
4.360394
4.361928
4.363483
4.365023
4.366572
4.368109
4.369628
4.371144
4.372675
4.374200
4.375677
4.377175
4.378700
4.380213
4.381720
4.383215
4.384704
4.386184
4.387617
4.389084
4.390580
4.392042
4.393495
4.394957
4.396443
4.397914
4.399358
4.400790
4.402273
4.403741
4.405128
4.406555
4.407939
4.409347
4.410749
4.412133
4.413532
4.414928
4.416322
4.417700
4.419069
4.420468
4.421832
4.423222
4.424588
4.425951
4.427299
4.428629
4.429975
4.431317
4.432656
4.433974
4.435347
4.436665
4.437989
4.439346
4.440689
4.441977
4.443268
4.444592
4.445887
4.447169
4.448436
4.449710
4.450980
4.452248
4.453479
4.454704
4.455980
4.457230
4.458464
4.459681
4.460897
4.462122
4.463348
4.464549
4.465760
4.466970
4.468174
4.469349
4.470511
4.471689
4.472857
4.474038
4.475203
4.476360
4.477522
4.478676
4.479805
4.480944
4.482088
4.483215
4.484338
4.485492
4.486621
4.487720
4.488829
4.489953
4.491052
4.492179
4.493281
4.494348
4.495432
4.496517
4.497566
4.498596
4.499627
4.500634
4.501658
4.502677
4.503669
4.504699
4.505715
4.506740
4.507758
4.508807
4.509820
4.510820
4.511839
4.512876
4.513876
4.514859
4.515803
4.516788
4.517726
4.518643
4.519560
4.520456
4.521379
4.522265
4.523149
4.524030
4.524902
4.525776
4.526649
4.527517
4.528401
4.529249
4.530130
4.531017
4.531891
4.532752
4.533632
4.534516
4.535394
4.536260
4.537099
4.537908
4.538713
4.539505
4.540272
4.541036
4.541806
4.542552
4.543303
4.544025
4.544748
4.545461
4.546198
4.546926
4.547651
4.548361
4.549071
4.549802
4.550521
4.551243
4.551971
4.552675
4.553403
4.554140
4.554859
4.555573
4.556301
4.556999
4.557726
4.558422
4.559117
4.559764
4.560411
4.561031
4.561648
4.562242
4.562835
4.563407
4.563982
4.564537
4.565106
4.565642
4.566199
4.566766
4.567338
4.567880
4.568443
4.569004
4.569564
4.570106
4.570661
4.571182
4.571715
4.572225
4.572725
4.573192
4.573692
4.574172
4.574651
4.575119
4.575583
4.576056
4.576572
4.577075
4.577572
4.578070
4.578555
4.579038
4.579520
4.580017
4.580491
4.580943
4.581383
4.581839
4.582255
4.582660
4.583049
4.583439
4.583834
4.584197
4.584559
4.584898
4.585239
4.585575
4.585889
4.586210
4.586524
4.586833
4.587124
4.587423
4.587714
4.587996
4.588298
4.588592
4.588880
4.589155
4.589431
4.589725
4.590024
4.590302
4.590578
4.590839
4.591109
4.591366
4.591615
4.591849
4.592092
4.592328
4.592553
4.592762
4.592969
4.593170
4.593365
4.593575
4.593766
4.593940
4.594120
4.594287
4.594449
4.594611
4.594752
4.594869
4.594985
4.595088
4.595183
4.595261
4.595345
4.595420
4.595483
4.595540
4.595582
4.595615
4.595660
4.595695
4.595716
4.595735
4.595740
4.595758
4.595777
4.595782
4.595786
4.595786
4.595786
4.595786
4.595786
4.595786
4.595786
4.595786
4.595786
4.595786
4.595786
4.595786
4.595786
4.595786
4.595786
4.595786
4.595786
4.595786
4.595786
4.595786
4.595786
4.595786
4.595786
4.595786
4.595786
4.595786
4.595786
4.595786
4.595786
4.595786
4.595786
4.595786
4.595786
4.595786
4.595786
4.595786
4.595786
4.595786
4.595786
4.595786
4.595786
4.595786
4.595786
4.595786
4.595786
4.595786
4.595786
4.595786
4.595786
4.595786
4.595786
4.595786
4.595786
4.595786
4.595786
4.595786
4.595786
4.595786
4.595786
4.595786
4.595786
4.595786
4.595786
4.595786
4.595786
4.595786
4.595786
4.595786
4.595786
4.595786
4.595786
4.595786
4.595786
4.595786
4.595786
4.595786
4.595786
4.595786
4.595786
4.595786
4.595786
4.595786
4.595786
4.595786
4.595786
4.595786
4.595786
4.595786
4.595786
4.595786
4.595786
4.595786
4.595786
4.595786
4.595786
4.595786
4.595786
4.595786
4.595786
4.595786