3.691429
3.691429
3.691429
3.691429
3.691429
3.691429
3.691429
3.691435
3.691597
3.691917
3.692430
3.693092
3.693868
3.694841
3.696031
3.697472
3.699135
3.701055
3.703137
3.705352
3.707664
3.710082
3.712635
3.715307
3.718217
3.721404
3.724778
3.728562
3.732448
3.736573
3.740849
3.745310
3.749897
3.754691
3.759745
3.764808
3.770114
3.775729
3.781389
3.787351
3.793558
3.799919
3.806501
3.813267
3.820137
3.827189
3.834476
3.841939
3.849657
3.857545
3.865647
3.874023
3.882595
3.891257
3.900188
3.909287
3.918554
3.928036
3.937804
3.947523
3.957604
3.967923
3.978316
3.989075
4.000059
4.011066
4.022379
4.033878
4.045551
4.057493
4.069711
4.082055
4.094590
4.107434
4.120389
4.133716
4.147138
4.160692
4.174564
4.188774
4.202841
4.217159
4.232049
4.246850
4.261905
4.277640
4.292887
4.308703
4.324804
4.340761
4.357162
4.373807
4.390469
4.407672
4.424774
4.442145
4.459762
4.477600
4.495583
4.513730
4.532440
4.550994
4.569711
4.588721
4.607937
4.627636
4.647162
4.666792
4.686653
4.706520
4.726480
4.746763
4.766588
4.786589
4.806708
4.827003
4.847211
4.867270
4.887601
4.907786
4.928378
4.948380
4.969004
4.989366
5.009901
5.030118
5.050641
5.071011
5.091959
5.112102
5.132843
5.152923
5.173560
5.194110
5.214600
5.234988
5.255472
5.275920
5.295961
5.316816
5.336791
5.357557
5.377753
5.398213
5.418266
5.438816
5.458976
5.479239
5.499273
5.519428
5.539687
5.559817
5.579954
5.600240
5.620347
5.640657
5.660979
5.681035
5.700941
5.721596
5.741495
5.761653
5.781798
5.802285
5.822335
5.842430
5.862335
5.882834
5.902761
5.922918
5.942962
5.963039
5.982789
6.003144
6.023035
6.043219
6.062945
6.082980
6.102646
6.122899
6.142721
6.162477
6.182221
6.202079
6.221775
6.241480
6.261401
6.280684
0.017497
0.037055
0.056703
0.076354
0.095970
0.115672
0.135730
0.155043
0.174868
0.194696
0.214272
0.234064
0.253502
0.273489
0.293263
0.312875
0.332832
0.352138
0.372038
0.391468
0.411385
0.430878
0.450652
0.470018
0.490065
0.509497
0.529115
0.548554
0.568229
0.587823
0.607151
0.626754
0.646150
0.665751
0.684973
0.704705
0.723820
0.743286
0.762754
0.782046
0.801364
0.820848
0.840127
0.859721
0.878923
0.898379
0.917869
0.937313
0.956644
0.976328
0.995736
1.014887
1.034661
1.054243
1.073963
1.093360
1.112813
1.132255
1.152092
1.171701
1.191199
1.210892
1.230387
1.250086
1.269783
1.289158
1.308962
1.328646
1.347776
1.367394
1.387291
1.406451
1.426285
1.445723
1.465269
1.485007
1.504308
1.524010
1.543352
1.562899
1.582205
1.601461
1.621256
1.640706
1.660181
1.679853
1.699507
1.719095
1.738821
1.758349
1.777959
1.797799
1.817593
1.837421
1.856737
1.876772
1.896258
1.916353
1.935800
1.955595
1.975426
1.994843
2.014686
2.034832
2.054225
2.074239
2.093599
2.113523
2.133114
2.152873
2.172237
2.191822
2.211515
2.231217
2.250263
2.270025
2.289415
2.308923
2.328676
2.347970
2.367322
2.386889
2.406199
2.425472
2.444869
2.464682
2.483611
2.503397
2.522775
2.541881
2.561736
2.580707
2.600640
2.620087
2.639160
2.658940
2.678109
2.697670
2.717105
2.736604
2.755862
2.775463
2.794814
2.814106
2.833418
2.852896
2.872121
2.891383
2.910941
2.929984
2.949381
2.968544
2.987739
3.006842
3.026295
3.045045
3.064252
3.083424
3.102266
3.121357
3.140415
3.159452
3.178480
3.197271
3.216215
3.235201
3.254286
3.273305
3.292354
3.311430
3.330350
3.349543
3.368508
3.387287
3.406579
3.425427
3.444701
3.463474
3.482583
3.501488
3.520588
3.539700
3.558587
3.577492
3.596505
3.615365
3.634318
3.653199
3.672170
3.691222
3.710163
3.728909
3.747692
3.766504
3.785514
3.804179
3.822935
3.841579
3.860296
3.879147
3.897782
3.916472
3.935278
3.953961
3.972768
3.991112
4.010026
4.028710
4.047351
4.066098
4.084781
4.103600
4.122166
4.141362
4.160027
4.178788
4.197607
4.216524
4.235192
4.254424
4.273203
4.292000
4.311094
4.330029
4.348719
4.367720
4.386613
4.405647
4.424318
4.443334
4.461952
4.481414
4.500022
4.518703
4.537800
4.556372
4.575256
4.594102
4.613043
4.631936
4.650529
4.669405
4.688130
4.707002
4.725811
4.744662
4.763538
4.782308
4.800979
4.820109
4.839008
4.857722
4.876609
4.895595
4.914788
4.933456
4.952676
4.971530
4.990648
5.009984
5.028713
5.048070
5.066804
5.086042
5.104953
5.124059
5.143081
5.162166
5.181248
5.200171
5.219166
5.238374
5.257318
5.276286
5.295424
5.314162
5.332893
5.351870
5.370784
5.389719
5.408373
5.427182
5.446138
5.464804
5.483505
5.502482
5.521019
5.539594
5.558463
5.577207
5.595755
5.614504
5.633379
5.651937
5.670938
5.689325
5.708089
5.727069
5.745624
5.764637
5.783263
5.801734
5.820579
5.839427
5.858087
5.876719
5.895523
5.914101
5.932626
5.951546
5.970202
5.988826
6.007353
6.026151
6.044531
6.063365
6.081482
6.100016
6.118696
6.136747
6.155278
6.173925
6.191940
6.210699
6.228849
6.246960
6.265539
0.000575
0.018716
0.037004
0.055448
0.073559
0.091754
0.110267
0.128252
0.146582
0.165032
0.183134
0.201377
0.219794
0.237974
0.256250
0.274645
0.292853
0.311045
0.329833
0.347746
0.366010
0.384211
0.402790
0.420835
0.439141
0.457351
0.475564
0.493786
0.511771
0.530101
0.548548
0.566602
0.584662
0.602914
0.620978
0.639059
0.657290
0.675092
0.693210
0.711330
0.729036
0.747342
0.765259
0.783325
0.801607
0.819215
0.837419
0.855134
0.873290
0.891204
0.909213
0.927429
0.945325
0.963400
0.981508
0.999619
1.017802
1.035877
1.054001
1.072142
1.090325
1.108364
1.126601
1.144886
1.162805
1.180824
1.199246
1.217283
1.235631
1.253781
1.271667
1.289817
1.308435
1.326411
1.344468
1.362681
1.380712
1.398925
1.417087
1.435129
1.453405
1.471393
1.489480
1.507400
1.525541
1.543649
1.561775
1.579731
1.597767
1.615863
1.634028
1.652064
1.670307
1.688419
1.706491
1.724776
1.742941
1.761085
1.779382
1.797601
1.815658
1.834147
1.852237
1.870438
1.888921
1.907304
1.925389
1.943787
1.962162
1.980501
1.998897
2.016957
2.035479
2.053587
2.072312
2.090121
2.108238
2.126634
2.144799
2.162949
2.181225
2.199303
2.217525
2.235732
2.253693
2.271589
2.289943
2.307700
2.326045
2.344012
2.361962
2.379983
2.398026
2.415927
2.433873
2.451972
2.469781
2.487754
2.505943
2.523920
2.541914
2.559944
2.577813
2.595840
2.613978
2.631988
2.649973
2.667991
2.685937
2.703923
2.722097
2.739947
2.757930
2.776047
2.793864
2.811778
2.830081
2.847665
2.865650
2.883569
2.901324
2.919288
2.937076
2.954813
2.972603
2.990379
3.007876
3.025582
3.043400
3.060963
3.078655
3.096331
3.113885
3.131448
3.149424
3.166736
3.184280
3.201966
3.219505
3.237173
3.254655
3.272170
3.289604
3.307287
3.325143
3.342586
3.360251
3.377775
3.395365
3.413020
3.430604
3.448173
3.465874
3.483649
3.501101
3.518700
3.536284
3.553907
3.571623
3.588961
3.606392
3.624072
3.641395
3.658868
3.676449
3.693910
3.711586
3.728951
3.746338
3.763691
3.780993
3.798427
3.815807
3.833097
3.850340
3.867762
3.884920
3.902375
3.919489
3.936911
3.953853
3.971449
3.988632
4.005712
4.023338
4.040454
4.057903
4.075272
4.092481
4.109900
4.127157
4.144675
4.161965
4.179439
4.196666
4.214307
4.231558
4.249178
4.266291
4.284046
4.301291
4.318923
4.336282
4.353701
4.371177
4.388680
4.406201
4.423287
4.441018
4.458512
4.475886
4.493386
4.510646
4.528275
4.545557
4.562910
4.580257
4.597658
4.615137
4.632430
4.649675
4.667221
4.684412
4.701597
4.719139
4.736558
4.753965
4.771276
4.788762
4.806150
4.823582
4.840875
4.858563
4.875701
4.893225
4.910985
4.928476
4.946078
4.963524
4.981096
4.998581
5.016174
5.033815
5.051321
5.068917
5.086617
5.104117
5.121494
5.139138
5.156842
5.174396
5.191695
5.209243
5.226815
5.244531
5.261956
5.279552
5.296872
5.314321
5.332000
5.349297
5.366560
5.384168
5.401392
5.418478
5.436018
5.453568
5.470481
5.487903
5.505097
5.522427
5.539618
5.556756
5.574136
5.591285
5.608368
5.626048
5.642937
5.660101
5.677748
5.694868
5.712047
5.729115
5.746573
5.764056
5.781010
5.798534
5.815435
5.832965
5.850240
5.867374
5.884443
5.901868
5.919012
5.936188
5.953376
5.970487
5.987723
6.004879
6.021863
6.038827
6.056138
6.073030
6.090084
6.107089
6.124131
6.141151
6.158064
6.174845
6.191782
6.208826
6.225496
6.242340
6.259256
6.276249
0.009444
0.026569
0.043275
0.060062
0.076906
0.093567
0.110381
0.127228
0.143958
0.160840
0.177714
0.194324
0.211252
0.228129
0.244946
0.261900
0.278594
0.295426
0.312222
0.329045
0.345823
0.362667
0.379513
0.396139
0.413279
0.429847
0.446562
0.463298
0.480124
0.496821
0.513572
0.530362
0.546942
0.563636
0.580369
0.597048
0.613580
0.630304
0.646926
0.663459
0.680371
0.696844
0.713385
0.729956
0.746404
0.762856
0.779583
0.795956
0.812518
0.829087
0.845421
0.862025
0.878578
0.895036
0.911556
0.928250
0.944782
0.961354
0.977988
0.994499
1.011082
1.027767
1.044320
1.061026
1.077484
1.094073
1.111147
1.127608
1.144200
1.160891
1.177660
1.194339
1.210949
1.227778
1.244268
1.260917
1.277683
1.294305
1.310930
1.327639
1.344384
1.360767
1.377877
1.394218
1.410606
1.427768
1.443958
1.460559
1.477367
1.493807
1.510474
1.527027
1.543715
1.560151
1.576725
1.593464
1.609871
1.626544
1.643070
1.659689
1.676398
1.692979
1.709735
1.726426
1.743028
1.759605
1.776538
1.793191
1.809906
1.826776
1.843476
1.860224
1.876921
1.893636
1.910735
1.927450
1.944234
1.960730
1.977811
1.994606
2.011235
2.028051
2.044979
2.061598
2.078367
2.095157
2.111821
2.128716
2.145266
2.161685
2.178585
2.195261
2.211940
2.228497
2.244942
2.261666
2.278087
2.294859
2.311077
2.327660
2.344408
2.360730
2.377335
2.393735
2.410147
2.426659
2.443344
2.459394
2.476336
2.492491
2.509083
2.525537
2.542043
2.558270
2.575092
2.591451
2.607782
2.624578
2.640898
2.657259
2.674151
2.690387
2.706838
2.723517
2.739810
2.756144
2.772808
2.789232
2.805591
2.822072
2.838257
2.854903
2.871082
2.887452
2.904017
2.920106
2.936582
2.952799
2.969260
2.985306
3.001503
3.017811
3.033932
3.050075
3.066419
3.082400
3.098530
3.114775
3.130672
3.146965
3.163047
3.178972
3.195000
3.211188
3.227130
3.243168
3.259281
3.275471
3.291420
3.307487
3.323489
3.339698
3.355733
3.371732
3.387952
3.404110
3.420187
3.436282
3.452305
3.468615
3.484467
3.500628
3.516576
3.532734
3.548898
3.564753
3.580710
3.596834
3.612959
3.628695
3.645077
3.660797
3.676766
3.692789
3.708644
3.724628
3.740567
3.756380
3.772250
3.788229
3.803976
3.820080
3.835869
3.851601
3.867312
3.883185
3.898807
3.914680
3.930505
3.946169
3.961955
3.977675
3.993464
4.009014
4.025073
4.040838
4.056672
4.072521
4.088065
4.104016
4.119859
4.135573
4.151629
4.167505
4.183208
4.199231
4.215139
4.230884
4.246853
4.262732
4.278572
4.294664
4.310423
4.326434
4.342427
4.358207
4.374116
4.390094
4.405916
4.421876
4.437849
4.453671
4.469585
4.485576
4.501505
4.517325
4.533329
4.549113
4.565187
4.580796
4.596699
4.612375
4.628335
4.644166
4.660066
4.675684
4.691677
4.707338
4.723220
4.739081
4.754915
4.770719
4.786497
4.802477
4.818282
4.834074
4.850094
4.865979
4.881834
4.897821
4.914011
4.929738
4.945446
4.961709
4.977522
4.993614
5.009541
5.025432
5.041464
5.057379
5.073297
5.089455
5.105453
5.121393
5.137272
5.153322
5.169464
5.185481
5.201348
5.217276
5.233068
5.249249
5.265167
5.280990
5.296919
5.312810
5.328738
5.344458
5.360247
5.376049
5.392011
5.407441
5.423386
5.439271
5.454734
5.470592
5.486187
5.502036
5.517447
5.533389
5.548900
5.564617
5.580298
5.595881
5.611529
5.627292
5.642856
5.658591
5.674060
5.689675
5.705384
5.720960
5.736825
5.752335
5.768169
5.783812
5.799298
5.815288
5.830724
5.846417
5.862102
5.877714
5.893372
5.908951
5.924396
5.939975
5.955650
5.971137
5.986801
6.002335
6.017717
6.033317
6.048753
6.064230
6.079504
6.095398
6.110325
6.125946
6.141286
6.156608
6.172145
6.187342
6.202624
6.217895
6.233346
6.248608
6.263627
6.279140
0.010912
0.026290
0.041483
0.056634
0.071878
0.087203
0.102423
0.117646
0.132800
0.148092
0.163294
0.178553
0.193716
0.208903
0.224512
0.239472
0.254800
0.270044
0.285302
0.300618
0.315820
0.330968
0.346131
0.361537
0.376553
0.391794
0.407164
0.422423
0.437379
0.452689
0.467873
0.483042
0.498268
0.513413
0.528447
0.543655
0.558788
0.573931
0.589052
0.604131
0.619147
0.634217
0.649111
0.664133
0.679287
0.694252
0.709253
0.724186
0.739070
0.753922
0.769151
0.783966
0.798886
0.814008
0.828688
0.843869
0.858957
0.873656
0.888594
0.903691
0.918576
0.933559
0.948488
0.963454
0.978662
0.993828
1.008637
1.023534
1.038981
1.053878
1.068672
1.084063
1.099022
1.114048
1.129259
1.144215
1.159156
1.174478
1.189356
1.204439
1.219548
1.234597
1.249817
1.264698
1.279942
1.295102
1.310065
1.325186
1.340100
1.355263
1.370231
1.385266
1.400351
1.415337
1.430347
1.445438
1.460326
1.475363
1.490484
1.505311
1.520277
1.535446
1.550231
1.565179
1.580330
1.595094
1.610344
1.625037
1.640338
1.655177
1.670140
1.685072
1.700235
1.715407
1.730312
1.745487
1.760584
1.775631
1.790629
1.805960
1.820883
1.835845
1.851065
1.866378
1.881245
1.896689
1.911676
1.926827
1.942152
1.957216
1.972313
1.987416
2.002543
2.017652
2.032695
2.048173
2.062899
2.078166
2.093491
2.108259
2.123521
2.138426
2.153544
2.168656
2.183478
2.198509
2.213570
2.228464
2.243504
2.258442
2.273509
2.288271
2.303218
2.317875
2.332876
2.347775
2.362474
2.377457
2.392489
2.407307
2.421871
2.436914
2.451682
2.466671
2.481487
2.496530
2.511117
2.526077
2.540859
2.555741
2.570625
2.585644
2.600418
2.615195
2.630004
2.645050
2.659677
2.674562
2.689422
2.704366
2.719149
2.733952
2.748981
2.763520
2.778602
2.793091
2.808012
2.822929
2.837769
2.852368
2.867226
2.881984
2.896686
2.911361
2.926050
2.940737
2.955457
2.970017
2.984650
2.999457
3.013856
3.028480
3.043124
3.057604
3.072129
3.086762
3.101191
3.115695
3.130211
3.144664
3.159225
3.173680
3.188190
3.202523
3.216964
3.231702
3.246002
3.260560
3.274857
3.289331
3.304042
3.318459
3.332777
3.347278
3.361719
3.376232
3.390939
3.405018
3.419612
3.434196
3.448563
3.463019
3.477535
3.491984
3.506458
3.520947
3.535361
3.549778
3.564282
3.578783
3.593083
3.607524
3.621845
3.636307
3.650557
3.665004
3.679388
3.693784
3.707985
3.722378
3.736786
3.750984
3.765147
3.779525
3.793717
3.807972
3.822183
3.836459
3.850570
3.864877
3.878829
3.893007
3.907196
3.921376
3.935446
3.949509
3.963749
3.977987
3.992089
4.006081
4.020513
4.034423
4.048748
4.062823
4.077093
4.091480
4.105469
4.119844
4.133806
4.148226
4.162331
4.176485
4.190551
4.205091
4.219247
4.233472
4.247713
4.262156
4.276250
4.290508
4.304776
4.318938
4.333328
4.347577
4.361572
4.376136
4.390379
4.404571
4.418911
4.433001
4.447280
4.461481
4.475700
4.489908
4.504160
4.518394
4.532500
4.546869
4.560995
4.575172
4.589362
4.603464
4.617743
4.631696
4.646008
4.659853
4.674264
4.688208
4.702427
4.716604
4.730563
4.744845
4.759032
4.772954
4.787042
4.801360
4.815501
4.829550
4.843940
4.858072
4.872339
4.886843
4.900718
4.915045
4.929118
4.943424
4.957601
4.972012
4.986277
5.000580
5.014966
5.029126
5.043297
5.057682
5.071847
5.086093
5.100441
5.114678
5.128928
5.143237
5.157438
5.171609
5.186129
5.200348
5.214321
5.228726
5.242930
5.257189
5.271510
5.285442
5.299604
5.313805
5.327851
5.341986
5.356029
5.370215
5.384141
5.398387
5.412459
5.426376
5.440434
5.454288
5.468264
5.482558
5.496289
5.510236
5.524467
5.538273
5.552198
5.566274
5.580041
5.593894
5.607874
5.621752
5.635725
5.649735
5.663655
5.677598
5.691626
5.705504
5.719420
5.733391
5.747263
5.761119
5.775090
5.789210
5.803010
5.816987
5.830856
5.844811
5.858611
5.872609
5.886489
5.900409
5.914083
5.927970
5.941788
5.955612
5.969474
5.983271
5.997086
6.010814
6.024844
6.038336
6.052360
6.066064
6.079732
6.093391
6.107278
6.120886
6.134326
6.148264
6.161809
6.175459
6.189136
6.202547
6.216125
6.229736
6.243308
6.256646
6.270311
0.000617
0.014111
0.027666
0.041232
0.054669
0.068172
0.081643
0.095173
0.108688
0.122143
0.135542
0.149314
0.162764
0.176171
0.189749
0.203151
0.216813
0.230304
0.243780
0.257137
0.270742
0.284320
0.297772
0.311266
0.324796
0.338165
0.351734
0.365231
0.378672
0.392202
0.405588
0.419031
0.432583
0.446008
0.459313
0.473038
0.486287
0.499856
0.513105
0.526425
0.539817
0.553228
0.566695
0.580013
0.593534
0.606716
0.620163
0.633378
0.646645
0.660046
0.673295
0.686702
0.699858
0.713058
0.726418
0.739526
0.752819
0.765993
0.779265
0.792481
0.805625
0.818795
0.832194
0.845080
0.858442
0.871724
0.885017
0.898113
0.911493
0.924613
0.937826
0.951104
0.964353
0.977427
0.990985
1.004203
1.017506
1.030745
1.044024
1.057332
1.070635
1.083868
1.097156
1.110548
1.123908
1.137258
1.150602
1.163830
1.177333
1.190450
1.203818
1.217205
1.230402
1.243714
1.257088
1.270364
1.283615
1.296978
1.310232
1.323637
1.336858
1.350095
1.363394
1.376679
1.389909
1.403194
1.416670
1.429688
1.442937
1.456254
1.469446
1.482646
1.495910
1.509075
1.522302
1.535539
1.548664
1.561925
1.575096
1.588203
1.601425
1.614725
1.627892
1.641096
1.654377
1.667689
1.680970
1.694138
1.707368
1.720746
1.734102
1.747240
1.760615
1.773929
1.787177
1.800402
1.813893
1.827067
1.840364
1.853822
1.867046
1.880409
1.893876
1.907205
1.920382
1.933739
1.947074
1.960478
1.973697
1.987011
2.000440
2.013721
2.027006
2.040401
2.053737
2.066931
2.080234
2.093440
2.106770
2.119994
2.133294
2.146554
2.159581
2.172848
2.186285
2.199273
2.212513
2.225740
2.238914
2.252016
2.265111
2.278279
2.291489
2.304461
2.317530
2.330659
2.343779
2.356785
2.369859
2.382868
2.395880
2.408895
2.422012
2.435045
2.448215
2.461149
2.474227
2.487404
2.500269
2.513422
2.526448
2.539472
2.552757
2.565430
2.578649
2.591562
2.604786
2.617690
2.630615
2.643786
2.656843
2.669899
2.682932
2.695899
2.708932
2.722115
2.734974
2.747974
2.761031
2.773962
2.786958
2.799973
2.812991
2.825823
2.838913
2.851718
2.864760
2.877661
2.890490
2.903451
2.916370
2.929178
2.942220
2.954938
2.967716
2.980635
2.993521
3.006294
3.018985
3.031781
3.044512
3.057251
3.070011
3.082678
3.095429
3.108258
3.120875
3.133467
3.146344
3.158772
3.171640
3.184196
3.197020
3.209522
3.222246
3.234854
3.247536
3.260326
3.272883
3.285517
3.298214
3.310783
3.323447
3.336213
3.348821
3.361449
3.374218
3.386820
3.399484
3.412116
3.424810
3.437498
3.450225
3.462611
3.475461
3.487970
3.500736
3.513337
3.525975
3.538633
3.551237
3.563902
3.576482
3.589060
3.601652
3.614176
3.626825
3.639393
3.651869
3.664419
3.676976
3.689463
3.701981
3.714499
3.726947
3.739506
3.752060
3.764359
3.776817
3.789220
3.801786
3.814195
3.826632
3.838874
3.851271
3.863681
3.876052
3.888324
3.900769
3.913095
3.925448
3.937750
3.950087
3.962428
3.974709
3.987095
3.999495
4.011737
4.024099
4.036377
4.048813
4.061157
4.073426
4.085824
4.098186
4.110565
4.123023
4.135313
4.147605
4.160030
4.172374
4.184844
4.197250
4.209579
4.221968
4.234395
4.246778
4.259161
4.271621
4.283878
4.296336
4.308817
4.321263
4.333481
4.346079
4.358393
4.370785
4.383194
4.395520
4.407930
4.420396
4.432683
4.445057
4.457409
4.469882
4.482031
4.494441
4.506721
4.519074
4.531673
4.543792
4.556112
4.568419
4.580751
4.593059
4.605316
4.617597
4.629889
4.642126
4.654349
4.666621
4.678917
4.691087
4.703311
4.715508
4.727831
4.740171
4.752371
4.764616
4.776723
4.789043
4.801510
4.813623
4.825966
4.838202
4.850606
4.862929
4.875135
4.887308
4.899855
4.912016
4.924459
4.936794
4.948931
4.961280
4.973789
4.986172
4.998309
5.010970
5.023047
5.035454
5.047831
5.060153
5.072449
5.084877
5.097193
5.109555
5.121839
5.134093
5.146518
5.158802
5.171070
5.183417
5.195698
5.207963
5.220253
5.232630
5.244770
5.257069
5.269320
5.281574
5.293858
5.305962
5.318093
5.330352
5.342540
5.354609
5.366662
5.379054
5.391104
5.403274
5.415231
5.427347
5.439403
5.451555
5.463548
5.475595
5.487693
5.499629
5.511701
5.523670
5.535654
5.547719
5.559763
5.571781
5.583825
5.595683
5.607712
5.619904
5.631582
5.643815
5.655859
5.667825
5.679714
5.691779
5.703772
5.715652
5.727735
5.739713
5.751661
5.763660
5.775585
5.787587
5.799589
5.811417
5.823392
5.835571
5.847361
5.859174
5.871174
5.883110
5.895016
5.907027
5.918832
5.930762
5.942567
5.954431
5.966520
5.978373
5.990102
6.001862
6.013849
6.025611
6.037473
6.049286
6.061031
6.072889
6.084592
6.096276
6.108027
6.119924
6.131558
6.143186
6.154951
6.166636
6.178204
6.190035
6.201549
6.213105
6.224951
6.236462
6.248084
6.259681
6.271216
6.282832
0.011334
0.022752
0.034392
0.045954
0.057431
0.068969
0.080588
0.092120
0.103735
0.115342
0.126676
0.138451
0.149983
0.161655
0.173064
0.184692
0.196197
0.207723
0.219251
0.230780
0.242522
0.253937
0.265543
0.277012
0.288667
0.300082
0.311659
0.323415
0.334719
0.346371
0.357948
0.369414
0.380844
0.392435
0.403949
0.415499
0.427004
0.438377
0.449957
0.461456
0.472939
0.484474
0.495892
0.507373
0.518758
0.530380
0.541693
0.553174
0.564550
0.575836
0.587314
0.598762
0.610123
0.621547
0.632767
0.644374
0.655447
0.667021
0.678223
0.689536
0.700828
0.712255
0.723491
0.734795
0.746027
0.757214
0.768761
0.779906
0.791139
0.802461
0.813663
0.824922
0.836139
0.847435
0.858640
0.870058
0.881278
0.892549
0.903880
0.915100
0.926417
0.937736
0.948983
0.960263
0.971765
0.982838
0.994268
1.005464
1.016805
1.028094
1.039521
1.050723
1.062078
1.073475
1.084731
1.096059
1.107465
1.118790
1.130088
1.141464
1.152843
1.164237
1.175521
1.186936
1.198084
1.209520
1.220776
1.232023
1.243366
1.254664
1.266052
1.277512
1.288787
1.300091
1.311404
1.322657
1.333946
1.345265
1.356524
1.367930
1.379151
1.390374
1.401486
1.412865
1.424193
1.435638
1.446613
1.457980
1.469212
1.480396
1.491647
1.502849
1.514273
1.525256
1.536545
1.547832
1.558899
1.570077
1.581537
1.592530
1.603693
1.615030
1.626154
1.637453
1.648628
1.659797
1.671134
1.682366
1.693551
1.704831
1.716147
1.727376
1.738689
1.750035
1.761196
1.772461
1.783813
1.794991
1.806358
1.817707
1.828880
1.840169
1.851431
1.862852
1.874096
1.885361
1.896764
1.907901
1.919343
1.930677
1.941942
1.953303
1.964529
1.975683
1.987047
1.998322
2.009701
2.020987
2.032216
2.043472
2.054851
2.065969
2.077238
2.088452
2.099639
2.110934
2.122230
2.133303
2.144616
2.155848
2.166862
2.178175
2.189290
2.200379
2.211698
2.222711
2.233821
2.244900
2.255988
2.267056
2.278342
2.289344
2.300351
2.311332
2.322492
2.333517
2.344531
2.355715
2.366833
2.377643
2.388809
2.399649
2.410825
2.421865
2.432762
2.443673
2.454816
2.465874
2.476852
2.487841
2.498888
2.509850
2.520906
2.531919
2.542846
2.553907
2.564948
2.576045
2.586858
2.598081
2.608849
2.620150
2.630993
2.641934
2.652993
2.663982
2.674915
2.686048
2.696918
2.707788
2.718831
2.729833
2.741002
2.751728
2.762747
2.773779
2.784690
2.795773
2.806619
2.817584
2.828379
2.839276
2.850409
2.861168
2.872148
2.883000
2.893807
2.904613
2.915669
2.926401
2.937271
2.948045
2.959055
2.969658
2.980552
2.991283
3.002033
3.012858
3.023578
3.034394
3.045153
3.055876
3.066649
3.077345
3.088125
3.098713
3.109361
3.120219
3.130804
3.141431
3.152022
3.162748
3.173228
3.183957
3.194626
3.205160
3.215889
3.226654
3.237254
3.247779
3.258445
3.269084
3.279894
3.290557
3.301133
3.311691
3.322459
3.332948
3.343668
3.354373
3.364796
3.375477
3.386296
3.396809
3.407418
3.417988
3.428657
3.439320
3.449944
3.460523
3.471069
3.481792
3.492293
3.502956
3.513439
3.524105
3.534708
3.545227
3.555854
3.566350
3.577001
3.587529
3.598069
3.608594
3.619077
3.629638
3.640154
3.650661
3.661232
3.671619
3.682141
3.692573
3.703039
3.713516
3.723780
3.734362
3.744693
3.755128
3.765476
3.775927
3.786362
3.796710
3.807089
3.817563
3.827869
3.838023
3.848563
3.858864
3.869152
3.879329
3.889924
3.899987
3.910276
3.920660
3.930835
3.941093
3.951582
3.961565
3.972168
3.982292
3.992551
4.002788
4.013136
4.023293
4.033629
4.043900
4.054146
4.064357
4.074681
4.084907
4.095178
4.105574
4.115769
4.126235
4.136397
4.146730
4.156881
4.167377
4.177512
4.187923
4.198233
4.208426
4.218714
4.229062
4.239297
4.249618
4.259840
4.270144
4.280540
4.290718
4.301189
4.311373
4.321727
4.331929
4.342283
4.352587
4.362827
4.373047
4.383422
4.393674
4.403885
4.414239
4.424297
4.434726
4.444922
4.455007
4.465427
4.475584
4.485702
4.495981
4.506269
4.516438
4.526696
4.536874
4.547025
4.557340
4.567449
4.577719
4.587780
4.597895
4.608159
4.618112
4.628467
4.638437
4.648645
4.658790
4.668865
4.678974
4.689190
4.699224
4.709324
4.719471
4.729538
4.739656
4.749843
4.759915
4.769958
4.780220
4.790212
4.800314
4.810585
4.820517
4.830727
4.840911
4.851115
4.861143
4.871411
4.881513
4.891562
4.901734
4.911896
4.922011
4.932174
4.942267
4.952433
4.962635
4.972668
4.982813
4.992892
5.003027
5.013154
5.023502
5.033533
5.043630
5.054002
5.063787
5.073911
5.084143
5.094248
5.104351
5.114552
5.124631
5.134707
5.144855
5.155002
5.165030
5.175277
5.185289
5.195230
5.205489
5.215448
5.225502
5.235581
5.245636
5.255583
5.265626
5.275758
5.285576
5.295772
5.305641
5.315603
5.325625
5.335512
5.345396
5.355481
5.365248
5.375234
5.385073
5.395022
5.404727
5.414640
5.424459
5.434402
5.444260
5.454090
5.463863
5.473714
5.483442
5.493260
5.503093
5.512905
5.522618
5.532520
5.542282
5.551905
5.561729
5.571442
5.581188
5.590880
5.600719
5.610406
5.620254
5.629901
5.639668
5.649373
5.659092
5.668844
5.678581
5.688276
5.697993
5.707805
5.717434
5.727183
5.736899
5.746526
5.756185
5.765937
5.775656
5.785423
5.795166
5.804685
5.814497
5.824127
5.833837
5.843439
5.853152
5.862758
5.872435
5.882166
5.891700
5.901344
5.911012
5.920594
5.930184
5.939819
5.949421
5.958988
5.968575
5.978223
5.987753
5.997478
6.006841
6.016407
6.025944
6.035486
6.045050
6.054637
6.064087
6.073488
6.083031
6.092546
6.102050
6.111469
6.120922
6.130311
6.139788
6.149094
6.158588
6.168026
6.177415
6.186796
6.196267
6.205540
6.214914
6.224313
6.233603
6.242942
6.252356
6.261626
6.270940
6.280396
0.006454
0.015813
0.025059
0.034389
0.043644
0.053033
0.062294
0.071546
0.080891
0.090085
0.099436
0.108706
0.117988
0.127210
0.136545
0.145938
0.155130
0.164433
0.173840
0.182999
0.192335
0.201464
0.210815
0.220135
0.229330
0.238720
0.248023
0.257131
0.266571
0.275646
0.284931
0.294315
0.303375
0.312680
0.322079
0.331163
0.340490
0.349754
0.358990
0.368269
0.377533
0.386713
0.395968
0.405217
0.414418
0.423633
0.432897
0.441975
0.451224
0.460377
0.469557
0.478899
0.487995
0.497040
0.506277
0.515486
0.524666
0.533729
0.543026
0.552077
0.561128
0.570272
0.579446
0.588518
0.597620
0.606716
0.615812
0.624941
0.633983
0.643014
0.652274
0.661209
0.670245
0.679284
0.688314
0.697350
0.706395
0.715410
0.724369
0.733429
0.742420
0.751381
0.760387
0.769354
0.778301
0.787403
0.796289
0.805319
0.814295
0.823253
0.832155
0.841173
0.850122
0.859089
0.868086
0.876961
0.885958
0.894964
0.903937
0.912895
0.921863
0.930740
0.939824
0.948839
0.957800
0.966872
0.975810
0.984765
0.993765
1.002711
1.011648
1.020559
1.029661
1.038673
1.047583
1.056640
1.065625
1.074577
1.083545
1.092575
1.101494
1.110599
1.119581
1.128513
1.137635
1.146489
1.155510
1.164477
1.173507
1.182412
1.191406
1.200391
1.209235
1.218472
1.227218
1.236275
1.245254
1.254161
1.263116
1.272128
1.281066
1.290006
1.298967
1.307862
1.316809
1.325821
1.334626
1.343701
1.352731
1.361411
1.370513
1.379339
1.388306
1.397118
1.406139
1.414950
1.423789
1.432786
1.441696
1.450565
1.459358
1.468196
1.476984
1.485930
1.494789
1.503610
1.512559
1.521370
1.530230
1.539074
1.547873
1.556781
1.565661
1.574422
1.583239
1.592107
1.600916
1.609607
1.618565
1.627437
1.636287
1.645236
1.654036
1.662742
1.671733
1.680407
1.689266
1.698356
1.707033
1.715907
1.724892
1.733635
1.742545
1.751282
1.760249
1.768976
1.777959
1.786791
1.795644
1.804495
1.813414
1.822261
1.831178
1.840127
1.848809
1.857777
1.866630
1.875627
1.884382
1.893286
1.902115
1.911029
1.919852
1.928693
1.937672
1.946496
1.955295
1.964322
1.972939
1.981780
1.990852
1.999622
2.008484
2.017290
2.026074
2.034906
2.043835
2.052565
2.061296
2.070281
2.079041
2.087874
2.096613
2.105425
2.114242
2.122957
2.131733
2.140463
2.149254
2.157969
2.166727
2.175505
2.184179
2.192879
2.201589
2.210323
2.219035
2.227793
2.236412
2.245214
2.253843
2.262463
2.271076
2.279933
2.288475
2.297145
2.305744
2.314334
2.322965
2.331672
2.340163
2.348785
2.357519
2.365998
2.374554
2.383237
2.391710
2.400335
2.409000
2.417467
2.426029
2.434754
2.443248
2.451772
2.460397
2.468984
2.477460
2.486089
2.494540
2.503076
2.511771
2.520384
2.528953
2.537567
2.545989
2.554653
2.563177
2.571680
2.580281
2.588862
2.597377
2.605904
2.614452
2.623026
2.631559
2.640092
2.648604
2.657157
2.665771
2.674163
2.682741
2.691402
2.699821
2.708309
2.716905
2.725332
2.733763
2.742236
2.750736
2.759299
2.767823
2.776266
2.784807
2.793250
2.801618
2.810142
2.818576
2.826998
2.835465
2.843937
2.852350
2.860775
2.869278
2.877598
2.886047
2.894514
2.902801
2.911226
2.919681
2.928031
2.936465
2.944752
2.953150
2.961488
2.969877
2.978182
2.986505
2.994897
3.003079
3.011477
3.019812
3.028063
3.036335
3.044535
3.052954
3.061176
3.069478
3.077744
3.085953
3.094162
3.102356
3.110661
3.118912
3.127029
3.135187
3.143510
3.151665
3.159935
3.168018
3.176326
3.184430
3.192729
3.200915
3.209034
3.217273
3.225344
3.233617
3.241706
3.249948
3.258271
3.266271
3.274471
3.282683
3.290811
3.299035
3.307254
3.315364
3.323543
3.331662
3.339890
3.348042
3.356167
3.364278
3.372439
3.380636
3.388788
3.396919
3.405051
3.413191
3.421316
3.429469
3.437504
3.445704
3.453884
3.461970
3.469966
3.478230
3.486292
3.494312
3.502450
3.510512
3.518622
3.526712
3.534753
3.542842
3.550929
3.558946
3.566985
3.575089
3.583097
3.591112
3.599246
3.607099
3.615254
3.623242
3.631241
3.639253
3.647315
3.655257
3.663233
3.671202
3.679115
3.687073
3.695144
3.702961
3.710924
3.718897
3.726707
3.734647
3.742521
3.750448
3.758331
3.766232
3.774096
3.781907
3.789810
3.797672
3.805522
3.813392
3.821185
3.829011
3.836917
3.844638
3.852455
3.860281
3.868034
3.875842
3.883725
3.891326
3.899283
3.906968
3.914707
3.922419
3.930259
3.937992
3.945806
3.953473
3.961320
3.968918
3.976824
3.984347
3.992101
3.999948
4.007606
4.015354
4.023251
4.030825
4.038549
4.046303
4.054066
4.061750
4.069543
4.077174
4.084889
4.092661
4.100397
4.108118
4.115832
4.123559
4.131268
4.139010
4.146638
4.154409
4.162118
4.169866
4.177509
4.185257
4.192864
4.200630
4.208473
4.216119
4.223798
4.231495
4.239162
4.246916
4.254591
4.262235
4.269955
4.277697
4.285334
4.293082
4.300800
4.308392
4.316149
4.323840
4.331366
4.339269
4.346831
4.354402
4.362258
4.369799
4.377412
4.385046
4.392683
4.400299
4.407900
4.415699
4.423207
4.430843
4.438517
4.446084
4.453598
4.461340
4.468896
4.476491
4.484110
4.491661
4.499217
4.506740
4.514263
4.521972
4.529510
4.537021
4.544532
4.552085
4.559626
4.567146
4.574702
4.582141
4.589769
4.597182
4.604672
4.612294
4.619790
4.627172
4.634617
4.642239
4.649616
4.657073
4.664623
4.671945
4.679501
4.686983
4.694359
4.701792
4.709222
4.716673
4.724026
4.731492
4.738925
4.746280
4.753711
4.761105
4.768538
4.775953
4.783348
4.790760
4.798229
4.805557
4.813026
4.820457
4.827830
4.835272
4.842649
4.850034
4.857437
4.864882
4.872205
4.879671
4.887083
4.894408
4.901830
4.909230
4.916630
4.924012
4.931469
4.938711
4.946228
4.953547
4.960954
4.968360
4.975742
4.983017
4.990366
4.997706
5.005178
5.012438
5.019781
5.027125
5.034588
5.042006
5.049158
5.056546
5.063964
5.071254
5.078531
5.085896
5.093173
5.100486
5.107805
5.115098
5.122399
5.129728
5.136960
5.144256
5.151647
5.158844
5.166031
5.173500
5.180673
5.187944
5.195224
5.202379
5.209606
5.216871
5.224067
5.231288
5.238491
5.245693
5.252899
5.260158
5.267196
5.274470
5.281621
5.288791
5.295907
5.303154
5.310093
5.317344
5.324462
5.331524
5.338661
5.345726
5.352754
5.359837
5.366950
5.373969
5.380962
5.388102
5.395142
5.402084
5.409245
5.416220
5.423257
5.430265
5.437243
5.444218
5.451237
5.458188
5.465163
5.472138
5.479065
5.486040
5.493038
5.499989
5.506883
5.513834
5.520749
5.527586
5.534621
5.541425
5.548397
5.555366
5.562166
5.569144
5.576071
5.582854
5.589757
5.596693
5.603524
5.610382
5.617348
5.624161
5.631058
5.637859
5.644773
5.651536
5.658478
5.665291
5.672208
5.679021
5.685799
5.692672
5.699461
5.706256
5.713117
5.719891
5.726680
5.733541
5.740285
5.747197
5.753899
5.760664
5.767474
5.774332
5.781064
5.787799
5.794585
5.801335
5.808095
5.814800
5.821625
5.828333
5.835083
5.841836
5.848562
5.855307
5.862009
5.868801
5.875521
5.882247
5.888913
5.895679
5.902363
5.909133
5.915788
5.922445
5.929123
5.935832
5.942402
5.949071
5.955761
5.962479
5.969052
5.975772
5.982372
5.988966
5.995642
6.002158
6.008882
6.015431
6.021989
6.028563
6.035184
6.041679
6.048255
6.054910
6.061447
6.067952
6.074483
6.081152
6.087531
6.094077
6.100668
6.107119
6.113659
6.120143
6.126629
6.133128
6.139581
6.146113
6.152569
6.158981
6.165446
6.171879
6.178288
6.184807
6.191251
6.197672
6.204086
6.210591
6.216984
6.223324
6.229820
6.236186
6.242526
6.248950
6.255310
6.261664
6.268070
6.274410
6.280777
0.003952
0.010282
0.016640
0.023061
0.029406
0.035626
0.042044
0.048359
0.054798
0.061066
0.067342
0.073607
0.080079
0.086304
0.092650
0.099038
0.105344
0.111621
0.118015
0.124294
0.130589
0.136983
0.143176
0.149518
0.155843
0.162195
0.168417
0.174832
0.181052
0.187289
0.193599
0.199903
0.206210
0.212513
0.218778
0.224962
0.231358
0.237608
0.243924
0.250204
0.256414
0.262763
0.269022
0.275263
0.281515
0.287819
0.294099
0.300331
0.306613
0.312791
0.319056
0.325312
0.331475
0.337823
0.344091
0.350215
0.356459
0.362819
0.368952
0.375172
0.381404
0.387627
0.393787
0.400039
0.406220
0.412383
0.418702
0.424874
0.431025
0.437250
0.443398
0.449594
0.455802
0.461995
0.468122
0.474294
0.480445
0.486628
0.492860
0.498987
0.505063
0.511283
0.517392
0.523480
0.529676
0.535791
0.541906
0.547988
0.554028
0.560143
0.566416
0.572337
0.578494
0.584647
0.590654
0.596743
0.602821
0.608874
0.614941
0.620993
0.627006
0.633055
0.639191
0.645222
0.651241
0.657278
0.663303
0.669298
0.675437
0.681393
0.687373
0.693404
0.699405
0.705412
0.711420
0.717424
0.723323
0.729342
0.735301
0.741272
0.747294
0.753256
0.759219
0.765163
0.771089
0.777042
0.783025
0.789032
0.794887
0.800849
0.806748
0.812704
0.818624
0.824587
0.830480
0.836433
0.842377
0.848327
0.854289
0.860078
0.866046
0.871981
0.877925
0.883807
0.889721
0.895563
0.901603
0.907487
0.913321
0.919241
0.925161
0.931117
0.937005
0.942838
0.948698
0.954675
0.960596
0.966495
0.972361
0.978260
0.984133
0.990053
0.995952
1.001857
1.007738
1.013614
1.019570
1.025385
1.031326
1.037139
1.043053
1.049006
1.054813
1.060739
1.066566
1.072465
1.078341
1.084228
1.090055
1.095933
1.101842
1.107687
1.113565
1.119443
1.125331
1.131170
1.137105
1.142870
1.148724
1.154587
1.160421
1.166269
1.172183
1.177935
1.183826
1.189650
1.195495
1.201287
1.207141
1.213001
1.218802
1.224605
1.230453
1.236293
1.242120
1.247965
1.253727
1.259536
1.265363
1.271152
1.276892
1.282669
1.288553
1.294341
1.300112
1.305960
1.311739
1.317462
1.323247
1.329030
1.334788
1.340597
1.346350
1.352090
1.357897
1.363628
1.369347
1.375088
1.380876
1.386626
1.392318
1.398152
1.403820
1.409573
1.415262
1.421008
1.426743
1.432453
1.438140
1.443898
1.449603
1.455262
1.460982
1.466683
1.472358
1.478038
1.483731
1.489429
1.495122
1.500787
1.506450
1.512086
1.517736
1.523411
1.529127
1.534742
1.540347
1.546022
1.551669
1.557284
1.562923
1.568534
1.574173
1.579817
1.585459
1.591050
1.596712
1.602372
1.607974
1.613682
1.619177
1.624866
1.630520
1.636092
1.641680
1.647310
1.652894
1.658524
1.664189
1.669795
1.675398
1.681045
1.686606
1.692203
1.697844
1.703453
1.709052
1.714670
1.720291
1.725881
1.731562
1.737036
1.742701
1.748388
1.753861
1.759482
1.765073
1.770648
1.776281
1.781901
1.787414
1.793014
1.798646
1.804240
1.809819
1.815514
1.820940
1.826576
1.832133
1.837697
1.843198
1.848848
1.854388
1.860060
1.865539
1.871157
1.876700
1.882293
1.887719
1.893379
1.898924
1.904446
1.909992
1.915544
1.921065
1.926626
1.932181
1.937663
1.943239
1.948785
1.954288
1.959756
1.965317
1.970896
1.976349
1.981912
1.987425
1.992929
1.998495
2.003939
2.009425
2.014974
2.020415
2.025921
2.031407
2.036887
2.042427
2.047900
2.053359
2.058830
2.064340
2.069787
2.075242
2.080740
2.086199
2.091628
2.097087
2.102518
2.107950
2.113430
2.118817
2.124183
2.129654
2.135160
2.140449
2.146003
2.151264
2.156750
2.162140
2.167491
2.172869
2.178265
2.183628
2.189006
2.194404
2.199738
2.205103
2.210409
2.215793
2.221135
2.226498
2.231819
2.237158
2.242500
2.247791
2.253127
2.258457
2.263736
2.269066
2.274414
2.279636
2.284912
2.290245
2.295575
2.300744
2.306073
2.311335
2.316602
2.321848
2.327184
2.332433
2.337676
2.342940
2.348207
2.353477
2.358654
2.363885
2.369173
2.374362
2.379582
2.384819
2.390050
2.395278
2.400512
2.405686
2.410912
2.416142
2.421350
2.426569
2.431791
2.436983
2.442235
2.447442
2.452616
2.457758
2.462980
2.468163
2.473376
2.478541
2.483746
2.488878
2.494061
2.499214
2.504406
2.509596
2.514779
2.519923
2.525100
2.530247
2.535398
2.540611
2.545650
2.550803
2.556041
2.561164
2.566284
2.571527
2.576521
2.581771
2.586873
2.591981
2.597137
2.602240
2.607396
2.612531
2.617672
2.622769
2.627868
2.633021
2.638126
2.643214
2.648298
2.653397
2.658509
2.663596
2.668653
2.673770
2.678912
2.683903
2.689005
2.694111
2.699207
2.704279
2.709412
2.714409
2.719433
2.724527
2.729578
2.734623
2.739741
2.744759
2.749795
2.754889
2.759913
2.764845
2.769911
2.774896
2.780071
2.784975
2.790089
2.795015
2.800066
2.805034
2.810094
2.815079
2.820023
2.825035
2.830036
2.834979
2.839923
2.844956
2.849983
2.854909
2.859882
2.864844
2.869778
2.874758
2.879674
2.884618
2.889585
2.894484
2.899406
2.904380
2.909350
2.914249
2.919186
2.924037
2.928951
2.933933
2.938772
2.943694
2.948590
2.953485
2.958381
2.963243
2.968109
2.973001
2.977804
2.982799
2.987616
2.992434
2.997207
3.002093
3.007013
3.011831
3.016594
3.021565
3.026271
3.031209
3.035967
3.040847
3.045647
3.050474
3.055261
3.060058
3.064822
3.069613
3.074397
3.079206
3.083997
3.088784
3.093527
3.098285
3.103117
3.107857
3.112567
3.117361
3.122133
3.126879
3.131583
3.136353
3.141044
3.145745
3.150527
3.155246
3.159946
3.164692
3.169399
3.174109
3.178855
3.183564
3.188238
3.193023
3.197613
3.202362
3.207038
3.211718
3.216431
3.221180
3.225857
3.230597
3.235246
3.239851
3.244585
3.249250
3.253933
3.258651
3.263283
3.267978
3.272688
3.277248
3.281907
3.286635
3.291183
3.295911
3.300590
3.305171
3.309839
3.314498
3.319079
3.323750
3.328409
3.333014
3.337625
3.342230
3.346855
3.351469
3.356101
3.360694
3.365311
3.369877
3.374446
3.379108
3.383668
3.388309
3.392872
3.397504
3.402058
3.406585
3.411193
3.415762
3.420292
3.424864
3.429472
3.433972
3.438538
3.443050
3.447604
3.452188
3.456679
3.461233
3.465763
3.470290
3.474841
3.479323
3.483847
3.488374
3.492886
3.497353
3.501886
3.506371
3.510836
3.515309
3.519860
3.524246
3.528704
3.533165
3.537614
3.542111
3.546528
3.550932
3.555372
3.559875
3.564273
3.568650
3.573124
3.577543
3.581938
3.586312
3.590719
3.595106
3.599498
3.603854
3.608238
3.612579
3.616911
3.621372
3.625690
3.629989
3.634393
3.638749
3.643031
3.647360
3.651716
3.655982
3.660321
3.664599
3.668935
3.673180
3.677533
3.681737
3.686015
3.690296
3.694566
3.698808
3.703066
3.707344
3.711574
3.715844
3.720092
3.724293
3.728556
3.732738
3.736951
3.741181
3.745358
3.749585
3.753816
3.757986
3.762139
3.766351
3.770513
3.774668
3.778854
3.783003
3.787159
3.791317
3.795428
3.799623
3.803766
3.807832
3.811963
3.816041
3.820160
3.824334
3.828444
3.832495
3.836660
3.840761
3.844824
3.848860
3.852994
3.857081
3.861206
3.865230
3.869254
3.873382
3.877421
3.881436
3.885510
3.889552
3.893597
3.897614
3.901671
3.905641
3.909730
3.913736
3.917784
3.921724
3.925739
3.929768
3.933717
3.937711
3.941663
3.945635
3.949662
3.953596
3.957587
3.961571
3.965568
3.969526
3.973502
3.977406
3.981390
3.985384
3.989258
3.993290
3.997180
4.001074
4.005128
4.008981
4.012948
4.016828
4.020779
4.024683
4.028614
4.032551
4.036425
4.040370
4.044311
4.048151
4.052091
4.055971
4.059860
4.063734
4.067626
4.071487
4.075400
4.079247
4.083118
4.086971
4.090869
4.094701
4.098605
4.102443
4.106263
4.110143
4.114014
4.117827
4.121633
4.125492
4.129300
4.133087
4.136949
4.140748
4.144558
4.148381
4.152219
4.155982
4.159862
4.163586
4.167373
4.171199
4.174963
4.178752
4.182530
4.186345
4.190095
4.193901
4.197630
4.201412
4.205091
4.208875
4.212593
4.216377
4.220119
4.223768
4.227525
4.231228
4.234988
4.238698
4.242436
4.246107
4.249819
4.253528
4.257228
4.260940
4.264616
4.268308
4.272011
4.275675
4.279327
4.283033
4.286703
4.290389
4.294083
4.297687
4.301387
4.305066
4.308760
4.312379
4.316050
4.319642
4.323300
4.326943
4.330533
4.334167
4.337861
4.341444
4.345102
4.348740
4.352299
4.355969
4.359559
4.363157
4.366710
4.370356
4.373987
4.377544
4.381145
4.384677
4.388210
4.391799
4.395325
4.398930
4.402501
4.406057
4.409575
4.413161
4.416750
4.420252
4.423800
4.427320
4.430835
4.434373
4.437840
4.441315
4.444898
4.448344
4.451846
4.455337
4.458794
4.462287
4.465756
4.469193
4.472665
4.476132
4.479538
4.483077
4.486468
4.489860
4.493296
4.496745
4.500154
4.503543
4.506949
4.510380
4.513774
4.517181
4.520569
4.523886
4.527298
4.530687
4.534097
4.537434
4.540763
4.544118
4.547501
4.550788
4.554119
4.557466
4.560735
4.564090
4.567398
4.570724
4.574016
4.577294
4.580589
4.583909
4.587175
4.590446
4.593718
4.596966
4.600258
4.603536
4.606751
4.609981
4.613232
4.616464
4.619706
4.622966
4.626132
4.629368
4.632592
4.635759
4.638971
4.642231
4.645385
4.648591
4.651779
4.654910
4.658113
4.661279
4.664455
4.667607
4.670759
4.673892
4.677044
4.680226
4.683330
4.686458
4.689598
4.692717
4.695815
4.698949
4.702062
4.705168
4.708272
4.711355
4.714450
4.717575
4.720601
4.723699
4.726797
4.729823
4.732909
4.735986
4.739078
4.742119
4.745217
4.748198
4.751254
4.754346
4.757351
4.760401
4.763433
4.766459
4.769449
4.772523
4.775522
4.778536
4.781553
4.784609
4.787521
4.790589
4.793570
4.796596
4.799577
4.802547
4.805548
4.808524
4.811457
4.814441
4.817404
4.820325
4.823240
4.826239
4.829160
4.832084
4.835081
4.837945
4.840845
4.843796
4.846702
4.849578
4.852497
4.855436
4.858300
4.861185
4.864043
4.866935
4.869835
4.872651
4.875518
4.878388
4.881229
4.884078
4.886981
4.889773
4.892668
4.895442
4.898279
4.901093
4.903966
4.906752
4.909547
4.912367
4.915150
4.917918
4.920747
4.923515
4.926307
4.929109
4.931829
4.934639
4.937372
4.940155
4.942888
4.945731
4.948460
4.951172
4.953913
4.956622
4.959360
4.962095
4.964813
4.967548
4.970256
4.973022
4.975631
4.978382
4.981045
4.983772
4.986462
4.989138
4.991831
4.994483
4.997230
4.999866
5.002524
5.005155
5.007788
5.010448
5.013082
5.015749
5.018406
5.021046
5.023682
5.026325
5.028922
5.031529
5.034144
5.036796
5.039442
5.042036
5.044613
5.047240
5.049817
5.052370
5.054967
5.057538
5.060165
5.062733
5.065300
5.067841
5.070394
5.072976
5.075532
5.078094
5.080622
5.083154
5.085656
5.088217
5.090713
5.093224
5.095752
5.098242
5.100783
5.103263
5.105732
5.108195
5.110718
5.113225
5.115715
5.118175
5.120623
5.123067
5.125560
5.127990
5.130435
5.132876
5.135288
5.137703
5.140127
5.142530
5.144933
5.147375
5.149753
5.152162
5.154595
5.156977
5.159341
5.161747
5.164093
5.166453
5.168823
5.171187
5.173512
5.175849
5.178198
5.180499
5.182818
5.185119
5.187432
5.189721
5.192028
5.194332
5.196639
5.198936
5.201222
5.203485
5.205719
5.208026
5.210300
5.212544
5.214756
5.217041
5.219262
5.221500
5.223741
5.225946
5.228157
5.230380
5.232576
5.234755
5.236971
5.239156
5.241325
5.243506
5.245651
5.247802
5.249969
5.252108
5.254253
5.256389
5.258522
5.260634
5.262780
5.264877
5.267010
5.269119
5.271249
5.273329
5.275426
5.277508
5.279599
5.281700
5.283791
5.285852
5.287925
5.289984
5.292033
5.294118
5.296155
5.298184
5.300230
5.302232
5.304269
5.306315
5.308320
5.310303
5.312340
5.314315
5.316316
5.318317
5.320262
5.322236
5.324214
5.326158
5.328156
5.330098
5.332069
5.334023
5.335967
5.337876
5.339799
5.341743
5.343661
5.345591
5.347502
5.349360
5.351253
5.353177
5.355064
5.356915
5.358806
5.360682
5.362554
5.364424
5.366305
5.368160
5.370026
5.371845
5.373703
5.375533
5.377406
5.379179
5.381013
5.382807
5.384632
5.386430
5.388230
5.390055
5.391865
5.393590
5.395397
5.397173
5.398938
5.400709
5.402483
5.404220
5.405967
5.407722
5.409487
5.411207
5.412945
5.414649
5.416375
5.418080
5.419776
5.421528
5.423192
5.424935
5.426610
5.428288
5.429968
5.431673
5.433333
5.435017
5.436679
5.438306
5.439951
5.441626
5.443250
5.444871
5.446539
5.448143
5.449758
5.451378
5.453005
5.454566
5.456196
5.457802
5.459393
5.460980
5.462560
5.464115
5.465678
5.467246
5.468809
5.470352
5.471889
5.473417
5.474975
5.476500
5.478043
5.479616
5.481156
5.482642
5.484179
5.485665
5.487136
5.488646
5.490132
5.491597
5.493093
5.494548
5.496007
5.497511
5.498956
5.500400
5.501877
5.503312
5.504777
5.506203
5.507650
5.509058
5.510472
5.511878
5.513280
5.514679
5.516054
5.517438
5.518828
5.520198
5.521597
5.523011
5.524359
5.525758
5.527119
5.528497
5.529851
5.531217
5.532562
5.533926
5.535253
5.536565
5.537901
5.539202
5.540499
5.541769
5.543078
5.544370
5.545682
5.546910
5.548211
5.549502
5.550790
5.552073
5.553391
5.554634
5.555913
5.557163
5.558421
5.559665
5.560908
5.562140
5.563371
5.564605
5.565827
5.567014
5.568215
5.569447
5.570678
5.571892
5.573123
5.574367
5.575577
5.576787
5.577956
5.579127
5.580317
5.581491
5.582647
5.583795
5.584958
5.586093
5.587232
5.588367
5.589502
5.590638
5.591755
5.592897
5.594032
5.595165
5.596306
5.597457
5.598568
5.599707
5.600831
5.601924
5.603009
5.604096
5.605172
5.606220
5.607293
5.608368
5.609426
5.610487
5.611526
5.612560
5.613594
5.614639
5.615676
5.616713
5.617767
5.618819
5.619874
5.620922
5.621947
5.622959
5.623969
5.624970
5.625952
5.626914
5.627903
5.628868
5.629832
5.630782
5.631741
5.632658
5.633580
5.634542
5.635495
5.636412
5.637355
5.638281
5.639225
5.640181
5.641119
5.642038
5.642973
5.643890
5.644806
5.645697
5.646601
5.647497
5.648393
5.649268
5.650131
5.650976
5.651808
5.652650
5.653519
5.654346
5.655209
5.656060
5.656905
5.657734
5.658567
5.659349
5.660180
5.660985
5.661803
5.662576
5.663382
5.664203
5.665030
5.665851
5.666660
5.667469
5.668254
5.669030
5.669791
5.670549
5.671295
5.672038
5.672790
5.673521
5.674240
5.674944
5.675654
5.676349
5.677074
5.677730
5.678411
5.679088
5.679765
5.680442
5.681092
5.681754
5.682392
5.683057
5.683699
5.684313
5.684966
5.685598
5.686248
5.686913
5.687575
5.688231
5.688890
5.689547
5.690197
5.690841
5.691482
5.692123
5.692759
5.693370
5.693969
5.694541
5.695101
5.695677
5.696231
5.696758
5.697295
5.697837
5.698355
5.698867
5.699398
5.699901
5.700417
5.700932
5.701447
5.701953
5.702451
5.702948
5.703434
5.703931
5.704398
5.704839
5.705276
5.705729
5.706172
5.706603
5.707047
5.707502
5.707942
5.708380
5.708838
5.709288
5.709764
5.710244
5.710714
5.711172
5.711639
5.712098
5.712556
5.713024
5.713488
5.713923
5.714360
5.714812
5.715259
5.715666
5.716077
5.716466
5.716838
5.717200
5.717545
5.717872
5.718216
5.718543
5.718836
5.719115
5.719402
5.719690
5.719960
5.720226
5.720484
5.720733
5.720966
5.721227
5.721488
5.721730
5.721973
5.722201
5.722423
5.722644
5.722851
5.723040
5.723252
5.723465
5.723663
5.723848
5.724043
5.724238
5.724418
5.724580
5.724744
5.724894
5.725041
5.725200
5.725361
5.725500
5.725646
5.725775
5.725907
5.726030
5.726159
5.726264
5.726380
5.726494
5.726602
5.726683
5.726788
5.726892
5.726985
5.727063
5.727126
5.727168
5.727201
5.727246
5.727273
5.727288
5.727306
5.727321
5.727327
5.727330
5.727330
5.727330
5.727330
5.727330
5.727330
5.727330
5.727330
5.727330
5.727330
5.727330
5.727330
5.727330
5.727330
5.727330
5.727297
5.727249
5.727216
5.727183
5.727138
5.727102
5.727069
5.727025
5.726988
5.726953
5.726923
5.726871
5.726833
5.726794
5.726761
5.726734
5.726701
5.726653
5.726611
5.726590
5.726566
5.726527
5.726512
5.726506
5.726491
5.726473
5.726458
5.726434
5.726425
5.726419
5.726410
5.726389
5.726389
5.726386
5.726386
5.726386
5.726386
5.726386
5.726380
5.726380
5.726380
5.726380
5.726380
5.726380
5.726380
5.726380
5.726380
5.726380
5.726380
5.726380
5.726380
5.726380
5.726380
5.726380
5.726380
5.726380
5.726380
5.726380
5.726380
5.726380
5.726380
5.726380
5.726380
5.726380
5.726380
5.726380
5.726380
5.726380
5.726380
5.726380
5.726380
5.726380
5.726380
5.726380
5.726380
5.726380
5.726380
5.726380
5.726380
5.726380
5.726380
5.726380
5.726380
5.726380
5.726380
5.726380
5.726380
5.726380
5.726380
5.726380
5.726380
5.726380
5.726380
5.726380
5.726380
5.726380
5.726380
5.726380
5.726380
5.726380
5.726380
5.726380
5.726380
5.726380
5.726380
5.726380
5.726380
5.726380
5.726380
5.726380
5.726380
5.726380
5.726380
5.726380
5.726380
5.726380
5.726380
5.726380
5.726380
5.726380
5.726380
5.726380
5.726380
5.726380
5.726380
5.726380
5.726380
5.726380
5.726380
5.726380
5.726380
5.726380
5.726380
5.726380
5.726380
5.726380
5.726380
5.726380