1.084497
1.084497
1.084497
1.084497
1.084497
1.084497
1.084497
1.084497
1.084497
1.084734
1.085270
1.085989
1.086873
1.087949
1.089171
1.090544
1.092089
1.093824
1.095766
1.097992
1.100356
1.102878
1.105650
1.108640
1.111887
1.115285
1.118817
1.122586
1.126613
1.130790
1.135086
1.139703
1.144506
1.149467
1.154590
1.159893
1.165457
1.171272
1.177142
1.183236
1.189599
1.196149
1.202851
1.209721
1.216731
1.224216
1.231748
1.239394
1.247309
1.255581
1.263913
1.272416
1.281138
1.290210
1.299384
1.308803
1.318259
1.328083
1.338036
1.348040
1.358586
1.369141
1.379945
1.390832
1.402136
1.413291
1.425119
1.436687
1.448860
1.460916
1.473601
1.486023
1.498852
1.511921
1.525035
1.538487
1.552155
1.565934
1.579910
1.594195
1.608577
1.623221
1.638079
1.653071
1.668447
1.684038
1.699938
1.715671
1.732002
1.748364
1.764983
1.781931
1.798964
1.816314
1.833865
1.851713
1.869587
1.887872
1.906343
1.924828
1.943919
1.962941
1.982032
2.001578
2.021652
2.041183
2.061380
2.081223
2.101458
2.121621
2.141536
2.162020
2.182058
2.202233
2.222265
2.242548
2.262373
2.282647
2.302955
2.322803
2.342760
2.363337
2.383243
2.403463
2.423621
2.443640
2.463642
2.483913
2.503783
2.523968
2.544425
2.563875
2.584311
2.604304
2.624416
2.644727
2.664623
2.684754
2.704915
2.725132
2.745100
2.765129
2.785344
2.805381
2.825290
2.845463
2.865683
2.885652
2.905875
2.925631
2.945531
2.965511
2.985330
3.005296
3.024923
3.044745
3.064507
3.084527
3.104148
3.123556
3.143588
3.163005
3.182744
3.202742
3.222037
3.241889
3.261486
3.281146
3.300842
3.320664
3.340144
3.359921
3.379596
3.399080
3.419210
3.438631
3.458423
3.478256
3.497980
3.517733
3.537417
3.557325
3.576761
3.596589
3.616135
3.635843
3.655338
3.674999
3.694865
3.714148
3.733808
3.753256
3.772904
3.792288
3.811685
3.831147
3.850828
3.870105
3.889687
3.908778
3.928531
3.947679
3.967009
3.986666
4.005790
4.025369
4.044700
4.063950
4.083625
4.103000
4.122478
4.142042
4.161546
4.180886
4.200540
4.220017
4.239623
4.259217
4.278728
4.298355
4.318012
4.337711
4.357359
4.376947
4.396428
4.416172
4.435529
4.455381
4.474787
4.494501
4.513975
4.533501
4.553185
4.572794
4.592223
4.611808
4.631367
4.650811
4.670681
4.689847
4.709381
4.729146
4.748524
4.768041
4.787941
4.807205
4.826856
4.846642
4.866090
4.885977
4.905550
4.925271
4.944739
4.964936
4.984521
5.004292
5.024060
5.043777
5.063533
5.083580
5.103395
5.122930
5.142817
5.162654
5.182384
5.202319
5.222072
5.241675
5.261533
5.281250
5.300901
5.320531
5.340117
5.359792
5.379446
5.398851
5.418464
5.438163
5.457400
5.477097
5.496478
5.515767
5.535364
5.554745
5.574103
5.593388
5.613100
5.632400
5.651833
5.671537
5.690883
5.710207
5.729942
5.749174
5.768649
5.788285
5.807702
5.827111
5.846672
5.866096
5.885363
5.904933
5.924473
5.943717
5.963164
5.982306
6.001739
6.021003
6.040484
6.059455
6.078758
6.097918
6.116970
6.136528
6.155239
6.174830
6.193768
6.212491
6.231647
6.250741
6.269673
0.005456
0.024469
0.043338
0.062339
0.081412
0.100254
0.119216
0.138322
0.157419
0.176150
0.195148
0.214077
0.233090
0.252103
0.271005
0.290072
0.309154
0.328005
0.347003
0.366223
0.385008
0.404066
0.423085
0.441870
0.460934
0.479905
0.498676
0.517506
0.536699
0.555223
0.574056
0.592955
0.611753
0.630598
0.649308
0.668085
0.686741
0.705388
0.723991
0.743106
0.761660
0.780116
0.799018
0.817549
0.836035
0.855038
0.873668
0.892351
0.911271
0.929814
0.948722
0.967250
0.985963
1.005012
1.023764
1.042604
1.061449
1.080378
1.099331
1.118248
1.137300
1.155983
1.174891
1.193976
1.212696
1.231634
1.250500
1.269333
1.288232
1.307179
1.325962
1.344717
1.363742
1.382410
1.401205
1.420110
1.439162
1.457899
1.476903
1.495568
1.514372
1.533121
1.551801
1.570545
1.589420
1.608442
1.627197
1.646009
1.664690
1.683610
1.702581
1.721369
1.740295
1.759461
1.778240
1.797154
1.816338
1.835168
1.854496
1.873311
1.892264
1.911220
1.930377
1.949321
1.968457
1.987518
2.006495
2.025373
2.044611
2.063528
2.082547
2.101614
2.120471
2.139451
2.158596
2.177546
2.196169
2.215104
2.234072
2.252959
2.271727
2.290308
2.308962
2.327813
2.346856
2.365389
2.384384
2.402894
2.421637
2.440449
2.458992
2.477715
2.496506
2.515141
2.533995
2.552682
2.571467
2.590103
2.608936
2.627604
2.646357
2.665247
2.684005
2.702865
2.721348
2.740061
2.758784
2.777617
2.796234
2.814840
2.833676
2.852063
2.870629
2.889687
2.907721
2.926620
2.944922
2.963504
2.981996
3.000661
3.018868
3.037596
3.055792
3.074337
3.092433
3.111180
3.129030
3.147516
3.165861
3.184272
3.202284
3.220638
3.238979
3.257220
3.275516
3.293694
3.312311
3.330458
3.348806
3.367127
3.385523
3.403676
3.422110
3.440887
3.458563
3.477184
3.495496
3.513811
3.532033
3.550386
3.568567
3.586854
3.605277
3.623338
3.641512
3.659961
3.678118
3.696345
3.714750
3.732577
3.750685
3.768865
3.787003
3.805153
3.823013
3.841414
3.859364
3.877340
3.895329
3.913101
3.931164
3.949389
3.967237
3.985279
4.003178
4.021346
4.039454
4.057325
4.075625
4.093533
4.111796
4.129935
4.147818
4.165902
4.184113
4.202127
4.220397
4.238428
4.256793
4.274788
4.292941
4.311490
4.329481
4.347715
4.365928
4.384111
4.402303
4.420567
4.438693
4.456957
4.475122
4.493279
4.511327
4.529716
4.547690
4.565954
4.584227
4.601960
4.620599
4.638527
4.656521
4.674621
4.692837
4.710858
4.728735
4.747260
4.765150
4.783312
4.801588
4.819777
4.837948
4.856134
4.874419
4.892673
4.910902
4.929139
4.947600
4.966089
4.984122
5.002578
5.021034
5.039205
5.057511
5.076185
5.094410
5.112770
5.131046
5.149151
5.167649
5.186036
5.204272
5.222659
5.241019
5.259262
5.277421
5.295568
5.313730
5.332282
5.350303
5.368600
5.386531
5.404852
5.422799
5.440769
5.459255
5.476992
5.494998
5.513088
5.531211
5.549095
5.567182
5.584996
5.602940
5.621180
5.639147
5.657147
5.675285
5.693091
5.711433
5.729484
5.747236
5.765449
5.783269
5.801587
5.819120
5.837483
5.855393
5.873498
5.891421
5.909289
5.927251
5.945365
5.963224
5.981111
5.998791
6.016725
6.034881
6.052486
6.070432
6.088028
6.105840
6.123355
6.141196
6.159091
6.176684
6.194196
6.212023
6.229367
6.247241
6.264760
6.282197
0.016715
0.034332
0.051664
0.069254
0.086727
0.104478
0.121933
0.139529
0.157047
0.174577
0.192188
0.209763
0.227152
0.244889
0.262422
0.280035
0.297616
0.315125
0.332799
0.350179
0.367817
0.385365
0.403176
0.420473
0.437925
0.455389
0.473032
0.490613
0.508029
0.525469
0.542819
0.560496
0.577903
0.595382
0.612858
0.630095
0.647508
0.664981
0.682361
0.699567
0.716956
0.734127
0.751504
0.768680
0.786156
0.803348
0.820521
0.837835
0.855051
0.872610
0.889691
0.907251
0.924508
0.941771
0.959089
0.976379
0.993879
1.011376
1.028543
1.046046
1.063282
1.080890
1.098222
1.115692
1.133162
1.150566
1.168135
1.185447
1.202899
1.220456
1.237940
1.255404
1.272770
1.290231
1.307665
1.325015
1.342545
1.359988
1.377362
1.394754
1.412095
1.429655
1.446987
1.464373
1.481622
1.498918
1.516385
1.533660
1.550956
1.568310
1.585860
1.603130
1.620471
1.637962
1.655258
1.672446
1.690339
1.707488
1.724943
1.742464
1.759869
1.777536
1.795009
1.812536
1.830066
1.847644
1.865234
1.882806
1.900419
1.917931
1.935494
1.953105
1.970722
1.988231
2.005707
2.023216
2.040935
2.058560
2.075850
2.093710
2.111198
2.128398
2.145979
2.163395
2.180790
2.198293
2.215650
2.233012
2.250350
2.267745
2.285014
2.302361
2.319891
2.336801
2.354382
2.371588
2.388738
2.405860
2.423471
2.440557
2.457704
2.475063
2.492266
2.509530
2.526847
2.544140
2.561337
2.578799
2.595927
2.613241
2.630618
2.647738
2.664992
2.682279
2.699665
2.716854
2.734330
2.751461
2.768494
2.785799
2.802966
2.820227
2.837376
2.854505
2.871717
2.888959
2.905950
2.923168
2.940234
2.957281
2.974455
2.991158
3.008226
3.025187
3.042381
3.058988
3.076225
3.093164
3.109888
3.126813
3.143702
3.160492
3.177356
3.194236
3.210897
3.227741
3.244648
3.261438
3.278503
3.295284
3.312038
3.329080
3.345753
3.362603
3.379509
3.396542
3.413254
3.430140
3.447124
3.463941
3.480698
3.497791
3.514449
3.531419
3.548187
3.564974
3.581851
3.598818
3.615464
3.632482
3.649226
3.665822
3.682552
3.699368
3.716044
3.732750
3.749579
3.766327
3.782767
3.799572
3.815912
3.832855
3.849351
3.866081
3.882437
3.899133
3.915615
3.932159
3.948715
3.965214
3.981771
3.998375
4.014883
4.031308
4.048307
4.064732
4.081213
4.097949
4.114514
4.131082
4.147806
4.164428
4.181129
4.197718
4.214441
4.231147
4.247962
4.264808
4.281283
4.298343
4.314662
4.331683
4.348200
4.364867
4.381735
4.398531
4.415156
4.431883
4.448661
4.465178
4.481875
4.498779
4.515311
4.531868
4.548648
4.565567
4.581944
4.598599
4.615590
4.632092
4.648459
4.665111
4.681760
4.698634
4.714804
4.731414
4.748558
4.764787
4.781538
4.798190
4.814824
4.831596
4.848269
4.864963
4.881552
4.898492
4.915264
4.932027
4.948835
4.965642
4.982325
4.999177
5.015940
5.033030
5.049511
5.066556
5.083280
5.100151
5.116889
5.133770
5.150610
5.167331
5.184262
5.201019
5.217758
5.234494
5.251263
5.268002
5.284698
5.301411
5.318168
5.334715
5.351409
5.367962
5.384611
5.401311
5.417879
5.434319
5.451025
5.467449
5.483850
5.500304
5.516965
5.533362
5.549994
5.566373
5.582788
5.599470
5.615832
5.632277
5.648860
5.665345
5.681763
5.698391
5.714770
5.731180
5.747847
5.764238
5.780606
5.797018
5.813727
5.830163
5.846432
5.862973
5.879500
5.896149
5.912298
5.928680
5.945071
5.961748
5.977761
5.994479
6.010724
6.026968
6.043429
6.059698
6.075807
6.092330
6.108189
6.124559
6.140993
6.156913
6.173362
6.189199
6.205399
6.221565
6.237819
6.253719
6.269928
0.002753
0.018953
0.034874
0.050828
0.066944
0.083153
0.098978
0.114968
0.131071
0.147163
0.163186
0.179317
0.195166
0.211141
0.227416
0.243415
0.259674
0.275709
0.291459
0.307563
0.323814
0.339924
0.355752
0.372266
0.387842
0.404168
0.420098
0.436226
0.451979
0.468361
0.484318
0.500105
0.516217
0.532130
0.548009
0.563912
0.579659
0.595925
0.611780
0.627485
0.643451
0.659240
0.675233
0.690918
0.706851
0.722619
0.738288
0.754140
0.769789
0.785686
0.801406
0.817046
0.832835
0.848792
0.864377
0.880181
0.896096
0.911907
0.927780
0.943452
0.959130
0.975132
0.990889
1.006699
1.022686
1.038679
1.054255
1.070212
1.086163
1.102039
1.117898
1.133777
1.149749
1.165700
1.181504
1.197566
1.213178
1.229528
1.245128
1.261067
1.277033
1.292891
1.308851
1.324751
1.340774
1.356575
1.372451
1.388211
1.404084
1.419918
1.435635
1.451472
1.467387
1.483195
1.499128
1.514908
1.530610
1.546396
1.562294
1.578026
1.593710
1.609694
1.625510
1.641267
1.657161
1.672917
1.688910
1.704885
1.720578
1.736619
1.752471
1.768344
1.784259
1.800351
1.816164
1.832241
1.848171
1.864104
1.880226
1.896177
1.912056
1.928040
1.944255
1.960104
1.976091
1.992111
2.008029
2.024130
2.040048
2.055996
2.071911
2.088068
2.103783
2.119740
2.135709
2.151513
2.167686
2.183361
2.199135
2.215068
2.230735
2.246527
2.262448
2.278345
2.293942
2.309872
2.325389
2.341310
2.356952
2.372652
2.388288
2.404047
2.419717
2.435386
2.451029
2.466977
2.482448
2.498183
2.514078
2.529615
2.545380
2.561086
2.576740
2.592443
2.608235
2.623910
2.639657
2.655408
2.671371
2.686818
2.702595
2.718085
2.733823
2.749879
2.765204
2.780870
2.796741
2.812086
2.827956
2.843593
2.859175
2.874656
2.890304
2.905812
2.921517
2.937217
2.952398
2.967947
2.983524
2.998920
3.014323
3.029816
3.045224
3.060603
3.076105
3.091313
3.106725
3.122109
3.137344
3.152690
3.168099
3.183304
3.198578
3.213962
3.229239
3.244513
3.259730
3.275010
3.290554
3.305819
3.321092
3.336438
3.351718
3.367094
3.382589
3.397690
3.413218
3.428378
3.443697
3.459255
3.474353
3.489884
3.505272
3.520288
3.535808
3.550794
3.566437
3.581548
3.596595
3.612219
3.627295
3.642491
3.657570
3.672967
3.688199
3.703281
3.718651
3.733452
3.748878
3.763769
3.778992
3.794224
3.809339
3.824385
3.839350
3.854606
3.869553
3.884501
3.899559
3.914383
3.929385
3.944593
3.959447
3.974451
3.989537
4.004487
4.019494
4.034591
4.049553
4.064456
4.079604
4.094548
4.109543
4.124773
4.139759
4.154847
4.170028
4.185170
4.200021
4.215178
4.230399
4.245669
4.260683
4.275711
4.290826
4.306064
4.321272
4.336336
4.351547
4.366515
4.381666
4.396898
4.411926
4.427065
4.442292
4.457376
4.472408
4.487655
4.502572
4.517870
4.532829
4.547837
4.562937
4.578106
4.593062
4.608246
4.623071
4.638057
4.653316
4.668287
4.683201
4.698356
4.713297
4.728391
4.743239
4.758519
4.773344
4.788474
4.803511
4.818635
4.833726
4.848647
4.863783
4.879072
4.894196
4.909023
4.924183
4.939604
4.954605
4.969876
4.984964
5.000082
5.015245
5.030373
5.045790
5.060830
5.076182
5.091099
5.106415
5.121662
5.136867
5.151796
5.167307
5.182249
5.197465
5.212674
5.227798
5.242964
5.257893
5.273032
5.288186
5.303175
5.318222
5.333466
5.348287
5.363513
5.378376
5.393288
5.408085
5.423218
5.438091
5.453002
5.467937
5.482837
5.497622
5.512764
5.527439
5.542192
5.557214
5.571942
5.586800
5.601699
5.616578
5.631366
5.646386
5.661126
5.676004
5.690841
5.705764
5.720574
5.735353
5.750208
5.765119
5.780004
5.794705
5.809752
5.824552
5.839218
5.854114
5.868942
5.883676
5.898519
5.913517
5.928066
5.942755
5.957610
5.972497
5.986926
6.001948
6.016674
6.031148
6.046032
6.060524
6.075304
6.089925
6.104479
6.119082
6.133733
6.148225
6.162801
6.177424
6.191751
6.206085
6.220747
6.235353
6.249644
6.264247
6.278580
0.009758
0.024334
0.038655
0.053102
0.067540
0.081795
0.096188
0.110755
0.125055
0.139559
0.154006
0.168276
0.182930
0.197084
0.211620
0.225984
0.240475
0.254955
0.269369
0.283819
0.298132
0.312561
0.326933
0.341266
0.355848
0.370295
0.384763
0.398982
0.413468
0.427822
0.442230
0.456707
0.470854
0.485313
0.499814
0.513916
0.528202
0.542586
0.557006
0.571156
0.585507
0.599730
0.613946
0.628195
0.642238
0.656583
0.670838
0.684857
0.699157
0.713361
0.727613
0.741509
0.755824
0.769789
0.784005
0.798083
0.812291
0.826417
0.840627
0.854739
0.868841
0.883019
0.897097
0.911301
0.925593
0.939566
0.953747
0.967984
0.982170
0.996338
1.010603
1.024732
1.038936
1.053156
1.067435
1.081651
1.095987
1.110177
1.124363
1.138681
1.152930
1.167186
1.181420
1.195735
1.209852
1.224078
1.238615
1.252648
1.266921
1.281117
1.295270
1.309729
1.323816
1.338054
1.352297
1.366534
1.380759
1.394943
1.409048
1.423298
1.437535
1.451667
1.465877
1.480004
1.494151
1.508397
1.522512
1.536551
1.550723
1.565023
1.578994
1.593132
1.607453
1.621573
1.635697
1.650102
1.664147
1.678253
1.692496
1.706715
1.720821
1.735088
1.749262
1.763667
1.777923
1.792028
1.806283
1.820545
1.835010
1.849184
1.863550
1.877748
1.891941
1.906609
1.920631
1.934865
1.949468
1.963531
1.977960
1.992353
2.006462
2.020750
2.034954
2.049305
2.063555
2.077759
2.091939
2.106194
2.120710
2.134789
2.148924
2.163108
2.177366
2.191564
2.205807
2.219808
2.233925
2.248244
2.262124
2.276173
2.290362
2.304342
2.318408
2.332346
2.346352
2.360730
2.374641
2.388495
2.402519
2.416556
2.430521
2.444539
2.458432
2.472597
2.486532
2.500463
2.514422
2.528579
2.542690
2.556499
2.570562
2.584632
2.598588
2.612714
2.626654
2.640670
2.654632
2.668662
2.682627
2.696783
2.710730
2.724586
2.738470
2.752600
2.766525
2.780490
2.794628
2.808365
2.822375
2.836226
2.850352
2.863993
2.878206
2.891901
2.905662
2.919564
2.933445
2.947194
2.961140
2.974856
2.988689
3.002504
3.016064
3.030037
3.043688
3.057251
3.071008
3.084718
3.098425
3.111992
3.125788
3.139388
3.152969
3.166643
3.180236
3.193694
3.207398
3.221033
3.234548
3.248261
3.261920
3.275522
3.289319
3.302598
3.316437
3.329871
3.343659
3.357267
3.370842
3.384609
3.398091
3.411822
3.425313
3.438837
3.452544
3.466197
3.479836
3.493459
3.506956
3.520702
3.534196
3.547870
3.561409
3.575236
3.588607
3.602260
3.615674
3.629249
3.642782
3.656363
3.669770
3.683363
3.696726
3.710322
3.723951
3.737134
3.750586
3.764164
3.777592
3.790874
3.804401
3.817545
3.831150
3.844396
3.857704
3.871058
3.884444
3.897791
3.911004
3.924345
3.937594
3.951088
3.964211
3.977648
3.990912
4.004166
4.017328
4.030831
4.044110
4.057260
4.070784
4.083993
4.097260
4.110607
4.124239
4.137404
4.150745
4.164255
4.177419
4.191036
4.204252
4.217806
4.231100
4.244396
4.257872
4.271327
4.284798
4.297924
4.311334
4.324837
4.338100
4.351780
4.365065
4.378422
4.391823
4.405326
4.418563
4.431940
4.445380
4.458674
4.472117
4.485560
4.498866
4.511947
4.525588
4.538755
4.552046
4.565570
4.578711
4.592025
4.605373
4.618595
4.631864
4.645119
4.658454
4.671568
4.684927
4.698164
4.711283
4.724823
4.737867
4.751086
4.764380
4.777739
4.790952
4.804281
4.817449
4.830742
4.844173
4.857521
4.870739
4.884237
4.897300
4.910953
4.924231
4.937477
4.950956
4.964208
4.977546
4.990908
5.004211
5.017624
5.031139
5.044340
5.057864
5.071152
5.084625
5.097921
5.111239
5.124820
5.138144
5.151311
5.164710
5.178021
5.191318
5.204908
5.217956
5.231267
5.244695
5.257827
5.271091
5.284477
5.297617
5.310857
5.324202
5.337291
5.350468
5.363747
5.377121
5.390133
5.403300
5.416316
5.429345
5.442498
5.455747
5.468759
5.481773
5.494752
5.507908
5.521117
5.533818
5.547096
5.560123
5.573105
5.586153
5.599290
5.612201
5.625221
5.638329
5.651320
5.664308
5.677299
5.690373
5.703490
5.716313
5.729433
5.742424
5.755487
5.768364
5.781484
5.794418
5.807582
5.820436
5.833801
5.846351
5.859591
5.872327
5.885390
5.898246
5.911255
5.924144
5.937207
5.949973
5.963068
5.975868
5.988936
6.001727
6.014502
6.027406
6.040307
6.053055
6.065902
6.078639
6.091650
6.104312
6.117009
6.129772
6.142628
6.155272
6.167930
6.180753
6.193343
6.206097
6.218698
6.231437
6.243850
6.256823
6.269284
6.281672
0.011145
0.023795
0.036459
0.049102
0.061662
0.074167
0.087002
0.099481
0.111900
0.124669
0.137186
0.149710
0.162605
0.174724
0.187742
0.199945
0.212699
0.225091
0.237875
0.250422
0.262964
0.275562
0.288080
0.300999
0.313223
0.325857
0.338521
0.351075
0.363715
0.376272
0.388885
0.401409
0.413833
0.426492
0.438907
0.451425
0.463993
0.476538
0.488923
0.501615
0.513836
0.526398
0.539149
0.551355
0.563996
0.576330
0.588698
0.601096
0.613622
0.625915
0.638334
0.650639
0.663069
0.675326
0.687909
0.700151
0.712483
0.724854
0.737216
0.749523
0.761906
0.774028
0.786357
0.798527
0.811008
0.823169
0.835510
0.847758
0.859982
0.872574
0.884672
0.897001
0.909333
0.921491
0.934194
0.946289
0.958672
0.970824
0.983351
0.995643
1.007864
1.020385
1.032741
1.044911
1.057434
1.069754
1.082167
1.094537
1.106938
1.119312
1.131670
1.143978
1.156382
1.168797
1.181015
1.193401
1.205928
1.218352
1.230714
1.243067
1.255360
1.267913
1.280080
1.292334
1.304926
1.317189
1.329617
1.341745
1.354427
1.366501
1.378899
1.391228
1.403569
1.415756
1.428229
1.440339
1.452557
1.465107
1.477206
1.489477
1.501881
1.514120
1.526317
1.538670
1.550738
1.563222
1.575419
1.587598
1.599951
1.612220
1.624462
1.636796
1.648993
1.661460
1.673441
1.685890
1.698168
1.710467
1.722825
1.735079
1.747522
1.759812
1.772197
1.784457
1.796933
1.809204
1.821722
1.833880
1.846341
1.858708
1.871046
1.883387
1.895812
1.908179
1.920658
1.933049
1.945297
1.957704
1.970012
1.982535
1.994816
2.007250
2.019612
2.031874
2.044341
2.056541
2.068873
2.081145
2.093413
2.105970
2.118269
2.130427
2.142743
2.155270
2.167263
2.179679
2.191903
2.204037
2.216285
2.228619
2.240732
2.252968
2.265147
2.277246
2.289508
2.301741
2.313770
2.325830
2.338116
2.350068
2.362181
2.374429
2.386383
2.398460
2.410609
2.422695
2.434745
2.446861
2.459013
2.470919
2.483380
2.495283
2.507345
2.519495
2.531527
2.543613
2.555834
2.567764
2.579841
2.592017
2.604064
2.616153
2.628362
2.640424
2.652510
2.664641
2.676656
2.688679
2.700816
2.712797
2.724853
2.736981
2.749058
2.760953
2.773069
2.784966
2.797109
2.809054
2.821194
2.833122
2.845277
2.857174
2.869062
2.881136
2.893013
2.905039
2.917023
2.928822
2.940590
2.952542
2.964427
2.976378
2.988257
3.000275
3.011938
3.023830
3.035604
3.047412
3.059381
3.071065
3.082861
3.094668
3.106287
3.118014
3.129830
3.141512
3.153271
3.165067
3.176772
3.188286
3.200171
3.211814
3.223649
3.235366
3.246928
3.258643
3.270345
3.282108
3.293882
3.305573
3.317242
3.328984
3.340866
3.352416
3.364218
3.375797
3.387524
3.399325
3.411079
3.422704
3.434436
3.446163
3.457859
3.469550
3.481246
3.492949
3.504451
3.516243
3.527865
3.539526
3.551168
3.562835
3.574415
3.586183
3.597820
3.609463
3.621192
3.632691
3.644154
3.655980
3.667445
3.678974
3.690599
3.702203
3.713633
3.725419
3.736678
3.748129
3.759904
3.771274
3.782860
3.794385
3.805749
3.817122
3.828759
3.840048
3.851601
3.862971
3.874347
3.885633
3.897174
3.908544
3.919923
3.931413
3.942582
3.954012
3.965436
3.976917
3.988119
3.999675
4.010994
4.022289
4.033776
4.045068
4.056438
4.067817
4.079217
4.090641
4.102089
4.113540
4.124731
4.136346
4.147671
4.159032
4.170486
4.181955
4.193367
4.204863
4.216146
4.227594
4.239093
4.250373
4.261797
4.273161
4.284621
4.296072
4.307544
4.318914
4.330497
4.341747
4.353291
4.364592
4.376025
4.387475
4.398816
4.410264
4.421592
4.433004
4.444464
4.455756
4.467048
4.478652
4.489875
4.501221
4.512621
4.524024
4.535370
4.546644
4.558038
4.569234
4.580535
4.592020
4.603138
4.614487
4.625731
4.637095
4.648411
4.659463
4.670894
4.682201
4.693445
4.704770
4.715873
4.727271
4.738422
4.749708
4.760874
4.772112
4.783492
4.794622
4.805977
4.817263
4.828319
4.839658
4.850981
4.862222
4.873697
4.884908
4.896161
4.907513
4.918868
4.930166
4.941429
4.952777
4.964108
4.975440
4.986738
4.997970
5.009400
5.020707
5.031942
5.043178
5.054688
5.065849
5.077237
5.088493
5.099854
5.111116
5.122384
5.133700
5.144938
5.156339
5.167526
5.178962
5.189951
5.201184
5.212619
5.223699
5.235111
5.246226
5.257497
5.268763
5.279779
5.291191
5.302282
5.313392
5.324651
5.335649
5.346927
5.357949
5.369008
5.380075
5.391191
5.402240
5.413322
5.424417
5.435397
5.446462
5.457451
5.468432
5.479403
5.490468
5.501391
5.512345
5.523349
5.534294
5.545263
5.556258
5.567182
5.578129
5.589119
5.600037
5.611059
5.621908
5.632993
5.643794
5.654763
5.665767
5.676718
5.687740
5.698706
5.709437
5.720640
5.731354
5.742301
5.753378
5.764271
5.775090
5.786038
5.796875
5.807789
5.818689
5.829525
5.840467
5.851328
5.862221
5.873142
5.884036
5.894876
5.905667
5.916756
5.927344
5.938222
5.949011
5.959836
5.970855
5.981438
5.992259
6.003165
6.013819
6.024620
6.035420
6.046089
6.056798
6.067547
6.078309
6.088906
6.099683
6.110313
6.120862
6.131669
6.142338
6.152896
6.163568
6.174084
6.184666
6.195461
6.205950
6.216574
6.227207
6.237717
6.248182
6.258689
6.269329
6.279848
0.007149
0.017680
0.028133
0.038673
0.049027
0.059628
0.070207
0.080651
0.091113
0.101770
0.112211
0.122656
0.133190
0.143652
0.154132
0.164711
0.175218
0.185645
0.196206
0.206536
0.217127
0.227754
0.238151
0.248571
0.259156
0.269483
0.280068
0.290581
0.300987
0.311551
0.322097
0.332481
0.342878
0.353454
0.363877
0.374258
0.384784
0.395198
0.405633
0.416110
0.426656
0.436975
0.447458
0.457854
0.468218
0.478773
0.489007
0.499407
0.509848
0.520238
0.530545
0.541025
0.551223
0.561674
0.571983
0.582230
0.592749
0.602989
0.613263
0.623497
0.633974
0.644215
0.654489
0.664729
0.675023
0.685318
0.695540
0.705799
0.716012
0.726268
0.736589
0.746584
0.757073
0.767017
0.777405
0.787618
0.797718
0.807827
0.818304
0.828236
0.838596
0.848816
0.858894
0.869171
0.879360
0.889517
0.899716
0.910154
0.920035
0.930437
0.940702
0.950885
0.960919
0.971324
0.981469
0.991671
1.001974
1.012113
1.022320
1.032618
1.042843
1.053123
1.063444
1.073625
1.083832
1.094151
1.104328
1.114587
1.124875
1.135089
1.145320
1.155639
1.165819
1.176120
1.186327
1.196553
1.206769
1.217040
1.227197
1.237461
1.247744
1.257909
1.268210
1.278396
1.288577
1.298841
1.309025
1.319295
1.329305
1.339788
1.349777
1.360084
1.370142
1.380553
1.390572
1.400824
1.410945
1.421110
1.431297
1.441433
1.451598
1.461755
1.471753
1.481975
1.492147
1.502306
1.512301
1.522551
1.532441
1.542741
1.552787
1.562863
1.572906
1.582981
1.593060
1.603250
1.613451
1.623395
1.633498
1.643726
1.653805
1.663812
1.674028
1.684188
1.694204
1.704373
1.714544
1.724641
1.734851
1.744873
1.755090
1.765324
1.775343
1.785491
1.795782
1.805852
1.815982
1.826150
1.836355
1.846511
1.856710
1.866798
1.876972
1.887129
1.897232
1.907451
1.917626
1.927743
1.937873
1.948129
1.958264
1.968463
1.978461
1.988773
1.998891
2.009032
2.019162
2.029241
2.039428
2.049545
2.059708
2.069747
2.079856
2.089887
2.100011
2.110146
2.120297
2.130325
2.140290
2.150482
2.160570
2.170430
2.180500
2.190617
2.200475
2.210658
2.220599
2.230480
2.240388
2.250619
2.260483
2.270465
2.280391
2.290317
2.300264
2.310211
2.320170
2.330087
2.340076
2.349858
2.359802
2.369674
2.379582
2.389487
2.399269
2.409315
2.419046
2.429056
2.438820
2.448752
2.458750
2.468508
2.478281
2.488219
2.498037
2.507972
2.517904
2.527782
2.537660
2.547637
2.557389
2.567273
2.577196
2.587038
2.596796
2.606764
2.616615
2.626463
2.636362
2.646132
2.656100
2.665891
2.675826
2.685635
2.695525
2.705343
2.715188
2.724982
2.734818
2.744624
2.754535
2.764206
2.774078
2.783885
2.793670
2.803581
2.813270
2.823082
2.832813
2.842637
2.852554
2.862067
2.871777
2.881556
2.891401
2.901069
2.910878
2.920496
2.930227
2.939916
2.949617
2.959271
2.968909
2.978610
2.988261
2.997905
3.007621
3.017143
3.026739
3.036410
3.046031
3.055552
3.065259
3.074724
3.084296
3.093878
3.103411
3.112962
3.122514
3.132014
3.141620
3.151162
3.160540
3.170178
3.179541
3.189170
3.198533
3.208252
3.217654
3.227178
3.236624
3.246101
3.255661
3.265225
3.274642
3.284112
3.293616
3.303035
3.312512
3.322042
3.331519
3.341052
3.350511
3.359975
3.369503
3.379051
3.388303
3.398049
3.407496
3.416837
3.426386
3.435883
3.445249
3.454693
3.464253
3.473532
3.483050
3.492464
3.501952
3.511378
3.520833
3.530220
3.539688
3.549104
3.558497
3.567904
3.577375
3.586807
3.596014
3.605442
3.614685
3.624224
3.633491
3.642815
3.652214
3.661627
3.670831
3.680128
3.689445
3.698673
3.708036
3.717282
3.726555
3.735827
3.745106
3.754247
3.763607
3.772922
3.782102
3.791308
3.800494
3.809671
3.818890
3.828064
3.837208
3.846304
3.855574
3.864700
3.873892
3.883012
3.892159
3.901335
3.910438
3.919492
3.928654
3.937809
3.946861
3.955954
3.965107
3.974245
3.983278
3.992494
4.001470
4.010632
4.019755
4.028890
4.037923
4.047144
4.056178
4.065238
4.074298
4.083538
4.092535
4.101730
4.110844
4.119898
4.129111
4.138168
4.147195
4.156306
4.165375
4.174627
4.183798
4.192876
4.201942
4.211128
4.220230
4.229185
4.238491
4.247395
4.256662
4.265719
4.274896
4.283968
4.293070
4.302076
4.311238
4.320385
4.329271
4.338544
4.347604
4.356709
4.365691
4.374856
4.383907
4.392857
4.402040
4.411064
4.420112
4.429202
4.438211
4.447277
4.456349
4.465412
4.474379
4.483490
4.492443
4.501503
4.510389
4.519488
4.528365
4.537566
4.546332
4.555465
4.564372
4.573306
4.582243
4.591214
4.600067
4.609196
4.618031
4.626926
4.635771
4.644906
4.653699
4.662603
4.671559
4.680484
4.689298
4.698233
4.707176
4.715877
4.724864
4.733703
4.742649
4.751563
4.760233
4.769269
4.778113
4.786958
4.795811
4.804733
4.813659
4.822512
4.831353
4.840225
4.849108
4.857997
4.866791
4.875797
4.884677
4.893528
4.902444
4.911333
4.920321
4.929034
4.938100
4.946854
4.955777
4.964714
4.973531
4.982283
4.991325
5.000013
5.008945
5.017840
5.026711
5.035532
5.044487
5.053259
5.062107
5.070999
5.079819
5.088666
5.097616
5.106418
5.115194
5.124131
5.132846
5.141700
5.150523
5.159197
5.168053
5.177000
5.185586
5.194448
5.203230
5.211976
5.220709
5.229496
5.238209
5.246957
5.255721
5.264400
5.273119
5.281864
5.290505
5.299232
5.307861
5.316669
5.325178
5.333843
5.342525
5.351124
5.359789
5.368346
5.376914
5.385681
5.394235
5.402914
5.411453
5.419977
5.428521
5.437078
5.445704
5.454108
5.462751
5.471035
5.479721
5.488092
5.496595
5.504992
5.513702
5.522079
5.530495
5.538932
5.547432
5.555955
5.564356
5.572782
5.581305
5.589874
5.598140
5.606655
5.615134
5.623559
5.631975
5.640393
5.648746
5.657336
5.665683
5.674141
5.682599
5.691075
5.699419
5.707781
5.716197
5.724576
5.733014
5.741364
5.749794
5.758030
5.766593
5.774878
5.783296
5.791760
5.799963
5.808376
5.816672
5.825127
5.833373
5.841755
5.850102
5.858440
5.866790
5.875095
5.883421
5.891775
5.899972
5.908346
5.916660
5.924824
5.933231
5.941503
5.949748
5.958008
5.966364
5.974439
5.982702
5.990941
5.999186
6.007395
6.015578
6.023802
6.032092
6.040193
6.048594
6.056602
6.064785
6.073111
6.081224
6.089355
6.097487
6.105597
6.113803
6.121875
6.130108
6.138038
6.146125
6.154181
6.162273
6.170324
6.178416
6.186446
6.194472
6.202496
6.210513
6.218602
6.226506
6.234631
6.242586
6.250624
6.258507
6.266638
6.274599
6.282466
0.007295
0.015250
0.023180
0.031183
0.039161
0.046969
0.055005
0.062980
0.070929
0.078835
0.086859
0.094768
0.102645
0.110596
0.118560
0.126476
0.134418
0.142334
0.150270
0.158234
0.166092
0.174002
0.181939
0.189818
0.197722
0.205724
0.213619
0.221510
0.229456
0.237321
0.245251
0.253122
0.261016
0.268911
0.276866
0.284682
0.292547
0.300510
0.308324
0.316219
0.324152
0.331993
0.339837
0.347752
0.355650
0.363508
0.371415
0.379262
0.386935
0.394925
0.402727
0.410514
0.418366
0.426162
0.433994
0.441822
0.449690
0.457447
0.465264
0.473065
0.480876
0.488702
0.496491
0.504170
0.511978
0.519843
0.527468
0.535281
0.543182
0.550873
0.558630
0.566252
0.574038
0.581789
0.589441
0.597165
0.604928
0.612583
0.620309
0.628045
0.635760
0.643445
0.651115
0.658698
0.666500
0.674074
0.681816
0.689452
0.697101
0.704708
0.712342
0.719991
0.727586
0.735346
0.742929
0.750377
0.758131
0.765705
0.773300
0.780865
0.788553
0.796112
0.803632
0.811254
0.818861
0.826447
0.834027
0.841598
0.849184
0.856899
0.864392
0.871969
0.879597
0.887024
0.894730
0.902322
0.909857
0.917407
0.925074
0.932549
0.940129
0.947766
0.955284
0.962888
0.970524
0.978108
0.985726
0.993244
1.000776
1.008419
1.015957
1.023504
1.031075
1.038694
1.046232
1.053869
1.061464
1.068882
1.076600
1.084129
1.091664
1.099337
1.106839
1.114362
1.121981
1.129645
1.137072
1.144646
1.152238
1.159899
1.167356
1.174903
1.182340
1.190031
1.197548
1.205056
1.212648
1.220156
1.227718
1.235160
1.242857
1.250284
1.257807
1.265301
1.272958
1.280395
1.287861
1.295411
1.302913
1.310466
1.317866
1.325431
1.332888
1.340343
1.347950
1.355422
1.362873
1.370345
1.377832
1.385296
1.392684
1.400159
1.407697
1.415139
1.422584
1.429910
1.437400
1.444872
1.452290
1.459810
1.467124
1.474638
1.482017
1.489459
1.496818
1.504218
1.511690
1.518991
1.526563
1.533852
1.541213
1.548587
1.555984
1.563354
1.570787
1.578185
1.585477
1.592976
1.600346
1.607633
1.615039
1.622445
1.629768
1.637138
1.644613
1.651897
1.659255
1.666685
1.674097
1.681447
1.688823
1.696220
1.703620
1.711099
1.718352
1.725821
1.733144
1.740544
1.747914
1.755371
1.762664
1.770070
1.777425
1.784811
1.792250
1.799638
1.806957
1.814388
1.821776
1.829167
1.836505
1.844013
1.851281
1.858675
1.866157
1.873512
1.880885
1.888273
1.895647
1.903056
1.910348
1.917698
1.925071
1.932543
1.939776
1.947125
1.954582
1.961872
1.969230
1.976639
1.983857
1.991221
1.998642
2.006090
2.013206
2.020702
2.027956
2.035290
2.042651
2.049992
2.057311
2.064657
2.071905
2.079176
2.086567
2.093830
2.101053
2.108427
2.115626
2.122963
2.130277
2.137381
2.144787
2.151911
2.159258
2.166484
2.173756
2.180982
2.188215
2.195417
2.202707
2.209852
2.217031
2.224323
2.231436
2.238617
2.245769
2.252953
2.260123
2.267302
2.274429
2.281617
2.288708
2.295950
2.303009
2.310163
2.317318
2.324412
2.331546
2.338641
2.345702
2.352779
2.359978
2.367025
2.374093
2.381164
2.388243
2.395323
2.402427
2.409458
2.416610
2.423693
2.430736
2.437810
2.444911
2.451919
2.458959
2.466066
2.473080
2.480279
2.487182
2.494214
2.501293
2.508430
2.515420
2.522452
2.529510
2.536578
2.543529
2.550674
2.557742
2.564723
2.571779
2.578799
2.585845
2.592934
2.599954
2.606905
2.613957
2.620992
2.628030
2.635020
2.641961
2.648927
2.656046
2.663105
2.669954
2.676982
2.683996
2.691031
2.698030
2.705079
2.712018
2.718954
2.725983
2.732931
2.739878
2.746874
2.753780
2.760743
2.767697
2.774702
2.781631
2.788597
2.795515
2.802544
2.809450
2.816425
2.823292
2.830225
2.837145
2.844048
2.850885
2.857806
2.864691
2.871609
2.878500
2.885406
2.892318
2.899155
2.906049
2.912892
2.919759
2.926572
2.933439
2.940288
2.947238
2.953956
2.960721
2.967627
2.974407
2.981160
2.987970
2.994867
3.001593
3.008370
3.015207
3.021972
3.028749
3.035511
3.042264
3.049095
3.055732
3.062593
3.069193
3.076063
3.082603
3.089360
3.096211
3.102893
3.109640
3.116297
3.122966
3.129740
3.136329
3.143025
3.149721
3.156384
3.163080
3.169791
3.176428
3.183043
3.189796
3.196409
3.203090
3.209804
3.216350
3.223011
3.229701
3.236385
3.243021
3.249705
3.256297
3.262951
3.269599
3.276220
3.282893
3.289550
3.296135
3.302799
3.309435
3.316029
3.322680
3.329239
3.335911
3.342499
3.349156
3.355739
3.362345
3.368987
3.375558
3.382140
3.388755
3.395383
3.401989
3.408538
3.415067
3.421703
3.428270
3.434823
3.441291
3.447930
3.454462
3.461074
3.467600
3.474125
3.480692
3.487386
3.493710
3.500364
3.506836
3.513313
3.519821
3.526421
3.532934
3.539361
3.545871
3.552370
3.558862
3.565382
3.571793
3.578268
3.584748
3.591235
3.597649
3.604145
3.610571
3.616980
3.623559
3.629791
3.636298
3.642653
3.649032
3.655410
3.661891
3.668212
3.674627
3.681027
3.687417
3.693661
3.700126
3.706394
3.712764
3.719091
3.725395
3.731690
3.738029
3.744324
3.750613
3.756941
3.763235
3.769428
3.775780
3.782000
3.788231
3.794565
3.800776
3.807029
3.813284
3.819576
3.825766
3.831971
3.838107
3.844362
3.850603
3.856781
3.862974
3.869200
3.875411
3.881603
3.887826
3.894016
3.900035
3.906300
3.912430
3.918569
3.924774
3.930859
3.937040
3.943157
3.949317
3.955402
3.961559
3.967698
3.973759
3.979895
3.986019
3.992086
3.998321
4.004337
4.010536
4.016618
4.022703
4.028815
4.034933
4.040988
4.047079
4.053230
4.059381
4.065340
4.071541
4.077560
4.083601
4.089713
4.095726
4.101915
4.108004
4.114011
4.120126
4.126186
4.132329
4.138276
4.144370
4.150419
4.156462
4.162568
4.168590
4.174600
4.180730
4.186770
4.192831
4.198898
4.204971
4.210963
4.217024
4.223037
4.229056
4.235135
4.241157
4.247117
4.253115
4.259223
4.265171
4.271187
4.277257
4.283201
4.289241
4.295197
4.301270
4.307175
4.313198
4.319157
4.325197
4.331144
4.337148
4.343077
4.349010
4.354983
4.360958
4.366929
4.372831
4.378850
4.384656
4.390714
4.396688
4.402585
4.408472
4.414422
4.420294
4.426322
4.432177
4.438028
4.443918
4.449848
4.455735
4.461646
4.467479
4.473367
4.479314
4.485099
4.490951
4.496850
4.502680
4.508546
4.514433
4.520195
4.525990
4.531865
4.537677
4.543447
4.549215
4.555084
4.560866
4.566634
4.572392
4.578148
4.583957
4.589715
4.595453
4.601271
4.606970
4.612713
4.618451
4.624176
4.629920
4.635726
4.641263
4.646982
4.652794
4.658448
4.664153
4.669806
4.675489
4.681197
4.686893
4.692528
4.698143
4.703874
4.709483
4.715127
4.720784
4.726330
4.732055
4.737690
4.743311
4.748878
4.754570
4.760209
4.765830
4.771507
4.777125
4.782808
4.788360
4.793966
4.799583
4.805222
4.810789
4.816454
4.822083
4.827659
4.833256
4.838840
4.844404
4.850034
4.855616
4.861128
4.866767
4.872438
4.877873
4.883470
4.889132
4.894627
4.900179
4.905760
4.911381
4.916864
4.922389
4.927916
4.933450
4.939011
4.944467
4.950039
4.955579
4.961080
4.966670
4.972186
4.977648
4.983217
4.988748
4.994198
4.999717
5.005208
5.010661
5.016144
5.021675
5.027133
5.032661
5.038162
5.043558
5.049080
5.054577
5.059970
5.065462
5.070951
5.076392
5.081767
5.087237
5.092669
5.098092
5.103548
5.108938
5.114361
5.119838
5.125209
5.130611
5.136052
5.141424
5.146841
5.152240
5.157615
5.162993
5.168371
5.173716
5.179067
5.184463
5.189748
5.195105
5.200408
5.205761
5.211122
5.216410
5.221685
5.226989
5.232306
5.237601
5.242871
5.248141
5.253423
5.258678
5.263945
5.269137
5.274359
5.279629
5.284815
5.289978
5.295287
5.300464
5.305632
5.310842
5.316064
5.321253
5.326455
5.331554
5.336731
5.341908
5.347038
5.352155
5.357353
5.362446
5.367546
5.372675
5.377759
5.382849
5.387964
5.393078
5.398072
5.403253
5.408247
5.413313
5.418392
5.423419
5.428437
5.433462
5.438504
5.443573
5.448580
5.453550
5.458539
5.463626
5.468582
5.473561
5.478556
5.483496
5.488503
5.493509
5.498431
5.503381
5.508393
5.513337
5.518286
5.523209
5.528143
5.533045
5.537979
5.542833
5.547803
5.552753
5.557636
5.562535
5.567454
5.572326
5.577192
5.582072
5.586950
5.591857
5.596723
5.601564
5.606451
5.611323
5.616152
5.620976
5.625833
5.630680
5.635477
5.640330
5.645145
5.649966
5.654796
5.659550
5.664470
5.669279
5.674012
5.678773
5.683609
5.688360
5.693145
5.697912
5.702691
5.707427
5.712194
5.716897
5.721725
5.726449
5.731198
5.735944
5.740716
5.745432
5.750166
5.754912
5.759589
5.764376
5.769095
5.773742
5.778470
5.783230
5.787835
5.792608
5.797357
5.801926
5.806653
5.811367
5.816013
5.820753
5.825406
5.830053
5.834723
5.839404
5.844056
5.848658
5.853383
5.857997
5.862539
5.867222
5.871854
5.876507
5.881142
5.885728
5.890360
5.895043
5.899591
5.904181
5.908846
5.913376
5.917966
5.922535
5.927098
5.931670
5.936239
5.940742
5.945347
5.949931
5.954431
5.958949
5.963560
5.968063
5.972632
5.977114
5.981662
5.986213
5.990677
5.995193
5.999674
6.004169
6.008651
6.013151
6.017612
6.022082
6.026597
6.031010
6.035414
6.039938
6.044415
6.048897
6.053292
6.057711
6.062142
6.066588
6.070992
6.075409
6.079789
6.084217
6.088583
6.093010
6.097442
6.101792
6.106172
6.110547
6.114987
6.119319
6.123753
6.128086
6.132388
6.136699
6.141070
6.145472
6.149732
6.154142
6.158474
6.162744
6.167106
6.171421
6.175759
6.180007
6.184312
6.188645
6.192929
6.197243
6.201543
6.205791
6.210112
6.214384
6.218566
6.222905
6.227141
6.231429
6.235662
6.239979
6.244159
6.248428
6.252658
6.256877
6.261126
6.265341
6.269574
6.273802
6.277984
6.282259
0.003269
0.007379
0.011682
0.015861
0.020017
0.024184
0.028409
0.032624
0.036780
0.040971
0.045178
0.049342
0.053531
0.057722
0.061830
0.066045
0.070195
0.074350
0.078554
0.082625
0.086880
0.090984
0.095164
0.099298
0.103424
0.107579
0.111681
0.115857
0.119962
0.124160
0.128252
0.132324
0.136542
0.140638
0.144769
0.148859
0.152964
0.157056
0.161176
0.165271
0.169415
0.173484
0.177624
0.181711
0.185815
0.189878
0.193971
0.198069
0.202180
0.206246
0.210320
0.214401
0.218499
0.222529
0.226637
0.230633
0.234753
0.238807
0.242878
0.246914
0.251034
0.255054
0.259096
0.263183
0.267143
0.271176
0.275242
0.279346
0.283346
0.287418
0.291441
0.295471
0.299495
0.303495
0.307506
0.311560
0.315563
0.319580
0.323601
0.327598
0.331633
0.335633
0.339660
0.343666
0.347620
0.351587
0.355587
0.359596
0.363586
0.367550
0.371568
0.375520
0.379495
0.383513
0.387447
0.391402
0.395390
0.399311
0.403305
0.407254
0.411233
0.415107
0.419106
0.423073
0.426950
0.430935
0.434779
0.438787
0.442703
0.446625
0.450541
0.454505
0.458406
0.462285
0.466183
0.470105
0.474000
0.477919
0.481853
0.485673
0.489595
0.493474
0.497351
0.501258
0.505114
0.508946
0.512850
0.516694
0.520571
0.524421
0.528301
0.532136
0.536009
0.539841
0.543697
0.547499
0.551337
0.555175
0.559013
0.562761
0.566614
0.570488
0.574296
0.578116
0.581906
0.585699
0.589504
0.593327
0.597135
0.600874
0.604691
0.608466
0.612268
0.616031
0.619794
0.623551
0.627371
0.631107
0.634888
0.638630
0.642411
0.646165
0.649896
0.653659
0.657419
0.661140
0.664861
0.668588
0.672333
0.676054
0.679772
0.683517
0.687250
0.690953
0.694684
0.698369
0.702096
0.705781
0.709460
0.713172
0.716860
0.720540
0.724198
0.727925
0.731553
0.735271
0.738941
0.742602
0.746291
0.749931
0.753610
0.757244
0.760938
0.764564
0.768243
0.771880
0.775535
0.779154
0.782804
0.786417
0.790117
0.793691
0.797340
0.800936
0.804543
0.808162
0.811778
0.815428
0.819002
0.822612
0.826243
0.829860
0.833485
0.837089
0.840684
0.844241
0.847812
0.851377
0.854997
0.858628
0.862190
0.865737
0.869390
0.872922
0.876439
0.880086
0.883645
0.887228
0.890808
0.894365
0.897939
0.901555
0.905058
0.908650
0.912188
0.915724
0.919229
0.922824
0.926351
0.929943
0.933499
0.937020
0.940540
0.944093
0.947632
0.951137
0.954654
0.958202
0.961743
0.965266
0.968775
0.972358
0.975875
0.979405
0.982892
0.986371
0.989843
0.993408
0.996947
1.000440
1.003940
1.007481
1.010986
1.014498
1.017991
1.021412
1.024912
1.028459
1.031899
1.035368
1.038912
1.042361
1.045842
1.049336
1.052850
1.056320
1.059801
1.063246
1.066719
1.070230
1.073655
1.077088
1.080591
1.084033
1.087476
1.090918
1.094405
1.097788
1.101215
1.104667
1.108136
1.111579
1.114973
1.118413
1.121924
1.125298
1.128752
1.132123
1.135529
1.138963
1.142393
1.145788
1.149221
1.152616
1.156019
1.159387
1.162799
1.166173
1.169585
1.173010
1.176378
1.179766
1.183158
1.186561
1.189920
1.193311
1.196664
1.200022
1.203369
1.206766
1.210110
1.213439
1.216800
1.220171
1.223535
1.226867
1.230178
1.233536
1.236910
1.240259
1.243594
1.246953
1.250290
1.253613
1.256930
1.260234
1.263506
1.266858
1.270163
1.273456
1.276757
1.280137
1.283439
1.286728
1.290048
1.293308
1.296600
1.299938
1.303168
1.306454
1.309744
1.313010
1.316323
1.319610
1.322840
1.326111
1.329383
1.332625
1.335882
1.339147
1.342431
1.345682
1.348944
1.352183
1.355419
1.358672
1.361911
1.365117
1.368386
1.371526
1.374815
1.378015
1.381257
1.384466
1.387659
1.390829
1.394068
1.397274
1.400429
1.403616
1.406810
1.409986
1.413165
1.416356
1.419495
1.422623
1.425865
1.428975
1.432136
1.435300
1.438434
1.441633
1.444779
1.447919
1.451050
1.454208
1.457360
1.460515
1.463663
1.466779
1.469892
1.473083
1.476115
1.479300
1.482434
1.485517
1.488635
1.491787
1.494861
1.497977
1.501108
1.504167
1.507271
1.510354
1.513455
1.516535
1.519615
1.522686
1.525748
1.528861
1.531896
1.534999
1.538097
1.541147
1.544176
1.547241
1.550312
1.553350
1.556433
1.559483
1.562530
1.565604
1.568612
1.571656
1.574694
1.577744
1.580755
1.583859
1.586810
1.589827
1.592865
1.595900
1.598923
1.602000
1.604945
1.608031
1.611021
1.614074
1.617043
1.620031
1.623044
1.626014
1.629058
1.632039
1.635035
1.638064
1.641057
1.643999
1.647031
1.650018
1.653023
1.656007
1.658979
1.661963
1.664944
1.667881
1.670844
1.673843
1.676788
1.679778
1.682741
1.685707
1.688652
1.691612
1.694557
1.697491
1.700493
1.703438
1.706359
1.709316
1.712270
1.715161
1.718163
1.721025
1.724000
1.726888
1.729797
1.732700
1.735624
1.738525
1.741482
1.744373
1.747261
1.750146
1.753088
1.755974
1.758856
1.761762
1.764668
1.767568
1.770450
1.773324
1.776203
1.779112
1.781952
1.784829
1.787717
1.790584
1.793448
1.796333
1.799213
1.802065
1.804956
1.807766
1.810634
1.813504
1.816293
1.819190
1.822016
1.824835
1.827657
1.830518
1.833377
1.836205
1.839036
1.841829
1.844687
1.847485
1.850328
1.853124
1.855973
1.858789
1.861579
1.864377
1.867181
1.869982
1.872790
1.875585
1.878398
1.881218
1.883947
1.886730
1.889532
1.892315
1.895072
1.897849
1.900689
1.903419
1.906193
1.908973
1.911730
1.914516
1.917257
1.919996
1.922788
1.925526
1.928271
1.931036
1.933774
1.936570
1.939302
1.942014
1.944797
1.947514
1.950235
1.952940
1.955733
1.958387
1.961111
1.963870
1.966542
1.969299
1.972013
1.974707
1.977391
1.980108
1.982880
1.985558
1.988267
1.990966
1.993681
1.996362
1.999050
2.001719
2.004406
2.007076
2.009731
2.012427
2.015090
2.017769
2.020459
2.023081
2.025798
2.028435
2.031107
2.033735
2.036407
2.039062
2.041698
2.044314
2.046972
2.049575
2.052215
2.054797
2.057437
2.060094
2.062722
2.065328
2.067950
2.070535
2.073178
2.075797
2.078391
2.081007
2.083601
2.086196
2.088784
2.091358
2.093935
2.096568
2.099091
2.101671
2.104262
2.106797
2.109355
2.111917
2.114485
2.117073
2.119626
2.122211
2.124728
2.127302
2.129848
2.132368
2.134897
2.137458
2.139996
2.142456
2.144990
2.147489
2.150048
2.152555
2.155099
2.157592
2.160115
2.162607
2.165121
2.167632
2.170091
2.172578
2.175080
2.177570
2.180041
2.182507
2.184964
2.187469
2.189937
2.192400
2.194854
2.197323
2.199782
2.202275
2.204705
2.207171
2.209633
2.212048
2.214505
2.216938
2.219341
2.221771
2.224197
2.226615
2.228994
2.231487
2.233877
2.236265
2.238686
2.241128
2.243519
2.245931
2.248333
2.250721
2.253175
2.255494
2.257897
2.260282
2.262664
2.265033
2.267418
2.269743
2.272122
2.274504
2.276856
2.279211
2.281575
2.283921
2.286297
2.288663
2.291003
2.293370
2.295701
2.298035
2.300372
2.302721
2.305037
2.307353
2.309663
2.312000
2.314295
2.316614
2.318906
2.321234
2.323573
2.325883
2.328181
2.330491
2.332801
2.335084
2.337388
2.339641
2.341918
2.344216
2.346472
2.348740
2.351002
2.353267
2.355538
2.357815
2.360065
2.362348
2.364646
2.366893
2.369149
2.371397
2.373635
2.375867
2.378114
2.380352
2.382599
2.384825
2.387045
2.389286
2.391560
2.393804
2.395991
2.398208
2.400434
2.402669
2.404868
2.407071
2.409312
2.411553
2.413749
2.415966
2.418162
2.420379
2.422551
2.424765
2.426913
2.429097
2.431288
2.433469
2.435656
2.437864
2.440045
2.442214
2.444422
2.446571
2.448755
2.450900
2.453051
2.455202
2.457383
2.459553
2.461689
2.463849
2.466015
2.468160
2.470305
2.472435
2.474590
2.476750
2.478847
2.480983
2.483125
2.485208
2.487341
2.489468
2.491580
2.493711
2.495868
2.497938
2.500011
2.502126
2.504233
2.506366
2.508472
2.510554
2.512679
2.514743
2.516846
2.518910
2.520977
2.523048
2.525112
2.527176
2.529262
2.531377
2.533438
2.535502
2.537579
2.539649
2.541689
2.543730
2.545770
2.547813
2.549860
2.551915
2.553955
2.556007
2.558081
2.560094
2.562125
2.564157
2.566152
2.568177
2.570170
2.572168
2.574224
2.576243
2.578262
2.580297
2.582334
2.584314
2.586307
2.588299
2.590276
2.592251
2.594204
2.596215
2.598213
2.600187
2.602207
2.604184
2.606153
2.608142
2.610116
2.612070
2.613990
2.615923
2.617885
2.619838
2.621807
2.623805
2.625753
2.627715
2.629680
2.631580
2.633507
2.635415
2.637356
2.639259
2.641215
2.643139
2.645080
2.647046
2.648966
2.650887
2.652807
2.654659
2.656537
2.658470
2.660312
2.662203
2.664120
2.666023
2.667934
2.669891
2.671772
2.673669
2.675562
2.677405
2.679256
2.681123
2.682947
2.684814
2.686689
2.688577
2.690459
2.692343
2.694237
2.696106
2.697913
2.699767
2.701568
2.703402
2.705241
2.707057
2.708905
2.710739
2.712605
2.714454
2.716315
2.718121
2.719943
2.721728
2.723517
2.725330
2.727118
2.728928
2.730731
2.732550
2.734360
2.736187
2.738003
2.739815
2.741640
2.743411
2.745173
2.746940
2.748702
2.750463
2.752225
2.753987
2.755752
2.757525
2.759317
2.761115
2.762900
2.764668
2.766442
2.768176
2.769947
2.771649
2.773362
2.775082
2.776814
2.778548
2.780295
2.782048
2.783816
2.785565
2.787309
2.789023
2.790721
2.792417
2.794113
2.795806
2.797487
2.799194
2.800929
2.802613
2.804351
2.806106
2.807796
2.809507
2.811182
2.812859
2.814519
2.816149
2.817797
2.819514
2.821164
2.822881
2.824550
2.826225
2.827927
2.829637
2.831270
2.832951
2.834560
2.836172
2.837793
2.839431
2.841052
2.842682
2.844342
2.845984
2.847625
2.849288
2.850927
2.852581
2.854223
2.855808
2.857381
2.858975
2.860580
2.862154
2.863759
2.865344
2.866962
2.868547
2.870144
2.871765
2.873359
2.874956
2.876574
2.878137
2.879698
2.881268
2.882808
2.884390
2.885921
2.887503
2.889016
2.890559
2.892105
2.893660
2.895227
2.896806
2.898370
2.899928
2.901480
2.902990
2.904515
2.906022
2.907547
2.909066
2.910558
2.912077
2.913581
2.915085
2.916595
2.918111
2.919630
2.921152
2.922686
2.924181
2.925673
2.927150
2.928642
2.930107
2.931590
2.933037
2.934493
2.935964
2.937408
2.938891
2.940392
2.941846
2.943356
2.944830
2.946286
2.947736
2.949174
2.950618
2.952053
2.953491
2.954899
2.956337
2.957773
2.959184
2.960607
2.962057
2.963480
2.964900
2.966362
2.967788
2.969208
2.970605
2.972025
2.973403
2.974823
2.976195
2.977574
2.978952
2.980330
2.981711
2.983095
2.984477
2.985879
2.987290
2.988692
2.990085
2.991463
2.992838
2.994178
2.995562
2.996892
2.998222
2.999571
3.000901
3.002234
3.003603
3.004915
3.006225
3.007597
3.008939
3.010299
3.011678
3.013005
3.014356
3.015683
3.016996
3.018287
3.019611
3.020890
3.022188
3.023470
3.024752
3.026041
3.027341
3.028626
3.029948
3.031257
3.032560
3.033878
3.035179
3.036446
3.037725
3.039017
3.040272
3.041533
3.042792
3.044023
3.045285
3.046519
3.047756
3.048975
3.050204
3.051450
3.052721
3.053997
3.055255
3.056493
3.057769
3.059009
3.060250
3.061457
3.062665
3.063887
3.065070
3.066278
3.067455
3.068663
3.069816
3.071033
3.072225
3.073396
3.074613
3.075811
3.077025
3.078238
3.079431
3.080641
3.081800
3.082990
3.084146
3.085306
3.086477
3.087631
3.088760
3.089914
3.091034
3.092167
3.093335
3.094459
3.095639
3.096781
3.097946
3.099088
3.100253
3.101398
3.102521
3.103645
3.104765
3.105886
3.107000
3.108079
3.109187
3.110296
3.111389
3.112492
3.113576
3.114643
3.115716
3.116821
3.117915
3.119005
3.120111
3.121225
3.122334
3.123425
3.124512
3.125585
3.126630
3.127691
3.128736
3.129797
3.130858
3.131897
3.132961
3.133980
3.134998
3.136002
3.137039
3.138072
3.139136
3.140161
3.141200
3.142255
3.143276
3.144292
3.145329
3.146329
3.147351
3.148382
3.149406
3.150443
3.151459
3.152468
3.153466
3.154476
3.155443
3.156381
3.157343
3.158317
3.159257
3.160213
3.161208
3.162209
3.163206
3.164171
3.165151
3.166124
3.167077
3.168039
3.169030
3.170016
3.170990
3.171952
3.172925
3.173911
3.174873
3.175790
3.176692
3.177602
3.178471
3.179322
3.180227
3.181144
3.182075
3.183016
3.183963
3.184922
3.185827
3.186728
3.187627
3.188514
3.189410
3.190309
3.191213
3.192154
3.193095
3.194033
3.194955
3.195866
3.196765
3.197619
3.198449
3.199276
3.200097
3.200933
3.201774
3.202634
3.203500
3.204423
3.205277
3.206140
3.206988
3.207824
3.208632
3.209441
3.210241
3.211077
3.211925
3.212782
3.213651
3.214541
3.215400
3.216257
3.217096
3.217929
3.218735
3.219520
3.220278
3.221051
3.221833
3.222591
3.223343
3.224143
3.224946
3.225737
3.226525
3.227298
3.228101
3.228880
3.229635
3.230378
3.231160
3.231921
3.232670
3.233422
3.234195
3.234956
3.235723
3.236505
3.237287
3.238069
3.238848
3.239603
3.240361
3.241110
3.241859
3.242563
3.243261
3.243968
3.244663
3.245319
3.246002
3.246715
3.247413
3.248127
3.248821
3.249520
3.250230
3.250931
3.251620
3.252312
3.252995
3.253657
3.254328
3.254996
3.255673
3.256339
3.257025
3.257711
3.258406
3.259074
3.259763
3.260467
3.261144
3.261824
3.262513
3.263173
3.263820
3.264452
3.265069
3.265665
3.266258
3.266852
3.267439
3.268065
3.268652
3.269255
3.269878
3.270507
3.271130
3.271729
3.272314
3.272922
3.273524
3.274111
3.274695
3.275268
3.275846
3.276409
3.276960
3.277521
3.278081
3.278653
3.279238
3.279816
3.280415
3.280999
3.281607
3.282248
3.282878
3.283465
3.284046
3.284615
3.285161
3.285697
3.286215
3.286722
3.287228
3.287740
3.288247
3.288753
3.289268
3.289775
3.290278
3.290787
3.291276
3.291782
3.292273
3.292774
3.293277
3.293762
3.294242
3.294718
3.295188
3.295668
3.296138
3.296585
3.297040
3.297501
3.297960
3.298397
3.298862
3.299323
3.299781
3.300237
3.300680
3.301124
3.301582
3.302037
3.302496
3.302951
3.303437
3.303925
3.304413
3.304896
3.305378
3.305840
3.306295
3.306774
3.307254
3.307691
3.308122
3.308551
3.308964
3.309363
3.309746
3.310097
3.310453
3.310813
3.311163
3.311514
3.311871
3.312233
3.312598
3.312955
3.313303
3.313647
3.314004
3.314345
3.314693
3.315022
3.315364
3.315700
3.316035
3.316365
3.316697
3.317009
3.317320
3.317632
3.317946
3.318240
3.318549
3.318860
3.319172
3.319468
3.319774
3.320059
3.320343
3.320637
3.320913
3.321173
3.321449
3.321728
3.322012
3.322291
3.322575
3.322872
3.323172
3.323474
3.323786
3.324095
3.324394
3.324691
3.325002
3.325305
3.325608
3.325898
3.326201
3.326518
3.326842
3.327147
3.327450
3.327770
3.328073
3.328376
3.328675
3.328972
3.329266
3.329553
3.329820
3.330086
3.330359
3.330617
3.330866
3.331105
3.331327
3.331528
3.331722
3.331935
3.332133
3.332313
3.332489
3.332675
3.332846
3.333011
3.333154
3.333286
3.333421
3.333544
3.333655
3.333754
3.333841
3.333942
3.334038
3.334128
3.334209
3.334266
3.334329
3.334398
3.334458
3.334503
3.334554
3.334605
3.334650
3.334688
3.334713
3.334721
3.334742
3.334760
3.334775
3.334778
3.334781
3.334781
3.334781
3.334781
3.334784
3.334784
3.334784
3.334784
3.334784
3.334784
3.334784
3.334784
3.334784
3.334784
3.334784
3.334784
3.334784
3.334781
3.334739
3.334680
3.334631
3.334593
3.334539
3.334485
3.334425
3.334350
3.334284
3.334218
3.334146
3.334053
3.333961
3.333885
3.333808
3.333724
3.333631
3.333529
3.333436
3.333346
3.333250
3.333133
3.333023
3.332912
3.332792
3.332669
3.332546
3.332402
3.332256
3.332130
3.332004
3.331854
3.331722
3.331584
3.331444
3.331291
3.331129
3.330961
3.330796
3.330629
3.330455
3.330260
3.330060
3.329865
3.329673
3.329493
3.329317
3.329128
3.328954
3.328774
3.328592
3.328403
3.328229
3.328073
3.327911
3.327749
3.327591
3.327438
3.327306
3.327180
3.327043
3.326911
3.326797
3.326689
3.326581
3.326494
3.326419
3.326339
3.326267
3.326222
3.326189
3.326147
3.326123
3.326111
3.326102
3.326096
3.326090
3.326084
3.326081
3.326081
3.326081
3.326081
3.326081
3.326081
3.326081
3.326081
3.326081
3.326081
3.326117
3.326195
3.326272
3.326344
3.326413
3.326491
3.326572
3.326650
3.326734
3.326809
3.326902
3.326995
3.327093
3.327168
3.327258
3.327360
3.327456
3.327555
3.327645
3.327714
3.327777
3.327857
3.327938
3.328013
3.328094
3.328166
3.328244
3.328316
3.328379
3.328421
3.328481
3.328544
3.328594
3.328630
3.328666
3.328711
3.328753
3.328783
3.328810
3.328819
3.328834
3.328840
3.328846
3.328849
3.328849
3.328849
3.328849
3.328849
3.328849
3.328849
3.328849
3.328849
3.328849
3.328849
3.328849
3.328849
3.328849
3.328849
3.328849
3.328849
3.328849
3.328834
3.328804
3.328756
3.328729
3.328705
3.328678
3.328651
3.328624
3.328583
3.328556
3.328535
3.328505
3.328463
3.328442
3.328424
3.328409
3.328394
3.328388
3.328370
3.328367
3.328367
3.328367
3.328367
3.328364
3.328364
3.328364
3.328364
3.328364
3.328364
3.328364
3.328364
3.328364
3.328364
3.328364
3.328364
3.328364
3.328364
3.328364
3.328364
3.328364
3.328364
3.328364
3.328364
3.328364
3.328364
3.328364
3.328364
3.328364
3.328364
3.328364
3.328364
3.328364
3.328364
3.328364
3.328364
3.328364
3.328364
3.328364
3.328364
3.328364
3.328364
3.328364
3.328364
3.328364
3.328364
3.328364
3.328364
3.328364
3.328364
3.328364
3.328364
3.328364
3.328364
3.328364
3.328364
3.328364
3.328364
3.328364
3.328364
3.328364
3.328364
3.328364
3.328364
3.328364
3.328364
3.328364
3.328364
3.328364
3.328364
3.328364
3.328364
3.328364
3.328364
3.328364
3.328364
3.328364
3.328364
3.328364
3.328364
3.328364
3.328364
3.328364
3.328364
3.328364
3.328364
3.328364
3.328364
3.328364
3.328364
3.328364
3.328364
3.328364
3.328364
3.328364
3.328364
3.328364
3.328364
3.328364
3.328364
3.328364
3.328364
3.328364
3.328364