2.160294
2.160294
2.160294
2.160294
2.160294
2.160294
2.160294
2.160624
2.161163
2.161915
2.162853
2.163989
2.165301
2.166769
2.168450
2.170349
2.172384
2.174571
2.176952
2.179469
2.182199
2.185123
2.188266
2.191702
2.195258
2.199108
2.203174
2.207512
2.211926
2.216539
2.221336
2.226339
2.231514
2.236820
2.242293
2.248049
2.254110
2.260168
2.266445
2.273147
2.279951
2.286881
2.293969
2.301298
2.308944
2.316769
2.324571
2.332679
2.340992
2.349579
2.358340
2.367286
2.376463
2.385903
2.395407
2.405060
2.415103
2.425418
2.435605
2.446268
2.457156
2.468214
2.479374
2.490879
2.502567
2.514398
2.526386
2.538771
2.551247
2.563866
2.576626
2.589716
2.603189
2.616633
2.630247
2.644268
2.658473
2.672779
2.687328
2.702107
2.717075
2.732296
2.747650
2.763209
2.779061
2.794838
2.811029
2.827624
2.843982
2.860730
2.877802
2.894879
2.912194
2.929792
2.947457
2.965493
2.983350
3.001677
3.020360
3.039092
3.057619
3.076488
3.096014
3.115425
3.134809
3.154709
3.174519
3.194611
3.214918
3.235327
3.255620
3.276134
3.296549
3.317066
3.337657
3.358190
3.378527
3.399203
3.419606
3.440036
3.460646
3.481313
3.502051
3.522880
3.543738
3.564123
3.585330
3.605592
3.626304
3.646923
3.667164
3.687585
3.708309
3.728622
3.748992
3.769569
3.790209
3.810489
3.831554
3.851805
3.872043
3.892554
3.912888
3.933277
3.953737
3.974176
3.994240
4.015258
4.035460
4.055821
4.076314
4.096780
4.117082
4.137547
4.157915
4.178372
4.198976
4.219526
4.240150
4.260808
4.281239
4.301836
4.322341
4.343080
4.363283
4.384279
4.404640
4.425301
4.445824
4.466589
4.487077
4.507935
4.528404
4.548933
4.569558
4.589883
4.610640
4.631286
4.651791
4.672440
4.692935
4.713426
4.733994
4.754426
4.775276
4.795634
4.816343
4.836896
4.857434
4.878152
4.898893
4.919746
4.940656
4.961047
4.981929
5.002662
5.023409
5.044214
5.065133
5.085907
5.106724
5.127777
5.148046
5.169072
5.190059
5.210762
5.231351
5.252012
5.272849
5.293390
5.314351
5.334760
5.355388
5.376261
5.397060
5.417307
5.437917
5.458197
5.479119
5.499525
5.519910
5.540322
5.560749
5.581108
5.601643
5.622432
5.642604
5.662975
5.683809
5.704078
5.724436
5.745486
5.765784
5.786086
5.806630
5.827030
5.847493
5.868031
5.888563
5.908885
5.929411
5.949883
5.970277
5.990521
6.011000
6.031238
6.051575
6.071960
6.091974
6.112137
6.132292
6.152650
6.172724
6.192809
6.212865
6.232842
6.252937
6.272957
0.009698
0.029673
0.049899
0.069661
0.089663
0.109485
0.129573
0.149569
0.169876
0.189471
0.209787
0.229666
0.249610
0.269681
0.289701
0.309660
0.329662
0.349742
0.369641
0.389664
0.409678
0.429655
0.449354
0.469488
0.489639
0.509422
0.529406
0.549165
0.568936
0.588968
0.608796
0.628498
0.648248
0.667968
0.687697
0.707468
0.727143
0.746788
0.766700
0.786063
0.805924
0.825662
0.845125
0.864845
0.884717
0.904512
0.924089
0.944081
0.963846
0.983479
1.003403
1.023264
1.042765
1.063004
1.082736
1.102525
1.122556
1.142384
1.162221
1.182157
1.202069
1.222199
1.241865
1.261897
1.281788
1.301927
1.321557
1.341379
1.361318
1.381571
1.401172
1.421281
1.440941
1.460898
1.480732
1.500530
1.520343
1.540350
1.560148
1.579964
1.599852
1.619548
1.639676
1.659120
1.679128
1.699004
1.718975
1.738866
1.759021
1.779133
1.798907
1.818954
1.839108
1.859215
1.879303
1.899611
1.919429
1.939506
1.959702
1.979863
1.999781
2.019962
2.039982
2.060154
2.080294
2.100205
2.120270
2.140275
2.160417
2.179963
2.200022
2.220021
2.239672
2.259608
2.279438
2.299467
2.319289
2.338958
2.358573
2.378614
2.398310
2.418183
2.437726
2.457446
2.477730
2.497072
2.517020
2.536662
2.556535
2.576039
2.595804
2.615968
2.635747
2.655171
2.675454
2.694755
2.714840
2.734713
2.754173
2.774081
2.793823
2.813551
2.833173
2.852988
2.872478
2.892453
2.911618
2.931320
2.950951
2.970638
2.990028
3.009578
3.029148
3.048541
3.067932
3.087412
3.106736
3.126040
3.145305
3.164590
3.183966
3.203467
3.222408
3.242254
3.261111
3.280691
3.299809
3.319211
3.338481
3.357656
3.377244
3.396563
3.416208
3.435545
3.454929
3.474302
3.493629
3.512762
3.532245
3.551405
3.570904
3.590102
3.609586
3.628829
3.647998
3.667281
3.686674
3.705489
3.725006
3.744106
3.763445
3.782485
3.801798
3.820805
3.839842
3.859028
3.877667
3.896949
3.915708
3.934882
3.953976
3.973103
3.992209
4.011147
4.029986
4.049134
4.068351
4.087346
4.106446
4.125648
4.144723
4.164153
4.183109
4.202403
4.221578
4.240897
4.259996
4.279291
4.298508
4.317476
4.336746
4.356344
4.375396
4.394681
4.413835
4.433345
4.452541
4.471892
4.490902
4.510098
4.529402
4.548538
4.567778
4.587112
4.606167
4.625362
4.644570
4.663754
4.682632
4.702046
4.721290
4.740309
4.759559
4.778853
4.797947
4.817233
4.836473
4.855837
4.875120
4.894337
4.913685
4.933159
4.952448
4.971815
4.991531
5.010676
5.030262
5.049556
5.068923
5.088421
5.107902
5.127226
5.146637
5.166118
5.185442
5.204839
5.224367
5.243686
5.263043
5.282281
5.301534
5.320876
5.340374
5.359190
5.378891
5.398001
5.417098
5.436125
5.455156
5.474187
5.493652
5.512480
5.531729
5.550755
5.569827
5.588957
5.607844
5.627187
5.646206
5.665329
5.684636
5.703293
5.722752
5.741657
5.760478
5.779821
5.798978
5.817739
5.836956
5.856127
5.875179
5.894525
5.913472
5.932140
5.951540
5.970367
5.989245
6.008177
6.027169
6.046023
6.064919
6.083822
6.102682
6.121644
6.140304
6.158903
6.177862
6.196491
6.215052
6.233799
6.252176
6.271117
0.006307
0.024969
0.043674
0.062207
0.080923
0.099355
0.118108
0.136485
0.155115
0.173828
0.192530
0.210955
0.229663
0.248349
0.266856
0.285680
0.304100
0.322804
0.341478
0.359955
0.378414
0.397511
0.415936
0.434323
0.452962
0.471331
0.489918
0.508817
0.527024
0.545681
0.564349
0.582688
0.601048
0.619644
0.637699
0.656451
0.674742
0.693422
0.711408
0.729959
0.748106
0.766523
0.784898
0.803207
0.821492
0.839851
0.858002
0.876523
0.895099
0.912970
0.931657
0.949978
0.968301
0.987057
1.005366
1.023899
1.042307
1.060769
1.079272
1.097737
1.116382
1.134696
1.153152
1.171961
1.190249
1.208612
1.227212
1.246024
1.264348
1.283067
1.301448
1.319916
1.338470
1.356923
1.375534
1.394044
1.412479
1.430797
1.449504
1.467822
1.486272
1.504805
1.522901
1.541411
1.559975
1.578245
1.596802
1.615390
1.633639
1.652190
1.670754
1.689186
1.707608
1.726166
1.744795
1.763242
1.781961
1.800522
1.819247
1.837916
1.856437
1.874977
1.893669
1.912586
1.930892
1.949929
1.968235
1.987245
2.005740
2.024342
2.043086
2.061862
2.080279
2.098890
2.117750
2.136086
2.154668
2.173156
2.191777
2.210230
2.228802
2.247156
2.265654
2.284265
2.302319
2.320814
2.339312
2.357561
2.375875
2.394187
2.412502
2.430940
2.449339
2.467507
2.485915
2.504370
2.522622
2.541039
2.559429
2.577528
2.595909
2.614643
2.632967
2.651009
2.669738
2.687684
2.706230
2.724748
2.743066
2.761288
2.779783
2.798011
2.816179
2.834581
2.853022
2.870830
2.889295
2.907454
2.925754
2.943913
2.961946
2.980288
2.998441
3.016441
3.034460
3.052226
3.070323
3.088517
3.106197
3.124371
3.142240
3.160222
3.178010
3.196064
3.214079
3.231792
3.249762
3.267733
3.285460
3.303470
3.321482
3.339392
3.357357
3.375453
3.393579
3.411142
3.429600
3.447250
3.465322
3.483287
3.501143
3.519048
3.537063
3.555060
3.572830
3.590851
3.608684
3.626666
3.644573
3.662364
3.680406
3.698221
3.715784
3.733715
3.751563
3.769066
3.786805
3.804596
3.822381
3.839970
3.857680
3.875270
3.892995
3.910746
3.928336
3.946001
3.963627
3.981199
3.998869
4.016558
4.034321
4.051897
4.069594
4.087322
4.104983
4.122762
4.140394
4.158131
4.176116
4.193859
4.211481
4.229383
4.247290
4.264817
4.282940
4.300838
4.318303
4.336483
4.354154
4.372028
4.389875
4.407702
4.425424
4.443328
4.461056
4.478822
4.496889
4.514461
4.532518
4.550086
4.567904
4.585593
4.603572
4.621111
4.638848
4.656782
4.674333
4.692144
4.709944
4.727528
4.745304
4.763244
4.780945
4.798657
4.816541
4.834260
4.852116
4.870048
4.887898
4.905814
4.923656
4.941396
4.959609
4.977477
4.995460
5.013256
5.031169
5.049218
5.067218
5.085197
5.103141
5.120970
5.139024
5.157103
5.175061
5.193175
5.210861
5.228957
5.246957
5.264442
5.282580
5.300407
5.318144
5.335835
5.353908
5.371521
5.389261
5.407070
5.424806
5.442408
5.459989
5.477860
5.495396
5.512944
5.530663
5.548247
5.565753
5.583585
5.601085
5.618948
5.636373
5.654002
5.671699
5.689418
5.706948
5.724684
5.742280
5.759969
5.777771
5.795266
5.813140
5.830415
5.848374
5.865928
5.883158
5.901047
5.918724
5.936134
5.953628
5.971494
5.988667
6.006398
6.023952
6.041404
6.058553
6.076350
6.093364
6.111041
6.128343
6.145597
6.162930
6.180349
6.197609
6.214561
6.232144
6.249138
6.266233
0.000587
0.017581
0.034583
0.051841
0.069233
0.086397
0.103553
0.120516
0.137876
0.155097
0.172384
0.189396
0.206683
0.223772
0.240979
0.258164
0.275556
0.292691
0.309924
0.327085
0.344313
0.361615
0.378702
0.395929
0.413312
0.430455
0.447494
0.464673
0.481781
0.498939
0.516205
0.533106
0.550094
0.567414
0.584486
0.601425
0.618650
0.635535
0.652526
0.669625
0.686594
0.703498
0.720701
0.737326
0.754515
0.771233
0.788190
0.805085
0.822070
0.838854
0.856120
0.872823
0.889727
0.906696
0.923636
0.940672
0.957435
0.974581
0.991473
1.008466
1.025460
1.042460
1.059429
1.076522
1.093468
1.110884
1.127635
1.144655
1.161697
1.178870
1.195858
1.213004
1.230340
1.247168
1.264096
1.281542
1.298254
1.315284
1.332637
1.349496
1.366666
1.383738
1.400629
1.417758
1.434844
1.451853
1.468649
1.485600
1.502726
1.519600
1.536566
1.553425
1.570422
1.587484
1.604439
1.621346
1.638438
1.655369
1.672354
1.689605
1.706605
1.723661
1.740799
1.757738
1.774753
1.792169
1.809222
1.826327
1.843548
1.860620
1.877892
1.894829
1.912251
1.929152
1.946436
1.963567
1.980747
1.997986
2.015201
2.032369
2.049581
2.066416
2.083802
2.100999
2.118047
2.134972
2.152160
2.169073
2.186037
2.203330
2.220099
2.237212
2.254272
2.271166
2.288109
2.305130
2.321968
2.338877
2.355817
2.372619
2.389403
2.406438
2.423087
2.439940
2.456865
2.473613
2.490759
2.507474
2.524390
2.541216
2.558144
2.575095
2.591876
2.608804
2.625630
2.642531
2.659506
2.676356
2.693257
2.710104
2.726980
2.743737
2.760797
2.777446
2.794275
2.811191
2.827903
2.844791
2.861647
2.878323
2.895092
2.911924
2.928312
2.945381
2.961976
2.978499
2.995070
3.011911
3.028285
3.045012
3.061610
3.077867
3.094833
3.111102
3.127370
3.143971
3.160809
3.177036
3.193347
3.209882
3.226546
3.242752
3.259625
3.275897
3.292084
3.308901
3.325146
3.341573
3.358228
3.374584
3.391128
3.407669
3.424130
3.440626
3.457074
3.473691
3.490235
3.506830
3.523072
3.539502
3.556037
3.572426
3.588958
3.605445
3.621687
3.638222
3.654727
3.670972
3.687228
3.703512
3.719805
3.736436
3.752495
3.768994
3.785208
3.801552
3.817731
3.833996
3.850226
3.866492
3.882508
3.898846
3.914938
3.931045
3.947388
3.963360
3.979371
3.995747
4.011836
4.028006
4.044262
4.060552
4.077075
4.092921
4.109175
4.125408
4.141709
4.157933
4.174109
4.190599
4.206643
4.222911
4.239315
4.255410
4.272100
4.288216
4.304626
4.320915
4.337160
4.353395
4.369991
4.386259
4.402498
4.418794
4.435164
4.451427
4.467791
4.484084
4.500358
4.516995
4.532820
4.549158
4.565444
4.581755
4.598021
4.614259
4.630492
4.646679
4.662858
4.679214
4.695384
4.711595
4.727747
4.743935
4.760173
4.776486
4.792512
4.809027
4.825251
4.841375
4.857893
4.874188
4.890558
4.906596
4.923173
4.939748
4.955903
4.972324
4.988670
5.005077
5.021600
5.037764
5.054425
5.070753
5.087001
5.103512
5.120191
5.136229
5.152815
5.169156
5.185598
5.202070
5.218285
5.234601
5.251032
5.267444
5.283701
5.300188
5.316199
5.332510
5.348955
5.365017
5.381219
5.397347
5.413568
5.429759
5.445782
5.462002
5.478124
5.494387
5.510488
5.526525
5.542620
5.558664
5.574660
5.591078
5.606948
5.623079
5.638991
5.655236
5.671061
5.687243
5.703418
5.719393
5.735449
5.751745
5.767534
5.783986
5.799709
5.816151
5.832237
5.848122
5.864187
5.880246
5.896200
5.912214
5.928281
5.944242
5.960279
5.976159
5.992121
6.008207
6.024188
6.039873
6.055832
6.071972
6.087558
6.103643
6.119190
6.135324
6.150861
6.166803
6.182335
6.197992
6.213746
6.229535
6.245159
6.260769
6.276603
0.008781
0.024631
0.040165
0.056038
0.071579
0.087128
0.102777
0.118617
0.134035
0.149656
0.165370
0.181106
0.196568
0.212241
0.227904
0.243597
0.259063
0.274894
0.290435
0.306122
0.321866
0.337500
0.353049
0.368734
0.384286
0.400009
0.415586
0.431103
0.446742
0.462360
0.477958
0.493561
0.508988
0.524550
0.540159
0.555661
0.571030
0.586646
0.602102
0.617385
0.632941
0.648403
0.663893
0.679245
0.694606
0.709993
0.725318
0.740580
0.755938
0.771434
0.786591
0.801891
0.817339
0.832610
0.848007
0.863457
0.878587
0.894212
0.909351
0.924751
0.939929
0.955649
0.970794
0.986230
1.001740
1.017089
1.032528
1.048071
1.063435
1.078832
1.094387
1.109823
1.125295
1.140880
1.156202
1.171713
1.187352
1.202743
1.217957
1.233977
1.248927
1.264671
1.280011
1.295408
1.310897
1.326390
1.341805
1.357246
1.372733
1.387956
1.403506
1.418956
1.434347
1.449941
1.465140
1.480432
1.495838
1.511298
1.526598
1.542025
1.557236
1.572708
1.588072
1.603537
1.618838
1.634280
1.650024
1.665205
1.680647
1.696052
1.711494
1.726855
1.742515
1.757960
1.773372
1.788930
1.804390
1.820044
1.835414
1.851104
1.866567
1.882021
1.897648
1.913207
1.928762
1.944345
1.959882
1.975300
1.990993
2.006327
2.022065
2.037651
2.053092
2.068744
2.084150
2.099726
2.115252
2.130574
2.146138
2.161654
2.176982
2.192511
2.208093
2.223188
2.238644
2.254107
2.269459
2.284697
2.300060
2.315343
2.330635
2.345924
2.361126
2.376535
2.391812
2.407073
2.422246
2.437597
2.452799
2.468010
2.483395
2.498591
2.513748
2.529166
2.544293
2.559564
2.575149
2.590157
2.605454
2.620722
2.635804
2.651177
2.666559
2.681848
2.697182
2.712387
2.727544
2.742782
2.758070
2.773503
2.788538
2.803832
2.818962
2.834080
2.849411
2.864419
2.879627
2.894858
2.909944
2.925032
2.940120
2.954995
2.970431
2.985276
3.000167
3.015237
3.030337
3.045177
3.060025
3.075170
3.090081
3.104948
3.120108
3.134702
3.149796
3.164554
3.179388
3.194197
3.209157
3.223999
3.238923
3.253720
3.268559
3.283474
3.298535
3.313264
3.328244
3.343054
3.357800
3.372673
3.387779
3.402501
3.417347
3.432303
3.447217
3.462024
3.476965
3.491721
3.506587
3.521559
3.536305
3.551303
3.566086
3.580800
3.595546
3.610535
3.625255
3.640079
3.655144
3.669564
3.684508
3.699210
3.713845
3.728649
3.743356
3.757890
3.772673
3.787234
3.801899
3.816787
3.831156
3.845669
3.860337
3.874967
3.889657
3.904137
3.918916
3.933127
3.947816
3.962548
3.976965
3.991445
4.006353
4.020675
4.035304
4.049808
4.064351
4.079161
4.093449
4.108345
4.122891
4.137464
4.152093
4.166678
4.181410
4.196168
4.210786
4.225362
4.240049
4.254897
4.269287
4.284211
4.298699
4.313593
4.328160
4.342912
4.357545
4.372244
4.386856
4.401755
4.416310
4.430999
4.445498
4.460385
4.475039
4.489617
4.504250
4.518934
4.533659
4.548034
4.562946
4.577372
4.592154
4.606640
4.621273
4.635729
4.650415
4.664964
4.679451
4.694065
4.708689
4.723328
4.737864
4.752357
4.766959
4.781646
4.796185
4.810701
4.825424
4.839967
4.854534
4.869508
4.883842
4.898522
4.913496
4.928045
4.942840
4.957490
4.972132
4.986962
5.001664
5.016270
5.030995
5.045793
5.060474
5.075170
5.089970
5.104720
5.119196
5.134207
5.148758
5.163577
5.178273
5.193034
5.207526
5.222360
5.236980
5.251520
5.266318
5.280879
5.295415
5.310024
5.324579
5.339140
5.353734
5.368139
5.382816
5.397296
5.411630
5.426226
5.440659
5.455037
5.469570
5.484149
5.498392
5.512750
5.527128
5.541742
5.555806
5.570585
5.584816
5.599057
5.613552
5.628071
5.642128
5.656794
5.671028
5.685541
5.699670
5.714201
5.728534
5.743071
5.757240
5.771812
5.786014
5.800562
5.814596
5.829265
5.843460
5.857778
5.872097
5.886582
5.900814
5.915240
5.929471
5.943729
5.958149
5.972330
5.986612
6.000954
6.015128
6.029273
6.043581
6.057675
6.071849
6.086093
6.100246
6.114406
6.128487
6.142569
6.156569
6.170690
6.184546
6.198771
6.212778
6.226871
6.240722
6.254885
6.268633
6.282745
0.013446
0.027318
0.041289
0.055271
0.069275
0.083150
0.097132
0.111022
0.124980
0.139071
0.152880
0.166823
0.180908
0.194831
0.208774
0.222694
0.236632
0.250596
0.264504
0.278474
0.292349
0.306356
0.320269
0.334189
0.348441
0.362280
0.376179
0.390143
0.404027
0.417974
0.431917
0.445774
0.459529
0.473614
0.487398
0.501183
0.515262
0.529068
0.542843
0.556847
0.570548
0.584414
0.598202
0.611980
0.625639
0.639472
0.653155
0.667063
0.680785
0.694360
0.708217
0.721972
0.735685
0.749059
0.763128
0.776728
0.790264
0.803908
0.817669
0.831055
0.844984
0.858535
0.872242
0.885961
0.899677
0.913198
0.927082
0.940720
0.954424
0.968221
0.981757
0.995377
1.009392
1.023000
1.036743
1.050543
1.064268
1.077990
1.091724
1.105446
1.119222
1.133043
1.146785
1.160639
1.174400
1.188092
1.201847
1.215677
1.229462
1.243172
1.257088
1.270834
1.284592
1.298392
1.312111
1.325752
1.339675
1.353205
1.367151
1.380786
1.394484
1.408308
1.421991
1.435632
1.449324
1.463115
1.476708
1.490415
1.504077
1.517700
1.531344
1.545105
1.558557
1.572246
1.585965
1.599597
1.613256
1.626951
1.640395
1.654180
1.667949
1.681632
1.695351
1.709232
1.722750
1.736610
1.750422
1.764012
1.777845
1.791692
1.805274
1.819289
1.832780
1.846742
1.860542
1.874348
1.888016
1.901819
1.915705
1.929412
1.943176
1.957075
1.970809
1.984686
1.998435
2.012226
2.025963
2.040003
2.053635
2.067156
2.081145
2.094869
2.108469
2.122253
2.135802
2.149862
2.163299
2.176979
2.190788
2.204354
2.218049
2.231771
2.245143
2.259044
2.272359
2.286174
2.299623
2.313105
2.326593
2.340271
2.353894
2.367181
2.380945
2.394331
2.407915
2.421224
2.434787
2.448419
2.461934
2.475471
2.488851
2.502489
2.516040
2.529513
2.543044
2.556622
2.570071
2.583679
2.597167
2.610641
2.624141
2.637737
2.651204
2.664585
2.678384
2.691567
2.705307
2.718777
2.732214
2.745688
2.759257
2.772682
2.785946
2.799629
2.813048
2.826384
2.839923
2.853393
2.866668
2.880238
2.893358
2.906945
2.920256
2.933636
2.946774
2.960502
2.973409
2.987017
3.000170
3.013469
3.026634
3.040041
3.053215
3.066245
3.079709
3.092610
3.106026
3.119119
3.132173
3.145461
3.158535
3.171616
3.184745
3.197954
3.211119
3.224146
3.237410
3.250436
3.263751
3.276619
3.290017
3.303044
3.316008
3.329272
3.342466
3.355568
3.368712
3.381795
3.395044
3.408080
3.421194
3.434454
3.447601
3.460688
3.473861
3.486837
3.499996
3.513328
3.526229
3.539433
3.552292
3.565550
3.578511
3.591819
3.604687
3.617795
3.630828
3.643798
3.656890
3.669869
3.682806
3.695842
3.708854
3.721827
3.734704
3.747746
3.760566
3.773548
3.786419
3.799383
3.812281
3.825089
3.837855
3.850828
3.863648
3.876414
3.889154
3.902130
3.915007
3.927794
3.940494
3.953263
3.966047
3.978883
3.991619
4.004454
4.017325
4.030040
4.042854
4.055726
4.068501
4.081431
4.094213
4.107024
4.119832
4.132727
4.145556
4.158433
4.171286
4.184097
4.196995
4.209911
4.222678
4.235546
4.248537
4.261345
4.274282
4.287234
4.300006
4.312892
4.325817
4.338649
4.351574
4.364502
4.377274
4.390139
4.403079
4.415917
4.428720
4.441686
4.454525
4.467318
4.480288
4.492919
4.505796
4.518754
4.531484
4.544211
4.557076
4.569968
4.582483
4.595597
4.608126
4.620886
4.633593
4.646416
4.659218
4.672038
4.684688
4.697358
4.710151
4.722920
4.735537
4.748428
4.761156
4.773931
4.786718
4.799469
4.812098
4.825119
4.837633
4.850426
4.863480
4.876135
4.888851
4.901821
4.914575
4.927467
4.940122
4.953227
4.965984
4.978891
4.991652
5.004508
5.017373
5.030130
5.042932
5.055836
5.068830
5.081452
5.094467
5.107197
5.119957
5.133047
5.145556
5.158618
5.171262
5.184136
5.196899
5.209764
5.222617
5.235231
5.248135
5.260868
5.273523
5.286320
5.299014
5.311720
5.324633
5.337211
5.349671
5.362548
5.375057
5.387652
5.400367
5.412936
5.425567
5.438282
5.450491
5.463168
5.475655
5.488119
5.500801
5.513361
5.525761
5.538282
5.550802
5.563260
5.575903
5.588349
5.600669
5.613273
5.625803
5.638392
5.650898
5.663214
5.675852
5.688204
5.700653
5.713431
5.725649
5.738260
5.750546
5.763307
5.775537
5.788153
5.800529
5.813125
5.825412
5.837926
5.850399
5.862823
5.875155
5.887865
5.900013
5.912301
5.924857
5.937192
5.949491
5.961972
5.974391
5.986890
5.999001
6.011398
6.023691
6.036041
6.048274
6.060614
6.072874
6.085068
6.097472
6.109567
6.121827
6.134150
6.146191
6.158421
6.170476
6.182806
6.194865
6.207107
6.219213
6.231294
6.243356
6.255424
6.267537
6.279575
0.008524
0.020418
0.032624
0.044629
0.056598
0.068739
0.080741
0.092833
0.104880
0.117032
0.128765
0.141099
0.152847
0.165092
0.177124
0.189240
0.201140
0.213250
0.225247
0.237333
0.249545
0.261388
0.273516
0.285536
0.297505
0.309559
0.321657
0.333674
0.345751
0.357843
0.369815
0.381871
0.393724
0.405852
0.417857
0.429778
0.441697
0.453624
0.465674
0.477700
0.489633
0.501756
0.513656
0.525517
0.537576
0.549459
0.561386
0.573304
0.585115
0.597066
0.608966
0.620810
0.632563
0.644461
0.656265
0.668007
0.679937
0.691771
0.703465
0.715554
0.727128
0.738815
0.750635
0.762445
0.774298
0.786033
0.797634
0.809430
0.821399
0.832988
0.844783
0.856522
0.868203
0.880053
0.891902
0.903527
0.915424
0.927187
0.938949
0.950765
0.962768
0.974317
0.986227
0.997938
1.009659
1.021448
1.033397
1.045093
1.056958
1.068825
1.080552
1.092368
1.104223
1.116061
1.127910
1.139790
1.151576
1.163447
1.175293
1.187082
1.198971
1.210784
1.222664
1.234327
1.246204
1.258005
1.269923
1.281689
1.293508
1.305241
1.317060
1.328985
1.340672
1.352468
1.364077
1.375993
1.387737
1.399467
1.411208
1.422914
1.434695
1.446475
1.458259
1.469874
1.481673
1.493429
1.505282
1.516945
1.528633
1.540282
1.552008
1.563747
1.575371
1.587053
1.598830
1.610692
1.622245
1.634007
1.645659
1.657334
1.669211
1.680809
1.692544
1.704319
1.716192
1.727903
1.739651
1.751405
1.763182
1.774975
1.786767
1.798479
1.810292
1.822037
1.833910
1.845858
1.857369
1.869383
1.881086
1.892800
1.904692
1.916592
1.928385
1.940123
1.952042
1.963846
1.975525
1.987392
1.999062
2.010833
2.022566
2.034352
2.046186
2.058006
2.069712
2.081579
2.093266
2.104993
2.116768
2.128491
2.140239
2.151771
2.163689
2.175122
2.186923
2.198647
2.210107
2.221845
2.233551
2.245029
2.256680
2.268608
2.279903
2.291453
2.303251
2.314666
2.326372
2.337937
2.349375
2.360907
2.372526
2.384034
2.395461
2.407035
2.418530
2.430155
2.441603
2.453087
2.464637
2.476234
2.487778
2.499304
2.510821
2.522401
2.533738
2.545488
2.556858
2.568369
2.579976
2.591613
2.602827
2.614496
2.625935
2.637560
2.649122
2.660585
2.672048
2.683615
2.695066
2.706607
2.718208
2.729578
2.741041
2.752579
2.763994
2.775564
2.787084
2.798278
2.809959
2.821347
2.832807
2.844159
2.855643
2.867016
2.878332
2.889915
2.901282
2.912706
2.923842
2.935335
2.946609
2.957976
2.969227
2.980543
2.991994
3.003205
3.014389
3.025714
3.037036
3.048265
3.059525
3.070763
3.081971
3.093155
3.104283
3.115416
3.126672
3.137725
3.148900
3.160171
3.171287
3.182450
3.193673
3.204762
3.216057
3.227265
3.238230
3.249436
3.260557
3.271652
3.282869
3.293996
3.305066
3.316206
3.327411
3.338511
3.349702
3.360847
3.372049
3.383219
3.394361
3.405413
3.416538
3.427704
3.438804
3.449929
3.461176
3.472157
3.483254
3.494453
3.505386
3.516696
3.527697
3.538762
3.549832
3.561023
3.571958
3.583133
3.594156
3.605175
3.616264
3.627208
3.638369
3.649280
3.660321
3.671253
3.682384
3.693290
3.704201
3.715227
3.726180
3.737035
3.748030
3.758978
3.769878
3.780723
3.791638
3.802607
3.813404
3.824304
3.835183
3.845999
3.856832
3.867606
3.878416
3.889303
3.900143
3.910908
3.921727
3.932516
3.943319
3.954084
3.964807
3.975638
3.986444
3.997374
4.008130
4.018922
4.029528
4.040454
4.051168
4.062098
4.072650
4.083562
4.094539
4.105058
4.116141
4.126819
4.137694
4.148471
4.159383
4.170187
4.180931
4.191746
4.202466
4.213426
4.224143
4.235051
4.245897
4.256566
4.267454
4.278392
4.289106
4.300057
4.310908
4.321566
4.332657
4.343194
4.354234
4.364975
4.375782
4.386646
4.397482
4.408124
4.418922
4.429771
4.440518
4.451340
4.462143
4.472890
4.483754
4.494444
4.505275
4.515908
4.526828
4.537509
4.548061
4.559108
4.569591
4.580368
4.590989
4.601766
4.612534
4.623158
4.633883
4.644561
4.655254
4.665923
4.676466
4.687270
4.697798
4.708431
4.719172
4.729787
4.740447
4.751044
4.761794
4.772292
4.783039
4.793726
4.804380
4.815088
4.825634
4.836375
4.847077
4.857725
4.868414
4.879173
4.889789
4.900487
4.911330
4.921772
4.932617
4.943301
4.954024
4.964636
4.975377
4.986043
4.996652
5.007543
5.018169
5.028809
5.039558
5.050239
5.060881
5.071718
5.082273
5.092945
5.103758
5.114403
5.125111
5.135788
5.146368
5.157033
5.167738
5.178333
5.188996
5.199683
5.210307
5.220933
5.231608
5.242107
5.252653
5.263298
5.273823
5.284378
5.294942
5.305438
5.315980
5.326548
5.336986
5.347601
5.358030
5.368433
5.378933
5.389447
5.399840
5.410264
5.420794
5.431209
5.441521
5.452076
5.462314
5.472716
5.483145
5.493545
5.503830
5.514191
5.524479
5.534836
5.545242
5.555467
5.565953
5.576209
5.586500
5.596741
5.607293
5.617393
5.627702
5.638032
5.648375
5.658675
5.668901
5.679306
5.689535
5.699877
5.710100
5.720394
5.730749
5.740971
5.751284
5.761581
5.771803
5.782074
5.792434
5.802645
5.812885
5.823183
5.833352
5.843652
5.853883
5.864103
5.874427
5.884548
5.894747
5.904945
5.915177
5.925339
5.935577
5.945785
5.955944
5.966068
5.976173
5.986432
5.996615
6.006676
6.016749
6.026950
6.037026
6.047009
6.057193
6.067356
6.077356
6.087408
6.097556
6.107547
6.117495
6.127618
6.137586
6.147785
6.157860
6.167606
6.177466
6.187737
6.197474
6.207418
6.217554
6.227294
6.237232
6.247182
6.257075
6.266980
6.276906
0.003559
0.013527
0.023396
0.033187
0.043221
0.053000
0.062833
0.072807
0.082634
0.092401
0.102291
0.112208
0.121996
0.131892
0.141809
0.151678
0.161460
0.171407
0.181213
0.191035
0.201014
0.210761
0.220618
0.230502
0.240398
0.250189
0.260010
0.269810
0.279823
0.289647
0.299354
0.309289
0.319149
0.328943
0.338878
0.348714
0.358439
0.368470
0.378156
0.387872
0.397688
0.407560
0.417321
0.427145
0.436930
0.446694
0.456488
0.466291
0.476094
0.485784
0.495721
0.505216
0.515127
0.524804
0.534502
0.544285
0.553968
0.563699
0.573328
0.582979
0.592605
0.602441
0.612136
0.621754
0.631398
0.641141
0.650758
0.660400
0.670053
0.679643
0.689162
0.699013
0.708403
0.717999
0.727679
0.737207
0.746800
0.756375
0.765897
0.775517
0.784973
0.794683
0.804127
0.813717
0.823211
0.832796
0.842404
0.851893
0.861426
0.871061
0.880616
0.890110
0.899767
0.909123
0.918747
0.928370
0.937978
0.947452
0.957078
0.966600
0.976196
0.985735
0.995395
1.004922
1.014471
1.024028
1.033672
1.043284
1.052766
1.062470
1.071860
1.081561
1.091170
1.100730
1.110317
1.119992
1.129462
1.139044
1.148670
1.158105
1.167917
1.177306
1.187058
1.196526
1.206119
1.215596
1.225183
1.234834
1.244349
1.253855
1.263473
1.272997
1.282570
1.292175
1.301571
1.311287
1.320766
1.330258
1.339809
1.349475
1.358858
1.368356
1.377931
1.387291
1.396890
1.406352
1.415903
1.425512
1.434889
1.444366
1.453803
1.463331
1.472750
1.482242
1.491709
1.501162
1.510549
1.520088
1.529499
1.538858
1.548338
1.557739
1.567246
1.576633
1.586046
1.595484
1.605026
1.614479
1.623740
1.633372
1.642759
1.652115
1.661766
1.671146
1.680533
1.690051
1.699465
1.708888
1.718403
1.727844
1.737311
1.746785
1.756225
1.765711
1.775244
1.784652
1.794101
1.803674
1.813132
1.822645
1.832154
1.841562
1.851056
1.860548
1.869929
1.879585
1.889100
1.898490
1.908011
1.917530
1.926872
1.936501
1.945855
1.955271
1.964921
1.974356
1.983779
1.993282
2.002741
2.012058
2.021568
2.031179
2.040554
2.050019
2.059444
2.068801
2.078235
2.087766
2.097072
2.106410
2.115854
2.125232
2.134693
2.144086
2.153404
2.162781
2.172198
2.181494
2.190824
2.200205
2.209528
2.218834
2.228227
2.237305
2.246826
2.255967
2.265219
2.274666
2.283819
2.292975
2.302271
2.311574
2.320781
2.329997
2.339267
2.348498
2.357671
2.367022
2.376073
2.385340
2.394520
2.403706
2.412853
2.422135
2.431285
2.440438
2.449728
2.458827
2.468178
2.477292
2.486448
2.495595
2.504886
2.514051
2.523192
2.532419
2.541575
2.550680
2.559807
2.568977
2.578166
2.587460
2.596475
2.605622
2.615048
2.624054
2.633228
2.642357
2.651726
2.660714
2.670028
2.679017
2.688089
2.697263
2.706362
2.715575
2.724721
2.733835
2.742913
2.752036
2.761276
2.770297
2.779447
2.788570
2.797618
2.806819
2.815820
2.825026
2.834035
2.843120
2.852108
2.861222
2.870150
2.879219
2.888408
2.897321
2.906348
2.915414
2.924397
2.933409
2.942418
2.951334
2.960451
2.969406
2.978338
2.987284
2.996272
3.005218
3.014138
3.023021
3.031922
3.040961
3.049803
3.058737
3.067632
3.076506
3.085321
3.094123
3.103204
3.111953
3.120821
3.129647
3.138516
3.147339
3.156195
3.164959
3.173776
3.182621
3.191501
3.200264
3.209064
3.217920
3.226743
3.235555
3.244330
3.253148
3.261869
3.270723
3.279528
3.288274
3.297253
3.305968
3.314756
3.323555
3.332301
3.341127
3.349917
3.358690
3.367579
3.376244
3.385058
3.393903
3.402720
3.411444
3.420286
3.429001
3.437744
3.446522
3.455241
3.463986
3.472819
3.481531
3.490211
3.498998
3.507744
3.516498
3.525217
3.533878
3.542498
3.551288
3.559956
3.568675
3.577351
3.586163
3.594737
3.603564
3.612075
3.620698
3.629399
3.638063
3.646665
3.655284
3.663892
3.672539
3.681200
3.689754
3.698227
3.706939
3.715583
3.723969
3.732649
3.741160
3.749690
3.758307
3.766783
3.775324
3.783812
3.792282
3.800761
3.809288
3.817746
3.826126
3.834820
3.843122
3.851676
3.860101
3.868430
3.876930
3.885480
3.893690
3.902234
3.910635
3.919006
3.927476
3.935838
3.944188
3.952541
3.960960
3.969487
3.977696
3.986262
3.994561
4.003091
4.011333
4.019725
4.028201
4.036566
4.044874
4.053322
4.061535
4.069974
4.078447
4.086810
4.095207
4.103507
4.111905
4.120173
4.128745
4.136993
4.145382
4.153771
4.162112
4.170540
4.178983
4.187285
4.195578
4.203943
4.212431
4.220706
4.229209
4.237406
4.245735
4.254289
4.262534
4.270986
4.279246
4.287713
4.296009
4.304401
4.312736
4.321125
4.329445
4.337753
4.346091
4.354576
4.362773
4.371117
4.379476
4.387838
4.396104
4.404421
4.412703
4.421041
4.429367
4.437630
4.445917
4.454234
4.462503
4.470733
4.479071
4.487262
4.495541
4.503900
4.511965
4.520255
4.528665
4.536784
4.545014
4.553308
4.561481
4.569648
4.577947
4.585985
4.594243
4.602473
4.610664
4.618834
4.627061
4.635192
4.643285
4.651554
4.659739
4.667819
4.676047
4.684115
4.692316
4.700402
4.708635
4.716557
4.724841
4.732873
4.740911
4.749151
4.757096
4.765218
4.773502
4.781496
4.789642
4.797777
4.805851
4.813962
4.822132
4.830245
4.838340
4.846513
4.854582
4.862554
4.870688
4.878772
4.886909
4.895047
4.903061
4.911228
4.919372
4.927419
4.935616
4.943655
4.951822
4.959755
4.967953
4.976000
4.984212
4.992146
5.000310
5.008321
5.016357
5.024395
5.032482
5.040703
5.048676
5.056735
5.064824
5.072782
5.080940
5.088993
5.097053
5.105052
5.113102
5.121117
5.129149
5.137131
5.145160
5.153130
5.161141
5.169096
5.177107
5.185131
5.193106
5.201025
5.209033
5.216970
5.224903
5.232870
5.240800
5.248785
5.256752
5.264586
5.272454
5.280498
5.288267
5.296218
5.304023
5.311891
5.319711
5.327668
5.335464
5.343289
5.351091
5.358902
5.366689
5.374499
5.382250
5.390046
5.397887
5.405571
5.413379
5.421127
5.428821
5.436611
5.444295
5.452082
5.459746
5.467407
5.475143
5.482939
5.490504
5.498312
5.505882
5.513621
5.521195
5.528868
5.536523
5.544160
5.551785
5.559398
5.567086
5.574738
5.582318
5.589973
5.597616
5.605268
5.612857
5.620467
5.628137
5.635716
5.643312
5.651018
5.658391
5.666156
5.673701
5.681260
5.688846
5.696393
5.703910
5.711496
5.719136
5.726614
5.734179
5.741789
5.749303
5.756880
5.764382
5.771852
5.779468
5.786903
5.794456
5.802052
5.809473
5.817080
5.824531
5.832114
5.839547
5.847037
5.854564
5.862108
5.869523
5.877094
5.884500
5.891999
5.899549
5.906866
5.914412
5.921774
5.929333
5.936763
5.944193
5.951549
5.959054
5.966514
5.973752
5.981150
5.988703
5.996017
6.003438
6.010787
6.018145
6.025518
6.032892
6.040238
6.047513
6.054946
6.062202
6.069563
6.076856
6.084151
6.091471
6.098721
6.105921
6.113327
6.120584
6.127804
6.135048
6.142359
6.149522
6.156782
6.164068
6.171277
6.178479
6.185718
6.192875
6.200087
6.207331
6.214480
6.221655
6.228882
6.236096
6.243188
6.250388
6.257497
6.264559
6.271845
6.278826
0.002771
0.009989
0.017060
0.024157
0.031348
0.038430
0.045507
0.052683
0.059735
0.066851
0.074033
0.081079
0.088153
0.095314
0.102336
0.109428
0.116547
0.123668
0.130658
0.137783
0.144865
0.151933
0.159037
0.166086
0.173202
0.180384
0.187298
0.194558
0.201524
0.208520
0.215620
0.222712
0.229798
0.236790
0.243885
0.250896
0.257981
0.265037
0.272048
0.279098
0.286234
0.293149
0.300295
0.307314
0.314322
0.321339
0.328404
0.335435
0.342485
0.349475
0.356444
0.363440
0.370534
0.377470
0.384499
0.391399
0.398568
0.405471
0.412428
0.419508
0.426417
0.433433
0.440354
0.447365
0.454340
0.461210
0.468329
0.475216
0.482116
0.489133
0.495979
0.502930
0.509932
0.516865
0.523720
0.530611
0.537600
0.544440
0.551424
0.558264
0.565173
0.572028
0.578922
0.585750
0.592677
0.599505
0.606432
0.613221
0.620211
0.626922
0.633819
0.640554
0.647493
0.654369
0.661050
0.668046
0.674766
0.681591
0.688317
0.695163
0.701907
0.708762
0.715530
0.722352
0.729126
0.735918
0.742629
0.749407
0.756279
0.762886
0.769789
0.776488
0.783196
0.789889
0.796699
0.803482
0.810197
0.816917
0.823664
0.830312
0.837209
0.843779
0.850520
0.857411
0.864003
0.870879
0.877527
0.884247
0.890952
0.897714
0.904354
0.911116
0.917875
0.924619
0.931267
0.938083
0.944728
0.951413
0.958163
0.964883
0.971564
0.978365
0.985019
0.991731
0.998496
1.005195
1.011870
1.018608
1.025187
1.031953
1.038709
1.045402
1.052176
1.058884
1.065556
1.072223
1.078961
1.085738
1.092404
1.099085
1.105757
1.112499
1.119168
1.125825
1.132521
1.139244
1.145905
1.152553
1.159270
1.165927
1.172647
1.179341
1.185962
1.192652
1.199384
1.205976
1.212672
1.219410
1.225932
1.232599
1.239334
1.245952
1.252546
1.259269
1.265888
1.272482
1.279142
1.285764
1.292397
1.299063
1.305717
1.312219
1.319020
1.325506
1.332155
1.338788
1.345328
1.351919
1.358547
1.365171
1.371699
1.378327
1.384912
1.391476
1.398086
1.404677
1.411205
1.417779
1.424352
1.430907
1.437541
1.443994
1.450583
1.457189
1.463642
1.470258
1.476810
1.483231
1.489783
1.496350
1.502732
1.509353
1.515846
1.522347
1.528861
1.535314
1.541839
1.548350
1.554839
1.561311
1.567830
1.574320
1.580743
1.587233
1.593767
1.600185
1.606785
1.613196
1.619626
1.626109
1.632632
1.639071
1.645593
1.651998
1.658521
1.665001
1.671518
1.677944
1.684494
1.690887
1.697425
1.703851
1.710368
1.716845
1.723281
1.729878
1.736316
1.742812
1.749268
1.755683
1.762205
1.768770
1.775223
1.781662
1.788175
1.794680
1.801073
1.807662
1.814049
1.820563
1.826998
1.833479
1.839911
1.846418
1.852866
1.859320
1.865803
1.872215
1.878713
1.885206
1.891554
1.898038
1.904470
1.910918
1.917359
1.923822
1.930248
1.936714
1.943128
1.949609
1.955975
1.962459
1.968960
1.975246
1.981822
1.988219
1.994555
2.000994
2.007447
2.013796
2.020247
2.026556
2.032941
2.039392
2.045809
2.052194
2.058677
2.064984
2.071416
2.077762
2.084144
2.090486
2.096877
2.103237
2.109538
2.115935
2.122247
2.128593
2.134966
2.141284
2.147588
2.153901
2.160249
2.166538
2.172875
2.179137
2.185329
2.191696
2.197970
2.204243
2.210502
2.216686
2.222993
2.229330
2.235567
2.241763
2.248016
2.254269
2.260458
2.266738
2.272922
2.279133
2.285377
2.291552
2.297786
2.303985
2.310157
2.316317
2.322642
2.328736
2.334854
2.341043
2.347260
2.353459
2.359598
2.365695
2.371864
2.378075
2.384148
2.390320
2.396542
2.402654
2.408799
2.414959
2.421080
2.427207
2.433343
2.439533
2.445567
2.451781
2.457821
2.463939
2.470117
2.476163
2.482275
2.488467
2.494645
2.500610
2.506803
2.512768
2.519015
2.524968
2.531191
2.537267
2.543274
2.549422
2.555531
2.561622
2.567617
2.573858
2.579871
2.585926
2.592047
2.598093
2.604205
2.610293
2.616330
2.622403
2.628455
2.634606
2.640637
2.646680
2.652699
2.658781
2.664785
2.670885
2.676874
2.683085
2.689056
2.695013
2.701169
2.707081
2.713184
2.719239
2.725147
2.731256
2.737287
2.743219
2.749250
2.755362
2.761309
2.767316
2.773323
2.779289
2.785356
2.791303
2.797217
2.803218
2.809198
2.815142
2.821114
2.827097
2.833101
2.839009
2.844974
2.850993
2.856806
2.862864
2.868655
2.874692
2.880594
2.886499
2.892444
2.898454
2.904230
2.910183
2.916131
2.921952
2.927929
2.933744
2.939557
2.945504
2.951382
2.957209
2.963171
2.969011
2.974790
2.980627
2.986505
2.992329
2.998213
3.004041
3.009877
3.015692
3.021514
3.027302
3.033123
3.038945
3.044694
3.050480
3.056304
3.062065
3.067842
3.073693
3.079410
3.085180
3.090959
3.096712
3.102476
3.108229
3.113951
3.119668
3.125426
3.131151
3.136895
3.142581
3.148265
3.153930
3.159743
3.165426
3.171149
3.176787
3.182519
3.188214
3.193895
3.199659
3.205289
3.210993
3.216683
3.222366
3.228047
3.233709
3.239417
3.245127
3.250742
3.256402
3.262196
3.267727
3.273434
3.279118
3.284744
3.290347
3.296024
3.301660
3.307361
3.313015
3.318597
3.324301
3.329892
3.335497
3.341115
3.346778
3.352377
3.358001
3.363675
3.369293
3.374902
3.380501
3.386089
3.391697
3.397390
3.402819
3.408466
3.414165
3.419630
3.425220
3.430829
3.436321
3.441950
3.447541
3.453159
3.458683
3.464220
3.469829
3.475392
3.480869
3.486439
3.491955
3.497515
3.502986
3.508589
3.514122
3.519575
3.525088
3.530625
3.536122
3.541593
3.547091
3.552616
3.558065
3.563554
3.569073
3.574520
3.579976
3.585387
3.590875
3.596271
3.601697
3.607201
3.612585
3.617975
3.623383
3.628850
3.634267
3.639633
3.645053
3.650431
3.655800
3.661232
3.666538
3.671916
3.677296
3.682659
3.687971
3.693343
3.698655
3.703973
3.709309
3.714615
3.719984
3.725314
3.730557
3.735902
3.741190
3.746443
3.751736
3.757040
3.762265
3.767532
3.772829
3.778054
3.783267
3.788531
3.793723
3.798975
3.804236
3.809518
3.814681
3.819912
3.825065
3.830350
3.835509
3.840680
3.845879
3.851080
3.856230
3.861374
3.866581
3.871687
3.876810
3.882002
3.887137
3.892293
3.897480
3.902624
3.907723
3.912897
3.917955
3.923156
3.928225
3.933304
3.938415
3.943556
3.948661
3.953740
3.958851
3.963890
3.968975
3.974095
3.979077
3.984206
3.989300
3.994396
3.999447
4.004562
4.009562
4.014677
4.019704
4.024737
4.029782
4.034876
4.039939
4.044892
4.050006
4.055075
4.060072
4.065088
4.070133
4.075182
4.080221
4.085237
4.090294
4.095219
4.100226
4.105304
4.110295
4.115263
4.120260
4.125309
4.130279
4.135252
4.140259
4.145254
4.150257
4.155212
4.160198
4.165168
4.170127
4.175067
4.180062
4.185053
4.190021
4.194889
4.199937
4.204806
4.209806
4.214765
4.219636
4.224598
4.229559
4.234413
4.239363
4.244381
4.249223
4.254142
4.259104
4.263987
4.268838
4.273784
4.278659
4.283564
4.288459
4.293336
4.298229
4.303128
4.307990
4.312895
4.317784
4.322674
4.327501
4.332372
4.337232
4.342062
4.346915
4.351739
4.356646
4.361428
4.366255
4.371147
4.375938
4.380746
4.385561
4.390406
4.395199
4.400026
4.404787
4.409677
4.414419
4.419210
4.423992
4.428791
4.433489
4.438292
4.443133
4.447870
4.452610
4.457362
4.462128
4.466844
4.471608
4.476306
4.480989
4.485791
4.490456
4.495163
4.499921
4.504561
4.509244
4.513960
4.518661
4.523278
4.528006
4.532668
4.537300
4.541982
4.546596
4.551246
4.555911
4.560480
4.565160
4.569818
4.574432
4.578975
4.583703
4.588263
4.592846
4.597469
4.601999
4.606637
4.611236
4.615775
4.620326
4.624919
4.629503
4.634048
4.638605
4.643156
4.647650
4.652249
4.656743
4.661261
4.665809
4.670285
4.674866
4.679351
4.683881
4.688375
4.692861
4.697307
4.701807
4.706313
4.710765
4.715235
4.719741
4.724194
4.728642
4.733128
4.737583
4.742026
4.746487
4.750903
4.755337
4.759838
4.764230
4.768616
4.773140
4.777541
4.781972
4.786451
4.790832
4.795293
4.799748
4.804044
4.808532
4.812901
4.817317
4.821664
4.826053
4.830421
4.834853
4.839212
4.843505
4.847888
4.852335
4.856712
4.861002
4.865437
4.869730
4.874080
4.878442
4.882792
4.887080
4.891472
4.895769
4.900059
4.904424
4.908646
4.913047
4.917325
4.921562
4.925918
4.930220
4.934448
4.938723
4.943034
4.947310
4.951561
4.955828
4.960115
4.964408
4.968588
4.972890
4.977136
4.981381
4.985632
4.989854
4.994111
4.998312
5.002539
5.006838
5.011039
5.015239
5.019488
5.023688
5.027856
5.032065
5.036302
5.040376
5.044658
5.048786
5.052963
5.057151
5.061310
5.065522
5.069681
5.073824
5.077968
5.082153
5.086294
5.090431
5.094569
5.098680
5.102814
5.106957
5.111029
5.115194
5.119301
5.123379
5.127409
5.131510
5.135681
5.139705
5.143812
5.147857
5.151928
5.156039
5.160057
5.164095
5.168161
5.172134
5.176202
5.180298
5.184247
5.188285
5.192255
5.196282
5.200330
5.204306
5.208290
5.212296
5.216314
5.220268
5.224238
5.228253
5.232175
5.236133
5.240081
5.243952
5.247892
5.251889
5.255769
5.259670
5.263586
5.267462
5.271363
5.275282
5.279165
5.283009
5.286916
5.290715
5.294640
5.298471
5.302321
5.306139
5.309994
5.313826
5.317676
5.321484
5.325259
5.329127
5.332938
5.336731
5.340530
5.344383
5.348167
5.351942
5.355711
5.359426
5.363171
5.366931
5.370667
5.374424
5.378179
5.381915
5.385609
5.389342
5.393075
5.396745
5.400439
5.404136
5.407840
5.411567
5.415186
5.418832
5.422583
5.426193
5.429825
5.433537
5.437144
5.440814
5.444433
5.448008
5.451720
5.455327
5.458899
5.462509
5.466125
5.469675
5.473240
5.476842
5.480416
5.483990
5.487565
5.491046
5.494627
5.498198
5.501754
5.505271
5.508812
5.512300
5.515868
5.519392
5.522936
5.526433
5.529938
5.533416
5.536931
5.540430
5.543897
5.547369
5.550859
5.554257
5.557753
5.561265
5.564716
5.568155
5.571625
5.575026
5.578507
5.581958
5.585362
5.588783
5.592271
5.595677
5.599087
5.602499
5.605900
5.609271
5.612722
5.616086
5.619559
5.622834
5.626279
5.629596
5.633041
5.636412
5.639740
5.643102
5.646463
5.649804
5.653166
5.656473
5.659829
5.663169
5.666489
5.669847
5.673116
5.676493
5.679729
5.683105
5.686401
5.689735
5.692986
5.696318
5.699574
5.702810
5.706076
5.709378
5.712649
5.715858
5.719178
5.722330
5.725643
5.728885
5.732115
5.735353
5.738580
5.741777
5.745001
5.748260
5.751472
5.754702
5.757902
5.761102
5.764304
5.767519
5.770665
5.773871
5.777068
5.780204
5.783374
5.786580
5.789714
5.792892
5.796044
5.799200
5.802342
5.805506
5.808661
5.811732
5.814896
5.817943
5.821089
5.824228
5.827347
5.830454
5.833513
5.836602
5.839661
5.842774
5.845899
5.848982
5.852074
5.855091
5.858204
5.861269
5.864313
5.867351
5.870413
5.873394
5.876486
5.879485
5.882538
5.885552
5.888644
5.891613
5.894609
5.897647
5.900664
5.903678
5.906713
5.909658
5.912636
5.915653
5.918646
5.921699
5.924686
5.927587
5.930594
5.933548
5.936527
5.939466
5.942447
5.945371
5.948322
5.951312
5.954224
5.957184
5.960154
5.963051
5.966002
5.968878
5.971844
5.974723
5.977651
5.980605
5.983454
5.986354
5.989227
5.992115
5.995079
5.997925
6.000801
6.003668
6.006508
6.009387
6.012261
6.015110
6.017965
6.020833
6.023640
6.026477
6.029356
6.032191
6.035031
6.037868
6.040658
6.043438
6.046281
6.049077
6.051905
6.054697
6.057480
6.060219
6.063020
6.065836
6.068584
6.071361
6.074130
6.076889
6.079615
6.082369
6.085110
6.087878
6.090629
6.093346
6.096045
6.098799
6.101448
6.104222
6.106915
6.109606
6.112347
6.115065
6.117701
6.120416
6.123070
6.125758
6.128514
6.131129
6.133832
6.136477
6.139117
6.141796
6.144456
6.147087
6.149729
6.152366
6.154969
6.157588
6.160215
6.162882
6.165470
6.168086
6.170716
6.173302
6.175911
6.178509
6.181104
6.183716
6.186299
6.188888
6.191470
6.194035
6.196605
6.199206
6.201746
6.204332
6.206903
6.209435
6.211981
6.214558
6.217113
6.219654
6.222233
6.224795
6.227309
6.229837
6.232345
6.234883
6.237442
6.239961
6.242442
6.244979
6.247481
6.249980
6.252488
6.254969
6.257482
6.260005
6.262501
6.264999
6.267510
6.269982
6.272471
6.274952
6.277424
6.279890
6.282358
0.001672
0.004117
0.006567
0.009066
0.011484
0.013992
0.016388
0.018848
0.021317
0.023744
0.026189
0.028636
0.031117
0.033529
0.036004
0.038356
0.040794
0.043233
0.045663
0.048060
0.050505
0.052922
0.055346
0.057758
0.060167
0.062561
0.064943
0.067351
0.069754
0.072163
0.074566
0.076897
0.079255
0.081643
0.083997
0.086403
0.088770
0.091128
0.093540
0.095886
0.098274
0.100617
0.102953
0.105314
0.107699
0.110009
0.112376
0.114707
0.117008
0.119327
0.121691
0.124016
0.126347
0.128681
0.130994
0.133339
0.135649
0.137923
0.140248
0.142585
0.144934
0.147223
0.149530
0.151789
0.154081
0.156382
0.158638
0.160975
0.163234
0.165559
0.167824
0.170068
0.172339
0.174574
0.176869
0.179113
0.181384
0.183679
0.185932
0.188209
0.190489
0.192682
0.194920
0.197135
0.199385
0.201593
0.203855
0.206072
0.208295
0.210518
0.212726
0.214973
0.217205
0.219419
0.221630
0.223829
0.226031
0.228189
0.230418
0.232608
0.234840
0.237024
0.239193
0.241353
0.243531
0.245698
0.247873
0.250057
0.252226
0.254401
0.256618
0.258772
0.260918
0.263072
0.265193
0.267329
0.269474
0.271622
0.273747
0.275904
0.278058
0.280203
0.282342
0.284458
0.286576
0.288676
0.290803
0.292909
0.294995
0.297122
0.299255
0.301358
0.303480
0.305547
0.307683
0.309732
0.311824
0.313879
0.315958
0.318073
0.320141
0.322238
0.324320
0.326408
0.328488
0.330528
0.332562
0.334618
0.336652
0.338695
0.340735
0.342812
0.344849
0.346916
0.348957
0.350973
0.353025
0.355036
0.357046
0.359104
0.361127
0.363128
0.365177
0.367197
0.369201
0.371217
0.373225
0.375190
0.377189
0.379184
0.381176
0.383166
0.385179
0.387168
0.389161
0.391153
0.393125
0.395093
0.397076
0.399027
0.400995
0.402958
0.404896
0.406852
0.408839
0.410762
0.412728
0.414678
0.416629
0.418564
0.420526
0.422462
0.424385
0.426342
0.428241
0.430159
0.432079
0.434006
0.435917
0.437853
0.439755
0.441685
0.443578
0.445472
0.447368
0.449286
0.451149
0.453028
0.454951
0.456830
0.458705
0.460614
0.462483
0.464371
0.466291
0.468119
0.469961
0.471831
0.473670
0.475516
0.477413
0.479237
0.481086
0.482955
0.484810
0.486679
0.488510
0.490317
0.492126
0.493960
0.495784
0.497582
0.499395
0.501222
0.503020
0.504859
0.506693
0.508509
0.510306
0.512095
0.513887
0.515678
0.517458
0.519252
0.521038
0.522821
0.524585
0.526383
0.528130
0.529918
0.531713
0.533481
0.535230
0.537004
0.538733
0.540483
0.542235
0.543964
0.545705
0.547436
0.549159
0.550948
0.552676
0.554417
0.556149
0.557902
0.559618
0.561290
0.562989
0.564694
0.566422
0.568106
0.569796
0.571480
0.573208
0.574916
0.576669
0.578350
0.580036
0.581723
0.583398
0.585049
0.586703
0.588392
0.590019
0.591718
0.593336
0.595014
0.596671
0.598366
0.600041
0.601686
0.603319
0.604982
0.606600
0.608235
0.609853
0.611483
0.613092
0.614722
0.616352
0.617979
0.619629
0.621235
0.622889
0.624501
0.626086
0.627668
0.629241
0.630835
0.632438
0.634016
0.635586
0.637219
0.638786
0.640374
0.641980
0.643559
0.645129
0.646723
0.648290
0.649830
0.651379
0.652939
0.654500
0.656052
0.657586
0.659141
0.660681
0.662212
0.663791
0.665337
0.666856
0.668390
0.669933
0.671446
0.672941
0.674478
0.675940
0.677486
0.679005
0.680518
0.682034
0.683544
0.685033
0.686549
0.688056
0.689542
0.691022
0.692529
0.694015
0.695472
0.696973
0.698426
0.699915
0.701404
0.702869
0.704319
0.705784
0.707240
0.708723
0.710149
0.711605
0.713127
0.714553
0.716018
0.717433
0.718871
0.720258
0.721726
0.723149
0.724572
0.726001
0.727430
0.728848
0.730250
0.731673
0.733087
0.734507
0.735927
0.737374
0.738756
0.740137
0.741542
0.742911
0.744334
0.745691
0.747088
0.748445
0.749832
0.751198
0.752561
0.753940
0.755324
0.756708
0.758068
0.759473
0.760810
0.762131
0.763467
0.764800
0.766131
0.767479
0.768851
0.770199
0.771544
0.772872
0.774178
0.775484
0.776814
0.778151
0.779490
0.780820
0.782138
0.783430
0.784730
0.786021
0.787313
0.788583
0.789892
0.791216
0.792508
0.793787
0.795069
0.796364
0.797634
0.798916
0.800202
0.801460
0.802739
0.804040
0.805280
0.806553
0.807806
0.809043
0.810301
0.811539
0.812773
0.814011
0.815275
0.816503
0.817744
0.818963
0.820188
0.821411
0.822654
0.823892
0.825132
0.826357
0.827592
0.828784
0.829979
0.831121
0.832340
0.833512
0.834704
0.835921
0.837110
0.838282
0.839456
0.840621
0.841775
0.842934
0.844124
0.845328
0.846551
0.847734
0.848909
0.850080
0.851228
0.852363
0.853505
0.854640
0.855790
0.856950
0.858100
0.859239
0.860362
0.861477
0.862598
0.863700
0.864782
0.865875
0.867017
0.868167
0.869318
0.870462
0.871610
0.872694
0.873815
0.874872
0.875963
0.877042
0.878123
0.879199
0.880304
0.881404
0.882458
0.883498
0.884547
0.885613
0.886668
0.887731
0.888792
0.889886
0.890967
0.892058
0.893112
0.894203
0.895273
0.896321
0.897352
0.898385
0.899416
0.900432
0.901456
0.902505
0.903527
0.904554
0.905558
0.906574
0.907571
0.908557
0.909537
0.910555
0.911571
0.912593
0.913611
0.914621
0.915655
0.916667
0.917656
0.918639
0.919607
0.920574
0.921521
0.922495
0.923477
0.924448
0.925407
0.926366
0.927351
0.928310
0.929218
0.930117
0.931048
0.932007
0.932936
0.933886
0.934865
0.935830
0.936801
0.937751
0.938697
0.939647
0.940576
0.941472
0.942362
0.943278
0.944183
0.945103
0.946008
0.946919
0.947820
0.948686
0.949561
0.950433
0.951242
0.952096
0.952965
0.953860
0.954723
0.955598
0.956506
0.957408
0.958277
0.959125
0.959993
0.960874
0.961752
0.962606
0.963484
0.964353
0.965191
0.966006
0.966851
0.967645
0.968442
0.969269
0.970063
0.970854
0.971663
0.972508
0.973302
0.974072
0.974860
0.975660
0.976451
0.977194
0.977967
0.978773
0.979582
0.980358
0.981169
0.981993
0.982823
0.983620
0.984387
0.985181
0.985984
0.986778
0.987530
0.988279
0.989040
0.989774
0.990499
0.991236
0.991946
0.992665
0.993348
0.994082
0.994814
0.995479
0.996147
0.996878
0.997609
0.998316
0.998966
0.999673
1.000413
1.001108
1.001755
1.002450
1.003193
1.003910
1.004602
1.005321
1.006061
1.006768
1.007457
1.008146
1.008856
1.009554
1.010210
1.010863
1.011534
1.012170
1.012787
1.013410
1.014042
1.014671
1.015262
1.015900
1.016565
1.017167
1.017760
1.018407
1.019040
1.019642
1.020217
1.020843
1.021469
1.022039
1.022608
1.023213
1.023854
1.024439
1.024996
1.025595
1.026233
1.026847
1.027429
1.028046
1.028684
1.029292
1.029876
1.030482
1.031105
1.031704
1.032273
1.032851
1.033418
1.033966
1.034478
1.035003
1.035560
1.036108
1.036641
1.037136
1.037657
1.038202
1.038727
1.039206
1.039694
1.040207
1.040734
1.041219
1.041684
1.042187
1.042705
1.043182
1.043652
1.044129
1.044605
1.045081
1.045549
1.046010
1.046478
1.046945
1.047421
1.047892
1.048341
1.048820
1.049309
1.049788
1.050264
1.050765
1.051244
1.051730
1.052224
1.052724
1.053198
1.053668
1.054156
1.054624
1.055070
1.055499
1.055912
1.056314
1.056721
1.057132
1.057530
1.057925
1.058303
1.058692
1.059076
1.059432
1.059768
1.060140
1.060514
1.060897
1.061266
1.061623
1.062003
1.062375
1.062716
1.063052
1.063399
1.063744
1.064076
1.064421
1.064774
1.065122
1.065457
1.065799
1.066123
1.066431
1.066728
1.067042
1.067366
1.067684
1.067977
1.068280
1.068588
1.068897
1.069179
1.069457
1.069751
1.070050
1.070338
1.070644
1.070964
1.071300
1.071623
1.071980
1.072342
1.072681
1.073011
1.073337
1.073691
1.074014
1.074308
1.074622
1.074985
1.075336
1.075650
1.075980
1.076318
1.076642
1.076911
1.077175
1.077451
1.077720
1.077978
1.078221
1.078463
1.078718
1.078943
1.079134
1.079317
1.079497
1.079662
1.079836
1.080000
1.080156
1.080321
1.080477
1.080624
1.080746
1.080872
1.080998
1.081103
1.081202
1.081298
1.081400
1.081498
1.081579
1.081654
1.081738
1.081816
1.081885
1.081936
1.081984
1.082044
1.082104
1.082155
1.082205
1.082250
1.082298
1.082343
1.082385
1.082412
1.082433
1.082460
1.082484
1.082502
1.082523
1.082547
1.082577
1.082613
1.082649
1.082679
1.082703
1.082727
1.082745
1.082760
1.082778
1.082790
1.082790
1.082808
1.082838
1.082859
1.082883
1.082910
1.082934
1.082955
1.082978
1.082999
1.083029
1.083059
1.083092
1.083113
1.083134
1.083167
1.083197
1.083224
1.083251
1.083272
1.083296
1.083335
1.083368
1.083404
1.083449
1.083503
1.083563
1.083617
1.083653
1.083686
1.083736
1.083787
1.083829
1.083859
1.083907
1.083967
1.084000
1.084042
1.084090
1.084129
1.084150
1.084177
1.084225
1.084270
1.084312
1.084348
1.084375
1.084414
1.084437
1.084447
1.084453
1.084471
1.084485
1.084491
1.084491
1.084500
1.084518
1.084527
1.084530
1.084536
1.084542
1.084542
1.084542
1.084542
1.084542
1.084542
1.084542
1.084542
1.084542
1.084542
1.084542
1.084542
1.084542
1.084542
1.084542
1.084542
1.084542
1.084542
1.084542
1.084542
1.084542
1.084542
1.084542
1.084542
1.084542
1.084542
1.084542
1.084542
1.084542
1.084542
1.084539
1.084536
1.084533
1.084527
1.084509
1.084506
1.084506
1.084506
1.084506
1.084506
1.084506
1.084503
1.084503
1.084500
1.084497
1.084497
1.084497
1.084497
1.084497
1.084497
1.084497
1.084497
1.084497
1.084497
1.084497
1.084497
1.084497
1.084497
1.084497
1.084497
1.084497
1.084497
1.084497
1.084497
1.084497
1.084497
1.084497
1.084497
1.084497
1.084497
1.084497
1.084497
1.084497
1.084497
1.084497
1.084497
1.084497
1.084497
1.084497
1.084497
1.084497
1.084497
1.084497
1.084497
1.084497
1.084497
1.084497
1.084497
1.084497
1.084497
1.084497
1.084497
1.084497
1.084497
1.084497
1.084497
1.084497
1.084497
1.084497
1.084497
1.084497
1.084497
1.084497
1.084497
1.084497
1.084497
1.084497
1.084497
1.084497
1.084497
1.084497
1.084497
1.084497
1.084497
1.084497
1.084497
1.084497
1.084497
1.084497
1.084497
1.084497
1.084497
1.084497
1.084497
1.084497
1.084497
1.084497
1.084497
1.084497
1.084497
1.084497
1.084497
1.084497
1.084497
1.084497
1.084497
1.084497
1.084497
1.084497
1.084497
1.084497
1.084497
1.084497
1.084497