4.595786
4.595786
4.595786
4.595786
4.595786
4.595786
4.595786
4.595812
4.596127
4.596652
4.597349
4.598263
4.599282
4.600522
4.601903
4.603512
4.605406
4.607509
4.609717
4.612024
4.614529
4.617297
4.620263
4.623322
4.626630
4.630141
4.633847
4.637763
4.641853
4.646149
4.650599
4.655395
4.660273
4.665396
4.670720
4.676188
4.681886
4.687840
4.693906
4.700084
4.706520
4.713198
4.720095
4.727174
4.734359
4.741843
4.749525
4.757452
4.765509
4.773832
4.782428
4.791071
4.800227
4.809237
4.818620
4.828217
4.838040
4.847928
4.858291
4.868523
4.879194
4.890085
4.901120
4.912295
4.923830
4.935380
4.947289
4.959474
4.971755
4.984368
4.997194
5.010056
5.023269
5.036763
5.050281
5.064225
5.078384
5.092520
5.107155
5.121524
5.136703
5.151425
5.167070
5.182405
5.198187
5.213890
5.230053
5.246421
5.262971
5.279566
5.296644
5.313697
5.331017
5.348404
5.365961
5.383949
5.402285
5.420255
5.438840
5.457319
5.476194
5.494986
5.514535
5.533914
5.553595
5.573264
5.593421
5.613726
5.634180
5.654295
5.674614
5.695101
5.715711
5.736261
5.756814
5.777883
5.798399
5.819096
5.839940
5.860661
5.881019
5.901467
5.921924
5.942582
5.962955
5.983696
6.004372
6.024898
6.045271
6.065962
6.086269
6.106745
6.127162
6.147437
6.167879
6.188396
6.208449
6.228681
6.248922
6.269502
0.006343
0.026923
0.046885
0.066974
0.087443
0.107597
0.127824
0.148218
0.168247
0.188596
0.208783
0.229090
0.249545
0.269723
0.289838
0.310370
0.330621
0.350697
0.371050
0.391348
0.411442
0.431672
0.451964
0.471819
0.492405
0.512386
0.532429
0.552623
0.572693
0.592845
0.612649
0.632656
0.652628
0.672830
0.692562
0.712576
0.732479
0.752657
0.772650
0.792070
0.812336
0.832412
0.852072
0.871969
0.891953
0.911898
0.931744
0.951470
0.971471
0.991581
1.011696
1.031677
1.051915
1.072187
1.091955
1.112154
1.132524
1.152298
1.172911
1.192754
1.212983
1.233228
1.253346
1.273483
1.293826
1.313810
1.333952
1.354283
1.374204
1.394428
1.414798
1.434548
1.454693
1.474842
1.494747
1.515121
1.535032
1.555226
1.575168
1.595229
1.615297
1.635454
1.655489
1.675772
1.695921
1.716105
1.736382
1.756594
1.776853
1.797100
1.817255
1.837553
1.858088
1.878258
1.898802
1.918923
1.939290
1.959750
1.980129
2.000275
2.020714
2.041006
2.061380
2.081600
2.101640
2.122008
2.142186
2.162400
2.182705
2.203006
2.222945
2.243057
2.263257
2.283420
2.303488
2.323550
2.343485
2.363367
2.383581
2.403332
2.423369
2.443440
2.463363
2.483431
2.503469
2.523207
2.543571
2.563627
2.583421
2.603462
2.623748
2.643513
2.663542
2.683702
2.703617
2.723487
2.743591
2.763469
2.783594
2.803638
2.823597
2.843620
2.863600
2.883285
2.903250
2.923048
2.942762
2.962704
2.982616
3.002210
3.021870
3.041752
3.061301
3.080830
3.100514
3.119988
3.139708
3.159168
3.178699
3.198272
3.217956
3.237362
3.257082
3.276685
3.296030
3.315783
3.335539
3.354705
3.374599
3.394196
3.413697
3.433361
3.452979
3.472480
3.491811
3.511702
3.531188
3.550809
3.570433
3.589928
3.609463
3.629063
3.648453
3.667715
3.687261
3.707071
3.726396
3.745888
3.765210
3.784549
3.803883
3.823102
3.842577
3.861946
3.881103
3.900230
3.919561
3.938843
3.957994
3.977372
3.996640
4.015950
4.035235
4.054479
4.073750
4.093185
4.112515
4.131891
4.151294
4.170549
4.189880
4.209609
4.228865
4.248339
4.267828
4.287177
4.306702
4.326269
4.345627
4.365155
4.384878
4.404119
4.423602
4.443151
4.462746
4.482331
4.501706
4.521241
4.540436
4.559953
4.579409
4.598835
4.618274
4.637706
4.657106
4.676430
4.696054
4.715328
4.734698
4.754109
4.773607
4.792995
4.812475
4.831836
4.851457
4.871063
4.890555
4.910249
4.929777
4.949341
4.969025
4.988766
5.008010
5.027877
5.047603
5.067143
5.087067
5.106547
5.126174
5.145867
5.165671
5.185170
5.204970
5.224802
5.244072
5.263747
5.283302
5.303013
5.322437
5.341980
5.361323
5.380983
5.400412
5.419782
5.439133
5.458557
5.477938
5.497502
5.516402
5.536143
5.555120
5.574729
5.593637
5.613408
5.632496
5.651808
5.671250
5.690587
5.709950
5.729101
5.748401
5.767843
5.787089
5.806588
5.825927
5.845285
5.864532
5.883817
5.903279
5.922349
5.941602
5.960953
5.980000
5.999075
6.018481
6.037683
6.056791
6.075888
6.094967
6.113809
6.133239
6.152087
6.171208
6.190152
6.208817
6.228136
6.246756
6.265934
0.001363
0.020190
0.038856
0.057935
0.076966
0.095523
0.114443
0.133088
0.152460
0.171060
0.189947
0.208834
0.227724
0.246411
0.265265
0.284092
0.303219
0.321767
0.340709
0.359793
0.378573
0.397649
0.416170
0.435012
0.453962
0.472661
0.491434
0.510279
0.529068
0.547700
0.566539
0.585142
0.603852
0.622607
0.641189
0.659980
0.678550
0.697110
0.715686
0.734501
0.752864
0.771386
0.790012
0.808594
0.827199
0.845772
0.864230
0.882866
0.901570
0.920134
0.938763
0.957408
0.976181
0.994709
1.013437
1.032108
1.050930
1.069589
1.088566
1.106998
1.125885
1.144658
1.163381
1.182223
1.200978
1.219632
1.238333
1.256977
1.276002
1.294752
1.313501
1.332325
1.350991
1.369869
1.388441
1.407362
1.425967
1.444644
1.463328
1.481867
1.500569
1.519324
1.537945
1.556538
1.575296
1.593887
1.612879
1.631433
1.649991
1.668731
1.687622
1.706371
1.724830
1.744187
1.762820
1.781455
1.800231
1.819148
1.838057
1.857195
1.875792
1.894712
1.913776
1.932558
1.951628
1.970446
1.989321
2.008023
2.027308
2.045842
2.064915
2.083826
2.102468
2.121403
2.140460
2.158904
2.177732
2.196855
2.215314
2.234045
2.252986
2.271469
2.290104
2.308962
2.327432
2.345861
2.364847
2.383165
2.401875
2.420376
2.439086
2.457380
2.476312
2.494717
2.513329
2.532063
2.550528
2.569229
2.587892
2.606320
2.624959
2.643489
2.662457
2.680760
2.699596
2.717935
2.736846
2.755170
2.773737
2.792312
2.810780
2.829359
2.847829
2.866249
2.884843
2.903409
2.921736
2.939976
2.958680
2.976789
2.995370
3.013511
3.031766
3.050108
3.068366
3.086897
3.104756
3.122792
3.141353
3.159512
3.177306
3.196031
3.213789
3.232125
3.250029
3.268305
3.286449
3.304695
3.322854
3.341067
3.359259
3.377343
3.395520
3.413814
3.431964
3.450195
3.468417
3.486526
3.504784
3.523266
3.541234
3.559138
3.577702
3.595414
3.613957
3.631747
3.649961
3.668134
3.686195
3.704378
3.722474
3.740169
3.758412
3.776079
3.794400
3.812209
3.830125
3.848114
3.865886
3.884021
3.901752
3.919743
3.937540
3.955444
3.973328
3.991109
4.009172
4.026714
4.044637
4.063027
4.080665
4.098818
4.116755
4.134554
4.152534
4.170699
4.188552
4.206661
4.224607
4.242679
4.260647
4.278782
4.296776
4.314816
4.332998
4.351112
4.369092
4.387395
4.405215
4.423395
4.441401
4.459537
4.477684
4.495900
4.513658
4.531733
4.549838
4.567649
4.585734
4.603866
4.621689
4.639642
4.657828
4.675624
4.693601
4.711778
4.729529
4.747688
4.765440
4.783581
4.801555
4.819800
4.837732
4.855900
4.873963
4.892113
4.910194
4.928515
4.946510
4.964804
4.982996
5.001191
5.019410
5.037833
5.055641
5.074115
5.092474
5.110415
5.128613
5.146928
5.165171
5.183282
5.201501
5.219588
5.237807
5.255984
5.274177
5.292234
5.310477
5.328462
5.346336
5.364550
5.382247
5.400427
5.418598
5.436344
5.454281
5.472294
5.490252
5.508018
5.525995
5.543923
5.561780
5.579558
5.597400
5.615290
5.633068
5.651125
5.669158
5.686862
5.704740
5.722773
5.740651
5.758387
5.776073
5.794190
5.811984
5.829756
5.847861
5.865694
5.883655
5.901440
5.919191
5.937096
5.954907
5.972887
5.990435
6.007944
6.025956
6.043585
6.061516
6.078839
6.096843
6.114145
6.131917
6.149585
6.166980
6.184896
6.202124
6.219816
6.237097
6.254762
6.272019
0.006226
0.023729
0.041121
0.058537
0.076145
0.093393
0.110836
0.128201
0.145650
0.163162
0.180671
0.198018
0.215330
0.233039
0.250392
0.267853
0.285225
0.302865
0.320048
0.337742
0.355144
0.372572
0.389970
0.407320
0.424826
0.442326
0.459634
0.477023
0.494619
0.511819
0.529268
0.546576
0.563876
0.581169
0.598504
0.615752
0.633189
0.650234
0.667722
0.684782
0.702231
0.719188
0.736503
0.753661
0.770762
0.787927
0.805007
0.822229
0.839288
0.856686
0.873602
0.890668
0.908302
0.925215
0.942394
0.959769
0.976978
0.994295
1.011496
1.028747
1.046022
1.063366
1.080585
1.097899
1.115294
1.132629
1.149880
1.167326
1.184560
1.201889
1.219284
1.236562
1.254038
1.271287
1.288757
1.305933
1.323409
1.340484
1.358016
1.375085
1.392501
1.409570
1.426941
1.443979
1.461536
1.478745
1.496027
1.513074
1.530385
1.547631
1.564630
1.582148
1.599379
1.616552
1.633839
1.650998
1.668444
1.685851
1.702734
1.720165
1.737578
1.754799
1.772500
1.789586
1.806927
1.824505
1.842068
1.859334
1.876861
1.894415
1.911885
1.928966
1.946837
1.964020
1.981490
1.998912
2.016310
2.033600
2.051055
2.068672
2.085824
2.103267
2.120618
2.138339
2.155477
2.172641
2.190213
2.207458
2.224623
2.241874
2.259218
2.276484
2.293520
2.310777
2.327714
2.345007
2.362271
2.379426
2.396467
2.413940
2.430745
2.448009
2.465086
2.482328
2.499346
2.516492
2.533567
2.550642
2.567860
2.584943
2.602153
2.619452
2.636461
2.653583
2.670816
2.687885
2.705178
2.722289
2.739378
2.756542
2.773710
2.790658
2.807757
2.824852
2.841744
2.858762
2.876022
2.892944
2.910001
2.927036
2.943904
2.960903
2.977831
2.994630
3.011612
3.028695
3.045272
3.062182
3.079020
3.095621
3.112402
3.129186
3.146156
3.162649
3.179511
3.196058
3.213061
3.229557
3.246401
3.262855
3.279942
3.296369
3.313399
3.330143
3.346709
3.363600
3.380175
3.397171
3.413760
3.430562
3.447454
3.464022
3.480857
3.497485
3.514194
3.531023
3.547756
3.564498
3.581171
3.597745
3.614553
3.631304
3.647992
3.664761
3.681236
3.697855
3.714391
3.731076
3.747569
3.764176
3.780720
3.797303
3.813677
3.830236
3.846625
3.863157
3.879677
3.896111
3.912592
3.928821
3.945458
3.961724
3.978499
3.994462
4.011342
4.027649
4.044068
4.060444
4.076967
4.093392
4.110113
4.126379
4.143180
4.159482
4.176095
4.192660
4.209126
4.225593
4.242380
4.258783
4.275483
4.291911
4.308814
4.325235
4.341720
4.358348
4.375120
4.391667
4.408139
4.424833
4.441390
4.458107
4.474691
4.491058
4.507713
4.524222
4.540907
4.557220
4.573947
4.590279
4.607012
4.623532
4.639840
4.656312
4.673294
4.689298
4.705921
4.722324
4.738781
4.755415
4.771905
4.788396
4.804934
4.821523
4.837981
4.854537
4.871285
4.887757
4.904394
4.921193
4.937806
4.954374
4.971077
4.987652
5.004322
5.021207
5.037716
5.054377
5.071254
5.087840
5.104528
5.121318
5.137844
5.154577
5.171474
5.187920
5.204893
5.221212
5.237825
5.254630
5.271228
5.287812
5.304341
5.320900
5.337390
5.353964
5.370365
5.386969
5.403486
5.419938
5.436323
5.452831
5.469061
5.485444
5.502057
5.518253
5.534384
5.550961
5.567275
5.583609
5.600009
5.616311
5.632748
5.649382
5.665509
5.681787
5.698259
5.714672
5.730976
5.747469
5.763684
5.780106
5.796650
5.812628
5.829130
5.845554
5.861940
5.878202
5.894510
5.910785
5.926936
5.943543
5.959713
5.975886
5.992271
6.008534
6.024569
6.041026
6.057085
6.073303
6.089382
6.105345
6.121530
6.137811
6.153777
6.169973
6.185822
6.202130
6.217994
6.233936
6.249833
6.265688
6.281936
0.014393
0.030515
0.046358
0.062591
0.078242
0.094235
0.110129
0.125939
0.141923
0.157976
0.173810
0.189683
0.205658
0.221531
0.237518
0.253412
0.269339
0.285401
0.301268
0.317195
0.333296
0.349196
0.365048
0.381017
0.396855
0.412782
0.428769
0.444591
0.460470
0.476481
0.492336
0.508020
0.524181
0.539823
0.555508
0.571408
0.587137
0.602938
0.618731
0.634406
0.650177
0.665903
0.681531
0.697323
0.712965
0.728668
0.744370
0.759983
0.775517
0.791273
0.806856
0.822483
0.838063
0.853780
0.869432
0.885023
0.900881
0.916362
0.932001
0.947689
0.963334
0.979051
0.994939
1.010525
1.026251
1.041932
1.057728
1.073427
1.089321
1.104919
1.120795
1.136698
1.152286
1.167905
1.183969
1.199540
1.215515
1.231301
1.246866
1.262874
1.278513
1.294254
1.310265
1.325983
1.341583
1.357360
1.373188
1.388753
1.404692
1.420316
1.435923
1.451661
1.467378
1.482964
1.498636
1.514414
1.530032
1.545839
1.561673
1.577037
1.592898
1.608379
1.624387
1.639858
1.655767
1.671305
1.687028
1.702901
1.718436
1.734345
1.750170
1.766025
1.781716
1.797478
1.813345
1.829164
1.845115
1.861027
1.876796
1.892711
1.908473
1.924484
1.940315
1.956209
1.971983
1.987976
2.003798
2.019561
2.035437
2.051247
2.067117
2.082855
2.098884
2.114604
2.130394
2.146135
2.161855
2.177791
2.193206
2.208911
2.225072
2.240430
2.256189
2.271915
2.287438
2.303293
2.318702
2.334356
2.349882
2.365587
2.381116
2.396710
2.412278
2.427743
2.443302
2.459016
2.474485
2.490283
2.505671
2.521454
2.536896
2.552463
2.567950
2.583667
2.599235
2.614622
2.630439
2.645979
2.661705
2.677138
2.692760
2.708171
2.723969
2.739585
2.754987
2.770780
2.785976
2.801687
2.817189
2.832505
2.848243
2.863433
2.878961
2.894631
2.909812
2.925310
2.941037
2.956050
2.971602
2.986882
3.002222
3.017592
3.032821
3.048346
3.063456
3.078499
3.093874
3.109172
3.124440
3.139576
3.154733
3.170097
3.184931
3.200291
3.215398
3.230704
3.245820
3.260947
3.276101
3.291393
3.306517
3.321745
3.336957
3.352195
3.367295
3.382512
3.397654
3.413002
3.428174
3.443376
3.458467
3.473768
3.488925
3.504029
3.519344
3.534405
3.549748
3.564621
3.579721
3.595106
3.610023
3.625099
3.640424
3.655533
3.670525
3.685566
3.700819
3.715703
3.730707
3.745837
3.760737
3.775687
3.790685
3.805600
3.820532
3.835422
3.850268
3.865305
3.880282
3.895122
3.910126
3.924968
3.939694
3.954654
3.969649
3.984326
3.999247
4.014155
4.028980
4.043915
4.058880
4.073621
4.088535
4.103668
4.118433
4.133485
4.148390
4.163386
4.178378
4.193475
4.208365
4.223537
4.238344
4.253132
4.268502
4.283348
4.298196
4.313512
4.328382
4.343503
4.358312
4.373535
4.388425
4.403471
4.418413
4.433264
4.448338
4.463528
4.478145
4.493527
4.508360
4.523239
4.538144
4.553161
4.567847
4.582942
4.597856
4.612743
4.627690
4.642647
4.657345
4.672500
4.687339
4.702092
4.717048
4.732019
4.746907
4.761647
4.776690
4.791539
4.806441
4.821394
4.836276
4.851634
4.866258
4.881325
4.896491
4.911255
4.926496
4.941563
4.956613
4.971524
4.986732
5.001670
5.016809
5.031667
5.046803
5.061873
5.077006
5.092082
5.106901
5.122129
5.137164
5.152363
5.167283
5.182261
5.197286
5.212263
5.227294
5.242287
5.257348
5.272229
5.287119
5.302391
5.317086
5.331860
5.347197
5.361766
5.376905
5.391448
5.406476
5.421184
5.436018
5.450812
5.465544
5.480323
5.494893
5.509696
5.524677
5.539316
5.553957
5.568716
5.583369
5.598149
5.612854
5.627499
5.642320
5.657078
5.671879
5.686257
5.701276
5.715921
5.730619
5.745360
5.759999
5.774736
5.789447
5.804092
5.818970
5.833765
5.848179
5.862911
5.877606
5.892245
5.906902
5.921678
5.936314
5.950803
5.965693
5.980050
5.994932
6.009487
6.023829
6.038365
6.052938
6.067628
6.081880
6.096510
6.110918
6.125326
6.139809
6.154052
6.168694
6.183048
6.197390
6.211783
6.226248
6.240551
6.254786
6.269236
0.000174
0.014429
0.028891
0.043134
0.057389
0.071803
0.085882
0.100164
0.114560
0.128791
0.143113
0.157494
0.171473
0.185968
0.200286
0.214545
0.228962
0.243088
0.257580
0.271772
0.286060
0.300328
0.314652
0.329063
0.343405
0.357654
0.371903
0.386027
0.400360
0.414684
0.428832
0.443057
0.457438
0.471597
0.485625
0.499916
0.514378
0.528262
0.542637
0.556781
0.571204
0.585247
0.599289
0.613275
0.627731
0.641489
0.655786
0.669795
0.683829
0.697955
0.711917
0.725929
0.740173
0.754098
0.768087
0.782013
0.796106
0.810077
0.824167
0.838147
0.852132
0.866136
0.880112
0.894080
0.908311
0.922303
0.936324
0.950373
0.964559
0.978572
0.992575
1.006744
1.020765
1.034898
1.049153
1.063043
1.077154
1.091272
1.105323
1.119339
1.133684
1.147681
1.161784
1.176123
1.190090
1.204148
1.218400
1.232467
1.246638
1.260920
1.274864
1.289014
1.303404
1.317222
1.331295
1.345493
1.359484
1.373635
1.387779
1.401732
1.415768
1.429946
1.443955
1.458061
1.472055
1.486128
1.500218
1.514252
1.528201
1.542124
1.556277
1.570152
1.584204
1.598222
1.612184
1.626214
1.640535
1.654287
1.668378
1.682477
1.696544
1.710553
1.725018
1.738689
1.753034
1.767143
1.781143
1.795408
1.809495
1.823589
1.837700
1.852027
1.866037
1.880244
1.894574
1.908473
1.922839
1.937022
1.950921
1.965242
1.979452
1.993507
2.007621
2.021880
2.036090
2.050180
2.064316
2.078265
2.092583
2.106629
2.120683
2.134723
2.148813
2.162703
2.176973
2.190932
2.204978
2.219041
2.233012
2.247090
2.260992
2.274882
2.288756
2.302586
2.316557
2.330431
2.344420
2.358433
2.372110
2.386053
2.399967
2.413830
2.427770
2.441567
2.455433
2.469409
2.483239
2.497174
2.511046
2.524770
2.538768
2.552742
2.566476
2.580341
2.594168
2.608118
2.622046
2.636023
2.649865
2.663877
2.677552
2.691360
2.705289
2.719343
2.732955
2.746805
2.760776
2.774537
2.788346
2.802223
2.815963
2.829799
2.843626
2.857324
2.871073
2.884933
2.898633
2.912352
2.926110
2.939775
2.953473
2.967360
2.980905
2.994480
3.008157
3.021703
3.035320
3.048982
3.062599
3.076093
3.089959
3.103153
3.116899
3.130255
3.143819
3.157325
3.171035
3.184286
3.197906
3.211356
3.224772
3.238296
3.251836
3.265291
3.278668
3.292264
3.305758
3.319211
3.332852
3.346202
3.359747
3.373353
3.386886
3.400176
3.413847
3.427347
3.440701
3.454393
3.467812
3.481259
3.494816
3.508142
3.521705
3.535182
3.548589
3.562047
3.575568
3.589006
3.602401
3.615976
3.629249
3.642845
3.655988
3.669318
3.682902
3.696115
3.709564
3.722944
3.736298
3.749376
3.762786
3.776109
3.789334
3.802609
3.815954
3.829226
3.842367
3.855721
3.868789
3.882008
3.895122
3.908247
3.921433
3.934894
3.947757
3.961044
3.974412
3.987433
4.000529
4.013984
4.027041
4.040359
4.053493
4.066631
4.079733
4.093023
4.106179
4.119386
4.132748
4.145927
4.159164
4.172431
4.185613
4.198820
4.212197
4.225332
4.238658
4.251970
4.265159
4.278512
4.291773
4.304893
4.318171
4.331480
4.344644
4.357902
4.371234
4.384423
4.397743
4.411166
4.424016
4.437582
4.450756
4.463734
4.477217
4.490216
4.503603
4.516809
4.529995
4.543115
4.556301
4.569510
4.582633
4.595798
4.608998
4.622136
4.635243
4.648426
4.661624
4.674798
4.687842
4.700881
4.714028
4.727222
4.740303
4.753393
4.766644
4.779749
4.792848
4.806070
4.819234
4.832384
4.845593
4.858755
4.871956
4.885222
4.898405
4.911753
4.924719
4.938151
4.951231
4.964561
4.977735
4.990944
5.004163
5.017375
5.030732
5.043909
5.057163
5.070370
5.083711
5.096972
5.110319
5.123271
5.136427
5.149999
5.163041
5.176202
5.189631
5.202780
5.215879
5.228933
5.242406
5.255292
5.268670
5.281691
5.294915
5.307987
5.321059
5.334164
5.347259
5.360388
5.373301
5.386298
5.399412
5.412361
5.425336
5.438364
5.451313
5.464237
5.477201
5.490078
5.503036
5.516246
5.528754
5.541844
5.554664
5.567700
5.580736
5.593466
5.606361
5.619331
5.632193
5.645079
5.658007
5.671064
5.683627
5.696752
5.709581
5.722486
5.735288
5.748338
5.761096
5.774147
5.786903
5.799843
5.812696
5.825531
5.838430
5.851232
5.864115
5.876842
5.889920
5.902734
5.915383
5.928185
5.941045
5.953832
5.966598
5.979406
5.992197
6.004995
6.017723
6.030384
6.043093
6.055895
6.068518
6.081164
6.093984
6.106595
6.119121
6.131852
6.144366
6.157033
6.169680
6.182012
6.194715
6.207235
6.219792
6.232336
6.244902
6.257222
6.269718
6.282257
0.011376
0.023858
0.036492
0.048902
0.061356
0.073916
0.086298
0.098837
0.111286
0.123770
0.136144
0.148649
0.161044
0.173597
0.186130
0.198453
0.210898
0.223404
0.235888
0.248235
0.260678
0.273267
0.285683
0.298284
0.310670
0.323116
0.335519
0.348010
0.360551
0.372844
0.385293
0.397816
0.410211
0.422609
0.434967
0.447323
0.459712
0.472187
0.484537
0.496911
0.509336
0.521751
0.533810
0.546316
0.558669
0.571015
0.583329
0.595583
0.607900
0.620118
0.632509
0.644664
0.656993
0.669115
0.681330
0.693656
0.705847
0.718053
0.730238
0.742408
0.754578
0.766790
0.778897
0.791085
0.803312
0.815431
0.827565
0.839783
0.851914
0.863973
0.876284
0.888510
0.900656
0.912865
0.925017
0.937205
0.949471
0.961500
0.973886
0.986137
0.998277
1.010552
1.022809
1.034931
1.047197
1.059408
1.071579
1.083943
1.096149
1.108328
1.120711
1.132992
1.145374
1.157556
1.169810
1.182091
1.194324
1.206644
1.218631
1.231139
1.243285
1.255378
1.267940
1.280014
1.292295
1.304339
1.316845
1.328808
1.341215
1.353432
1.365582
1.377659
1.390101
1.402346
1.414321
1.426674
1.438652
1.450885
1.463010
1.475048
1.487380
1.499598
1.511603
1.523866
1.535871
1.548236
1.560256
1.572378
1.584497
1.596577
1.608753
1.620890
1.632952
1.645263
1.657340
1.669420
1.681662
1.693689
1.705873
1.718193
1.730318
1.742578
1.754835
1.766864
1.779106
1.791555
1.803530
1.816038
1.828146
1.840337
1.852557
1.864868
1.877098
1.889283
1.901687
1.913815
1.926045
1.938349
1.950597
1.962818
1.975075
1.987338
1.999607
2.011945
2.024052
2.036075
2.048548
2.060616
2.072738
2.084989
2.097036
2.109400
2.121558
2.133749
2.145895
2.158032
2.169999
2.182351
2.194402
2.206485
2.218544
2.230717
2.242674
2.254829
2.266921
2.278728
2.290749
2.303011
2.314975
2.326959
2.338898
2.350856
2.362828
2.374947
2.386748
2.398798
2.410753
2.422650
2.434694
2.446699
2.458654
2.470689
2.482643
2.494696
2.506492
2.518542
2.530373
2.542336
2.554369
2.566272
2.578160
2.590363
2.602216
2.614110
2.626103
2.638117
2.650000
2.661981
2.673929
2.685833
2.697805
2.709690
2.721668
2.733671
2.745529
2.757423
2.769375
2.781227
2.793058
2.805196
2.816949
2.828721
2.840729
2.852584
2.864398
2.876343
2.888105
2.899934
2.911807
2.923561
2.935371
2.947173
2.959010
2.970689
2.982481
2.994091
3.005904
3.017706
3.029357
3.041063
3.052888
3.064420
3.076072
3.087790
3.099420
3.111042
3.122580
3.134147
3.145883
3.157529
3.169207
3.180571
3.192328
3.203920
3.215442
3.227163
3.238608
3.250331
3.261893
3.273476
3.285014
3.296674
3.308338
3.319735
3.331582
3.343068
3.354609
3.366306
3.377796
3.389396
3.401195
3.412508
3.424286
3.435844
3.447466
3.458845
3.470649
3.482116
3.493650
3.505293
3.516780
3.528321
3.539963
3.551471
3.563063
3.574547
3.586037
3.597556
3.609178
3.620530
3.632134
3.643660
3.655093
3.666648
3.677959
3.689565
3.700809
3.712347
3.723714
3.735066
3.746485
3.757782
3.769335
3.780696
3.791908
3.803302
3.814726
3.825988
3.837271
3.848689
3.860008
3.871153
3.882523
3.893702
3.905081
3.916352
3.927557
3.938777
3.950249
3.961362
3.972528
3.983934
3.995139
4.006401
4.017705
4.028839
4.040125
4.051429
4.062664
4.073950
4.085108
4.096457
4.107677
4.119014
4.130306
4.141526
4.152905
4.164096
4.175451
4.186776
4.198062
4.209243
4.220490
4.231908
4.243276
4.254457
4.265737
4.277137
4.288417
4.299736
4.311061
4.322351
4.333603
4.344968
4.356203
4.367438
4.378778
4.390067
4.401318
4.412771
4.423860
4.435020
4.446420
4.457640
4.468714
4.480159
4.491313
4.502524
4.513793
4.525138
4.536170
4.547471
4.558718
4.569708
4.581231
4.592265
4.603335
4.614717
4.625734
4.636837
4.648046
4.659167
4.670324
4.681532
4.692717
4.703643
4.714852
4.725814
4.737157
4.748228
4.759373
4.770534
4.781700
4.792782
4.803876
4.815130
4.826272
4.837453
4.848742
4.859756
4.870856
4.882115
4.893384
4.904463
4.915704
4.926781
4.938064
4.949230
4.960358
4.971689
4.982783
4.994033
5.005140
5.016381
5.027457
5.038779
5.050140
5.061244
5.072365
5.083777
5.094629
5.106038
5.117243
5.128302
5.139369
5.150775
5.161767
5.172817
5.184265
5.195228
5.206334
5.217503
5.228619
5.239782
5.250849
5.261893
5.272981
5.284093
5.295113
5.306211
5.317239
5.328207
5.339299
5.350228
5.361209
5.372258
5.383170
5.394084
5.405122
5.416085
5.426844
5.437860
5.448832
5.459609
5.470484
5.481552
5.492218
5.503069
5.514044
5.524755
5.535609
5.546590
5.557289
5.568117
5.579085
5.589859
5.600696
5.611566
5.622300
5.633122
5.644096
5.654867
5.665596
5.676439
5.687279
5.698077
5.708913
5.719699
5.730404
5.741292
5.752032
5.762794
5.773640
5.784330
5.795206
5.805860
5.816726
5.827401
5.838265
5.848922
5.859687
5.870440
5.881034
5.891864
5.902632
5.913397
5.924048
5.934989
5.945371
5.956274
5.966895
5.977528
5.988361
5.998899
6.009538
6.020146
6.030774
6.041379
6.051962
6.062577
6.073096
6.083684
6.094308
6.104920
6.115292
6.126030
6.136424
6.146987
6.157441
6.167924
6.178329
6.188917
6.199245
6.209776
6.220283
6.230577
6.241201
6.251472
6.261859
6.272406
6.282679
0.009971
0.020337
0.030686
0.041016
0.051547
0.061922
0.072169
0.082727
0.092968
0.103253
0.113835
0.124070
0.134619
0.144838
0.155349
0.165598
0.176012
0.186424
0.196874
0.206986
0.217586
0.227889
0.238171
0.248784
0.258997
0.269399
0.279670
0.290081
0.300456
0.310829
0.321174
0.331481
0.341805
0.352112
0.362553
0.372832
0.383187
0.393511
0.403802
0.414241
0.424316
0.434931
0.445031
0.455496
0.465590
0.476004
0.486188
0.496530
0.506861
0.517143
0.527387
0.537525
0.547808
0.558036
0.568271
0.578455
0.588713
0.598852
0.609053
0.619159
0.629453
0.639475
0.649785
0.659911
0.670035
0.680222
0.690258
0.700448
0.710632
0.720620
0.730846
0.740988
0.751057
0.761076
0.771431
0.781276
0.791426
0.801472
0.811554
0.821588
0.831699
0.841682
0.851839
0.861986
0.872080
0.882138
0.892267
0.902310
0.912278
0.922411
0.932510
0.942568
0.952704
0.962813
0.972867
0.982994
0.993019
1.003116
1.013305
1.023255
1.033561
1.043634
1.053734
1.063864
1.074011
1.083985
1.094286
1.104364
1.114407
1.124540
1.134732
1.144766
1.154944
1.164999
1.175092
1.185279
1.195307
1.205322
1.215572
1.225633
1.235816
1.245763
1.255908
1.265951
1.276056
1.286204
1.296211
1.306325
1.316482
1.326387
1.336526
1.346703
1.356566
1.366534
1.376721
1.386773
1.396773
1.406771
1.416874
1.426773
1.436998
1.446918
1.457024
1.466953
1.476828
1.486904
1.496878
1.506786
1.516795
1.526715
1.536791
1.546771
1.556667
1.566617
1.576657
1.586490
1.596434
1.606503
1.616429
1.626466
1.636299
1.646393
1.656217
1.666284
1.676189
1.686067
1.696208
1.706233
1.716183
1.726262
1.736325
1.746332
1.756390
1.766217
1.776377
1.786252
1.796381
1.806388
1.816356
1.826318
1.836352
1.846398
1.856455
1.866303
1.876565
1.886455
1.896459
1.906681
1.916499
1.926569
1.936501
1.946499
1.956554
1.966614
1.976657
1.986601
1.996752
2.006627
2.016675
2.026715
2.036617
2.046597
2.056709
2.066530
2.076686
2.086516
2.096353
2.106374
2.116393
2.126268
2.136281
2.146219
2.156115
2.165960
2.175874
2.185761
2.195594
2.205586
2.215413
2.225189
2.235109
2.244981
2.254787
2.264602
2.274405
2.284208
2.294158
2.303763
2.313734
2.323475
2.333194
2.342991
2.352797
2.362531
2.372277
2.382053
2.391854
2.401456
2.411415
2.420912
2.430832
2.440560
2.450163
2.459912
2.469715
2.479404
2.489180
2.499032
2.508601
2.518269
2.528150
2.537836
2.547562
2.557314
2.566910
2.576614
2.586522
2.596226
2.605889
2.615614
2.625303
2.635124
2.644892
2.654506
2.664183
2.673932
2.683663
2.693338
2.703105
2.712737
2.722396
2.732092
2.741772
2.751359
2.761246
2.770828
2.780430
2.790164
2.799713
2.809402
2.819058
2.828628
2.838308
2.847991
2.857480
2.867091
2.876631
2.886254
2.895841
2.905521
2.915070
2.924579
2.934152
2.943667
2.953201
2.962713
2.972241
2.981708
2.991256
3.000745
3.010240
3.019728
3.029190
3.038726
3.048275
3.057547
3.066964
3.076491
3.085815
3.095366
3.104729
3.113993
3.123472
3.132835
3.142222
3.151570
3.160920
3.170259
3.179688
3.189083
3.198362
3.207716
3.217171
3.226396
3.235744
3.245136
3.254463
3.263766
3.273221
3.282470
3.291803
3.301253
3.310498
3.319855
3.329221
3.338577
3.347859
3.357255
3.366552
3.375836
3.385238
3.394514
3.403870
3.413293
3.422533
3.431824
3.441207
3.450492
3.459861
3.469142
3.478427
3.487724
3.497054
3.506309
3.515608
3.524959
3.534166
3.543403
3.552706
3.561909
3.571167
3.580449
3.589728
3.598878
3.608169
3.617384
3.626555
3.635777
3.645014
3.654146
3.663425
3.672521
3.681695
3.690958
3.699989
3.709127
3.718307
3.727310
3.736520
3.745642
3.754811
3.763865
3.773000
3.782039
3.791138
3.800189
3.809303
3.818249
3.827351
3.836351
3.845357
3.854492
3.863558
3.872418
3.881568
3.890445
3.899451
3.908523
3.917371
3.926365
3.935371
3.944350
3.953353
3.962245
3.971278
3.980171
3.989195
3.998057
4.007133
4.016027
4.025073
4.033938
4.042929
4.051960
4.060828
4.069810
4.078762
4.087756
4.096661
4.105772
4.114664
4.123595
4.132562
4.141572
4.150500
4.159467
4.168401
4.177512
4.186315
4.195249
4.204330
4.213204
4.222168
4.231270
4.240088
4.249211
4.258094
4.267019
4.275945
4.284900
4.293759
4.302741
4.311702
4.320598
4.329523
4.338514
4.347406
4.356365
4.365278
4.374230
4.383239
4.392117
4.400988
4.409907
4.418781
4.427692
4.436461
4.445414
4.454249
4.463333
4.472034
4.480851
4.489941
4.498623
4.507585
4.516441
4.525154
4.534067
4.542878
4.551641
4.560471
4.569312
4.578070
4.586872
4.595702
4.604465
4.613288
4.622001
4.630723
4.639390
4.648351
4.657010
4.665689
4.674519
4.683196
4.691920
4.700752
4.709384
4.718163
4.726842
4.735479
4.744243
4.753051
4.761701
4.770420
4.779201
4.787899
4.796605
4.805347
4.813907
4.822638
4.831548
4.840230
4.848892
4.857578
4.866374
4.875072
4.883790
4.892464
4.901216
4.909943
4.918608
4.927236
4.936143
4.944673
4.953473
4.962200
4.970886
4.979745
4.988335
4.997077
5.005799
5.014424
5.023104
5.032032
5.040649
5.049263
5.057990
5.066702
5.075352
5.084026
5.092828
5.101436
5.110118
5.118804
5.127504
5.136112
5.144795
5.153510
5.162076
5.170834
5.179432
5.188145
5.196732
5.205243
5.213836
5.222533
5.231099
5.239563
5.248237
5.256824
5.265338
5.273970
5.282533
5.290946
5.299565
5.308187
5.316648
5.325133
5.333573
5.342058
5.350630
5.359028
5.367480
5.376096
5.384383
5.392808
5.401287
5.409598
5.418137
5.426535
5.434885
5.443268
5.451690
5.460034
5.468327
5.476653
5.485150
5.493365
5.501772
5.510176
5.518418
5.526744
5.535070
5.543345
5.551683
5.559961
5.568264
5.576602
5.584816
5.593095
5.601394
5.609753
5.617947
5.626294
5.634470
5.642778
5.651089
5.659343
5.667601
5.675822
5.684142
5.692360
5.700626
5.708874
5.717144
5.725410
5.733562
5.741813
5.750055
5.758285
5.766435
5.774757
5.782883
5.791077
5.799361
5.807445
5.815713
5.823872
5.832018
5.840135
5.848487
5.856508
5.864783
5.872926
5.881028
5.889096
5.897407
5.905439
5.913580
5.921741
5.929845
5.937965
5.946129
5.954176
5.962278
5.970463
5.978445
5.986606
5.994692
6.002671
6.010736
6.018870
6.026759
6.034944
6.042938
6.050826
6.058912
6.066948
6.074926
6.082932
6.090838
6.098838
6.106828
6.114918
6.122746
6.130677
6.138652
6.146502
6.154451
6.162381
6.170267
6.178167
6.186074
6.193933
6.201807
6.209746
6.217491
6.225419
6.233292
6.241061
6.248959
6.256796
6.264616
6.272394
6.280171
0.004827
0.012679
0.020505
0.028226
0.035971
0.043931
0.051691
0.059364
0.067297
0.075012
0.082763
0.090550
0.098510
0.106135
0.113952
0.121748
0.129481
0.137300
0.145147
0.152841
0.160562
0.168333
0.176219
0.183874
0.191691
0.199420
0.207204
0.214985
0.222763
0.230565
0.238243
0.246030
0.253733
0.261490
0.269229
0.277009
0.284736
0.292478
0.300250
0.307926
0.315688
0.323460
0.331148
0.338953
0.346629
0.354281
0.362058
0.369824
0.377524
0.385107
0.392897
0.400567
0.408344
0.415987
0.423666
0.431324
0.439090
0.446742
0.454433
0.462094
0.469716
0.477371
0.485050
0.492665
0.500320
0.508035
0.515594
0.523219
0.530922
0.538445
0.546118
0.553716
0.561299
0.568891
0.576501
0.584078
0.591727
0.599364
0.606815
0.614404
0.621984
0.629501
0.637084
0.644536
0.652152
0.659687
0.667183
0.674727
0.682199
0.689836
0.697197
0.704690
0.712243
0.719686
0.727164
0.734726
0.742054
0.749649
0.757085
0.764489
0.771952
0.779355
0.786842
0.794290
0.801835
0.809292
0.816683
0.824122
0.831567
0.838971
0.846497
0.853786
0.861321
0.868748
0.876173
0.883597
0.891051
0.898532
0.905909
0.913405
0.920724
0.928181
0.935665
0.943030
0.950553
0.957947
0.965389
0.972909
0.980181
0.987665
0.995146
1.002471
1.009902
1.017413
1.024747
1.032171
1.039637
1.047038
1.054450
1.061835
1.069275
1.076729
1.084171
1.091562
1.099025
1.106498
1.113886
1.121247
1.128677
1.136063
1.143550
1.150872
1.158359
1.165685
1.173109
1.180491
1.187903
1.195328
1.202695
1.210086
1.217540
1.224899
1.232275
1.239756
1.247054
1.254407
1.261804
1.269219
1.276542
1.283888
1.291300
1.298692
1.306089
1.313378
1.320680
1.328080
1.335393
1.342701
1.350143
1.357408
1.364818
1.372155
1.379411
1.386671
1.394041
1.401324
1.408653
1.415972
1.423217
1.430545
1.437852
1.445055
1.452482
1.459744
1.466935
1.474269
1.481613
1.488821
1.496069
1.503349
1.510603
1.517892
1.525097
1.532297
1.539550
1.546861
1.554000
1.561326
1.568570
1.575725
1.582978
1.590241
1.597449
1.604658
1.611947
1.619147
1.626367
1.633705
1.640850
1.648041
1.655321
1.662524
1.669783
1.677037
1.684242
1.691495
1.698752
1.705978
1.713124
1.720533
1.727604
1.734959
1.742150
1.749340
1.756519
1.763853
1.771023
1.778291
1.785560
1.792789
1.800091
1.807266
1.814517
1.821770
1.828975
1.836274
1.843374
1.850628
1.858004
1.865177
1.872400
1.879591
1.886796
1.894104
1.901258
1.908560
1.915705
1.922908
1.930143
1.937295
1.944512
1.951760
1.959124
1.966183
1.973403
1.980660
1.987820
1.994984
2.002139
2.009335
2.016541
2.023755
2.030874
2.038103
2.045246
2.052403
2.059564
2.066751
2.073924
2.081004
2.088182
2.095277
2.102483
2.109541
2.116678
2.123808
2.130918
2.138034
2.145077
2.152262
2.159348
2.166418
2.173543
2.180569
2.187645
2.194704
2.201745
2.208807
2.215877
2.222876
2.229911
2.236984
2.243983
2.251015
2.258101
2.265066
2.272083
2.279055
2.285946
2.293056
2.299947
2.307038
2.313920
2.320946
2.327828
2.334776
2.341786
2.348689
2.355664
2.362570
2.369485
2.376418
2.383426
2.390278
2.397192
2.404194
2.411046
2.417970
2.424882
2.431878
2.438727
2.445687
2.452584
2.459433
2.466393
2.473280
2.480192
2.487083
2.494040
2.500871
2.507741
2.514683
2.521595
2.528534
2.535374
2.542250
2.549152
2.556041
2.562925
2.569891
2.576623
2.583544
2.590396
2.597263
2.604226
2.611009
2.617849
2.624839
2.631577
2.638552
2.645314
2.652286
2.659087
2.665903
2.672803
2.679661
2.686462
2.693320
2.700073
2.706982
2.713795
2.720620
2.727400
2.734294
2.741056
2.747944
2.754712
2.761531
2.768335
2.775094
2.781916
2.788717
2.795563
2.802316
2.809099
2.815894
2.822711
2.829425
2.836220
2.842943
2.849657
2.856491
2.863193
2.869931
2.876672
2.883395
2.890113
2.896863
2.903607
2.910309
2.916963
2.923656
2.930374
2.937145
2.943703
2.950348
2.957161
2.963762
2.970374
2.977067
2.983802
2.990388
2.997156
3.003657
3.010282
3.016951
3.023605
3.030220
3.036808
3.043376
3.050021
3.056597
3.063093
3.069678
3.076333
3.082945
3.089524
3.096095
3.102644
3.109154
3.115829
3.122277
3.128839
3.135376
3.141853
3.148406
3.154949
3.161409
3.167973
3.174456
3.180925
3.187441
3.194003
3.200513
3.207003
3.213576
3.220029
3.226486
3.232999
3.239456
3.246002
3.252582
3.258936
3.265453
3.271924
3.278393
3.284861
3.291348
3.297819
3.304300
3.310792
3.317194
3.323663
3.330170
3.336711
3.343071
3.349606
3.355996
3.362477
3.368882
3.375312
3.381763
3.388168
3.394601
3.401129
3.407475
3.413904
3.420370
3.426712
3.433103
3.439574
3.445950
3.452368
3.458743
3.465125
3.471509
3.477990
3.484276
3.490678
3.497054
3.503390
3.509763
3.516217
3.522502
3.528884
3.535239
3.541548
3.547822
3.554347
3.560534
3.566796
3.573151
3.579559
3.585737
3.592137
3.598419
3.604786
3.611015
3.617259
3.623529
3.629848
3.636089
3.642333
3.648615
3.654844
3.661088
3.667374
3.673530
3.679759
3.685931
3.692250
3.698344
3.704585
3.710744
3.716925
3.723124
3.729329
3.735378
3.741661
3.747698
3.753903
3.760066
3.766177
3.772295
3.778512
3.784561
3.790628
3.796779
3.802891
3.808874
3.815109
3.821068
3.827177
3.833412
3.839386
3.845438
3.851514
3.857545
3.863606
3.869760
3.875665
3.881798
3.887760
3.893905
3.899814
3.905890
3.911891
3.917883
3.923905
3.929879
3.935871
3.941887
3.947855
3.953868
3.959897
3.965808
3.971797
3.977759
3.983691
3.989689
3.995702
4.001670
4.007543
4.013475
4.019533
4.025405
4.031379
4.037440
4.043301
4.049236
4.055159
4.061109
4.067078
4.072968
4.078900
4.084844
4.090701
4.096696
4.102634
4.108522
4.114514
4.120419
4.126286
4.132188
4.138135
4.144052
4.149993
4.155880
4.161804
4.167643
4.173581
4.179402
4.185338
4.191228
4.197073
4.203023
4.208857
4.214813
4.220637
4.226554
4.232451
4.238272
4.244207
4.249984
4.255859
4.261797
4.267606
4.273407
4.279321
4.285098
4.290901
4.296776
4.302649
4.308362
4.314324
4.320100
4.325883
4.331731
4.337541
4.343359
4.349189
4.354939
4.360784
4.366530
4.372324
4.378104
4.383925
4.389723
4.395421
4.401227
4.407025
4.412768
4.418542
4.424282
4.429990
4.435802
4.441534
4.447208
4.452963
4.458695
4.464423
4.470131
4.475811
4.481471
4.487236
4.492880
4.498569
4.504355
4.509927
4.515641
4.521262
4.526942
4.532602
4.538249
4.543867
4.549532
4.555150
4.560815
4.566400
4.571985
4.577614
4.583220
4.588754
4.594290
4.599998
4.605541
4.611116
4.616707
4.622273
4.627819
4.633431
4.638995
4.644505
4.650023
4.655605
4.661111
4.666597
4.672182
4.677674
4.683150
4.688717
4.694170
4.699760
4.705231
4.710666
4.716167
4.721623
4.727150
4.732627
4.738074
4.743563
4.749040
4.754540
4.759984
4.765467
4.770932
4.776412
4.781886
4.787392
4.792746
4.798241
4.803715
4.809159
4.814572
4.820014
4.825490
4.830880
4.836363
4.841750
4.847152
4.852604
4.858009
4.863519
4.868813
4.874305
4.879704
4.885120
4.890576
4.895891
4.901341
4.906728
4.912082
4.917511
4.922865
4.928255
4.933618
4.938966
4.944359
4.949746
4.955147
4.960402
4.965798
4.971134
4.976473
4.981812
4.987134
4.992532
4.997817
5.003120
5.008459
5.013768
5.019065
5.024416
5.029710
5.035016
5.040238
5.045631
5.050773
5.056153
5.061441
5.066685
5.071967
5.077276
5.082468
5.087747
5.093062
5.098266
5.103533
5.108791
5.114001
5.119184
5.124520
5.129692
5.134977
5.140208
5.145370
5.150625
5.155847
5.161030
5.166162
5.171376
5.176571
5.181715
5.186893
5.192055
5.197178
5.202355
5.207472
5.212595
5.217734
5.222827
5.227980
5.233056
5.238254
5.243221
5.248393
5.253453
5.258477
5.263574
5.268640
5.273727
5.278758
5.283785
5.288785
5.293849
5.298879
5.303897
5.308904
5.313919
5.318929
5.323899
5.328869
5.333879
5.338867
5.343787
5.348793
5.353737
5.358686
5.363606
5.368501
5.373436
5.378463
5.383257
5.388227
5.393123
5.398042
5.402932
5.407848
5.412672
5.417571
5.422463
5.427290
5.432179
5.437036
5.441842
5.446671
5.451564
5.456292
5.461223
5.466008
5.470766
5.475605
5.480425
5.485192
5.489997
5.494827
5.499498
5.504315
5.509136
5.513807
5.518601
5.523376
5.528125
5.532829
5.537638
5.542312
5.547093
5.551803
5.556501
5.561241
5.565989
5.570660
5.575358
5.580080
5.584814
5.589505
5.594170
5.598925
5.603539
5.608258
5.612833
5.617497
5.622264
5.626890
5.631588
5.636169
5.640825
5.645499
5.650134
5.654729
5.659349
5.664029
5.668556
5.673152
5.677826
5.682401
5.686982
5.691626
5.696234
5.700821
5.705384
5.709935
5.714573
5.719130
5.723693
5.728232
5.732792
5.737376
5.741975
5.746430
5.751101
5.755562
5.760152
5.764592
5.769122
5.773763
5.778239
5.782724
5.787281
5.791820
5.796335
5.800862
5.805326
5.809814
5.814335
5.818823
5.823287
5.827785
5.832285
5.836695
5.841192
5.845635
5.850129
5.854632
5.859001
5.863483
5.868040
5.872366
5.876818
5.881238
5.885693
5.890085
5.894498
5.898905
5.903297
5.907767
5.912106
5.916498
5.920920
5.925339
5.929647
5.934037
5.938318
5.942768
5.947124
5.951501
5.955803
5.960210
5.964543
5.968887
5.973133
5.977519
5.981806
5.986120
5.990384
5.994728
5.999027
6.003270
6.007551
6.011871
6.016156
6.020413
6.024724
6.028979
6.033248
6.037458
6.041775
6.045960
6.050221
6.054445
6.058661
6.062933
6.067098
6.071319
6.075568
6.079813
6.083986
6.088214
6.092402
6.096591
6.100705
6.104917
6.109087
6.113252
6.117428
6.121599
6.125775
6.129901
6.134042
6.138203
6.142353
6.146463
6.150622
6.154708
6.158819
6.162930
6.167058
6.171193
6.175336
6.179411
6.183521
6.187692
6.191683
6.195832
6.199865
6.203960
6.207999
6.212071
6.216143
6.220211
6.224262
6.228357
6.232384
6.236450
6.240503
6.244563
6.248605
6.252607
6.256652
6.260631
6.264670
6.268663
6.272690
6.276681
6.280704
0.001588
0.005567
0.009542
0.013551
0.017533
0.021551
0.025523
0.029517
0.033487
0.037460
0.041450
0.045396
0.049363
0.053327
0.057315
0.061278
0.065191
0.069206
0.073191
0.077095
0.081040
0.085034
0.088974
0.092896
0.096865
0.100775
0.104691
0.108640
0.112565
0.116472
0.120385
0.124351
0.128249
0.132222
0.136072
0.140012
0.143981
0.147831
0.151711
0.155651
0.159549
0.163441
0.167381
0.171237
0.175122
0.179038
0.182924
0.186795
0.190699
0.194537
0.198471
0.202309
0.206222
0.210021
0.213900
0.217777
0.221621
0.225495
0.229315
0.233168
0.237060
0.240883
0.244700
0.248592
0.252394
0.256205
0.260076
0.263899
0.267743
0.271566
0.275377
0.279179
0.283052
0.286872
0.290671
0.294512
0.298290
0.302086
0.305867
0.309627
0.313465
0.317306
0.321069
0.324841
0.328646
0.332400
0.336253
0.339974
0.343729
0.347480
0.351273
0.355099
0.358853
0.362607
0.366340
0.370079
0.373842
0.377581
0.381332
0.385074
0.388810
0.392576
0.396279
0.400051
0.403784
0.407524
0.411170
0.414936
0.418597
0.422324
0.426072
0.429778
0.433433
0.437125
0.440846
0.444558
0.448255
0.451913
0.455550
0.459292
0.462957
0.466642
0.470342
0.473967
0.477592
0.481230
0.484900
0.488552
0.492246
0.495856
0.499520
0.503176
0.506777
0.510498
0.514084
0.517722
0.521359
0.524945
0.528561
0.532180
0.535809
0.539395
0.542999
0.546624
0.550178
0.553743
0.557359
0.560967
0.564541
0.568112
0.571719
0.575303
0.578895
0.582427
0.585993
0.589573
0.593153
0.596686
0.600248
0.603786
0.607343
0.610908
0.614431
0.617979
0.621469
0.625031
0.628573
0.632126
0.635613
0.639146
0.642681
0.646204
0.649722
0.653215
0.656697
0.660229
0.663764
0.667189
0.670685
0.674173
0.677666
0.681147
0.684632
0.688122
0.691574
0.695082
0.698554
0.701985
0.705487
0.708933
0.712354
0.715875
0.719263
0.722727
0.726169
0.729597
0.733033
0.736464
0.739840
0.743301
0.746752
0.750165
0.753586
0.757038
0.760375
0.763824
0.767212
0.770595
0.774004
0.777390
0.780805
0.784146
0.787612
0.790947
0.794332
0.797742
0.801112
0.804489
0.807872
0.811242
0.814652
0.817965
0.821336
0.824709
0.828086
0.831382
0.834743
0.838102
0.841445
0.844774
0.848151
0.851440
0.854832
0.858148
0.861480
0.864809
0.868146
0.871463
0.874753
0.878129
0.881446
0.884732
0.888106
0.891330
0.894682
0.897999
0.901265
0.904566
0.907919
0.911170
0.914474
0.917770
0.921057
0.924373
0.927663
0.930923
0.934224
0.937577
0.940774
0.944072
0.947332
0.950589
0.953857
0.957111
0.960350
0.963595
0.966992
0.970153
0.973470
0.976666
0.979962
0.983174
0.986419
0.989633
0.992905
0.996138
0.999347
1.002609
1.005860
1.009084
1.012343
1.015537
1.018773
1.021967
1.025211
1.028432
1.031665
1.034883
1.038083
1.041315
1.044533
1.047709
1.050909
1.054096
1.057248
1.060472
1.063681
1.066857
1.070092
1.073223
1.076438
1.079629
1.082838
1.085945
1.089150
1.092287
1.095448
1.098642
1.101806
1.104975
1.108088
1.111327
1.114434
1.117568
1.120687
1.123827
1.126991
1.130154
1.133294
1.136416
1.139565
1.142687
1.145800
1.148916
1.152023
1.155159
1.158338
1.161364
1.164504
1.167611
1.170685
1.173762
1.176965
1.179991
1.183158
1.186214
1.189296
1.192424
1.195504
1.198554
1.201619
1.204750
1.207824
1.210856
1.213930
1.217010
1.220087
1.223155
1.226151
1.229183
1.232323
1.235343
1.238390
1.241461
1.244505
1.247510
1.250596
1.253601
1.256624
1.259650
1.262700
1.265720
1.268746
1.271781
1.274762
1.277785
1.280784
1.283810
1.286809
1.289829
1.292822
1.295854
1.298829
1.301804
1.304836
1.307796
1.310766
1.313756
1.316713
1.319709
1.322648
1.325617
1.328622
1.331600
1.334491
1.337437
1.340442
1.343402
1.346302
1.349250
1.352213
1.355113
1.358067
1.361024
1.363925
1.366879
1.369779
1.372697
1.375636
1.378581
1.381416
1.384397
1.387237
1.390110
1.393019
1.395893
1.398787
1.401672
1.404521
1.407364
1.410259
1.413090
1.415954
1.418833
1.421689
1.424550
1.427366
1.430254
1.433071
1.435959
1.438799
1.441624
1.444504
1.447296
1.450106
1.452955
1.455745
1.458585
1.461401
1.464197
1.467019
1.469841
1.472622
1.475465
1.478269
1.481028
1.483833
1.486634
1.489414
1.492165
1.494975
1.497723
1.500485
1.503271
1.506022
1.508811
1.511540
1.514354
1.517086
1.519815
1.522575
1.525349
1.528087
1.530832
1.533597
1.536357
1.539080
1.541788
1.544524
1.547238
1.549983
1.552718
1.555441
1.558168
1.560834
1.563540
1.566287
1.569014
1.571686
1.574413
1.577097
1.579800
1.582502
1.585183
1.587868
1.590582
1.593237
1.595912
1.598636
1.601296
1.603969
1.606683
1.609356
1.612055
1.614715
1.617397
1.620054
1.622745
1.625378
1.628033
1.630744
1.633372
1.636014
1.638687
1.641299
1.643981
1.646615
1.649278
1.651885
1.654548
1.657194
1.659851
1.662455
1.665115
1.667719
1.670352
1.672962
1.675619
1.678229
1.680851
1.683451
1.686058
1.688682
1.691304
1.693922
1.696487
1.699081
1.701721
1.704313
1.706883
1.709481
1.712051
1.714664
1.717259
1.719787
1.722364
1.724946
1.727514
1.730037
1.732625
1.735184
1.737793
1.740316
1.742869
1.745430
1.748007
1.750554
1.753088
1.755650
1.758209
1.760746
1.763281
1.765816
1.768353
1.770891
1.773387
1.775912
1.778432
1.780919
1.783432
1.785970
1.788475
1.790991
1.793511
1.795995
1.798458
1.800974
1.803467
1.805960
1.808441
1.810951
1.813444
1.815946
1.818381
1.820847
1.823346
1.825815
1.828307
1.830800
1.833269
1.835735
1.838197
1.840672
1.843102
1.845526
1.847950
1.850418
1.852869
1.855284
1.857714
1.860173
1.862633
1.865048
1.867463
1.869893
1.872367
1.874824
1.877221
1.879663
1.882033
1.884495
1.886886
1.889259
1.891650
1.894044
1.896468
1.898834
1.901234
1.903658
1.906058
1.908434
1.910822
1.913207
1.915591
1.917964
1.920295
1.922674
1.925068
1.927405
1.929760
1.932178
1.934524
1.936923
1.939218
1.941594
1.943943
1.946325
1.948671
1.951005
1.953345
1.955688
1.958004
1.960340
1.962692
1.965011
1.967357
1.969646
1.972019
1.974326
1.976615
1.978931
1.981235
1.983548
1.985837
1.988156
1.990430
1.992752
1.995044
1.997330
1.999616
2.001932
2.004212
2.006486
2.008769
2.011028
2.013296
2.015570
2.017850
2.020094
2.022392
2.024642
2.026865
2.029139
2.031392
2.033654
2.035895
2.038133
2.040380
2.042636
2.044844
2.047088
2.049338
2.051564
2.053793
2.055963
2.058225
2.060436
2.062626
2.064846
2.067057
2.069280
2.071476
2.073696
2.075889
2.078071
2.080243
2.082442
2.084626
2.086780
2.088976
2.091127
2.093323
2.095478
2.097656
2.099765
2.101973
2.104118
2.106318
2.108433
2.110611
2.112738
2.114898
2.117013
2.119168
2.121289
2.123398
2.125522
2.127643
2.129765
2.131880
2.133992
2.136092
2.138240
2.140356
2.142429
2.144544
2.146656
2.148772
2.150821
2.152957
2.154997
2.157134
2.159198
2.161253
2.163320
2.165400
2.167446
2.169522
2.171569
2.173687
2.175718
2.177803
2.179844
2.181899
2.183945
2.185974
2.188029
2.190087
2.192097
2.194132
2.196178
2.198195
2.200196
2.202239
2.204216
2.206263
2.208288
2.210295
2.212297
2.214349
2.216291
2.218298
2.220287
2.222250
2.224197
2.226184
2.228191
2.230195
2.232200
2.234168
2.236163
2.238120
2.240073
2.242006
2.243980
2.245910
2.247848
2.249799
2.251746
2.253714
2.255659
2.257582
2.259551
2.261489
2.263368
2.265291
2.267266
2.269180
2.271074
2.273012
2.274903
2.276853
2.278806
2.280703
2.282552
2.284481
2.286380
2.288253
2.290128
2.292043
2.293918
2.295818
2.297678
2.299569
2.301492
2.303347
2.305243
2.307086
2.308956
2.310816
2.312665
2.314501
2.316368
2.318196
2.320023
2.321902
2.323762
2.325608
2.327429
2.329254
2.331117
2.332954
2.334773
2.336576
2.338404
2.340237
2.342032
2.343884
2.345681
2.347488
2.349298
2.351059
2.352857
2.354678
2.356443
2.358256
2.360050
2.361866
2.363628
2.365428
2.367220
2.369033
2.370818
2.372556
2.374324
2.376088
2.377841
2.379597
2.381352
2.383090
2.384831
2.386611
2.388345
2.390101
2.391848
2.393618
2.395356
2.397115
2.398837
2.400578
2.402325
2.404032
2.405731
2.407457
2.409132
2.410846
2.412547
2.414312
2.416059
2.417787
2.419480
2.421185
2.422890
2.424573
2.426224
2.427920
2.429583
2.431234
2.432914
2.434595
2.436306
2.438032
2.439695
2.441384
2.443062
2.444722
2.446364
2.448015
2.449632
2.451277
2.452919
2.454585
2.456206
2.457881
2.459519
2.461191
2.462863
2.464508
2.466123
2.467735
2.469350
2.470964
2.472570
2.474188
2.475791
2.477400
2.479018
2.480657
2.482284
2.483898
2.485516
2.487131
2.488704
2.490262
2.491832
2.493393
2.494978
2.496569
2.498115
2.499709
2.501318
2.502887
2.504460
2.506060
2.507645
2.509227
2.510749
2.512304
2.513820
2.515375
2.516879
2.518416
2.519968
2.521487
2.523018
2.524555
2.526119
2.527680
2.529223
2.530757
2.532282
2.533789
2.535284
2.536791
2.538262
2.539742
2.541243
2.542747
2.544248
2.545749
2.547271
2.548766
2.550258
2.551774
2.553260
2.554743
2.556238
2.557679
2.559129
2.560597
2.562038
2.563507
2.564954
2.566416
2.567824
2.569316
2.570739
2.572198
2.573681
2.575116
2.576578
2.578032
2.579437
2.580875
2.582289
2.583691
2.585129
2.586531
2.587913
2.589321
2.590732
2.592128
2.593521
2.594950
2.596346
2.597758
2.599181
2.600616
2.601997
2.603396
2.604765
2.606119
2.607498
2.608864
2.610203
2.611569
2.612930
2.614266
2.615638
2.617004
2.618391
2.619776
2.621127
2.622496
2.623853
2.625186
2.626550
2.627871
2.629177
2.630513
2.631829
2.633126
2.634471
2.635753
2.637078
2.638375
2.639744
2.641053
2.642390
2.643741
2.645038
2.646363
2.647675
2.648960
2.650236
2.651507
2.652786
2.654044
2.655327
2.656588
2.657846
2.659132
2.660399
2.661669
2.662955
2.664246
2.665537
2.666808
2.668096
2.669369
2.670628
2.671862
2.673099
2.674337
2.675541
2.676733
2.677968
2.679175
2.680398
2.681659
2.682878
2.684116
2.685359
2.686582
2.687795
2.689050
2.690279
2.691498
2.692708
2.693913
2.695111
2.696301
2.697475
2.698641
2.699812
2.700972
2.702143
2.703318
2.704474
2.705673
2.706841
2.708027
2.709211
2.710412
2.711581
2.712758
2.713945
2.715086
2.716231
2.717366
2.718511
2.719631
2.720758
2.721857
2.722978
2.724116
2.725240
2.726372
2.727502
2.728628
2.729761
2.730884
2.732005
2.733113
2.734210
2.735315
2.736433
2.737547
2.738656
2.739768
2.740861
2.741946
2.743000
2.744064
2.745133
2.746191
2.747261
2.748333
2.749403
2.750469
2.751536
2.752597
2.753669
2.754712
2.755764
2.756824
2.757876
2.758927
2.759982
2.761025
2.762076
2.763143
2.764170
2.765174
2.766181
2.767205
2.768203
2.769192
2.770180
2.771193
2.772206
2.773213
2.774213
2.775235
2.776230
2.777218
2.778213
2.779199
2.780199
2.781188
2.782177
2.783222
2.784226
2.785206
2.786191
2.787153
2.788100
2.789038
2.789958
2.790898
2.791839
2.792768
2.793720
2.794691
2.795665
2.796612
2.797559
2.798478
2.799422
2.800339
2.801256
2.802178
2.803143
2.804072
2.805022
2.805974
2.806930
2.807853
2.808779
2.809675
2.810552
2.811436
2.812290
2.813144
2.814022
2.814897
2.815808
2.816706
2.817593
2.818495
2.819400
2.820266
2.821122
2.821970
2.822815
2.823669
2.824553
2.825434
2.826339
2.827255
2.828160
2.829047
2.829937
2.830794
2.831630
2.832448
2.833260
2.834071
2.834877
2.835677
2.836495
2.837334
2.838170
2.838994
2.839821
2.840639
2.841466
2.842245
2.843048
2.843853
2.844660
2.845448
2.846244
2.847044
2.847844
2.848665
2.849504
2.850322
2.851146
2.851952
2.852749
2.853537
2.854325
2.855083
2.855820
2.856575
2.857324
2.858073
2.858807
2.859553
2.860311
2.861075
2.861812
2.862555
2.863304
2.864044
2.864763
2.865494
2.866213
2.866953
2.867666
2.868394
2.869122
2.869862
2.870584
2.871324
2.872064
2.872798
2.873538
2.874275
2.875013
2.875750
2.876475
2.877167
2.877865
2.878557
2.879222
2.879878
2.880531
2.881193
2.881861
2.882518
2.883192
2.883860
2.884525
2.885187
2.885864
2.886529
2.887174
2.887818
2.888465
2.889100
2.889717
2.890340
2.890939
2.891587
2.892216
2.892848
2.893486
2.894142
2.894802
2.895461
2.896123
2.896773
2.897420
2.898073
2.898696
2.899313
2.899928
2.900539
2.901117
2.901704
2.902289
2.902858
2.903421
2.903981
2.904581
2.905159
2.905740
2.906321
2.906921
2.907499
2.908068
2.908628
2.909180
2.909740
2.910279
2.910812
2.911349
2.911903
2.912442
2.912973
2.913509
2.914048
2.914567
2.915106
2.915651
2.916199
2.916748
2.917308
2.917880
2.918461
2.919028
2.919582
2.920151
2.920699
2.921254
2.921781
2.922302
2.922818
2.923333
2.923833
2.924340
2.924846
2.925325
2.925811
2.926305
2.926785
2.927258
2.927728
2.928205
2.928669
2.929139
2.929595
2.930065
2.930532
2.930988
2.931440
2.931881
2.932324
2.932774
2.933217
2.933648
2.934077
2.934505
2.934928
2.935353
2.935770
2.936171
2.936588
2.937016
2.937429
2.937843
2.938262
2.938679
2.939131
2.939584
2.940030
2.940479
2.940950
2.941411
2.941875
2.942328
2.942768
2.943191
2.943628
2.944057
2.944476
2.944890
2.945300
2.945689
2.946076
2.946456
2.946828
2.947185
2.947544
2.947919
2.948278
2.948647
2.948994
2.949360
2.949713
2.950058
2.950381
2.950714
2.951056
2.951385
2.951697
2.952017
2.952353
2.952679
2.952994
2.953317
2.953632
2.953947
2.954261
2.954567
2.954866
2.955160
2.955469
2.955762
2.956053
2.956341
2.956628
2.956901
2.957179
2.957473
2.957746
2.958006
2.958288
2.958575
2.958848
2.959121
2.959382
2.959633
2.959900
2.960163
2.960415
2.960676
2.960948
2.961239
2.961527
2.961829
2.962117
2.962402
2.962713
2.963019
2.963324
2.963624
2.963936
2.964259
2.964586
2.964903
2.965221
2.965529
2.965832
2.966126
2.966410
2.966689
2.966962
2.967237
2.967504
2.967758
2.968010
2.968250
2.968493
2.968726
2.968954
2.969155
2.969370
2.969568
2.969745
2.969913
2.970068
2.970218
2.970371
2.970509
2.970638
2.970755
2.970871
2.970982
2.971087
2.971186
2.971267
2.971345
2.971426
2.971498
2.971564
2.971614
2.971674
2.971725
2.971767
2.971812
2.971851
2.971887
2.971923
2.971953
2.971977
2.971998
2.972022
2.972040
2.972058
2.972067
2.972070
2.972070
2.972070
2.972070
2.972070
2.972070
2.972070
2.972070
2.972070
2.972070
2.972070
2.972070
2.972070
2.972070
2.972070
2.972070
2.972070
2.972070
2.972070
2.972070
2.972070
2.972070
2.972070
2.972070
2.972070
2.972070
2.972070
2.972067
2.972046
2.972019
2.971980
2.971941
2.971908
2.971869
2.971821
2.971776
2.971731
2.971683
2.971638
2.971587
2.971524
2.971456
2.971396
2.971342
2.971285
2.971222
2.971162
2.971099
2.971024
2.970952
2.970856
2.970761
2.970668
2.970566
2.970461
2.970356
2.970251
2.970140
2.970026
2.969907
2.969781
2.969652
2.969532
2.969400
2.969260
2.969116
2.968972
2.968825
2.968660
2.968498
2.968322
2.968145
2.967977
2.967794
2.967609
2.967417
2.967234
2.967052
2.966872
2.966686
2.966491
2.966285
2.966090
2.965895
2.965703
2.965511
2.965329
2.965143
2.964972
2.964804
2.964640
2.964478
2.964337
2.964193
2.964049
2.963906
2.963777
2.963663
2.963561
2.963465
2.963372
2.963288
2.963207
2.963145
2.963085
2.963031
2.962998
2.962974
2.962959
2.962950
2.962947
2.962944
2.962944
2.962944
2.962944
2.962944
2.962944
2.962944
2.962944
2.962944
2.962944
2.963007
2.963088
2.963187
2.963285
2.963384
2.963498
2.963621
2.963738
2.963861
2.963974
2.964094
2.964220
2.964346
2.964469
2.964589
2.964709
2.964831
2.964951
2.965080
2.965194
2.965311
2.965434
2.965550
2.965661
2.965772
2.965892
2.966003
2.966102
2.966192
2.966264
2.966329
2.966401
2.966461
2.966512
2.966560
2.966608
2.966644
2.966677
2.966704
2.966716
2.966722
2.966731
2.966743
2.966746
2.966746
2.966746
2.966746
2.966746
2.966746
2.966746
2.966746
2.966746
2.966746
2.966746
2.966680
2.966617
2.966563
2.966503
2.966437
2.966356
2.966278
2.966207
2.966135
2.966048
2.965952
2.965877
2.965808
2.965742
2.965679
2.965607
2.965539
2.965482
2.965425
2.965365
2.965320
2.965278
2.965242
2.965200
2.965164
2.965128
2.965083
2.965056
2.965038
2.965011
2.964999
2.964996
2.964993
2.964993
2.964993
2.964993
2.964993
2.964993
2.964993
2.964993
2.964993
2.964993
2.964993
2.964993
2.964993
2.964993
2.964993
2.964993
2.964993
2.964993
2.964993
2.965035
2.965080
2.965125
2.965164
2.965194
2.965227
2.965257
2.965293
2.965317
2.965335
2.965362
2.965389
2.965410
2.965430
2.965440
2.965446
2.965455
2.965472
2.965487
2.965497
2.965508
2.965518
2.965518
2.965518
2.965518
2.965518
2.965518
2.965518
2.965518
2.965518
2.965518
2.965518
2.965518
2.965518
2.965518
2.965518
2.965518
2.965518
2.965518
2.965518
2.965518
2.965518
2.965518
2.965518
2.965518
2.965518
2.965518
2.965518
2.965518
2.965518
2.965518
2.965518
2.965518
2.965518
2.965518
2.965518
2.965518
2.965518
2.965518
2.965518
2.965518
2.965518
2.965518
2.965518
2.965518
2.965518
2.965518
2.965518
2.965518
2.965518
2.965518
2.965518
2.965518
2.965518
2.965518
2.965518
2.965518
2.965518
2.965518
2.965518
2.965518
2.965518
2.965518
2.965518
2.965518
2.965518
2.965518
2.965518
2.965518
2.965518
2.965518
2.965518
2.965518
2.965518
2.965518
2.965518
2.965518
2.965518
2.965518
2.965518
2.965518
2.965518
2.965518
2.965518
2.965518
2.965518
2.965518
2.965518
2.965518
2.965518
2.965518
2.965518
2.965518
2.965518
2.965518
2.965518
2.965518
2.965518
2.965518
2.965518
2.965518