5.306141
5.306141
5.306141
5.306141
5.306141
5.306141
5.306141
5.306141
5.306141
5.306141
5.306141
5.306141
5.306357
5.306630
5.306942
5.307304
5.307726
5.308250
5.308841
5.309521
5.310264
5.311064
5.311927
5.312865
5.313892
5.315001
5.316187
5.317454
5.318770
5.320139
5.321583
5.323144
5.324774
5.326506
5.328294
5.330113
5.332030
5.334041
5.336132
5.338286
5.340533
5.342837
5.345243
5.347706
5.350252
5.352898
5.355600
5.358384
5.361257
5.364199
5.367204
5.370326
5.373517
5.376717
5.380048
5.383488
5.386957
5.390501
5.394145
5.397836
5.401596
5.405470
5.409377
5.413382
5.417550
5.421639
5.425882
5.430208
5.434594
5.439025
5.443594
5.448184
5.452870
5.457673
5.462481
5.467386
5.472425
5.477462
5.482591
5.487852
5.493158
5.498518
5.504022
5.509541
5.515191
5.520895
5.526642
5.532487
5.538462
5.544400
5.550571
5.556758
5.562969
5.569297
5.575664
5.582111
5.588732
5.595465
5.602059
5.608956
5.615820
5.622809
5.629793
5.636921
5.644103
5.651305
5.658696
5.666046
5.673317
5.680666
5.687980
5.695317
5.702801
5.710333
5.717677
5.725155
5.732528
5.739919
5.747299
5.754693
5.762102
5.769532
5.776885
5.784300
5.791649
5.799023
5.806420
5.813796
5.821232
5.828633
5.836078
5.843490
5.850831
5.858303
5.865718
5.873025
5.880458
5.887739
5.895157
5.902572
5.909871
5.917214
5.924656
5.931976
5.939301
5.946653
5.953898
5.961211
5.968552
5.975838
5.983148
5.990468
5.997781
6.005013
6.012378
6.019529
6.026801
6.034147
6.041353
6.048555
6.055790
6.062933
6.070264
6.077314
6.084705
6.091818
6.099009
6.106199
6.113399
6.120514
6.127660
6.134955
6.141999
6.149157
6.156329
6.163517
6.170402
6.177619
6.184693
6.191803
6.198930
6.205932
6.213054
6.220079
6.227183
6.234212
6.241280
6.248251
6.255244
6.262480
6.269371
6.276420
0.000300
0.007313
0.014243
0.021281
0.028283
0.035324
0.042313
0.049276
0.056290
0.063340
0.070305
0.077274
0.084342
0.091317
0.098322
0.105290
0.112256
0.119177
0.126305
0.133178
0.140159
0.147163
0.154093
0.161053
0.167956
0.174946
0.181947
0.188943
0.195867
0.202854
0.209793
0.216600
0.223605
0.230636
0.237506
0.244397
0.251309
0.258272
0.265205
0.272216
0.279107
0.286004
0.292963
0.299899
0.306841
0.313684
0.320602
0.327517
0.334426
0.341353
0.348217
0.355111
0.362025
0.368827
0.375693
0.382680
0.389523
0.396405
0.403257
0.410082
0.417027
0.423798
0.430716
0.437538
0.444366
0.451230
0.458124
0.464913
0.471714
0.478587
0.485349
0.492195
0.498990
0.505761
0.512586
0.519402
0.526155
0.532995
0.539805
0.546562
0.553288
0.560158
0.566857
0.573586
0.580312
0.587173
0.593884
0.600592
0.607295
0.614015
0.620783
0.627452
0.634169
0.640913
0.647607
0.654321
0.661050
0.667686
0.674403
0.681114
0.687724
0.694426
0.701158
0.707713
0.714428
0.721049
0.727682
0.734306
0.740991
0.747651
0.754218
0.760914
0.767524
0.774163
0.780805
0.787397
0.794036
0.800657
0.807230
0.813951
0.820485
0.827040
0.833635
0.840202
0.846835
0.853442
0.860003
0.866579
0.873216
0.879849
0.886443
0.892975
0.899629
0.906199
0.912746
0.919367
0.925931
0.932570
0.939114
0.945666
0.952299
0.958882
0.965431
0.972002
0.978590
0.985151
0.991799
0.998334
1.004913
1.011526
1.018042
1.024669
1.031231
1.037801
1.044359
1.050921
1.057521
1.064049
1.070686
1.077226
1.083766
1.090358
1.096901
1.103465
1.109952
1.116642
1.123174
1.129606
1.136245
1.142834
1.149266
1.155896
1.162419
1.168935
1.175542
1.182025
1.188592
1.195091
1.201595
1.208187
1.214700
1.221213
1.227748
1.234252
1.240742
1.247279
1.253772
1.260267
1.266864
1.273348
1.279786
1.286297
1.292783
1.299234
1.305756
1.312210
1.318711
1.325138
1.331630
1.338057
1.344540
1.351009
1.357387
1.363922
1.370342
1.376769
1.383204
1.389718
1.396024
1.402454
1.408895
1.415376
1.421692
1.428244
1.434476
1.441037
1.447425
1.453785
1.460188
1.466609
1.472879
1.479255
1.485777
1.492042
1.498415
1.504862
1.511172
1.517517
1.523935
1.530194
1.536623
1.543041
1.549306
1.555636
1.562021
1.568372
1.574646
1.581031
1.587320
1.593644
1.599987
1.606288
1.612588
1.619033
1.625235
1.631694
1.637935
1.644302
1.650638
1.656993
1.663350
1.669660
1.676021
1.682280
1.688571
1.694989
1.701269
1.707599
1.713891
1.720186
1.726510
1.732895
1.739085
1.745425
1.751827
1.758062
1.764482
1.770744
1.777027
1.783381
1.789730
1.795989
1.802305
1.808671
1.814921
1.821279
1.827564
1.833829
1.840148
1.846523
1.852716
1.859122
1.865435
1.871714
1.877988
1.884310
1.890592
1.896872
1.903167
1.909423
1.915732
1.922048
1.928307
1.934562
1.940872
1.947122
1.953384
1.959756
1.965934
1.972250
1.978488
1.984720
1.991002
1.997222
2.003436
2.009706
2.015968
2.022176
2.028450
2.034667
2.040928
2.047202
2.053359
2.059546
2.065871
2.071944
2.078295
2.084380
2.090660
2.096775
2.103088
2.109185
2.115458
2.121558
2.127796
2.133932
2.140125
2.146291
2.152436
2.158530
2.164809
2.170882
2.177054
2.183196
2.189296
2.195420
2.201586
2.207593
2.213720
2.219847
2.226061
2.232107
2.238210
2.244244
2.250395
2.256369
2.262481
2.268614
2.274609
2.280628
2.286713
2.292744
2.298709
2.304866
2.310798
2.316946
2.322878
2.328835
2.334860
2.340849
2.346883
2.352938
2.358888
2.364811
2.370818
2.376819
2.382782
2.388747
2.394751
2.400686
2.406651
2.412754
2.418650
2.424598
2.430638
2.436489
2.442550
2.448428
2.454435
2.460382
2.466359
2.472271
2.478233
2.484189
2.490106
2.496053
2.502001
2.507918
2.513871
2.519854
2.525750
2.531667
2.537660
2.543523
2.549404
2.555369
2.561326
2.567183
2.573169
2.579080
2.584961
2.590882
2.596832
2.602611
2.608642
2.614487
2.620366
2.626286
2.632116
2.638036
2.643930
2.649835
2.655701
2.661603
2.667374
2.673336
2.679199
2.685102
2.690863
2.696750
2.702697
2.708444
2.714436
2.720224
2.725974
2.731930
2.737706
2.743543
2.749355
2.755206
2.761049
2.766912
2.772853
2.778522
2.784361
2.790197
2.795968
2.801783
2.807604
2.813318
2.819202
2.824970
2.830779
2.836561
2.842311
2.848087
2.853884
2.859619
2.865383
2.871222
2.876846
2.882700
2.888402
2.894125
2.899868
2.905626
2.911334
2.917005
2.922779
2.928459
2.934209
2.939913
2.945600
2.951343
2.957030
2.962704
2.968382
2.974038
2.979704
2.985381
2.991062
2.996769
3.002411
3.008065
3.013730
3.019389
3.024956
3.030658
3.036275
3.041902
3.047508
3.053083
3.058908
3.064321
3.069939
3.075541
3.081201
3.086729
3.092344
3.097907
3.103453
3.109082
3.114670
3.120225
3.125788
3.131307
3.136868
3.142452
3.147944
3.153487
3.159075
3.164572
3.170115
3.175622
3.181117
3.186683
3.192256
3.197760
3.203252
3.208773
3.214304
3.219790
3.225299
3.230785
3.236277
3.241850
3.247308
3.252842
3.258325
3.263835
3.269288
3.274812
3.280283
3.285703
3.291249
3.296674
3.302148
3.307655
3.313069
3.318573
3.324025
3.329475
3.335018
3.340525
3.345903
3.351377
3.356847
3.362243
3.367678
3.373170
3.378566
3.383991
3.389421
3.394828
3.400215
3.405647
3.411037
3.416469
3.421862
3.427267
3.432639
3.438046
3.443391
3.448787
3.454186
3.459522
3.465041
3.470314
3.475659
3.481046
3.486388
3.491754
3.497114
3.502453
3.507807
3.513149
3.518521
3.523806
3.529135
3.534430
3.539724
3.545030
3.550348
3.555636
3.560897
3.566224
3.571536
3.576719
3.582112
3.587289
3.592625
3.597904
3.603162
3.608375
3.613696
3.618814
3.624177
3.629330
3.634570
3.639753
3.644975
3.650206
3.655407
3.660609
3.665738
3.670924
3.676179
3.681311
3.686408
3.691684
3.696756
3.702008
3.707128
3.712255
3.717366
3.722573
3.727615
3.732697
3.737835
3.742955
3.748069
3.753181
3.758232
3.763229
3.768434
3.773446
3.778509
3.783564
3.788600
3.793681
3.798724
3.803721
3.808784
3.813824
3.818827
3.823846
3.828891
3.833894
3.838928
3.843916
3.848943
3.853890
3.858912
3.863942
3.868885
3.873913
3.878838
3.883821
3.888794
3.893770
3.898756
3.903622
3.908649
3.913553
3.918449
3.923398
3.928384
3.933277
3.938277
3.943199
3.948053
3.953015
3.957925
3.962773
3.967683
3.972684
3.977504
3.982364
3.987328
3.992197
3.997006
4.002030
4.006821
4.011672
4.016594
4.021439
4.026334
4.031194
4.036020
4.040904
4.045763
4.050590
4.055426
4.060318
4.065097
4.069948
4.074795
4.079598
4.084424
4.089245
4.094147
4.098910
4.103761
4.108507
4.113351
4.118160
4.122978
4.127733
4.132568
4.137332
4.142126
4.146943
4.151719
4.156471
4.161267
4.166055
4.170873
4.175678
4.180326
4.185236
4.189919
4.194754
4.199440
4.204234
4.208932
4.213737
4.218423
4.223238
4.227945
4.232702
4.237400
4.242164
4.246931
4.251602
4.256314
4.261078
4.265764
4.270465
4.275240
4.279962
4.284666
4.289319
4.294008
4.298687
4.303361
4.308044
4.312748
4.317428
4.322054
4.326752
4.331482
4.336099
4.340677
4.345390
4.350043
4.354669
4.359313
4.363966
4.368577
4.373289
4.377801
4.382433
4.387119
4.391661
4.396236
4.400892
4.405518
4.410117
4.414704
4.419303
4.423911
4.428510
4.433022
4.437627
4.442208
4.446795
4.451319
4.455858
4.460418
4.464951
4.469526
4.474044
4.478610
4.483107
4.487625
4.492158
4.496754
4.501194
4.505667
4.510173
4.514715
4.519182
4.523625
4.528092
4.532598
4.537090
4.541488
4.545964
4.550431
4.554865
4.559306
4.563757
4.568183
4.572605
4.577015
4.581419
4.585863
4.590243
4.594662
4.599009
4.603479
4.607865
4.612207
4.616572
4.620914
4.625306
4.629656
4.633967
4.638314
4.642689
4.647024
4.651359
4.655706
4.659991
4.664305
4.668650
4.672922
4.677224
4.681551
4.685841
4.690119
4.694418
4.698694
4.702937
4.707248
4.711493
4.715786
4.720119
4.724289
4.728541
4.732804
4.737052
4.741313
4.745537
4.749783
4.754007
4.758271
4.762501
4.766707
4.770965
4.775208
4.779432
4.783680
4.787872
4.792090
4.796315
4.800503
4.804712
4.808937
4.813113
4.817311
4.821517
4.825682
4.829849
4.834086
4.838233
4.842442
4.846567
4.850744
4.854911
4.859100
4.863225
4.867366
4.871486
4.875677
4.879815
4.883889
4.888099
4.892164
4.896341
4.900418
4.904544
4.908694
4.912747
4.916825
4.920941
4.925094
4.929130
4.933216
4.937285
4.941350
4.945491
4.949521
4.953538
4.957574
4.961631
4.965670
4.969759
4.973780
4.977795
4.981872
4.985881
4.989934
4.993928
4.997934
5.001976
5.006018
5.009951
5.013942
5.017972
5.021959
5.025998
5.029935
5.033911
5.037880
5.041889
5.045850
5.049781
5.053733
5.057684
5.061666
5.065636
5.069543
5.073456
5.077374
5.081299
5.085323
5.089191
5.093113
5.097023
5.100989
5.104884
5.108731
5.112707
5.116575
5.120467
5.124362
5.128253
5.132136
5.136037
5.139878
5.143734
5.147581
5.151410
5.155284
5.159158
5.162963
5.166777
5.170642
5.174444
5.178291
5.182137
5.185934
5.189706
5.193583
5.197309
5.201121
5.204884
5.208614
5.212392
5.216185
5.219954
5.223660
5.227405
5.231141
5.234895
5.238673
5.242334
5.246073
5.249848
5.253489
5.257219
5.260946
5.264601
5.268250
5.272004
5.275651
5.279318
5.283012
5.286619
5.290247
5.293921
5.297513
5.301189
5.304793
5.308380
5.312032
5.315621
5.319234
5.322838
5.326440
5.329963
5.333591
5.337109
5.340692
5.344245
5.347819
5.351367
5.354887
5.358477
5.362021
5.365550
5.369127
5.372561
5.376132
5.379530
5.383119
5.386619
5.390076
5.393560
5.397075
5.400469
5.404005
5.407411
5.410887
5.414377
5.417831
5.421229
5.424692
5.428177
5.431559
5.434954
5.438468
5.441845
5.445248
5.448613
5.452037
5.455396
5.458817
5.462224
5.465619
5.468965
5.472270
5.475670
5.479044
5.482399
5.485746
5.489072
5.492391
5.495732
5.499082
5.502422
5.505721
5.509026
5.512294
5.515623
5.518939
5.522217
5.525525
5.528829
5.532110
5.535397
5.538662
5.541901
5.545212
5.548439
5.551749
5.554967
5.558236
5.561474
5.564743
5.567970
5.571197
5.574432
5.577662
5.580859
5.584092
5.587291
5.590482
5.593697
5.596888
5.600109
5.603240
5.606403
5.609543
5.612737
5.615946
5.619080
5.622211
5.625356
5.628505
5.631630
5.634827
5.637943
5.641086
5.644222
5.647350
5.650454
5.653624
5.656692
5.659775
5.662867
5.665932
5.669015
5.672112
5.675199
5.678240
5.681311
5.684358
5.687440
5.690517
5.693594
5.696639
5.699688
5.702645
5.705713
5.708823
5.711816
5.714851
5.717854
5.720891
5.723927
5.726923
5.729928
5.732927
5.735950
5.738898
5.741915
5.744866
5.747937
5.750867
5.753863
5.756820
5.759789
5.762737
5.765709
5.768688
5.771642
5.774629
5.777544
5.780528
5.783473
5.786454
5.789366
5.792264
5.795194
5.798148
5.801072
5.803990
5.806923
5.809826
5.812721
5.815645
5.818515
5.821409
5.824339
5.827221
5.830101
5.833001
5.835889
5.838786
5.841669
5.844553
5.847394
5.850243
5.853105
5.855947
5.858788
5.861631
5.864490
5.867342
5.870179
5.872965
5.875767
5.878592
5.881423
5.884252
5.887038
5.889827
5.892685
5.895493
5.898303
5.901140
5.903888
5.906644
5.909389
5.912166
5.914910
5.917715
5.920474
5.923248
5.925986
5.928713
5.931458
5.934220
5.936949
5.939708
5.942447
5.945152
5.947875
5.950596
5.953301
5.956010
5.958713
5.961391
5.964102
5.966784
5.969396
5.972132
5.974810
5.977486
5.980152
5.982831
5.985458
5.988074
5.990764
5.993425
5.996061
5.998713
6.001319
6.003938
6.006580
6.009208
6.011787
6.014436
6.017052
6.019655
6.022253
6.024794
6.027418
6.029989
6.032592
6.035211
6.037748
6.040274
6.042841
6.045418
6.047956
6.050578
6.053115
6.055644
6.058173
6.060737
6.063245
6.065783
6.068335
6.070867
6.073425
6.075906
6.078456
6.080922
6.083423
6.085925
6.088406
6.090946
6.093439
6.095887
6.098364
6.100878
6.103341
6.105888
6.108335
6.110828
6.113324
6.115757
6.118184
6.120640
6.123076
6.125515
6.127981
6.130419
6.132852
6.135279
6.137679
6.140100
6.142569
6.144989
6.147395
6.149867
6.152255
6.154661
6.157075
6.159448
6.161893
6.164305
6.166663
6.169039
6.171451
6.173772
6.176181
6.178572
6.180927
6.183279
6.185670
6.188043
6.190413
6.192776
6.195095
6.197486
6.199865
6.202214
6.204527
6.206861
6.209186
6.211529
6.213860
6.216194
6.218503
6.220861
6.223174
6.225484
6.227782
6.230089
6.232366
6.234673
6.236974
6.239296
6.241576
6.243862
6.246169
6.248458
6.250720
6.253003
6.255232
6.257512
6.259789
6.262078
6.264367
6.266593
6.268915
6.271123
6.273373
6.275647
6.277870
6.280099
6.282329
0.001396
0.003628
0.005881
0.008104
0.010342
0.012592
0.014786
0.017018
0.019241
0.021476
0.023666
0.025850
0.028091
0.030317
0.032504
0.034685
0.036860
0.039033
0.041199
0.043416
0.045585
0.047748
0.049992
0.052173
0.054363
0.056551
0.058669
0.060856
0.063022
0.065167
0.067336
0.069467
0.071618
0.073793
0.075914
0.078098
0.080204
0.082308
0.084474
0.086610
0.088758
0.090858
0.092995
0.095134
0.097267
0.099388
0.101482
0.103607
0.105713
0.107807
0.109928
0.111993
0.114087
0.116187
0.118284
0.120385
0.122488
0.124570
0.126646
0.128756
0.130805
0.132875
0.134936
0.136980
0.139089
0.141144
0.143235
0.145264
0.147373
0.149380
0.151430
0.153440
0.155486
0.157509
0.159585
0.161622
0.163684
0.165718
0.167764
0.169804
0.171803
0.173816
0.175824
0.177822
0.179841
0.181882
0.183874
0.185875
0.187892
0.189920
0.191912
0.193914
0.195912
0.197872
0.199882
0.201835
0.203792
0.205787
0.207753
0.209760
0.211740
0.213721
0.215659
0.217675
0.219584
0.221555
0.223485
0.225414
0.227401
0.229378
0.231331
0.233276
0.235253
0.237165
0.239124
0.241015
0.242923
0.244838
0.246761
0.248685
0.250620
0.252529
0.254476
0.256391
0.258332
0.260222
0.262125
0.264003
0.265897
0.267805
0.269663
0.271569
0.273465
0.275371
0.277252
0.279155
0.281009
0.282879
0.284727
0.286612
0.288472
0.290327
0.292214
0.294072
0.295950
0.297811
0.299678
0.301499
0.303351
0.305190
0.307036
0.308884
0.310709
0.312537
0.314385
0.316195
0.317998
0.319823
0.321639
0.323475
0.325306
0.327109
0.328943
0.330786
0.332562
0.334369
0.336146
0.337925
0.339720
0.341517
0.343285
0.345074
0.346856
0.348672
0.350449
0.352246
0.354026
0.355773
0.357549
0.359299
0.361031
0.362795
0.364566
0.366316
0.368083
0.369842
0.371568
0.373324
0.375067
0.376799
0.378564
0.380253
0.381982
0.383717
0.385437
0.387171
0.388885
0.390584
0.392286
0.394032
0.395734
0.397433
0.399159
0.400863
0.402544
0.404210
0.405906
0.407580
0.409270
0.410969
0.412641
0.414328
0.415993
0.417668
0.419355
0.421054
0.422693
0.424340
0.425991
0.427597
0.429275
0.430887
0.432568
0.434206
0.435833
0.437475
0.439129
0.440756
0.442404
0.444045
0.445678
0.447257
0.448878
0.450472
0.452087
0.453726
0.455320
0.456872
0.458480
0.460056
0.461659
0.463271
0.464898
0.466498
0.468101
0.469662
0.471232
0.472772
0.474342
0.475891
0.477464
0.479003
0.480543
0.482131
0.483671
0.485250
0.486841
0.488375
0.489918
0.491479
0.493007
0.494502
0.496066
0.497603
0.499125
0.500641
0.502175
0.503661
0.505186
0.506684
0.508218
0.509731
0.511256
0.512784
0.514285
0.515789
0.517263
0.518749
0.520217
0.521727
0.523210
0.524672
0.526140
0.527602
0.529106
0.530581
0.532082
0.533556
0.535030
0.536492
0.537939
0.539386
0.540848
0.542289
0.543751
0.545204
0.546633
0.548069
0.549474
0.550906
0.552350
0.553797
0.555238
0.556694
0.558108
0.559531
0.560928
0.562351
0.563753
0.565164
0.566584
0.567971
0.569374
0.570788
0.572160
0.573559
0.574973
0.576342
0.577744
0.579159
0.580546
0.581903
0.583281
0.584629
0.585993
0.587356
0.588710
0.590082
0.591442
0.592794
0.594163
0.595496
0.596847
0.598193
0.599553
0.600901
0.602240
0.603580
0.604895
0.606246
0.607549
0.608880
0.610189
0.611522
0.612828
0.614132
0.615456
0.616726
0.618041
0.619360
0.620681
0.621969
0.623294
0.624570
0.625891
0.627176
0.628450
0.629717
0.630987
0.632255
0.633555
0.634801
0.636072
0.637351
0.638615
0.639844
0.641120
0.642360
0.643622
0.644907
0.646156
0.647400
0.648670
0.649893
0.651157
0.652370
0.653569
0.654770
0.655984
0.657221
0.658461
0.659666
0.660885
0.662068
0.663300
0.664492
0.665703
0.666901
0.668115
0.669328
0.670547
0.671731
0.672932
0.674128
0.675269
0.676423
0.677600
0.678757
0.679922
0.681111
0.682268
0.683433
0.684608
0.685752
0.686867
0.688053
0.689189
0.690366
0.691517
0.692670
0.693833
0.694971
0.696092
0.697212
0.698321
0.699426
0.700541
0.701652
0.702761
0.703878
0.705002
0.706093
0.707213
0.708319
0.709409
0.710515
0.711617
0.712711
0.713825
0.714937
0.716030
0.717121
0.718209
0.719266
0.720318
0.721387
0.722442
0.723518
0.724590
0.725654
0.726705
0.727784
0.728842
0.729872
0.730909
0.731955
0.732994
0.734019
0.735067
0.736134
0.737183
0.738216
0.739274
0.740319
0.741335
0.742360
0.743352
0.744361
0.745356
0.746399
0.747408
0.748406
0.749413
0.750401
0.751390
0.752361
0.753325
0.754296
0.755294
0.756288
0.757286
0.758305
0.759309
0.760297
0.761289
0.762272
0.763245
0.764213
0.765163
0.766131
0.767086
0.768018
0.768962
0.769912
0.770840
0.771763
0.772695
0.773618
0.774540
0.775454
0.776383
0.777312
0.778259
0.779166
0.780119
0.781036
0.781971
0.782881
0.783795
0.784712
0.785638
0.786540
0.787438
0.788340
0.789242
0.790114
0.790971
0.791855
0.792736
0.793625
0.794479
0.795324
0.796178
0.797050
0.797865
0.798707
0.799561
0.800384
0.801250
0.802128
0.803006
0.803866
0.804729
0.805589
0.806466
0.807335
0.808141
0.808968
0.809768
0.810580
0.811398
0.812204
0.813013
0.813837
0.814628
0.815428
0.816192
0.816965
0.817729
0.818523
0.819305
0.820078
0.820857
0.821641
0.822393
0.823166
0.823945
0.824718
0.825521
0.826309
0.827103
0.827885
0.828673
0.829443
0.830198
0.830950
0.831669
0.832370
0.833080
0.833841
0.834581
0.835312
0.836052
0.836789
0.837497
0.838174
0.838848
0.839540
0.840229
0.840927
0.841625
0.842314
0.843009
0.843689
0.844379
0.845089
0.845799
0.846491
0.847189
0.847908
0.848609
0.849295
0.849999
0.850688
0.851377
0.852072
0.852738
0.853391
0.854053
0.854694
0.855338
0.855982
0.856641
0.857280
0.857915
0.858550
0.859167
0.859772
0.860350
0.860959
0.861576
0.862181
0.862795
0.863415
0.864030
0.864629
0.865213
0.865797
0.866403
0.867008
0.867592
0.868161
0.868784
0.869378
0.869992
0.870597
0.871211
0.871795
0.872389
0.872994
0.873602
0.874201
0.874789
0.875391
0.875960
0.876517
0.877030
0.877557
0.878099
0.878629
0.879148
0.879651
0.880187
0.880700
0.881185
0.881679
0.882183
0.882671
0.883165
0.883669
0.884181
0.884678
0.885176
0.885667
0.886173
0.886677
0.887147
0.887609
0.888082
0.888549
0.889005
0.889478
0.889966
0.890458
0.890940
0.891411
0.891887
0.892366
0.892858
0.893361
0.893864
0.894371
0.894856
0.895344
0.895827
0.896318
0.896786
0.897238
0.897717
0.898185
0.898613
0.899036
0.899467
0.899883
0.900297
0.900710
0.901100
0.901459
0.901819
0.902181
0.902550
0.902892
0.903239
0.903599
0.903967
0.904333
0.904686
0.905028
0.905387
0.905732
0.906064
0.906391
0.906744
0.907092
0.907434
0.907781
0.908120
0.908446
0.908767
0.909081
0.909405
0.909708
0.910016
0.910319
0.910618
0.910903
0.911197
0.911487
0.911799
0.912095
0.912377
0.912644
0.912946
0.913234
0.913525
0.913824
0.914130
0.914426
0.914753
0.915094
0.915433
0.915751
0.916098
0.916425
0.916757
0.917090
0.917407
0.917725
0.918061
0.918399
0.918720
0.919022
0.919328
0.919627
0.919915
0.920185
0.920457
0.920718
0.920970
0.921224
0.921470
0.921692
0.921889
0.922087
0.922288
0.922474
0.922639
0.922782
0.922941
0.923103
0.923241
0.923370
0.923519
0.923663
0.923786
0.923900
0.924011
0.924122
0.924220
0.924328
0.924433
0.924538
0.924628
0.924715
0.924799
0.924868
0.924922
0.924969
0.925035
0.925092
0.925140
0.925185
0.925239
0.925293
0.925332
0.925365
0.925395
0.925410
0.925422
0.925449
0.925470
0.925476
0.925494
0.925509
0.925524
0.925533
0.925539
0.925539
0.925542
0.925545
0.925545
0.925545
0.925545
0.925548
0.925548
0.925548
0.925548
0.925548
0.925548
0.925548
0.925548
0.925548
0.925548
0.925548
0.925548
0.925548
0.925548
0.925548
0.925548
0.925548
0.925548
0.925548
0.925548
0.925548
0.925548
0.925515
0.925479
0.925446
0.925413
0.925383
0.925350
0.925302
0.925257
0.925230
0.925203
0.925173
0.925134
0.925095
0.925062
0.925023
0.924978
0.924922
0.924880
0.924835
0.924790
0.924745
0.924697
0.924643
0.924592
0.924550
0.924511
0.924463
0.924421
0.924382
0.924334
0.924289
0.924238
0.924178
0.924137
0.924092
0.924044
0.923984
0.923942
0.923897
0.923852
0.923807
0.923756
0.923705
0.923663
0.923627
0.923585
0.923534
0.923495
0.923453
0.923400
0.923346
0.923289
0.923229
0.923184
0.923139
0.923091
0.923031
0.922983
0.922935
0.922884
0.922824
0.922758
0.922680
0.922609
0.922540
0.922465
0.922375
0.922294
0.922198
0.922090
0.921982
0.921875
0.921743
0.921614
0.921482
0.921350
0.921197
0.921048
0.920892
0.920733
0.920565
0.920385
0.920200
0.920023
0.919843
0.919660
0.919466
0.919286
0.919109
0.918941
0.918771
0.918588
0.918411
0.918246
0.918085
0.917926
0.917767
0.917620
0.917470
0.917315
0.917150
0.916994
0.916844
0.916703
0.916574
0.916461
0.916350
0.916260
0.916167
0.916077
0.916002
0.915933
0.915858
0.915811
0.915778
0.915757
0.915727
0.915718
0.915718
0.915718
0.915718
0.915718
0.915718
0.915718
0.915718
0.915718
0.915718
0.915718
0.915793
0.915885
0.915978
0.916068
0.916152
0.916248
0.916344
0.916440
0.916539
0.916652
0.916763
0.916871
0.916970
0.917069
0.917153
0.917249
0.917350
0.917437
0.917524
0.917620
0.917713
0.917800
0.917878
0.917944
0.917992
0.918061
0.918132
0.918192
0.918240
0.918309
0.918384
0.918438
0.918492
0.918543
0.918585
0.918633
0.918669
0.918705
0.918732
0.918756
0.918789
0.918822
0.918854
0.918872
0.918875
0.918887
0.918902
0.918911
0.918911
0.918920
0.918932
0.918947
0.918947
0.918947
0.918947
0.918947
0.918947
0.918947
0.918947
0.918947
0.918947
0.918947
0.918947
0.918947
0.918947
0.918947
0.918947
0.918947
0.918947
0.918947
0.918947
0.918947
0.918923
0.918890
0.918849
0.918819
0.918798
0.918768
0.918735
0.918714
0.918693
0.918678
0.918660
0.918642
0.918621
0.918603
0.918585
0.918561
0.918531
0.918513
0.918492
0.918477
0.918465
0.918447
0.918423
0.918408
0.918405
0.918399
0.918390
0.918387
0.918384
0.918375
0.918372
0.918366
0.918354
0.918351
0.918351
0.918345
0.918336
0.918336
0.918336
0.918336
0.918336
0.918336
0.918336
0.918336
0.918336
0.918336
0.918336
0.918336
0.918336
0.918336
0.918336
0.918336
0.918336
0.918336
0.918336
0.918336
0.918336
0.918336
0.918336
0.918336
0.918336
0.918336
0.918336
0.918336
0.918336
0.918336
0.918336
0.918336
0.918336
0.918336
0.918336
0.918336
0.918336
0.918336
0.918336
0.918336
0.918336
0.918336
0.918336
0.918336
0.918336
0.918336
0.918336
0.918336
0.918336
0.918336
0.918336
0.918336
0.918336
0.918336
0.918336
0.918336
0.918336
0.918336
0.918336
0.918336
0.918336
0.918336
0.918336
0.918336
0.918336
0.918336
0.918336
0.918336
0.918336
0.918336
0.918336
0.918336
0.918336
0.918336
0.918336
0.918336
0.918336
0.918336
0.918336
0.918336
0.918336
0.918336
0.918336
0.918336
0.918336
0.918336
0.918336
0.918336
0.918336
0.918336
0.918336
0.918336
0.918336
0.918336
0.918336
0.918336
0.918336
0.918336
0.918336
0.918336