5.445084
5.445084
5.445084
5.445084
5.445084
5.445084
5.445084
5.445084
5.445084
5.445084
5.445084
5.445170
5.445383
5.445626
5.445934
5.446324
5.446767
5.447265
5.447867
5.448520
5.449245
5.450048
5.450881
5.451810
5.452813
5.453907
5.455045
5.456286
5.457568
5.458937
5.460382
5.461906
5.463518
5.465211
5.466988
5.468824
5.470754
5.472710
5.474765
5.476964
5.479187
5.481501
5.483918
5.486357
5.488886
5.491570
5.494258
5.497017
5.499923
5.502823
5.505832
5.508933
5.512096
5.515377
5.518723
5.522112
5.525560
5.529180
5.532772
5.536568
5.540361
5.544211
5.548145
5.552160
5.556261
5.560459
5.564758
5.569046
5.573420
5.577991
5.582530
5.587142
5.591857
5.596627
5.601526
5.606514
5.611487
5.616551
5.621752
5.627001
5.632355
5.637814
5.643279
5.648770
5.654496
5.660134
5.665980
5.671945
5.677895
5.683845
5.690035
5.696174
5.702556
5.708817
5.715238
5.721766
5.728408
5.734973
5.741690
5.748650
5.755499
5.762468
5.769520
5.776639
5.783844
5.791098
5.798406
5.805647
5.812963
5.820244
5.827527
5.834993
5.842250
5.849752
5.857023
5.864490
5.871737
5.879131
5.886538
5.893884
5.901242
5.908630
5.916097
5.923353
5.930861
5.938046
5.945575
5.952789
5.960159
5.967527
5.974870
5.982204
5.989542
5.996879
6.004213
6.011617
6.018957
6.026186
6.033542
6.040807
6.048133
6.055389
6.062661
6.069869
6.077137
6.084469
6.091609
6.098841
6.106047
6.113294
6.120568
6.127828
6.134943
6.142227
6.149457
6.156536
6.163760
6.170902
6.177997
6.185316
6.192381
6.199493
6.206654
6.213869
6.220885
6.228031
6.235224
6.242280
6.249468
6.256433
6.263591
6.270710
6.277777
0.001672
0.008784
0.015828
0.022923
0.029988
0.036959
0.044066
0.051137
0.058207
0.065095
0.072208
0.079276
0.086262
0.093303
0.100443
0.107439
0.114536
0.121481
0.128519
0.135575
0.142489
0.149461
0.156589
0.163615
0.170610
0.177708
0.184656
0.191688
0.198797
0.205763
0.212825
0.219716
0.226816
0.233773
0.240796
0.247795
0.254824
0.261792
0.268773
0.275772
0.282783
0.289725
0.296741
0.303635
0.310724
0.317693
0.324662
0.331627
0.338590
0.345517
0.352456
0.359476
0.366382
0.373398
0.380232
0.387246
0.394101
0.401157
0.407961
0.414933
0.421875
0.428793
0.435716
0.442670
0.449540
0.456476
0.463457
0.470267
0.477173
0.484088
0.490880
0.497873
0.504779
0.511601
0.518456
0.525299
0.532145
0.539006
0.545905
0.552662
0.559490
0.566330
0.573122
0.580013
0.586799
0.593609
0.600371
0.607151
0.614045
0.620705
0.627608
0.634367
0.641138
0.647828
0.654587
0.661394
0.668153
0.674898
0.681633
0.688395
0.695103
0.701877
0.708627
0.715329
0.721999
0.728737
0.735466
0.742174
0.748780
0.755548
0.762266
0.768896
0.775574
0.782279
0.788981
0.795606
0.802224
0.809052
0.815634
0.822325
0.828961
0.835645
0.842257
0.848909
0.855512
0.862232
0.868925
0.875582
0.882243
0.888957
0.895533
0.902208
0.908935
0.915481
0.922147
0.928733
0.935465
0.941996
0.948788
0.955382
0.962007
0.968673
0.975258
0.981889
0.988534
0.995191
1.001839
1.008518
1.015079
1.021778
1.028309
1.034979
1.041600
1.048320
1.054795
1.061575
1.068100
1.074811
1.081331
1.088075
1.094648
1.101192
1.107864
1.114557
1.121166
1.127761
1.134346
1.141009
1.147672
1.154201
1.160786
1.167410
1.174029
1.180680
1.187130
1.193770
1.200457
1.206991
1.213550
1.220072
1.226789
1.233291
1.239852
1.246440
1.252999
1.259581
1.266196
1.272752
1.279202
1.285877
1.292319
1.298898
1.305478
1.311928
1.318510
1.325201
1.331555
1.338174
1.344720
1.351242
1.357735
1.364284
1.370723
1.377308
1.383821
1.390374
1.396788
1.403380
1.409773
1.416338
1.422767
1.429275
1.435731
1.442158
1.448647
1.455128
1.461644
1.468091
1.474545
1.480999
1.487398
1.493843
1.500299
1.506666
1.513086
1.519666
1.526029
1.532456
1.538939
1.545324
1.551696
1.558141
1.564538
1.570961
1.577349
1.583772
1.590205
1.596580
1.602905
1.609305
1.615824
1.622101
1.628500
1.635017
1.641446
1.647771
1.654126
1.660486
1.666934
1.673375
1.679676
1.686085
1.692649
1.698938
1.705409
1.711761
1.718184
1.724503
1.730942
1.737293
1.743642
1.750083
1.756444
1.762859
1.769252
1.775631
1.782015
1.788442
1.794796
1.801169
1.807563
1.813956
1.820374
1.826674
1.833068
1.839450
1.845858
1.852252
1.858546
1.864943
1.871265
1.877607
1.883962
1.890320
1.896707
1.903116
1.909533
1.915801
1.922207
1.928489
1.934835
1.941313
1.947511
1.953908
1.960209
1.966536
1.972894
1.979276
1.985594
1.991877
1.998250
2.004514
2.010773
2.017230
2.023443
2.029756
2.036120
2.042397
2.048649
2.054995
2.061251
2.067551
2.073840
2.080096
2.086367
2.092673
2.098896
2.105125
2.111420
2.117684
2.123859
2.130160
2.136368
2.142594
2.148751
2.155033
2.161199
2.167383
2.173660
2.179862
2.186009
2.192244
2.198431
2.204606
2.210727
2.216908
2.223131
2.229213
2.235384
2.241553
2.247647
2.253777
2.259952
2.266103
2.272194
2.278294
2.284463
2.290533
2.296783
2.302769
2.308848
2.315020
2.321045
2.327130
2.333209
2.339252
2.345313
2.351548
2.357459
2.363559
2.369704
2.375708
2.381760
2.387890
2.393822
2.399919
2.406022
2.412038
2.417994
2.424109
2.430107
2.436249
2.442202
2.448275
2.454363
2.460265
2.466311
2.472420
2.478419
2.484414
2.490505
2.496449
2.502489
2.508583
2.514512
2.520546
2.526526
2.532608
2.538570
2.544572
2.550516
2.556547
2.562545
2.568546
2.574532
2.580509
2.586528
2.592494
2.598542
2.604463
2.610473
2.616447
2.622394
2.628446
2.634414
2.640352
2.646282
2.652325
2.658191
2.664105
2.670181
2.676086
2.682037
2.688032
2.693949
2.699914
2.705858
2.711782
2.717750
2.723655
2.729539
2.735525
2.741463
2.747309
2.753223
2.759170
2.765060
2.770962
2.776880
2.782791
2.788627
2.794577
2.800441
2.806307
2.812197
2.818052
2.823888
2.829916
2.835677
2.841547
2.847389
2.853216
2.859046
2.864868
2.870809
2.876541
2.882374
2.888237
2.894145
2.899958
2.905686
2.911516
2.917335
2.923105
2.928888
2.934670
2.940413
2.946229
2.952017
2.957785
2.963594
2.969319
2.975069
2.980866
2.986565
2.992395
2.998085
3.003825
3.009502
3.015252
3.021013
3.026670
3.032374
3.038169
3.043828
3.049482
3.055258
3.060873
3.066574
3.072204
3.077953
3.083547
3.089255
3.094944
3.100592
3.106242
3.111860
3.117507
3.123182
3.128847
3.134420
3.140176
3.145718
3.151300
3.156884
3.162514
3.168180
3.173854
3.179397
3.185032
3.190608
3.196169
3.201745
3.207410
3.212983
3.218606
3.224194
3.229803
3.235372
3.241017
3.246524
3.252135
3.257690
3.263217
3.268841
3.274447
3.279980
3.285595
3.291135
3.296644
3.302151
3.307823
3.313315
3.318869
3.324424
3.329964
3.335506
3.341073
3.346586
3.352132
3.357701
3.363211
3.368751
3.374326
3.379812
3.385283
3.390930
3.396293
3.401851
3.407373
3.412894
3.418305
3.423935
3.429352
3.434862
3.440323
3.445905
3.451298
3.456814
3.462270
3.467743
3.473220
3.478676
3.484123
3.489570
3.495061
3.500430
3.505937
3.511294
3.516744
3.522188
3.527533
3.532995
3.538411
3.543822
3.549185
3.554680
3.559992
3.565373
3.570763
3.576099
3.581435
3.586915
3.592155
3.597622
3.602925
3.608279
3.613612
3.619008
3.624260
3.629530
3.634929
3.640202
3.645520
3.650805
3.656081
3.661381
3.666693
3.671937
3.677258
3.682468
3.687801
3.692996
3.698257
3.703449
3.708650
3.713917
3.719124
3.724418
3.729640
3.734854
3.740016
3.745301
3.750373
3.755649
3.760776
3.765947
3.771085
3.776214
3.781439
3.786533
3.791794
3.796770
3.801903
3.807161
3.812161
3.817287
3.822419
3.827504
3.832606
3.837759
3.842784
3.847865
3.852967
3.858046
3.863154
3.868208
3.873256
3.878335
3.883365
3.888378
3.893414
3.898477
3.903544
3.908541
3.913601
3.918635
3.923569
3.928717
3.933633
3.938607
3.943640
3.948664
3.953611
3.958647
3.963597
3.968555
3.973592
3.978541
3.983550
3.988551
3.993491
3.998471
4.003498
4.008427
4.013355
4.018397
4.023281
4.028308
4.033198
4.038147
4.043061
4.048059
4.052987
4.057930
4.062919
4.067817
4.072809
4.077704
4.082627
4.087534
4.092424
4.097376
4.102299
4.107222
4.112144
4.117045
4.121983
4.126879
4.131711
4.136646
4.141446
4.146380
4.151299
4.156120
4.161025
4.165929
4.170828
4.175582
4.180577
4.185383
4.190251
4.195117
4.199874
4.204743
4.209669
4.214483
4.219331
4.224212
4.229008
4.233895
4.238725
4.243575
4.248363
4.253243
4.258007
4.262858
4.267669
4.272403
4.277239
4.282086
4.286814
4.291650
4.296455
4.301267
4.306052
4.310798
4.315615
4.320460
4.325128
4.330002
4.334679
4.339464
4.344240
4.349027
4.353761
4.358450
4.363232
4.367929
4.372720
4.377463
4.382143
4.386898
4.391640
4.396341
4.401030
4.405797
4.410473
4.415129
4.419884
4.424504
4.429247
4.433878
4.438606
4.443247
4.447966
4.452508
4.457248
4.461877
4.466566
4.471131
4.475802
4.480416
4.485027
4.489605
4.494249
4.498791
4.503459
4.508058
4.512618
4.517244
4.521774
4.526349
4.530945
4.535442
4.540092
4.544574
4.549152
4.553724
4.558248
4.562703
4.567302
4.571820
4.576362
4.580835
4.585359
4.589880
4.594374
4.598842
4.603384
4.607836
4.612342
4.616785
4.621222
4.625692
4.630222
4.634647
4.639109
4.643497
4.647980
4.652408
4.656791
4.661309
4.665720
4.670094
4.674465
4.678875
4.683327
4.687749
4.692109
4.696510
4.700884
4.705261
4.709690
4.714007
4.718354
4.722782
4.727064
4.731495
4.735812
4.740174
4.744524
4.748905
4.753225
4.757636
4.761941
4.766276
4.770662
4.774961
4.779288
4.783659
4.787929
4.792219
4.796596
4.800934
4.805147
4.809473
4.813823
4.818102
4.822425
4.826676
4.830994
4.835296
4.839539
4.843793
4.848074
4.852410
4.856583
4.860886
4.865173
4.869382
4.873652
4.877852
4.882073
4.886343
4.890579
4.894879
4.899046
4.903235
4.907579
4.911732
4.915920
4.920168
4.924369
4.928551
4.932704
4.936965
4.941123
4.945377
4.949491
4.953760
4.957838
4.962074
4.966206
4.970386
4.974604
4.978738
4.982864
4.987076
4.991184
4.995313
4.999486
5.003623
5.007722
5.011875
5.015955
5.020126
5.024284
5.028368
5.032475
5.036577
5.040715
5.044777
5.048891
5.052987
5.057082
5.061193
5.065294
5.069345
5.073452
5.077393
5.081542
5.085593
5.089562
5.093649
5.097721
5.101736
5.105801
5.109837
5.113816
5.117851
5.121908
5.125886
5.129922
5.133853
5.137955
5.141898
5.145903
5.149891
5.153837
5.157866
5.161839
5.165788
5.169737
5.173653
5.177619
5.181595
5.185535
5.189418
5.193376
5.197259
5.201145
5.205025
5.208892
5.212826
5.216748
5.220610
5.224478
5.228367
5.232247
5.236105
5.239979
5.243821
5.247653
5.251511
5.255340
5.259157
5.262983
5.266779
5.270626
5.274416
5.278221
5.282002
5.285837
5.289573
5.293390
5.297180
5.300973
5.304694
5.308529
5.312221
5.315987
5.319728
5.323450
5.327165
5.330925
5.334619
5.338322
5.342097
5.345740
5.349441
5.353140
5.356838
5.360502
5.364163
5.367839
5.371515
5.375206
5.378817
5.382469
5.386136
5.389729
5.393365
5.396952
5.400619
5.404238
5.407843
5.411459
5.415012
5.418628
5.422152
5.425786
5.429375
5.432934
5.436491
5.440068
5.443597
5.447166
5.450728
5.454206
5.457736
5.461310
5.464807
5.468354
5.471826
5.475308
5.478801
5.482372
5.485908
5.489323
5.492802
5.496268
5.499750
5.503252
5.506703
5.510149
5.513591
5.517013
5.520497
5.524000
5.527406
5.530818
5.534282
5.537683
5.541134
5.544549
5.547929
5.551363
5.554802
5.558173
5.561576
5.564956
5.568362
5.571703
5.575157
5.578480
5.581883
5.585215
5.588535
5.591980
5.595291
5.598715
5.602041
5.605393
5.608677
5.612048
5.615412
5.618741
5.622078
5.625359
5.628649
5.631971
5.635300
5.638626
5.641903
5.645292
5.648540
5.651845
5.655131
5.658394
5.661665
5.664928
5.668230
5.671519
5.674764
5.678018
5.681230
5.684507
5.687728
5.691000
5.694197
5.697486
5.700671
5.703871
5.707086
5.710315
5.713524
5.716712
5.719944
5.723126
5.726365
5.729511
5.732681
5.735890
5.739054
5.742211
5.745393
5.748548
5.751718
5.754834
5.758001
5.761117
5.764280
5.767435
5.770569
5.773664
5.776795
5.779911
5.783027
5.786151
5.789258
5.792336
5.795439
5.798492
5.801542
5.804709
5.807717
5.810806
5.813883
5.816909
5.819971
5.823072
5.826146
5.829202
5.832198
5.835233
5.838229
5.841255
5.844260
5.847247
5.850279
5.853287
5.856262
5.859330
5.862326
5.865343
5.868357
5.871284
5.874287
5.877271
5.880249
5.883203
5.886169
5.889069
5.892056
5.895031
5.897988
5.900949
5.903912
5.906839
5.909757
5.912693
5.915650
5.918601
5.921556
5.924465
5.927392
5.930304
5.933207
5.936089
5.939044
5.941928
5.944841
5.947723
5.950593
5.953493
5.956406
5.959297
5.962215
5.965106
5.967946
5.970798
5.973690
5.976551
5.979418
5.982255
5.985099
5.987951
5.990812
5.993640
5.996460
5.999306
6.002116
6.004920
6.007743
6.010547
6.013444
6.016240
6.019029
6.021839
6.024611
6.027385
6.030150
6.032967
6.035720
6.038530
6.041290
6.044064
6.046803
6.049571
6.052324
6.055099
6.057855
6.060548
6.063263
6.066004
6.068751
6.071457
6.074219
6.076865
6.079561
6.082318
6.084984
6.087702
6.090437
6.093101
6.095782
6.098475
6.101169
6.103848
6.106478
6.109162
6.111850
6.114504
6.117114
6.119750
6.122444
6.125051
6.127714
6.130342
6.132957
6.135572
6.138203
6.140780
6.143425
6.146065
6.148633
6.151278
6.153863
6.156434
6.159023
6.161612
6.164197
6.166791
6.169320
6.171915
6.174456
6.177026
6.179582
6.182137
6.184711
6.187258
6.189810
6.192363
6.194903
6.197423
6.200006
6.202522
6.205078
6.207589
6.210082
6.212595
6.215088
6.217598
6.220112
6.222641
6.225200
6.227663
6.230149
6.232621
6.235098
6.237612
6.240096
6.242586
6.245067
6.247520
6.249983
6.252467
6.254927
6.257380
6.259855
6.262324
6.264753
6.267273
6.269697
6.272160
6.274617
6.277020
6.279452
6.281873
0.001085
0.003541
0.005962
0.008368
0.010768
0.013249
0.015633
0.018069
0.020454
0.022866
0.025242
0.027669
0.030065
0.032492
0.034913
0.037274
0.039662
0.042032
0.044417
0.046753
0.049177
0.051538
0.053908
0.056284
0.058633
0.060991
0.063349
0.065701
0.068088
0.070455
0.072765
0.075129
0.077520
0.079836
0.082155
0.084480
0.086811
0.089172
0.091473
0.093816
0.096131
0.098474
0.100766
0.103088
0.105431
0.107756
0.110060
0.112388
0.114689
0.116990
0.119270
0.121547
0.123875
0.126173
0.128453
0.130736
0.133034
0.135296
0.137576
0.139847
0.142157
0.144416
0.146762
0.148991
0.151238
0.153497
0.155735
0.158000
0.160271
0.162515
0.164753
0.167039
0.169262
0.171491
0.173726
0.175952
0.178205
0.180470
0.182670
0.184914
0.187143
0.189378
0.191589
0.193824
0.195996
0.198240
0.200433
0.202644
0.204843
0.207054
0.209224
0.211420
0.213646
0.215842
0.218038
0.220240
0.222433
0.224620
0.226804
0.228935
0.231083
0.233291
0.235463
0.237641
0.239813
0.241970
0.244119
0.246267
0.248403
0.250554
0.252693
0.254836
0.257008
0.259183
0.261325
0.263464
0.265576
0.267695
0.269792
0.271910
0.274016
0.276143
0.278268
0.280392
0.282498
0.284613
0.286714
0.288847
0.290908
0.293002
0.295085
0.297146
0.299234
0.301340
0.303417
0.305532
0.307623
0.309708
0.311713
0.313786
0.315805
0.317864
0.319946
0.322001
0.324083
0.326163
0.328209
0.330258
0.332269
0.334300
0.336319
0.338357
0.340391
0.342428
0.344439
0.346461
0.348495
0.350524
0.352549
0.354556
0.356549
0.358553
0.360560
0.362571
0.364557
0.366582
0.368581
0.370558
0.372572
0.374561
0.376517
0.378525
0.380496
0.382465
0.384412
0.386392
0.388358
0.390320
0.392328
0.394287
0.396225
0.398227
0.400183
0.402107
0.404042
0.405981
0.407925
0.409875
0.411805
0.413716
0.415649
0.417578
0.419541
0.421464
0.423418
0.425326
0.427250
0.429146
0.431061
0.432948
0.434857
0.436774
0.438662
0.440552
0.442488
0.444387
0.446269
0.448150
0.450053
0.451898
0.453762
0.455667
0.457534
0.459400
0.461291
0.463163
0.465030
0.466932
0.468769
0.470615
0.472439
0.474246
0.476094
0.477961
0.479791
0.481658
0.483519
0.485349
0.487189
0.489034
0.490868
0.492689
0.494532
0.496315
0.498121
0.499934
0.501735
0.503547
0.505351
0.507148
0.508958
0.510795
0.512580
0.514372
0.516176
0.517952
0.519726
0.521509
0.523282
0.525071
0.526824
0.528612
0.530350
0.532115
0.533888
0.535671
0.537451
0.539203
0.540953
0.542673
0.544398
0.546196
0.547940
0.549656
0.551379
0.553126
0.554870
0.556619
0.558363
0.560089
0.561791
0.563480
0.565191
0.566875
0.568592
0.570299
0.572019
0.573724
0.575438
0.577160
0.578838
0.580537
0.582218
0.583919
0.585573
0.587236
0.588905
0.590583
0.592239
0.593908
0.595562
0.597195
0.598909
0.600547
0.602225
0.603903
0.605557
0.607199
0.608829
0.610440
0.612070
0.613691
0.615312
0.616921
0.618563
0.620187
0.621790
0.623449
0.625037
0.626682
0.628276
0.629918
0.631485
0.633088
0.634658
0.636243
0.637848
0.639418
0.641006
0.642570
0.644137
0.645740
0.647331
0.648877
0.650477
0.652035
0.653581
0.655136
0.656697
0.658237
0.659771
0.661349
0.662877
0.664420
0.665960
0.667491
0.669037
0.670595
0.672129
0.673657
0.675152
0.676680
0.678193
0.679697
0.681213
0.682744
0.684263
0.685749
0.687244
0.688745
0.690222
0.691702
0.693231
0.694737
0.696221
0.697704
0.699163
0.700622
0.702099
0.703555
0.705011
0.706512
0.707974
0.709418
0.710853
0.712312
0.713783
0.715252
0.716717
0.718158
0.719605
0.721034
0.722463
0.723898
0.725306
0.726741
0.728182
0.729603
0.730999
0.732434
0.733824
0.735253
0.736688
0.738105
0.739520
0.740928
0.742321
0.743738
0.745119
0.746476
0.747852
0.749248
0.750626
0.752025
0.753424
0.754772
0.756157
0.757553
0.758919
0.760288
0.761681
0.763051
0.764417
0.765750
0.767089
0.768443
0.769795
0.771128
0.772476
0.773827
0.775155
0.776491
0.777836
0.779163
0.780491
0.781836
0.783178
0.784529
0.785845
0.787169
0.788463
0.789769
0.791052
0.792322
0.793622
0.794911
0.796208
0.797517
0.798809
0.800094
0.801370
0.802664
0.803941
0.805241
0.806532
0.807815
0.809076
0.810340
0.811596
0.812839
0.814067
0.815320
0.816605
0.817830
0.819068
0.820338
0.821564
0.822798
0.824026
0.825243
0.826483
0.827708
0.828958
0.830192
0.831424
0.832640
0.833850
0.835052
0.836241
0.837419
0.838638
0.839822
0.841050
0.842248
0.843420
0.844597
0.845775
0.846919
0.848088
0.849271
0.850470
0.851677
0.852875
0.854038
0.855203
0.856342
0.857471
0.858625
0.859775
0.860926
0.862076
0.863245
0.864386
0.865522
0.866615
0.867703
0.868820
0.869935
0.871082
0.872251
0.873377
0.874501
0.875666
0.876766
0.877880
0.878980
0.880077
0.881197
0.882306
0.883384
0.884475
0.885571
0.886668
0.887690
0.888753
0.889814
0.890901
0.891986
0.893091
0.894176
0.895279
0.896351
0.897415
0.898487
0.899530
0.900600
0.901654
0.902715
0.903745
0.904773
0.905813
0.906876
0.907919
0.908929
0.909923
0.910951
0.911967
0.912985
0.914007
0.915052
0.916062
0.917087
0.918114
0.919163
0.920182
0.921176
0.922180
0.923193
0.924193
0.925146
0.926138
0.927112
0.928127
0.929119
0.930072
0.931042
0.932025
0.932978
0.933919
0.934901
0.935857
0.936816
0.937760
0.938712
0.939695
0.940660
0.941616
0.942589
0.943587
0.944495
0.945432
0.946385
0.947332
0.948255
0.949175
0.950097
0.951023
0.951931
0.952842
0.953735
0.954621
0.955508
0.956395
0.957276
0.958148
0.959080
0.959978
0.960907
0.961803
0.962750
0.963634
0.964553
0.965449
0.966339
0.967220
0.968113
0.968988
0.969865
0.970746
0.971573
0.972409
0.973272
0.974105
0.974920
0.975738
0.976595
0.977442
0.978281
0.979093
0.979935
0.980753
0.981559
0.982359
0.983192
0.984028
0.984861
0.985696
0.986535
0.987398
0.988225
0.989031
0.989849
0.990670
0.991467
0.992246
0.993043
0.993828
0.994595
0.995350
0.996117
0.996887
0.997660
0.998382
0.999134
0.999904
1.000635
1.001360
1.002118
1.002873
1.003604
1.004323
1.005072
1.005848
1.006585
1.007322
1.008074
1.008859
1.009599
1.010318
1.011058
1.011807
1.012559
1.013266
1.013967
1.014686
1.015378
1.016035
1.016721
1.017440
1.018105
1.018746
1.019414
1.020127
1.020774
1.021386
1.022027
1.022713
1.023378
1.024001
1.024639
1.025328
1.025967
1.026599
1.027216
1.027872
1.028522
1.029139
1.029771
1.030440
1.031105
1.031710
1.032336
1.033004
1.033645
1.034281
1.034919
1.035566
1.036210
1.036803
1.037385
1.037963
1.038556
1.039131
1.039706
1.040270
1.040824
1.041393
1.041968
1.042511
1.043026
1.043565
1.044132
1.044695
1.045231
1.045767
1.046328
1.046879
1.047397
1.047913
1.048440
1.048955
1.049456
1.049971
1.050480
1.051002
1.051535
1.052047
1.052562
1.053099
1.053638
1.054186
1.054723
1.055217
1.055747
1.056287
1.056823
1.057311
1.057797
1.058306
1.058803
1.059271
1.059732
1.060193
1.060655
1.061104
1.061545
1.061982
1.062420
1.062839
1.063255
1.063663
1.064067
1.064490
1.064906
1.065314
1.065721
1.066117
1.066521
1.066920
1.067300
1.067681
1.068076
1.068480
1.068876
1.069271
1.069661
1.070042
1.070404
1.070755
1.071096
1.071447
1.071803
1.072169
1.072516
1.072864
1.073211
1.073565
1.073909
1.074248
1.074574
1.074916
1.075282
1.075656
1.076031
1.076420
1.076833
1.077229
1.077589
1.077960
1.078329
1.078676
1.079018
1.079374
1.079755
1.080138
1.080480
1.080815
1.081169
1.081504
1.081786
1.082038
1.082322
1.082601
1.082850
1.083077
1.083341
1.083599
1.083832
1.084060
1.084285
1.084494
1.084686
1.084872
1.085067
1.085258
1.085453
1.085645
1.085840
1.086034
1.086196
1.086358
1.086532
1.086697
1.086843
1.086993
1.087170
1.087347
1.087512
1.087670
1.087838
1.088006
1.088165
1.088329
1.088494
1.088662
1.088818
1.088968
1.089129
1.089291
1.089438
1.089573
1.089714
1.089851
1.089959
1.090058
1.090166
1.090283
1.090406
1.090508
1.090612
1.090726
1.090846
1.090948
1.091029
1.091113
1.091209
1.091305
1.091394
1.091502
1.091613
1.091712
1.091808
1.091904
1.092000
1.092077
1.092155
1.092251
1.092341
1.092410
1.092461
1.092506
1.092563
1.092617
1.092650
1.092680
1.092716
1.092746
1.092770
1.092788
1.092803
1.092808
1.092814
1.092826
1.092826
1.092826
1.092826
1.092826
1.092826
1.092826
1.092826
1.092826
1.092826
1.092826
1.092826
1.092826
1.092826
1.092826
1.092811
1.092764
1.092704
1.092653
1.092605
1.092557
1.092509
1.092455
1.092404
1.092353
1.092311
1.092260
1.092209
1.092158
1.092113
1.092083
1.092051
1.092018
1.091991
1.091964
1.091937
1.091907
1.091877
1.091850
1.091835
1.091817
1.091790
1.091778
1.091778
1.091775
1.091772
1.091769
1.091766
1.091766
1.091766
1.091766
1.091766
1.091766
1.091766
1.091766
1.091766
1.091766
1.091766
1.091766
1.091766
1.091766
1.091766
1.091766
1.091766
1.091766
1.091766
1.091766
1.091766
1.091766
1.091766
1.091766
1.091766
1.091766
1.091778
1.091790
1.091808
1.091811
1.091814
1.091814
1.091814
1.091820
1.091829
1.091829
1.091838
1.091844
1.091850
1.091850
1.091850
1.091850
1.091850
1.091850
1.091850
1.091850
1.091850
1.091850
1.091850
1.091850
1.091850
1.091850
1.091850
1.091850
1.091850
1.091850
1.091850
1.091850
1.091850
1.091850
1.091850
1.091850
1.091850
1.091850
1.091850
1.091850
1.091850
1.091850
1.091850
1.091850
1.091850
1.091850
1.091850
1.091850
1.091850
1.091850
1.091850
1.091850
1.091850
1.091850
1.091850
1.091850
1.091850
1.091850
1.091850
1.091850
1.091850
1.091850
1.091850
1.091850
1.091850
1.091850
1.091850
1.091850
1.091850
1.091850
1.091850
1.091850
1.091850
1.091850
1.091850
1.091850
1.091850
1.091850
1.091850
1.091850
1.091850
1.091850
1.091850
1.091850
1.091850
1.091850
1.091850
1.091850
1.091850
1.091850
1.091850
1.091850
1.091850
1.091850
1.091850
1.091850
1.091850
1.091850
1.091850
1.091850
1.091850
1.091850
1.091850
1.091850
1.091850
1.091850
1.091850
1.091850
1.091850
1.091850
1.091850
1.091850