3.334931
3.334931
3.334931
3.334931
3.334931
3.334931
3.334931
3.334931
3.334931
3.334931
3.334931
3.335102
3.335375
3.335716
3.336151
3.336678
3.337286
3.337999
3.338784
3.339608
3.340486
3.341406
3.342409
3.343452
3.344579
3.345810
3.347128
3.348518
3.349962
3.351553
3.353147
3.354816
3.356551
3.358375
3.360308
3.362312
3.364379
3.366566
3.368823
3.371112
3.373556
3.376031
3.378557
3.381130
3.383830
3.386577
3.389411
3.392359
3.395377
3.398501
3.401692
3.404952
3.408325
3.411711
3.415199
3.418677
3.422272
3.425945
3.429693
3.433606
3.437528
3.441558
3.445615
3.449752
3.453976
3.458375
3.462731
3.467174
3.471743
3.476297
3.481067
3.485819
3.490660
3.495583
3.500610
3.505656
3.510800
3.516031
3.521283
3.526679
3.532201
3.537692
3.543301
3.548999
3.554812
3.560603
3.566556
3.572497
3.578618
3.584763
3.590965
3.597143
3.603579
3.609954
3.616444
3.623047
3.629743
3.636409
3.643255
3.650083
3.657028
3.664075
3.671175
3.678435
3.685611
3.692939
3.700294
3.707781
3.715254
3.722795
3.730288
3.737796
3.745361
3.753016
3.760506
3.768086
3.775663
3.783012
3.790518
3.798169
3.805734
3.813350
3.820951
3.828511
3.836195
3.843784
3.851361
3.858864
3.866402
3.873862
3.881469
3.889028
3.896518
3.904083
3.911666
3.919222
3.926781
3.934334
3.941839
3.949365
3.956915
3.964370
3.971890
3.979485
3.986918
3.994423
4.001940
4.009403
4.016923
4.024282
4.031772
4.039241
4.046737
4.054179
4.061736
4.069211
4.076689
4.084161
4.091693
4.099207
4.106679
4.114199
4.121618
4.129048
4.136595
4.143989
4.151482
4.158993
4.166534
4.173893
4.181488
4.188831
4.196366
4.203838
4.211254
4.218795
4.226282
4.233628
4.241086
4.248632
4.256045
4.263430
4.270905
4.278260
4.285700
4.293226
4.300527
4.308008
4.315433
4.322833
4.330275
4.337699
4.345064
4.352446
4.359900
4.367318
4.374722
4.382008
4.389489
4.396823
4.404233
4.411705
4.418982
4.426394
4.433726
4.441192
4.448526
4.455861
4.463141
4.470541
4.477828
4.485126
4.492502
4.499759
4.507135
4.514445
4.521756
4.528995
4.536341
4.543603
4.550871
4.558158
4.565351
4.572731
4.579993
4.587154
4.594413
4.601679
4.608845
4.616063
4.623340
4.630519
4.637739
4.644975
4.652133
4.659338
4.666621
4.673737
4.680924
4.688127
4.695300
4.702436
4.709704
4.716682
4.723978
4.731072
4.738263
4.745316
4.752680
4.759738
4.766893
4.773970
4.781160
4.788288
4.795506
4.802579
4.809665
4.816891
4.824013
4.831198
4.838421
4.845432
4.852557
4.859714
4.866800
4.873951
4.881073
4.888309
4.895325
4.902555
4.909724
4.916798
4.923872
4.930978
4.938196
4.945300
4.952370
4.959483
4.966661
4.973702
4.980806
4.987927
4.994923
5.002150
5.009193
5.016276
5.023335
5.030477
5.037587
5.044610
5.051770
5.058910
5.065798
5.072898
5.079996
5.086938
5.094138
5.101100
5.108150
5.115167
5.122264
5.129281
5.136337
5.143332
5.150469
5.157331
5.164419
5.171379
5.178401
5.185284
5.192405
5.199437
5.206193
5.213305
5.220281
5.227111
5.234065
5.241046
5.247940
5.254867
5.261803
5.268688
5.275611
5.282517
5.289349
5.296255
5.303193
5.309943
5.316834
5.323716
5.330571
5.337327
5.344120
5.350903
5.357809
5.364576
5.371494
5.378119
5.384985
5.391709
5.398513
5.405230
5.412028
5.418763
5.425516
5.432236
5.438960
5.445653
5.452385
5.459156
5.465849
5.472530
5.479283
5.485854
5.492529
5.499285
5.505907
5.512552
5.519263
5.525815
5.532515
5.539172
5.545748
5.552348
5.559009
5.565588
5.572239
5.578908
5.585500
5.592121
5.598769
5.605367
5.611841
5.618570
5.625074
5.631708
5.638296
5.644822
5.651449
5.658031
5.664572
5.671127
5.677706
5.684202
5.690829
5.697396
5.703913
5.710465
5.717056
5.723546
5.730098
5.736657
5.743188
5.749716
5.756299
5.762782
5.769206
5.775794
5.782251
5.788779
5.795269
5.801770
5.808274
5.814758
5.821157
5.827641
5.834262
5.840578
5.847053
5.853524
5.859986
5.866491
5.872944
5.879326
5.885777
5.892224
5.898612
5.904981
5.911458
5.917861
5.924321
5.930759
5.937084
5.943499
5.949880
5.956285
5.962652
5.969088
5.975400
5.981722
5.988101
5.994485
6.000780
6.007206
6.013456
6.019796
6.026193
6.032475
6.038683
6.045149
6.051395
6.057687
6.064021
6.070268
6.076530
6.082785
6.089032
6.095338
6.101627
6.107784
6.114025
6.120379
6.126519
6.132676
6.138973
6.145145
6.151386
6.157585
6.163789
6.169929
6.176088
6.182233
6.188522
6.194580
6.200776
6.206986
6.213084
6.219157
6.225410
6.231575
6.237651
6.243703
6.249953
6.255945
6.262114
6.268214
6.274263
6.280339
0.003308
0.009285
0.015457
0.021572
0.027516
0.033610
0.039797
0.045759
0.051937
0.057998
0.064026
0.070075
0.076178
0.082155
0.088174
0.094298
0.100350
0.106285
0.112451
0.118422
0.124498
0.130511
0.136572
0.142618
0.148640
0.154695
0.160684
0.166668
0.172711
0.178724
0.184791
0.190681
0.196817
0.202824
0.208762
0.214808
0.220875
0.226792
0.232874
0.238774
0.244895
0.250725
0.256798
0.262715
0.268788
0.274756
0.280695
0.286684
0.292727
0.298611
0.304597
0.310634
0.316551
0.322454
0.328485
0.334372
0.340277
0.346260
0.352291
0.358125
0.364105
0.370109
0.375945
0.381973
0.387896
0.393772
0.399716
0.405693
0.411565
0.417444
0.423322
0.429248
0.435207
0.441100
0.446988
0.452809
0.458723
0.464577
0.470471
0.476364
0.482197
0.488028
0.493930
0.499715
0.505629
0.511409
0.517305
0.523180
0.528975
0.534751
0.540725
0.546427
0.552338
0.558120
0.563963
0.569685
0.575593
0.581265
0.587047
0.592896
0.598663
0.604406
0.610366
0.615995
0.621837
0.627569
0.633294
0.639059
0.644871
0.650591
0.656340
0.662128
0.667857
0.673558
0.679263
0.685060
0.690753
0.696499
0.702231
0.707875
0.713619
0.719302
0.724965
0.730735
0.736419
0.742093
0.747813
0.753499
0.759135
0.764842
0.770445
0.776119
0.781881
0.787513
0.793122
0.798779
0.804459
0.810023
0.815751
0.821399
0.826950
0.832739
0.838243
0.843893
0.849628
0.855224
0.860896
0.866504
0.872164
0.877743
0.883405
0.889080
0.894700
0.900345
0.905891
0.911514
0.917174
0.922767
0.928370
0.934068
0.939632
0.945256
0.950894
0.956488
0.962100
0.967726
0.973356
0.978886
0.984636
0.990074
0.995763
1.001408
1.006945
1.012544
1.018159
1.023734
1.029316
1.034937
1.040509
1.046058
1.051831
1.057236
1.062860
1.068430
1.074023
1.079605
1.085288
1.090765
1.096290
1.101938
1.107492
1.113011
1.118655
1.124192
1.129762
1.135415
1.140838
1.146504
1.151939
1.157535
1.163084
1.168681
1.174148
1.179748
1.185210
1.190780
1.196265
1.201868
1.207402
1.212929
1.218439
1.223946
1.229486
1.234971
1.240508
1.245985
1.251438
1.257049
1.262532
1.268042
1.273516
1.279106
1.284562
1.290009
1.295549
1.300987
1.306487
1.311991
1.317438
1.322951
1.328448
1.333796
1.339345
1.344843
1.350203
1.355659
1.361159
1.366570
1.372011
1.377572
1.382914
1.388354
1.393822
1.399185
1.404626
1.410031
1.415415
1.420859
1.426225
1.431597
1.437073
1.442475
1.447790
1.453222
1.458636
1.463996
1.469317
1.474794
1.480142
1.485463
1.490877
1.496218
1.501539
1.506920
1.512337
1.517631
1.523039
1.528330
1.533723
1.539104
1.544365
1.549701
1.555103
1.560451
1.565685
1.571108
1.576399
1.581687
1.587092
1.592335
1.597683
1.603007
1.608307
1.613628
1.618961
1.624231
1.629564
1.634906
1.640218
1.645491
1.650881
1.656226
1.661511
1.666793
1.672093
1.677369
1.682684
1.687966
1.693296
1.698587
1.703935
1.709199
1.714511
1.719754
1.725126
1.730300
1.735699
1.740930
1.746254
1.751512
1.756809
1.762038
1.767377
1.772695
1.777941
1.783139
1.788442
1.793757
1.799006
1.804270
1.809594
1.814825
1.819996
1.825383
1.830629
1.835857
1.841130
1.846356
1.851650
1.856929
1.862124
1.867394
1.872649
1.877805
1.883099
1.888405
1.893567
1.898799
1.904084
1.909309
1.914513
1.919792
1.924999
1.930248
1.935479
1.940611
1.945867
1.951128
1.956281
1.961416
1.966659
1.971860
1.977026
1.982245
1.987455
1.992596
1.997920
2.003037
2.008206
2.013416
2.018497
2.023716
2.028896
2.034112
2.039227
2.044431
2.049572
2.054689
2.059873
2.065002
2.070122
2.075272
2.080384
2.085519
2.090678
2.095723
2.100921
2.106015
2.111129
2.116219
2.121433
2.126409
2.131502
2.136649
2.141719
2.146797
2.151899
2.156975
2.162056
2.167128
2.172171
2.177324
2.182330
2.187370
2.192346
2.197454
2.202485
2.207467
2.212533
2.217537
2.222561
2.227607
2.232652
2.237683
2.242698
2.247671
2.252678
2.257738
2.262652
2.267625
2.272646
2.277629
2.282584
2.287570
2.292507
2.297490
2.302424
2.307359
2.312320
2.317330
2.322249
2.327184
2.332139
2.337080
2.341987
2.346988
2.351841
2.356728
2.361692
2.366573
2.371408
2.376421
2.381242
2.386203
2.391110
2.395961
2.400887
2.405839
2.410660
2.415540
2.420481
2.425277
2.430284
2.435177
2.440018
2.444836
2.449755
2.454612
2.459450
2.464367
2.469185
2.474089
2.478979
2.483773
2.488635
2.493510
2.498333
2.503241
2.508065
2.512891
2.517784
2.522637
2.527470
2.532297
2.537132
2.541977
2.546774
2.551612
2.556382
2.561275
2.566083
2.570883
2.575710
2.580545
2.585333
2.590172
2.594989
2.599789
2.604613
2.609421
2.614176
2.619003
2.623799
2.628533
2.633345
2.638192
2.642890
2.647693
2.652472
2.657250
2.662023
2.666790
2.671625
2.676311
2.681153
2.685797
2.690638
2.695309
2.700130
2.704801
2.709624
2.714262
2.719011
2.723757
2.728580
2.733218
2.738051
2.742689
2.747354
2.752132
2.756818
2.761546
2.766277
2.771002
2.775687
2.780415
2.785092
2.789712
2.794466
2.799081
2.803820
2.808431
2.813180
2.817779
2.822593
2.827127
2.831831
2.836504
2.841148
2.845801
2.850433
2.855071
2.859739
2.864392
2.868931
2.873658
2.878194
2.882901
2.887494
2.892102
2.896725
2.901381
2.905929
2.910579
2.915196
2.919723
2.924313
2.928933
2.933499
2.938076
2.942711
2.947217
2.951823
2.956362
2.960930
2.965466
2.970107
2.974596
2.979171
2.983689
2.988240
2.992746
2.997324
3.001845
3.006321
3.010845
3.015366
3.019899
3.024384
3.028863
3.033399
3.037938
3.042417
3.046893
3.051411
3.055828
3.060307
3.064768
3.069241
3.073690
3.078229
3.082618
3.087145
3.091609
3.096020
3.100460
3.104909
3.109322
3.113813
3.118223
3.122634
3.127110
3.131481
3.135918
3.140334
3.144765
3.149155
3.153571
3.158002
3.162373
3.166790
3.171167
3.175496
3.179906
3.184325
3.188715
3.193104
3.197520
3.201873
3.206280
3.210637
3.215011
3.219391
3.223765
3.228116
3.232469
3.236852
3.241149
3.245559
3.249948
3.254265
3.258670
3.262987
3.267322
3.271675
3.275981
3.280394
3.284690
3.289077
3.293355
3.297663
3.302026
3.306328
3.310708
3.314950
3.319349
3.323597
3.327983
3.332220
3.336573
3.340875
3.345178
3.349435
3.353704
3.358052
3.362291
3.366600
3.370872
3.375099
3.379447
3.383674
3.387943
3.392228
3.396473
3.400716
3.404964
3.409206
3.413482
3.417793
3.421892
3.426179
3.430421
3.434622
3.438843
3.443038
3.447238
3.451427
3.455633
3.459828
3.463953
3.468160
3.472321
3.476543
3.480779
3.484908
3.489060
3.493291
3.497431
3.501554
3.505712
3.509880
3.513990
3.518146
3.522341
3.526433
3.530532
3.534648
3.538819
3.542929
3.547022
3.551103
3.555222
3.559273
3.563333
3.567446
3.571548
3.575571
3.579646
3.583760
3.587840
3.591864
3.595932
3.599971
3.604013
3.608043
3.612114
3.616099
3.620180
3.624158
3.628176
3.632188
3.636241
3.640220
3.644229
3.648196
3.652199
3.656138
3.660111
3.664081
3.668027
3.672029
3.676008
3.679888
3.683819
3.687792
3.691705
3.695608
3.699569
3.703464
3.707395
3.711317
3.715197
3.719068
3.722992
3.726872
3.730725
3.734626
3.738425
3.742308
3.746212
3.750089
3.753906
3.757720
3.761558
3.765351
3.769245
3.772996
3.776804
3.780702
3.784436
3.788240
3.792066
3.795838
3.799646
3.803427
3.807199
3.810954
3.814744
3.818498
3.822261
3.826042
3.829709
3.833520
3.837325
3.841016
3.844749
3.848473
3.852215
3.855879
3.859669
3.863334
3.867070
3.870749
3.874464
3.878170
3.881873
3.885579
3.889199
3.892959
3.896614
3.900290
3.903981
3.907669
3.911319
3.914998
3.918566
3.922290
3.925903
3.929513
3.933235
3.936875
3.940473
3.944113
3.947789
3.951358
3.955034
3.958680
3.962254
3.965874
3.969493
3.973121
3.976668
3.980276
3.983853
3.987415
3.991082
3.994615
3.998204
4.001826
4.005394
4.008918
4.012519
4.016069
4.019683
4.023218
4.026723
4.030280
4.033800
4.037402
4.040922
4.044487
4.048017
4.051540
4.055012
4.058587
4.062083
4.065621
4.069076
4.072563
4.076122
4.079583
4.083091
4.086573
4.090069
4.093526
4.097020
4.100513
4.103962
4.107428
4.110877
4.114364
4.117804
4.121276
4.124728
4.128167
4.131600
4.135061
4.138488
4.141880
4.145301
4.148732
4.152180
4.155635
4.159006
4.162391
4.165780
4.169183
4.172614
4.176044
4.179430
4.182824
4.186224
4.189637
4.192951
4.196342
4.199770
4.203080
4.206493
4.209822
4.213183
4.216587
4.219906
4.223277
4.226746
4.229985
4.233325
4.236702
4.240004
4.243344
4.246727
4.250052
4.253327
4.256677
4.259966
4.263283
4.266609
4.269917
4.273227
4.276541
4.279761
4.283099
4.286458
4.289729
4.292992
4.296264
4.299562
4.302837
4.306139
4.309374
4.312658
4.315948
4.319196
4.322440
4.325694
4.328918
4.332145
4.335407
4.338673
4.341903
4.345097
4.348299
4.351520
4.354765
4.357983
4.361137
4.364322
4.367516
4.370710
4.373879
4.377064
4.380225
4.383461
4.386592
4.389761
4.392854
4.395999
4.399145
4.402393
4.405467
4.408577
4.411750
4.414839
4.417966
4.421106
4.424207
4.427302
4.430382
4.433453
4.436527
4.439727
4.442753
4.445872
4.448934
4.452026
4.455046
4.458144
4.461179
4.464220
4.467255
4.470295
4.473358
4.476431
4.479398
4.482448
4.485468
4.488425
4.491493
4.494552
4.497524
4.500526
4.503513
4.506464
4.509484
4.512468
4.515443
4.518388
4.521295
4.524279
4.527194
4.530133
4.533081
4.536020
4.538959
4.541902
4.544793
4.547741
4.550662
4.553523
4.556432
4.559318
4.562227
4.565160
4.568045
4.570924
4.573806
4.576632
4.579532
4.582420
4.585290
4.588149
4.591022
4.593844
4.596672
4.599545
4.602353
4.605196
4.608054
4.610856
4.613636
4.616422
4.619215
4.622046
4.624847
4.627640
4.630384
4.633167
4.635932
4.638689
4.641424
4.644166
4.646937
4.649687
4.652423
4.655107
4.657900
4.660581
4.663317
4.666058
4.668760
4.671457
4.674192
4.676883
4.679588
4.682285
4.685002
4.687635
4.690323
4.693014
4.695677
4.698364
4.700971
4.703659
4.706250
4.708875
4.711478
4.714159
4.716775
4.719409
4.722034
4.724616
4.727243
4.729856
4.732453
4.735084
4.737715
4.740264
4.742877
4.745453
4.747997
4.750610
4.753181
4.755757
4.758286
4.760892
4.763424
4.765949
4.768520
4.771106
4.773653
4.776223
4.778722
4.781274
4.783815
4.786335
4.788860
4.791392
4.793903
4.796443
4.798912
4.801369
4.803876
4.806423
4.808931
4.811427
4.813943
4.816418
4.818896
4.821371
4.823839
4.826287
4.828771
4.831231
4.833699
4.836141
4.838577
4.841031
4.843496
4.845902
4.848350
4.850774
4.853230
4.855616
4.858039
4.860451
4.862866
4.865283
4.867687
4.870044
4.872468
4.874823
4.877187
4.879572
4.881960
4.884324
4.886709
4.889042
4.891388
4.893746
4.896092
4.898429
4.900790
4.903121
4.905455
4.907825
4.910114
4.912426
4.914737
4.917041
4.919339
4.921655
4.923953
4.926227
4.928515
4.930792
4.933078
4.935377
4.937603
4.939909
4.942111
4.944404
4.946615
4.948850
4.951064
4.953296
4.955525
4.957712
4.959914
4.962134
4.964330
4.966508
4.968759
4.970898
4.973139
4.975311
4.977474
4.979628
4.981801
4.984017
4.986130
4.988293
4.990444
4.992589
4.994728
4.996882
4.999012
5.001155
5.003282
5.005415
5.007510
5.009598
5.011725
5.013831
5.015904
5.017957
5.020072
5.022133
5.024198
5.026301
5.028323
5.030375
5.032419
5.034465
5.036514
5.038569
5.040574
5.042623
5.044658
5.046647
5.048669
5.050719
5.052705
5.054709
5.056717
5.058709
5.060699
5.062670
5.064653
5.066619
5.068620
5.070564
5.072563
5.074504
5.076473
5.078465
5.080365
5.082333
5.084278
5.086204
5.088112
5.090033
5.091935
5.093850
5.095791
5.097700
5.099599
5.101508
5.103380
5.105256
5.107141
5.109046
5.110891
5.112797
5.114627
5.116497
5.118405
5.120212
5.122094
5.123933
5.125764
5.127583
5.129434
5.131268
5.133098
5.134926
5.136759
5.138551
5.140385
5.142200
5.143986
5.145765
5.147560
5.149361
5.151140
5.152902
5.154697
5.156456
5.158211
5.159961
5.161723
5.163469
5.165225
5.166981
5.168730
5.170477
5.172185
5.173941
5.175654
5.177386
5.179067
5.180766
5.182467
5.184151
5.185844
5.187533
5.189209
5.190907
5.192567
5.194254
5.195926
5.197600
5.199254
5.200923
5.202577
5.204180
5.205791
5.207437
5.209060
5.210699
5.212302
5.213902
5.215484
5.217087
5.218668
5.220265
5.221850
5.223408
5.224975
5.226545
5.228088
5.229628
5.231198
5.232735
5.234290
5.235818
5.237328
5.238883
5.240393
5.241900
5.243386
5.244893
5.246388
5.247883
5.249396
5.250867
5.252314
5.253785
5.255271
5.256757
5.258223
5.259664
5.261081
5.262522
5.263945
5.265371
5.266782
5.268218
5.269613
5.271025
5.272382
5.273766
5.275165
5.276531
5.277901
5.279282
5.280624
5.281981
5.283329
5.284687
5.286014
5.287383
5.288695
5.290023
5.291332
5.292638
5.293951
5.295254
5.296560
5.297845
5.299092
5.300338
5.301614
5.302879
5.304155
5.305417
5.306636
5.307855
5.309120
5.310333
5.311534
5.312784
5.313988
5.315196
5.316358
5.317544
5.318728
5.319899
5.321074
5.322227
5.323390
5.324552
5.325703
5.326835
5.327998
5.329154
5.330311
5.331434
5.332591
5.333726
5.334844
5.335910
5.337010
5.338100
5.339170
5.340233
5.341288
5.342337
5.343376
5.344416
5.345417
5.346462
5.347499
5.348526
5.349575
5.350624
5.351669
5.352691
5.353716
5.354746
5.355756
5.356748
5.357737
5.358686
5.359666
5.360607
5.361538
5.362494
5.363432
5.364370
5.365281
5.366173
5.367099
5.368016
5.368942
5.369855
5.370758
5.371683
5.372600
5.373514
5.374424
5.375314
5.376210
5.377097
5.377981
5.378874
5.379736
5.380563
5.381420
5.382259
5.383086
5.383898
5.384713
5.385531
5.386337
5.387128
5.387910
5.388701
5.389501
5.390301
5.391077
5.391840
5.392620
5.393378
5.394118
5.394885
5.395667
5.396421
5.397198
5.397971
5.398728
5.399493
5.400245
5.400988
5.401716
5.402443
5.403133
5.403816
5.404523
5.405215
5.405895
5.406551
5.407217
5.407894
5.408567
5.409224
5.409865
5.410518
5.411171
5.411809
5.412426
5.413050
5.413673
5.414287
5.414892
5.415480
5.416082
5.416642
5.417232
5.417829
5.418401
5.418994
5.419590
5.420159
5.420753
5.421340
5.421918
5.422505
5.423083
5.423665
5.424237
5.424776
5.425322
5.425849
5.426370
5.426895
5.427395
5.427898
5.428383
5.428854
5.429303
5.429756
5.430232
5.430687
5.431134
5.431586
5.432018
5.432443
5.432875
5.433309
5.433729
5.434154
5.434577
5.434990
5.435397
5.435802
5.436185
5.436566
5.436964
5.437335
5.437677
5.438019
5.438369
5.438720
5.439067
5.439415
5.439760
5.440107
5.440458
5.440820
5.441168
5.441524
5.441890
5.442252
5.442624
5.442995
5.443349
5.443702
5.444068
5.444437
5.444778
5.445126
5.445494
5.445859
5.446210
5.446552
5.446887
5.447229
5.447552
5.447858
5.448140
5.448424
5.448691
5.448936
5.449185
5.449413
5.449623
5.449814
5.450009
5.450201
5.450366
5.450527
5.450689
5.450842
5.450977
5.451106
5.451210
5.451315
5.451417
5.451504
5.451567
5.451636
5.451699
5.451753
5.451792
5.451822
5.451837
5.451849
5.451860
5.451872
5.451872
5.451872
5.451872
5.451872
5.451872
5.451872
5.451872
5.451872
5.451872
5.451872
5.451872
5.451872
5.451872
5.451872
5.451872
5.451872
5.451872
5.451839
5.451816
5.451786
5.451750
5.451714
5.451684
5.451651
5.451618
5.451582
5.451543
5.451513
5.451486
5.451456
5.451420
5.451396
5.451378
5.451360
5.451342
5.451321
5.451292
5.451267
5.451246
5.451234
5.451201
5.451166
5.451148
5.451136
5.451124
5.451108
5.451085
5.451066
5.451061
5.451057
5.451043
5.451036
5.451031
5.451019
5.451010
5.451001
5.450980
5.450953
5.450944
5.450932
5.450914
5.450908
5.450908
5.450902
5.450899
5.450890
5.450878
5.450875
5.450872
5.450866
5.450851
5.450842
5.450839
5.450824
5.450812
5.450803
5.450779
5.450773
5.450773
5.450767
5.450752
5.450728
5.450725
5.450725
5.450725
5.450725
5.450722
5.450719
5.450710
5.450701
5.450680
5.450668
5.450656
5.450647
5.450638
5.450623
5.450605
5.450578
5.450572
5.450572
5.450557
5.450545
5.450536
5.450524
5.450510
5.450491
5.450461
5.450435
5.450410
5.450389
5.450354
5.450324
5.450297
5.450267
5.450234
5.450204
5.450165
5.450129
5.450096
5.450054
5.449997
5.449934
5.449877
5.449820
5.449751
5.449682
5.449593
5.449515
5.449434
5.449344
5.449236
5.449131
5.449029
5.448925
5.448813
5.448685
5.448550
5.448397
5.448262
5.448124
5.447963
5.447819
5.447672
5.447531
5.447391
5.447250
5.447106
5.446965
5.446830
5.446707
5.446581
5.446459
5.446351
5.446246
5.446147
5.446054
5.445946
5.445857
5.445766
5.445692
5.445611
5.445536
5.445485
5.445431
5.445377
5.445332
5.445284
5.445254
5.445227
5.445206
5.445173
5.445156
5.445138
5.445122
5.445114
5.445114
5.445101
5.445086
5.445084
5.445084
5.445084
5.445084
5.445084
5.445084
5.445084
5.445084
5.445084
5.445084
5.445084
5.445084
5.445084
5.445084
5.445084
5.445084
5.445084
5.445084
5.445084
5.445084
5.445084
5.445084
5.445084
5.445084
5.445084
5.445084
5.445084
5.445084
5.445084
5.445084
5.445084
5.445084
5.445084
5.445084
5.445084
5.445084
5.445084
5.445084
5.445084
5.445084
5.445084
5.445084
5.445084
5.445084
5.445084
5.445084
5.445084
5.445084
5.445084
5.445084
5.445084
5.445084
5.445084
5.445084
5.445084
5.445084
5.445084
5.445084
5.445084
5.445084
5.445084
5.445084
5.445084
5.445084
5.445084
5.445084
5.445084
5.445084
5.445084
5.445084
5.445084
5.445084
5.445084
5.445084
5.445084
5.445084
5.445084
5.445084
5.445084
5.445084
5.445084
5.445084
5.445084
5.445084
5.445084
5.445084
5.445084
5.445084
5.445084
5.445084
5.445084
5.445084
5.445084
5.445084
5.445084
5.445084
5.445084
5.445084
5.445084
5.445084