0.918336
0.918336
0.918336
0.918336
0.918336
0.918336
0.918336
0.918336
0.918336
0.918336
0.918336
0.918336
0.918420
0.918666
0.918977
0.919358
0.919762
0.920206
0.920694
0.921275
0.921928
0.922665
0.923456
0.924343
0.925320
0.926357
0.927450
0.928634
0.929892
0.931213
0.932618
0.934119
0.935692
0.937343
0.939093
0.940890
0.942799
0.944695
0.946706
0.948806
0.950969
0.953222
0.955511
0.957914
0.960428
0.963007
0.965647
0.968388
0.971214
0.974048
0.976984
0.980058
0.983186
0.986317
0.989660
0.993001
0.996383
0.999859
1.003448
1.007103
1.010821
1.014614
1.018509
1.022521
1.026551
1.030673
1.034865
1.039122
1.043517
1.048005
1.052491
1.057057
1.061700
1.066422
1.071300
1.076264
1.081193
1.086271
1.091451
1.096682
1.101931
1.107273
1.112795
1.118377
1.123955
1.129543
1.135517
1.141378
1.147241
1.153194
1.159405
1.165535
1.171782
1.178121
1.184494
1.191031
1.197652
1.204250
1.211039
1.217861
1.224752
1.231655
1.238728
1.245790
1.253047
1.260315
1.267577
1.274924
1.282348
1.289640
1.296999
1.304477
1.311889
1.319271
1.326744
1.334270
1.341661
1.349094
1.356452
1.364003
1.371592
1.379010
1.386407
1.393909
1.401223
1.408791
1.416125
1.423660
1.430994
1.438679
1.445864
1.453462
1.460793
1.468277
1.475660
1.483069
1.490541
1.498046
1.505479
1.512921
1.520226
1.527833
1.535116
1.542424
1.549911
1.557263
1.564648
1.572130
1.579491
1.586867
1.594285
1.601641
1.609023
1.616444
1.623824
1.631143
1.638567
1.646003
1.653452
1.660786
1.668123
1.675601
1.683053
1.690267
1.697709
1.705098
1.712456
1.719880
1.727325
1.734615
1.742108
1.749409
1.756786
1.764171
1.771553
1.778944
1.786246
1.793655
1.801085
1.808465
1.815925
1.823106
1.830587
1.837940
1.845316
1.852632
1.859982
1.867397
1.874803
1.882191
1.889556
1.896803
1.904401
1.911601
1.918968
1.926350
1.933613
1.941061
1.948431
1.955745
1.963094
1.970461
1.977754
1.985094
1.992458
1.999700
2.007070
2.014461
2.021736
2.029010
2.036518
2.043703
2.051043
2.058357
2.065598
2.072899
2.080204
2.087556
2.094779
2.102066
2.109293
2.116540
2.123859
2.131068
2.138339
2.145656
2.152723
2.160082
2.167182
2.174364
2.181593
2.188934
2.196088
2.203225
2.210421
2.217597
2.224886
2.231945
2.239133
2.246317
2.253493
2.260596
2.267763
2.274915
2.282024
2.289152
2.296276
2.303323
2.310442
2.317686
2.324721
2.331840
2.338982
2.345897
2.353117
2.360077
2.367238
2.374219
2.381301
2.388459
2.395449
2.402580
2.409662
2.416697
2.423743
2.430772
2.437840
2.444872
2.451838
2.458938
2.466009
2.472990
2.480018
2.487086
2.494025
2.501051
2.508163
2.515042
2.522164
2.529223
2.536183
2.543319
2.550273
2.557215
2.564238
2.571281
2.578268
2.585267
2.592272
2.599265
2.606203
2.613274
2.620243
2.627212
2.634219
2.641125
2.648160
2.655138
2.662149
2.669159
2.676029
2.683088
2.689901
2.697023
2.703911
2.710850
2.717741
2.724590
2.731591
2.738557
2.745523
2.752366
2.759374
2.766223
2.773171
2.780053
2.786878
2.793948
2.800758
2.807616
2.814621
2.821458
2.828328
2.835123
2.842107
2.848854
2.855730
2.862549
2.869374
2.876262
2.883066
2.889870
2.896710
2.903670
2.910393
2.917176
2.924064
2.930775
2.937663
2.944446
2.951148
2.957898
2.964715
2.971465
2.978245
2.984974
2.991763
2.998483
3.005218
3.011968
3.018724
3.025477
3.032141
3.038834
3.045563
3.052256
3.058887
3.065595
3.072291
3.078954
3.085602
3.092251
3.098947
3.105520
3.112255
3.118979
3.125549
3.132131
3.138845
3.145419
3.152064
3.158700
3.165265
3.171970
3.178495
3.185137
3.191711
3.198368
3.204923
3.211527
3.218187
3.224727
3.231324
3.237970
3.244531
3.251173
3.257738
3.264323
3.270887
3.277527
3.283989
3.290626
3.297235
3.303766
3.310369
3.316955
3.323423
3.330065
3.336666
3.343206
3.349833
3.356371
3.362884
3.369395
3.376019
3.382550
3.389127
3.395652
3.402196
3.408796
3.415315
3.421796
3.428321
3.434916
3.441399
3.447918
3.454453
3.460972
3.467471
3.473987
3.480525
3.487014
3.493533
3.499939
3.506464
3.512972
3.519428
3.525882
3.532449
3.538726
3.545224
3.551651
3.558158
3.564519
3.570990
3.577429
3.583826
3.590261
3.596616
3.603072
3.609520
3.615835
3.622199
3.628608
3.634971
3.641344
3.647738
3.654131
3.660450
3.666762
3.673153
3.679463
3.685844
3.692151
3.698410
3.704743
3.711023
3.717309
3.723666
3.729880
3.736172
3.742485
3.748693
3.754933
3.761246
3.767478
3.773635
3.779881
3.786101
3.792339
3.798514
3.804755
3.810924
3.817146
3.823297
3.829424
3.835650
3.841804
3.848006
3.854166
3.860278
3.866423
3.872600
3.878715
3.884896
3.891011
3.897090
3.903148
3.909329
3.915429
3.921559
3.927668
3.933759
3.939769
3.945926
3.951936
3.958015
3.964157
3.970209
3.976297
3.982403
3.988467
3.994546
4.000709
4.006722
4.012753
4.018862
4.024896
4.030945
4.037027
4.043112
4.049146
4.055120
4.061178
4.067251
4.073315
4.079331
4.085335
4.091433
4.097502
4.103426
4.109550
4.115473
4.121537
4.127481
4.133596
4.139525
4.145556
4.151593
4.157573
4.163718
4.169614
4.175642
4.181587
4.187573
4.193586
4.199599
4.205573
4.211553
4.217494
4.223493
4.229482
4.235474
4.241373
4.247320
4.253441
4.259385
4.265296
4.271292
4.277242
4.283165
4.289193
4.295063
4.300989
4.306974
4.312943
4.318872
4.324786
4.330700
4.336654
4.342610
4.348479
4.354438
4.360346
4.366282
4.372154
4.378098
4.383994
4.389884
4.395766
4.401638
4.407564
4.413436
4.419282
4.425136
4.431089
4.436824
4.442708
4.448562
4.454360
4.460205
4.466134
4.471884
4.477690
4.483523
4.489333
4.495133
4.500975
4.506721
4.512537
4.518362
4.524081
4.529851
4.535645
4.541392
4.547165
4.552945
4.558688
4.564480
4.570196
4.575910
4.581662
4.587465
4.593188
4.598829
4.604618
4.610271
4.615931
4.621665
4.627346
4.633027
4.638785
4.644331
4.650095
4.655781
4.661414
4.667062
4.672721
4.678402
4.683953
4.689601
4.695258
4.700857
4.706499
4.712044
4.717752
4.723346
4.728951
4.734560
4.740195
4.745834
4.751379
4.757036
4.762513
4.768206
4.773706
4.779333
4.784804
4.790490
4.796012
4.801627
4.807205
4.812733
4.818300
4.823917
4.829406
4.834925
4.840536
4.846103
4.851661
4.857146
4.862725
4.868253
4.873805
4.879326
4.884818
4.890450
4.895954
4.901512
4.907016
4.912561
4.918056
4.923569
4.929046
4.934514
4.940104
4.945665
4.951061
4.956702
4.962092
4.967638
4.973064
4.978577
4.984077
4.989557
4.994995
5.000463
5.005934
5.011414
5.016887
5.022406
5.027736
5.033231
5.038704
5.044053
5.049604
5.054967
5.060399
5.065726
5.071229
5.076629
5.082030
5.087462
5.092783
5.098224
5.103596
5.109004
5.114400
5.119790
5.125134
5.130581
5.135897
5.141239
5.146598
5.151979
5.157261
5.162615
5.168023
5.173308
5.178686
5.183941
5.189376
5.194604
5.199991
5.205246
5.210591
5.215840
5.221110
5.226446
5.231692
5.236969
5.242248
5.247473
5.252713
5.258019
5.263211
5.268376
5.273667
5.278889
5.284147
5.289289
5.294544
5.299601
5.304940
5.310012
5.315217
5.320396
5.325532
5.330703
5.335862
5.340994
5.346097
5.351247
5.356367
5.361478
5.366647
5.371719
5.376794
5.381959
5.386981
5.392062
5.397117
5.402201
5.407294
5.412352
5.417313
5.422347
5.427488
5.432464
5.437494
5.442522
5.447540
5.452454
5.457565
5.462533
5.467494
5.472533
5.477456
5.482426
5.487448
5.492364
5.497317
5.502245
5.507171
5.512123
5.517115
5.522013
5.526939
5.531930
5.536802
5.541700
5.546662
5.551542
5.556438
5.561447
5.566253
5.571155
5.576077
5.580907
5.585826
5.590731
5.595554
5.600438
5.605381
5.610253
5.615002
5.619897
5.624697
5.629527
5.634455
5.639285
5.644135
5.648974
5.653720
5.658546
5.663394
5.668179
5.672973
5.677790
5.682590
5.687414
5.692171
5.696938
5.701678
5.706474
5.711256
5.716026
5.720787
5.725538
5.730287
5.735039
5.739794
5.744494
5.749213
5.753971
5.758684
5.763414
5.768097
5.772822
5.777571
5.782254
5.786912
5.791652
5.796371
5.801033
5.805725
5.810375
5.815094
5.819773
5.824390
5.829040
5.833810
5.838358
5.843008
5.847658
5.852328
5.856927
5.861574
5.866188
5.870880
5.875548
5.880111
5.884716
5.889354
5.893947
5.898551
5.903157
5.907783
5.912343
5.917031
5.921493
5.926130
5.930762
5.935325
5.939873
5.944469
5.949020
5.953592
5.958176
5.962730
5.967263
5.971811
5.976302
5.980805
5.985353
5.989961
5.994383
5.998871
6.003417
6.007953
6.012444
6.016959
6.021414
6.025932
6.030372
6.034851
6.039327
6.043765
6.048199
6.052618
6.057142
6.061567
6.066010
6.070354
6.074807
6.079295
6.083651
6.088037
6.092429
6.096810
6.101256
6.105675
6.109968
6.114397
6.118753
6.123097
6.127423
6.131887
6.136229
6.140549
6.144917
6.149217
6.153582
6.157941
6.162276
6.166654
6.170881
6.175213
6.179483
6.183854
6.188178
6.192429
6.196794
6.200974
6.205342
6.209596
6.213862
6.218099
6.222467
6.226722
6.231009
6.235270
6.239485
6.243742
6.248000
6.252254
6.256473
6.260790
6.264915
6.269170
6.273382
6.277690
6.281798
0.002885
0.007086
0.011328
0.015520
0.019771
0.023944
0.028169
0.032303
0.036576
0.040764
0.044923
0.049075
0.053312
0.057473
0.061617
0.065778
0.069922
0.074131
0.078326
0.082445
0.086604
0.090834
0.094990
0.099125
0.103292
0.107403
0.111573
0.115729
0.119875
0.123989
0.128132
0.132192
0.136324
0.140539
0.144572
0.148703
0.152916
0.156993
0.161149
0.165268
0.169358
0.173445
0.177576
0.181720
0.185758
0.189908
0.193986
0.198036
0.202144
0.206293
0.210320
0.214506
0.218517
0.222616
0.226706
0.230792
0.234879
0.238977
0.243001
0.247076
0.251147
0.255192
0.259252
0.263341
0.267371
0.271449
0.275481
0.279541
0.283556
0.287627
0.291654
0.295696
0.299704
0.303755
0.307818
0.311842
0.315883
0.319892
0.323955
0.327894
0.331873
0.335900
0.339921
0.343986
0.347920
0.351971
0.355931
0.360015
0.363937
0.367922
0.371936
0.375927
0.379891
0.383882
0.387848
0.391824
0.395809
0.399725
0.403707
0.407676
0.411613
0.415571
0.419550
0.423490
0.427486
0.431420
0.435393
0.439252
0.443282
0.447137
0.451098
0.454984
0.458876
0.462795
0.466810
0.470695
0.474620
0.478539
0.482422
0.486341
0.490221
0.494119
0.498055
0.501923
0.505845
0.509740
0.513617
0.517503
0.521386
0.525191
0.529041
0.533007
0.536794
0.540620
0.544596
0.548389
0.552224
0.556110
0.559933
0.563756
0.567600
0.571462
0.575297
0.579135
0.582919
0.586751
0.590574
0.594373
0.598169
0.601995
0.605761
0.609560
0.613380
0.617161
0.620966
0.624753
0.628537
0.632321
0.636117
0.639826
0.643589
0.647412
0.651157
0.654863
0.658644
0.662413
0.666182
0.669909
0.673618
0.677378
0.681108
0.684871
0.688554
0.692314
0.695984
0.699693
0.703438
0.707147
0.710853
0.714559
0.718278
0.721960
0.725633
0.729387
0.733024
0.736757
0.740406
0.744092
0.747840
0.751483
0.755111
0.758823
0.762466
0.766137
0.769789
0.773426
0.777078
0.780775
0.784379
0.788062
0.791681
0.795300
0.798952
0.802604
0.806236
0.809840
0.813528
0.817147
0.820743
0.824377
0.828023
0.831630
0.835285
0.838818
0.842455
0.846077
0.849741
0.853289
0.856935
0.860491
0.864102
0.867745
0.871313
0.874911
0.878513
0.882102
0.885673
0.889295
0.892849
0.896414
0.900018
0.903599
0.907185
0.910759
0.914348
0.917884
0.921443
0.924996
0.928592
0.932130
0.935683
0.939264
0.942850
0.946322
0.949969
0.953495
0.957027
0.960545
0.964113
0.967612
0.971151
0.974704
0.978227
0.981775
0.985331
0.988857
0.992408
0.995961
0.999424
1.002936
1.006441
1.009950
1.013446
1.016993
1.020499
1.023998
1.027527
1.031033
1.034532
1.038035
1.041474
1.044940
1.048539
1.051993
1.055469
1.058986
1.062488
1.065988
1.069460
1.072882
1.076390
1.079875
1.083302
1.086753
1.090274
1.093710
1.097144
1.100625
1.104158
1.107600
1.111069
1.114509
1.117963
1.121421
1.124881
1.128321
1.131775
1.135179
1.138618
1.142046
1.145461
1.148934
1.152328
1.155786
1.159210
1.162641
1.166053
1.169463
1.172881
1.176276
1.179691
1.183092
1.186516
1.189914
1.193299
1.196667
1.200049
1.203456
1.206835
1.210215
1.213624
1.217001
1.220375
1.223739
1.227113
1.230489
1.233872
1.237212
1.240556
1.243933
1.247303
1.250611
1.253963
1.257307
1.260699
1.263991
1.267305
1.270615
1.274010
1.277339
1.280637
1.284032
1.287315
1.290638
1.293943
1.297235
1.300561
1.303875
1.307158
1.310445
1.313738
1.317039
1.320329
1.323661
1.326917
1.330213
1.333470
1.336768
1.340124
1.343345
1.346565
1.349828
1.353145
1.356372
1.359571
1.362879
1.366187
1.369357
1.372694
1.375867
1.379118
1.382374
1.385589
1.388807
1.392043
1.395293
1.398535
1.401759
1.404944
1.408140
1.411367
1.414573
1.417782
1.420997
1.424166
1.427363
1.430587
1.433781
1.436962
1.440180
1.443323
1.446517
1.449723
1.452848
1.456074
1.459238
1.462399
1.465569
1.468697
1.471849
1.475006
1.478173
1.481292
1.484447
1.487599
1.490751
1.493882
1.497060
1.500182
1.503268
1.506450
1.509575
1.512667
1.515774
1.518881
1.522017
1.525139
1.528219
1.531356
1.534448
1.537525
1.540665
1.543724
1.546792
1.549899
1.552988
1.556056
1.559139
1.562219
1.565251
1.568301
1.571390
1.574422
1.577499
1.580566
1.583616
1.586678
1.589740
1.592790
1.595834
1.598851
1.601886
1.604957
1.608031
1.611057
1.614077
1.617130
1.620183
1.623203
1.626205
1.629288
1.632323
1.635334
1.638297
1.641333
1.644359
1.647367
1.650366
1.653365
1.656388
1.659414
1.662410
1.665430
1.668399
1.671407
1.674391
1.677405
1.680359
1.683376
1.686360
1.689353
1.692346
1.695291
1.698297
1.701245
1.704238
1.707198
1.710146
1.713145
1.716078
1.719035
1.722019
1.724955
1.727916
1.730855
1.733797
1.736769
1.739741
1.742668
1.745607
1.748555
1.751462
1.754377
1.757373
1.760243
1.763203
1.766106
1.769009
1.771931
1.774843
1.777749
1.780667
1.783600
1.786476
1.789380
1.792292
1.795213
1.798098
1.801022
1.803892
1.806802
1.809669
1.812557
1.815412
1.818310
1.821189
1.824056
1.826974
1.829823
1.832685
1.835543
1.838395
1.841265
1.844115
1.846976
1.849810
1.852707
1.855509
1.858370
1.861174
1.863984
1.866843
1.869689
1.872517
1.875327
1.878159
1.880960
1.883764
1.886635
1.889412
1.892228
1.895027
1.897861
1.900653
1.903448
1.906238
1.909054
1.911882
1.914585
1.917425
1.920178
1.923001
1.925745
1.928531
1.931324
1.934107
1.936890
1.939641
1.942424
1.945186
1.947919
1.950699
1.953432
1.956158
1.958879
1.961653
1.964403
1.967160
1.969892
1.972594
1.975381
1.978125
1.980828
1.983551
1.986301
1.989019
1.991721
1.994451
1.997171
1.999886
2.002588
2.005284
2.008026
2.010698
2.013437
2.016097
2.018794
2.021502
2.024195
2.026850
2.029514
2.032222
2.034906
2.037558
2.040266
2.042933
2.045599
2.048251
2.050911
2.053548
2.056214
2.058881
2.061541
2.064187
2.066853
2.069505
2.072138
2.074739
2.077426
2.080027
2.082696
2.085312
2.087913
2.090489
2.093102
2.095762
2.098369
2.100963
2.103588
2.106207
2.108771
2.111363
2.113993
2.116567
2.119147
2.121750
2.124324
2.126843
2.129471
2.131991
2.134564
2.137150
2.139709
2.142252
2.144805
2.147354
2.149922
2.152466
2.155024
2.157523
2.160082
2.162595
2.165112
2.167623
2.170148
2.172674
2.175170
2.177669
2.180206
2.182717
2.185192
2.187693
2.190210
2.192712
2.195180
2.197697
2.200145
2.202674
2.205145
2.207572
2.210056
2.212522
2.214972
2.217408
2.219868
2.222322
2.224772
2.227205
2.229665
2.232092
2.234543
2.236981
2.239366
2.241811
2.244265
2.246704
2.249136
2.251536
2.253939
2.256342
2.258715
2.261118
2.263532
2.265905
2.268293
2.270756
2.273105
2.275526
2.277910
2.280257
2.282638
2.285038
2.287399
2.289748
2.292124
2.294470
2.296810
2.299176
2.301513
2.303856
2.306205
2.308557
2.310939
2.313240
2.315589
2.317932
2.320317
2.322591
2.324952
2.327262
2.329545
2.331855
2.334198
2.336459
2.338823
2.341127
2.343407
2.345720
2.348033
2.350304
2.352608
2.354915
2.357186
2.359487
2.361749
2.364050
2.366348
2.368622
2.370881
2.373122
2.375378
2.377643
2.379926
2.382182
2.384417
2.386703
2.388974
2.391200
2.393466
2.395730
2.397959
2.400224
2.402460
2.404653
2.406870
2.409126
2.411349
2.413548
2.415825
2.418024
2.420238
2.422440
2.424675
2.426893
2.429121
2.431318
2.433541
2.435743
2.437930
2.440126
2.442304
2.444491
2.446708
2.448880
2.451089
2.453285
2.455481
2.457638
2.459822
2.462003
2.464172
2.466353
2.468523
2.470674
2.472849
2.475018
2.477172
2.479335
2.481496
2.483611
2.485753
2.487922
2.490055
2.492186
2.494364
2.496470
2.498636
2.500787
2.502926
2.505038
2.507172
2.509275
2.511411
2.513517
2.515615
2.517724
2.519809
2.521957
2.524055
2.526143
2.528252
2.530367
2.532482
2.534544
2.536596
2.538717
2.540806
2.542876
2.544955
2.547019
2.549125
2.551208
2.553269
2.555324
2.557377
2.559441
2.561478
2.563504
2.565553
2.567626
2.569666
2.571716
2.573780
2.575820
2.577876
2.579916
2.581914
2.583940
2.585986
2.587984
2.589962
2.592017
2.594024
2.596035
2.598057
2.600065
2.602090
2.604094
2.606096
2.608049
2.610032
2.612028
2.614017
2.616015
2.618011
2.620003
2.621999
2.623967
2.625932
2.627889
2.629845
2.631799
2.633761
2.635697
2.637692
2.639642
2.641635
2.643585
2.645566
2.647477
2.649415
2.651336
2.653254
2.655153
2.657089
2.659021
2.660977
2.662922
2.664833
2.666769
2.668704
2.670622
2.672476
2.674394
2.676263
2.678181
2.680041
2.681953
2.683873
2.685800
2.687687
2.689617
2.691480
2.693362
2.695189
2.697053
2.698889
2.700750
2.702622
2.704489
2.706398
2.708297
2.710166
2.712024
2.713915
2.715745
2.717558
2.719368
2.721216
2.723029
2.724841
2.726681
2.728517
2.730399
2.732277
2.734114
2.735963
2.737796
2.739576
2.741361
2.743135
2.744960
2.746757
2.748552
2.750374
2.752207
2.754026
2.755817
2.757636
2.759428
2.761204
2.762984
2.764725
2.766501
2.768293
2.770064
2.771855
2.773623
2.775436
2.777182
2.778998
2.780751
2.782512
2.784265
2.785991
2.787729
2.789502
2.791228
2.792957
2.794709
2.796456
2.798230
2.799994
2.801723
2.803473
2.805198
2.806909
2.808617
2.810319
2.812008
2.813707
2.815427
2.817120
2.818840
2.820568
2.822300
2.824029
2.825754
2.827450
2.829116
2.830806
2.832472
2.834143
2.835806
2.837475
2.839129
2.840813
2.842496
2.844192
2.845870
2.847542
2.849231
2.850903
2.852545
2.854181
2.855823
2.857435
2.859107
2.860730
2.862333
2.863963
2.865635
2.867271
2.868916
2.870581
2.872223
2.873832
2.875447
2.877062
2.878635
2.880238
2.881817
2.883422
2.885005
2.886604
2.888198
2.889822
2.891443
2.893052
2.894631
2.896210
2.897783
2.899355
2.900892
2.902450
2.904041
2.905599
2.907166
2.908730
2.910285
2.911873
2.913434
2.914998
2.916568
2.918117
2.919624
2.921140
2.922683
2.924205
2.925733
2.927261
2.928786
2.930308
2.931839
2.933349
2.934898
2.936450
2.937963
2.939467
2.940947
2.942433
2.943919
2.945408
2.946873
2.948374
2.949869
2.951346
2.952835
2.954327
2.955807
2.957296
2.958791
2.960283
2.961751
2.963243
2.964667
2.966108
2.967561
2.968993
2.970452
2.971914
2.973334
2.974766
2.976177
2.977630
2.979084
2.980540
2.981984
2.983467
2.984890
2.986295
2.987736
2.989132
2.990543
2.991976
2.993363
2.994747
2.996140
2.997530
2.998893
3.000287
3.001713
3.003142
3.004535
3.005940
3.007372
3.008784
3.010147
3.011498
3.012843
3.014218
3.015582
3.016939
3.018302
3.019605
3.020977
3.022326
3.023707
3.025082
3.026454
3.027817
3.029193
3.030550
3.031865
3.033198
3.034559
3.035871
3.037174
3.038483
3.039790
3.041114
3.042393
3.043694
3.045000
3.046336
3.047660
3.048964
3.050312
3.051639
3.052948
3.054252
3.055549
3.056834
3.058089
3.059363
3.060639
3.061934
3.063183
3.064423
3.065673
3.066943
3.068225
3.069495
3.070766
3.072048
3.073337
3.074601
3.075868
3.077136
3.078349
3.079592
3.080833
3.082055
3.083280
3.084500
3.085701
3.086909
3.088146
3.089360
3.090585
3.091804
3.093069
3.094294
3.095522
3.096733
3.097952
3.099165
3.100364
3.101541
3.102710
3.103872
3.105053
3.106221
3.107375
3.108567
3.109742
3.110907
3.112084
3.113277
3.114427
3.115647
3.116815
3.117984
3.119146
3.120291
3.121441
3.122574
3.123700
3.124842
3.125977
3.127107
3.128251
3.129366
3.130462
3.131562
3.132674
3.133794
3.134912
3.136026
3.137141
3.138273
3.139405
3.140502
3.141596
3.142707
3.143801
3.144870
3.145973
3.147045
3.148133
3.149191
3.150257
3.151342
3.152387
3.153424
3.154461
3.155512
3.156570
3.157628
3.158682
3.159761
3.160827
3.161918
3.162951
3.164000
3.165070
3.166103
3.167134
3.168168
3.169180
3.170202
3.171239
3.172236
3.173261
3.174250
3.175229
3.176206
3.177213
3.178190
3.179178
3.180194
3.181218
3.182225
3.183220
3.184194
3.185191
3.186180
3.187148
3.188148
3.189122
3.190123
3.191091
3.192094
3.193044
3.194015
3.194943
3.195848
3.196744
3.197676
3.198587
3.199528
3.200498
3.201478
3.202425
3.203368
3.204294
3.205223
3.206140
3.207057
3.207955
3.208896
3.209810
3.210760
3.211688
3.212629
3.213561
3.214505
3.215398
3.216290
3.217126
3.217995
3.218828
3.219703
3.220563
3.221462
3.222366
3.223259
3.224158
3.225066
3.225902
3.226743
3.227607
3.228457
3.229311
3.230189
3.231076
3.231978
3.232892
3.233766
3.234617
3.235474
3.236295
3.237122
3.237901
3.238680
3.239489
3.240280
3.241080
3.241930
3.242764
3.243596
3.244429
3.245268
3.246071
3.246874
3.247665
3.248438
3.249235
3.250035
3.250796
3.251611
3.252429
3.253247
3.254041
3.254856
3.255656
3.256455
3.257222
3.257977
3.258720
3.259458
3.260218
3.260947
3.261678
3.262424
3.263152
3.263859
3.264596
3.265339
3.266079
3.266822
3.267580
3.268335
3.269048
3.269743
3.270459
3.271169
3.271876
3.272577
3.273263
3.273973
3.274698
3.275412
3.276113
3.276841
3.277560
3.278258
3.278983
3.279678
3.280364
3.281053
3.281730
3.282386
3.283040
3.283687
3.284301
3.284933
3.285520
3.286143
3.286749
3.287372
3.288013
3.288651
3.289277
3.289901
3.290512
3.291111
3.291716
3.292300
3.292861
3.293439
3.294026
3.294601
3.295165
3.295734
3.296330
3.296929
3.297508
3.298107
3.298703
3.299314
3.299910
3.300519
3.301118
3.301699
3.302259
3.302814
3.303341
3.303838
3.304317
3.304827
3.305357
3.305854
3.306340
3.306846
3.307340
3.307808
3.308272
3.308755
3.309216
3.309654
3.310112
3.310576
3.311023
3.311484
3.311918
3.312359
3.312799
3.313216
3.313614
3.314028
3.314441
3.314864
3.315268
3.315675
3.316110
3.316532
3.316937
3.317323
3.317710
3.318117
3.318522
3.318920
3.319319
3.319753
3.320191
3.320619
3.321056
3.321512
3.321937
3.322363
3.322782
3.323196
3.323594
3.323992
3.324388
3.324784
3.325155
3.325497
3.325811
3.326132
3.326464
3.326761
3.327039
3.327327
3.327621
3.327896
3.328166
3.328436
3.328702
3.328948
3.329185
3.329422
3.329634
3.329838
3.330042
3.330245
3.330452
3.330659
3.330848
3.331060
3.331267
3.331465
3.331641
3.331836
3.332040
3.332235
3.332423
3.332606
3.332780
3.332972
3.333137
3.333298
3.333442
3.333601
3.333757
3.333910
3.334059
3.334206
3.334344
3.334488
3.334635
3.334766
3.334877
3.335000
3.335105
3.335204
3.335300
3.335387
3.335455
3.335536
3.335608
3.335683
3.335737
3.335788
3.335848
3.335902
3.335956
3.336007
3.336043
3.336082
3.336127
3.336154
3.336159
3.336178
3.336186
3.336190
3.336190
3.336190
3.336190
3.336190
3.336190
3.336190
3.336190
3.336190
3.336190
3.336190
3.336190
3.336190
3.336190
3.336190
3.336190
3.336190
3.336190
3.336190
3.336178
3.336142
3.336109
3.336070
3.336022
3.335986
3.335956
3.335923
3.335878
3.335833
3.335803
3.335773
3.335740
3.335695
3.335641
3.335605
3.335566
3.335527
3.335488
3.335455
3.335426
3.335402
3.335375
3.335351
3.335315
3.335288
3.335267
3.335240
3.335201
3.335183
3.335156
3.335132
3.335114
3.335096
3.335069
3.335048
3.335036
3.335027
3.335012
3.335009
3.335009
3.335009
3.335003
3.334997
3.334982
3.334982
3.334979
3.334970
3.334952
3.334943
3.334943
3.334943
3.334943
3.334943
3.334943
3.334943
3.334943
3.334943
3.334943
3.334943
3.334943
3.334943
3.334943
3.334943
3.334943
3.334943
3.334943
3.334943
3.334943
3.334943
3.334943
3.334943
3.334943
3.334943
3.334943
3.334943
3.334943
3.334943
3.334943
3.334943
3.334943
3.334943
3.334943
3.334943
3.334943
3.334943
3.334943
3.334943
3.334943
3.334943
3.334943
3.334943
3.334943
3.334943
3.334943
3.334943
3.334943
3.334943
3.334943
3.334943
3.334943
3.334943
3.334943
3.334943
3.334943
3.334943
3.334943
3.334943
3.334943
3.334943
3.334943
3.334943
3.334943
3.334943
3.334943
3.334943
3.334943
3.334943
3.334943
3.334943
3.334943
3.334943
3.334943
3.334943
3.334943
3.334943
3.334943
3.334943
3.334943
3.334943
3.334943
3.334943
3.334943
3.334943
3.334943
3.334943
3.334943
3.334943
3.334943
3.334943
3.334943
3.334943
3.334943
3.334943
3.334943
3.334943
3.334943
3.334943
3.334943