4.049553
4.049553
4.049553
4.049553
4.049553
4.049553
4.049553
4.049553
4.049553
4.049553
4.049553
4.049553
4.049553
4.049562
4.049724
4.049925
4.050191
4.050497
4.050809
4.051157
4.051540
4.051956
4.052379
4.052801
4.053289
4.053871
4.054461
4.055096
4.055812
4.056588
4.057391
4.058215
4.059072
4.059998
4.060929
4.061894
4.062865
4.063887
4.064962
4.066053
4.067179
4.068336
4.069585
4.070847
4.072159
4.073528
4.074933
4.076353
4.077860
4.079391
4.080916
4.082507
4.084191
4.085865
4.087558
4.089320
4.091100
4.092891
4.094722
4.096553
4.098464
4.100444
4.102512
4.104591
4.106730
4.108851
4.111027
4.113280
4.115557
4.117822
4.120138
4.122499
4.124901
4.127361
4.129842
4.132340
4.134962
4.137599
4.140214
4.142899
4.145607
4.148345
4.151144
4.154020
4.156839
4.159787
4.162784
4.165806
4.168890
4.171921
4.175001
4.178144
4.181317
4.184541
4.187786
4.191081
4.194476
4.197828
4.201217
4.204662
4.208228
4.211775
4.215391
4.219028
4.222660
4.226360
4.230093
4.233883
4.237706
4.241580
4.245420
4.249337
4.253153
4.256973
4.260808
4.264733
4.268610
4.272409
4.276292
4.280166
4.284004
4.287917
4.291790
4.295673
4.299526
4.303415
4.307259
4.311178
4.315019
4.318878
4.322716
4.326590
4.330413
4.334293
4.338083
4.341891
4.345786
4.349570
4.353414
4.357243
4.361018
4.364873
4.368679
4.372468
4.376256
4.380087
4.383914
4.387676
4.391437
4.395220
4.399007
4.402789
4.406522
4.410321
4.414083
4.417817
4.421628
4.425343
4.429073
4.432833
4.436548
4.440302
4.444011
4.447681
4.451420
4.455139
4.458815
4.462458
4.466206
4.469828
4.473514
4.477150
4.480752
4.484422
4.488095
4.491700
4.495310
4.498902
4.502539
4.506140
4.509721
4.513325
4.516891
4.520498
4.524021
4.527604
4.531190
4.534795
4.538330
4.541851
4.545380
4.548921
4.552435
4.555995
4.559497
4.563038
4.566505
4.570019
4.573495
4.576955
4.580425
4.583987
4.587402
4.590902
4.594380
4.597778
4.601271
4.604743
4.608147
4.611584
4.614984
4.618367
4.621794
4.625270
4.628658
4.632050
4.635429
4.638866
4.642200
4.645607
4.648965
4.652333
4.655734
4.659029
4.662448
4.665782
4.669093
4.672451
4.675834
4.679148
4.682414
4.685739
4.689065
4.692411
4.695683
4.698964
4.702262
4.705582
4.708800
4.712095
4.715355
4.718645
4.721913
4.725134
4.728304
4.731567
4.734844
4.738044
4.741307
4.744531
4.747713
4.750891
4.754163
4.757360
4.760536
4.763768
4.766968
4.770102
4.773332
4.776505
4.779605
4.782815
4.785936
4.789145
4.792312
4.795445
4.798568
4.801758
4.804838
4.808002
4.811133
4.814267
4.817395
4.820454
4.823573
4.826680
4.829769
4.832824
4.835928
4.838943
4.841999
4.845069
4.848131
4.851161
4.854180
4.857305
4.860298
4.863273
4.866335
4.869367
4.872360
4.875365
4.878349
4.881351
4.884351
4.887329
4.890334
4.893345
4.896305
4.899202
4.902213
4.905155
4.908124
4.911093
4.914014
4.916978
4.919929
4.922832
4.925789
4.928725
4.931598
4.934463
4.937405
4.940287
4.943160
4.946054
4.948943
4.951801
4.954689
4.957496
4.960372
4.963273
4.966107
4.968959
4.971761
4.974631
4.977447
4.980293
4.983113
4.985965
4.988790
4.991547
4.994378
4.997206
4.999983
5.002779
5.005595
5.008346
5.011120
5.013900
5.016603
5.019398
5.022166
5.024917
5.027628
5.030343
5.033069
5.035807
5.038569
5.041257
5.043969
5.046665
5.049391
5.052070
5.054772
5.057463
5.060132
5.062840
5.065480
5.068161
5.070825
5.073459
5.076140
5.078828
5.081425
5.084092
5.086713
5.089326
5.091977
5.094578
5.097172
5.099818
5.102418
5.104998
5.107557
5.110154
5.112710
5.115316
5.117893
5.120413
5.122965
5.125530
5.128044
5.130555
5.133101
5.135642
5.138167
5.140684
5.143159
5.145646
5.148120
5.150679
5.153106
5.155599
5.158016
5.160506
5.162969
5.165375
5.167813
5.170276
5.172718
5.175118
5.177581
5.179968
5.182359
5.184768
5.187177
5.189547
5.191929
5.194337
5.196681
5.199048
5.201381
5.203721
5.206079
5.208425
5.210807
5.213096
5.215409
5.217740
5.220056
5.222342
5.224655
5.226938
5.229191
5.231519
5.233778
5.235971
5.238239
5.240477
5.242715
5.244962
5.247176
5.249366
5.251592
5.253836
5.256050
5.258195
5.260425
5.262573
5.264775
5.266944
5.269107
5.271237
5.273358
5.275534
5.277694
5.279857
5.281939
5.284075
5.286215
5.288300
5.290439
5.292533
5.294621
5.296704
5.298813
5.300880
5.302975
5.304985
5.307019
5.309062
5.311145
5.313167
5.315177
5.317218
5.319225
5.321259
5.323288
5.325286
5.327264
5.329265
5.331272
5.333265
5.335230
5.337183
5.339098
5.341082
5.343008
5.344955
5.346867
5.348820
5.350711
5.352640
5.354546
5.356481
5.358356
5.360250
5.362155
5.364007
5.365898
5.367773
5.369607
5.371480
5.373340
5.375155
5.377004
5.378847
5.380647
5.382481
5.384282
5.386076
5.387898
5.389713
5.391523
5.393315
5.395113
5.396868
5.398618
5.400403
5.402141
5.403915
5.405670
5.407411
5.409119
5.410883
5.412600
5.414329
5.416049
5.417766
5.419452
5.421163
5.422856
5.424533
5.426211
5.427889
5.429543
5.431194
5.432836
5.434481
5.436131
5.437794
5.439451
5.441072
5.442684
5.444320
5.445946
5.447552
5.449143
5.450755
5.452310
5.453859
5.455423
5.456972
5.458560
5.460121
5.461703
5.463237
5.464797
5.466311
5.467847
5.469373
5.470915
5.472432
5.473950
5.475433
5.476911
5.478426
5.479907
5.481345
5.482837
5.484311
5.485767
5.487217
5.488655
5.490078
5.491529
5.492946
5.494401
5.495831
5.497233
5.498647
5.500043
5.501419
5.502827
5.504231
5.505625
5.507012
5.508378
5.509715
5.511069
5.512426
5.513774
5.515101
5.516447
5.517780
5.519092
5.520411
5.521723
5.523017
5.524350
5.525630
5.526930
5.528179
5.529440
5.530702
5.531993
5.533255
5.534525
5.535771
5.537017
5.538273
5.539492
5.540718
5.541919
5.543132
5.544331
5.545517
5.546689
5.547863
5.549026
5.550197
5.551381
5.552579
5.553744
5.554922
5.556099
5.557274
5.558463
5.559608
5.560752
5.561897
5.563020
5.564129
5.565219
5.566301
5.567410
5.568503
5.569585
5.570651
5.571718
5.572814
5.573914
5.574986
5.576086
5.577207
5.578267
5.579361
5.580451
5.581482
5.582528
5.583561
5.584598
5.585601
5.586602
5.587597
5.588589
5.589589
5.590587
5.591573
5.592546
5.593547
5.594506
5.595491
5.596456
5.597445
5.598422
5.599399
5.600354
5.601310
5.602245
5.603177
5.604126
5.605037
5.605957
5.606847
5.607742
5.608623
5.609504
5.610379
5.611242
5.612125
5.612982
5.613836
5.614684
5.615544
5.616404
5.617240
5.618088
5.618900
5.619732
5.620551
5.621363
5.622178
5.622980
5.623801
5.624619
5.625425
5.626243
5.627043
5.627816
5.628601
5.629362
5.630102
5.630821
5.631546
5.632253
5.632966
5.633676
5.634359
5.635060
5.635758
5.636477
5.637182
5.637886
5.638575
5.639261
5.639923
5.640579
5.641238
5.641868
5.642491
5.643129
5.643758
5.644411
5.645067
5.645735
5.646400
5.647054
5.647704
5.648351
5.648992
5.649624
5.650227
5.650802
5.651389
5.651949
5.652501
5.653031
5.653549
5.654082
5.654619
5.655140
5.655664
5.656179
5.656707
5.657240
5.657755
5.658253
5.658750
5.659226
5.659691
5.660161
5.660605
5.661030
5.661465
5.661884
5.662294
5.662708
5.663097
5.663490
5.663883
5.664284
5.664664
5.665042
5.665425
5.665803
5.666172
5.666537
5.666893
5.667262
5.667643
5.668035
5.668416
5.668790
5.669174
5.669560
5.669947
5.670330
5.670716
5.671100
5.671472
5.671834
5.672191
5.672538
5.672892
5.673224
5.673548
5.673844
5.674126
5.674381
5.674644
5.674911
5.675154
5.675381
5.675600
5.675804
5.675999
5.676181
5.676358
5.676517
5.676676
5.676837
5.676978
5.677110
5.677242
5.677365
5.677487
5.677596
5.677688
5.677775
5.677868
5.677952
5.678015
5.678075
5.678132
5.678180
5.678216
5.678243
5.678257
5.678261
5.678267
5.678269
5.678269
5.678269
5.678269
5.678269
5.678269
5.678269
5.678269
5.678269
5.678269
5.678269
5.678269
5.678269
5.678269
5.678269
5.678269
5.678269
5.678240
5.678192
5.678156
5.678117
5.678069
5.678027
5.677994
5.677958
5.677922
5.677874
5.677817
5.677769
5.677722
5.677676
5.677619
5.677559
5.677505
5.677464
5.677422
5.677374
5.677320
5.677272
5.677233
5.677197
5.677149
5.677101
5.677065
5.677029
5.676990
5.676951
5.676894
5.676828
5.676775
5.676733
5.676691
5.676643
5.676604
5.676559
5.676511
5.676469
5.676418
5.676355
5.676310
5.676265
5.676208
5.676151
5.676097
5.676037
5.675969
5.675903
5.675831
5.675753
5.675687
5.675618
5.675528
5.675444
5.675373
5.675297
5.675205
5.675109
5.674998
5.674884
5.674779
5.674662
5.674524
5.674390
5.674261
5.674123
5.673985
5.673841
5.673686
5.673527
5.673377
5.673242
5.673092
5.672952
5.672820
5.672685
5.672553
5.672421
5.672284
5.672152
5.672041
5.671933
5.671825
5.671726
5.671636
5.671552
5.671477
5.671409
5.671337
5.671271
5.671214
5.671163
5.671109
5.671055
5.671010
5.670974
5.670941
5.670917
5.670881
5.670857
5.670846
5.670846
5.670834
5.670825
5.670825
5.670825
5.670825
5.670825
5.670825
5.670825
5.670825
5.670825
5.670825
5.670825
5.670825
5.670825
5.670825
5.670825
5.670825
5.670825
5.670825
5.670825
5.670825
5.670825
5.670825
5.670825
5.670825
5.670825
5.670825
5.670825
5.670825
5.670825
5.670825
5.670825
5.670825
5.670825
5.670825
5.670825
5.670825
5.670825
5.670825
5.670825
5.670825
5.670825
5.670825
5.670825
5.670825
5.670825
5.670825
5.670825
5.670825
5.670825
5.670825
5.670825
5.670825
5.670825
5.670825
5.670825
5.670825
5.670825
5.670825
5.670825
5.670825
5.670825
5.670825
5.670825
5.670825
5.670825
5.670825
5.670825
5.670825
5.670825
5.670825
5.670825
5.670825
5.670825
5.670825
5.670825
5.670825
5.670825
5.670825
5.670825
5.670825
5.670825
5.670825
5.670825
5.670825
5.670825
5.670825
5.670825
5.670825
5.670825
5.670825
5.670825
5.670825
5.670825
5.670825
5.670825
5.670825
5.670825
5.670825
5.670825
5.670825