3.896122
3.896122
3.896122
3.896122
3.896122
3.896122
3.896122
3.896122
3.896122
3.896152
3.896230
3.896332
3.896476
3.896659
3.896886
3.897141
3.897432
3.897755
3.898103
3.898450
3.898810
3.899179
3.899583
3.900035
3.900530
3.901039
3.901605
3.902222
3.902867
3.903565
3.904308
3.905063
3.905890
3.906734
3.907609
3.908523
3.909488
3.910459
3.911492
3.912547
3.913664
3.914806
3.915995
3.917197
3.918428
3.919746
3.921098
3.922500
3.923947
3.925448
3.926961
3.928516
3.930053
3.931683
3.933363
3.935053
3.936821
3.938597
3.940443
3.942301
3.944182
3.946088
3.948032
3.950087
3.952125
3.954177
3.956295
3.958473
3.960670
3.962959
3.965280
3.967584
3.970008
3.972363
3.974829
3.977298
3.979814
3.982337
3.984946
3.987565
3.990262
3.992940
3.995678
3.998519
4.001389
4.004250
4.007105
4.010017
4.013038
4.016078
4.019120
4.022238
4.025414
4.028653
4.031826
4.035044
4.038372
4.041671
4.045110
4.048529
4.051965
4.055491
4.058976
4.062559
4.066196
4.069834
4.073588
4.077345
4.081021
4.084724
4.088421
4.092187
4.095923
4.099738
4.103467
4.107192
4.110910
4.114712
4.118418
4.122172
4.126001
4.129794
4.133584
4.137380
4.141119
4.144900
4.148744
4.152456
4.156192
4.159922
4.163658
4.167421
4.171136
4.174888
4.178608
4.182366
4.186045
4.189784
4.193526
4.197241
4.200926
4.204701
4.208401
4.212138
4.215856
4.219532
4.223235
4.226914
4.230611
4.234272
4.237951
4.241577
4.245274
4.249001
4.252620
4.256302
4.260012
4.263639
4.267340
4.271034
4.274620
4.278218
4.281904
4.285496
4.289160
4.292770
4.296381
4.299997
4.303667
4.307202
4.310786
4.314399
4.317949
4.321545
4.325152
4.328732
4.332297
4.335856
4.339422
4.342927
4.346526
4.350037
4.353572
4.357122
4.360625
4.364124
4.367666
4.371207
4.374722
4.378206
4.381711
4.385184
4.388665
4.392161
4.395637
4.399133
4.402555
4.406033
4.409497
4.412897
4.416409
4.419854
4.423228
4.426673
4.430065
4.433525
4.436946
4.440332
4.443759
4.447097
4.450537
4.453910
4.457284
4.460663
4.464016
4.467348
4.470742
4.474044
4.477429
4.480794
4.484138
4.487454
4.490816
4.494099
4.497398
4.500711
4.503998
4.507270
4.510611
4.513870
4.517166
4.520393
4.523658
4.526930
4.530205
4.533453
4.536700
4.539942
4.543160
4.546416
4.549661
4.552858
4.556034
4.559255
4.562418
4.565621
4.568797
4.571937
4.575098
4.578289
4.581410
4.584517
4.587705
4.590815
4.593934
4.597038
4.600175
4.603258
4.606412
4.609475
4.612557
4.615661
4.618708
4.621878
4.624925
4.627981
4.631043
4.634090
4.637104
4.640187
4.643240
4.646299
4.649319
4.652363
4.655332
4.658340
4.661387
4.664389
4.667403
4.670352
4.673338
4.676295
4.679241
4.682222
4.685203
4.688106
4.691045
4.693966
4.696923
4.699827
4.702775
4.705663
4.708590
4.711475
4.714366
4.717260
4.720140
4.723031
4.725904
4.728784
4.731680
4.734545
4.737421
4.740315
4.743200
4.746029
4.748896
4.751760
4.754627
4.757480
4.760311
4.763157
4.765965
4.768781
4.771642
4.774494
4.777293
4.780136
4.782934
4.785762
4.788558
4.791389
4.794172
4.796958
4.799757
4.802510
4.805288
4.808056
4.810852
4.813608
4.816346
4.819064
4.821784
4.824561
4.827273
4.830053
4.832803
4.835518
4.838202
4.840953
4.843628
4.846340
4.849087
4.851729
4.854423
4.857087
4.859735
4.862408
4.865071
4.867737
4.870446
4.873046
4.875665
4.878304
4.880941
4.883544
4.886160
4.888770
4.891415
4.893983
4.896539
4.899145
4.901731
4.904284
4.906896
4.909463
4.911995
4.914551
4.917121
4.919635
4.922203
4.924758
4.927305
4.929780
4.932323
4.934819
4.937315
4.939795
4.942307
4.944796
4.947256
4.949692
4.952116
4.954551
4.957008
4.959465
4.961946
4.964342
4.966784
4.969220
4.971617
4.974010
4.976401
4.978834
4.981216
4.983598
4.985935
4.988362
4.990699
4.993083
4.995441
4.997814
5.000130
5.002485
5.004852
5.007171
5.009472
5.011836
5.014155
5.016471
5.018786
5.021037
5.023341
5.025675
5.027919
5.030217
5.032473
5.034729
5.037035
5.039313
5.041553
5.043804
5.046018
5.048280
5.050518
5.052735
5.054943
5.057169
5.059425
5.061636
5.063823
5.066022
5.068194
5.070397
5.072593
5.074738
5.076922
5.079121
5.081278
5.083454
5.085626
5.087753
5.089862
5.092004
5.094155
5.096273
5.098404
5.100528
5.102623
5.104764
5.106889
5.108971
5.111080
5.113172
5.115269
5.117366
5.119445
5.121531
5.123610
5.125662
5.127726
5.129782
5.131819
5.133853
5.135890
5.137931
5.139968
5.142003
5.144007
5.146017
5.148064
5.150032
5.152018
5.154005
5.155988
5.157969
5.159931
5.161905
5.163846
5.165818
5.167745
5.169662
5.171621
5.173548
5.175457
5.177386
5.179316
5.181278
5.183153
5.185062
5.186958
5.188831
5.190727
5.192585
5.194479
5.196282
5.198164
5.200021
5.201840
5.203691
5.205534
5.207319
5.209147
5.210975
5.212808
5.214570
5.216364
5.218147
5.219909
5.221706
5.223459
5.225182
5.226950
5.228690
5.230404
5.232145
5.233852
5.235572
5.237307
5.238979
5.240693
5.242349
5.244015
5.245711
5.247422
5.249058
5.250717
5.252341
5.253956
5.255601
5.257246
5.258834
5.260410
5.261992
5.263577
5.265155
5.266731
5.268319
5.269910
5.271510
5.273053
5.274593
5.276133
5.277685
5.279216
5.280717
5.282224
5.283737
5.285214
5.286670
5.288144
5.289612
5.291089
5.292596
5.294079
5.295538
5.297012
5.298471
5.299907
5.301327
5.302759
5.304149
5.305521
5.306902
5.308245
5.309602
5.310956
5.312325
5.313685
5.315073
5.316436
5.317790
5.319139
5.320489
5.321814
5.323144
5.324459
5.325745
5.327051
5.328297
5.329562
5.330820
5.332054
5.333319
5.334580
5.335784
5.337031
5.338304
5.339556
5.340803
5.342055
5.343272
5.344494
5.345695
5.346891
5.348086
5.349267
5.350417
5.351580
5.352742
5.353878
5.354998
5.356128
5.357272
5.358390
5.359501
5.360601
5.361742
5.362872
5.363974
5.365092
5.366194
5.367288
5.368388
5.369469
5.370521
5.371584
5.372636
5.373672
5.374700
5.375731
5.376713
5.377717
5.378721
5.379740
5.380737
5.381756
5.382745
5.383763
5.384764
5.385758
5.386741
5.387739
5.388721
5.389696
5.390666
5.391619
5.392560
5.393497
5.394405
5.395325
5.396221
5.397110
5.397995
5.398881
5.399747
5.400649
5.401527
5.402396
5.403283
5.404149
5.404990
5.405862
5.406737
5.407594
5.408454
5.409314
5.410168
5.411012
5.411851
5.412678
5.413493
5.414311
5.415108
5.415887
5.416660
5.417412
5.418170
5.418925
5.419665
5.420417
5.421136
5.421864
5.422583
5.423323
5.424054
5.424782
5.425483
5.426193
5.426886
5.427572
5.428225
5.428893
5.429573
5.430235
5.430888
5.431556
5.432242
5.432926
5.433597
5.434277
5.434948
5.435604
5.436269
5.436916
5.437540
5.438138
5.438720
5.439301
5.439879
5.440445
5.440982
5.441530
5.442088
5.442618
5.443139
5.443681
5.444242
5.444784
5.445311
5.445824
5.446330
5.446839
5.447349
5.447858
5.448355
5.448843
5.449323
5.449790
5.450255
5.450716
5.451166
5.451588
5.452028
5.452457
5.452870
5.453284
5.453715
5.454129
5.454560
5.454991
5.455423
5.455866
5.456307
5.456741
5.457167
5.457610
5.458045
5.458467
5.458862
5.459243
5.459614
5.459974
5.460342
5.460699
5.461034
5.461346
5.461661
5.461963
5.462269
5.462554
5.462820
5.463084
5.463342
5.463596
5.463824
5.464052
5.464276
5.464486
5.464693
5.464884
5.465061
5.465247
5.465442
5.465619
5.465783
5.465942
5.466113
5.466284
5.466451
5.466616
5.466763
5.466910
5.467053
5.467185
5.467308
5.467425
5.467530
5.467638
5.467737
5.467830
5.467902
5.467973
5.468057
5.468138
5.468204
5.468267
5.468318
5.468357
5.468384
5.468402
5.468405
5.468408
5.468411
5.468411
5.468411
5.468411
5.468411
5.468411
5.468411
5.468411
5.468411
5.468411
5.468411
5.468411
5.468411
5.468396
5.468351
5.468297
5.468252
5.468198
5.468126
5.468066
5.468019
5.467970
5.467914
5.467863
5.467824
5.467772
5.467737
5.467695
5.467656
5.467620
5.467599
5.467578
5.467545
5.467527
5.467509
5.467494
5.467485
5.467473
5.467467
5.467464
5.467464
5.467464
5.467464
5.467464
5.467464
5.467464
5.467464
5.467464
5.467464
5.467464
5.467464
5.467464
5.467464
5.467464
5.467464
5.467464
5.467464
5.467464
5.467464
5.467464
5.467464
5.467464
5.467464
5.467464
5.467464
5.467464
5.467464
5.467464
5.467464
5.467464
5.467464
5.467464
5.467464
5.467464
5.467464
5.467464
5.467464
5.467464
5.467464
5.467464
5.467464
5.467464
5.467464
5.467464
5.467464
5.467464
5.467464
5.467464
5.467464
5.467464
5.467464
5.467464
5.467464
5.467464
5.467464
5.467464
5.467464
5.467464
5.467464
5.467464
5.467464
5.467464
5.467464
5.467464
5.467464
5.467464
5.467464
5.467464
5.467464
5.467464
5.467464
5.467464
5.467464
5.467464
5.467464
5.467464
5.467464
5.467464
5.467464
5.467464
5.467464
5.467464
5.467464
5.467464
5.467464
5.467464
5.467464
5.467464
5.467464
5.467464
5.467464
5.467464
5.467464
5.467464
5.467464
5.467464
5.467464
5.467464
5.467464