5.670825
5.670825
5.670825
5.670825
5.670825
5.670825
5.670825
5.670825
5.670825
5.670825
5.670825
5.670825
5.670830
5.670977
5.671163
5.671388
5.671639
5.671909
5.672208
5.672553
5.672925
5.673317
5.673751
5.674201
5.674686
5.675205
5.675759
5.676328
5.676948
5.677601
5.678308
5.679030
5.679810
5.680615
5.681490
5.682398
5.683333
5.684300
5.685308
5.686359
5.687464
5.688597
5.689789
5.691030
5.692279
5.693604
5.694946
5.696330
5.697747
5.699206
5.700719
5.702253
5.703826
5.705453
5.707107
5.708829
5.710546
5.712337
5.714135
5.716005
5.717910
5.719831
5.721784
5.723815
5.725907
5.727989
5.730101
5.732295
5.734440
5.736713
5.739029
5.741375
5.743712
5.746133
5.748587
5.751080
5.753591
5.756164
5.758759
5.761425
5.764107
5.766800
5.769580
5.772367
5.775201
5.778131
5.781061
5.784024
5.787012
5.790034
5.793099
5.796200
5.799340
5.802612
5.805881
5.809086
5.812403
5.815771
5.819138
5.822547
5.826065
5.829576
5.833136
5.836728
5.840329
5.844006
5.847705
5.851480
5.855165
5.858989
5.862737
5.866488
5.870239
5.873957
5.877732
5.881537
5.885312
5.889087
5.892862
5.896568
5.900367
5.904196
5.907968
5.911752
5.915488
5.919242
5.922997
5.926798
5.930501
5.934241
5.938010
5.941791
5.945515
5.949320
5.953062
5.956756
5.960555
5.964225
5.967934
5.971721
5.975440
5.979127
5.982840
5.986495
5.990168
5.993829
5.997544
6.001208
6.004843
6.008489
6.012138
6.015754
6.019452
6.023062
6.026741
6.030309
6.034009
6.037625
6.041200
6.044825
6.048462
6.051977
6.055584
6.059182
6.062733
6.066274
6.069866
6.073476
6.077021
6.080634
6.084116
6.087654
6.091255
6.094754
6.098239
6.101786
6.105270
6.108827
6.112359
6.115805
6.119274
6.122716
6.126213
6.129754
6.133170
6.136666
6.140124
6.143548
6.146999
6.150484
6.153858
6.157270
6.160709
6.164143
6.167567
6.171010
6.174435
6.177826
6.181185
6.184618
6.188022
6.191371
6.194733
6.198157
6.201534
6.204910
6.208245
6.211663
6.214944
6.218350
6.221694
6.225041
6.228348
6.231725
6.235018
6.238355
6.241684
6.244937
6.248272
6.251601
6.254897
6.258225
6.261503
6.264822
6.268163
6.271462
6.274697
6.277954
6.281244
0.001291
0.004599
0.007856
0.011109
0.014354
0.017635
0.020841
0.024115
0.027375
0.030632
0.033843
0.037100
0.040324
0.043548
0.046753
0.049971
0.053198
0.056461
0.059639
0.062833
0.066021
0.069236
0.072427
0.075641
0.078823
0.082026
0.085193
0.088408
0.091562
0.094696
0.097854
0.101027
0.104212
0.107343
0.110495
0.113661
0.116834
0.119968
0.123111
0.126233
0.129418
0.132495
0.135605
0.138729
0.141860
0.145006
0.148080
0.151235
0.154288
0.157404
0.160517
0.163594
0.166713
0.169793
0.172899
0.175970
0.179083
0.182121
0.185174
0.188290
0.191349
0.194414
0.197479
0.200469
0.203546
0.206638
0.209652
0.212669
0.215701
0.218763
0.221786
0.224854
0.227838
0.230897
0.233911
0.236982
0.239963
0.242974
0.245988
0.248972
0.251947
0.254991
0.257930
0.260951
0.263917
0.266955
0.269891
0.272902
0.275850
0.278828
0.281794
0.284772
0.287744
0.290680
0.293626
0.296610
0.299510
0.302509
0.305421
0.308381
0.311302
0.314247
0.317091
0.320033
0.322927
0.325836
0.328772
0.331678
0.334588
0.337449
0.340388
0.343267
0.346116
0.349053
0.351905
0.354814
0.357681
0.360518
0.363383
0.366217
0.369075
0.371948
0.374798
0.377677
0.380481
0.383375
0.386204
0.389047
0.391884
0.394703
0.397526
0.400378
0.403164
0.405957
0.408779
0.411571
0.414352
0.417168
0.419918
0.422747
0.425503
0.428289
0.431070
0.433856
0.436603
0.439405
0.442218
0.444914
0.447656
0.450418
0.453139
0.455865
0.458624
0.461375
0.464128
0.466887
0.469560
0.472310
0.475034
0.477742
0.480454
0.483189
0.485885
0.488588
0.491287
0.493960
0.496668
0.499350
0.502004
0.504680
0.507385
0.510025
0.512691
0.515376
0.518042
0.520736
0.523393
0.526015
0.528639
0.531309
0.533960
0.536597
0.539245
0.541837
0.544461
0.547113
0.549725
0.552329
0.554936
0.557527
0.560134
0.562761
0.565344
0.567944
0.570557
0.573125
0.575737
0.578317
0.580863
0.583413
0.586011
0.588542
0.591092
0.593645
0.596188
0.598738
0.601291
0.603822
0.606366
0.608933
0.611438
0.613967
0.616481
0.619003
0.621505
0.624022
0.626529
0.629049
0.631524
0.634001
0.636452
0.638930
0.641414
0.643900
0.646375
0.648880
0.651328
0.653799
0.656238
0.658674
0.661140
0.663558
0.665990
0.668438
0.670865
0.673295
0.675748
0.678142
0.680539
0.682960
0.685339
0.687760
0.690180
0.692604
0.694977
0.697419
0.699810
0.702195
0.704544
0.706925
0.709298
0.711674
0.713978
0.716342
0.718736
0.721091
0.723455
0.725840
0.728167
0.730510
0.732868
0.735178
0.737506
0.739852
0.742180
0.744487
0.746800
0.749101
0.751414
0.753700
0.756007
0.758299
0.760606
0.762886
0.765211
0.767503
0.769789
0.772090
0.774349
0.776608
0.778858
0.781177
0.783409
0.785638
0.787954
0.790189
0.792433
0.794668
0.796891
0.799150
0.801394
0.803605
0.805834
0.808108
0.810331
0.812572
0.814798
0.817028
0.819194
0.821402
0.823568
0.825797
0.828011
0.830186
0.832394
0.834647
0.836814
0.838977
0.841164
0.843315
0.845517
0.847677
0.849843
0.852042
0.854194
0.856348
0.858505
0.860638
0.862759
0.864914
0.867002
0.869171
0.871325
0.873422
0.875564
0.877740
0.879852
0.881958
0.884070
0.886132
0.888244
0.890371
0.892447
0.894574
0.896705
0.898775
0.900869
0.902963
0.905031
0.907113
0.909162
0.911247
0.913324
0.915397
0.917485
0.919538
0.921596
0.923627
0.925662
0.927705
0.929739
0.931788
0.933802
0.935833
0.937876
0.939908
0.941957
0.943991
0.946011
0.947982
0.950025
0.952009
0.953977
0.955994
0.957995
0.960011
0.961995
0.964008
0.965979
0.967987
0.969940
0.971873
0.973811
0.975738
0.977703
0.979680
0.981646
0.983635
0.985586
0.987509
0.989460
0.991401
0.993282
0.995194
0.997084
0.999029
1.000949
1.002879
1.004802
1.006711
1.008607
1.010519
1.012424
1.014312
1.016229
1.018114
1.020001
1.021910
1.023800
1.025679
1.027572
1.029427
1.031281
1.033124
1.034982
1.036860
1.038697
1.040542
1.042418
1.044248
1.046118
1.047925
1.049761
1.051589
1.053452
1.055253
1.057051
1.058908
1.060709
1.062473
1.064271
1.066084
1.067848
1.069619
1.071459
1.073250
1.075084
1.076831
1.078586
1.080390
1.082155
1.083883
1.085624
1.087368
1.089117
1.090864
1.092638
1.094384
1.096137
1.097854
1.099589
1.101350
1.103061
1.104760
1.106503
1.108241
1.109934
1.111636
1.113356
1.115057
1.116783
1.118479
1.120144
1.121861
1.123560
1.125271
1.126955
1.128653
1.130304
1.131994
1.133648
1.135284
1.136943
1.138603
1.140248
1.141890
1.143535
1.145192
1.146833
1.148463
1.150132
1.151783
1.153398
1.155016
1.156597
1.158215
1.159839
1.161430
1.163051
1.164651
1.166254
1.167872
1.169427
1.171048
1.172650
1.174235
1.175823
1.177366
1.178930
1.180485
1.182040
1.183616
1.185162
1.186705
1.188269
1.189824
1.191358
1.192898
1.194435
1.195960
1.197509
1.199007
1.200508
1.202039
1.203543
1.205044
1.206560
1.208055
1.209562
1.211054
1.212549
1.214080
1.215566
1.217070
1.218589
1.220042
1.221525
1.222987
1.224431
1.225881
1.227343
1.228820
1.230235
1.231706
1.233153
1.234585
1.236047
1.237500
1.238926
1.240358
1.241796
1.243201
1.244637
1.246012
1.247435
1.248855
1.250257
1.251632
1.253011
1.254398
1.255815
1.257223
1.258607
1.260024
1.261418
1.262826
1.264207
1.265585
1.266930
1.268296
1.269648
1.270999
1.272326
1.273659
1.274987
1.276329
1.277656
1.278998
1.280341
1.281659
1.283022
1.284343
1.285677
1.286974
1.288277
1.289587
1.290878
1.292160
1.293430
1.294710
1.295998
1.297277
1.298554
1.299848
1.301163
1.302443
1.303725
1.304989
1.306269
1.307539
1.308824
1.310059
1.311284
1.312530
1.313747
1.314963
1.316182
1.317414
1.318642
1.319880
1.321099
1.322312
1.323550
1.324778
1.325989
1.327208
1.328427
1.329629
1.330833
1.332008
1.333191
1.334393
1.335570
1.336723
1.337913
1.339087
1.340262
1.341427
1.342575
1.343743
1.344936
1.346056
1.347186
1.348321
1.349475
1.350595
1.351722
1.352860
1.354023
1.355161
1.356276
1.357396
1.358526
1.359634
1.360722
1.361806
1.362888
1.364006
1.365108
1.366130
1.367190
1.368299
1.369398
1.370471
1.371514
1.372580
1.373692
1.374776
1.375810
1.376811
1.377889
1.378986
1.380008
1.381008
1.382036
1.383099
1.384148
1.385128
1.386119
1.387150
1.388169
1.389160
1.390125
1.391114
1.392123
1.393118
1.394107
1.395075
1.396042
1.397049
1.398062
1.399020
1.399985
1.400965
1.401948
1.402891
1.403826
1.404770
1.405708
1.406633
1.407535
1.408461
1.409390
1.410310
1.411232
1.412155
1.413072
1.414019
1.414914
1.415768
1.416697
1.417611
1.418495
1.419346
1.420223
1.421119
1.422033
1.422890
1.423744
1.424655
1.425563
1.426434
1.427267
1.428154
1.429026
1.429865
1.430683
1.431501
1.432322
1.433146
1.433939
1.434721
1.435527
1.436339
1.437151
1.437951
1.438730
1.439533
1.440339
1.441130
1.441933
1.442733
1.443545
1.444360
1.445181
1.445966
1.446760
1.447560
1.448341
1.449090
1.449831
1.450565
1.451323
1.452060
1.452788
1.453498
1.454244
1.454972
1.455685
1.456407
1.457126
1.457824
1.458522
1.459208
1.459894
1.460559
1.461231
1.461914
1.462564
1.463229
1.463903
1.464607
1.465314
1.466000
1.466701
1.467423
1.468154
1.468856
1.469512
1.470192
1.470884
1.471540
1.472166
1.472783
1.473386
1.473979
1.474584
1.475174
1.475767
1.476343
1.476951
1.477580
1.478191
1.478793
1.479369
1.479971
1.480543
1.481070
1.481580
1.482122
1.482676
1.483195
1.483683
1.484201
1.484762
1.485310
1.485837
1.486376
1.486946
1.487509
1.488054
1.488594
1.489136
1.489690
1.490214
1.490739
1.491290
1.491832
1.492342
1.492836
1.493375
1.493932
1.494415
1.494876
1.495368
1.495862
1.496332
1.496776
1.497219
1.497684
1.498139
1.498579
1.499002
1.499445
1.499865
1.500269
1.500662
1.501057
1.501432
1.501818
1.502202
1.502576
1.502954
1.503355
1.503754
1.504152
1.504530
1.504916
1.505306
1.505683
1.506031
1.506393
1.506741
1.507085
1.507403
1.507717
1.508059
1.508410
1.508706
1.509006
1.509356
1.509713
1.510030
1.510348
1.510701
1.511076
1.511453
1.511804
1.512128
1.512484
1.512865
1.513209
1.513524
1.513883
1.514249
1.514620
1.514962
1.515309
1.515675
1.516040
1.516382
1.516703
1.517026
1.517344
1.517625
1.517874
1.518135
1.518404
1.518626
1.518836
1.519063
1.519300
1.519489
1.519666
1.519863
1.520067
1.520250
1.520403
1.520543
1.520711
1.520876
1.521005
1.521119
1.521263
1.521400
1.521514
1.521628
1.521754
1.521874
1.521985
1.522101
1.522236
1.522347
1.522464
1.522575
1.522686
1.522802
1.522907
1.522991
1.523087
1.523192
1.523291
1.523375
1.523474
1.523572
1.523662
1.523746
1.523833
1.523920
1.524007
1.524091
1.524175
1.524235
1.524310
1.524384
1.524450
1.524498
1.524543
1.524582
1.524618
1.524657
1.524687
1.524708
1.524750
1.524780
1.524789
1.524798
1.524810
1.524813
1.524813
1.524813
1.524813
1.524813
1.524813
1.524813
1.524813
1.524813
1.524813
1.524813
1.524813
1.524813
1.524813
1.524813
1.524813
1.524792
1.524747
1.524696
1.524648
1.524591
1.524546
1.524489
1.524447
1.524390
1.524354
1.524312
1.524274
1.524238
1.524205
1.524160
1.524112
1.524082
1.524052
1.524019
1.524004
1.523992
1.523968
1.523950
1.523941
1.523932
1.523914
1.523911
1.523911
1.523911
1.523911
1.523911
1.523911
1.523911
1.523911
1.523911
1.523911
1.523911
1.523911
1.523911
1.523911
1.523911
1.523911
1.523911
1.523911
1.523911
1.523911
1.523911
1.523911
1.523911
1.523911
1.523911
1.523911
1.523911
1.523911
1.523911
1.523911
1.523911
1.523911
1.523911
1.523911
1.523911
1.523911
1.523911
1.523911
1.523911
1.523911
1.523911
1.523911
1.523911
1.523911
1.523911
1.523911
1.523911
1.523911
1.523911
1.523911
1.523911
1.523911
1.523911
1.523911
1.523911
1.523911
1.523911
1.523911
1.523911
1.523911
1.523911
1.523911
1.523911
1.523911
1.523911
1.523911
1.523911
1.523911
1.523911
1.523911
1.523911
1.523911
1.523911
1.523911
1.523911
1.523911
1.523911
1.523911
1.523911
1.523911
1.523911
1.523911
1.523911
1.523911
1.523911
1.523911
1.523911
1.523911
1.523911
1.523911
1.523911
1.523911
1.523911
1.523911
1.523911
1.523911
1.523911
1.523911
1.523911
1.523911