1.726525
1.726525
1.726525
1.726525
1.726525
1.726525
1.726525
1.726525
1.726525
1.726525
1.726570
1.726711
1.726903
1.727104
1.727310
1.727580
1.727895
1.728218
1.728518
1.728847
1.729246
1.729686
1.730106
1.730537
1.731070
1.731685
1.732308
1.732922
1.733647
1.734420
1.735244
1.736074
1.736928
1.737844
1.738764
1.739747
1.740760
1.741805
1.742878
1.744004
1.745188
1.746455
1.747743
1.749017
1.750413
1.751848
1.753277
1.754757
1.756273
1.757840
1.759467
1.761106
1.762781
1.764506
1.766280
1.768087
1.769971
1.771850
1.773815
1.775795
1.777806
1.779843
1.781922
1.784062
1.786225
1.788442
1.790725
1.793014
1.795369
1.797783
1.800228
1.802688
1.805208
1.807739
1.810376
1.812953
1.815658
1.818342
1.821141
1.823918
1.826725
1.829677
1.832577
1.835498
1.838527
1.841601
1.844762
1.847854
1.851017
1.854226
1.857555
1.860826
1.864173
1.867550
1.870953
1.874402
1.877967
1.881490
1.885068
1.888744
1.892357
1.896087
1.899898
1.903670
1.907499
1.911418
1.915319
1.919292
1.923366
1.927312
1.931351
1.935452
1.939449
1.943380
1.947461
1.951397
1.955481
1.959514
1.963516
1.967570
1.971714
1.975782
1.979842
1.983896
1.988078
1.992207
1.996200
2.000284
2.004287
2.008328
2.012391
2.016409
2.020450
2.024441
2.028420
2.032399
2.036464
2.040497
2.044536
2.048529
2.052526
2.056613
2.060625
2.064609
2.068630
2.072660
2.076627
2.080605
2.084608
2.088593
2.092577
2.096457
2.100445
2.104346
2.108304
2.112196
2.116184
2.120093
2.124075
2.128090
2.132012
2.135960
2.139954
2.143888
2.147750
2.151657
2.155591
2.159429
2.163287
2.167143
2.171050
2.174927
2.178801
2.182636
2.186543
2.190426
2.194330
2.198174
2.202077
2.205957
2.209807
2.213675
2.217492
2.221324
2.225078
2.228925
2.232721
2.236550
2.240358
2.244103
2.247959
2.251758
2.255575
2.259341
2.263173
2.266984
2.270771
2.274585
2.278351
2.282048
2.285868
2.289589
2.293340
2.297067
2.300830
2.304530
2.308282
2.312000
2.315745
2.319553
2.323265
2.326968
2.330758
2.334446
2.338152
2.341891
2.345582
2.349226
2.352944
2.356713
2.360311
2.364053
2.367705
2.371336
2.375037
2.378704
2.382407
2.386053
2.389702
2.393405
2.397085
2.400722
2.404344
2.408014
2.411654
2.415310
2.418938
2.422581
2.426179
2.429826
2.433466
2.437061
2.440695
2.444314
2.447904
2.451547
2.455172
2.458791
2.462384
2.465967
2.469526
2.473172
2.476720
2.480309
2.483898
2.487443
2.491032
2.494633
2.498210
2.501794
2.505371
2.508924
2.512478
2.516016
2.519552
2.523102
2.526649
2.530145
2.533714
2.537243
2.540793
2.544314
2.547852
2.551391
2.554905
2.558443
2.561913
2.565436
2.568941
2.572444
2.575904
2.579416
2.582951
2.586396
2.589875
2.593371
2.596868
2.600349
2.603816
2.607276
2.610742
2.614197
2.617678
2.621148
2.624557
2.628060
2.631532
2.634921
2.638396
2.641820
2.645314
2.648660
2.652142
2.655576
2.658970
2.662391
2.665825
2.669208
2.672641
2.676054
2.679493
2.682881
2.686282
2.689686
2.693095
2.696457
2.699869
2.703309
2.706598
2.709999
2.713381
2.716752
2.720125
2.723439
2.726816
2.730201
2.733599
2.736924
2.740295
2.743665
2.746973
2.750332
2.753666
2.756965
2.760297
2.763631
2.766948
2.770216
2.773581
2.776859
2.780211
2.783489
2.786806
2.790095
2.793400
2.796681
2.799955
2.803266
2.806532
2.809773
2.813102
2.816332
2.819607
2.822878
2.826078
2.829320
2.832606
2.835824
2.839108
2.842367
2.845570
2.848845
2.852054
2.855272
2.858504
2.861704
2.864919
2.868101
2.871291
2.874509
2.877703
2.880921
2.884141
2.887290
2.890466
2.893648
2.896845
2.900003
2.903205
2.906393
2.909587
2.912691
2.915873
2.919019
2.922137
2.925319
2.928432
2.931554
2.934646
2.937804
2.940890
2.944066
2.947227
2.950289
2.953461
2.956586
2.959654
2.962734
2.965826
2.968936
2.971992
2.975123
2.978152
2.981223
2.984330
2.987404
2.990427
2.993531
2.996560
2.999619
3.002683
3.005713
3.008777
3.011818
3.014821
3.017879
3.020936
3.023916
3.026907
3.029978
3.032935
3.035925
3.038960
3.041968
3.044928
3.047969
3.050953
3.053961
3.056942
3.059899
3.062874
3.065873
3.068770
3.071767
3.074688
3.077663
3.080593
3.083568
3.086489
3.089521
3.092394
3.095325
3.098240
3.101137
3.104049
3.106994
3.109939
3.112801
3.115749
3.118655
3.121510
3.124419
3.127311
3.130148
3.133033
3.135888
3.138782
3.141623
3.144523
3.147372
3.150215
3.153139
3.155971
3.158769
3.161639
3.164447
3.167308
3.170124
3.173021
3.175849
3.178657
3.181497
3.184349
3.187172
3.189931
3.192768
3.195594
3.198362
3.201139
3.203962
3.206784
3.209588
3.212393
3.215179
3.217977
3.220769
3.223541
3.226297
3.229072
3.231804
3.234566
3.237362
3.240112
3.242853
3.245637
3.248348
3.251092
3.253837
3.256611
3.259374
3.262106
3.264808
3.267541
3.270228
3.272943
3.275708
3.278383
3.281101
3.283842
3.286503
3.289232
3.291926
3.294631
3.297337
3.299988
3.302664
3.305342
3.308012
3.310690
3.313357
3.316008
3.318666
3.321308
3.323960
3.326596
3.329248
3.331938
3.334524
3.337193
3.339812
3.342418
3.345034
3.347673
3.350289
3.352892
3.355517
3.358127
3.360673
3.363292
3.365847
3.368469
3.371084
3.373667
3.376208
3.378784
3.381337
3.383902
3.386466
3.389034
3.391593
3.394175
3.396665
3.399224
3.401749
3.404284
3.406819
3.409386
3.411867
3.414333
3.416864
3.419351
3.421838
3.424376
3.426856
3.429325
3.431836
3.434295
3.436737
3.439245
3.441735
3.444176
3.446621
3.449051
3.451454
3.453902
3.456307
3.458749
3.461197
3.463654
3.466063
3.468519
3.470907
3.473349
3.475758
3.478137
3.480525
3.482894
3.485267
3.487604
3.489983
3.492341
3.494717
3.497060
3.499394
3.501770
3.504143
3.506476
3.508822
3.511138
3.513481
3.515797
3.518119
3.520399
3.522670
3.524965
3.527257
3.529555
3.531817
3.534109
3.536410
3.538669
3.540895
3.543130
3.545365
3.547582
3.549862
3.552091
3.554317
3.556550
3.558767
3.560933
3.563108
3.565313
3.567473
3.569651
3.571871
3.574058
3.576195
3.578379
3.580530
3.582672
3.584856
3.586977
3.589108
3.591226
3.593389
3.595504
3.597598
3.599696
3.601775
3.603887
3.605948
3.608052
3.610155
3.612213
3.614313
3.616411
3.618430
3.620500
3.622588
3.624614
3.626645
3.628695
3.630684
3.632718
3.634732
3.636748
3.638737
3.640778
3.642755
3.644774
3.646749
3.648687
3.650644
3.652639
3.654544
3.656504
3.658478
3.660444
3.662403
3.664366
3.666301
3.668176
3.670073
3.671942
3.673848
3.675760
3.677686
3.679595
3.681497
3.683388
3.685281
3.687162
3.689017
3.690866
3.692687
3.694524
3.696378
3.698266
3.700130
3.701984
3.703830
3.705648
3.707443
3.709249
3.711026
3.712815
3.714564
3.716326
3.718130
3.719960
3.721758
3.723538
3.725341
3.727115
3.728847
3.730614
3.732331
3.734039
3.735755
3.737439
3.739168
3.740882
3.742595
3.744282
3.746014
3.747722
3.749442
3.751134
3.752842
3.754523
3.756192
3.757824
3.759403
3.761024
3.762630
3.764254
3.765887
3.767526
3.769207
3.770896
3.772517
3.774174
3.775768
3.777362
3.778932
3.780487
3.782021
3.783564
3.785151
3.786748
3.788339
3.789951
3.791476
3.793016
3.794553
3.796090
3.797597
3.799152
3.800629
3.802148
3.803682
3.805204
3.806705
3.808233
3.809764
3.811253
3.812724
3.814195
3.815645
3.817128
3.818603
3.820095
3.821572
3.823019
3.824496
3.825946
3.827363
3.828822
3.830251
3.831692
3.833100
3.834532
3.835941
3.837325
3.838775
3.840195
3.841600
3.843002
3.844366
3.845723
3.847074
3.848404
3.849746
3.851125
3.852518
3.853854
3.855229
3.856554
3.857905
3.859259
3.860583
3.861923
3.863226
3.864526
3.865823
3.867115
3.868367
3.869631
3.870914
3.872190
3.873487
3.874788
3.876064
3.877364
3.878664
3.879956
3.881217
3.882505
3.883743
3.885001
3.886232
3.887428
3.888605
3.889777
3.890951
3.892156
3.893351
3.894556
3.895784
3.896979
3.898187
3.899394
3.900625
3.901797
3.902998
3.904167
3.905326
3.906474
3.907621
3.908730
3.909874
3.910968
3.912035
3.913104
3.914222
3.915327
3.916445
3.917538
3.918662
3.919806
3.920927
3.922053
3.923159
3.924261
3.925340
3.926419
3.927461
3.928501
3.929561
3.930586
3.931623
3.932632
3.933624
3.934613
3.935613
3.936617
3.937609
3.938658
3.939724
3.940770
3.941803
3.942810
3.943823
3.944820
3.945776
3.946732
3.947700
3.948664
3.949650
3.950606
3.951550
3.952487
3.953407
3.954306
3.955220
3.956136
3.957023
3.957928
3.958857
3.959789
3.960753
3.961691
3.962572
3.963471
3.964346
3.965199
3.966041
3.966883
3.967764
3.968663
3.969577
3.970479
3.971368
3.972258
3.973121
3.973945
3.974733
3.975530
3.976312
3.977097
3.977888
3.978691
3.979494
3.980327
3.981157
3.981977
3.982762
3.983541
3.984288
3.985024
3.985765
3.986516
3.987280
3.988050
3.988856
3.989638
3.990417
3.991214
3.991993
3.992778
3.993521
3.994249
3.994953
3.995669
3.996373
3.997056
3.997725
3.998393
3.999049
3.999696
4.000340
4.001014
4.001700
4.002396
4.003097
4.003777
4.004439
4.005095
4.005733
4.006362
4.006989
4.007638
4.008241
4.008855
4.009487
4.010128
4.010764
4.011417
4.012079
4.012723
4.013367
4.013984
4.014602
4.015243
4.015875
4.016498
4.017082
4.017642
4.018194
4.018736
4.019272
4.019794
4.020294
4.020809
4.021316
4.021828
4.022331
4.022873
4.023446
4.023991
4.024521
4.025028
4.025510
4.025983
4.026469
4.026942
4.027410
4.027889
4.028357
4.028818
4.029276
4.029723
4.030163
4.030606
4.031050
4.031490
4.031919
4.032350
4.032808
4.033282
4.033764
4.034246
4.034702
4.035161
4.035610
4.036044
4.036458
4.036892
4.037312
4.037689
4.038070
4.038447
4.038815
4.039184
4.039546
4.039921
4.040263
4.040601
4.040931
4.041260
4.041581
4.041878
4.042144
4.042432
4.042731
4.042995
4.043232
4.043475
4.043723
4.043957
4.044176
4.044391
4.044619
4.044858
4.045101
4.045338
4.045575
4.045826
4.046063
4.046294
4.046509
4.046716
4.046884
4.047055
4.047225
4.047387
4.047531
4.047678
4.047816
4.047951
4.048103
4.048259
4.048403
4.048547
4.048682
4.048804
4.048918
4.049032
4.049140
4.049236
4.049329
4.049407
4.049464
4.049502
4.049553
4.049595
4.049613
4.049655
4.049685
4.049706
4.049730
4.049739
4.049739
4.049742
4.049748
4.049748
4.049748
4.049748
4.049748
4.049748
4.049748
4.049748
4.049748
4.049748
4.049748
4.049748
4.049748
4.049748
4.049748
4.049748
4.049748
4.049733
4.049688
4.049664
4.049649
4.049640
4.049628
4.049619
4.049611
4.049602
4.049595
4.049586
4.049572
4.049562
4.049562
4.049562
4.049562
4.049562
4.049562
4.049562
4.049562
4.049562
4.049562
4.049562
4.049562
4.049562
4.049562
4.049562
4.049562
4.049562
4.049562
4.049562
4.049562
4.049562
4.049562
4.049562
4.049562
4.049562
4.049562
4.049562
4.049562
4.049562
4.049562
4.049562
4.049562
4.049562
4.049562
4.049562
4.049562
4.049562
4.049562
4.049562
4.049562
4.049562
4.049562
4.049562
4.049562
4.049562
4.049562
4.049562
4.049562
4.049562
4.049562
4.049562
4.049562
4.049562
4.049562
4.049562
4.049562
4.049562
4.049562
4.049562
4.049562
4.049562
4.049562
4.049562
4.049562
4.049562
4.049562
4.049562
4.049562
4.049562
4.049562
4.049562
4.049562
4.049562
4.049562
4.049562
4.049562
4.049562
4.049562
4.049562
4.049562
4.049562
4.049562
4.049562
4.049562
4.049562
4.049562
4.049562
4.049562
4.049562
4.049562
4.049562
4.049562
4.049562
4.049562
4.049562
4.049562
4.049562
4.049562
4.049562
4.049562