1.326576
1.326576
1.326576
1.326576
1.326576
1.326576
1.326576
1.326576
1.326576
1.326576
1.326576
1.326603
1.326762
1.326956
1.327172
1.327373
1.327621
1.327933
1.328269
1.328538
1.328820
1.329206
1.329668
1.330099
1.330516
1.331043
1.331669
1.332313
1.332921
1.333578
1.334336
1.335163
1.335962
1.336786
1.337685
1.338644
1.339597
1.340585
1.341610
1.342677
1.343797
1.344993
1.346218
1.347497
1.348795
1.350158
1.351569
1.352953
1.354412
1.355913
1.357459
1.359047
1.360680
1.362334
1.364033
1.365791
1.367574
1.369434
1.371325
1.373239
1.375175
1.377176
1.379199
1.381242
1.383366
1.385505
1.387728
1.389981
1.392243
1.394556
1.396941
1.399302
1.401771
1.404261
1.406768
1.409351
1.411909
1.414543
1.417290
1.420023
1.422731
1.425536
1.428394
1.431234
1.434191
1.437136
1.440153
1.443224
1.446355
1.449420
1.452557
1.455787
1.459079
1.462348
1.465713
1.469026
1.472481
1.475935
1.479408
1.482940
1.486547
1.490155
1.493828
1.497498
1.501249
1.504994
1.508793
1.512673
1.516445
1.520316
1.524106
1.527917
1.531767
1.535590
1.539464
1.543272
1.547104
1.551037
1.555010
1.558830
1.562659
1.566542
1.570503
1.574353
1.578194
1.581981
1.585860
1.589734
1.593584
1.597359
1.601161
1.604996
1.608813
1.612738
1.616516
1.620351
1.624270
1.628114
1.631889
1.635811
1.639592
1.643487
1.647292
1.651097
1.654986
1.658722
1.662551
1.666281
1.670137
1.673936
1.677729
1.681510
1.685321
1.689087
1.692916
1.696691
1.700481
1.704322
1.708079
1.711809
1.715590
1.719344
1.723167
1.726882
1.730591
1.734381
1.738162
1.741886
1.745610
1.749436
1.753145
1.756887
1.760626
1.764363
1.768090
1.771805
1.775541
1.779211
1.783028
1.786677
1.790356
1.794149
1.797840
1.801520
1.805208
1.808923
1.812623
1.816281
1.819963
1.823619
1.827346
1.831034
1.834692
1.838413
1.842044
1.845753
1.849433
1.853085
1.856704
1.860383
1.864014
1.867643
1.871331
1.874932
1.878554
1.882245
1.885820
1.889499
1.893151
1.896743
1.900339
1.904057
1.907646
1.911229
1.914824
1.918414
1.922012
1.925646
1.929167
1.932780
1.936381
1.939952
1.943536
1.947134
1.950705
1.954304
1.957860
1.961407
1.964970
1.968547
1.972103
1.975623
1.979225
1.982691
1.986256
1.989801
1.993306
1.996848
2.000407
2.003876
2.007424
2.010959
2.014464
2.017955
2.021511
2.024971
2.028510
2.032024
2.035473
2.038927
2.042427
2.045968
2.049368
2.052823
2.056301
2.059753
2.063225
2.066686
2.070134
2.073616
2.076995
2.080470
2.083928
2.087317
2.090798
2.094213
2.097566
2.101050
2.104439
2.107785
2.111222
2.114655
2.118005
2.121361
2.124752
2.128138
2.131505
2.134876
2.138258
2.141611
2.145015
2.148349
2.151675
2.155081
2.158440
2.161759
2.165058
2.168387
2.171694
2.175050
2.178316
2.181629
2.184982
2.188247
2.191576
2.194872
2.198174
2.201505
2.204783
2.208072
2.211317
2.214643
2.217879
2.221162
2.224422
2.227628
2.230885
2.234114
2.237389
2.240625
2.243881
2.247114
2.250353
2.253622
2.256806
2.260018
2.263230
2.266481
2.269686
2.272886
2.276086
2.279319
2.282459
2.285646
2.288822
2.292043
2.295225
2.298383
2.301570
2.304746
2.307868
2.311047
2.314217
2.317351
2.320491
2.323672
2.326848
2.329955
2.333059
2.336205
2.339327
2.342490
2.345588
2.348692
2.351805
2.354936
2.358064
2.361150
2.364284
2.367391
2.370450
2.373560
2.376631
2.379696
2.382818
2.385855
2.388974
2.392057
2.395128
2.398199
2.401237
2.404296
2.407343
2.410429
2.413476
2.416556
2.419579
2.422599
2.425616
2.428636
2.431698
2.434712
2.437756
2.440791
2.443778
2.446849
2.449833
2.452847
2.455879
2.458824
2.461844
2.464849
2.467830
2.470821
2.473805
2.476795
2.479782
2.482739
2.485717
2.488653
2.491631
2.494591
2.497593
2.500526
2.503499
2.506435
2.509422
2.512337
2.515243
2.518227
2.521115
2.524064
2.526982
2.529933
2.532833
2.535775
2.538642
2.541590
2.544518
2.547397
2.550309
2.553221
2.556124
2.559004
2.561919
2.564768
2.567662
2.570559
2.573400
2.576312
2.579164
2.582010
2.584874
2.587763
2.590594
2.593476
2.596325
2.599175
2.602060
2.604870
2.607731
2.610551
2.613394
2.616222
2.619051
2.621861
2.624665
2.627487
2.630328
2.633126
2.635885
2.638720
2.641530
2.644343
2.647120
2.649955
2.652714
2.655515
2.658266
2.661037
2.663821
2.666580
2.669348
2.672108
2.674837
2.677588
2.680410
2.683142
2.685916
2.688676
2.691372
2.694144
2.696861
2.699537
2.702284
2.705031
2.707713
2.710412
2.713151
2.715850
2.718555
2.721300
2.723981
2.726699
2.729407
2.732086
2.734767
2.737434
2.740148
2.742743
2.745427
2.748070
2.750778
2.753451
2.756087
2.758709
2.761399
2.764042
2.766699
2.769354
2.771993
2.774618
2.777290
2.779879
2.782515
2.785140
2.787725
2.790347
2.792951
2.795515
2.798128
2.800728
2.803329
2.805918
2.808527
2.811134
2.813725
2.816326
2.818882
2.821470
2.824056
2.826599
2.829161
2.831707
2.834257
2.836831
2.839396
2.841906
2.844507
2.847020
2.849513
2.852087
2.854609
2.857129
2.859616
2.862180
2.864691
2.867211
2.869719
2.872211
2.874704
2.877215
2.879680
2.882194
2.884690
2.887144
2.889609
2.892132
2.894613
2.897025
2.899511
2.901998
2.904479
2.906935
2.909338
2.911828
2.914255
2.916694
2.919147
2.921571
2.923992
2.926407
2.928840
2.931242
2.933669
2.936069
2.938469
2.940857
2.943314
2.945693
2.948017
2.950435
2.952835
2.955220
2.957617
2.959933
2.962353
2.964741
2.967069
2.969403
2.971764
2.974119
2.976462
2.978814
2.981148
2.983458
2.985825
2.988117
2.990415
2.992764
2.995118
2.997386
2.999702
3.002003
3.004310
3.006608
3.008882
3.011189
3.013478
3.015746
3.018017
3.020303
3.022577
3.024836
3.027080
3.029366
3.031637
3.033854
3.036108
3.038348
3.040590
3.042840
3.045105
3.047328
3.049578
3.051792
3.054006
3.056196
3.058422
3.060618
3.062778
3.065007
3.067243
3.069451
3.071617
3.073843
3.076003
3.078178
3.080362
3.082516
3.084703
3.086885
3.089078
3.091238
3.093452
3.095606
3.097745
3.099909
3.102015
3.104169
3.106284
3.108396
3.110518
3.112678
3.114829
3.116941
3.119101
3.121232
3.123320
3.125456
3.127562
3.129647
3.131787
3.133875
3.135969
3.138105
3.140197
3.142243
3.144340
3.146365
3.148442
3.150494
3.152582
3.154667
3.156720
3.158787
3.160881
3.162987
3.165049
3.167098
3.169135
3.171173
3.173201
3.175200
3.177240
3.179265
3.181305
3.183319
3.185323
3.187312
3.189335
3.191387
3.193385
3.195387
3.197424
3.199438
3.201448
3.203449
3.205451
3.207407
3.209387
3.211353
3.213324
3.215305
3.217273
3.219260
3.221231
3.223205
3.225162
3.227103
3.229021
3.230974
3.232948
3.234902
3.236819
3.238803
3.240765
3.242680
3.244645
3.246521
3.248429
3.250346
3.252234
3.254139
3.256006
3.257947
3.259868
3.261818
3.263736
3.265617
3.267547
3.269449
3.271283
3.273165
3.275004
3.276870
3.278752
3.280610
3.282488
3.284349
3.286179
3.288031
3.289903
3.291722
3.293583
3.295422
3.297226
3.299068
3.300917
3.302753
3.304605
3.306454
3.308272
3.310049
3.311856
3.313629
3.315415
3.317185
3.318953
3.320691
3.322515
3.324343
3.326162
3.327959
3.329724
3.331504
3.333274
3.335000
3.336768
3.338460
3.340210
3.341915
3.343668
3.345405
3.347170
3.348947
3.350690
3.352419
3.354145
3.355847
3.357548
3.359301
3.360982
3.362645
3.364328
3.366006
3.367699
3.369431
3.371126
3.372822
3.374515
3.376193
3.377862
3.379548
3.381175
3.382811
3.384435
3.386029
3.387653
3.389256
3.390898
3.392587
3.394286
3.395913
3.397570
3.399233
3.400820
3.402435
3.404011
3.405524
3.407070
3.408616
3.410153
3.411738
3.413371
3.414977
3.416604
3.418177
3.419746
3.421280
3.422827
3.424384
3.425900
3.427419
3.428923
3.430430
3.431973
3.433489
3.435026
3.436557
3.438049
3.439553
3.441027
3.442475
3.443964
3.445453
3.446945
3.448422
3.449938
3.451385
3.452826
3.454270
3.455705
3.457149
3.458611
3.460049
3.461457
3.462896
3.464322
3.465748
3.467186
3.468612
3.470017
3.471399
3.472747
3.474095
3.475437
3.476797
3.478194
3.479566
3.480950
3.482385
3.483742
3.485123
3.486499
3.487847
3.489162
3.490463
3.491739
3.492991
3.494262
3.495541
3.496832
3.498087
3.499364
3.500673
3.502015
3.503328
3.504655
3.505955
3.507240
3.508508
3.509721
3.510941
3.512136
3.513334
3.514545
3.515707
3.516873
3.518038
3.519219
3.520420
3.521663
3.522862
3.524075
3.525285
3.526466
3.527658
3.528824
3.529969
3.531113
3.532248
3.533378
3.534454
3.535556
3.536635
3.537728
3.538792
3.539864
3.540928
3.542004
3.543091
3.544197
3.545305
3.546411
3.547534
3.548631
3.549695
3.550752
3.551789
3.552801
3.553808
3.554815
3.555812
3.556783
3.557784
3.558764
3.559755
3.560717
3.561673
3.562631
3.563614
3.564585
3.565573
3.566577
3.567551
3.568507
3.569442
3.570352
3.571218
3.572102
3.572977
3.573876
3.574804
3.575730
3.576668
3.577615
3.578526
3.579418
3.580275
3.581084
3.581905
3.582720
3.583496
3.584308
3.585165
3.586037
3.586909
3.587786
3.588622
3.589413
3.590186
3.590941
3.591678
3.592421
3.593203
3.593991
3.594788
3.595597
3.596412
3.597251
3.598054
3.598851
3.599588
3.600298
3.601005
3.601712
3.602395
3.603102
3.603800
3.604480
3.605166
3.605859
3.606533
3.607216
3.607893
3.608564
3.609229
3.609894
3.610547
3.611209
3.611857
3.612498
3.613109
3.613729
3.614325
3.614913
3.615518
3.616117
3.616719
3.617342
3.617980
3.618625
3.619266
3.619904
3.620542
3.621177
3.621777
3.622352
3.622894
3.623433
3.623937
3.624428
3.624902
3.625372
3.625833
3.626298
3.626780
3.627286
3.627796
3.628311
3.628835
3.629342
3.629818
3.630282
3.630735
3.631172
3.631595
3.632002
3.632395
3.632784
3.633180
3.633587
3.633970
3.634354
3.634762
3.635160
3.635561
3.635969
3.636352
3.636748
3.637140
3.637524
3.637901
3.638273
3.638647
3.639022
3.639405
3.639786
3.640148
3.640535
3.640909
3.641263
3.641610
3.641961
3.642327
3.642698
3.643070
3.643444
3.643806
3.644145
3.644466
3.644771
3.645053
3.645334
3.645598
3.645829
3.646039
3.646242
3.646428
3.646629
3.646830
3.647024
3.647192
3.647360
3.647507
3.647645
3.647773
3.647887
3.647989
3.648091
3.648190
3.648274
3.648331
3.648379
3.648417
3.648453
3.648484
3.648507
3.648516
3.648534
3.648552
3.648570
3.648579
3.648591
3.648600
3.648606
3.648606
3.648606
3.648606
3.648606
3.648606
3.648606
3.648606
3.648606
3.648606
3.648606
3.648576
3.648519
3.648456
3.648396
3.648337
3.648277
3.648205
3.648130
3.648067
3.647998
3.647923
3.647836
3.647749
3.647671
3.647593
3.647507
3.647417
3.647321
3.647243
3.647162
3.647084
3.647000
3.646902
3.646815
3.646725
3.646623
3.646512
3.646401
3.646302
3.646200
3.646093
3.645991
3.645874
3.645751
3.645649
3.645547
3.645439
3.645338
3.645242
3.645143
3.645047
3.644951
3.644840
3.644735
3.644645
3.644559
3.644463
3.644382
3.644310
3.644244
3.644175
3.644109
3.644052
3.644010
3.643974
3.643945
3.643909
3.643878
3.643857
3.643842
3.643827
3.643819
3.643810
3.643800
3.643800
3.643800
3.643800
3.643800
3.643800
3.643800
3.643800
3.643800
3.643800
3.643800
3.643800
3.643800
3.643800
3.643800
3.643800
3.643800
3.643800
3.643800
3.643800
3.643800
3.643800
3.643800
3.643800
3.643800
3.643800
3.643800
3.643800
3.643800
3.643800
3.643800
3.643800
3.643800
3.643800
3.643800
3.643798
3.643798
3.643798
3.643798
3.643798
3.643798
3.643798
3.643798
3.643798
3.643798
3.643798
3.643798
3.643798
3.643798
3.643798
3.643792
3.643792
3.643792
3.643792
3.643792
3.643792
3.643792
3.643792
3.643792
3.643792
3.643792
3.643792
3.643792
3.643792
3.643792
3.643792
3.643792
3.643792
3.643792
3.643792
3.643792
3.643792
3.643792
3.643792
3.643792
3.643792
3.643792
3.643792
3.643792
3.643792
3.643792
3.643792
3.643792
3.643792
3.643792
3.643792
3.643792
3.643792
3.643792
3.643792
3.643792
3.643792
3.643792
3.643792
3.643792
3.643792
3.643792
3.643792
3.643792
3.643792
3.643792
3.643792
3.643792
3.643792
3.643792
3.643792
3.643792
3.643792
3.643792
3.643792
3.643792
3.643792
3.643792
3.643792
3.643792
3.643792
3.643792
3.643792
3.643792
3.643792
3.643792
3.643792
3.643792
3.643792
3.643792
3.643792
3.643792
3.643792
3.643792
3.643792
3.643792
3.643792
3.643792
3.643792
3.643792
3.643792
3.643792
3.643792
3.643792
3.643792
3.643792
3.643792
3.643792
3.643792
3.643792
3.643792
3.643792
3.643792
3.643792
3.643792