4.878128
4.878128
4.878128
4.878128
4.878128
4.878128
4.878128
4.878128
4.878320
4.878646
4.879140
4.879749
4.880471
4.881330
4.882346
4.883485
4.884860
4.886385
4.888081
4.889887
4.891823
4.893920
4.896170
4.898540
4.901104
4.903840
4.906662
4.909664
4.912834
4.916121
4.919605
4.923281
4.927063
4.931074
4.935272
4.939433
4.943954
4.948511
4.953338
4.958156
4.963279
4.968525
4.974026
4.979532
4.985312
4.991112
4.997329
5.003519
5.009880
5.016486
5.023293
5.030142
5.037338
5.044436
5.051914
5.059536
5.067239
5.075233
5.083313
5.091507
5.099971
5.108563
5.117255
5.126159
5.135249
5.144432
5.153807
5.163383
5.173096
5.182992
5.193028
5.203104
5.213485
5.224088
5.234683
5.245609
5.256542
5.267744
5.278970
5.290661
5.302148
5.313832
5.325801
5.337924
5.350072
5.362530
5.375117
5.387730
5.400634
5.413637
5.426865
5.440332
5.453796
5.467356
5.481165
5.495037
5.509121
5.523727
5.537973
5.552393
5.567266
5.582132
5.597184
5.612440
5.627903
5.643264
5.659286
5.675037
5.691060
5.707170
5.723297
5.739674
5.755511
5.771759
5.788117
5.804391
5.820759
5.837222
5.853482
5.869834
5.886022
5.902198
5.918559
5.934750
5.951085
5.967095
5.983370
5.999597
6.015640
6.031771
6.048271
6.064219
6.080454
6.096678
6.112509
6.128906
6.144968
6.160709
6.177254
6.192875
6.208985
6.224927
6.240881
6.256727
6.272714
0.005438
0.021197
0.037181
0.053087
0.068993
0.084905
0.100605
0.116610
0.132587
0.148476
0.164181
0.180159
0.195855
0.211770
0.227598
0.243373
0.259464
0.275341
0.291091
0.306943
0.322858
0.338683
0.354517
0.370310
0.386246
0.402239
0.418124
0.433901
0.449678
0.465593
0.481191
0.496800
0.512694
0.528396
0.544027
0.559789
0.575405
0.590867
0.606522
0.622041
0.637528
0.653251
0.668855
0.684356
0.699933
0.715380
0.730912
0.746246
0.761660
0.777096
0.792894
0.808102
0.823532
0.839067
0.854337
0.869872
0.885529
0.900659
0.916212
0.931600
0.947020
0.962804
0.978134
0.993564
1.009368
1.024732
1.040213
1.055747
1.071378
1.086831
1.102315
1.117957
1.133492
1.149009
1.164564
1.180048
1.195639
1.211252
1.226840
1.242381
1.257879
1.273363
1.288927
1.304558
1.319981
1.335438
1.351086
1.366313
1.381970
1.397534
1.412934
1.428370
1.443892
1.459331
1.474812
1.490214
1.505692
1.520984
1.536510
1.551753
1.567183
1.582700
1.598168
1.613475
1.629010
1.644406
1.659875
1.675386
1.690857
1.706428
1.721717
1.737254
1.753028
1.768416
1.783771
1.799443
1.814957
1.830435
1.845993
1.861618
1.877215
1.892744
1.908431
1.923932
1.939530
1.955178
1.970689
1.986352
2.001905
2.017391
2.032878
2.048595
2.064127
2.079689
2.095040
2.110794
2.126115
2.141752
2.157062
2.172689
2.188047
2.203375
2.218873
2.234252
2.249544
2.264902
2.280370
2.295680
2.311017
2.326330
2.341559
2.356788
2.372319
2.387317
2.402517
2.417949
2.432977
2.448350
2.463837
2.478943
2.494178
2.509533
2.524812
2.540068
2.555366
2.570547
2.585863
2.601335
2.616282
2.631832
2.647028
2.662281
2.677557
2.692879
2.708150
2.723481
2.738776
2.753855
2.769126
2.784496
2.799593
2.814738
2.830153
2.845220
2.860317
2.875543
2.890655
2.905794
2.921197
2.936039
2.951025
2.966317
2.981369
2.996200
3.011564
3.026361
3.041393
3.056328
3.071176
3.086106
3.101125
3.116057
3.130888
3.146036
3.160684
3.175511
3.190578
3.205304
3.220299
3.235115
3.249828
3.264898
3.279798
3.294769
3.309501
3.324514
3.339323
3.354196
3.369167
3.383970
3.398864
3.413805
3.428675
3.443577
3.458534
3.473235
3.488452
3.503250
3.517924
3.533012
3.547969
3.562583
3.577594
3.592250
3.607312
3.622013
3.636760
3.651626
3.666484
3.681401
3.695812
3.710757
3.725482
3.740199
3.754984
3.769608
3.784280
3.798957
3.813545
3.828265
3.842868
3.857449
3.872091
3.886754
3.901204
3.915932
3.930565
3.945102
3.959441
3.974385
3.988889
4.003267
4.017930
4.032557
4.047067
4.061666
4.076248
4.090926
4.105597
4.120227
4.134794
4.149568
4.164258
4.178860
4.193529
4.208156
4.222758
4.237412
4.252141
4.266830
4.281529
4.296147
4.310810
4.325838
4.340596
4.355034
4.369709
4.384542
4.399088
4.413895
4.428624
4.443100
4.457868
4.472674
4.487041
4.502012
4.516513
4.531167
4.545964
4.560276
4.575044
4.589583
4.604291
4.618876
4.633620
4.648187
4.662636
4.677257
4.691794
4.706382
4.721101
4.735518
4.750124
4.764772
4.779498
4.793951
4.808616
4.823288
4.837849
4.852640
4.867168
4.881633
4.896665
4.911135
4.925837
4.940560
4.955207
4.969945
4.984832
4.999414
5.014155
5.028967
5.043957
5.058341
5.073291
5.087717
5.102721
5.117351
5.132092
5.146652
5.161420
5.176185
5.190877
5.205668
5.220284
5.234925
5.249666
5.264328
5.278919
5.293663
5.308218
5.322716
5.337474
5.351972
5.366473
5.381076
5.395595
5.410063
5.424659
5.439070
5.453482
5.467977
5.482204
5.496963
5.511312
5.525585
5.540082
5.554479
5.568827
5.583261
5.597697
5.611931
5.626678
5.640944
5.655263
5.669812
5.684202
5.698559
5.713063
5.727402
5.741810
5.756161
5.770731
5.785154
5.799328
5.813790
5.828423
5.842708
5.856987
5.871345
5.885749
5.900097
5.914404
5.928851
5.943073
5.957502
5.971781
5.986147
6.000504
6.014783
6.028856
6.043321
6.057373
6.071604
6.085808
6.099977
6.114235
6.128307
6.142509
6.156680
6.170728
6.184825
6.198945
6.213063
6.227075
6.241115
6.255166
6.269140
0.000093
0.013899
0.027908
0.041933
0.055954
0.069832
0.083866
0.097905
0.111825
0.125975
0.139901
0.153907
0.167968
0.181906
0.195897
0.209967
0.223913
0.237896
0.251878
0.265930
0.280077
0.293853
0.307896
0.321845
0.336128
0.349870
0.363916
0.377815
0.391749
0.405957
0.419658
0.433958
0.447590
0.461752
0.475576
0.489442
0.503355
0.517371
0.531159
0.545135
0.558902
0.572759
0.586523
0.600407
0.614159
0.628051
0.641758
0.655780
0.669394
0.683379
0.696967
0.711003
0.724485
0.738246
0.751908
0.765588
0.779418
0.793227
0.806637
0.820386
0.834444
0.847986
0.861564
0.875549
0.888945
0.902691
0.916473
0.930356
0.943949
0.957761
0.971387
0.985382
0.999128
1.012751
1.026428
1.040411
1.054117
1.067911
1.081786
1.095550
1.109571
1.123311
1.137072
1.150809
1.164870
1.178400
1.192164
1.206347
1.219841
1.233875
1.247845
1.261307
1.275122
1.289200
1.302874
1.316521
1.330555
1.344190
1.358166
1.371918
1.385694
1.399407
1.413237
1.426887
1.440854
1.454543
1.468112
1.481882
1.495739
1.509407
1.523051
1.536842
1.550507
1.564175
1.577963
1.591655
1.605335
1.619192
1.632809
1.646644
1.660348
1.674127
1.687927
1.701751
1.715365
1.729294
1.743165
1.756896
1.770771
1.784649
1.798458
1.812329
1.826246
1.839899
1.853813
1.867729
1.881445
1.895353
1.909222
1.923151
1.936917
1.950957
1.964661
1.978527
1.992380
2.006345
2.019992
2.034116
2.047918
2.061751
2.075704
2.089297
2.103166
2.116926
2.130714
2.144433
2.158404
2.171985
2.185722
2.199597
2.213286
2.226918
2.240723
2.254272
2.267967
2.281653
2.295216
2.309040
2.322800
2.336124
2.349786
2.363418
2.376909
2.390583
2.404221
2.417644
2.431249
2.444905
2.458450
2.472082
2.485675
2.499220
2.512762
2.526502
2.539958
2.553542
2.567051
2.580794
2.594195
2.608109
2.621486
2.635115
2.648750
2.662347
2.675826
2.689464
2.703036
2.716587
2.730198
2.743698
2.757318
2.770903
2.784388
2.797882
2.811490
2.825017
2.838449
2.851895
2.865413
2.879012
2.892372
2.905779
2.919357
2.932618
2.946109
2.959600
2.973035
2.986082
2.999813
3.012981
3.026265
3.039799
3.052808
3.066107
3.079433
3.092715
3.105874
3.119167
3.132467
3.145655
3.158928
3.172018
3.185317
3.198440
3.211634
3.224838
3.237934
3.251140
3.264491
3.277754
3.290823
3.304006
3.317183
3.330572
3.343554
3.357021
3.370081
3.383335
3.396737
3.409887
3.423132
3.436168
3.449536
3.462674
3.475961
3.489120
3.502054
3.515512
3.528659
3.541746
3.554965
3.568054
3.581258
3.594423
3.607542
3.620632
3.633836
3.646872
3.660150
3.673270
3.686374
3.699509
3.712608
3.725470
3.738629
3.751638
3.764590
3.777575
3.790545
3.803778
3.816529
3.829565
3.842463
3.855412
3.868367
3.881247
3.894229
3.907172
3.919977
3.932908
3.945908
3.958710
3.971548
3.984407
3.997344
4.010230
4.023146
4.036044
4.048954
4.061921
4.074756
4.087711
4.100717
4.113546
4.126441
4.139501
4.152375
4.165336
4.178342
4.191285
4.204339
4.217276
4.230177
4.243180
4.256176
4.269116
4.282098
4.295059
4.307999
4.321134
4.333999
4.346873
4.359753
4.373068
4.385924
4.398789
4.411911
4.424807
4.437690
4.450821
4.463671
4.476692
4.489602
4.502488
4.515620
4.528281
4.541311
4.554062
4.567098
4.579834
4.592819
4.605831
4.618565
4.631486
4.644346
4.657064
4.670031
4.682923
4.695740
4.708575
4.721461
4.734284
4.747137
4.759901
4.772694
4.785543
4.798466
4.811481
4.824181
4.837232
4.849971
4.862935
4.875812
4.888881
4.901611
4.914910
4.927542
4.940470
4.953454
4.966365
4.979355
4.992343
5.005220
5.018076
5.031076
5.044044
5.057250
5.070061
5.083013
5.095995
5.108947
5.121803
5.134815
5.147785
5.160758
5.173638
5.186608
5.199380
5.212353
5.225281
5.238152
5.251002
5.263825
5.276702
5.289603
5.302375
5.315187
5.327977
5.340847
5.353662
5.366245
5.379146
5.391772
5.404619
5.417220
5.429965
5.442630
5.455393
5.467907
5.480569
5.493374
5.505769
5.518400
5.531223
5.543729
5.556315
5.569012
5.581737
5.594290
5.607140
5.619505
5.632106
5.644882
5.657426
5.669943
5.682602
5.695251
5.707790
5.720526
5.733121
5.745666
5.758459
5.770824
5.783629
5.796015
5.808823
5.821340
5.833870
5.846477
5.859025
5.871626
5.884192
5.896685
5.909280
5.921795
5.934325
5.946923
5.959342
5.971874
5.984446
5.996885
6.009280
6.021812
6.034084
6.046662
6.059137
6.071421
6.083789
6.096294
6.108590
6.120925
6.133386
6.145660
6.158058
6.170393
6.182581
6.194835
6.207098
6.219288
6.231638
6.243838
6.256062
6.268214
6.280543
0.009587
0.021536
0.033921
0.045876
0.058333
0.070395
0.082649
0.094816
0.107007
0.119153
0.131347
0.143511
0.155540
0.167881
0.180045
0.192080
0.204403
0.216612
0.228713
0.240910
0.253203
0.265514
0.277396
0.289641
0.302053
0.314086
0.326327
0.338476
0.350494
0.362739
0.374920
0.386902
0.399087
0.411427
0.423310
0.435600
0.447680
0.459862
0.472014
0.484019
0.496327
0.508227
0.520382
0.532249
0.544653
0.556440
0.568613
0.580696
0.592632
0.604550
0.616642
0.628591
0.640560
0.652730
0.664687
0.676554
0.688509
0.700406
0.712309
0.724309
0.736077
0.748259
0.759869
0.771973
0.783912
0.795636
0.807542
0.819541
0.831412
0.843291
0.855134
0.867011
0.878929
0.890859
0.902727
0.914663
0.926623
0.938467
0.950493
0.962375
0.974317
0.986191
0.998220
1.010150
1.022185
1.034032
1.046013
1.057868
1.069946
1.081726
1.093854
1.105814
1.117772
1.129666
1.141734
1.153718
1.165679
1.177624
1.189629
1.201709
1.213547
1.225549
1.237566
1.249535
1.261406
1.273387
1.285281
1.297463
1.309238
1.321312
1.333173
1.345076
1.357019
1.368874
1.380858
1.392905
1.404563
1.416577
1.428523
1.440474
1.452350
1.464242
1.476169
1.487872
1.500104
1.511666
1.523845
1.535518
1.547277
1.559043
1.571051
1.582870
1.594843
1.606635
1.618497
1.630265
1.642186
1.654147
1.665951
1.677845
1.689710
1.701841
1.713591
1.725507
1.737524
1.749508
1.761420
1.773297
1.785368
1.797202
1.809172
1.821198
1.833227
1.845097
1.857171
1.869009
1.881011
1.893112
1.904979
1.916970
1.929107
1.940938
1.952901
1.964931
1.976831
1.988917
2.000802
2.012598
2.024660
2.036800
2.048548
2.060511
2.072609
2.084323
2.096412
2.108304
2.120141
2.132039
2.143996
2.155773
2.167737
2.179628
2.191606
2.203306
2.215188
2.226756
2.238869
2.250527
2.262313
2.274055
2.285871
2.297637
2.309408
2.321105
2.332882
2.344552
2.356341
2.367999
2.379672
2.391557
2.403110
2.414696
2.426539
2.438230
2.449860
2.461614
2.473166
2.485043
2.496808
2.508364
2.520064
2.531802
2.543460
2.555246
2.566904
2.578511
2.590225
2.602096
2.613535
2.625408
2.637081
2.648631
2.660351
2.672305
2.683714
2.695486
2.707222
2.718912
2.730507
2.742203
2.753792
2.765369
2.777035
2.788654
2.800525
2.812143
2.823648
2.835285
2.846940
2.858471
2.870060
2.881781
2.893301
2.904772
2.916352
2.927890
2.939383
2.950828
2.962366
2.973942
2.985441
2.996856
3.008295
3.019707
3.031224
3.042567
3.054228
3.065520
3.076833
3.088326
3.099690
3.111024
3.122475
3.133878
3.145152
3.156519
3.167832
3.179205
3.190533
3.201795
3.213189
3.224545
3.235801
3.247144
3.258631
3.269854
3.281242
3.292735
3.303847
3.315346
3.326683
3.337876
3.349141
3.360533
3.371861
3.383189
3.394592
3.405881
3.417311
3.428540
3.439862
3.451124
3.462590
3.473912
3.485039
3.496460
3.507660
3.518970
3.530346
3.541572
3.552840
3.564258
3.575329
3.586618
3.597931
3.609262
3.620377
3.631736
3.642929
3.654059
3.665342
3.676634
3.687672
3.698868
3.710028
3.721168
3.732508
3.743423
3.754553
3.765818
3.776915
3.787983
3.799050
3.810184
3.821275
3.832390
3.843305
3.854354
3.865500
3.876465
3.887434
3.898576
3.909530
3.920537
3.931584
3.942487
3.953530
3.964591
3.975524
3.986528
3.997599
4.008513
4.019404
4.030673
4.041578
4.052511
4.063557
4.074606
4.085419
4.096654
4.107446
4.118607
4.129743
4.140604
4.151614
4.162792
4.173710
4.184655
4.195872
4.206796
4.217884
4.228933
4.240007
4.251005
4.262040
4.273113
4.284103
4.295164
4.306151
4.317134
4.328522
4.339371
4.350304
4.361428
4.372529
4.383455
4.394505
4.405539
4.416532
4.427539
4.438459
4.449530
4.460556
4.471425
4.482436
4.493485
4.504310
4.515329
4.526346
4.537296
4.548121
4.559210
4.570028
4.581072
4.592029
4.602844
4.613654
4.624694
4.635555
4.646557
4.657303
4.668380
4.679208
4.690026
4.700869
4.711817
4.722686
4.733529
4.744549
4.755239
4.766171
4.777071
4.787931
4.798825
4.809740
4.820535
4.831521
4.842487
4.853300
4.864121
4.875042
4.885948
4.896919
4.907957
4.918706
4.929636
4.940937
4.951516
4.962590
4.973396
4.984479
4.995358
5.006341
5.017223
5.028095
5.039112
5.049942
5.060938
5.071937
5.082788
5.093679
5.104639
5.115395
5.126402
5.137397
5.148141
5.159137
5.170052
5.180960
5.191761
5.202735
5.213552
5.224247
5.235302
5.246103
5.256859
5.267957
5.278572
5.289363
5.300098
5.310962
5.321727
5.332414
5.343335
5.354039
5.364729
5.375389
5.386034
5.397030
5.407582
5.418200
5.428977
5.439658
5.450231
5.460975
5.471592
5.482183
5.492763
5.503369
5.513999
5.524656
5.535256
5.545679
5.556399
5.566897
5.577443
5.588181
5.598715
5.609252
5.619795
5.630428
5.640981
5.651659
5.662202
5.672616
5.683240
5.693732
5.704392
5.714902
5.725382
5.735950
5.746552
5.756982
5.767621
5.778125
5.788614
5.799223
5.809817
5.820250
5.830799
5.841372
5.851813
5.862281
5.872839
5.883293
5.893797
5.904319
5.914790
5.925324
5.935799
5.946138
5.956612
5.967179
5.977393
5.987987
5.998533
6.008663
6.019161
6.029608
6.039878
6.050434
6.060641
6.070941
6.081275
6.091698
6.102032
6.112269
6.122612
6.132882
6.143233
6.153453
6.163721
6.173928
6.184244
6.194460
6.204737
6.214815
6.225182
6.235200
6.245474
6.255693
6.265934
6.276058
0.002930
0.013144
0.023378
0.033418
0.043539
0.053647
0.063795
0.074063
0.084273
0.094277
0.104335
0.114581
0.124639
0.134784
0.145000
0.155169
0.165191
0.175374
0.185504
0.195675
0.205799
0.215842
0.226013
0.236131
0.246279
0.256316
0.266466
0.276659
0.286803
0.296912
0.306928
0.316956
0.327301
0.337290
0.347450
0.357543
0.367613
0.377704
0.387857
0.397891
0.407955
0.418100
0.428154
0.438227
0.448363
0.458301
0.468424
0.478536
0.488462
0.498460
0.508619
0.518635
0.528540
0.538628
0.548587
0.558558
0.568651
0.578598
0.588491
0.598483
0.608406
0.618332
0.628348
0.638232
0.648131
0.658129
0.668064
0.677984
0.687886
0.697725
0.707677
0.717612
0.727520
0.737267
0.747163
0.757013
0.766862
0.776779
0.786579
0.796403
0.806182
0.816048
0.825878
0.835960
0.845640
0.855431
0.865408
0.875049
0.885059
0.894808
0.904767
0.914441
0.924514
0.934248
0.944144
0.954055
0.963882
0.973730
0.983539
0.993486
1.003295
1.013302
1.023078
1.032974
1.042951
1.052721
1.062623
1.072612
1.082361
1.092254
1.102249
1.111962
1.122062
1.131913
1.141716
1.151498
1.161448
1.171443
1.181132
1.191292
1.200882
1.210931
1.220848
1.230507
1.240532
1.250362
1.260156
1.270124
1.279918
1.289829
1.299569
1.309540
1.319304
1.329057
1.338926
1.348890
1.358682
1.368575
1.378360
1.388100
1.398011
1.407742
1.417506
1.427354
1.437178
1.446966
1.456689
1.466519
1.476187
1.486026
1.495811
1.505512
1.515336
1.525163
1.534784
1.544620
1.554345
1.564022
1.573840
1.583628
1.593210
1.602911
1.612816
1.622514
1.632311
1.641929
1.651741
1.661553
1.671239
1.680982
1.690839
1.700591
1.710317
1.720153
1.729845
1.739687
1.749538
1.759224
1.769165
1.778762
1.788715
1.798329
1.808234
1.817917
1.827711
1.837625
1.847320
1.857135
1.867076
1.876772
1.886494
1.896351
1.906100
1.915885
1.925739
1.935524
1.945306
1.955112
1.964841
1.974578
1.984474
1.994295
2.004098
2.013841
2.023620
2.033435
2.043143
2.052901
2.062689
2.072477
2.082139
2.091846
2.101629
2.111384
2.121082
2.130729
2.140502
2.150192
2.159851
2.169561
2.179310
2.188940
2.198581
2.208318
2.217864
2.227499
2.237119
2.246707
2.256348
2.265974
2.275538
2.285170
2.294781
2.304312
2.313914
2.323519
2.333026
2.342571
2.352285
2.361611
2.371217
2.380843
2.390287
2.399916
2.409464
2.418803
2.428561
2.437927
2.447619
2.456991
2.466644
2.476070
2.485576
2.495136
2.504640
2.514168
2.523761
2.533264
2.542702
2.552274
2.561745
2.571245
2.580791
2.590390
2.599726
2.609256
2.618715
2.628413
2.637914
2.647417
2.656927
2.666439
2.676110
2.685341
2.694920
2.704378
2.713849
2.723340
2.732754
2.742227
2.751818
2.761138
2.770594
2.780184
2.789583
2.799161
2.808446
2.817965
2.827219
2.836897
2.846194
2.855523
2.865027
2.874398
2.883770
2.893160
2.902495
2.911849
2.921233
2.930553
2.939934
2.949234
2.958477
2.967851
2.977343
2.986577
2.995835
3.005119
3.014266
3.023713
3.032995
3.042162
3.051402
3.060846
3.069879
3.079077
3.088440
3.097536
3.106755
3.115979
3.125222
3.134351
3.143534
3.152732
3.161750
3.171185
3.180083
3.189461
3.198416
3.207677
3.216773
3.225974
3.235201
3.244181
3.253567
3.262484
3.271732
3.280930
3.290104
3.299191
3.308374
3.317635
3.326605
3.335782
3.344956
3.354079
3.363190
3.372334
3.381412
3.390688
3.399739
3.408874
3.418030
3.427225
3.436237
3.445402
3.454462
3.463651
3.472729
3.481864
3.490891
3.500005
3.509104
3.518284
3.527284
3.536305
3.545452
3.554506
3.563599
3.572500
3.581719
3.590693
3.599693
3.608858
3.617666
3.626816
3.635798
3.644795
3.653882
3.662796
3.671736
3.680745
3.689775
3.698560
3.707581
3.716530
3.725518
3.734383
3.743362
3.752228
3.761129
3.769991
3.778998
3.787806
3.796704
3.805501
3.814393
3.823339
3.832001
3.840869
3.849851
3.858543
3.867444
3.876232
3.885049
3.893839
3.902687
3.911390
3.920151
3.929037
3.937729
3.946528
3.955292
3.964022
3.972821
3.981624
3.990340
3.999115
4.007911
4.016669
4.025483
4.034286
4.042989
4.051708
4.060636
4.069315
4.078163
4.086792
4.095663
4.104366
4.113190
4.121914
4.130663
4.139519
4.148187
4.156932
4.165812
4.174471
4.183352
4.192103
4.200765
4.209630
4.218444
4.227007
4.235902
4.244642
4.253366
4.262121
4.270911
4.279627
4.288396
4.297204
4.306010
4.314753
4.323450
4.332088
4.340905
4.349752
4.358303
4.367183
4.375833
4.384725
4.393297
4.402174
4.410728
4.419416
4.428258
4.436869
4.445611
4.454261
4.462925
4.471530
4.480297
4.489015
4.497668
4.506299
4.514928
4.523541
4.532230
4.540835
4.549451
4.558176
4.566739
4.575335
4.584017
4.592523
4.601136
4.609765
4.618298
4.626947
4.635441
4.644103
4.652522
4.661315
4.669710
4.678261
4.686862
4.695380
4.703904
4.712398
4.720886
4.729475
4.738131
4.746427
4.755086
4.763628
4.772043
4.780579
4.789202
4.797651
4.806145
4.814707
4.823282
4.831668
4.840237
4.848856
4.857317
4.865904
4.874413
4.882969
4.891511
4.900041
4.908604
4.917175
4.925669
4.934154
4.942741
4.951222
4.959788
4.968270
4.976800
4.985309
4.993796
5.002419
5.010934
5.019425
5.027844
5.036467
5.044855
5.053454
5.061999
5.070460
5.079058
5.087468
5.095944
5.104408
5.112911
5.121351
5.129797
5.138374
5.146832
5.155278
5.163754
5.172224
5.180655
5.189062
5.197486
5.205944
5.214417
5.222794
5.231102
5.239536
5.247952
5.256329
5.264748
5.273083
5.281433
5.289855
5.298169
5.306552
5.314863
5.323177
5.331500
5.339847
5.348104
5.356394
5.364723
5.372941
5.381211
5.389528
5.397734
5.405994
5.414260
5.422514
5.430711
5.438846
5.447043
5.455267
5.463524
5.471676
5.479829
5.487954
5.495986
5.504261
5.512420
5.520590
5.528536
5.536870
5.544804
5.553001
5.561103
5.569207
5.577431
5.585568
5.593646
5.601867
5.609923
5.617983
5.626126
5.634233
5.642281
5.650364
5.658541
5.666621
5.674695
5.682731
5.690781
5.698879
5.707008
5.715010
5.723091
5.731213
5.739233
5.747311
5.755352
5.763346
5.771426
5.779428
5.787485
5.795505
5.803430
5.811477
5.819495
5.827554
5.835727
5.843517
5.851541
5.859477
5.867453
5.875620
5.883508
5.891430
5.899582
5.907363
5.915497
5.923386
5.931262
5.939208
5.947282
5.955114
5.963068
5.971002
5.978942
5.986834
5.994761
6.002581
6.010544
6.018433
6.026291
6.034096
6.042039
6.049852
6.057636
6.065546
6.073353
6.081179
6.088987
6.096660
6.104527
6.112344
6.120239
6.127936
6.135695
6.143422
6.151233
6.158987
6.166636
6.174398
6.182257
6.189819
6.197606
6.205300
6.212973
6.220658
6.228340
6.236048
6.243739
6.251550
6.259001
6.266713
6.274467
6.282104
0.006498
0.014204
0.021766
0.029454
0.036980
0.044758
0.052329
0.059909
0.067459
0.075144
0.082757
0.090469
0.098019
0.105692
0.113410
0.120780
0.128483
0.136078
0.143688
0.151304
0.158824
0.166443
0.174128
0.181600
0.189312
0.196910
0.204520
0.212124
0.219722
0.227332
0.234981
0.242483
0.250231
0.257616
0.265271
0.272764
0.280374
0.288017
0.295558
0.303078
0.310709
0.318226
0.325707
0.333455
0.340825
0.348393
0.356135
0.363547
0.371089
0.378609
0.386225
0.393817
0.401208
0.408824
0.416254
0.423825
0.431372
0.438760
0.446475
0.453858
0.461360
0.468895
0.476349
0.483827
0.491281
0.498801
0.506280
0.513758
0.521197
0.528609
0.536168
0.543580
0.551017
0.558543
0.565892
0.573325
0.580779
0.588114
0.595706
0.603073
0.610452
0.617925
0.625322
0.632599
0.639949
0.647280
0.654611
0.662036
0.669436
0.676755
0.684170
0.691535
0.698842
0.706120
0.713532
0.720800
0.728111
0.735508
0.742791
0.750105
0.757397
0.764698
0.771973
0.779250
0.786516
0.793805
0.801115
0.808375
0.815682
0.822990
0.830297
0.837542
0.844870
0.852060
0.859368
0.866723
0.873893
0.881167
0.888415
0.895728
0.902981
0.910274
0.917515
0.924799
0.932145
0.939342
0.946646
0.953890
0.961120
0.968394
0.975711
0.982940
0.990254
0.997534
1.004775
1.012029
1.019309
1.026593
1.033840
1.041171
1.048362
1.055624
1.062878
1.070290
1.077460
1.084851
1.091970
1.099265
1.106533
1.113775
1.120989
1.128339
1.135508
1.142804
1.150072
1.157302
1.164546
1.171761
1.179020
1.186217
1.193623
1.200765
1.208016
1.215284
1.222475
1.229695
1.236967
1.244178
1.251312
1.258634
1.265777
1.273015
1.280230
1.287435
1.294575
1.301855
1.309076
1.316188
1.323415
1.330593
1.337820
1.344972
1.352192
1.359350
1.366471
1.373653
1.380780
1.387983
1.395117
1.402364
1.409363
1.416631
1.423696
1.430940
1.437930
1.445166
1.452197
1.459370
1.466540
1.473643
1.480729
1.487934
1.494978
1.502082
1.509188
1.516352
1.523333
1.530535
1.537576
1.544707
1.551813
1.558863
1.565910
1.573031
1.580108
1.587146
1.594234
1.601236
1.608313
1.615551
1.622466
1.629645
1.636707
1.643756
1.650782
1.658047
1.664938
1.672009
1.679248
1.686216
1.693353
1.700442
1.707497
1.714553
1.721678
1.728748
1.735882
1.742941
1.750014
1.757067
1.764144
1.771358
1.778366
1.785443
1.792537
1.799608
1.806721
1.813768
1.820931
1.828050
1.835055
1.842140
1.849256
1.856347
1.863301
1.870402
1.877568
1.884549
1.891620
1.898685
1.905872
1.912865
1.920029
1.927000
1.934122
1.941229
1.948189
1.955259
1.962240
1.969284
1.976399
1.983398
1.990418
1.997501
2.004544
2.011537
2.018656
2.025565
2.032671
2.039673
2.046645
2.053665
2.060756
2.067677
2.074724
2.081792
2.088599
2.095705
2.102629
2.109667
2.116624
2.123578
2.130522
2.137521
2.144388
2.151486
2.158329
2.165286
2.172234
2.179152
2.186117
2.192993
2.199902
2.206790
2.213654
2.220536
2.227499
2.234360
2.241179
2.248079
2.254868
2.261774
2.268728
2.275538
2.282339
2.289191
2.295995
2.302823
2.309666
2.316455
2.323286
2.330210
2.336897
2.343731
2.350547
2.357309
2.364143
2.370911
2.377688
2.384471
2.391260
2.398026
2.404752
2.411610
2.418324
2.425101
2.431896
2.438694
2.445465
2.452257
2.458962
2.465739
2.472624
2.479266
2.485960
2.492791
2.499535
2.506264
2.513056
2.519818
2.526562
2.533351
2.540026
2.546822
2.553563
2.560301
2.567042
2.573783
2.580470
2.587188
2.593959
2.600661
2.607330
2.614191
2.620824
2.627628
2.634348
2.641108
2.647633
2.654356
2.661133
2.667907
2.674556
2.681222
2.687984
2.694674
2.701280
2.708078
2.714840
2.721414
2.728191
2.734800
2.741499
2.748195
2.754814
2.761468
2.768164
2.774848
2.781467
2.788118
2.794868
2.801444
2.808087
2.814738
2.821356
2.827996
2.834647
2.841229
2.847856
2.854505
2.861039
2.867633
2.874302
2.880852
2.887404
2.894028
2.900590
2.907157
2.913805
2.920316
2.926874
2.933522
2.939973
2.946543
2.953078
2.959618
2.966099
2.972687
2.979162
2.985777
2.992164
2.998738
3.005212
3.011822
3.018206
3.024704
3.031278
3.037683
3.044074
3.050536
3.057032
3.063536
3.069990
3.076485
3.082822
3.089401
3.095669
3.102093
3.108552
3.114934
3.121345
3.127835
3.134201
3.140553
3.147039
3.153310
3.159848
3.166205
3.172515
3.178882
3.185284
3.191696
3.197981
3.204357
3.210808
3.217093
3.223505
3.229913
3.236238
3.242605
3.248983
3.255314
3.261698
3.267978
3.274384
3.280747
3.287006
3.293364
3.299736
3.306055
3.312350
3.318713
3.325011
3.331324
3.337672
3.343985
3.350319
3.356662
3.362953
3.369269
3.375618
3.381927
3.388144
3.394505
3.400733
3.407022
3.413350
3.419510
3.425864
3.432204
3.438358
3.444665
3.451016
3.457194
3.463522
3.469817
3.476018
3.482244
3.488515
3.494744
3.500952
3.507237
3.513403
3.519638
3.525861
3.532057
3.538285
3.544550
3.550722
3.556960
3.563132
3.569289
3.575521
3.581620
3.587819
3.594033
3.600160
3.606332
3.612468
3.618637
3.624704
3.630879
3.636966
3.643075
3.649220
3.655332
3.661489
3.667592
3.673656
3.679774
3.685856
3.691911
3.697939
3.704021
3.710013
3.716065
3.722138
3.728146
3.734165
3.740235
3.746224
3.752249
3.758271
3.764332
3.770261
3.776271
3.782218
3.788183
3.794188
3.800159
3.806190
3.812089
3.818114
3.823962
3.829942
3.835893
3.841795
3.847751
3.853641
3.859583
3.865524
3.871420
3.877319
3.883299
3.889124
3.894987
3.900871
3.906785
3.912658
3.918500
3.924351
3.930221
3.936084
3.941923
3.947762
3.953659
3.959486
3.965328
3.971219
3.977055
3.982870
3.988707
3.994519
4.000352
4.006207
4.012004
4.017822
4.023683
4.029549
4.035235
4.041176
4.046908
4.052711
4.058557
4.064342
4.070202
4.075994
4.081740
4.087546
4.093389
4.099141
4.104912
4.110721
4.116498
4.122277
4.128059
4.133809
4.139609
4.145373
4.151135
4.156905
4.162726
4.168455
4.174171
4.179972
4.185775
4.191507
4.197280
4.202979
4.208749
4.214520
4.220275
4.225893
4.231735
4.237439
4.243146
4.248881
4.254519
4.260338
4.266057
4.271735
4.277454
4.283201
4.288878
4.294601
4.300272
4.305941
4.311727
4.317368
4.322977
4.328711
4.334436
4.340051
4.345678
4.351442
4.357048
4.362752
4.368427
4.374012
4.379659
4.385352
4.391002
4.396614
4.402216
4.407828
4.413515
4.419132
4.424711
4.430340
4.435985
4.441590
4.447130
4.452757
4.458368
4.463944
4.469543
4.475161
4.480638
4.486190
4.491775
4.497329
4.502875
4.508411
4.513939
4.519455
4.524971
4.530525
4.536065
4.541530
4.547025
4.552582
4.558038
4.563515
4.569085
4.574415
4.579975
4.585437
4.590896
4.596331
4.601792
4.607224
4.612713
4.618139
4.623541
4.628982
4.634477
4.639861
4.645250
4.650700
4.656069
4.661450
4.666906
4.672227
4.677683
4.683019
4.688361
4.693738
4.699120
4.704455
4.709888
4.715253
4.720562
4.725937
4.731291
4.736669
4.742008
4.747338
4.752653
4.758028
4.763445
4.768703
4.774063
4.779360
4.784681
4.790041
4.795407
4.800677
4.806019
4.811346
4.816655
4.821982
4.827393
4.832546
4.837855
4.843191
4.848515
4.853743
4.859094
4.864289
4.869628
4.874928
4.880231
4.885513
4.890774
4.895993
4.901359
4.906537
4.911788
4.917089
4.922359
4.927527
4.932740
4.937968
4.943292
4.948406
4.953697
4.958950
4.964159
4.969403
4.974565
4.979877
4.985030
4.990282
4.995378
5.000709
5.005823
5.011006
5.016210
5.021402
5.026565
5.031805
5.036994
5.042030
5.047288
5.052387
5.057559
5.062790
5.067919
5.073066
5.078213
5.083375
5.088493
5.093706
5.098811
5.103910
5.109100
5.114139
5.119238
5.124332
5.129518
5.134524
5.139675
5.144696
5.149828
5.154891
5.159934
5.165057
5.170183
5.175124
5.180175
5.185256
5.190287
5.195371
5.200348
5.205351
5.210459
5.215412
5.220427
5.225472
5.230470
5.235414
5.240396
5.245409
5.250298
5.255248
5.260239
5.265113
5.270048
5.275075
5.279944
5.284887
5.289825
5.294628
5.299610
5.304523
5.309389
5.314270
5.319189
5.324049
5.328848
5.333804
5.338589
5.343412
5.348302
5.353153
5.357967
5.362767
5.367590
5.372459
5.377235
5.382050
5.386885
5.391607
5.396400
5.401257
5.405964
5.410719
5.415459
5.420195
5.424965
5.429768
5.434456
5.439163
5.443897
5.448577
5.453326
5.458008
5.462772
5.467392
5.472216
5.476863
5.481534
5.486225
5.490896
5.495516
5.500217
5.504888
5.509550
5.514208
5.518864
5.523550
5.528146
5.532778
5.537368
5.541982
5.546644
5.551240
5.555863
5.560483
5.565070
5.569702
5.574276
5.578855
5.583453
5.588068
5.592597
5.597188
5.601753
5.606313
5.610912
5.615451
5.619972
5.624562
5.629050
5.633586
5.638161
5.642748
5.647275
5.651712
5.656293
5.660788
5.665315
5.669797
5.674294
5.678857
5.683309
5.687788
5.692327
5.696764
5.701262
5.705773
5.710196
5.714669
5.719163
5.723597
5.728022
5.732570
5.736959
5.741408
5.745858
5.750298
5.754708
5.759142
5.763543
5.767960
5.772408
5.776807
5.781217
5.785699
5.790061
5.794463
5.798888
5.803250
5.807591
5.812052
5.816427
5.820798
5.825220
5.829528
5.833867
5.838337
5.842606
5.846974
5.851316
5.855642
5.859981
5.864340
5.868726
5.872944
5.877343
5.881621
5.885923
5.890265
5.894522
5.898782
5.903153
5.907366
5.911677
5.915965
5.920249
5.924593
5.928845
5.933045
5.937417
5.941641
5.945880
5.950119
5.954326
5.958592
5.962871
5.967068
5.971305
5.975451
5.979802
5.983876
5.988152
5.992346
5.996480
6.000726
6.004953
6.009127
6.013295
6.017450
6.021609
6.025767
6.029971
6.034069
6.038285
6.042419
6.046554
6.050655
6.054874
6.058967
6.063086
6.067197
6.071358
6.075439
6.079585
6.083633
6.087717
6.091839
6.095914
6.100009
6.104111
6.108111
6.112164
6.116305
6.120358
6.124400
6.128442
6.132535
6.136561
6.140576
6.144576
6.148623
6.152704
6.156725
6.160686
6.164733
6.168730
6.172775
6.176735
6.180726
6.184690
6.188704
6.192680
6.196689
6.200668
6.204641
6.208629
6.212589
6.216568
6.220484
6.224436
6.228447
6.232369
6.236312
6.240192
6.244195
6.248131
6.252002
6.255933
6.259915
6.263828
6.267744
6.271645
6.275563
6.279467
0.000198
0.004072
0.007993
0.011924
0.015762
0.019585
0.023567
0.027396
0.031246
0.035174
0.039060
0.042963
0.046825
0.050648
0.054573
0.058390
0.062300
0.066102
0.069964
0.073820
0.077673
0.081544
0.085376
0.089288
0.093090
0.096892
0.100733
0.104559
0.108448
0.112280
0.116064
0.119911
0.123731
0.127584
0.131377
0.135140
0.138969
0.142783
0.146588
0.150414
0.154213
0.158003
0.161823
0.165646
0.169403
0.173172
0.176980
0.180815
0.184548
0.188350
0.192131
0.195888
0.199696
0.203507
0.207231
0.210964
0.214757
0.218571
0.222280
0.226005
0.229830
0.233558
0.237321
0.241069
0.244835
0.248535
0.252373
0.256040
0.259755
0.263491
0.267167
0.270939
0.274687
0.278382
0.282133
0.285812
0.289524
0.293251
0.297020
0.300675
0.304339
0.308102
0.311734
0.315467
0.319140
0.322870
0.326519
0.330243
0.333901
0.337575
0.341263
0.344918
0.348615
0.352276
0.355917
0.359614
0.363275
0.366945
0.370534
0.374228
0.377866
0.381515
0.385170
0.388840
0.392432
0.396085
0.399677
0.403356
0.406930
0.410565
0.414217
0.417812
0.421422
0.425047
0.428646
0.432232
0.435857
0.439468
0.443036
0.446646
0.450223
0.453807
0.457396
0.460976
0.464524
0.468083
0.471624
0.475249
0.478842
0.482413
0.485936
0.489538
0.493040
0.496611
0.500183
0.503652
0.507238
0.510771
0.514291
0.517805
0.521347
0.524882
0.528378
0.531923
0.535422
0.538925
0.542481
0.545977
0.549495
0.553006
0.556458
0.559954
0.563453
0.566971
0.570482
0.573907
0.577391
0.580833
0.584312
0.587766
0.591248
0.594759
0.598187
0.601674
0.605089
0.608529
0.611974
0.615456
0.618874
0.622317
0.625783
0.629208
0.632581
0.636090
0.639478
0.642879
0.646282
0.649719
0.653119
0.656550
0.660004
0.663381
0.666799
0.670182
0.673546
0.676962
0.680341
0.683703
0.687104
0.690462
0.693839
0.697248
0.700610
0.703947
0.707306
0.710730
0.714008
0.717412
0.720740
0.724129
0.727505
0.730780
0.734142
0.737473
0.740799
0.744092
0.747444
0.750749
0.754098
0.757436
0.760711
0.764033
0.767383
0.770679
0.773932
0.777297
0.780551
0.783864
0.787184
0.790452
0.793715
0.797017
0.800319
0.803626
0.806826
0.810161
0.813384
0.816728
0.819967
0.823256
0.826486
0.829725
0.832991
0.836262
0.839489
0.842722
0.845993
0.849211
0.852501
0.855701
0.858936
0.862205
0.865435
0.868647
0.871876
0.875103
0.878306
0.881569
0.884807
0.888010
0.891246
0.894443
0.897639
0.900857
0.904051
0.907260
0.910469
0.913704
0.916832
0.920056
0.923223
0.926494
0.929658
0.932846
0.936013
0.939216
0.942380
0.945555
0.948710
0.951886
0.955071
0.958232
0.961434
0.964562
0.967717
0.970884
0.974045
0.977206
0.980402
0.983527
0.986667
0.989813
0.992992
0.996132
0.999281
1.002382
1.005533
1.008682
1.011759
1.014908
1.018081
1.021209
1.024346
1.027447
1.030628
1.033687
1.036812
1.039928
1.043038
1.046157
1.049264
1.052413
1.055535
1.058582
1.061647
1.064780
1.067905
1.070967
1.074086
1.077136
1.080252
1.083305
1.086415
1.089513
1.092581
1.095643
1.098762
1.101806
1.104883
1.107924
1.111006
1.114039
1.117095
1.120178
1.123212
1.126233
1.129285
1.132329
1.135388
1.138447
1.141446
1.144482
1.147579
1.150578
1.153595
1.156660
1.159689
1.162680
1.165691
1.168741
1.171761
1.174766
1.177750
1.180752
1.183814
1.186801
1.189773
1.192787
1.195780
1.198782
1.201781
1.204777
1.207743
1.210742
1.213696
1.216659
1.219689
1.222676
1.225600
1.228554
1.231592
1.234477
1.237497
1.240418
1.243375
1.246338
1.249287
1.252220
1.255195
1.258122
1.261076
1.263985
1.266951
1.269905
1.272839
1.275727
1.278717
1.281593
1.284556
1.287474
1.290395
1.293317
1.296217
1.299108
1.302041
1.304917
1.307817
1.310688
1.313612
1.316521
1.319394
1.322261
1.325144
1.328032
1.330905
1.333781
1.336679
1.339567
1.342389
1.345232
1.348102
1.350982
1.353849
1.356656
1.359526
1.362370
1.365198
1.368053
1.370875
1.373728
1.376526
1.379396
1.382225
1.385053
1.387860
1.390658
1.393478
1.396264
1.399074
1.401846
1.404635
1.407451
1.410232
1.413042
1.415783
1.418573
1.421329
1.424127
1.426899
1.429664
1.432418
1.435216
1.437939
1.440744
1.443455
1.446196
1.448989
1.451757
1.454441
1.457195
1.459990
1.462744
1.465422
1.468208
1.470944
1.473649
1.476394
1.479096
1.481843
1.484552
1.487239
1.489930
1.492659
1.495377
1.498079
1.500751
1.503442
1.506180
1.508856
1.511519
1.514210
1.516906
1.519609
1.522272
1.524945
1.527626
1.530311
1.532977
1.535632
1.538292
1.541004
1.543628
1.546304
1.548970
1.551622
1.554252
1.556898
1.559546
1.562222
1.564843
1.567510
1.570155
1.572810
1.575407
1.578023
1.580623
1.583266
1.585878
1.588500
1.591119
1.593779
1.596371
1.598965
1.601590
1.604151
1.606797
1.609475
1.612040
1.614659
1.617253
1.619851
1.622436
1.625046
1.627629
1.630202
1.632800
1.635376
1.637968
1.640550
1.643109
1.645719
1.648310
1.650854
1.653428
1.656043
1.658590
1.661124
1.663719
1.666236
1.668755
1.671308
1.673882
1.676467
1.679026
1.681534
1.684110
1.686621
1.689186
1.691744
1.694213
1.696774
1.699267
1.701859
1.704352
1.706835
1.709367
1.711860
1.714379
1.716893
1.719374
1.721878
1.724395
1.726879
1.729384
1.731903
1.734441
1.736949
1.739459
1.741955
1.744370
1.746928
1.749364
1.751830
1.754302
1.756797
1.759206
1.761702
1.764129
1.766598
1.769069
1.771538
1.773998
1.776473
1.778911
1.781386
1.783807
1.786213
1.788747
1.791153
1.793553
1.796019
1.798449
1.800882
1.803317
1.805723
1.808147
1.810535
1.813033
1.815376
1.817818
1.820236
1.822639
1.825084
1.827483
1.829856
1.832220
1.834647
1.837032
1.839408
1.841799
1.844252
1.846604
1.848989
1.851341
1.853732
1.856129
1.858526
1.860896
1.863265
1.865641
1.868002
1.870399
1.872745
1.875088
1.877440
1.879735
1.882087
1.884468
1.886835
1.889145
1.891548
1.893885
1.896216
1.898574
1.900863
1.903215
1.905570
1.907904
1.910184
1.912490
1.914836
1.917128
1.919462
1.921751
1.924070
1.926389
1.928687
1.930997
1.933316
1.935605
1.937894
1.940234
1.942505
1.944803
1.947110
1.949360
1.951643
1.953911
1.956164
1.958423
1.960736
1.963004
1.965245
1.967555
1.969808
1.972079
1.974341
1.976597
1.978865
1.981145
1.983416
1.985645
1.987928
1.990139
1.992374
1.994624
1.996889
1.999083
2.001309
2.003544
2.005770
2.008008
2.010177
2.012406
2.014626
2.016867
2.019054
2.021337
2.023510
2.025729
2.027935
2.030128
2.032324
2.034535
2.036695
2.038882
2.041048
2.043223
2.045413
2.047586
2.049758
2.051921
2.054159
2.056328
2.058482
2.060646
2.062812
2.064957
2.067069
2.069211
2.071357
2.073532
2.075656
2.077804
2.079979
2.082115
2.084245
2.086358
2.088464
2.090576
2.092712
2.094807
2.096928
2.099067
2.101152
2.103240
2.105365
2.107504
2.109610
2.111659
2.113709
2.115842
2.117951
2.119958
2.122053
2.124147
2.126256
2.128320
2.130355
2.132416
2.134516
2.136578
2.138582
2.140628
2.142693
2.144739
2.146767
2.148834
2.150890
2.152939
2.154970
2.156987
2.159033
2.161046
2.163036
2.165067
2.167065
2.169106
2.171092
2.173105
2.175098
2.177129
2.179137
2.181099
2.183064
2.185057
2.187040
2.189042
2.191043
2.193011
2.195016
2.197038
2.199003
2.200927
2.202853
2.204831
2.206793
2.208690
2.210622
2.212564
2.214577
2.216500
2.218472
2.220449
2.222379
2.224287
2.226217
2.228131
2.230046
2.231948
2.233845
2.235738
2.237712
2.239597
2.241518
2.243459
2.245388
2.247276
2.249163
2.251045
2.252932
2.254805
2.256665
2.258562
2.260473
2.262346
2.264249
2.266160
2.268021
2.269872
2.271709
2.273554
2.275412
2.277239
2.279061
2.280928
2.282836
2.284691
2.286569
2.288424
2.290263
2.292091
2.293912
2.295710
2.297526
2.299296
2.301091
2.302931
2.304776
2.306595
2.308443
2.310280
2.312096
2.313914
2.315700
2.317456
2.319250
2.321060
2.322785
2.324577
2.326339
2.328196
2.329955
2.331723
2.333529
2.335315
2.337050
2.338814
2.340558
2.342338
2.344114
2.345861
2.347626
2.349391
2.351158
2.352887
2.354640
2.356401
2.358133
2.359844
2.361578
2.363349
2.365063
2.366803
2.368505
2.370234
2.371948
2.373671
2.375417
2.377122
2.378863
2.380579
2.382272
2.383959
2.385667
2.387383
2.389097
2.390748
2.392420
2.394086
2.395781
2.397492
2.399200
2.400920
2.402621
2.404278
2.405950
2.407643
2.409291
2.410897
2.412565
2.414216
2.415861
2.417482
2.419133
2.420841
2.422515
2.424166
2.425874
2.427507
2.429160
2.430754
2.432372
2.433999
2.435608
2.437193
2.438790
2.440423
2.442070
2.443694
2.445333
2.446972
2.448611
2.450217
2.451790
2.453351
2.454953
2.456550
2.458123
2.459708
2.461308
2.462899
2.464487
2.466078
2.467678
2.469263
2.470848
2.472411
2.473958
2.475513
2.477046
2.478607
2.480165
2.481726
2.483257
2.484794
2.486388
2.487928
2.489492
2.491044
2.492614
2.494148
2.495673
2.497189
2.498699
2.500209
2.501716
2.503211
2.504736
2.506249
2.507762
2.509311
2.510824
2.512388
2.513868
2.515390
2.516912
2.518377
2.519836
2.521286
2.522772
2.524294
2.525738
2.527209
2.528674
2.530169
2.531646
2.533121
2.534601
2.536069
2.537540
2.538996
2.540446
2.541905
2.543367
2.544799
2.546210
2.547669
2.549096
2.550504
2.551954
2.553380
2.554812
2.556256
2.557670
2.559096
2.560559
2.561982
2.563399
2.564792
2.566194
2.567608
2.568983
2.570383
2.571773
2.573172
2.574523
2.575901
2.577312
2.578694
2.580099
2.581507
2.582909
2.584302
2.585675
2.587017
2.588395
2.589752
2.591100
2.592448
2.593797
2.595154
2.596484
2.597817
2.599160
2.600547
2.601904
2.603234
2.604604
2.605958
2.607297
2.608633
2.609969
2.611315
2.612582
2.613879
2.615183
2.616468
2.617798
2.619092
2.620390
2.621723
2.623032
2.624357
2.625663
2.626954
2.628284
2.629591
2.630888
2.632158
2.633444
2.634726
2.635975
2.637233
2.638489
2.639741
2.641009
2.642261
2.643525
2.644808
2.646060
2.647366
2.648616
2.649889
2.651144
2.652406
2.653667
2.654922
2.656148
2.657358
2.658595
2.659794
2.661001
2.662227
2.663434
2.664597
2.665843
2.667062
2.668264
2.669477
2.670717
2.671940
2.673147
2.674361
2.675568
2.676775
2.677977
2.679136
2.680314
2.681491
2.682642
2.683798
2.684979
2.686141
2.687298
2.688460
2.689626
2.690803
2.691947
2.693101
2.694252
2.695426
2.696576
2.697733
2.698869
2.700028
2.701163
2.702305
2.703422
2.704549
2.705669
2.706751
2.707857
2.708983
2.710071
2.711158
2.712282
2.713393
2.714490
2.715590
2.716695
2.717800
2.718903
2.720003
2.721078
2.722196
2.723286
2.724374
2.725467
2.726522
2.727592
2.728667
2.729716
2.730783
2.731822
2.732871
2.733925
2.735001
2.736037
2.737071
2.738144
2.739201
2.740238
2.741287
2.742320
2.743369
2.744438
2.745466
2.746524
2.747563
2.748594
2.749613
2.750619
2.751626
2.752597
2.753579
2.754562
2.755572
2.756563
2.757570
2.758580
2.759589
2.760587
2.761576
2.762550
2.763532
2.764533
2.765510
2.766492
2.767502
2.768500
2.769474
2.770468
2.771451
2.772404
2.773335
2.774279
2.775220
2.776143
2.777060
2.777991
2.778962
2.779912
2.780870
2.781802
2.782767
2.783699
2.784616
2.785520
2.786437
2.787372
2.788310
2.789259
2.790227
2.791168
2.792112
2.793043
2.793960
2.794868
2.795728
2.796570
2.797427
2.798286
2.799134
2.800012
2.800926
2.801831
2.802727
2.803634
2.804497
2.805396
2.806232
2.807062
2.807910
2.808779
2.809630
2.810513
2.811427
2.812323
2.813192
2.814067
2.814933
2.815781
2.816598
2.817410
2.818231
2.819055
2.819861
2.820670
2.821500
2.822315
2.823163
2.823966
2.824766
2.825566
2.826351
2.827132
2.827920
2.828732
2.829523
2.830332
2.831147
2.831971
2.832780
2.833586
2.834395
2.835189
2.836019
2.836798
2.837595
2.838380
2.839183
2.839944
2.840717
2.841448
2.842179
2.842907
2.843629
2.844366
2.845103
2.845846
2.846601
2.847362
2.848138
2.848857
2.849594
2.850301
2.851026
2.851724
2.852398
2.853105
2.853816
2.854541
2.855260
2.855994
2.856743
2.857480
2.858232
2.858948
2.859679
2.860413
2.861114
2.861797
2.862483
2.863148
2.863819
2.864472
2.865153
2.865806
2.866471
2.867124
2.867822
2.868493
2.869158
2.869805
2.870474
2.871148
2.871798
2.872430
2.873059
2.873715
2.874357
2.874977
2.875594
2.876217
2.876828
2.877451
2.878089
2.878731
2.879378
2.880040
2.880681
2.881349
2.882008
2.882649
2.883270
2.883911
2.884537
2.885145
2.885747
2.886335
2.886928
2.887512
2.888090
2.888663
2.889247
2.889846
2.890436
2.891017
2.891596
2.892195
2.892785
2.893339
2.893891
2.894445
2.894993
2.895533
2.896078
2.896599
2.897126
2.897651
2.898190
2.898726
2.899272
2.899808
2.900350
2.900908
2.901471
2.902019
2.902588
2.903146
2.903706
2.904263
2.904814
2.905366
2.905911
2.906450
2.906992
2.907532
2.908041
2.908571
2.909084
2.909578
2.910081
2.910567
2.911046
2.911529
2.912011
2.912472
2.912949
2.913431
2.913913
2.914390
2.914860
2.915315
2.915798
2.916271
2.916742
2.917194
2.917650
2.918111
2.918572
2.919013
2.919444
2.919867
2.920301
2.920726
2.921158
2.921580
2.922009
2.922425
2.922857
2.923303
2.923755
2.924187
2.924630
2.925104
2.925586
2.926032
2.926506
2.926979
2.927444
2.927908
2.928354
2.928783
2.929211
2.929640
2.930050
2.930452
2.930868
2.931269
2.931653
2.932034
2.932408
2.932770
2.933118
2.933466
2.933828
2.934176
2.934505
2.934859
2.935209
2.935551
2.935886
2.936216
2.936540
2.936872
2.937202
2.937504
2.937816
2.938145
2.938466
2.938772
2.939074
2.939377
2.939671
2.939967
2.940264
2.940545
2.940836
2.941123
2.941417
2.941711
2.941998
2.942271
2.942550
2.942834
2.943113
2.943383
2.943640
2.943910
2.944170
2.944434
2.944683
2.944932
2.945198
2.945471
2.945744
2.946010
2.946280
2.946558
2.946843
2.947122
2.947415
2.947697
2.947990
2.948287
2.948593
2.948886
2.949195
2.949503
2.949815
2.950121
2.950420
2.950723
2.951022
2.951325
2.951625
2.951918
2.952206
2.952491
2.952769
2.953036
2.953302
2.953548
2.953788
2.954025
2.954246
2.954444
2.954648
2.954851
2.955046
2.955229
2.955397
2.955544
2.955693
2.955837
2.955975
2.956086
2.956188
2.956287
2.956394
2.956487
2.956583
2.956658
2.956733
2.956808
2.956880
2.956940
2.957000
2.957057
2.957114
2.957155
2.957200
2.957230
2.957251
2.957281
2.957311
2.957326
2.957347
2.957371
2.957386
2.957404
2.957413
2.957419
2.957431
2.957443
2.957458
2.957458
2.957458
2.957461
2.957464
2.957464
2.957464
2.957464
2.957464
2.957464
2.957464
2.957464
2.957464
2.957464
2.957464
2.957464
2.957464
2.957464
2.957464
2.957464
2.957464
2.957464
2.957464
2.957464
2.957464
2.957464
2.957464
2.957455
2.957413
2.957389
2.957368
2.957341
2.957314
2.957290
2.957251
2.957212
2.957176
2.957129
2.957081
2.957033
2.956985
2.956919
2.956868
2.956820
2.956763
2.956700
2.956628
2.956559
2.956493
2.956419
2.956337
2.956239
2.956143
2.956053
2.955957
2.955849
2.955741
2.955603
2.955472
2.955346
2.955214
2.955067
2.954923
2.954771
2.954630
2.954477
2.954309
2.954135
2.953950
2.953773
2.953584
2.953389
2.953201
2.953009
2.952817
2.952622
2.952425
2.952224
2.952032
2.951838
2.951646
2.951451
2.951268
2.951088
2.950912
2.950735
2.950567
2.950393
2.950226
2.950082
2.949935
2.949788
2.949650
2.949528
2.949419
2.949315
2.949216
2.949114
2.949036
2.948970
2.948913
2.948847
2.948793
2.948755
2.948728
2.948692
2.948671
2.948644
2.948632
2.948632
2.948632
2.948632
2.948632
2.948632
2.948632
2.948632
2.948632
2.948632
2.948632
2.948632
2.948680
2.948745
2.948820
2.948904
2.948994
2.949090
2.949189
2.949273
2.949372
2.949480
2.949596
2.949701
2.949812
2.949944
2.950073
2.950199
2.950325
2.950432
2.950549
2.950669
2.950789
2.950900
2.951020
2.951142
2.951259
2.951376
2.951487
2.951589
2.951685
2.951796
2.951888
2.951972
2.952059
2.952140
2.952221
2.952293
2.952353
2.952395
2.952449
2.952494
2.952533
2.952550
2.952574
2.952598
2.952625
2.952637
2.952640
2.952643
2.952643
2.952643
2.952643
2.952643
2.952643
2.952643
2.952643
2.952643
2.952643
2.952643
2.952643
2.952616
2.952556
2.952491
2.952425
2.952368
2.952311
2.952242
2.952170
2.952092
2.952002
2.951930
2.951867
2.951792
2.951727
2.951661
2.951601
2.951538
2.951475
2.951409
2.951358
2.951316
2.951271
2.951220
2.951181
2.951145
2.951112
2.951079
2.951046
2.951014
2.950993
2.950984
2.950972
2.950953
2.950942
2.950939
2.950939
2.950939
2.950939
2.950939
2.950939
2.950939
2.950939
2.950939
2.950939
2.950939
2.950939
2.950939
2.950939
2.950939
2.950939
2.950939
2.950939
2.950939
2.950969
2.951008
2.951050
2.951085
2.951118
2.951130
2.951154
2.951184
2.951208
2.951223
2.951241
2.951262
2.951286
2.951301
2.951316
2.951322
2.951337
2.951352
2.951358
2.951361
2.951361
2.951361
2.951361
2.951361
2.951361
2.951361
2.951361
2.951361
2.951361
2.951361
2.951361
2.951361
2.951361
2.951361
2.951361
2.951361
2.951361
2.951361
2.951361
2.951361
2.951361
2.951361
2.951361
2.951361
2.951361
2.951361
2.951361
2.951361
2.951361
2.951361
2.951361
2.951361
2.951361
2.951361
2.951361
2.951361
2.951361
2.951361
2.951361
2.951361
2.951361
2.951361
2.951361
2.951361
2.951361
2.951361
2.951361
2.951361
2.951361
2.951361
2.951361
2.951361
2.951361
2.951361
2.951361
2.951361
2.951361
2.951361
2.951361
2.951361
2.951361
2.951361
2.951361
2.951361
2.951361
2.951361
2.951361
2.951361
2.951361
2.951361
2.951361
2.951361
2.951361
2.951361
2.951361
2.951361
2.951361
2.951361
2.951361
2.951361
2.951361
2.951361
2.951361
2.951361
2.951361
2.951361
2.951361
2.951361
2.951361
2.951361
2.951361
2.951361
2.951361
2.951361
2.951361
2.951361
2.951361
2.951361
2.951361