5.542317
5.542317
5.542317
5.542317
5.542317
5.542317
5.542317
5.542317
5.542317
5.542342
5.542641
5.543087
5.543660
5.544316
5.545089
5.545997
5.547012
5.548256
5.549640
5.551180
5.552882
5.554712
5.556728
5.558877
5.561225
5.563727
5.566400
5.569198
5.572134
5.575265
5.578462
5.581788
5.585335
5.589071
5.592927
5.596924
5.601112
5.605480
5.610002
5.614690
5.619547
5.624481
5.629689
5.634923
5.640420
5.646041
5.651943
5.657801
5.663966
5.670246
5.676754
5.683345
5.690146
5.697046
5.704204
5.711448
5.718881
5.726629
5.734215
5.742379
5.750316
5.758540
5.767118
5.775614
5.784408
5.793312
5.802456
5.811690
5.821160
5.830664
5.840356
5.850252
5.860334
5.870413
5.880935
5.891517
5.902180
5.912996
5.924162
5.935131
5.946651
5.958122
5.969732
5.981638
5.993724
6.005723
6.018076
6.030489
6.043042
6.055928
6.068923
6.081868
6.095240
6.108545
6.122264
6.135758
6.149678
6.163630
6.177823
6.192171
6.206528
6.221206
6.235964
6.250840
6.265928
6.281220
0.013036
0.028172
0.043566
0.058849
0.073880
0.089342
0.104730
0.120241
0.135742
0.151163
0.166524
0.182028
0.197365
0.212939
0.228279
0.243816
0.259150
0.274786
0.290045
0.305445
0.320967
0.336229
0.351863
0.367427
0.382800
0.398335
0.413794
0.429215
0.444531
0.460152
0.475210
0.490868
0.506175
0.521458
0.536872
0.552188
0.567453
0.582793
0.598082
0.613284
0.628570
0.644098
0.659303
0.674280
0.689671
0.704822
0.719895
0.735331
0.750365
0.765387
0.780563
0.795726
0.810835
0.826079
0.841044
0.856210
0.871409
0.886542
0.901825
0.916946
0.931962
0.947245
0.962363
0.977577
0.992554
1.007813
1.023078
1.038415
1.053557
1.068729
1.083916
1.099214
1.114368
1.129612
1.144940
1.159956
1.175167
1.190534
1.205568
1.220824
1.236164
1.251282
1.266361
1.281593
1.296693
1.311901
1.327208
1.342200
1.357468
1.372520
1.387647
1.402709
1.417866
1.432882
1.448003
1.463160
1.478329
1.493079
1.508385
1.523342
1.538409
1.553359
1.568349
1.583488
1.598480
1.613517
1.628467
1.643714
1.658731
1.673654
1.688895
1.703929
1.718870
1.734249
1.749041
1.764374
1.779334
1.794455
1.809690
1.824829
1.839827
1.855089
1.870225
1.885283
1.900365
1.915606
1.930707
1.945843
1.961012
1.976181
1.991251
2.006444
2.021667
2.036683
2.051927
2.067057
2.082067
2.097143
2.112142
2.127203
2.142288
2.157289
2.172318
2.187376
2.202311
2.217303
2.232362
2.247177
2.262061
2.277122
2.291869
2.306709
2.321680
2.336615
2.351401
2.366243
2.381017
2.395859
2.410912
2.425514
2.440477
2.455346
2.469988
2.484791
2.499499
2.514335
2.529355
2.543984
2.559054
2.573744
2.588644
2.603519
2.618236
2.632937
2.647959
2.662916
2.677546
2.692334
2.707269
2.721779
2.736676
2.751518
2.766052
2.781035
2.795911
2.810457
2.825401
2.840075
2.854795
2.869461
2.884291
2.898750
2.913461
2.928210
2.942828
2.957326
2.971905
2.986517
3.001036
3.015746
3.030100
3.044817
3.059228
3.073603
3.088194
3.102590
3.116983
3.131535
3.146075
3.160441
3.174642
3.189128
3.203491
3.218019
3.232577
3.246907
3.261297
3.275933
3.290167
3.304599
3.319175
3.333451
3.347907
3.362330
3.376786
3.391098
3.405716
3.420079
3.434541
3.448898
3.463390
3.477921
3.492413
3.506548
3.521016
3.535685
3.549889
3.564411
3.578831
3.593089
3.607471
3.621777
3.636164
3.650632
3.664803
3.679022
3.693583
3.707674
3.722117
3.736295
3.750598
3.764796
3.778908
3.793304
3.807451
3.821631
3.835932
3.849962
3.864113
3.878134
3.892551
3.906414
3.920549
3.934781
3.948754
3.963000
3.976959
3.991094
4.005347
4.019386
4.033494
4.047618
4.061748
4.076063
4.090156
4.104208
4.118355
4.132556
4.146739
4.160857
4.175202
4.189236
4.203413
4.217710
4.231878
4.246074
4.260401
4.274602
4.288806
4.303143
4.317224
4.331408
4.345741
4.359870
4.374071
4.388437
4.402647
4.416771
4.431068
4.445270
4.459381
4.473675
4.487775
4.502036
4.516285
4.530163
4.544469
4.558646
4.572785
4.586899
4.601086
4.615188
4.629287
4.643447
4.657603
4.671672
4.685781
4.699814
4.713911
4.728118
4.742260
4.756245
4.770438
4.784627
4.798660
4.812718
4.826931
4.841159
4.855319
4.869517
4.883614
4.897848
4.912007
4.926278
4.940580
4.954773
4.969007
4.983113
4.997467
5.011860
5.025867
5.040334
5.054317
5.068740
5.082908
5.097185
5.111587
5.125782
5.140010
5.154334
5.168452
5.182656
5.196992
5.211280
5.225152
5.239785
5.253770
5.267957
5.282065
5.296104
5.310225
5.324430
5.338466
5.352509
5.366854
5.380668
5.394552
5.408858
5.422817
5.436749
5.450830
5.464669
5.478633
5.492781
5.506410
5.520599
5.534447
5.548325
5.562232
5.576329
5.590165
5.603976
5.617959
5.631945
5.645885
5.659856
5.673632
5.687569
5.701675
5.715475
5.729433
5.743389
5.757227
5.770977
5.785109
5.798927
5.812843
5.826892
5.840749
5.854656
5.868516
5.882307
5.896235
5.910236
5.924021
5.937785
5.951750
5.965559
5.979286
5.993152
6.006841
6.020755
6.034503
6.048297
6.061759
6.075648
6.089400
6.103014
6.117048
6.130270
6.143887
6.157806
6.171360
6.184879
6.198490
6.212014
6.225544
6.239101
6.252787
6.266219
6.279644
0.010079
0.023510
0.037073
0.050382
0.063996
0.077616
0.091080
0.104511
0.118084
0.131386
0.144874
0.158425
0.171932
0.185345
0.198983
0.212336
0.225855
0.239586
0.253059
0.266562
0.280155
0.293557
0.306994
0.320710
0.333952
0.347444
0.361091
0.374438
0.387905
0.401394
0.414945
0.428499
0.441757
0.455161
0.468709
0.482128
0.495458
0.509033
0.522294
0.535683
0.549171
0.562411
0.575725
0.589127
0.602744
0.615800
0.629214
0.642579
0.655690
0.668983
0.682433
0.695504
0.708900
0.722089
0.735187
0.748511
0.761852
0.775083
0.788346
0.801529
0.814766
0.827864
0.841155
0.854406
0.867607
0.880927
0.894083
0.907332
0.920664
0.933835
0.947128
0.960275
0.973664
0.986970
1.000129
1.013416
1.026772
1.040000
1.053282
1.066647
1.080042
1.093216
1.106608
1.119884
1.133231
1.146633
1.159902
1.173265
1.186660
1.199891
1.213301
1.226651
1.239921
1.253316
1.266556
1.279912
1.293293
1.306505
1.319841
1.333044
1.346392
1.359619
1.372967
1.386269
1.399485
1.412763
1.426309
1.439506
1.452566
1.465868
1.478967
1.492351
1.505656
1.518764
1.532222
1.545447
1.558498
1.571707
1.584998
1.598060
1.611312
1.624689
1.637809
1.651124
1.664408
1.677561
1.690944
1.704301
1.717304
1.730696
1.744202
1.757238
1.770861
1.784023
1.797475
1.810538
1.824257
1.837185
1.850655
1.863945
1.877230
1.890688
1.904129
1.917524
1.930874
1.944171
1.957458
1.970854
1.984240
1.997519
2.010833
2.024282
2.037591
2.050983
2.064151
2.077672
2.090855
2.104184
2.117463
2.130738
2.144014
2.157214
2.170544
2.183828
2.196888
2.210233
2.223382
2.236517
2.249688
2.262897
2.276011
2.289134
2.302316
2.315370
2.328598
2.341715
2.354699
2.367801
2.380891
2.393948
2.406996
2.420157
2.433184
2.446112
2.459367
2.472384
2.485483
2.498753
2.511618
2.524777
2.537863
2.551115
2.563983
2.577139
2.590138
2.603219
2.616342
2.629477
2.642477
2.655587
2.668602
2.681710
2.694830
2.707913
2.720946
2.734036
2.747096
2.760033
2.773129
2.786197
2.799209
2.812203
2.825092
2.838254
2.851260
2.864104
2.877077
2.890161
2.903041
2.916028
2.929061
2.941873
2.954672
2.967597
2.980441
2.993405
3.006288
3.019057
3.031889
3.044754
3.057389
3.070185
3.083065
3.095885
3.108600
3.121366
3.133989
3.146815
3.159494
3.172117
3.184949
3.197745
3.210181
3.223112
3.235753
3.248471
3.261108
3.273788
3.286542
3.299296
3.311939
3.324688
3.337409
3.350187
3.363121
3.375693
3.388462
3.401084
3.413787
3.426601
3.439176
3.452002
3.464678
3.477400
3.489995
3.502836
3.515516
3.528147
3.540886
3.553433
3.566128
3.578684
3.591313
3.604118
3.616725
3.629422
3.641967
3.654715
3.667134
3.679708
3.692373
3.704911
3.717381
3.729982
3.742506
3.755017
3.767646
3.780061
3.792453
3.805015
3.817491
3.829946
3.842388
3.854894
3.867175
3.879737
3.891859
3.904458
3.916807
3.929130
3.941674
3.954063
3.966317
3.978787
3.991157
4.003492
4.015959
4.028327
4.040709
4.053259
4.065519
4.077962
4.090318
4.102776
4.115206
4.127601
4.140154
4.152450
4.164872
4.177377
4.189796
4.202202
4.214702
4.227187
4.239650
4.252054
4.264544
4.277017
4.289487
4.301920
4.314357
4.326920
4.339239
4.351810
4.364247
4.376738
4.389040
4.401554
4.413925
4.426476
4.438867
4.451292
4.463728
4.476165
4.488563
4.501011
4.513325
4.525783
4.538096
4.550545
4.562862
4.575284
4.587600
4.599902
4.612306
4.624697
4.636978
4.649289
4.661657
4.674063
4.686281
4.698607
4.710861
4.723238
4.735755
4.747811
4.760254
4.772550
4.784819
4.797234
4.809620
4.821913
4.834257
4.846744
4.859022
4.871402
4.883934
4.896236
4.908660
4.921001
4.933300
4.945968
4.958194
4.970535
4.983197
4.995534
5.007911
5.020177
5.032643
5.045311
5.057493
5.069905
5.082414
5.094869
5.107263
5.119694
5.132077
5.144561
5.156875
5.169234
5.181673
5.193987
5.206361
5.218806
5.231093
5.243425
5.255829
5.268130
5.280504
5.292752
5.305072
5.317442
5.329621
5.341846
5.354192
5.366284
5.378715
5.390870
5.403049
5.415264
5.427362
5.439472
5.451726
5.463830
5.475898
5.488086
5.500277
5.512348
5.524242
5.536598
5.548699
5.560587
5.572721
5.584679
5.596864
5.608842
5.621168
5.633122
5.645247
5.657189
5.669279
5.681550
5.693732
5.705545
5.717835
5.729769
5.741804
5.753944
5.765859
5.778035
5.790181
5.802054
5.814279
5.826293
5.838367
5.850354
5.862440
5.874592
5.886501
5.898540
5.910452
5.922460
5.934474
5.946465
5.958359
5.970394
5.982288
5.994186
6.006299
6.018151
6.029893
6.042084
6.053816
6.065657
6.077581
6.089416
6.101352
6.113105
6.124969
6.136678
6.148602
6.160155
6.172038
6.183839
6.195548
6.207301
6.219121
6.230745
6.242457
6.254159
6.265805
6.277601
0.006115
0.017782
0.029268
0.041145
0.052647
0.064202
0.076016
0.087641
0.099328
0.110959
0.122626
0.134349
0.145929
0.157542
0.169229
0.180926
0.192527
0.204187
0.216031
0.227488
0.239205
0.250917
0.262481
0.274202
0.285866
0.297493
0.309082
0.320692
0.332385
0.344097
0.355788
0.367314
0.378926
0.390494
0.402068
0.413800
0.425413
0.436969
0.448683
0.460206
0.471663
0.483444
0.494993
0.506423
0.518087
0.529649
0.541333
0.552578
0.564355
0.575764
0.587257
0.598933
0.610270
0.621808
0.633234
0.644838
0.656002
0.667761
0.678960
0.690435
0.701802
0.713268
0.724587
0.736236
0.747540
0.758775
0.770220
0.781551
0.793128
0.804450
0.815853
0.827058
0.838563
0.849945
0.861456
0.872802
0.884085
0.895494
0.906921
0.918255
0.929673
0.941196
0.952497
0.963903
0.975372
0.986769
0.998172
1.009629
1.021017
1.032474
1.043934
1.055307
1.066707
1.078275
1.089672
1.101111
1.112597
1.123881
1.135589
1.146950
1.158458
1.169795
1.181378
1.192682
1.204220
1.215692
1.227137
1.238591
1.250012
1.261451
1.272874
1.284403
1.295716
1.307170
1.318615
1.329973
1.341289
1.352833
1.364272
1.375588
1.386976
1.398370
1.409704
1.421113
1.432397
1.443925
1.455340
1.466531
1.478071
1.489232
1.500650
1.511975
1.523273
1.534676
1.546043
1.557434
1.568672
1.580135
1.591385
1.602608
1.614062
1.625381
1.636784
1.648014
1.659351
1.670859
1.681989
1.693620
1.704759
1.716303
1.727664
1.738968
1.750347
1.761819
1.773171
1.784595
1.795956
1.807404
1.818924
1.830327
1.841694
1.853040
1.864578
1.875984
1.887434
1.898867
1.910354
1.921700
1.933049
1.944704
1.956041
1.967411
1.978691
1.990118
2.001734
2.013113
2.024522
2.035937
2.047301
2.058611
2.070068
2.081375
2.092766
2.104187
2.115560
2.126909
2.138135
2.149601
2.160726
2.172369
2.183439
2.194935
2.206188
2.217396
2.228655
2.239950
2.251177
2.262394
2.273698
2.284849
2.296052
2.307392
2.318537
2.329727
2.340918
2.352084
2.363190
2.374503
2.385370
2.396776
2.407789
2.419016
2.430203
2.441285
2.452512
2.463666
2.474862
2.485888
2.497126
2.508178
2.519485
2.530499
2.541797
2.552724
2.563986
2.575149
2.586354
2.597404
2.608621
2.619722
2.630900
2.642087
2.653161
2.664330
2.675517
2.686612
2.697808
2.708890
2.719973
2.731121
2.742287
2.753319
2.764455
2.775573
2.786602
2.797741
2.808860
2.819894
2.830890
2.841996
2.853022
2.864047
2.875291
2.886245
2.897330
2.908275
2.919213
2.930242
2.941324
2.952179
2.963171
2.974185
2.985073
2.996059
3.006914
3.017931
3.028890
3.039706
3.050543
3.061532
3.072321
3.083152
3.093994
3.104810
3.115593
3.126540
3.137410
3.148016
3.159066
3.169648
3.180622
3.191408
3.202128
3.212902
3.223870
3.234581
3.245367
3.256096
3.266843
3.277637
3.288462
3.299263
3.310058
3.320835
3.331555
3.342427
3.353342
3.363927
3.374734
3.385567
3.396332
3.407124
3.417871
3.428594
3.439455
3.450243
3.460963
3.471737
3.482541
3.493195
3.504008
3.514707
3.525447
3.536158
3.546911
3.557700
3.568255
3.579128
3.589785
3.600451
3.611186
3.621861
3.632667
3.643195
3.654011
3.664452
3.675136
3.685826
3.696357
3.707203
3.717498
3.728277
3.738781
3.749394
3.759976
3.770591
3.780975
3.791536
3.802220
3.812676
3.823070
3.833694
3.844072
3.854576
3.865077
3.875620
3.886077
3.896482
3.906890
3.917439
3.927911
3.938232
3.948727
3.959198
3.969721
3.979919
3.990570
4.000799
4.011393
4.021867
4.032176
4.042600
4.053173
4.063584
4.074100
4.084520
4.094977
4.105391
4.115895
4.126321
4.136856
4.147333
4.157819
4.168344
4.178624
4.189311
4.199521
4.210274
4.220622
4.231021
4.241616
4.252072
4.262564
4.272936
4.283384
4.293867
4.304500
4.314851
4.325451
4.335713
4.346193
4.356628
4.367276
4.377589
4.388108
4.398561
4.409032
4.419306
4.430020
4.440320
4.450872
4.461182
4.471608
4.482160
4.492418
4.502800
4.513283
4.523643
4.534004
4.544355
4.554847
4.565121
4.575493
4.585961
4.596229
4.606688
4.616938
4.627391
4.637589
4.647929
4.658196
4.668613
4.678959
4.689148
4.699428
4.709800
4.720083
4.730482
4.740693
4.751152
4.761281
4.771753
4.781919
4.792255
4.802522
4.812793
4.823222
4.833549
4.843913
4.854273
4.864585
4.874844
4.885175
4.895565
4.905877
4.916112
4.926601
4.936860
4.947271
4.957619
4.967958
4.978325
4.988703
4.999025
5.009334
5.019748
5.030022
5.040329
5.050635
5.060959
5.071359
5.081668
5.092025
5.102311
5.112668
5.122911
5.133320
5.143593
5.153873
5.164209
5.174495
5.184774
5.194907
5.205228
5.215712
5.225727
5.236091
5.246379
5.256608
5.266815
5.276972
5.287197
5.297435
5.307582
5.317676
5.327968
5.338235
5.348191
5.358396
5.368405
5.378592
5.388788
5.398791
5.408897
5.419179
5.429046
5.439193
5.449224
5.459153
5.469217
5.479358
5.489278
5.499279
5.509406
5.519317
5.529342
5.539295
5.549242
5.559146
5.569393
5.579280
5.589179
5.599195
5.609141
5.619101
5.629122
5.639009
5.648998
5.658888
5.668982
5.678830
5.688825
5.698804
5.708689
5.718699
5.728648
5.738580
5.748509
5.758507
5.768451
5.778341
5.788138
5.798255
5.808197
5.818057
5.828019
5.837914
5.847717
5.857619
5.867647
5.877432
5.887239
5.897167
5.907075
5.917148
5.926793
5.936611
5.946581
5.956378
5.966280
5.976096
5.986057
5.995696
6.005493
6.015386
6.025114
6.034980
6.044714
6.054415
6.064135
6.073971
6.083732
6.093400
6.103176
6.112826
6.122570
6.132292
6.141879
6.151509
6.161237
6.170845
6.180439
6.190173
6.199769
6.209407
6.219040
6.228576
6.238245
6.247946
6.257470
6.266983
6.276600
0.002960
0.012538
0.022099
0.031647
0.041202
0.050864
0.060320
0.069883
0.079437
0.088917
0.098510
0.107996
0.117556
0.127183
0.136692
0.146175
0.155720
0.165316
0.174853
0.184281
0.193830
0.203354
0.212951
0.222520
0.232051
0.241560
0.251102
0.260579
0.270082
0.279664
0.289131
0.298725
0.308186
0.317690
0.327274
0.336706
0.346221
0.355758
0.365354
0.374744
0.384148
0.393688
0.403227
0.412629
0.422105
0.431525
0.441127
0.450448
0.459913
0.469485
0.478935
0.488285
0.497753
0.507154
0.516634
0.526018
0.535398
0.544677
0.554109
0.563471
0.572954
0.582251
0.591817
0.601078
0.610404
0.619719
0.629058
0.638445
0.647846
0.657173
0.666533
0.675680
0.684991
0.694339
0.703645
0.712882
0.722154
0.731370
0.740718
0.750030
0.759252
0.768503
0.777803
0.787091
0.796277
0.805511
0.814777
0.823948
0.833215
0.842431
0.851704
0.860848
0.870058
0.879438
0.888645
0.897828
0.907029
0.916353
0.925521
0.934847
0.944144
0.953348
0.962465
0.971942
0.981107
0.990313
0.999571
1.008838
1.018192
1.027411
1.036740
1.046067
1.055211
1.064535
1.073811
1.083053
1.092317
1.101599
1.110794
1.120013
1.129567
1.138732
1.147966
1.157248
1.166553
1.175772
1.185033
1.194366
1.203564
1.212825
1.222109
1.231352
1.240637
1.249889
1.259162
1.268413
1.277662
1.286815
1.296088
1.305379
1.314619
1.323777
1.333146
1.342275
1.351416
1.360731
1.369923
1.379217
1.388420
1.397546
1.406849
1.415993
1.425197
1.434374
1.443533
1.452659
1.461821
1.471049
1.480157
1.489382
1.498603
1.507684
1.516825
1.525948
1.535059
1.544179
1.553464
1.562482
1.571641
1.580701
1.589929
1.599028
1.608235
1.617475
1.626466
1.635562
1.644664
1.653886
1.663069
1.672198
1.681360
1.690558
1.699591
1.708915
1.717990
1.727167
1.736328
1.745526
1.754670
1.763835
1.773033
1.782177
1.791327
1.800558
1.809630
1.818867
1.828068
1.837212
1.846403
1.855572
1.864775
1.873937
1.883180
1.892249
1.901414
1.910612
1.919825
1.928939
1.938158
1.947287
1.956568
1.965748
1.974722
1.984066
1.993264
2.002291
2.011438
2.020741
2.029837
2.038894
2.048188
2.057179
2.066308
2.075440
2.084593
2.093644
2.102788
2.111842
2.120848
2.130049
2.139172
2.148262
2.157298
2.166248
2.175532
2.184365
2.193494
2.202482
2.211584
2.220494
2.229554
2.238626
2.247534
2.256519
2.265543
2.274492
2.283477
2.292555
2.301597
2.310373
2.319352
2.328247
2.337260
2.346182
2.355086
2.364014
2.372874
2.381799
2.390835
2.399616
2.408431
2.417419
2.426443
2.435293
2.444186
2.453120
2.461922
2.471009
2.479695
2.488686
2.497527
2.506525
2.515306
2.524189
2.533154
2.542064
2.550917
2.559783
2.568675
2.577546
2.586465
2.595331
2.604226
2.613229
2.622041
2.630870
2.639714
2.648553
2.657508
2.666334
2.675281
2.684038
2.693185
2.701819
2.710685
2.719583
2.728415
2.737245
2.746125
2.754955
2.763793
2.772652
2.781422
2.790269
2.799164
2.807877
2.816754
2.825515
2.834260
2.843048
2.851895
2.860641
2.869416
2.878242
2.886961
2.895709
2.904554
2.913188
2.921964
2.930712
2.939470
2.948092
2.956853
2.965529
2.974215
2.982919
2.991586
3.000323
3.008975
3.017667
3.026263
3.034981
3.043595
3.052241
3.060909
3.069484
3.078082
3.086741
3.095268
3.103803
3.112417
3.121040
3.129587
3.138156
3.146695
3.155162
3.163779
3.172278
3.181012
3.189502
3.197855
3.206547
3.215029
3.223568
3.232080
3.240663
3.249166
3.257645
3.266366
3.274782
3.283279
3.291845
3.300444
3.308994
3.317563
3.326003
3.334566
3.343018
3.351523
3.360155
3.368541
3.377065
3.385565
3.394157
3.402645
3.411202
3.419618
3.428114
3.436749
3.445147
3.453632
3.462138
3.470596
3.479077
3.487625
3.495981
3.504445
3.512951
3.521490
3.529735
3.538372
3.546635
3.555312
3.563584
3.571901
3.580350
3.588808
3.597293
3.605541
3.613969
3.622445
3.630825
3.639235
3.647585
3.655803
3.664249
3.672560
3.680907
3.689311
3.697541
3.705813
3.714247
3.722447
3.730887
3.739066
3.747311
3.755712
3.763969
3.772271
3.780544
3.788714
3.796935
3.805168
3.813404
3.821578
3.829793
3.838032
3.846187
3.854465
3.862528
3.870764
3.878943
3.887263
3.895266
3.903436
3.911624
3.919662
3.927943
3.935985
3.944170
3.952302
3.960523
3.968696
3.976660
3.984952
3.992847
4.001200
4.009235
4.017322
4.025588
4.033686
4.041811
4.049859
4.058038
4.066116
4.074235
4.082423
4.090483
4.098701
4.106886
4.114885
4.123017
4.131097
4.139202
4.147306
4.155494
4.163601
4.171753
4.179750
4.187965
4.196054
4.204231
4.212260
4.220458
4.228583
4.236597
4.244705
4.252836
4.261003
4.269063
4.277194
4.285277
4.293292
4.301531
4.309497
4.317599
4.325799
4.333840
4.341996
4.350007
4.358048
4.366087
4.374209
4.382205
4.390304
4.398414
4.406438
4.414485
4.422554
4.430583
4.438633
4.446672
4.454632
4.462650
4.470697
4.478646
4.486741
4.494768
4.502671
4.510643
4.518616
4.526621
4.534639
4.542668
4.550503
4.558520
4.566472
4.574418
4.582330
4.590342
4.598209
4.606110
4.614073
4.622073
4.629850
4.637895
4.645712
4.653636
4.661549
4.669348
4.677308
4.685230
4.693085
4.700896
4.708791
4.716730
4.724553
4.732388
4.740211
4.748081
4.755976
4.763834
4.771630
4.779504
4.787404
4.795221
4.803124
4.810915
4.818788
4.826718
4.834457
4.842385
4.850183
4.857958
4.865853
4.873604
4.881519
4.889324
4.897195
4.904931
4.912855
4.920804
4.928459
4.936455
4.944251
4.952025
4.959893
4.967800
4.975548
4.983356
4.991247
4.999019
5.006784
5.014622
5.022526
5.030276
5.038246
5.045853
5.053792
5.061570
5.069414
5.077159
5.085000
5.092753
5.100621
5.108285
5.116168
5.123858
5.131726
5.139465
5.147138
5.155071
5.162699
5.170372
5.178141
5.185847
5.193738
5.201441
5.209126
5.216817
5.224679
5.232211
5.239923
5.247641
5.255290
5.262938
5.270620
5.278191
5.285789
5.293579
5.301237
5.308694
5.316472
5.324040
5.331578
5.339221
5.346912
5.354417
5.361988
5.369538
5.377199
5.384644
5.392191
5.399678
5.407238
5.414691
5.422251
5.429873
5.437231
5.444772
5.452238
5.459731
5.467149
5.474681
5.481986
5.489491
5.496999
5.504405
5.511782
5.519251
5.526633
5.534132
5.541533
5.548918
5.556381
5.563676
5.571074
5.578591
5.585961
5.593418
5.600669
5.608228
5.615454
5.622959
5.630372
5.637577
5.644957
5.652476
5.659661
5.667089
5.674500
5.681781
5.689116
5.696626
5.703868
5.711214
5.718606
5.725898
5.733271
5.740567
5.747886
5.755178
5.762540
5.769817
5.777119
5.784438
5.791694
5.799079
5.806255
5.813490
5.820945
5.828204
5.835443
5.842720
5.850054
5.857200
5.864403
5.871800
5.879050
5.886223
5.893530
5.900753
5.907947
5.915215
5.922439
5.929609
5.936862
5.943975
5.951201
5.958464
5.965654
5.972857
5.980095
5.987187
5.994413
6.001547
6.008633
6.015940
6.022933
6.030120
6.037233
6.044355
6.051482
6.058601
6.065629
6.072754
6.079867
6.086874
6.093951
6.101004
6.108042
6.115146
6.122150
6.129209
6.136178
6.143242
6.150322
6.157219
6.164209
6.171309
6.178308
6.185253
6.192219
6.199221
6.206225
6.213068
6.220088
6.227099
6.234053
6.240917
6.247904
6.254816
6.261748
6.268678
6.275569
6.282550
0.006289
0.013102
0.020035
0.026932
0.033816
0.040839
0.047601
0.054561
0.061293
0.068235
0.075042
0.082032
0.088908
0.095751
0.102660
0.109524
0.116436
0.123291
0.130170
0.136974
0.143847
0.150744
0.157664
0.164373
0.171380
0.178107
0.185078
0.191897
0.198734
0.205586
0.212444
0.219260
0.226127
0.232994
0.239804
0.246650
0.253607
0.260372
0.267215
0.274040
0.280799
0.287624
0.294641
0.301316
0.308135
0.315047
0.321785
0.328589
0.335438
0.342231
0.349026
0.355845
0.362610
0.369483
0.376299
0.383019
0.389895
0.396642
0.403512
0.410130
0.416967
0.423678
0.430461
0.437232
0.444031
0.450736
0.457576
0.464308
0.471001
0.477814
0.484528
0.491275
0.497960
0.504671
0.511337
0.518144
0.524825
0.531659
0.538316
0.544932
0.551646
0.558339
0.565035
0.571698
0.578365
0.585028
0.591709
0.598372
0.605000
0.611588
0.618314
0.624935
0.631566
0.638190
0.644853
0.651489
0.658039
0.664720
0.671314
0.677957
0.684569
0.691097
0.697716
0.704241
0.710865
0.717490
0.724066
0.730516
0.737222
0.743663
0.750236
0.756762
0.763293
0.769924
0.776470
0.782986
0.789527
0.796103
0.802682
0.809130
0.815757
0.822178
0.828769
0.835315
0.841772
0.848294
0.854847
0.861330
0.867850
0.874396
0.880933
0.887456
0.893960
0.900486
0.907020
0.913543
0.920029
0.926527
0.933101
0.939515
0.946038
0.952578
0.959059
0.965584
0.972127
0.978545
0.985007
0.991644
0.998097
1.004581
1.011127
1.017682
1.024139
1.030637
1.037118
1.043622
1.050133
1.056607
1.063142
1.069655
1.076132
1.082568
1.089087
1.095553
1.102072
1.108550
1.115057
1.121616
1.128030
1.134612
1.140979
1.147537
1.153898
1.160411
1.166874
1.173307
1.179844
1.186291
1.192889
1.199267
1.205724
1.212183
1.218670
1.225099
1.231538
1.238021
1.244535
1.250904
1.257358
1.263817
1.270301
1.276682
1.283124
1.289536
1.295965
1.302413
1.308797
1.315239
1.321725
1.328062
1.334476
1.340981
1.347365
1.353672
1.360222
1.366486
1.372898
1.379324
1.385730
1.392064
1.398463
1.404803
1.411113
1.417479
1.423810
1.430164
1.436660
1.442889
1.449285
1.455679
1.461980
1.468331
1.474716
1.481058
1.487380
1.493741
1.500026
1.506354
1.512682
1.519051
1.525334
1.531626
1.537957
1.544272
1.550570
1.556883
1.563195
1.569472
1.575749
1.582088
1.588338
1.594606
1.600910
1.607270
1.613478
1.619779
1.626119
1.632368
1.638585
1.644892
1.651151
1.657520
1.663791
1.670035
1.676275
1.682693
1.688898
1.695246
1.701526
1.707719
1.714122
1.720348
1.726705
1.732916
1.739223
1.745487
1.751737
1.758008
1.764300
1.770540
1.776961
1.783133
1.789410
1.795764
1.802071
1.808252
1.814538
1.820877
1.827109
1.833455
1.839680
1.845942
1.852219
1.858493
1.864757
1.871028
1.877194
1.883585
1.889822
1.896042
1.902274
1.908554
1.914765
1.921071
1.927279
1.933484
1.939815
1.945998
1.952221
1.958426
1.964736
1.970974
1.977199
1.983335
1.989627
1.995883
2.002031
2.008250
2.014497
2.020672
2.026922
2.033043
2.039269
2.045551
2.051669
2.057829
2.064085
2.070281
2.076423
2.082544
2.088767
2.094908
2.101053
2.107234
2.113421
2.119575
2.125693
2.131820
2.137986
2.144122
2.150234
2.156327
2.162463
2.168597
2.174654
2.180805
2.186932
2.193020
2.199099
2.205169
2.211254
2.217252
2.223373
2.229407
2.235507
2.241497
2.247540
2.253664
2.259655
2.265699
2.271730
2.277770
2.283870
2.289802
2.295851
2.301846
2.307859
2.313875
2.319858
2.325809
2.331899
2.337823
2.343812
2.349756
2.355709
2.361758
2.367648
2.373658
2.379657
2.385553
2.391530
2.397534
2.403517
2.409389
2.415403
2.421248
2.427288
2.433229
2.439089
2.445058
2.451035
2.456910
2.462839
2.468801
2.474826
2.480741
2.486685
2.492626
2.498573
2.504406
2.510411
2.516247
2.522290
2.528102
2.534097
2.539994
2.545881
2.551807
2.557712
2.563614
2.569565
2.575425
2.581330
2.587226
2.593168
2.599010
2.604909
2.610904
2.616732
2.622601
2.628464
2.634378
2.640275
2.646060
2.652067
2.657894
2.663788
2.669615
2.675463
2.681389
2.687181
2.693053
2.698946
2.704846
2.710571
2.716494
2.722250
2.728182
2.734054
2.739804
2.745676
2.751500
2.757396
2.763161
2.768979
2.774774
2.780586
2.786374
2.792172
2.797990
2.803883
2.809648
2.815463
2.821164
2.827016
2.832738
2.838629
2.844255
2.850097
2.855844
2.861569
2.867325
2.873134
2.878848
2.884600
2.890391
2.896105
2.901812
2.907556
2.913215
2.918962
2.924687
2.930425
2.936057
2.941792
2.947484
2.953189
2.958869
2.964535
2.970263
2.975911
2.981585
2.987209
2.992886
2.998513
3.004154
3.009826
3.015441
3.021109
3.026745
3.032326
3.037962
3.043604
3.049173
3.054812
3.060549
3.065945
3.071665
3.077142
3.082834
3.088332
3.093949
3.099483
3.105044
3.110646
3.116195
3.121795
3.127358
3.132844
3.138390
3.143950
3.149541
3.155036
3.160624
3.166070
3.171604
3.177192
3.182681
3.188157
3.193712
3.199165
3.204690
3.210169
3.215685
3.221282
3.226729
3.232271
3.237751
3.243354
3.248827
3.254274
3.259751
3.265228
3.270768
3.276265
3.281718
3.287267
3.292723
3.298164
3.303619
3.309108
3.314558
3.320011
3.325500
3.330994
3.336429
3.341963
3.347329
3.352779
3.358291
3.363720
3.369119
3.374605
3.379986
3.385525
3.390862
3.396338
3.401743
3.407115
3.412517
3.417970
3.423390
3.428774
3.434170
3.439670
3.444985
3.450417
3.455834
3.461167
3.466479
3.471926
3.477316
3.482682
3.488024
3.493318
3.498738
3.504148
3.509457
3.514832
3.520162
3.525552
3.530825
3.536215
3.541434
3.546821
3.552184
3.557430
3.562736
3.568057
3.573345
3.578633
3.583954
3.589230
3.594482
3.599756
3.605050
3.610386
3.615626
3.620821
3.626100
3.631370
3.636538
3.641739
3.647033
3.652172
3.657379
3.662682
3.667769
3.673003
3.678153
3.683414
3.688481
3.693766
3.698892
3.704057
3.709216
3.714382
3.719514
3.724667
3.729754
3.734851
3.739992
3.745184
3.750226
3.755326
3.760356
3.765479
3.770597
3.775624
3.780801
3.785874
3.790898
3.795997
3.801058
3.806115
3.811172
3.816262
3.821257
3.826275
3.831321
3.836357
3.841411
3.846343
3.851361
3.856395
3.861473
3.866402
3.871456
3.876390
3.881349
3.886385
3.891338
3.896296
3.901300
3.906252
3.911172
3.916169
3.921103
3.926053
3.930982
3.935895
3.940830
3.945770
3.950750
3.955675
3.960616
3.965544
3.970395
3.975317
3.980243
3.985129
3.990022
3.994854
3.999801
4.004721
4.009556
4.014434
4.019443
4.024273
4.029088
4.034043
4.038927
4.043705
4.048634
4.053469
4.058356
4.063231
4.068099
4.072872
4.077782
4.082645
4.087481
4.092334
4.097149
4.102003
4.106826
4.111731
4.116563
4.121402
4.126160
4.131016
4.135825
4.140646
4.145481
4.150335
4.155089
4.159895
4.164737
4.169555
4.174282
4.179109
4.183936
4.188777
4.193568
4.198326
4.203161
4.207937
4.212701
4.217443
4.222291
4.226980
4.231738
4.236510
4.241286
4.246068
4.250837
4.255538
4.260326
4.265072
4.269833
4.274507
4.279258
4.284079
4.288696
4.293516
4.298145
4.302810
4.307646
4.312346
4.317014
4.321706
4.326395
4.331099
4.335800
4.340479
4.345106
4.349896
4.354534
4.359175
4.363879
4.368586
4.373209
4.377888
4.382511
4.387239
4.391904
4.396455
4.401147
4.405766
4.410389
4.414961
4.419647
4.424309
4.428830
4.433432
4.438085
4.442744
4.447310
4.451891
4.456412
4.461038
4.465676
4.470146
4.474757
4.479329
4.483829
4.488458
4.492940
4.497551
4.502102
4.506593
4.511135
4.515677
4.520171
4.524614
4.529177
4.533665
4.538165
4.542650
4.547097
4.551606
4.556100
4.560549
4.564983
4.569507
4.573926
4.578382
4.582800
4.587274
4.591696
4.596166
4.600489
4.604923
4.609391
4.613759
4.618142
4.622546
4.626942
4.631330
4.635699
4.640049
4.644447
4.648846
4.653169
4.657528
4.661921
4.666211
4.670567
4.674884
4.679193
4.683528
4.687866
4.692144
4.696486
4.700836
4.705127
4.709426
4.713698
4.717977
4.722285
4.726590
4.730844
4.735171
4.739443
4.743638
4.748009
4.752201
4.756515
4.760721
4.765042
4.769296
4.773565
4.777763
4.782047
4.786266
4.790535
4.794802
4.799023
4.803287
4.807469
4.811702
4.815966
4.820184
4.824364
4.828597
4.832788
4.837031
4.841219
4.845444
4.849599
4.853812
4.858006
4.862162
4.866371
4.870551
4.874736
4.878916
4.883032
4.887203
4.891367
4.895526
4.899601
4.903801
4.907917
4.912046
4.916238
4.920291
4.924435
4.928585
4.932704
4.936800
4.940952
4.945033
4.949059
4.953221
4.957320
4.961364
4.965475
4.969550
4.973576
4.977660
4.981752
4.985800
4.989887
4.993898
4.997976
5.002072
5.006072
5.010131
5.014161
5.018185
5.022217
5.026241
5.030243
5.034246
5.038300
5.042315
5.046311
5.050314
5.054254
5.058296
5.062325
5.066271
5.070223
5.074247
5.078247
5.082162
5.086159
5.090078
5.094050
5.098044
5.101972
5.105933
5.109852
5.113810
5.117746
5.121698
5.125632
5.129524
5.133443
5.137356
5.141284
5.145187
5.149028
5.152950
5.156857
5.160722
5.164593
5.168458
5.172305
5.176172
5.180073
5.183911
5.187755
5.191608
5.195440
5.199290
5.203083
5.206906
5.210699
5.214534
5.218360
5.222129
5.225844
5.229691
5.233436
5.237235
5.240953
5.244668
5.248456
5.252194
5.255886
5.259682
5.263373
5.267085
5.270803
5.274503
5.278188
5.281847
5.285555
5.289232
5.292920
5.296605
5.300266
5.303909
5.307610
5.311220
5.314917
5.318500
5.322102
5.325771
5.329433
5.333055
5.336608
5.340275
5.343835
5.347427
5.351067
5.354606
5.358135
5.361703
5.365323
5.368837
5.372384
5.375932
5.379467
5.383089
5.386586
5.390136
5.393653
5.397161
5.400676
5.404199
5.407666
5.411174
5.414623
5.418149
5.421597
5.425082
5.428575
5.431985
5.435424
5.438957
5.442348
5.445812
5.449269
5.452700
5.456070
5.459581
5.462961
5.466397
5.469807
5.473205
5.476575
5.480011
5.483349
5.486773
5.490129
5.493494
5.496873
5.500262
5.503603
5.506940
5.510275
5.513597
5.516941
5.520350
5.523652
5.526975
5.530300
5.533626
5.536901
5.540265
5.543492
5.546821
5.550086
5.553346
5.556705
5.559982
5.563230
5.566472
5.569767
5.572982
5.576230
5.579514
5.582776
5.586006
5.589224
5.592465
5.595707
5.598994
5.602188
5.605375
5.608632
5.611811
5.615026
5.618240
5.621428
5.624574
5.627759
5.630980
5.634117
5.637290
5.640423
5.643599
5.646775
5.649891
5.653064
5.656272
5.659340
5.662498
5.665638
5.668724
5.671855
5.675052
5.678129
5.681215
5.684342
5.687423
5.690517
5.693636
5.696716
5.699790
5.702819
5.705887
5.708988
5.712101
5.715103
5.718216
5.721221
5.724301
5.727306
5.730401
5.733394
5.736435
5.739452
5.742514
5.745483
5.748587
5.751538
5.754588
5.757572
5.760550
5.763556
5.766566
5.769566
5.772529
5.775513
5.778440
5.781364
5.784420
5.787365
5.790328
5.793252
5.796227
5.799158
5.802121
5.805080
5.808044
5.810959
5.813904
5.816834
5.819719
5.822640
5.825559
5.828498
5.831383
5.834241
5.837160
5.840021
5.842921
5.845800
5.848652
5.851522
5.854417
5.857266
5.860121
5.863045
5.865868
5.868666
5.871536
5.874338
5.877160
5.880078
5.882831
5.885705
5.888494
5.891310
5.894061
5.896934
5.899714
5.902555
5.905338
5.908085
5.910860
5.913691
5.916441
5.919186
5.921969
5.924734
5.927508
5.930280
5.932994
5.935781
5.938522
5.941246
5.943969
5.946692
5.949428
5.952130
5.954889
5.957616
5.960327
5.963030
5.965735
5.968410
5.971173
5.973801
5.976563
5.979227
5.981923
5.984550
5.987223
5.989886
5.992586
5.995267
5.997922
6.000570
6.003210
6.005847
6.008498
6.011137
6.013777
6.016405
6.019026
6.021630
6.024245
6.026875
6.029500
6.032092
6.034722
6.037326
6.039912
6.042506
6.045092
6.047695
6.050305
6.052878
6.055413
6.057996
6.060548
6.063119
6.065681
6.068254
6.070822
6.073390
6.075918
6.078459
6.080973
6.083507
6.086069
6.088622
6.091114
6.093631
6.096162
6.098625
6.101181
6.103685
6.106160
6.108680
6.111242
6.113704
6.116167
6.118660
6.121131
6.123621
6.126114
6.128571
6.131100
6.133526
6.135965
6.138419
6.140861
6.143302
6.145786
6.148210
6.150628
6.153090
6.155505
6.157932
6.160344
6.162801
6.165185
6.167627
6.170048
6.172460
6.174830
6.177245
6.179636
6.182029
6.184447
6.186853
6.189190
6.191563
6.193945
6.196306
6.198709
6.201087
6.203469
6.205812
6.208131
6.210501
6.212853
6.215202
6.217521
6.219888
6.222204
6.224558
6.226886
6.229208
6.231524
6.233897
6.236177
6.238535
6.240815
6.243152
6.245450
6.247814
6.250082
6.252398
6.254741
6.257018
6.259280
6.261617
6.263864
6.266150
6.268442
6.270737
6.273005
6.275282
6.277565
6.279854
6.282098
0.001124
0.003421
0.005663
0.007952
0.010208
0.012458
0.014705
0.016988
0.019202
0.021413
0.023645
0.025862
0.028154
0.030389
0.032627
0.034838
0.037088
0.039296
0.041510
0.043715
0.045921
0.048135
0.050343
0.052572
0.054765
0.056967
0.059154
0.061359
0.063570
0.065745
0.067924
0.070135
0.072322
0.074491
0.076678
0.078862
0.081022
0.083218
0.085409
0.087527
0.089699
0.091877
0.094028
0.096203
0.098328
0.100464
0.102636
0.104814
0.106953
0.109119
0.111286
0.113389
0.115534
0.117625
0.119779
0.121889
0.123977
0.126110
0.128285
0.130394
0.132480
0.134598
0.136680
0.138795
0.140928
0.143038
0.145114
0.147241
0.149320
0.151403
0.153515
0.155609
0.157691
0.159756
0.161847
0.163914
0.165982
0.168046
0.170116
0.172213
0.174278
0.176357
0.178436
0.180500
0.182553
0.184581
0.186630
0.188680
0.190723
0.192766
0.194786
0.196853
0.198917
0.200957
0.202998
0.204999
0.206995
0.209017
0.211030
0.213047
0.215096
0.217151
0.219162
0.221229
0.223233
0.225199
0.227170
0.229138
0.231149
0.233123
0.235119
0.237132
0.239133
0.241126
0.243115
0.245122
0.247082
0.249056
0.251040
0.252975
0.254940
0.256918
0.258862
0.260840
0.262823
0.264761
0.266697
0.268707
0.270622
0.272572
0.274505
0.276416
0.278391
0.280305
0.282279
0.284179
0.286120
0.288065
0.289967
0.291918
0.293823
0.295735
0.297649
0.299543
0.301439
0.303342
0.305220
0.307159
0.309064
0.310952
0.312836
0.314748
0.316659
0.318526
0.320401
0.322256
0.324107
0.325980
0.327861
0.329710
0.331609
0.333452
0.335361
0.337215
0.339082
0.340900
0.342740
0.344570
0.346428
0.348298
0.350107
0.351953
0.353813
0.355647
0.357465
0.359326
0.361145
0.362957
0.364782
0.366573
0.368383
0.370217
0.371996
0.373833
0.375655
0.377431
0.379220
0.381017
0.382869
0.384625
0.386416
0.388208
0.389961
0.391758
0.393529
0.395318
0.397055
0.398868
0.400630
0.402403
0.404165
0.405942
0.407718
0.409480
0.411239
0.412964
0.414693
0.416443
0.418187
0.419936
0.421650
0.423400
0.425140
0.426884
0.428649
0.430398
0.432115
0.433823
0.435540
0.437238
0.438949
0.440651
0.442356
0.444063
0.445777
0.447479
0.449205
0.450915
0.452635
0.454307
0.455988
0.457660
0.459343
0.461018
0.462708
0.464383
0.466037
0.467720
0.469413
0.471067
0.472766
0.474470
0.476136
0.477769
0.479393
0.481023
0.482668
0.484333
0.485963
0.487611
0.489238
0.490865
0.492516
0.494175
0.495817
0.497450
0.499083
0.500680
0.502298
0.503901
0.505486
0.507100
0.508733
0.510327
0.511930
0.513530
0.515130
0.516739
0.518372
0.519981
0.521568
0.523159
0.524708
0.526284
0.527839
0.529427
0.530970
0.532576
0.534104
0.535662
0.537259
0.538859
0.540429
0.542023
0.543568
0.545105
0.546624
0.548143
0.549671
0.551199
0.552712
0.554246
0.555792
0.557314
0.558851
0.560385
0.561904
0.563447
0.565002
0.566482
0.568001
0.569490
0.570955
0.572453
0.573963
0.575423
0.576888
0.578431
0.579887
0.581361
0.582880
0.584357
0.585861
0.587380
0.588851
0.590310
0.591751
0.593198
0.594639
0.596107
0.597554
0.599037
0.600485
0.601923
0.603361
0.604781
0.606231
0.607705
0.609167
0.610596
0.612025
0.613451
0.614890
0.616289
0.617718
0.619108
0.620546
0.621921
0.623338
0.624726
0.626104
0.627497
0.628935
0.630352
0.631769
0.633160
0.634532
0.635928
0.637324
0.638675
0.640074
0.641429
0.642789
0.644167
0.645524
0.646867
0.648227
0.649599
0.650947
0.652292
0.653683
0.655040
0.656388
0.657757
0.659096
0.660409
0.661766
0.663081
0.664396
0.665721
0.667039
0.668384
0.669679
0.670988
0.672309
0.673639
0.674961
0.676321
0.677654
0.678942
0.680267
0.681558
0.682840
0.684107
0.685417
0.686690
0.687987
0.689288
0.690555
0.691810
0.693105
0.694375
0.695660
0.696943
0.698234
0.699516
0.700801
0.702081
0.703354
0.704603
0.705838
0.707066
0.708295
0.709535
0.710784
0.712046
0.713259
0.714511
0.715746
0.716971
0.718158
0.719395
0.720653
0.721870
0.723149
0.724357
0.725567
0.726792
0.727976
0.729177
0.730388
0.731592
0.732790
0.733998
0.735169
0.736359
0.737530
0.738711
0.739903
0.741089
0.742267
0.743474
0.744667
0.745856
0.747049
0.748193
0.749371
0.750527
0.751666
0.752777
0.753934
0.755108
0.756262
0.757403
0.758565
0.759677
0.760798
0.761927
0.763060
0.764189
0.765361
0.766502
0.767641
0.768785
0.769909
0.771026
0.772117
0.773207
0.774334
0.775418
0.776518
0.777635
0.778753
0.779835
0.780931
0.782019
0.783070
0.784146
0.785218
0.786273
0.787379
0.788466
0.789551
0.790644
0.791738
0.792789
0.793844
0.794902
0.795944
0.796969
0.798018
0.799117
0.800151
0.801214
0.802254
0.803270
0.804303
0.805310
0.806314
0.807323
0.808339
0.809379
0.810394
0.811440
0.812486
0.813504
0.814511
0.815535
0.816566
0.817570
0.818561
0.819568
0.820557
0.821543
0.822516
0.823499
0.824470
0.825440
0.826408
0.827355
0.828317
0.829284
0.830234
0.831208
0.832194
0.833173
0.834171
0.835157
0.836130
0.837086
0.838030
0.838971
0.839902
0.840825
0.841739
0.842665
0.843588
0.844525
0.845460
0.846371
0.847288
0.848202
0.849106
0.850005
0.850901
0.851794
0.852705
0.853621
0.854526
0.855437
0.856360
0.857256
0.858181
0.859065
0.859976
0.860851
0.861741
0.862616
0.863514
0.864383
0.865228
0.866088
0.866969
0.867832
0.868671
0.869503
0.870348
0.871187
0.872014
0.872838
0.873659
0.874510
0.875343
0.876206
0.877048
0.877886
0.878749
0.879624
0.880478
0.881335
0.882171
0.883004
0.883828
0.884640
0.885427
0.886212
0.886997
0.887812
0.888627
0.889415
0.890179
0.890964
0.891728
0.892477
0.893247
0.893993
0.894763
0.895527
0.896303
0.897043
0.897816
0.898583
0.899338
0.900105
0.900902
0.901681
0.902469
0.903266
0.904054
0.904824
0.905594
0.906343
0.907077
0.907796
0.908497
0.909201
0.909929
0.910636
0.911343
0.912071
0.912772
0.913465
0.914145
0.914798
0.915487
0.916158
0.916841
0.917524
0.918213
0.918881
0.919547
0.920215
0.920889
0.921566
0.922246
0.922911
0.923597
0.924298
0.924993
0.925668
0.926366
0.927052
0.927747
0.928421
0.929095
0.929742
0.930383
0.930997
0.931609
0.932247
0.932858
0.933466
0.934068
0.934686
0.935303
0.935869
0.936441
0.937038
0.937646
0.938248
0.938826
0.939440
0.940067
0.940663
0.941229
0.941786
0.942356
0.942931
0.943464
0.944015
0.944612
0.945211
0.945786
0.946370
0.946984
0.947584
0.948156
0.948734
0.949333
0.949891
0.950469
0.951059
0.951619
0.952138
0.952659
0.953183
0.953726
0.954226
0.954729
0.955242
0.955754
0.956275
0.956758
0.957237
0.957725
0.958208
0.958681
0.959145
0.959619
0.960095
0.960548
0.961012
0.961488
0.961974
0.962435
0.962882
0.963322
0.963780
0.964224
0.964661
0.965114
0.965569
0.966018
0.966471
0.966914
0.967337
0.967753
0.968191
0.968658
0.969125
0.969581
0.970057
0.970539
0.971016
0.971477
0.971933
0.972400
0.972843
0.973278
0.973709
0.974144
0.974569
0.974971
0.975357
0.975759
0.976127
0.976487
0.976843
0.977218
0.977568
0.977895
0.978251
0.978614
0.978952
0.979294
0.979623
0.979962
0.980304
0.980633
0.980954
0.981283
0.981604
0.981921
0.982245
0.982581
0.982904
0.983228
0.983554
0.983899
0.984225
0.984546
0.984864
0.985175
0.985484
0.985786
0.986068
0.986359
0.986643
0.986928
0.987192
0.987467
0.987743
0.988000
0.988267
0.988531
0.988785
0.989052
0.989328
0.989603
0.989882
0.990176
0.990448
0.990733
0.991035
0.991344
0.991635
0.991943
0.992273
0.992614
0.992920
0.993241
0.993570
0.993900
0.994229
0.994535
0.994840
0.995143
0.995464
0.995757
0.996024
0.996288
0.996560
0.996818
0.997055
0.997282
0.997489
0.997705
0.997908
0.998088
0.998250
0.998409
0.998559
0.998708
0.998843
0.998966
0.999068
0.999176
0.999284
0.999385
0.999469
0.999547
0.999640
0.999724
0.999802
0.999880
0.999949
1.000003
1.000057
1.000111
1.000149
1.000188
1.000221
1.000245
1.000269
1.000287
1.000290
1.000290
1.000293
1.000308
1.000314
1.000314
1.000314
1.000314
1.000314
1.000314
1.000314
1.000314
1.000314
1.000314
1.000314
1.000314
1.000314
1.000314
1.000311
1.000263
1.000191
1.000131
1.000081
1.000033
0.999973
0.999916
0.999859
0.999799
0.999733
0.999661
0.999574
0.999499
0.999424
0.999350
0.999254
0.999170
0.999083
0.998990
0.998894
0.998804
0.998690
0.998568
0.998451
0.998331
0.998190
0.998043
0.997893
0.997732
0.997555
0.997381
0.997183
0.996998
0.996806
0.996605
0.996398
0.996192
0.995988
0.995793
0.995592
0.995386
0.995173
0.994963
0.994763
0.994547
0.994325
0.994109
0.993918
0.993723
0.993531
0.993336
0.993151
0.992971
0.992803
0.992647
0.992483
0.992342
0.992210
0.992087
0.991976
0.991871
0.991769
0.991683
0.991623
0.991578
0.991533
0.991512
0.991506
0.991500
0.991500
0.991500
0.991500
0.991500
0.991500
0.991500
0.991500
0.991500
0.991542
0.991638
0.991743
0.991853
0.991958
0.992072
0.992207
0.992336
0.992462
0.992596
0.992740
0.992884
0.993031
0.993172
0.993294
0.993423
0.993558
0.993684
0.993798
0.993921
0.994044
0.994160
0.994271
0.994373
0.994457
0.994544
0.994649
0.994751
0.994834
0.994930
0.995026
0.995107
0.995179
0.995245
0.995305
0.995362
0.995416
0.995467
0.995506
0.995542
0.995583
0.995622
0.995661
0.995697
0.995703
0.995712
0.995718
0.995721
0.995721
0.995721
0.995721
0.995721
0.995721
0.995721
0.995721
0.995721
0.995721
0.995721
0.995721
0.995721
0.995706
0.995658
0.995613
0.995560
0.995494
0.995434
0.995383
0.995329
0.995257
0.995194
0.995140
0.995083
0.995032
0.994975
0.994909
0.994855
0.994811
0.994760
0.994700
0.994652
0.994601
0.994553
0.994502
0.994460
0.994400
0.994358
0.994322
0.994280
0.994223
0.994181
0.994142
0.994106
0.994058
0.994026
0.993987
0.993966
0.993936
0.993906
0.993867
0.993840
0.993810
0.993774
0.993741
0.993717
0.993681
0.993648
0.993630
0.993627
0.993606
0.993597
0.993597
0.993597
0.993591
0.993585
0.993576
0.993573
0.993573
0.993573
0.993573
0.993573
0.993573
0.993573
0.993573
0.993573
0.993573
0.993573
0.993573
0.993573
0.993573
0.993573
0.993573
0.993573
0.993573
0.993573
0.993573
0.993573
0.993573
0.993573
0.993573
0.993573
0.993573
0.993573
0.993573
0.993573
0.993573
0.993573
0.993573
0.993573
0.993573
0.993576
0.993585
0.993594
0.993597
0.993597
0.993597
0.993597
0.993597
0.993597
0.993597
0.993597
0.993603
0.993606
0.993609
0.993609
0.993609
0.993609
0.993609
0.993609
0.993609
0.993609
0.993609
0.993609
0.993609
0.993609
0.993609
0.993609
0.993609
0.993609
0.993609
0.993609
0.993609
0.993609
0.993609
0.993609
0.993609
0.993609
0.993609
0.993609
0.993609
0.993609
0.993609
0.993609
0.993609
0.993609
0.993609
0.993609
0.993609
0.993609
0.993609
0.993609
0.993609
0.993609
0.993609
0.993609
0.993609
0.993609
0.993609
0.993609
0.993609
0.993609
0.993609
0.993609
0.993609
0.993609
0.993609
0.993609
0.993609
0.993609
0.993609
0.993609
0.993609
0.993609
0.993609
0.993609
0.993609
0.993609
0.993609
0.993609
0.993609
0.993609
0.993609
0.993609
0.993609
0.993609
0.993609
0.993609
0.993609
0.993609
0.993609
0.993609
0.993609
0.993609
0.993609
0.993609
0.993609
0.993609
0.993609
0.993609
0.993609
0.993609
0.993609
0.993609
0.993609
0.993609
0.993609
0.993609
0.993609
0.993609
0.993609
0.993609
0.993609
0.993609