1.996122
1.996122
1.996122
1.996122
1.996122
1.996122
1.996122
1.996122
1.996323
1.996794
1.997399
1.998163
1.999071
2.000119
2.001291
2.002627
2.004116
2.005695
2.007411
2.009254
2.011256
2.013413
2.015753
2.018248
2.020945
2.023743
2.026760
2.029909
2.033292
2.036785
2.040524
2.044257
2.048287
2.052388
2.056658
2.061107
2.065637
2.070365
2.075344
2.080408
2.085516
2.091005
2.096607
2.102360
2.108220
2.114209
2.120513
2.127029
2.133512
2.140173
2.147118
2.154251
2.161382
2.168719
2.176215
2.184038
2.191774
2.199764
2.207896
2.216294
2.224641
2.233323
2.242182
2.251042
2.260135
2.269438
2.278824
2.288430
2.298242
2.307943
2.318217
2.328265
2.338647
2.349148
2.359951
2.370782
2.381790
2.392872
2.404179
2.415729
2.427414
2.439230
2.451185
2.463438
2.475716
2.488147
2.500754
2.513841
2.526493
2.539790
2.553077
2.566545
2.580485
2.593980
2.607998
2.622226
2.636392
2.650923
2.665615
2.680353
2.695357
2.710439
2.725695
2.741146
2.756797
2.772616
2.788409
2.804470
2.820508
2.836414
2.852488
2.868460
2.884414
2.900455
2.916403
2.932363
2.948455
2.964220
2.980207
2.996302
3.012277
3.028420
3.044508
3.060504
3.076503
3.092613
3.108501
3.124449
3.140086
3.155878
3.171592
3.187690
3.203533
3.219274
3.235312
3.251281
3.267139
3.283204
3.299017
3.314801
3.330629
3.346526
3.362585
3.378446
3.394448
3.410033
3.426356
3.441941
3.457740
3.473807
3.489582
3.505230
3.521079
3.536808
3.552484
3.568447
3.584032
3.599849
3.615805
3.631559
3.647336
3.663206
3.678735
3.694452
3.710202
3.725728
3.741499
3.757097
3.772808
3.788198
3.803739
3.819441
3.835018
3.850471
3.865910
3.881265
3.896946
3.912376
3.927803
3.943427
3.958740
3.974179
3.989818
4.005221
4.020599
4.036128
4.051567
4.066790
4.082564
4.097985
4.113318
4.129069
4.144535
4.159994
4.175624
4.191039
4.206613
4.222027
4.237742
4.253262
4.268808
4.284270
4.300009
4.315630
4.331275
4.346756
4.362372
4.377843
4.393683
4.409014
4.424489
4.440114
4.455618
4.470985
4.486594
4.502042
4.517568
4.532931
4.548508
4.564060
4.579490
4.594929
4.610274
4.625737
4.641269
4.656590
4.672101
4.687522
4.702949
4.718321
4.733835
4.749205
4.764616
4.780034
4.795599
4.810839
4.826356
4.841834
4.857329
4.872921
4.888243
4.903732
4.919431
4.934936
4.950384
4.966005
4.981545
4.997038
5.012797
5.028179
5.043876
5.059251
5.074969
5.090491
5.106233
5.121632
5.137179
5.152779
5.168380
5.183654
5.199614
5.214681
5.230695
5.245903
5.261287
5.276750
5.292438
5.307549
5.323123
5.338565
5.354072
5.369232
5.384659
5.399924
5.415177
5.430529
5.446021
5.461094
5.476440
5.491510
5.507039
5.522235
5.537425
5.552552
5.567937
5.583073
5.598326
5.613588
5.628664
5.643878
5.659233
5.674270
5.689642
5.704940
5.720100
5.735305
5.750630
5.765725
5.780902
5.796242
5.811465
5.826511
5.841839
5.856946
5.872057
5.887373
5.902345
5.917681
5.932817
5.947917
5.962970
5.978193
5.993266
6.008372
6.023283
6.038323
6.053424
6.068449
6.083387
6.098550
6.113324
6.128364
6.143288
6.158109
6.173077
6.187803
6.202831
6.217614
6.232648
6.247194
6.262069
6.276717
0.008485
0.023148
0.037975
0.052659
0.067531
0.082368
0.097024
0.111693
0.126511
0.141189
0.155954
0.170787
0.185663
0.200262
0.215363
0.229965
0.244766
0.259488
0.274274
0.289021
0.303899
0.318631
0.333467
0.348124
0.363014
0.377596
0.392585
0.407092
0.421836
0.436711
0.451317
0.465989
0.480702
0.495521
0.509971
0.525005
0.539437
0.554061
0.568642
0.583206
0.597968
0.612622
0.627242
0.641611
0.656235
0.670925
0.685567
0.700032
0.714541
0.728946
0.743561
0.757984
0.772665
0.787010
0.801472
0.815883
0.830426
0.844825
0.859389
0.874054
0.888489
0.902715
0.917401
0.931974
0.946616
0.961219
0.975648
0.990239
1.004596
1.019453
1.033843
1.048470
1.063112
1.077678
1.092254
1.106905
1.121505
1.136164
1.150632
1.165388
1.180066
1.194528
1.209208
1.223754
1.238588
1.253062
1.267841
1.282444
1.296978
1.311554
1.326099
1.340699
1.355239
1.369761
1.384361
1.399422
1.413500
1.428382
1.442778
1.457315
1.471741
1.486331
1.500946
1.515438
1.530143
1.544482
1.558998
1.573595
1.588120
1.602743
1.617418
1.631760
1.646327
1.661080
1.675718
1.689929
1.704876
1.719296
1.733890
1.748654
1.763014
1.777947
1.792373
1.806957
1.821833
1.836487
1.851215
1.865773
1.880490
1.895155
1.909965
1.924688
1.939224
1.953920
1.968586
1.983290
1.997872
2.012634
2.027225
2.042094
2.056715
2.071368
2.085926
2.100676
2.115243
2.129869
2.144595
2.159102
2.173753
2.188293
2.202682
2.217342
2.232032
2.246260
2.260716
2.275163
2.289583
2.304282
2.318861
2.333002
2.347677
2.361941
2.376358
2.390670
2.405144
2.419576
2.433861
2.448314
2.462569
2.477235
2.491460
2.506102
2.520345
2.534825
2.549146
2.563519
2.577971
2.592490
2.606889
2.621229
2.635661
2.649886
2.664357
2.679097
2.693095
2.707764
2.722064
2.736529
2.750973
2.765117
2.779576
2.793912
2.808299
2.822411
2.836999
2.851164
2.865542
2.880025
2.894250
2.908374
2.922695
2.936962
2.951079
2.965338
2.979500
2.993698
3.007879
3.021960
3.036173
3.050327
3.064408
3.078409
3.092577
3.106698
3.120740
3.134876
3.148795
3.162769
3.176847
3.190833
3.205022
3.218903
3.232966
3.246868
3.260994
3.274959
3.288966
3.303077
3.317114
3.331237
3.345208
3.359211
3.373251
3.387431
3.401387
3.415477
3.429553
3.443535
3.457659
3.471647
3.485627
3.499609
3.513829
3.527664
3.541719
3.555701
3.569699
3.583691
3.597778
3.611644
3.625704
3.639540
3.653283
3.667314
3.681350
3.695135
3.709223
3.722908
3.736987
3.750655
3.764485
3.778252
3.792102
3.805992
3.819663
3.833451
3.847272
3.860991
3.874719
3.888581
3.902438
3.915858
3.929816
3.943337
3.957203
3.970841
3.984476
3.998213
4.011920
4.025723
4.039454
4.053331
4.066913
4.080793
4.094551
4.108213
4.121998
4.135714
4.149586
4.163338
4.177258
4.190970
4.204809
4.218645
4.232250
4.246218
4.260194
4.273892
4.287728
4.301651
4.315244
4.329454
4.342987
4.356844
4.370638
4.384516
4.398139
4.412082
4.426029
4.439772
4.453596
4.467392
4.481072
4.494845
4.508819
4.522505
4.536065
4.549895
4.563791
4.577539
4.591357
4.605025
4.618637
4.632445
4.646125
4.659955
4.673608
4.687240
4.700971
4.714615
4.728325
4.742236
4.755850
4.769482
4.783278
4.797084
4.810642
4.824498
4.838103
4.851969
4.865709
4.879282
4.893177
4.907091
4.920723
4.934639
4.948589
4.962266
4.976045
4.989923
5.003681
5.017606
5.031325
5.045296
5.058919
5.073096
5.086764
5.100612
5.114412
5.128170
5.141996
5.156000
5.169656
5.183543
5.197283
5.211262
5.224912
5.238625
5.252224
5.266132
5.279893
5.293597
5.307247
5.320999
5.334676
5.348362
5.362051
5.375635
5.389210
5.402941
5.416396
5.430196
5.443624
5.457340
5.470712
5.484353
5.497697
5.511344
5.524899
5.538462
5.551869
5.565420
5.578857
5.592211
5.605840
5.619436
5.632963
5.646445
5.659871
5.673257
5.686895
5.700626
5.713980
5.727525
5.740995
5.754402
5.768011
5.781376
5.794855
5.808649
5.821886
5.835433
5.848823
5.862392
5.875803
5.889315
5.902704
5.916067
5.929609
5.943139
5.956393
5.969927
5.983286
5.996583
6.009966
6.023272
6.036810
6.049901
6.063281
6.076469
6.089949
6.103248
6.116545
6.129895
6.142919
6.156140
6.169458
6.182656
6.195796
6.208925
6.222066
6.235216
6.248497
6.261458
6.274539
0.004617
0.017656
0.030731
0.043892
0.056853
0.069904
0.083051
0.096143
0.109287
0.122344
0.135356
0.148574
0.161568
0.174826
0.187805
0.200990
0.214020
0.226999
0.240071
0.253233
0.266289
0.279535
0.292496
0.305828
0.318649
0.331945
0.344975
0.357984
0.371017
0.384085
0.397283
0.410322
0.423337
0.436325
0.449390
0.462522
0.475357
0.488552
0.501315
0.514354
0.527285
0.540399
0.553405
0.566270
0.579228
0.592296
0.605063
0.618182
0.630960
0.643811
0.656616
0.669619
0.682418
0.695316
0.708328
0.720902
0.733731
0.746794
0.759362
0.772344
0.785111
0.797829
0.810940
0.823553
0.836367
0.849094
0.862046
0.874774
0.887794
0.900447
0.913228
0.925916
0.938874
0.951790
0.964586
0.977391
0.990361
1.003173
1.015948
1.028915
1.041585
1.054756
1.067447
1.080558
1.093504
1.106174
1.119201
1.132162
1.145042
1.157697
1.170739
1.183715
1.196568
1.209466
1.222352
1.235157
1.248139
1.261073
1.273845
1.286848
1.299632
1.312593
1.325527
1.338228
1.351138
1.364218
1.376951
1.389622
1.402810
1.415397
1.428319
1.441178
1.453956
1.466629
1.479806
1.492404
1.505201
1.518048
1.530874
1.543601
1.556502
1.569125
1.581915
1.594792
1.607423
1.620465
1.633153
1.645940
1.658772
1.671617
1.684410
1.697275
1.710209
1.723026
1.735906
1.748882
1.761792
1.774543
1.787489
1.800384
1.813219
1.826159
1.839123
1.851808
1.865108
1.877763
1.890781
1.903697
1.916502
1.929520
1.942508
1.955319
1.968322
1.981211
1.994142
2.006980
2.019926
2.032773
2.045788
2.058701
2.071488
2.084389
2.097314
2.110021
2.122916
2.135853
2.148424
2.161460
2.174175
2.186953
2.199770
2.212677
2.225378
2.238132
2.250955
2.263679
2.276212
2.288963
2.301633
2.314397
2.326983
2.339677
2.352312
2.365009
2.377499
2.390254
2.403068
2.415576
2.428184
2.440959
2.453497
2.466269
2.478772
2.491460
2.504005
2.516756
2.529277
2.541941
2.554713
2.567180
2.579808
2.592655
2.605227
2.617759
2.630570
2.643070
2.655680
2.668270
2.680937
2.693586
2.706335
2.718882
2.731489
2.744139
2.756650
2.769267
2.782096
2.794493
2.806984
2.819609
2.832172
2.844668
2.857303
2.869808
2.882296
2.894747
2.907307
2.919780
2.932285
2.944662
2.957224
2.969610
2.982100
2.994456
3.006803
3.019213
3.031760
3.043972
3.056325
3.068777
3.081027
3.093329
3.105697
3.117972
3.130094
3.142677
3.154757
3.167167
3.179463
3.191564
3.203830
3.216182
3.228433
3.240642
3.253208
3.265117
3.277635
3.289859
3.302026
3.314297
3.326539
3.338886
3.351155
3.363412
3.375710
3.387982
3.400281
3.412484
3.424888
3.437049
3.449342
3.461637
3.473972
3.486064
3.498324
3.510719
3.522703
3.535161
3.547304
3.559456
3.571695
3.583948
3.596292
3.608273
3.620659
3.632670
3.644747
3.657184
3.669150
3.681269
3.693685
3.705504
3.717710
3.729772
3.742002
3.753888
3.765983
3.778054
3.790056
3.802118
3.814120
3.826185
3.838230
3.850166
3.862036
3.874293
3.885993
3.898193
3.909991
3.921957
3.933921
3.945920
3.957787
3.969661
3.981789
3.993680
4.005529
4.017496
4.029417
4.041368
4.053439
4.065301
4.077285
4.089278
4.101235
4.113330
4.125267
4.137290
4.149172
4.161183
4.173093
4.185080
4.197175
4.208973
4.221057
4.233295
4.245163
4.257120
4.269176
4.281169
4.293184
4.305330
4.317209
4.329199
4.341217
4.353192
4.365296
4.377229
4.389240
4.401176
4.413215
4.425151
4.437144
4.449120
4.461047
4.473103
4.485075
4.497041
4.508855
4.520977
4.532880
4.544756
4.556765
4.568605
4.580533
4.592481
4.604225
4.616354
4.628170
4.639908
4.651833
4.663838
4.675540
4.687402
4.699344
4.711047
4.723112
4.734883
4.746712
4.758615
4.770438
4.782275
4.794172
4.806099
4.817910
4.829807
4.841764
4.853632
4.865547
4.877471
4.889426
4.901341
4.913299
4.925103
4.937072
4.949074
4.960909
4.972977
4.984769
4.996787
5.008636
5.020734
5.032646
5.044589
5.056606
5.068530
5.080403
5.092403
5.104402
5.116189
5.128295
5.140145
5.151968
5.163939
5.175714
5.187794
5.199800
5.211532
5.223399
5.235414
5.247140
5.259019
5.270992
5.282742
5.294649
5.306429
5.318233
5.330053
5.341890
5.353581
5.365346
5.377154
5.388772
5.400544
5.412316
5.423979
5.435667
5.447372
5.459000
5.470616
5.482318
5.493904
5.505601
5.517280
5.528841
5.540511
5.552154
5.563745
5.575313
5.586869
5.598508
5.610082
5.621767
5.633191
5.644957
5.656569
5.668188
5.679836
5.691293
5.703050
5.714552
5.726140
5.737786
5.749300
5.760949
5.772478
5.784066
5.795715
5.807238
5.818797
5.830391
5.841959
5.853590
5.865059
5.876629
5.888011
5.899693
5.911183
5.922670
5.934312
5.945734
5.957256
5.968815
5.980182
5.991651
6.003285
6.014658
6.026046
6.037515
6.048783
6.060378
6.071891
6.083067
6.094437
6.105837
6.117171
6.128493
6.139866
6.151122
6.162438
6.173814
6.185026
6.196300
6.207502
6.218722
6.230272
6.241348
6.252548
6.263756
6.274997
0.003008
0.014147
0.025401
0.036546
0.047781
0.058941
0.070168
0.081280
0.092566
0.103535
0.114926
0.125996
0.137396
0.148485
0.159660
0.170775
0.181992
0.193183
0.204244
0.215596
0.226730
0.237836
0.249047
0.260342
0.271386
0.282633
0.293802
0.304942
0.316075
0.327304
0.338405
0.349682
0.360659
0.371847
0.383127
0.394281
0.405300
0.416431
0.427690
0.438701
0.449789
0.460979
0.472044
0.483138
0.494223
0.505270
0.516367
0.527567
0.538520
0.549656
0.560646
0.571633
0.582658
0.593728
0.604874
0.615752
0.626790
0.637729
0.648805
0.659654
0.670604
0.681714
0.692643
0.703516
0.714511
0.725474
0.736173
0.747297
0.758083
0.768962
0.779993
0.790812
0.801748
0.812602
0.823544
0.834396
0.845322
0.856294
0.867059
0.878123
0.888891
0.899836
0.910795
0.921614
0.932528
0.943452
0.954289
0.965404
0.976358
0.987162
0.998175
1.009141
1.020091
1.030949
1.041932
1.052874
1.063831
1.074895
1.085813
1.096796
1.107702
1.118614
1.129645
1.140682
1.151507
1.162554
1.173567
1.184515
1.195498
1.206371
1.217298
1.228320
1.239403
1.250200
1.261154
1.272057
1.283055
1.293925
1.305052
1.315940
1.326800
1.337745
1.348753
1.359562
1.370528
1.381407
1.392303
1.403185
1.414016
1.424906
1.435830
1.446688
1.457575
1.468523
1.479563
1.490334
1.501231
1.511963
1.522919
1.533783
1.544422
1.555531
1.566266
1.577019
1.588030
1.598794
1.609652
1.620351
1.631428
1.642141
1.653065
1.663992
1.674715
1.685695
1.696430
1.707467
1.718265
1.729171
1.740049
1.750931
1.761918
1.772826
1.783699
1.794743
1.805549
1.816563
1.827430
1.838233
1.849322
1.860284
1.871109
1.881943
1.893004
1.903988
1.914998
1.925868
1.936720
1.947718
1.958606
1.969506
1.980393
1.991368
2.002300
2.013152
2.024085
2.034855
2.045932
2.056834
2.067593
2.078556
2.089405
2.100307
2.111081
2.122002
2.132874
2.143648
2.154506
2.165400
2.176129
2.186950
2.197790
2.208468
2.219505
2.230124
2.240888
2.251590
2.262481
2.273108
2.283849
2.294584
2.305268
2.316023
2.326755
2.337349
2.348075
2.358747
2.369383
2.380094
2.390712
2.401342
2.412083
2.422698
2.433355
2.444045
2.454648
2.465353
2.476031
2.486646
2.497264
2.507951
2.518614
2.529205
2.539988
2.550549
2.561179
2.571976
2.582559
2.593198
2.603867
2.614449
2.625093
2.635894
2.646473
2.657073
2.667769
2.678334
2.688978
2.699683
2.710292
2.720881
2.731498
2.742093
2.752720
2.763415
2.773896
2.784421
2.795377
2.805618
2.816383
2.826929
2.837367
2.847949
2.858621
2.869218
2.879707
2.890406
2.900749
2.911178
2.921772
2.932273
2.942840
2.953225
2.963705
2.974209
2.984614
2.995064
3.005509
3.015902
3.026265
3.036856
3.047127
3.057565
3.067872
3.078295
3.088574
3.098968
3.109385
3.119626
3.129926
3.140283
3.150617
3.160935
3.171287
3.181647
3.191761
3.202302
3.212455
3.222798
3.233095
3.243297
3.253675
3.264032
3.274288
3.284487
3.294898
3.305058
3.315289
3.325625
3.335869
3.346238
3.356500
3.366806
3.377044
3.387353
3.397594
3.407897
3.418212
3.428597
3.438792
3.449246
3.459342
3.469676
3.480021
3.490187
3.500412
3.510686
3.520809
3.531152
3.541434
3.551666
3.561820
3.572099
3.582397
3.592490
3.602731
3.612866
3.623068
3.633230
3.643372
3.653568
3.663742
3.673689
3.683897
3.694005
3.704078
3.714337
3.724422
3.734560
3.744546
3.754706
3.764811
3.774683
3.784768
3.794748
3.804794
3.814917
3.824729
3.834901
3.844935
3.854714
3.864871
3.874824
3.884794
3.894588
3.904802
3.914608
3.924600
3.934493
3.944404
3.954387
3.964316
3.974257
3.984033
3.994213
4.003974
4.013975
4.023889
4.033827
4.043822
4.053775
4.063659
4.073540
4.083591
4.093428
4.103414
4.113409
4.123353
4.133171
4.143225
4.153085
4.163059
4.173096
4.182872
4.192933
4.202868
4.212904
4.222741
4.232723
4.242706
4.252716
4.262786
4.272685
4.282656
4.292483
4.302514
4.312433
4.322395
4.332330
4.342214
4.352197
4.362144
4.372151
4.382050
4.392081
4.401926
4.411870
4.421912
4.431599
4.441746
4.451447
4.461391
4.471335
4.481240
4.491160
4.500960
4.510823
4.520899
4.530529
4.540577
4.550245
4.560243
4.569900
4.579954
4.589664
4.599498
4.609426
4.619122
4.628970
4.638926
4.648540
4.658313
4.668131
4.678021
4.687719
4.697607
4.707191
4.716982
4.726959
4.736693
4.746406
4.756194
4.765967
4.775723
4.785520
4.795152
4.805099
4.814857
4.824633
4.834329
4.844326
4.853980
4.863735
4.873763
4.883326
4.893189
4.903130
4.912798
4.922715
4.932356
4.942276
4.951909
4.961939
4.971515
4.981474
4.991340
5.001101
5.010823
5.020662
5.030339
5.040316
5.050110
5.059793
5.069537
5.079421
5.089221
5.098934
5.108827
5.118564
5.128256
5.138120
5.147809
5.157612
5.167496
5.177032
5.186760
5.196588
5.206316
5.216104
5.225664
5.235309
5.245112
5.254744
5.264442
5.274027
5.283716
5.293438
5.302909
5.312655
5.322305
5.331928
5.341579
5.351040
5.360637
5.370257
5.379790
5.389336
5.398974
5.408418
5.418035
5.427482
5.436976
5.446474
5.456001
5.465433
5.474984
5.484434
5.493845
5.503303
5.512878
5.522172
5.531607
5.541155
5.550455
5.559910
5.569381
5.578654
5.588175
5.597601
5.607002
5.616458
5.625839
5.635198
5.644705
5.654082
5.663445
5.672826
5.682261
5.691782
5.701076
5.710330
5.719837
5.729169
5.738550
5.747895
5.757243
5.766644
5.775992
5.785367
5.794744
5.804074
5.813506
5.822895
5.832114
5.841501
5.850845
5.860190
5.869430
5.878868
5.888093
5.897353
5.906707
5.915998
5.925408
5.934624
5.943807
5.953170
5.962514
5.971694
5.980859
5.990231
5.999432
6.008677
6.017965
6.027124
6.036298
6.045508
6.054718
6.063847
6.073093
6.082243
6.091327
6.100480
6.109633
6.118675
6.127915
6.137047
6.146128
6.155185
6.164395
6.173305
6.182575
6.191542
6.200584
6.209620
6.218830
6.227794
6.236809
6.245708
6.254827
6.263879
6.272858
6.281831
0.007790
0.016640
0.025652
0.034670
0.043605
0.052617
0.061560
0.070470
0.079509
0.088483
0.097453
0.106456
0.115468
0.124417
0.133316
0.142325
0.151217
0.160088
0.169148
0.178077
0.187047
0.196059
0.204924
0.213861
0.222820
0.231919
0.240901
0.249778
0.258799
0.267584
0.276743
0.285494
0.294455
0.303521
0.312321
0.321297
0.330237
0.339157
0.348034
0.357043
0.365944
0.374738
0.383699
0.392579
0.401507
0.410400
0.419265
0.428202
0.437104
0.445969
0.454843
0.463721
0.472496
0.481289
0.490314
0.499137
0.507897
0.516736
0.525550
0.534410
0.543266
0.551993
0.560730
0.569712
0.578458
0.587233
0.596032
0.604769
0.613541
0.622257
0.631026
0.639754
0.648538
0.657242
0.665969
0.674760
0.683496
0.692263
0.701026
0.709631
0.718382
0.727050
0.735745
0.744370
0.753161
0.761729
0.770370
0.779056
0.787687
0.796382
0.805004
0.813621
0.822331
0.830980
0.839600
0.848297
0.856929
0.865627
0.874258
0.882944
0.891623
0.900195
0.908833
0.917581
0.926177
0.934859
0.943458
0.952117
0.960835
0.969473
0.978110
0.986802
0.995449
1.004086
1.012844
1.021404
1.030065
1.038864
1.047568
1.056158
1.064822
1.073436
1.082110
1.090789
1.099436
1.108124
1.116885
1.125424
1.134094
1.142828
1.151477
1.160172
1.168774
1.177465
1.186151
1.194758
1.203423
1.212174
1.220806
1.229438
1.238084
1.246647
1.255401
1.263928
1.272731
1.281296
1.289970
1.298503
1.307230
1.315754
1.324494
1.333011
1.341745
1.350299
1.358891
1.367556
1.376140
1.384672
1.393307
1.401927
1.410444
1.419148
1.427606
1.436255
1.444818
1.453264
1.461824
1.470461
1.478985
1.487437
1.496036
1.504533
1.513005
1.521706
1.530191
1.538643
1.547271
1.555675
1.564187
1.572747
1.581277
1.589764
1.598384
1.606824
1.615357
1.623973
1.632395
1.640922
1.649527
1.657991
1.666526
1.675089
1.683571
1.692223
1.700657
1.709109
1.717771
1.726250
1.734878
1.743315
1.752004
1.760360
1.768955
1.777527
1.786033
1.794620
1.803215
1.811817
1.820149
1.828769
1.837299
1.845777
1.854442
1.862951
1.871546
1.880103
1.888582
1.897178
1.905699
1.914273
1.922809
1.931381
1.939809
1.948392
1.957009
1.965419
1.974003
1.982556
1.991050
1.999592
2.007999
2.016487
2.025190
2.033600
2.042088
2.050642
2.059103
2.067587
2.076045
2.084509
2.092997
2.101452
2.109904
2.118407
2.126786
2.135271
2.143705
2.152142
2.160609
2.168974
2.177423
2.185836
2.194162
2.202581
2.210961
2.219281
2.227643
2.236073
2.244394
2.252732
2.261103
2.269567
2.277782
2.286213
2.294368
2.302844
2.311131
2.319460
2.327729
2.335953
2.344306
2.352572
2.360806
2.369161
2.377326
2.385673
2.393924
2.402250
2.410483
2.418713
2.426901
2.435335
2.443452
2.451820
2.460065
2.468271
2.476516
2.484863
2.493012
2.501174
2.509587
2.517742
2.526044
2.534283
2.542495
2.550746
2.559016
2.567273
2.575443
2.583868
2.592002
2.600091
2.608397
2.616609
2.624878
2.633144
2.641341
2.649559
2.657804
2.666041
2.674208
2.682468
2.690647
2.698979
2.707111
2.715260
2.723439
2.731723
2.739840
2.748064
2.756270
2.764392
2.772628
2.780861
2.788951
2.797109
2.805339
2.813504
2.821563
2.829757
2.837745
2.845990
2.854145
2.862270
2.870339
2.878509
2.886586
2.894625
2.902753
2.910779
2.918863
2.927048
2.935062
2.943074
2.951181
2.959247
2.967330
2.975386
2.983383
2.991361
2.999403
3.007393
3.015300
3.023488
3.031356
3.039388
3.047346
3.055324
3.063246
3.071158
3.079197
3.087118
3.095034
3.102962
3.110859
3.118763
3.126717
3.134612
3.142533
3.150422
3.158242
3.166154
3.174079
3.182015
3.189865
3.197757
3.205609
3.213597
3.221375
3.229281
3.237239
3.245013
3.252899
3.260836
3.268730
3.276568
3.284424
3.292333
3.300180
3.308009
3.315888
3.323750
3.331660
3.339473
3.347326
3.355172
3.363043
3.370884
3.378752
3.386604
3.394424
3.402252
3.410132
3.417832
3.425718
3.433732
3.441405
3.449252
3.456985
3.464798
3.472612
3.480411
3.488209
3.496080
3.503792
3.511624
3.519443
3.527125
3.534870
3.542714
3.550476
3.558257
3.566020
3.573717
3.581516
3.589206
3.596867
3.604576
3.612357
3.620072
3.627766
3.635388
3.643111
3.650820
3.658634
3.666211
3.673890
3.681455
3.689203
3.696702
3.704468
3.712039
3.719679
3.727340
3.734914
3.742608
3.750181
3.757729
3.765312
3.772969
3.780508
3.788040
3.795710
3.803194
3.810657
3.818312
3.825715
3.833310
3.840830
3.848302
3.855831
3.863343
3.870806
3.878275
3.885822
3.893327
3.900829
3.908301
3.915726
3.923195
3.930622
3.937974
3.945527
3.953003
3.960394
3.967896
3.975437
3.982798
3.990268
3.997671
4.005080
4.012609
4.020040
4.027452
4.034939
4.042369
4.049808
4.057218
4.064657
4.072039
4.079484
4.086932
4.094422
4.101823
4.109163
4.116629
4.124047
4.131415
4.138839
4.146365
4.153780
4.161129
4.168572
4.175906
4.183387
4.190809
4.198134
4.205552
4.213063
4.220359
4.227759
4.235246
4.242613
4.250020
4.257453
4.264841
4.272221
4.279621
4.286985
4.294385
4.301813
4.309072
4.316472
4.323908
4.331234
4.338562
4.345932
4.353297
4.360742
4.368121
4.375483
4.382802
4.390097
4.397536
4.404700
4.412205
4.419374
4.426820
4.434029
4.441312
4.448739
4.456017
4.463273
4.470574
4.477840
4.485138
4.492499
4.499771
4.506958
4.514233
4.521561
4.528764
4.535975
4.543262
4.550515
4.557688
4.564938
4.572096
4.579298
4.586536
4.593643
4.600942
4.608132
4.615290
4.622534
4.629623
4.636882
4.644034
4.651174
4.658304
4.665477
4.672667
4.679672
4.686907
4.694089
4.701133
4.708242
4.715316
4.722504
4.729610
4.736807
4.743752
4.750993
4.758145
4.765194
4.772259
4.779351
4.786463
4.793567
4.800623
4.807763
4.814833
4.822024
4.829097
4.836111
4.843251
4.850312
4.857449
4.864577
4.871591
4.878739
4.885828
4.892859
4.899978
4.907037
4.914102
4.921328
4.928279
4.935263
4.942411
4.949503
4.956529
4.963573
4.970685
4.977681
4.984862
4.991906
4.998926
5.005913
5.013058
5.020081
5.027074
5.034207
5.041254
5.048226
5.055333
5.062293
5.069303
5.076389
5.083346
5.090377
5.097406
5.104411
5.111416
5.118397
5.125369
5.132343
5.139348
5.146287
5.153247
5.160243
5.167211
5.174156
5.181074
5.187986
5.194985
5.201948
5.208797
5.215801
5.222785
5.229637
5.236597
5.243410
5.250349
5.257138
5.264038
5.271009
5.277730
5.284729
5.291515
5.298357
5.305203
5.312104
5.318875
5.325747
5.332542
5.339355
5.346094
5.352904
5.359699
5.366503
5.373115
5.379916
5.386696
5.393444
5.400146
5.406881
5.413628
5.420222
5.427035
5.433704
5.440416
5.447109
5.453805
5.460501
5.467086
5.473741
5.480428
5.487100
5.493724
5.500313
5.507045
5.513502
5.520297
5.526831
5.533476
5.540040
5.546659
5.553223
5.559838
5.566517
5.573030
5.579675
5.586264
5.592798
5.599378
5.605972
5.612515
5.619118
5.625719
5.632205
5.638793
5.645364
5.651868
5.658421
5.665009
5.671525
5.678012
5.684567
5.691099
5.697645
5.704123
5.710609
5.717119
5.723645
5.730114
5.736600
5.743134
5.749692
5.756062
5.762599
5.769053
5.775509
5.782038
5.788462
5.794921
5.801369
5.807822
5.814326
5.820762
5.827116
5.833549
5.840063
5.846510
5.852892
5.859312
5.865757
5.872132
5.878598
5.885036
5.891388
5.897809
5.904142
5.910587
5.916992
5.923323
5.929654
5.936119
5.942465
5.948724
5.955114
5.961436
5.967814
5.974139
5.980470
5.986804
5.993128
5.999405
6.005742
6.012078
6.018331
6.024620
6.030941
6.037227
6.043483
6.049880
6.055916
6.062223
6.068464
6.074714
6.080978
6.087228
6.093376
6.099692
6.105900
6.112027
6.118291
6.124454
6.130533
6.136792
6.142985
6.149118
6.155287
6.161486
6.167669
6.173751
6.179947
6.186101
6.192234
6.198367
6.204506
6.210522
6.216766
6.222827
6.228918
6.235086
6.241058
6.247161
6.253291
6.259391
6.265446
6.271552
6.277622
0.000470
0.006570
0.012613
0.018686
0.024690
0.030767
0.036851
0.042832
0.048893
0.054978
0.060982
0.067007
0.073074
0.079039
0.085109
0.091155
0.097075
0.103229
0.109182
0.115204
0.121196
0.127287
0.133211
0.139266
0.145291
0.151259
0.157308
0.163267
0.169244
0.175254
0.181276
0.187254
0.193264
0.199277
0.205221
0.211216
0.217235
0.223194
0.229162
0.235175
0.241081
0.247187
0.253122
0.259027
0.264995
0.271083
0.276878
0.282915
0.288892
0.294764
0.300717
0.306775
0.312650
0.318577
0.324548
0.330426
0.336364
0.342386
0.348202
0.354122
0.360162
0.365965
0.371972
0.377896
0.383741
0.389646
0.395581
0.401457
0.407344
0.413252
0.419223
0.425033
0.430998
0.436783
0.442664
0.448555
0.454382
0.460245
0.466132
0.472011
0.477823
0.483662
0.489502
0.495353
0.501228
0.506996
0.512931
0.518695
0.524493
0.530377
0.536225
0.541945
0.547730
0.553548
0.559316
0.565119
0.570952
0.576627
0.582442
0.588294
0.594043
0.599769
0.605560
0.611285
0.617029
0.622850
0.628513
0.634265
0.640009
0.645704
0.651456
0.657185
0.662871
0.668564
0.674349
0.679946
0.685668
0.691394
0.697053
0.702758
0.708516
0.714182
0.719841
0.725552
0.731140
0.736853
0.742540
0.748223
0.753787
0.759512
0.765112
0.770801
0.776419
0.782162
0.787723
0.793494
0.798976
0.804660
0.810295
0.815994
0.821579
0.827181
0.832781
0.838431
0.844046
0.849703
0.855245
0.860917
0.866543
0.872083
0.877820
0.883324
0.889035
0.894661
0.900225
0.905819
0.911457
0.917024
0.922701
0.928184
0.933904
0.939357
0.945019
0.950556
0.956275
0.961854
0.967385
0.972975
0.978674
0.984148
0.989744
0.995416
1.001006
1.006582
1.012227
1.017736
1.023366
1.028966
1.034430
1.040174
1.045704
1.051229
1.056823
1.062363
1.067914
1.073598
1.079162
1.084707
1.090205
1.095861
1.101452
1.107052
1.112558
1.118050
1.123620
1.129313
1.134783
1.140347
1.145866
1.151420
1.156954
1.162551
1.168168
1.173681
1.179197
1.184749
1.190258
1.195825
1.201335
1.206895
1.212423
1.217936
1.223446
1.229021
1.234480
1.239987
1.245541
1.251003
1.256495
1.262014
1.267592
1.273006
1.278534
1.283999
1.289482
1.294976
1.300468
1.305888
1.311494
1.316908
1.322408
1.327870
1.333287
1.338758
1.344303
1.349693
1.355173
1.360608
1.366040
1.371529
1.376969
1.382368
1.387851
1.393259
1.398667
1.404111
1.409531
1.414932
1.420325
1.425790
1.431177
1.436597
1.442017
1.447434
1.452788
1.458207
1.463555
1.468954
1.474326
1.479710
1.485064
1.490466
1.495811
1.501186
1.506561
1.511936
1.517305
1.522737
1.528043
1.533385
1.538754
1.544096
1.549464
1.554773
1.560049
1.565388
1.570766
1.576081
1.581336
1.586711
1.592038
1.597359
1.602671
1.607992
1.613325
1.618679
1.623925
1.629222
1.634561
1.639906
1.645251
1.650521
1.655869
1.661136
1.666454
1.671820
1.677054
1.682498
1.687672
1.692970
1.698323
1.703695
1.708915
1.714218
1.719503
1.724839
1.730166
1.735439
1.740760
1.745979
1.751372
1.756573
1.761924
1.767221
1.772479
1.777788
1.783070
1.788391
1.793721
1.798916
1.804201
1.809528
1.814825
1.820077
1.825350
1.830584
1.835887
1.841184
1.846413
1.851701
1.857043
1.862244
1.867538
1.872835
1.878045
1.883294
1.888612
1.893846
1.899107
1.904365
1.909572
1.914809
1.920125
1.925377
1.930503
1.935797
1.941013
1.946301
1.951508
1.956715
1.962036
1.967279
1.972385
1.977721
1.982889
1.988084
1.993357
1.998474
2.003717
2.008910
2.014069
2.019312
2.024516
2.029714
2.034930
2.040087
2.045267
2.050414
2.055615
2.060774
2.065958
2.071153
2.076294
2.081459
2.086678
2.091814
2.096898
2.102060
2.107144
2.112381
2.117502
2.122592
2.127745
2.132869
2.137923
2.143031
2.148244
2.153301
2.158398
2.163473
2.168549
2.173720
2.178792
2.183843
2.188898
2.194015
2.199063
2.204088
2.209154
2.214208
2.219230
2.224326
2.229347
2.234405
2.239426
2.244424
2.249448
2.254493
2.259479
2.264482
2.269528
2.274465
2.279606
2.284499
2.289520
2.294503
2.299506
2.304381
2.309483
2.314390
2.319382
2.324317
2.329311
2.334239
2.339171
2.344141
2.349163
2.354058
2.358981
2.363900
2.368868
2.373829
2.378662
2.383581
2.388525
2.393570
2.398439
2.403358
2.408278
2.413188
2.418123
2.423022
2.427923
2.432855
2.437720
2.442628
2.447562
2.452446
2.457311
2.462264
2.467147
2.472049
2.476942
2.481825
2.486679
2.491583
2.496455
2.501344
2.506234
2.511088
2.515968
2.520825
2.525663
2.530520
2.535428
2.540272
2.545144
2.550024
2.554878
2.559821
2.564636
2.569484
2.574316
2.579236
2.584000
2.588826
2.593698
2.598527
2.603405
2.608211
2.613046
2.617852
2.622661
2.627487
2.632317
2.637210
2.641985
2.646797
2.651624
2.656426
2.661277
2.666065
2.670885
2.675736
2.680490
2.685266
2.690048
2.694866
2.699623
2.704414
2.709190
2.713995
2.718744
2.723520
2.728317
2.733074
2.737808
2.742620
2.747360
2.752114
2.756818
2.761660
2.766379
2.771157
2.775891
2.780667
2.785401
2.790134
2.794838
2.799581
2.804348
2.809033
2.813761
2.818417
2.823196
2.827909
2.832612
2.837334
2.841996
2.846712
2.851437
2.856071
2.860796
2.865503
2.870156
2.874836
2.879525
2.884177
2.888842
2.893591
2.898133
2.902864
2.907508
2.912104
2.916769
2.921374
2.925990
2.930664
2.935332
2.939889
2.944539
2.949189
2.953794
2.958351
2.963037
2.967672
2.972211
2.976861
2.981367
2.986011
2.990585
2.995136
2.999744
3.004337
3.008846
3.013415
3.017984
3.022577
3.027098
3.031670
3.036245
3.040769
3.045335
3.049907
3.054357
3.058898
3.063405
3.067914
3.072411
3.076971
3.081468
3.085977
3.090516
3.095034
3.099459
3.103965
3.108459
3.112998
3.117405
3.121881
3.126385
3.130852
3.135346
3.139786
3.144247
3.148678
3.153125
3.157634
3.162047
3.166475
3.170951
3.175382
3.179819
3.184319
3.188673
3.193182
3.197580
3.201993
3.206415
3.210855
3.215254
3.219703
3.224119
3.228508
3.232936
3.237344
3.241766
3.246188
3.250598
3.254981
3.259437
3.263784
3.268155
3.272586
3.276958
3.281332
3.285703
3.290059
3.294415
3.298832
3.303194
3.307550
3.311960
3.316296
3.320718
3.325053
3.329391
3.333751
3.338122
3.342454
3.346838
3.351107
3.355523
3.359739
3.364143
3.368391
3.372759
3.377131
3.381370
3.385696
3.390083
3.394334
3.398645
3.402933
3.407292
3.411561
3.415864
3.420145
3.424423
3.428732
3.433019
3.437282
3.441618
3.445875
3.450076
3.454354
3.458602
3.462869
3.467162
3.471318
3.475557
3.479907
3.484087
3.488338
3.492608
3.496760
3.501050
3.505224
3.509454
3.513682
3.517924
3.522101
3.526295
3.530544
3.534669
3.538873
3.543034
3.547241
3.551414
3.555603
3.559764
3.563902
3.568069
3.572186
3.576371
3.580473
3.584599
3.588763
3.592841
3.596978
3.601104
3.605235
3.609307
3.613460
3.617507
3.621591
3.625725
3.629746
3.633839
3.637904
3.641958
3.646021
3.650068
3.654119
3.658152
3.662205
3.666217
3.670253
3.674283
3.678285
3.682288
3.686315
3.690314
3.694317
3.698260
3.702197
3.706259
3.710229
3.714157
3.718142
3.722090
3.726072
3.729955
3.733982
3.737823
3.741787
3.745795
3.749675
3.753597
3.757507
3.761429
3.765315
3.769237
3.773072
3.776966
3.780864
3.784687
3.788549
3.792435
3.796318
3.800237
3.804105
3.807955
3.811765
3.815639
3.819471
3.823312
3.827180
3.830976
3.834802
3.838643
3.842433
3.846241
3.850067
3.853848
3.857626
3.861452
3.865236
3.869020
3.872825
3.876585
3.880363
3.884150
3.887886
3.891637
3.895421
3.899184
3.902861
3.906654
3.910411
3.914156
3.917892
3.921631
3.925322
3.929058
3.932773
3.936536
3.940242
3.943918
3.947628
3.951349
3.955043
3.958716
3.962425
3.966098
3.969786
3.973433
3.977070
3.980836
3.984479
3.988155
3.991805
3.995463
3.999157
4.002758
4.006437
4.010050
4.013706
4.017400
4.021010
4.024635
4.028324
4.031901
4.035544
4.039154
4.042824
4.046392
4.050036
4.053616
4.057230
4.060879
4.064429
4.068042
4.071634
4.075218
4.078807
4.082405
4.085986
4.089539
4.093152
4.096699
4.100304
4.103851
4.107404
4.110985
4.114589
4.118139
4.121686
4.125243
4.128757
4.132340
4.135837
4.139426
4.142905
4.146437
4.149906
4.153457
4.157010
4.160494
4.164033
4.167556
4.171080
4.174567
4.178082
4.181596
4.185074
4.188585
4.192046
4.195521
4.199033
4.202490
4.205975
4.209444
4.212923
4.216398
4.219849
4.223304
4.226791
4.230269
4.233682
4.237122
4.240555
4.243970
4.247404
4.250853
4.254244
4.257621
4.261057
4.264440
4.267867
4.271304
4.274629
4.278096
4.281445
4.284846
4.288204
4.291599
4.294958
4.298385
4.301725
4.305102
4.308470
4.311804
4.315172
4.318521
4.321907
4.325239
4.328531
4.331944
4.335212
4.338559
4.341936
4.345240
4.348530
4.351843
4.355151
4.358471
4.361784
4.365080
4.368310
4.371633
4.374898
4.378158
4.381454
4.384776
4.387994
4.391299
4.394535
4.397794
4.401063
4.404325
4.407594
4.410812
4.414108
4.417274
4.420471
4.423728
4.426970
4.430166
4.433384
4.436641
4.439799
4.442963
4.446198
4.449380
4.452508
4.455693
4.458872
4.462015
4.465158
4.468354
4.471464
4.474622
4.477768
4.480887
4.483991
4.487106
4.490195
4.493359
4.496520
4.499561
4.502671
4.505772
4.508834
4.511917
4.515003
4.518059
4.521142
4.524198
4.527203
4.530271
4.533333
4.536323
4.539394
4.542402
4.545431
4.548451
4.551501
4.554491
4.557502
4.560483
4.563449
4.566490
4.569480
4.572437
4.575403
4.578387
4.581320
4.584271
4.587283
4.590186
4.593158
4.596067
4.599030
4.601918
4.604908
4.607844
4.610784
4.613669
4.616572
4.619478
4.622390
4.625257
4.628188
4.631025
4.633916
4.636726
4.639657
4.642500
4.645379
4.648243
4.651102
4.653948
4.656806
4.659610
4.662427
4.665333
4.668110
4.670912
4.673716
4.676526
4.679372
4.682162
4.684924
4.687696
4.690491
4.693304
4.696075
4.698877
4.701651
4.704404
4.707170
4.709899
4.712644
4.715403
4.718163
4.720907
4.723681
4.726333
4.729113
4.731845
4.734581
4.737337
4.740057
4.742784
4.745486
4.748225
4.750918
4.753639
4.756416
4.759086
4.761773
4.764470
4.767133
4.769824
4.772517
4.775237
4.777922
4.780597
4.783222
4.785927
4.788579
4.791260
4.793953
4.796599
4.799236
4.801869
4.804518
4.807163
4.809824
4.812433
4.815073
4.817673
4.820247
4.822875
4.825484
4.828097
4.830673
4.833289
4.835847
4.838412
4.840998
4.843559
4.846163
4.848740
4.851310
4.853857
4.856400
4.858905
4.861470
4.864034
4.866608
4.869098
4.871662
4.874137
4.876633
4.879168
4.881639
4.884138
4.886649
4.889120
4.891580
4.894049
4.896464
4.898935
4.901422
4.903855
4.906315
4.908774
4.911198
4.913658
4.916103
4.918554
4.920932
4.923401
4.925810
4.928243
4.930652
4.933045
4.935445
4.937860
4.940257
4.942648
4.945018
4.947351
4.949716
4.952095
4.954443
4.956801
4.959183
4.961547
4.963905
4.966239
4.968555
4.970865
4.973196
4.975514
4.977846
4.980153
4.982481
4.984776
4.987082
4.989398
4.991681
4.993968
4.996247
4.998551
5.000822
5.003078
5.005364
5.007671
5.009906
5.012180
5.014419
5.016633
5.018907
5.021153
5.023395
5.025606
5.027859
5.030103
5.032323
5.034558
5.036772
5.038971
5.041224
5.043405
5.045625
5.047771
5.049996
5.052186
5.054392
5.056579
5.058739
5.060953
5.063098
5.065277
5.067458
5.069609
5.071784
5.073929
5.076092
5.078231
5.080379
5.082495
5.084640
5.086779
5.088888
5.091003
5.093107
5.095231
5.097343
5.099471
5.101550
5.103641
5.105741
5.107826
5.109918
5.112003
5.114085
5.116170
5.118241
5.120296
5.122348
5.124401
5.126438
5.128478
5.130516
5.132511
5.134566
5.136612
5.138644
5.140645
5.142671
5.144657
5.146649
5.148660
5.150640
5.152596
5.154598
5.156528
5.158532
5.160479
5.162438
5.164371
5.166334
5.168263
5.170219
5.172173
5.174144
5.176050
5.177982
5.179900
5.181823
5.183713
5.185622
5.187516
5.189400
5.191267
5.193130
5.195012
5.196863
5.198742
5.200566
5.202394
5.204227
5.206073
5.207922
5.209740
5.211538
5.213368
5.215181
5.216988
5.218782
5.220568
5.222342
5.224109
5.225898
5.227660
5.229427
5.231195
5.232960
5.234662
5.236387
5.238152
5.239848
5.241580
5.243296
5.244971
5.246664
5.248356
5.250052
5.251745
5.253426
5.255064
5.256740
5.258405
5.260044
5.261707
5.263379
5.265032
5.266675
5.268310
5.269919
5.271531
5.273164
5.274764
5.276349
5.277976
5.279545
5.281112
5.282739
5.284279
5.285897
5.287470
5.289019
5.290592
5.292132
5.293675
5.295245
5.296821
5.298337
5.299862
5.301363
5.302873
5.304395
5.305917
5.307403
5.308904
5.310408
5.311891
5.313380
5.314875
5.316343
5.317790
5.319282
5.320720
5.322152
5.323585
5.325023
5.326473
5.327917
5.329364
5.330793
5.332237
5.333675
5.335101
5.336515
5.337905
5.339347
5.340743
5.342154
5.343547
5.344923
5.346285
5.347634
5.349015
5.350363
5.351738
5.353105
5.354441
5.355783
5.357128
5.358473
5.359816
5.361155
5.362515
5.363840
5.365146
5.366458
5.367743
5.369052
5.370347
5.371650
5.372911
5.374185
5.375455
5.376719
5.377966
5.379260
5.380551
5.381837
5.383110
5.384366
5.385594
5.386840
5.388107
5.389300
5.390513
5.391724
5.392907
5.394105
5.395286
5.396454
5.397617
5.398800
5.399996
5.401188
5.402384
5.403579
5.404775
5.405973
5.407147
5.408292
5.409470
5.410614
5.411731
5.412843
5.413939
5.415054
5.416160
5.417247
5.418332
5.419407
5.420480
5.421574
5.422658
5.423758
5.424833
5.425927
5.427032
5.428135
5.429202
5.430280
5.431334
5.432386
5.433432
5.434460
5.435463
5.436473
5.437498
5.438513
5.439517
5.440524
5.441494
5.442477
5.443445
5.444412
5.445401
5.446399
5.447372
5.448355
5.449344
5.450309
5.451271
5.452253
5.453212
5.454165
5.455108
5.456040
5.456969
5.457891
5.458785
5.459683
5.460570
5.461457
5.462353
5.463243
5.464129
5.465022
5.465915
5.466784
5.467659
5.468537
5.469409
5.470280
5.471128
5.471988
5.472833
5.473684
5.474508
5.475341
5.476177
5.476997
5.477795
5.478610
5.479436
5.480242
5.481021
5.481800
5.482591
5.483367
5.484131
5.484877
5.485635
5.486411
5.487154
5.487897
5.488631
5.489365
5.490102
5.490819
5.491549
5.492269
5.493009
5.493733
5.494480
5.495193
5.495900
5.496624
5.497356
5.498081
5.498782
5.499465
5.500145
5.500831
5.501499
5.502146
5.502793
5.503429
5.504058
5.504681
5.505313
5.505930
5.506545
5.507147
5.507758
5.508366
5.508956
5.509552
5.510143
5.510709
5.511272
5.511830
5.512387
5.512959
5.513523
5.514065
5.514589
5.515146
5.515697
5.516258
5.516812
5.517351
5.517911
5.518484
5.519035
5.519587
5.520135
5.520680
5.521219
5.521752
5.522265
5.522771
5.523257
5.523748
5.524215
5.524680
5.525114
5.525564
5.525992
5.526405
5.526801
5.527190
5.527559
5.527943
5.528332
5.528695
5.529060
5.529431
5.529782
5.530141
5.530501
5.530858
5.531217
5.531574
5.531912
5.532245
5.532578
5.532910
5.533243
5.533569
5.533881
5.534183
5.534474
5.534776
5.535073
5.535364
5.535636
5.535915
5.536191
5.536454
5.536712
5.536967
5.537212
5.537461
5.537710
5.537961
5.538207
5.538467
5.538722
5.538992
5.539274
5.539552
5.539834
5.540133
5.540439
5.540741
5.541044
5.541356
5.541667
5.541973
5.542270
5.542560
5.542839
5.543120
5.543399
5.543672
5.543923
5.544178
5.544433
5.544657
5.544882
5.545089
5.545287
5.545478
5.545643
5.545778
5.545901
5.546011
5.546102
5.546167
5.546212
5.546239
5.546260
5.546272
5.546275
5.546275
5.546275
5.546275
5.546275
5.546275
5.546275
5.546275
5.546275
5.546218
5.546141
5.546041
5.545925
5.545823
5.545709
5.545595
5.545475
5.545347
5.545218
5.545098
5.544975
5.544855
5.544729
5.544619
5.544505
5.544388
5.544271
5.544139
5.544010
5.543893
5.543792
5.543681
5.543582
5.543486
5.543396
5.543306
5.543220
5.543136
5.543061
5.542992
5.542929
5.542857
5.542788
5.542734
5.542680
5.542626
5.542575
5.542515
5.542467
5.542431
5.542408
5.542380
5.542356
5.542347
5.542338
5.542338
5.542336
5.542329
5.542324
5.542324
5.542324
5.542324
5.542324
5.542317
5.542317
5.542317
5.542317
5.542317
5.542317
5.542317
5.542317
5.542317
5.542317
5.542317
5.542317
5.542317
5.542317
5.542317
5.542317
5.542317
5.542317
5.542317
5.542317
5.542317
5.542317
5.542317
5.542317
5.542317
5.542317
5.542317
5.542317
5.542317
5.542317
5.542317
5.542317
5.542317
5.542317
5.542317
5.542317
5.542317
5.542317
5.542317
5.542317
5.542317
5.542317
5.542317
5.542317
5.542317
5.542317
5.542317
5.542317
5.542317
5.542317
5.542317
5.542317
5.542317
5.542317
5.542317
5.542317
5.542317
5.542317
5.542317
5.542317
5.542317
5.542317
5.542317
5.542317
5.542317
5.542317
5.542317
5.542317
5.542317
5.542317
5.542317
5.542317
5.542317
5.542317
5.542317
5.542317
5.542317
5.542317
5.542317
5.542317
5.542317
5.542317
5.542317
5.542317
5.542317
5.542317
5.542317
5.542317
5.542317
5.542317
5.542317
5.542317
5.542317
5.542317
5.542317
5.542317
5.542317
5.542317
5.542317
5.542317