5.589733
5.589733
5.589733
5.589733
5.589733
5.589733
5.589769
5.590006
5.590374
5.590880
5.591498
5.592214
5.593062
5.594074
5.595231
5.596567
5.598047
5.599677
5.601439
5.603386
5.605453
5.607709
5.610166
5.612758
5.615505
5.618492
5.621464
5.624628
5.627969
5.631411
5.635030
5.638830
5.642781
5.646868
5.651242
5.655664
5.660326
5.665012
5.669968
5.675046
5.680283
5.685715
5.691323
5.697061
5.703044
5.709177
5.715358
5.721769
5.728346
5.734982
5.741882
5.748959
5.756200
5.763493
5.771240
5.778728
5.786676
5.794771
5.802936
5.811388
5.819920
5.828573
5.837510
5.846405
5.855711
5.864975
5.874535
5.884156
5.893887
5.903924
5.914176
5.924402
5.934939
5.945437
5.956234
5.967245
5.978322
5.989563
6.001112
6.012602
6.024347
6.036385
6.048306
6.060548
6.072991
6.085401
6.098077
6.110966
6.124080
6.137014
6.150508
6.163693
6.177503
6.191087
6.205060
6.219228
6.233520
6.247718
6.262288
6.276987
0.008716
0.023597
0.038892
0.054163
0.069595
0.085262
0.100961
0.116708
0.132743
0.148506
0.164262
0.180411
0.196365
0.212441
0.228536
0.244499
0.260699
0.276776
0.292703
0.308720
0.324829
0.340813
0.356884
0.373057
0.389164
0.405154
0.421219
0.437301
0.452941
0.469311
0.485202
0.501348
0.517368
0.533205
0.549204
0.565431
0.581202
0.597267
0.613143
0.628854
0.644781
0.660888
0.676408
0.692532
0.708085
0.724213
0.739870
0.755740
0.771407
0.787217
0.803009
0.818654
0.834471
0.850215
0.865950
0.881769
0.897684
0.913240
0.929065
0.944860
0.960631
0.976307
0.992339
1.008200
1.023857
1.039736
1.055615
1.071507
1.087281
1.103112
1.118940
1.134714
1.150459
1.166368
1.182172
1.198039
1.213609
1.229866
1.245203
1.260980
1.277159
1.292750
1.308614
1.324422
1.340085
1.355859
1.371693
1.387375
1.403032
1.418887
1.434653
1.450241
1.465931
1.481750
1.497189
1.513323
1.528717
1.544323
1.560109
1.575716
1.591352
1.607139
1.622853
1.638480
1.654251
1.669879
1.685752
1.701379
1.717091
1.732787
1.748636
1.764264
1.779975
1.796025
1.811841
1.827406
1.843443
1.859349
1.875253
1.890853
1.906582
1.922267
1.938263
1.954067
1.969715
1.985627
2.001315
2.017131
2.032992
2.048754
2.064573
2.080258
2.096098
2.111974
2.127559
2.143295
2.158742
2.174574
2.190189
2.205628
2.221291
2.237059
2.252501
2.268182
2.283507
2.299030
2.314744
2.330479
2.345882
2.361629
2.376780
2.392513
2.408053
2.423267
2.438703
2.454294
2.469613
2.485187
2.500670
2.516040
2.531587
2.547169
2.562458
2.577960
2.593560
2.609092
2.624584
2.640170
2.655390
2.671044
2.686435
2.701844
2.717456
2.732790
2.748208
2.763742
2.779109
2.794550
2.809857
2.825548
2.840720
2.856066
2.871570
2.886823
2.902229
2.917754
2.932917
2.948224
2.963477
2.978601
2.993839
3.009158
3.024420
3.039613
3.054872
3.069735
3.085165
3.100175
3.115425
3.130339
3.145571
3.160459
3.175634
3.190719
3.205921
3.220865
3.235905
3.251029
3.266340
3.281155
3.296108
3.311265
3.326249
3.341454
3.356581
3.371585
3.386682
3.401857
3.416969
3.431973
3.447056
3.462296
3.476959
3.492230
3.507246
3.522295
3.537521
3.552460
3.567518
3.582594
3.597685
3.612522
3.627520
3.642563
3.657621
3.672368
3.687546
3.702490
3.717357
3.732313
3.747117
3.762082
3.776897
3.791824
3.806657
3.821440
3.836066
3.850981
3.865883
3.880714
3.895376
3.910159
3.924855
3.939739
3.954354
3.969175
3.983874
3.998695
4.013247
4.028357
4.043178
4.057655
4.072560
4.087286
4.102083
4.116953
4.131768
4.146506
4.161495
4.176179
4.191057
4.206208
4.220880
4.235837
4.250730
4.265662
4.280499
4.295383
4.310205
4.325071
4.340012
4.354836
4.369718
4.384803
4.399616
4.414386
4.429313
4.444248
4.459033
4.473924
4.488728
4.503606
4.518763
4.533348
4.548235
4.563147
4.577803
4.592514
4.607344
4.622289
4.637125
4.651968
4.666492
4.681215
4.696043
4.710984
4.725791
4.740762
4.755101
4.770135
4.784768
4.799655
4.814348
4.829376
4.844159
4.859061
4.873978
4.888668
4.903828
4.918506
4.933630
4.948217
4.963410
4.978190
4.993233
5.008255
5.022951
5.037917
5.053022
5.067889
5.082744
5.097856
5.112842
5.127618
5.142584
5.157414
5.172305
5.187291
5.202023
5.216895
5.231824
5.246595
5.261452
5.276481
5.291125
5.305962
5.320834
5.335668
5.350333
5.365265
5.379958
5.394669
5.409419
5.424051
5.438639
5.453649
5.467949
5.482924
5.497506
5.512001
5.526624
5.541308
5.555764
5.570373
5.585047
5.599785
5.614522
5.629086
5.643528
5.658160
5.672847
5.687473
5.702040
5.716652
5.731201
5.745879
5.760499
5.775030
5.789741
5.804344
5.818853
5.833597
5.848155
5.862793
5.877178
5.891843
5.906332
5.920845
5.935571
5.949988
5.964462
5.978975
5.993416
6.007914
6.022460
6.036796
6.051126
6.065615
6.080047
6.094458
6.108950
6.123271
6.137688
6.151931
6.166102
6.180687
6.194835
6.209048
6.223432
6.237645
6.251790
6.265991
6.280267
0.011313
0.025401
0.039647
0.053875
0.067966
0.082224
0.096335
0.110548
0.124690
0.138900
0.153086
0.167414
0.181579
0.195771
0.209985
0.224111
0.238222
0.252580
0.266721
0.280985
0.295139
0.309313
0.323523
0.337832
0.351971
0.366082
0.380319
0.394563
0.408521
0.423049
0.436951
0.451080
0.465294
0.479423
0.493504
0.507562
0.521601
0.535836
0.550031
0.563975
0.578038
0.592141
0.606093
0.620226
0.634217
0.648134
0.662257
0.676093
0.690228
0.703941
0.718280
0.732113
0.746009
0.759842
0.773902
0.787633
0.801616
0.815467
0.829497
0.843279
0.857357
0.871067
0.885263
0.898895
0.913207
0.926836
0.940879
0.954894
0.968931
0.982802
0.996776
1.010881
1.024819
1.038891
1.052868
1.066932
1.080830
1.094960
1.108891
1.122817
1.137048
1.151040
1.164968
1.179203
1.193149
1.207084
1.221429
1.235439
1.249400
1.263467
1.277419
1.291501
1.305481
1.319655
1.333341
1.347716
1.361402
1.375582
1.389475
1.403530
1.417302
1.431435
1.445486
1.459382
1.473547
1.487227
1.501324
1.515231
1.529298
1.543179
1.556892
1.570988
1.584827
1.598890
1.612828
1.626628
1.640727
1.654452
1.668486
1.682525
1.696592
1.710386
1.724470
1.738677
1.752606
1.766660
1.780769
1.794737
1.808887
1.822825
1.836867
1.851038
1.864997
1.879141
1.893301
1.907313
1.921377
1.935440
1.949513
1.963588
1.977921
1.991694
2.005940
2.019806
2.034196
2.048089
2.062084
2.076045
2.090217
2.104328
2.118221
2.132233
2.146456
2.160115
2.174340
2.188221
2.202077
2.215934
2.229908
2.243827
2.257606
2.271780
2.285437
2.299203
2.313186
2.326980
2.340789
2.354622
2.368424
2.382272
2.396087
2.409899
2.423690
2.437370
2.451193
2.465023
2.478670
2.492575
2.506426
2.520175
2.533879
2.547774
2.561616
2.575392
2.589147
2.603004
2.616857
2.630741
2.644259
2.658158
2.672087
2.685728
2.699581
2.713633
2.727028
2.741134
2.754784
2.768455
2.782225
2.796342
2.809726
2.823591
2.837226
2.850804
2.864940
2.878251
2.891961
2.905641
2.919519
2.932845
2.946579
2.960283
2.973819
2.987503
3.001012
3.014740
3.027955
3.041887
3.055132
3.068762
3.082295
3.095711
3.109100
3.122688
3.135987
3.149373
3.162874
3.176275
3.189712
3.203365
3.216680
3.230171
3.243593
3.256935
3.270336
3.283788
3.297160
3.310645
3.324059
3.337439
3.350960
3.364421
3.377742
3.391314
3.404754
3.418000
3.431464
3.445048
3.458452
3.471824
3.485576
3.498567
3.511971
3.525642
3.538891
3.552340
3.565639
3.579314
3.592493
3.605855
3.619050
3.632440
3.645868
3.659104
3.672380
3.685718
3.699003
3.712401
3.725563
3.738785
3.752021
3.765357
3.778653
3.791722
3.804946
3.817937
3.831213
3.844417
3.857500
3.870872
3.883728
3.896868
3.910051
3.923102
3.936330
3.949365
3.962437
3.975704
3.988745
4.001907
4.015009
4.028030
4.041164
4.054239
4.067350
4.080611
4.093628
4.106832
4.119970
4.133155
4.146236
4.159494
4.172698
4.185886
4.199042
4.212104
4.225275
4.238536
4.251772
4.264730
4.278168
4.291341
4.304449
4.317704
4.330826
4.344024
4.357260
4.370395
4.383662
4.396946
4.409994
4.423222
4.436581
4.449494
4.462722
4.475863
4.488970
4.502144
4.515278
4.528347
4.541383
4.554572
4.567757
4.580877
4.593907
4.606967
4.620111
4.633347
4.646179
4.659257
4.672631
4.685491
4.698520
4.711541
4.724541
4.737858
4.750756
4.763735
4.776900
4.790149
4.803113
4.816223
4.829310
4.842328
4.855541
4.868873
4.881876
4.895001
4.908062
4.921163
4.934535
4.947678
4.960825
4.973915
4.987220
5.000271
5.013457
5.026678
5.039789
5.053131
5.066283
5.079382
5.092735
5.105960
5.118975
5.132133
5.145340
5.158532
5.171472
5.184948
5.197873
5.211014
5.224160
5.237310
5.250343
5.263486
5.276564
5.289639
5.302708
5.315768
5.328696
5.341962
5.354749
5.367728
5.380743
5.393656
5.406644
5.419815
5.432641
5.445443
5.458485
5.471365
5.484119
5.497077
5.509975
5.522882
5.535651
5.548474
5.561313
5.574214
5.587001
5.599890
5.612857
5.625551
5.638380
5.651284
5.664047
5.677050
5.689897
5.702526
5.715633
5.728459
5.741145
5.754028
5.766860
5.779656
5.792464
5.805449
5.818176
5.830883
5.843813
5.856520
5.869337
5.882172
5.894956
5.907845
5.920615
5.933297
5.945976
5.958697
5.971586
5.984134
5.996999
6.009573
6.022340
6.035049
6.047585
6.060345
6.073030
6.085596
6.098131
6.110900
6.123250
6.136136
6.148435
6.161081
6.173637
6.186149
6.198604
6.211145
6.223666
6.235968
6.248838
6.260933
6.273391
0.002705
0.015142
0.027621
0.039931
0.052416
0.064808
0.077202
0.089771
0.102136
0.114542
0.126895
0.139263
0.151717
0.164262
0.176528
0.189093
0.201443
0.213805
0.226451
0.238738
0.251168
0.263638
0.276036
0.288478
0.300813
0.313307
0.325671
0.338084
0.350497
0.362882
0.375310
0.387702
0.400051
0.412443
0.424904
0.437235
0.449678
0.462007
0.474291
0.486733
0.499053
0.511328
0.523624
0.536066
0.548299
0.560562
0.572924
0.585139
0.597530
0.609820
0.621903
0.634217
0.646447
0.658668
0.670949
0.683182
0.695370
0.707612
0.719734
0.731880
0.744101
0.756178
0.768237
0.780356
0.792616
0.804867
0.816857
0.829075
0.841200
0.853394
0.865519
0.877695
0.889805
0.901993
0.914190
0.926411
0.938590
0.950706
0.962900
0.975117
0.987120
0.999601
1.011624
1.023857
1.036096
1.048287
1.060517
1.072972
1.084857
1.097207
1.109467
1.121723
1.133992
1.146198
1.158362
1.170688
1.182855
1.195121
1.207372
1.219682
1.231861
1.244136
1.256498
1.268560
1.280784
1.293080
1.305256
1.317468
1.329749
1.341709
1.354172
1.366121
1.378450
1.390566
1.402975
1.414980
1.427147
1.439189
1.451541
1.463549
1.475749
1.487851
1.499997
1.512250
1.524301
1.536390
1.548578
1.560625
1.572750
1.584914
1.597084
1.609161
1.621352
1.633456
1.645563
1.657721
1.669918
1.681995
1.694369
1.706392
1.718598
1.730744
1.742992
1.754991
1.767472
1.779385
1.791800
1.803887
1.816128
1.828472
1.840729
1.852866
1.865090
1.877620
1.889574
1.901974
1.914126
1.926332
1.938544
1.950825
1.962986
1.975231
1.987521
1.999760
2.011972
2.024180
2.036402
2.048607
2.060804
2.073076
2.085252
2.097458
2.109658
2.121795
2.133968
2.146084
2.158236
2.170358
2.182531
2.194554
2.206691
2.218753
2.230830
2.242944
2.254967
2.267017
2.279106
2.291078
2.303113
2.315274
2.327109
2.339084
2.351044
2.362936
2.374908
2.386937
2.398849
2.410834
2.422854
2.434730
2.446654
2.458761
2.470746
2.482661
2.494702
2.506629
2.518608
2.530688
2.542513
2.554482
2.566494
2.578451
2.590381
2.602461
2.614460
2.626262
2.638291
2.650236
2.662338
2.674190
2.686084
2.698125
2.710110
2.721923
2.733853
2.745823
2.757648
2.769614
2.781733
2.793538
2.805276
2.817440
2.829155
2.841028
2.852952
2.864799
2.876684
2.888567
2.900353
2.912209
2.924070
2.935794
2.947577
2.959411
2.971210
2.982939
2.994759
3.006279
3.018008
3.029978
3.041521
3.053257
3.064900
3.076722
3.088299
3.100007
3.111605
3.123242
3.134912
3.146500
3.158113
3.169666
3.181212
3.192828
3.204567
3.216131
3.227888
3.239411
3.251065
3.262552
3.274282
3.285865
3.297453
3.309105
3.320574
3.332217
3.343859
3.355394
3.367028
3.378727
3.390182
3.401944
3.413506
3.424987
3.436644
3.448194
3.459741
3.471416
3.483038
3.494492
3.506129
3.517718
3.529303
3.540787
3.552403
3.563851
3.575449
3.586998
3.598419
3.610014
3.621555
3.633012
3.644613
3.656051
3.667460
3.678845
3.690410
3.701798
3.713135
3.724724
3.735959
3.747494
3.758801
3.770066
3.781430
3.793022
3.804242
3.815579
3.827039
3.838248
3.849558
3.860916
3.872175
3.883494
3.894813
3.906034
3.917289
3.928633
3.939916
3.951064
3.962386
3.973624
3.984952
3.996158
4.007438
4.018730
4.029962
4.041168
4.052591
4.063647
4.075050
4.086249
4.097652
4.108884
4.120353
4.131328
4.142842
4.153939
4.165483
4.176527
4.188034
4.199269
4.210546
4.221740
4.233232
4.244429
4.255787
4.267250
4.278392
4.289777
4.301033
4.312430
4.323570
4.335045
4.346151
4.357467
4.368945
4.380177
4.391583
4.402861
4.414093
4.425468
4.436824
4.447966
4.459330
4.470386
4.481740
4.493081
4.504268
4.515602
4.526804
4.537929
4.549356
4.560681
4.571667
4.582971
4.594185
4.605229
4.616614
4.627840
4.638878
4.650029
4.661171
4.672311
4.683552
4.694775
4.705903
4.717015
4.728217
4.739324
4.750514
4.761737
4.772867
4.784058
4.795293
4.806435
4.817610
4.828843
4.840096
4.851337
4.862497
4.873613
4.884893
4.896056
4.907393
4.918491
4.929822
4.940997
4.952175
4.963459
4.974640
4.985878
4.997185
5.008384
5.019491
5.030765
5.042036
5.053226
5.064609
5.075670
5.086830
5.098098
5.109268
5.120461
5.131936
5.143003
5.154200
5.165456
5.176691
5.187845
5.199080
5.210133
5.221269
5.232465
5.243458
5.254765
5.265862
5.276996
5.287943
5.299263
5.310216
5.321274
5.332459
5.343439
5.354474
5.365541
5.376554
5.387511
5.398678
5.409470
5.420447
5.431562
5.442405
5.453350
5.464357
5.475164
5.486091
5.497113
5.508106
5.518756
5.530007
5.540667
5.551483
5.562445
5.573291
5.584067
5.595054
5.606011
5.616796
5.627753
5.638539
5.649417
5.660275
5.671160
5.681970
5.692929
5.703673
5.714609
5.725430
5.736312
5.747077
5.757965
5.768795
5.779668
5.790532
5.801416
5.812241
5.822970
5.833726
5.844560
5.855417
5.866143
5.876962
5.887817
5.898572
5.909410
5.920174
5.930975
5.941713
5.952439
5.963168
5.973831
5.984793
5.995261
6.006050
6.016782
6.027415
6.038090
6.048813
6.059455
6.070136
6.080820
6.091531
6.101996
6.112728
6.123235
6.133766
6.144513
6.154981
6.165578
6.176178
6.186677
6.197160
6.207733
6.218279
6.228783
6.239290
6.249833
6.260277
6.270725
6.281226
0.008437
0.019001
0.029517
0.039782
0.050259
0.060661
0.071189
0.081696
0.092072
0.102450
0.112960
0.123420
0.133855
0.144284
0.154716
0.165170
0.175680
0.186064
0.196421
0.207153
0.217466
0.227871
0.238396
0.248840
0.259108
0.269699
0.280083
0.290402
0.300963
0.311368
0.321866
0.332338
0.342650
0.353097
0.363604
0.374004
0.384409
0.394859
0.405121
0.415586
0.425886
0.436334
0.446721
0.457096
0.467373
0.477802
0.488228
0.498550
0.508904
0.519285
0.529532
0.539868
0.550253
0.560502
0.570842
0.581166
0.591395
0.601599
0.612067
0.622107
0.632560
0.642852
0.653005
0.663183
0.673648
0.683658
0.693982
0.704244
0.714206
0.724401
0.734639
0.744859
0.755105
0.765364
0.775409
0.785662
0.795857
0.805999
0.816081
0.826330
0.836370
0.846581
0.856803
0.866864
0.877083
0.887201
0.897373
0.907526
0.917740
0.927936
0.938095
0.948333
0.958358
0.968574
0.978895
0.988887
0.999164
1.009335
1.019591
1.029795
1.039982
1.050142
1.060301
1.070476
1.080713
1.090915
1.101174
1.111339
1.121628
1.131811
1.142040
1.152244
1.162434
1.172626
1.182786
1.193110
1.203204
1.213406
1.223628
1.233785
1.244049
1.254209
1.264339
1.274519
1.284766
1.294979
1.305118
1.315287
1.325506
1.335600
1.345783
1.355931
1.366106
1.376412
1.386311
1.396534
1.406696
1.416790
1.427007
1.436986
1.447224
1.457264
1.467435
1.477445
1.487548
1.497725
1.507771
1.517925
1.528049
1.537918
1.548182
1.558213
1.568127
1.578391
1.588407
1.598429
1.608523
1.618652
1.628674
1.638825
1.648948
1.659054
1.669139
1.679227
1.689374
1.699423
1.709708
1.719628
1.729758
1.739996
1.750035
1.760252
1.770283
1.780454
1.790710
1.800681
1.810795
1.821210
1.831136
1.841268
1.851641
1.861585
1.871681
1.881841
1.891884
1.902229
1.912377
1.922408
1.932597
1.942751
1.952904
1.962980
1.973191
1.983335
1.993423
2.003574
2.013688
2.023956
2.034034
2.044044
2.054177
2.064376
2.074364
2.084428
2.094585
2.104628
2.114608
2.124710
2.134705
2.144820
2.154850
2.164902
2.175020
2.185042
2.194926
2.204993
2.215170
2.224985
2.234980
2.244990
2.254910
2.264932
2.274879
2.284813
2.294679
2.304689
2.314573
2.324586
2.334419
2.344339
2.354292
2.364110
2.374027
2.383842
2.393792
2.403646
2.413476
2.423471
2.433232
2.443116
2.452988
2.462815
2.472774
2.482625
2.492518
2.502318
2.512238
2.522143
2.531904
2.541869
2.551651
2.561508
2.571410
2.581222
2.591085
2.600903
2.610823
2.620653
2.630579
2.640382
2.650350
2.660204
2.669926
2.679772
2.689656
2.699366
2.709277
2.719152
2.728823
2.738722
2.748576
2.758418
2.768242
2.777988
2.787764
2.797561
2.807308
2.817306
2.826854
2.836690
2.846460
2.856287
2.865949
2.875735
2.885460
2.895164
2.904922
2.914677
2.924387
2.933921
2.943565
2.953359
2.962929
2.972762
2.982385
2.991916
3.001533
3.011228
3.020873
3.030445
3.040152
3.049656
3.059111
3.068764
3.078352
3.087942
3.097497
3.106994
3.116561
3.126142
3.135622
3.145065
3.154694
3.164165
3.173671
3.183139
3.192610
3.202194
3.211748
3.221156
3.230531
3.240310
3.249613
3.259098
3.268712
3.278120
3.287713
3.297145
3.306636
3.316107
3.325640
3.335135
3.344644
3.354124
3.363553
3.373023
3.382577
3.392081
3.401569
3.411055
3.420465
3.429942
3.439470
3.448832
3.458336
3.467842
3.477319
3.486711
3.496212
3.505616
3.515045
3.524518
3.533914
3.543397
3.552780
3.562155
3.571566
3.580973
3.590345
3.599761
3.609163
3.618511
3.627859
3.637290
3.646644
3.655911
3.665459
3.674600
3.683825
3.693328
3.702577
3.711850
3.721228
3.730386
3.739737
3.749034
3.758244
3.767505
3.776787
3.785928
3.795209
3.804488
3.813509
3.822860
3.832010
3.841247
3.850403
3.859586
3.868757
3.877882
3.887107
3.896191
3.905362
3.914482
3.923566
3.932731
3.941887
3.950983
3.959968
3.969313
3.978286
3.987457
3.996544
4.005703
4.014712
4.023907
4.033054
4.042111
4.051258
4.060345
4.069471
4.078627
4.087789
4.096840
4.106026
4.115092
4.124152
4.133242
4.142401
4.151539
4.160662
4.169743
4.178962
4.188112
4.197083
4.206217
4.215364
4.224619
4.233544
4.242793
4.251811
4.261003
4.270075
4.279180
4.288336
4.297423
4.306537
4.315633
4.324702
4.333849
4.343053
4.352080
4.361086
4.370122
4.379476
4.388365
4.397557
4.406635
4.415606
4.424684
4.433936
4.442780
4.452053
4.461035
4.470014
4.478957
4.488176
4.497092
4.506120
4.515156
4.524057
4.533138
4.542276
4.551075
4.560192
4.569064
4.578151
4.587022
4.596163
4.604848
4.613947
4.622906
4.631813
4.640735
4.649729
4.658574
4.667481
4.676439
4.685377
4.694266
4.703284
4.711981
4.720898
4.729841
4.738733
4.747829
4.756572
4.765524
4.774407
4.783327
4.792312
4.801156
4.810126
4.819046
4.827800
4.836902
4.845779
4.854696
4.863684
4.872429
4.881405
4.890313
4.899196
4.908071
4.916990
4.926038
4.934876
4.943745
4.952631
4.961598
4.970559
4.979413
4.988407
4.997206
5.006137
5.015092
5.023955
5.032913
5.041793
5.050707
5.059542
5.068494
5.077353
5.086249
5.095213
5.104054
5.112941
5.121830
5.130635
5.139588
5.148447
5.157378
5.166139
5.175052
5.183800
5.192744
5.201552
5.210345
5.219079
5.227921
5.236690
5.245441
5.254310
5.263061
5.271840
5.280600
5.289486
5.298115
5.306872
5.315594
5.324363
5.333097
5.341762
5.350390
5.359129
5.367767
5.376504
5.385127
5.393719
5.402357
5.411033
5.419713
5.428240
5.436877
5.445488
5.454093
5.462598
5.471119
5.479847
5.488293
5.496909
5.505412
5.513888
5.522499
5.531023
5.539525
5.548142
5.556567
5.565091
5.573668
5.582129
5.590779
5.599201
5.607641
5.616147
5.624637
5.633200
5.641700
5.650176
5.658579
5.667157
5.675597
5.684136
5.692537
5.701025
5.709483
5.717964
5.726389
5.734922
5.743257
5.751760
5.760236
5.768721
5.777073
5.785490
5.793959
5.802351
5.810761
5.819189
5.827488
5.836060
5.844371
5.852895
5.861191
5.869631
5.878016
5.886424
5.894776
5.903186
5.911563
5.919910
5.928206
5.936569
5.944954
5.953287
5.961648
5.969935
5.978226
5.986579
5.994905
6.003183
6.011536
6.019706
6.028140
6.036280
6.044594
6.052824
6.061109
6.069306
6.077524
6.085745
6.093987
6.102151
6.110376
6.118615
6.126755
6.134979
6.143158
6.151272
6.159412
6.167672
6.175699
6.183833
6.191982
6.200096
6.208245
6.216355
6.224528
6.232573
6.240680
6.248761
6.256829
6.264918
6.272888
6.280983
0.005893
0.013899
0.021979
0.030080
0.038065
0.046199
0.054193
0.062114
0.070249
0.078260
0.086388
0.094232
0.102315
0.110513
0.118398
0.126559
0.134490
0.142483
0.150588
0.158551
0.166572
0.174619
0.182628
0.190675
0.198639
0.206560
0.214751
0.222760
0.230702
0.238687
0.246800
0.254764
0.262754
0.270754
0.278786
0.286794
0.294773
0.302787
0.310706
0.318759
0.326729
0.334725
0.342794
0.350733
0.358631
0.366630
0.374639
0.382533
0.390620
0.398511
0.406472
0.414414
0.422390
0.430294
0.438296
0.446200
0.454061
0.462070
0.469970
0.477892
0.485793
0.493681
0.501636
0.509515
0.517359
0.525272
0.533181
0.541028
0.548904
0.556811
0.564625
0.572492
0.580372
0.588162
0.595993
0.603876
0.611711
0.619477
0.627440
0.635101
0.643005
0.650764
0.658638
0.666302
0.674059
0.681854
0.689713
0.697419
0.705107
0.712965
0.720659
0.728488
0.736251
0.744026
0.751639
0.759318
0.767116
0.774984
0.782558
0.790321
0.798137
0.805735
0.813531
0.821093
0.828862
0.836577
0.844208
0.852024
0.859655
0.867481
0.875094
0.882854
0.890530
0.898176
0.905909
0.913752
0.921368
0.929086
0.936717
0.944498
0.952228
0.959915
0.967681
0.975285
0.983060
0.990820
0.998409
1.006193
1.013773
1.021511
1.029349
1.037046
1.044764
1.052407
1.060172
1.067857
1.075593
1.083236
1.090978
1.098651
1.106360
1.114155
1.121801
1.129525
1.137240
1.144859
1.152580
1.160259
1.167992
1.175748
1.183424
1.191136
1.198800
1.206563
1.214185
1.221828
1.229587
1.237239
1.244900
1.252615
1.260330
1.268006
1.275679
1.283253
1.291013
1.298665
1.306230
1.313887
1.321575
1.329233
1.336831
1.344609
1.352159
1.359793
1.367322
1.374968
1.382608
1.390263
1.397876
1.405531
1.413138
1.420757
1.428334
1.435959
1.443509
1.451134
1.458699
1.466273
1.473862
1.481484
1.488983
1.496536
1.504134
1.511684
1.519312
1.526871
1.534340
1.542022
1.549431
1.556919
1.564559
1.572103
1.579578
1.587230
1.594579
1.602252
1.609676
1.617295
1.624791
1.632353
1.639768
1.647334
1.654953
1.662491
1.669942
1.677651
1.685135
1.692652
1.700163
1.707755
1.715317
1.722888
1.730504
1.737907
1.745490
1.752993
1.760725
1.768239
1.775819
1.783322
1.790860
1.798311
1.805987
1.813564
1.821087
1.828595
1.836205
1.843749
1.851227
1.858822
1.866366
1.873856
1.881442
1.889112
1.896429
1.904114
1.911613
1.919103
1.926719
1.934179
1.941705
1.949264
1.956688
1.964370
1.971782
1.979231
1.986829
1.994391
2.001809
2.009257
2.016873
2.024345
2.031770
2.039478
2.046810
2.054324
2.061739
2.069271
2.076719
2.084257
2.091709
2.099121
2.106587
2.114041
2.121525
2.128968
2.136332
2.143732
2.151234
2.158614
2.166050
2.173474
2.180763
2.188268
2.195672
2.203003
2.210346
2.217729
2.225129
2.232475
2.239843
2.247156
2.254452
2.261834
2.269132
2.276451
2.283831
2.291186
2.298422
2.305729
2.313021
2.320308
2.327615
2.334841
2.342062
2.349504
2.356662
2.363969
2.371178
2.378455
2.385715
2.392998
2.400251
2.407505
2.414779
2.422003
2.429256
2.436537
2.443748
2.450981
2.458264
2.465512
2.472729
2.479980
2.487230
2.494415
2.501623
2.508930
2.516118
2.523410
2.530580
2.537815
2.545087
2.552191
2.559492
2.566742
2.573906
2.581111
2.588356
2.595522
2.602671
2.609975
2.617166
2.624419
2.631550
2.638752
2.645967
2.653206
2.660384
2.667524
2.674858
2.681983
2.689080
2.696274
2.703461
2.710706
2.717788
2.724919
2.732244
2.739399
2.746497
2.753675
2.760860
2.768023
2.775142
2.782320
2.789394
2.796570
2.803733
2.810783
2.817833
2.825107
2.832229
2.839285
2.846397
2.853528
2.860470
2.867714
2.874731
2.881811
2.888908
2.895931
2.902945
2.910132
2.917095
2.924136
2.931221
2.938217
2.945297
2.952302
2.959346
2.966374
2.973391
2.980294
2.987323
2.994334
3.001323
3.008319
3.015405
3.022257
3.029202
3.036194
3.043121
3.050054
3.056969
3.063989
3.070868
3.077882
3.084749
3.091657
3.098533
3.105415
3.112441
3.119248
3.126094
3.133084
3.139951
3.146794
3.153679
3.160570
3.167344
3.174313
3.181156
3.187972
3.194848
3.201730
3.208483
3.215404
3.222265
3.229122
3.236004
3.242829
3.249687
3.256566
3.263466
3.270108
3.277041
3.283771
3.290760
3.297430
3.304407
3.311091
3.318001
3.324816
3.331612
3.338431
3.345253
3.352033
3.358786
3.365626
3.372532
3.379216
3.386137
3.392827
3.399529
3.406417
3.413197
3.419971
3.426656
3.433403
3.440294
3.447008
3.453821
3.460598
3.467336
3.474059
3.480782
3.487655
3.494282
3.501131
3.507750
3.514533
3.521211
3.527928
3.534621
3.541392
3.548095
3.554764
3.561469
3.568183
3.574849
3.581504
3.588206
3.594803
3.601523
3.608240
3.614865
3.621432
3.628164
3.634779
3.641395
3.648142
3.654610
3.661271
3.667859
3.674387
3.681030
3.687711
3.694200
3.700777
3.707374
3.713968
3.720428
3.727064
3.733454
3.740148
3.746595
3.753112
3.759721
3.766118
3.772646
3.779327
3.785745
3.792186
3.798676
3.805132
3.811643
3.818099
3.824559
3.830985
3.837469
3.843871
3.850325
3.856847
3.863169
3.869649
3.876019
3.882397
3.888821
3.895269
3.901638
3.908092
3.914464
3.920849
3.927248
3.933783
3.939952
3.946483
3.952844
3.959136
3.965550
3.971890
3.978229
3.984617
3.990975
3.997320
4.003666
4.010029
4.016351
4.022709
4.029088
4.035409
4.041752
4.048068
4.054395
4.060678
4.067125
4.073390
4.079787
4.086112
4.092373
4.098698
4.105067
4.111365
4.117636
4.124014
4.130327
4.136631
4.142952
4.149211
4.155524
4.161864
4.168117
4.174564
4.180808
4.187085
4.193316
4.199581
4.205852
4.212245
4.218504
4.224781
4.231051
4.237400
4.243626
4.249903
4.256165
4.262408
4.268673
4.275007
4.281203
4.287446
4.293729
4.299955
4.306235
4.312505
4.318701
4.324996
4.331195
4.337406
4.343596
4.349959
4.356206
4.362297
4.368556
4.374731
4.380941
4.387131
4.393321
4.399574
4.405719
4.411884
4.418075
4.424267
4.430421
4.436599
4.442822
4.448871
4.455144
4.461280
4.467341
4.473477
4.479712
4.485893
4.491933
4.498084
4.504175
4.510227
4.516360
4.522490
4.528590
4.534696
4.540715
4.546821
4.552906
4.558901
4.564968
4.571029
4.577087
4.583094
4.589179
4.595141
4.601214
4.607278
4.613256
4.619280
4.625329
4.631238
4.637314
4.643327
4.649283
4.655344
4.661282
4.667209
4.673192
4.679163
4.685110
4.691015
4.697070
4.702963
4.708943
4.714897
4.720784
4.726722
4.732642
4.738509
4.744534
4.750463
4.756362
4.762294
4.768232
4.774147
4.780100
4.786005
4.791880
4.797798
4.803787
4.809635
4.815540
4.821541
4.827423
4.833277
4.839296
4.845037
4.850993
4.856916
4.862782
4.868747
4.874557
4.880450
4.886331
4.892209
4.898052
4.903900
4.909796
4.915648
4.921511
4.927374
4.933204
4.939032
4.944913
4.950836
4.956580
4.962464
4.968297
4.974097
4.979976
4.985797
4.991547
4.997482
5.003267
5.009052
5.014901
5.020728
5.026498
5.032254
5.038072
5.043944
5.049727
5.055494
5.061304
5.067092
5.072805
5.078528
5.084421
5.090117
5.095935
5.101685
5.107428
5.113168
5.118942
5.124688
5.130455
5.136199
5.141859
5.147614
5.153364
5.159026
5.164763
5.170483
5.176155
5.181889
5.187596
5.193214
5.198904
5.204563
5.210202
5.215870
5.221575
5.227165
5.232786
5.238475
5.244108
5.249654
5.255295
5.260859
5.266444
5.272046
5.277619
5.283231
5.288779
5.294295
5.299952
5.305482
5.311037
5.316630
5.322131
5.327647
5.333208
5.338645
5.344206
5.349662
5.355175
5.360580
5.366140
5.371545
5.377037
5.382505
5.387973
5.393407
5.398854
5.404358
5.409709
5.415114
5.420546
5.425948
5.431362
5.436769
5.442165
5.447486
5.452945
5.458299
5.463671
5.469031
5.474457
5.479739
5.485207
5.490468
5.495816
5.501140
5.506473
5.511734
5.517121
5.522429
5.527730
5.532997
5.538345
5.543612
5.548918
5.554143
5.559389
5.564785
5.570058
5.575289
5.580541
5.585781
5.591069
5.596345
5.601555
5.606834
5.612117
5.617297
5.622513
5.627780
5.632975
5.638233
5.643372
5.648681
5.653843
5.659101
5.664278
5.669581
5.674638
5.679815
5.685029
5.690236
5.695422
5.700608
5.705755
5.710894
5.716152
5.721254
5.726404
5.731599
5.736726
5.741843
5.747011
5.752116
5.757288
5.762444
5.767519
5.772708
5.777829
5.782886
5.788105
5.793177
5.798271
5.803349
5.808463
5.813557
5.818662
5.823782
5.828809
5.833891
5.838978
5.844048
5.849111
5.854186
5.859228
5.864313
5.869370
5.874418
5.879410
5.884494
5.889447
5.894477
5.899519
5.904547
5.909580
5.914550
5.919623
5.924531
5.929630
5.934540
5.939532
5.944490
5.949572
5.954461
5.959455
5.964390
5.969381
5.974331
5.979250
5.984179
5.989167
5.994096
5.999036
6.003887
6.008920
6.013729
6.018640
6.023631
6.028476
6.033374
6.038243
6.043159
6.048028
6.052873
6.057738
6.062624
6.067469
6.072353
6.077209
6.082018
6.086860
6.091734
6.096537
6.101357
6.106172
6.110918
6.115798
6.120667
6.125392
6.130167
6.134970
6.139863
6.144537
6.149394
6.154085
6.158876
6.163672
6.168406
6.173176
6.177946
6.182656
6.187392
6.192162
6.196863
6.201576
6.206297
6.211025
6.215774
6.220385
6.225134
6.229795
6.234550
6.239227
6.243901
6.248590
6.253284
6.257965
6.262618
6.267264
6.271890
6.276699
6.281247
0.002786
0.007397
0.012014
0.016712
0.021338
0.026018
0.030650
0.035246
0.039898
0.044536
0.049180
0.053755
0.058432
0.063064
0.067651
0.072229
0.076906
0.081457
0.086092
0.090697
0.095296
0.099903
0.104502
0.109071
0.113703
0.118350
0.122901
0.127515
0.132072
0.136662
0.141225
0.145842
0.150411
0.154968
0.159558
0.164118
0.168789
0.173250
0.177888
0.182412
0.187008
0.191538
0.196095
0.200682
0.205248
0.209799
0.214302
0.218904
0.223407
0.228036
0.232452
0.237063
0.241560
0.246168
0.250650
0.255216
0.259704
0.264210
0.268788
0.273339
0.277803
0.282342
0.286854
0.291372
0.295897
0.300376
0.304882
0.309370
0.313873
0.318379
0.322903
0.327340
0.331843
0.336403
0.340801
0.345343
0.349855
0.354272
0.358736
0.363290
0.367652
0.372185
0.376625
0.381053
0.385482
0.390066
0.394452
0.398904
0.403371
0.407745
0.412329
0.416703
0.421087
0.425557
0.429973
0.434389
0.438808
0.443228
0.447617
0.452045
0.456485
0.460859
0.465294
0.469710
0.474078
0.478479
0.482925
0.487255
0.491638
0.496012
0.500407
0.504782
0.509186
0.513527
0.517880
0.522234
0.526569
0.530925
0.535257
0.539623
0.543979
0.548320
0.552658
0.556961
0.561386
0.565613
0.569970
0.574263
0.578598
0.582886
0.587251
0.591475
0.595826
0.600092
0.604379
0.608736
0.612981
0.617248
0.621532
0.625810
0.630071
0.634379
0.638636
0.642840
0.647190
0.651379
0.655711
0.659896
0.664175
0.668384
0.672645
0.676872
0.681096
0.685351
0.689599
0.693758
0.698012
0.702273
0.706482
0.710668
0.714886
0.719059
0.723272
0.727496
0.731688
0.735921
0.740056
0.744199
0.748409
0.752582
0.756732
0.760926
0.765064
0.769237
0.773408
0.777614
0.781746
0.785952
0.790081
0.794216
0.798359
0.802521
0.806610
0.810835
0.814900
0.819059
0.823148
0.827322
0.831439
0.835609
0.839723
0.843836
0.847962
0.852102
0.856219
0.860374
0.864461
0.868521
0.872631
0.876802
0.880858
0.884996
0.889137
0.893169
0.897340
0.901390
0.905498
0.909603
0.913692
0.917770
0.921913
0.925961
0.930057
0.934143
0.938215
0.942299
0.946376
0.950418
0.954535
0.958606
0.962651
0.966708
0.970863
0.974908
0.979009
0.983042
0.987102
0.991215
0.995239
0.999266
1.003328
1.007364
1.011439
1.015561
1.019561
1.023609
1.027647
1.031716
1.035704
1.039811
1.043862
1.047889
1.051927
1.055978
1.060020
1.064100
1.068094
1.072097
1.076105
1.080165
1.084150
1.088144
1.092155
1.096155
1.100212
1.104244
1.108292
1.112217
1.116253
1.120249
1.124237
1.128237
1.132180
1.136218
1.140260
1.144167
1.148176
1.152202
1.156127
1.160082
1.164085
1.168054
1.172012
1.176018
1.180009
1.183982
1.187993
1.191894
1.195825
1.199783
1.203719
1.207650
1.211614
1.215581
1.219542
1.223503
1.227373
1.231274
1.235304
1.239199
1.243085
1.247033
1.250961
1.254850
1.258805
1.262754
1.266670
1.270544
1.274384
1.278336
1.282243
1.286120
1.289973
1.293916
1.297796
1.301694
1.305600
1.309435
1.313315
1.317237
1.321078
1.324910
1.328817
1.332634
1.336472
1.340334
1.344184
1.348070
1.351919
1.355691
1.359571
1.363418
1.367181
1.371085
1.374902
1.378722
1.382548
1.386353
1.390173
1.393990
1.397804
1.401546
1.405327
1.409159
1.412916
1.416754
1.420502
1.424262
1.428046
1.431887
1.435590
1.439434
1.443158
1.446966
1.450690
1.454489
1.458235
1.461962
1.465698
1.469413
1.473164
1.476927
1.480645
1.484381
1.488144
1.491835
1.495565
1.499325
1.503017
1.506774
1.510471
1.514150
1.517862
1.521580
1.525346
1.528968
1.532668
1.536402
1.540075
1.543772
1.547472
1.551091
1.554863
1.558474
1.562204
1.565862
1.569568
1.573205
1.576908
1.580546
1.584240
1.587925
1.591571
1.595196
1.598905
1.602543
1.606189
1.609874
1.613532
1.617175
1.620821
1.624489
1.628114
1.631796
1.635421
1.639040
1.642708
1.646321
1.649973
1.653601
1.657256
1.660897
1.664492
1.668120
1.671769
1.675428
1.679014
1.682657
1.686288
1.689905
1.693479
1.697095
1.700690
1.704322
1.707923
1.711527
1.715146
1.718688
1.722277
1.725884
1.729521
1.733084
1.736676
1.740322
1.743899
1.747468
1.751081
1.754649
1.758215
1.761801
1.765381
1.768920
1.772527
1.776023
1.779633
1.783217
1.786749
1.790293
1.793874
1.797454
1.800974
1.804513
1.808063
1.811625
1.815188
1.818711
1.822258
1.825827
1.829308
1.832864
1.836418
1.839890
1.843419
1.846982
1.850490
1.853999
1.857534
1.861030
1.864557
1.868113
1.871600
1.875058
1.878620
1.882096
1.885586
1.889073
1.892558
1.896030
1.899521
1.903005
1.906555
1.910001
1.913491
1.916940
1.920451
1.923905
1.927375
1.930874
1.934311
1.937744
1.941238
1.944623
1.948066
1.951592
1.955034
1.958501
1.961958
1.965407
1.968831
1.972262
1.975698
1.979096
1.982559
1.986011
1.989417
1.992854
1.996251
1.999634
2.003067
2.006474
2.009871
2.013248
2.016684
2.020013
2.023503
2.026862
2.030260
2.033651
2.037010
2.040392
2.043802
2.047145
2.050525
2.053928
2.057263
2.060619
2.063986
2.067318
2.070658
2.074047
2.077337
2.080701
2.084045
2.087412
2.090690
2.094067
2.097404
2.100742
2.104061
2.107372
2.110680
2.114005
2.117304
2.120633
2.123967
2.127218
2.130555
2.133782
2.137081
2.140422
2.143729
2.146956
2.150246
2.153538
2.156870
2.160112
2.163392
2.166607
2.169900
2.173123
2.176356
2.179670
2.182852
2.186156
2.189413
2.192628
2.195894
2.199126
2.202341
2.205580
2.208807
2.211985
2.215227
2.218457
2.221678
2.224862
2.228092
2.231253
2.234477
2.237725
2.240894
2.244028
2.247189
2.250377
2.253603
2.256803
2.259985
2.263173
2.266331
2.269510
2.272640
2.275792
2.278938
2.282129
2.285260
2.288376
2.291537
2.294700
2.297816
2.300920
2.304102
2.307218
2.310346
2.313489
2.316593
2.319705
2.322827
2.325925
2.329014
2.332124
2.335189
2.338263
2.341367
2.344465
2.347545
2.350655
2.353768
2.356860
2.359934
2.362975
2.366043
2.369167
2.372205
2.375237
2.378332
2.381361
2.384426
2.387425
2.390484
2.393558
2.396617
2.399637
2.402660
2.405725
2.408790
2.411822
2.414836
2.417835
2.420858
2.423935
2.426922
2.429940
2.432935
2.435979
2.438984
2.441981
2.444977
2.447949
2.450951
2.453977
2.457006
2.459969
2.462977
2.465994
2.469020
2.472013
2.474973
2.477948
2.480920
2.483898
2.486873
2.489810
2.492794
2.495784
2.498762
2.501704
2.504745
2.507672
2.510599
2.513634
2.516522
2.519500
2.522425
2.525382
2.528297
2.531269
2.534193
2.537126
2.540035
2.542975
2.545911
2.548823
2.551744
2.554686
2.557664
2.560549
2.563447
2.566365
2.569301
2.572162
2.575110
2.577986
2.580902
2.583784
2.586711
2.589596
2.592487
2.595343
2.598240
2.601146
2.604025
2.606901
2.609790
2.612666
2.615545
2.618463
2.621250
2.624162
2.627023
2.629881
2.632719
2.635631
2.638447
2.641296
2.644161
2.646998
2.649859
2.652726
2.655519
2.658365
2.661241
2.664042
2.666871
2.669714
2.672524
2.675343
2.678193
2.680961
2.683750
2.686603
2.689389
2.692190
2.695034
2.697844
2.700657
2.703464
2.706242
2.709037
2.711805
2.714589
2.717393
2.720200
2.722894
2.725698
2.728505
2.731244
2.734003
2.736768
2.739528
2.742296
2.745074
2.747809
2.750592
2.753331
2.756087
2.758820
2.761585
2.764296
2.767020
2.769776
2.772491
2.775208
2.777946
2.780661
2.783399
2.786134
2.788840
2.791554
2.794284
2.796998
2.799701
2.802391
2.805067
2.807784
2.810457
2.813147
2.815801
2.818507
2.821200
2.823852
2.826527
2.829203
2.831932
2.834584
2.837262
2.839974
2.842628
2.845247
2.847901
2.850571
2.853216
2.855850
2.858495
2.861135
2.863783
2.866459
2.869056
2.871675
2.874300
2.876921
2.879560
2.882167
2.884798
2.887407
2.889987
2.892623
2.895218
2.897807
2.900377
2.903011
2.905611
2.908134
2.910779
2.913323
2.915879
2.918443
2.921110
2.923606
2.926209
2.928741
2.931311
2.933864
2.936432
2.938931
2.941522
2.944051
2.946600
2.949141
2.951720
2.954195
2.956796
2.959298
2.961784
2.964289
2.966872
2.969319
2.971878
2.974350
2.976830
2.979368
2.981873
2.984390
2.986837
2.989360
2.991844
2.994372
2.996829
2.999268
3.001773
3.004236
3.006737
3.009170
3.011684
3.014138
3.016570
3.019033
3.021499
3.023962
3.026391
3.028803
3.031299
3.033735
3.036194
3.038603
3.041048
3.043490
3.045899
3.048277
3.050698
3.053137
3.055564
3.058006
3.060409
3.062844
3.065244
3.067638
3.070002
3.072378
3.074799
3.077142
3.079526
3.081914
3.084299
3.086696
3.089063
3.091448
3.093857
3.096220
3.098536
3.100906
3.103288
3.105625
3.107974
3.110335
3.112708
3.115048
3.117384
3.119700
3.122043
3.124395
3.126744
3.129021
3.131406
3.133698
3.135996
3.138306
3.140604
3.142914
3.145251
3.147558
3.149859
3.152142
3.154458
3.156753
3.159042
3.161355
3.163638
3.165921
3.168210
3.170508
3.172770
3.175050
3.177339
3.179615
3.181875
3.184134
3.186405
3.188661
3.190938
3.193224
3.195501
3.197706
3.199974
3.202236
3.204495
3.206769
3.209001
3.211260
3.213501
3.215736
3.217977
3.220215
3.222444
3.224649
3.226905
3.229095
3.231301
3.233527
3.235777
3.238024
3.240268
3.242431
3.244678
3.246877
3.249067
3.251278
3.253486
3.255682
3.257867
3.260075
3.262268
3.264443
3.266639
3.268805
3.270986
3.273176
3.275361
3.277533
3.279714
3.281898
3.284088
3.286266
3.288426
3.290575
3.292771
3.294892
3.297034
3.299176
3.301333
3.303491
3.305636
3.307760
3.309884
3.312053
3.314193
3.316305
3.318435
3.320553
3.322677
3.324807
3.326950
3.329041
3.331192
3.333232
3.335342
3.337409
3.339512
3.341591
3.343698
3.345780
3.347934
3.350022
3.352096
3.354199
3.356299
3.358324
3.360401
3.362414
3.364469
3.366537
3.368607
3.370635
3.372694
3.374776
3.376792
3.378817
3.380864
3.382889
3.384944
3.386931
3.388989
3.390960
3.393013
3.394996
3.396982
3.399002
3.400991
3.402969
3.404973
3.406941
3.408916
3.410878
3.412858
3.414824
3.416795
3.418746
3.420696
3.422626
3.424555
3.426494
3.428459
3.430392
3.432318
3.434253
3.436174
3.438073
3.440036
3.441881
3.443799
3.445695
3.447559
3.449488
3.451397
3.453299
3.455184
3.457086
3.458911
3.460760
3.462608
3.464427
3.466245
3.468076
3.469888
3.471758
3.473643
3.475509
3.477343
3.479182
3.481007
3.482858
3.484647
3.486433
3.488215
3.490001
3.491790
3.493584
3.495382
3.497141
3.498914
3.500700
3.502477
3.504223
3.506030
3.507777
3.509532
3.511285
3.513023
3.514776
3.516519
3.518245
3.519977
3.521663
3.523356
3.525076
3.526787
3.528500
3.530217
3.531907
3.533573
3.535259
3.536976
3.538678
3.540377
3.542084
3.543732
3.545389
3.547061
3.548703
3.550342
3.552010
3.553634
3.555243
3.556861
3.558503
3.560142
3.561799
3.563458
3.565118
3.566733
3.568327
3.569915
3.571491
3.573076
3.574655
3.576231
3.577791
3.579364
3.580898
3.582489
3.584083
3.585686
3.587247
3.588823
3.590348
3.591909
3.593422
3.594998
3.596508
3.598033
3.599570
3.601077
3.602572
3.604061
3.605556
3.607075
3.608576
3.610044
3.611530
3.613028
3.614541
3.616027
3.617522
3.619035
3.620470
3.621911
3.623311
3.624695
3.626094
3.627490
3.628949
3.630411
3.631867
3.633314
3.634768
3.636224
3.637635
3.639046
3.640412
3.641778
3.643117
3.644442
3.645766
3.647138
3.648510
3.649883
3.651285
3.652666
3.654023
3.655410
3.656768
3.658101
3.659440
3.660764
3.662086
3.663410
3.664719
3.665992
3.667287
3.668563
3.669863
3.671134
3.672407
3.673698
3.674993
3.676284
3.677578
3.678860
3.680101
3.681356
3.682623
3.683885
3.685122
3.686357
3.687582
3.688786
3.689988
3.691186
3.692397
3.693577
3.694803
3.696016
3.697211
3.698428
3.699641
3.700824
3.702020
3.703194
3.704327
3.705480
3.706640
3.707784
3.708866
3.709998
3.711092
3.712209
3.713318
3.714430
3.715550
3.716692
3.717806
3.718936
3.720026
3.721123
3.722207
3.723298
3.724380
3.725425
3.726507
3.727549
3.728631
3.729676
3.730695
3.731684
3.732685
3.733661
3.734653
3.735666
3.736681
3.737730
3.738773
3.739794
3.740771
3.741787
3.742751
3.743728
3.744681
3.745657
3.746607
3.747596
3.748591
3.749546
3.750505
3.751431
3.752321
3.753222
3.754103
3.754966
3.755838
3.756722
3.757612
3.758511
3.759400
3.760296
3.761186
3.762055
3.762912
3.763778
3.764641
3.765497
3.766384
3.767253
3.768140
3.769042
3.769935
3.770777
3.771615
3.772397
3.773164
3.773913
3.774677
3.775423
3.776178
3.776912
3.777688
3.778479
3.779252
3.780040
3.780801
3.781550
3.782299
3.783036
3.783740
3.784483
3.785247
3.785993
3.786757
3.787527
3.788270
3.789034
3.789789
3.790535
3.791249
3.791989
3.792705
3.793379
3.794047
3.794709
3.795353
3.795997
3.796641
3.797274
3.797882
3.798487
3.799089
3.799703
3.800350
3.801019
3.801660
3.802292
3.802915
3.803535
3.804122
3.804716
3.805309
3.805902
3.806486
3.807065
3.807640
3.808236
3.808832
3.809426
3.810010
3.810612
3.811199
3.811786
3.812377
3.812967
3.813548
3.814141
3.814732
3.815289
3.815819
3.816340
3.816862
3.817368
3.817874
3.818372
3.818851
3.819330
3.819849
3.820361
3.820870
3.821380
3.821883
3.822351
3.822815
3.823273
3.823726
3.824214
3.824703
3.825170
3.825631
3.826087
3.826542
3.826979
3.827399
3.827821
3.828226
3.828642
3.829053
3.829448
3.829841
3.830233
3.830641
3.831051
3.831447
3.831845
3.832232
3.832645
3.833067
3.833493
3.833921
3.834374
3.834811
3.835269
3.835707
3.836135
3.836519
3.836890
3.837277
3.837648
3.838008
3.838362
3.838718
3.839072
3.839416
3.839734
3.840030
3.840327
3.840624
3.840899
3.841178
3.841474
3.841768
3.842067
3.842349
3.842643
3.842916
3.843191
3.843452
3.843715
3.843955
3.844210
3.844465
3.844710
3.844965
3.845213
3.845441
3.845678
3.845902
3.846115
3.846313
3.846526
3.846735
3.846936
3.847140
3.847338
3.847517
3.847694
3.847895
3.848069
3.848222
3.848386
3.848548
3.848704
3.848854
3.848991
3.849123
3.849258
3.849384
3.849510
3.849615
3.849720
3.849830
3.849938
3.850031
3.850115
3.850181
3.850262
3.850331
3.850397
3.850451
3.850504
3.850573
3.850642
3.850717
3.850795
3.850858
3.850927
3.851002
3.851071
3.851131
3.851215
3.851292
3.851340
3.851376
3.851406
3.851436
3.851481
3.851541
3.851610
3.851673
3.851742
3.851802
3.851862
3.851919
3.851979
3.852026
3.852086
3.852158
3.852224
3.852278
3.852356
3.852431
3.852512
3.852596
3.852671
3.852736
3.852820
3.852910
3.853006
3.853099
3.853201
3.853309
3.853417
3.853522
3.853623
3.853710
3.853815
3.853917
3.854025
3.854133
3.854262
3.854399
3.854534
3.854669
3.854807
3.854936
3.855071
3.855217
3.855361
3.855502
3.855655
3.855808
3.855960
3.856122
3.856281
3.856428
3.856571
3.856727
3.856874
3.857009
3.857144
3.857294
3.857437
3.857569
3.857695
3.857821
3.857971
3.858118
3.858249
3.858366
3.858474
3.858594
3.858711
3.858828
3.858932
3.859022
3.859121
3.859214
3.859304
3.859379
3.859454
3.859520
3.859562
3.859595
3.859624
3.859652
3.859675
3.859714
3.859735
3.859735
3.859735
3.859735
3.859735
3.859735
3.859735
3.859735
3.859735
3.859735
3.859735
3.859735
3.859735
3.859735
3.859735
3.859735
3.859714
3.859643
3.859595
3.859544
3.859490
3.859427
3.859376
3.859328
3.859274
3.859220
3.859163
3.859103
3.859055
3.859013
3.858965
3.858906
3.858864
3.858819
3.858780
3.858741
3.858702
3.858657
3.858618
3.858603
3.858585
3.858561
3.858549
3.858537
3.858522
3.858510
3.858489
3.858465
3.858453
3.858441
3.858432
3.858420
3.858411
3.858411
3.858411
3.858411
3.858411
3.858411
3.858411
3.858411
3.858411
3.858411
3.858411
3.858411
3.858411
3.858411
3.858411
3.858411
3.858411
3.858411
3.858411
3.858411
3.858411
3.858411
3.858411
3.858411
3.858411
3.858411
3.858411
3.858411
3.858411
3.858411
3.858411
3.858411
3.858411
3.858411
3.858411
3.858411
3.858411
3.858411
3.858411
3.858411
3.858411
3.858411
3.858411
3.858411
3.858411
3.858411
3.858411
3.858411
3.858411
3.858411
3.858411
3.858411
3.858411
3.858411
3.858411
3.858411
3.858411
3.858411
3.858411
3.858411
3.858411
3.858411
3.858411
3.858411
3.858411
3.858411
3.858411
3.858411
3.858411
3.858411
3.858411
3.858411
3.858411
3.858411
3.858411
3.858411
3.858411
3.858411
3.858411
3.858411
3.858411
3.858411
3.858411
3.858411
3.858411
3.858411
3.858411
3.858411
3.858411
3.858411
3.858411
3.858411
3.858411
3.858411
3.858411
3.858411
3.858411
3.858411
3.858411
3.858411