4.008612
4.008612
4.008612
4.008612
4.008612
4.008612
4.008612
4.008612
4.008627
4.009035
4.009616
4.010362
4.011168
4.012151
4.013433
4.014913
4.016573
4.018425
4.020504
4.022604
4.024743
4.027041
4.029525
4.032161
4.034930
4.037926
4.041203
4.044676
4.048277
4.051983
4.055974
4.060118
4.064381
4.068809
4.073348
4.078142
4.083109
4.088206
4.093526
4.098968
4.104678
4.110544
4.116788
4.122795
4.129138
4.135768
4.142503
4.149379
4.156531
4.163799
4.171409
4.179112
4.186827
4.195015
4.203140
4.211673
4.220137
4.228873
4.237844
4.246847
4.256074
4.265467
4.275070
4.284873
4.295014
4.305267
4.315756
4.326147
4.336905
4.347880
4.358953
4.370071
4.381535
4.393057
4.405107
4.416933
4.429121
4.441456
4.454051
4.466521
4.479445
4.492754
4.505784
4.519074
4.532761
4.546395
4.560150
4.574507
4.588703
4.603042
4.617869
4.632466
4.647527
4.662699
4.677917
4.693376
4.709153
4.724976
4.740891
4.757042
4.773640
4.790259
4.806914
4.824121
4.841423
4.858531
4.875926
4.893878
4.911195
4.928974
4.946594
4.964273
4.981863
4.999918
5.017825
5.035501
5.053388
5.071574
5.088948
5.107143
5.124826
5.142542
5.160485
5.178656
5.196312
5.213995
5.231833
5.250004
5.267483
5.285226
5.303403
5.320678
5.338825
5.356154
5.374035
5.391697
5.409227
5.426811
5.444416
5.462155
5.479526
5.497083
5.514469
5.531868
5.549487
5.566637
5.584097
5.602074
5.619235
5.636580
5.654112
5.671484
5.688846
5.706714
5.723894
5.741403
5.758917
5.776160
5.794076
5.811169
5.828902
5.846138
5.863962
5.881207
5.898342
5.916142
5.933177
5.950896
5.968261
5.985321
6.002730
6.020006
6.037056
6.054637
6.071840
6.088861
6.106059
6.123409
6.140225
6.157417
6.174521
6.191560
6.208482
6.225661
6.242475
6.259441
6.276504
0.010154
0.026938
0.044066
0.060838
0.077847
0.094966
0.111600
0.128624
0.145809
0.162803
0.179593
0.196616
0.213553
0.230352
0.247444
0.264318
0.281240
0.298425
0.315215
0.332137
0.349166
0.366268
0.382974
0.399899
0.416754
0.433667
0.450625
0.467439
0.484348
0.501363
0.518096
0.535135
0.551676
0.568615
0.585450
0.602007
0.618713
0.635622
0.652173
0.668956
0.685863
0.702192
0.718895
0.735484
0.752013
0.768947
0.785455
0.801867
0.818541
0.835190
0.851740
0.868449
0.885107
0.901465
0.918150
0.935141
0.951691
0.968505
0.985055
1.001558
1.018374
1.035143
1.051667
1.068400
1.085615
1.102162
1.118820
1.135775
1.152406
1.169022
1.186010
1.202743
1.219584
1.236317
1.253175
1.269840
1.286671
1.303563
1.320059
1.337098
1.353666
1.370453
1.387294
1.403919
1.420496
1.437334
1.453962
1.470806
1.487455
1.504077
1.520792
1.537672
1.554180
1.571030
1.587730
1.604499
1.621067
1.637896
1.654587
1.671356
1.688173
1.705008
1.721528
1.738572
1.755314
1.772143
1.789110
1.805846
1.822756
1.839641
1.856431
1.873386
1.890287
1.907134
1.923971
1.940995
1.957845
1.974665
1.991889
2.008583
2.025394
2.042304
2.059252
2.076018
2.093021
2.109763
2.126604
2.143370
2.160082
2.176833
2.193787
2.210604
2.227166
2.243929
2.260695
2.277251
2.294038
2.310523
2.327345
2.343785
2.360317
2.377098
2.393669
2.410183
2.426713
2.443368
2.459861
2.476561
2.493183
2.509706
2.526278
2.543014
2.559752
2.576300
2.592859
2.609391
2.626199
2.642728
2.659338
2.676020
2.692658
2.708926
2.725836
2.742437
2.759044
2.775430
2.792211
2.808707
2.825095
2.841693
2.858136
2.874653
2.891101
2.907691
2.924199
2.940590
2.956943
2.973442
2.989743
3.006111
3.022398
3.038795
3.055055
3.071470
3.087544
3.103836
3.119952
3.136281
3.152426
3.168806
3.185098
3.201232
3.217408
3.233718
3.249891
3.266013
3.282273
3.298508
3.314690
3.331078
3.347125
3.363229
3.379749
3.395829
3.412086
3.428282
3.444482
3.460939
3.477091
3.493297
3.509367
3.525651
3.541890
3.557958
3.574361
3.590465
3.606464
3.622801
3.638869
3.654832
3.671244
3.687411
3.703060
3.719442
3.735174
3.751422
3.767433
3.783453
3.799572
3.815364
3.831282
3.847239
3.863348
3.879192
3.894996
3.911067
3.926868
3.942771
3.958752
3.974520
3.990327
4.006227
4.022083
4.038126
4.054296
4.069995
4.085991
4.102008
4.117876
4.133979
4.149940
4.165995
4.181889
4.198140
4.213983
4.230087
4.246200
4.262130
4.278243
4.294328
4.310417
4.326275
4.342681
4.358429
4.374377
4.390613
4.406761
4.422961
4.438702
4.454893
4.470952
4.487071
4.502995
4.518943
4.535190
4.550992
4.567077
4.583268
4.598928
4.615194
4.631091
4.647012
4.662984
4.679013
4.694913
4.711050
4.726920
4.742694
4.758834
4.774884
4.790826
4.806864
4.822826
4.838945
4.854753
4.871201
4.887092
4.903229
4.919356
4.935349
4.951477
4.967758
4.983922
5.000043
5.016384
5.032284
5.048573
5.064629
5.081080
5.096969
5.113291
5.129404
5.145481
5.161707
5.177766
5.193945
5.210031
5.226299
5.242320
5.258576
5.274533
5.290634
5.306729
5.322707
5.338741
5.354863
5.370763
5.386753
5.402761
5.418754
5.434630
5.450722
5.466392
5.482528
5.498291
5.514056
5.529974
5.545880
5.561675
5.577527
5.593619
5.609243
5.625267
5.641056
5.656929
5.672706
5.688816
5.704515
5.720601
5.736471
5.752146
5.768127
5.783986
5.799940
5.815666
5.831625
5.847457
5.863339
5.879284
5.895064
5.910964
5.926826
5.942575
5.958380
5.974163
5.989940
6.005870
6.021441
6.037311
6.053142
6.068692
6.084322
6.100135
6.115664
6.131264
6.147012
6.162504
6.178213
6.193995
6.209162
6.224912
6.240375
6.255798
6.271378
0.003760
0.019214
0.034721
0.050157
0.065389
0.081007
0.096809
0.112184
0.127533
0.143071
0.158518
0.174017
0.189438
0.204996
0.220414
0.236092
0.251528
0.266850
0.282630
0.298114
0.313346
0.328946
0.344340
0.359847
0.375652
0.390809
0.406247
0.422126
0.437310
0.452743
0.468161
0.483587
0.498927
0.514390
0.529832
0.545156
0.560649
0.575878
0.591158
0.606656
0.621960
0.637159
0.652433
0.667659
0.683095
0.698411
0.713604
0.728557
0.744199
0.759117
0.774340
0.789593
0.804786
0.819844
0.835142
0.850431
0.865621
0.880870
0.896102
0.911280
0.926446
0.941741
0.957021
0.972337
0.987458
1.002921
1.018276
1.033481
1.048814
1.064217
1.079485
1.094819
1.110270
1.125546
1.141021
1.156325
1.171647
1.187121
1.202422
1.217693
1.233159
1.248577
1.263814
1.279145
1.294566
1.309909
1.325171
1.340555
1.355970
1.371361
1.386680
1.402035
1.417344
1.432618
1.448003
1.463199
1.478784
1.493693
1.509006
1.524178
1.539547
1.554860
1.570086
1.585291
1.600484
1.615980
1.631344
1.646680
1.662032
1.677183
1.692655
1.708094
1.723367
1.738773
1.754293
1.769597
1.785038
1.800483
1.815865
1.831306
1.846739
1.862208
1.877616
1.893124
1.908593
1.924100
1.939371
1.955070
1.970641
1.985873
2.001482
2.016903
2.032447
2.047825
2.063192
2.078835
2.094046
2.109517
2.124926
2.140434
2.155623
2.171167
2.186366
2.201766
2.217046
2.232167
2.247626
2.263032
2.278105
2.293355
2.308722
2.323876
2.338967
2.354364
2.369500
2.384822
2.399865
2.415262
2.430209
2.445507
2.460727
2.475908
2.491143
2.506210
2.521523
2.536713
2.551837
2.567018
2.582331
2.597584
2.612762
2.628045
2.643085
2.658263
2.673540
2.688781
2.703872
2.719149
2.734303
2.749535
2.764728
2.779813
2.794943
2.810148
2.825323
2.840279
2.855631
2.870608
2.885690
2.900830
2.916026
2.930634
2.946061
2.960745
2.975875
2.990858
3.005760
3.020807
3.035829
3.050456
3.065706
3.080461
3.095340
3.110167
3.124949
3.139795
3.154541
3.169522
3.184155
3.198937
3.213893
3.228637
3.243464
3.258307
3.273093
3.287941
3.302828
3.317575
3.332435
3.347329
3.362090
3.376960
3.391856
3.406759
3.421484
3.436303
3.451412
3.465928
3.480854
3.495586
3.510401
3.525409
3.540056
3.554716
3.569723
3.584422
3.599237
3.614208
3.628721
3.643372
3.658212
3.672973
3.687711
3.702448
3.717108
3.731771
3.746508
3.761033
3.775633
3.790446
3.804994
3.819501
3.834215
3.848638
3.863244
3.877924
3.892339
3.906914
3.921424
3.935982
3.950480
3.964978
3.979458
3.994273
4.008553
4.023314
4.037746
4.052211
4.066847
4.081338
4.096010
4.110664
4.125075
4.140133
4.154454
4.168853
4.183828
4.198305
4.212848
4.227537
4.242206
4.256797
4.271633
4.286116
4.300695
4.315543
4.330227
4.344983
4.359777
4.374395
4.388866
4.403732
4.418275
4.432926
4.447588
4.462251
4.476782
4.491712
4.506182
4.520836
4.535472
4.550035
4.564614
4.579232
4.593754
4.608576
4.622966
4.637592
4.652129
4.666726
4.681227
4.695899
4.710405
4.724763
4.739548
4.754160
4.768517
4.783357
4.797947
4.812559
4.827213
4.841813
4.856505
4.871057
4.885702
4.900362
4.915156
4.929822
4.944407
4.959204
4.973885
4.988551
5.003441
5.017999
5.032733
5.047651
5.062197
5.077036
5.091836
5.106389
5.121294
5.135923
5.150667
5.165258
5.180058
5.194733
5.209378
5.224143
5.238733
5.253390
5.268169
5.282964
5.297456
5.312146
5.326694
5.341285
5.355831
5.370299
5.384980
5.399451
5.413904
5.428366
5.443028
5.457481
5.471694
5.486438
5.500756
5.515185
5.529668
5.543974
5.558406
5.572946
5.587244
5.601645
5.616164
5.630746
5.645020
5.659451
5.673818
5.688106
5.702616
5.717263
5.731617
5.746133
5.760386
5.774857
5.789453
5.803751
5.818122
5.832704
5.846960
5.861347
5.876030
5.890136
5.904586
5.919086
5.933327
5.947726
5.962152
5.976356
5.990596
6.005265
6.019212
6.033767
6.047944
6.062169
6.076437
6.090599
6.104779
6.118975
6.133218
6.147470
6.161716
6.175783
6.189882
6.204044
6.218201
6.232186
6.246412
6.260430
6.274401
0.005294
0.019432
0.033586
0.047410
0.061611
0.075588
0.089591
0.103616
0.117571
0.131632
0.145731
0.159792
0.173756
0.187919
0.202036
0.215869
0.230070
0.244038
0.258164
0.272261
0.286243
0.300283
0.314421
0.328422
0.342551
0.356522
0.370708
0.384526
0.398652
0.412641
0.426755
0.440852
0.454804
0.468784
0.482856
0.496587
0.510846
0.524753
0.538553
0.552512
0.566593
0.580435
0.594277
0.608250
0.622023
0.636030
0.649922
0.663719
0.677378
0.691349
0.705113
0.718928
0.732808
0.746635
0.760300
0.774265
0.787975
0.801775
0.815473
0.829198
0.843177
0.856824
0.870648
0.884478
0.898239
0.912012
0.925964
0.939884
0.953360
0.967487
0.981253
0.995050
1.008820
1.022791
1.036534
1.050435
1.064469
1.078257
1.092068
1.105931
1.119890
1.133881
1.147780
1.161718
1.175661
1.189560
1.203393
1.217292
1.231226
1.245065
1.258970
1.273024
1.286872
1.300753
1.314589
1.328628
1.342350
1.356246
1.370100
1.384007
1.397900
1.411676
1.425434
1.439470
1.453240
1.467094
1.480924
1.494780
1.508607
1.522386
1.536168
1.549986
1.563812
1.577585
1.591484
1.605296
1.619120
1.632881
1.646860
1.660756
1.674430
1.688419
1.702287
1.716162
1.730019
1.743965
1.757939
1.771838
1.785910
1.799638
1.813717
1.827591
1.841466
1.855559
1.869485
1.883468
1.897390
1.911361
1.925353
1.939440
1.953261
1.967190
1.981295
1.995083
2.009182
2.023096
2.036983
2.051139
2.064963
2.078954
2.092775
2.106878
2.120710
2.134582
2.148568
2.162356
2.176413
2.190132
2.203899
2.217552
2.231534
2.245286
2.259080
2.272910
2.286680
2.300405
2.314310
2.328026
2.341583
2.355437
2.369077
2.382778
2.396530
2.410228
2.423923
2.437630
2.451334
2.465050
2.478967
2.492455
2.506159
2.519995
2.533630
2.547235
2.561113
2.574955
2.588485
2.602473
2.615914
2.629657
2.643432
2.657130
2.670936
2.684565
2.698200
2.711898
2.725782
2.739420
2.753028
2.766819
2.780487
2.794056
2.807844
2.821443
2.835072
2.848737
2.862465
2.876013
2.889451
2.903155
2.916661
2.930230
2.943736
2.957443
2.970874
2.984384
2.997932
3.011465
3.024723
3.038397
3.051858
3.065328
3.078771
3.091903
3.105598
3.118933
3.132176
3.145389
3.159033
3.172389
3.185868
3.199063
3.212527
3.225920
3.239306
3.252489
3.265980
3.279327
3.292636
3.306016
3.319388
3.332765
3.346067
3.359475
3.372759
3.386313
3.399562
3.412835
3.426014
3.439763
3.452745
3.466443
3.479698
3.492964
3.506410
3.519743
3.532947
3.546357
3.559758
3.573061
3.586390
3.599675
3.612890
3.626070
3.639349
3.652684
3.665947
3.679262
3.692388
3.705615
3.718804
3.731989
3.745046
3.758319
3.771523
3.784621
3.797756
3.810846
3.824010
3.837172
3.850100
3.863226
3.876322
3.889507
3.902387
3.915405
3.928366
3.941602
3.954614
3.967590
3.980620
3.993761
4.006869
4.019949
4.032817
4.045850
4.059219
4.072111
4.085165
4.098146
4.111509
4.124446
4.137515
4.150680
4.163751
4.176850
4.190140
4.203212
4.216410
4.229434
4.242610
4.255829
4.269063
4.281949
4.295311
4.308455
4.321449
4.334670
4.347709
4.360916
4.374137
4.387221
4.400311
4.413548
4.426769
4.439751
4.452856
4.466083
4.479173
4.492218
4.505394
4.518514
4.531658
4.544786
4.557819
4.570885
4.583936
4.597086
4.610055
4.623116
4.636095
4.649046
4.662319
4.675358
4.688319
4.701480
4.714399
4.727477
4.740492
4.753450
4.766417
4.779546
4.792612
4.805731
4.818869
4.831892
4.844937
4.858153
4.871174
4.884252
4.897419
4.910521
4.923770
4.936769
4.949839
4.963315
4.976186
4.989287
5.002677
5.015674
5.028874
5.041931
5.055282
5.068596
5.081455
5.094988
5.107919
5.121069
5.134312
5.147503
5.160548
5.173743
5.186904
5.199940
5.213147
5.226285
5.239302
5.252512
5.265587
5.278557
5.291646
5.304614
5.317694
5.330805
5.343898
5.356691
5.369769
5.382694
5.395693
5.408885
5.421495
5.434481
5.447409
5.460351
5.473196
5.486135
5.498952
5.511775
5.524766
5.537521
5.550392
5.563314
5.576128
5.588969
5.601867
5.614600
5.627450
5.640378
5.653193
5.666070
5.678893
5.691707
5.704647
5.717509
5.730257
5.743104
5.756026
5.768795
5.781631
5.794621
5.807375
5.820124
5.833046
5.845986
5.858596
5.871569
5.884147
5.896913
5.910024
5.922499
5.935463
5.948187
5.960917
5.973639
5.986477
5.999150
6.011952
6.024596
6.037218
6.049975
6.062687
6.075286
6.088046
6.100626
6.113207
6.125803
6.138458
6.151014
6.163583
6.176205
6.188858
6.201207
6.213755
6.226245
6.238760
6.251319
6.263753
6.276198
0.005570
0.017997
0.030473
0.042969
0.055427
0.067858
0.080438
0.092863
0.105248
0.117790
0.130179
0.142708
0.155220
0.167533
0.179985
0.192569
0.204966
0.217412
0.230004
0.242375
0.254892
0.267506
0.279823
0.292313
0.304945
0.317133
0.329713
0.342195
0.354685
0.366951
0.379705
0.392082
0.404462
0.416856
0.429320
0.441742
0.454247
0.466468
0.478959
0.491317
0.503640
0.516152
0.528477
0.540761
0.553003
0.565413
0.577807
0.590175
0.602720
0.614704
0.627314
0.639505
0.651666
0.663836
0.676477
0.688518
0.700724
0.713016
0.725213
0.737518
0.749754
0.761837
0.774076
0.786336
0.798470
0.810664
0.823098
0.835106
0.847255
0.859601
0.871750
0.884091
0.896192
0.908359
0.920550
0.932948
0.945223
0.957393
0.969581
0.981999
0.994193
1.006387
1.018758
1.030886
1.043419
1.055412
1.068067
1.079979
1.092353
1.104616
1.117092
1.129169
1.141824
1.153781
1.166197
1.178559
1.190809
1.203108
1.215500
1.227754
1.240032
1.252531
1.264776
1.276961
1.289299
1.301562
1.313864
1.326219
1.338392
1.350679
1.363020
1.375250
1.387495
1.399802
1.412080
1.424124
1.436633
1.448605
1.461042
1.473257
1.485382
1.497624
1.509854
1.522077
1.534313
1.546615
1.558671
1.570886
1.583173
1.595358
1.607390
1.619752
1.632072
1.644332
1.656541
1.668645
1.680997
1.693326
1.705496
1.717645
1.729998
1.742354
1.754511
1.766813
1.779082
1.791492
1.803689
1.816125
1.828358
1.840768
1.852905
1.865357
1.877706
1.890026
1.902331
1.914777
1.927066
1.939440
1.951700
1.964125
1.976384
1.988686
2.000925
2.013338
2.025777
2.038133
2.050240
2.062791
2.074838
2.087185
2.099702
2.111609
2.124120
2.136311
2.148571
2.160747
2.173136
2.185221
2.197412
2.209646
2.221818
2.234105
2.246209
2.258304
2.270615
2.282614
2.294778
2.307020
2.319166
2.331180
2.343213
2.355431
2.367412
2.379615
2.391536
2.403784
2.415714
2.427941
2.439838
2.451936
2.464079
2.476103
2.488231
2.500374
2.512388
2.524378
2.536596
2.548634
2.560741
2.572860
2.584883
2.596987
2.609133
2.621202
2.633249
2.645389
2.657475
2.669453
2.681581
2.693580
2.705726
2.717839
2.729731
2.741787
2.754077
2.765812
2.778081
2.790104
2.801912
2.814198
2.826114
2.838125
2.850124
2.862213
2.874114
2.886089
2.898010
2.910037
2.921871
2.933873
2.945725
2.957605
2.969613
2.981361
2.993231
3.005173
3.016972
3.028812
3.040704
3.052478
3.064282
3.076114
3.087852
3.099639
3.111458
3.123218
3.134983
3.146698
3.158466
3.170091
3.181962
3.193481
3.205498
3.217069
3.228799
3.240520
3.252342
3.264020
3.275699
3.287572
3.299239
3.310894
3.322779
3.334443
3.346094
3.357953
3.369592
3.381304
3.393115
3.404745
3.416472
3.428351
3.440003
3.451654
3.463504
3.475090
3.486858
3.498540
3.510218
3.521942
3.533767
3.545275
3.556969
3.568767
3.580281
3.591936
3.603851
3.615194
3.627005
3.638677
3.650323
3.661852
3.673419
3.685071
3.696642
3.708246
3.719694
3.731366
3.742862
3.754421
3.765848
3.777503
3.788990
3.800398
3.811993
3.823414
3.834877
3.846439
3.857827
3.869290
3.880801
3.892060
3.903496
3.914881
3.926365
3.937777
3.949291
3.960589
3.972016
3.983481
3.994848
4.006276
4.017750
4.029261
4.040436
4.052103
4.063368
4.074816
4.086219
4.097688
4.109106
4.120605
4.132056
4.143426
4.154859
4.166502
4.177868
4.189371
4.200803
4.212398
4.223666
4.235387
4.246667
4.258178
4.269524
4.281131
4.292684
4.304071
4.315535
4.327201
4.338544
4.350067
4.361515
4.372882
4.384554
4.395874
4.407522
4.418883
4.430277
4.441764
4.453197
4.464708
4.476126
4.487586
4.499025
4.510407
4.521855
4.533401
4.544718
4.555980
4.567607
4.578786
4.590372
4.601679
4.613151
4.624488
4.635819
4.647159
4.658616
4.669914
4.681173
4.692627
4.703949
4.715235
4.726647
4.737918
4.749289
4.760721
4.771968
4.783416
4.794856
4.806145
4.817485
4.828966
4.840339
4.851658
4.863130
4.874506
4.885732
4.897296
4.908736
4.920117
4.931530
4.943005
4.954369
4.965858
4.977234
4.988647
5.000181
5.011491
5.022882
5.034405
5.045766
5.057172
5.068653
5.080047
5.091477
5.102934
5.114295
5.125773
5.137293
5.148558
5.159964
5.171394
5.182737
5.194125
5.205654
5.216898
5.228262
5.239809
5.250855
5.262306
5.273628
5.284956
5.296320
5.307765
5.318824
5.330080
5.341525
5.352682
5.363932
5.375174
5.386352
5.397641
5.408786
5.419950
5.431203
5.442375
5.453475
5.464609
5.475814
5.486965
5.498096
5.509190
5.520357
5.531382
5.542542
5.553637
5.564773
5.575948
5.586911
5.598137
5.609276
5.620152
5.631345
5.642611
5.653561
5.664652
5.675804
5.686913
5.697852
5.709126
5.720140
5.731354
5.742307
5.753491
5.764418
5.775752
5.786520
5.797782
5.808796
5.819719
5.830877
5.842067
5.853024
5.864052
5.875203
5.886199
5.897254
5.908376
5.919257
5.930253
5.941392
5.952289
5.963290
5.974388
5.985296
5.996283
6.007290
6.018133
6.029138
6.040241
6.050952
6.061792
6.072793
6.083702
6.094628
6.105585
6.116401
6.127154
6.138000
6.148839
6.159667
6.170534
6.181358
6.192105
6.202945
6.213776
6.224537
6.235165
6.246043
6.256709
6.267681
6.278095
0.005953
0.016475
0.027210
0.037870
0.048743
0.059367
0.070009
0.080774
0.091359
0.102082
0.112882
0.123590
0.134442
0.145057
0.155915
0.166437
0.177253
0.187922
0.198501
0.209301
0.220102
0.230696
0.241476
0.252088
0.262901
0.273654
0.284317
0.294947
0.305754
0.316252
0.326954
0.337802
0.348450
0.359194
0.369914
0.380565
0.391252
0.401945
0.412575
0.423145
0.433808
0.444693
0.455233
0.465884
0.476499
0.487144
0.497642
0.508419
0.519040
0.529652
0.540219
0.550774
0.561464
0.571932
0.582505
0.593084
0.603594
0.614144
0.624630
0.635281
0.645623
0.656358
0.666670
0.677178
0.687898
0.698156
0.708795
0.719176
0.729597
0.740182
0.750605
0.761010
0.771392
0.781869
0.792181
0.802611
0.813291
0.823622
0.834045
0.844651
0.854931
0.865393
0.876005
0.886251
0.896717
0.907191
0.917650
0.928100
0.938557
0.948977
0.959352
0.969991
0.980337
0.990850
1.001468
1.011687
1.022335
1.032762
1.043254
1.053722
1.064307
1.074766
1.085435
1.095697
1.106318
1.116816
1.127263
1.137704
1.148292
1.158854
1.169214
1.179829
1.190363
1.200759
1.211318
1.221735
1.232344
1.242704
1.253316
1.263668
1.274154
1.284745
1.295075
1.305505
1.316173
1.326618
1.337059
1.347488
1.357989
1.368428
1.378881
1.389538
1.399677
1.410372
1.420727
1.431108
1.441612
1.452012
1.462318
1.472711
1.483126
1.493738
1.504098
1.514452
1.524771
1.535305
1.545537
1.556056
1.566287
1.576725
1.587173
1.597722
1.607920
1.618401
1.628752
1.639328
1.649470
1.660007
1.670427
1.680773
1.691202
1.701766
1.712117
1.722589
1.732913
1.743579
1.753831
1.764255
1.774999
1.785227
1.795806
1.806214
1.816755
1.827136
1.837649
1.848222
1.858577
1.869045
1.879774
1.889921
1.900620
1.910894
1.921368
1.931995
1.942478
1.952901
1.963423
1.973841
1.984408
1.994879
2.005257
2.015723
2.026254
2.036665
2.047031
2.057685
2.068025
2.078544
2.088904
2.099364
2.109742
2.120192
2.130457
2.140970
2.151504
2.161702
2.172132
2.182468
2.192778
2.203213
2.213663
2.223814
2.234312
2.244582
2.254835
2.265085
2.275573
2.285613
2.296043
2.306253
2.316488
2.326773
2.337086
2.347287
2.357552
2.367756
2.377928
2.388168
2.398520
2.408715
2.418833
2.429292
2.439389
2.449525
2.459783
2.469979
2.480255
2.490541
2.500679
2.510902
2.521013
2.531257
2.541414
2.551681
2.561871
2.572135
2.582319
2.592520
2.602716
2.613055
2.623218
2.633456
2.643618
2.653784
2.664165
2.674190
2.684355
2.694713
2.704846
2.715161
2.725318
2.735363
2.745745
2.755671
2.765947
2.776170
2.786222
2.796450
2.806612
2.816667
2.826977
2.837029
2.847197
2.857234
2.867349
2.877394
2.887536
2.897594
2.907658
2.917808
2.927878
2.937861
2.948009
2.957973
2.967992
2.978023
2.987979
2.998028
3.008065
3.017984
3.027973
3.038070
3.047927
3.057883
3.067836
3.077846
3.087765
3.097721
3.107468
3.117456
3.127520
3.137347
3.147099
3.157061
3.166936
3.176820
3.186704
3.196516
3.206280
3.216278
3.226045
3.236019
3.245975
3.255742
3.265713
3.275528
3.285457
3.295314
3.305171
3.315031
3.324828
3.334835
3.344650
3.354462
3.364358
3.374213
3.384039
3.393947
3.403772
3.413728
3.423671
3.433441
3.443278
3.453203
3.462872
3.472858
3.482661
3.492572
3.502303
3.512175
3.521975
3.531793
3.541656
3.551543
3.561085
3.571101
3.580842
3.590660
3.600457
3.610101
3.619943
3.629680
3.639393
3.649131
3.658883
3.668605
3.678387
3.688061
3.697726
3.707428
3.717210
3.726812
3.736564
3.746203
3.755874
3.765429
3.775040
3.784735
3.794367
3.804021
3.813620
3.823246
3.832828
3.842388
3.851847
3.861521
3.871060
3.880615
3.890145
3.899745
3.909296
3.918890
3.928291
3.937968
3.947484
3.956942
3.966431
3.975991
3.985492
3.995025
4.004589
4.014269
4.023521
4.033264
4.042582
4.052172
4.061841
4.071407
4.080772
4.090384
4.099890
4.109484
4.118930
4.128455
4.138141
4.147512
4.157085
4.166771
4.176194
4.185787
4.195272
4.204863
4.214364
4.223990
4.233580
4.243003
4.252566
4.262198
4.271774
4.281229
4.290802
4.300296
4.309917
4.319459
4.328924
4.338445
4.348051
4.357665
4.366911
4.376651
4.386076
4.395577
4.405110
4.414764
4.424067
4.433750
4.443175
4.452649
4.462188
4.471572
4.481144
4.490639
4.500038
4.509544
4.518993
4.528422
4.537947
4.547420
4.556873
4.566133
4.575772
4.585060
4.594500
4.604003
4.613297
4.622690
4.632110
4.641487
4.650880
4.660294
4.669638
4.679055
4.688588
4.697840
4.707230
4.716473
4.725811
4.735423
4.744650
4.754001
4.763424
4.772822
4.782107
4.791512
4.800941
4.810339
4.819639
4.829142
4.838508
4.847826
4.857263
4.866653
4.876042
4.885480
4.894861
4.904205
4.913631
4.923036
4.932435
4.941881
4.951250
4.960603
4.970071
4.979427
4.988859
4.998279
5.007659
5.017097
5.026612
5.035795
5.045401
5.054718
5.064072
5.073471
5.082737
5.092292
5.101565
5.111047
5.120368
5.129853
5.139201
5.148492
5.157899
5.167229
5.176580
5.185955
5.195335
5.204614
5.213953
5.223270
5.232615
5.241954
5.251161
5.260434
5.269826
5.279093
5.288285
5.297617
5.306779
5.316067
5.325325
5.334511
5.343748
5.352988
5.362129
5.371414
5.380626
5.389806
5.398842
5.408229
5.417169
5.426355
5.435532
5.444631
5.453724
5.462880
5.471949
5.481033
5.490216
5.499201
5.508276
5.517385
5.526463
5.535495
5.544628
5.553571
5.562682
5.571757
5.580868
5.589838
5.598940
5.607931
5.616973
5.626117
5.635141
5.644084
5.653145
5.662166
5.671196
5.680277
5.689256
5.698325
5.707421
5.716394
5.725407
5.734401
5.743518
5.752419
5.761437
5.770422
5.779449
5.788575
5.797507
5.806423
5.815546
5.824411
5.833390
5.842486
5.851286
5.860430
5.869280
5.878232
5.887164
5.896179
5.905077
5.914029
5.923002
5.931928
5.940925
5.949775
5.958662
5.967593
5.976548
5.985458
5.994332
6.003246
6.012030
6.020818
6.029782
6.038662
6.047456
6.056330
6.065120
6.073941
6.082890
6.091650
6.100366
6.109180
6.117962
6.126719
6.135513
6.144222
6.152956
6.161869
6.170438
6.179318
6.188066
6.196704
6.205414
6.214171
6.222794
6.231483
6.240243
6.248796
6.257605
6.266240
6.274937
0.000419
0.009108
0.017611
0.026293
0.034967
0.043560
0.052227
0.060916
0.069494
0.078131
0.086802
0.095406
0.104098
0.112700
0.121472
0.130032
0.138684
0.147214
0.155900
0.164492
0.173076
0.181753
0.190384
0.198986
0.207615
0.216333
0.224941
0.233522
0.242171
0.250734
0.259375
0.268102
0.276578
0.285219
0.293871
0.302434
0.311075
0.319691
0.328230
0.336772
0.345544
0.354059
0.362697
0.371331
0.379846
0.388499
0.397112
0.405663
0.414148
0.422738
0.431333
0.439860
0.448441
0.456991
0.465551
0.474138
0.482707
0.491158
0.499727
0.508245
0.516769
0.525361
0.533852
0.542229
0.550849
0.559259
0.567798
0.576315
0.584746
0.593123
0.601698
0.610111
0.618728
0.626961
0.635374
0.643858
0.652379
0.660798
0.669049
0.677642
0.685875
0.694273
0.702830
0.711090
0.719440
0.727916
0.736182
0.744694
0.753041
0.761295
0.769729
0.778121
0.786462
0.794839
0.803129
0.811608
0.819829
0.828227
0.836553
0.844879
0.853310
0.861513
0.869935
0.878315
0.886608
0.895108
0.903371
0.911676
0.920005
0.928430
0.936729
0.945103
0.953492
0.961806
0.970180
0.978575
0.986880
0.995221
1.003631
1.011951
1.020313
1.028780
1.036956
1.045480
1.053794
1.062084
1.070518
1.078907
1.087275
1.095646
1.104077
1.112334
1.120762
1.129172
1.137573
1.145797
1.154282
1.162590
1.170928
1.179287
1.187691
1.195996
1.204424
1.212837
1.221061
1.229602
1.237821
1.246198
1.254482
1.262862
1.271206
1.279568
1.287876
1.296292
1.304474
1.312830
1.321321
1.329572
1.337805
1.346137
1.354505
1.362759
1.371076
1.379465
1.387677
1.395958
1.404279
1.412521
1.420817
1.429119
1.437424
1.445543
1.453917
1.462300
1.470509
1.478805
1.487042
1.495299
1.503577
1.511843
1.520076
1.528336
1.536494
1.544883
1.553060
1.561263
1.569607
1.577690
1.585860
1.594264
1.602486
1.610677
1.618937
1.627146
1.635451
1.643729
1.651965
1.660145
1.668411
1.676740
1.684901
1.693161
1.701400
1.709673
1.717960
1.726226
1.734468
1.742767
1.750988
1.759245
1.767598
1.775760
1.784056
1.792370
1.800582
1.808926
1.817123
1.825362
1.833661
1.842062
1.850206
1.858603
1.866849
1.875094
1.883339
1.891641
1.899931
1.908191
1.916454
1.924706
1.933020
1.941328
1.949471
1.957764
1.966033
1.974281
1.982511
1.990870
1.999032
2.007277
2.015540
2.023767
2.032069
2.040344
2.048466
2.056763
2.064978
2.073202
2.081390
2.089653
2.097830
2.105964
2.114305
2.122388
2.130520
2.138747
2.146893
2.155063
2.163239
2.171377
2.179550
2.187726
2.195816
2.203962
2.212126
2.220212
2.228326
2.236433
2.244561
2.252669
2.260776
2.268830
2.276961
2.284960
2.293038
2.301046
2.309135
2.317216
2.325224
2.333263
2.341328
2.349268
2.357330
2.365392
2.373392
2.381394
2.389415
2.397351
2.405315
2.413422
2.421446
2.429421
2.437376
2.445402
2.453527
2.461431
2.469409
2.477499
2.485498
2.493345
2.501545
2.509479
2.517421
2.525445
2.533369
2.541375
2.549380
2.557338
2.565337
2.573349
2.581384
2.589276
2.597338
2.605287
2.613208
2.621327
2.629159
2.637243
2.645137
2.653068
2.661031
2.668941
2.677006
2.684892
2.692945
2.700798
2.708752
2.716794
2.724661
2.732628
2.740592
2.748513
2.756462
2.764368
2.772224
2.780217
2.788163
2.795974
2.803862
2.811853
2.819681
2.827585
2.835519
2.843380
2.851329
2.859154
2.866941
2.874956
2.882683
2.890619
2.898433
2.906423
2.914075
2.921925
2.929801
2.937591
2.945411
2.953330
2.961005
2.968810
2.976627
2.984366
2.992158
2.999969
3.007819
3.015414
3.023245
3.030891
3.038807
3.046447
3.054234
3.061901
3.069639
3.077330
3.085066
3.092808
3.100484
3.108151
3.115892
3.123538
3.131196
3.138896
3.146533
3.154200
3.161891
3.169513
3.177261
3.184874
3.192484
3.200148
3.207835
3.215472
3.223094
3.230767
3.238422
3.246206
3.253747
3.261381
3.268997
3.276598
3.284247
3.291884
3.299641
3.307197
3.314768
3.322443
3.330050
3.337655
3.345279
3.352886
3.360502
3.368217
3.375812
3.383353
3.391065
3.398660
3.406222
3.413904
3.421427
3.429010
3.436536
3.444182
3.451702
3.459396
3.466958
3.474544
3.482151
3.489666
3.497231
3.504784
3.512364
3.520019
3.527434
3.534981
3.542600
3.550105
3.557727
3.565067
3.572764
3.580101
3.587619
3.595172
3.602701
3.610203
3.617762
3.625207
3.632661
3.640187
3.647522
3.655018
3.662559
3.669986
3.677470
3.684769
3.692307
3.699659
3.707137
3.714460
3.721791
3.729377
3.736648
3.744022
3.751440
3.758771
3.766121
3.773449
3.780885
3.788213
3.795584
3.802804
3.810157
3.817551
3.824858
3.832067
3.839482
3.846780
3.854058
3.861356
3.868625
3.875869
3.883212
3.890412
3.897674
3.904958
3.912181
3.919435
3.926712
3.933912
3.941207
3.948374
3.955774
3.962803
3.970113
3.977316
3.984632
3.991817
3.999004
4.006311
4.013478
4.020701
4.027970
4.035133
4.042393
4.049595
4.056867
4.063997
4.071290
4.078400
4.085635
4.092906
4.100070
4.107327
4.114532
4.121777
4.128931
4.136218
4.143372
4.150608
4.157825
4.164977
4.172200
4.179418
4.186581
4.193772
4.201010
4.208221
4.215418
4.222648
4.229778
4.236912
4.244246
4.251365
4.258570
4.265770
4.272981
4.280109
4.287333
4.294499
4.301633
4.308916
4.316065
4.323142
4.330368
4.337624
4.344680
4.351898
4.359127
4.366186
4.373358
4.380462
4.387652
4.394696
4.401935
4.408963
4.416226
4.423231
4.430454
4.437510
4.444613
4.451732
4.458893
4.465940
4.473043
4.480243
4.487238
4.494300
4.501461
4.508465
4.515488
4.522649
4.529693
4.536706
4.543795
4.550800
4.557849
4.564935
4.571937
4.578948
4.585935
4.592978
4.600046
4.606979
4.613972
4.620961
4.627996
4.634962
4.641883
4.648914
4.655827
4.662861
4.669755
4.676676
4.683714
4.690682
4.697595
4.704560
4.711484
4.718330
4.725260
4.732253
4.739180
4.746053
4.753018
4.759903
4.766869
4.773877
4.780663
4.787704
4.794610
4.801495
4.808422
4.815465
4.822287
4.829256
4.836231
4.843068
4.849998
4.856928
4.863863
4.870737
4.877660
4.884521
4.891418
4.898354
4.905239
4.912136
4.919123
4.925882
4.932803
4.939844
4.946699
4.953485
4.960342
4.967216
4.974136
4.981063
4.987921
4.994863
5.001811
5.008549
5.015464
5.022352
5.029234
5.036119
5.043016
5.049892
5.056648
5.063563
5.070388
5.077240
5.084050
5.090860
5.097807
5.104741
5.111440
5.118376
5.125141
5.131968
5.138749
5.145637
5.152438
5.159233
5.166058
5.172781
5.179618
5.186395
5.193184
5.199913
5.206768
5.213500
5.220247
5.226995
5.233673
5.240573
5.247224
5.253947
5.260602
5.267394
5.274177
5.280777
5.287575
5.294190
5.300848
5.307519
5.314255
5.320870
5.327602
5.334202
5.340809
5.347541
5.354117
5.360735
5.367387
5.373999
5.380579
5.387221
5.393896
5.400430
5.407040
5.413547
5.420166
5.426697
5.433255
5.439768
5.446387
5.453044
5.459446
5.465987
5.472483
5.479026
5.485593
5.492020
5.498602
5.505067
5.511539
5.518064
5.524482
5.530923
5.537440
5.543947
5.550398
5.556863
5.563404
5.569735
5.576305
5.582728
5.589176
5.595620
5.602137
5.608498
5.614939
5.621342
5.627810
5.634233
5.640681
5.647078
5.653534
5.659916
5.666291
5.672685
5.679138
5.685511
5.691947
5.698325
5.704650
5.711055
5.717590
5.723878
5.730233
5.736594
5.743032
5.749357
5.755709
5.762126
5.768526
5.774868
5.781211
5.787503
5.794007
5.800275
5.806618
5.812984
5.819291
5.825634
5.831982
5.838367
5.844709
5.850905
5.857269
5.863533
5.869862
5.876135
5.882448
5.888775
5.895091
5.901332
5.907648
5.913903
5.920168
5.926484
5.932736
5.939016
5.945221
5.951444
5.957742
5.964036
5.970220
5.976458
5.982696
5.988898
5.995049
6.001370
6.007464
6.013672
6.019973
6.026013
6.032317
6.038495
6.044610
6.050811
6.056947
6.063068
6.069282
6.075424
6.081560
6.087666
6.093838
6.099923
6.106071
6.112251
6.118240
6.124472
6.130444
6.136648
6.142706
6.148755
6.154831
6.160943
6.167013
6.173020
6.179123
6.185154
6.191204
6.197285
6.203376
6.209414
6.215403
6.221481
6.227384
6.233541
6.239470
6.245549
6.251520
6.257494
6.263474
6.269496
6.275465
6.281447
0.004251
0.010321
0.016257
0.022168
0.028235
0.034143
0.040192
0.046064
0.052128
0.058031
0.063984
0.069964
0.075893
0.081774
0.087737
0.093860
0.099682
0.105626
0.111723
0.117514
0.123482
0.129549
0.135377
0.141357
0.147301
0.153284
0.159148
0.165122
0.171024
0.176980
0.182978
0.188862
0.194756
0.200727
0.206578
0.212522
0.218502
0.224396
0.230316
0.236269
0.242156
0.248032
0.253994
0.259896
0.265759
0.271670
0.277537
0.283529
0.289323
0.295183
0.301262
0.306985
0.312920
0.318750
0.324755
0.330579
0.336415
0.342371
0.348232
0.354101
0.359991
0.365854
0.371679
0.377575
0.383405
0.389251
0.395132
0.400974
0.406864
0.412689
0.418513
0.424400
0.430249
0.436010
0.441852
0.447716
0.453531
0.459334
0.465171
0.470950
0.476750
0.482542
0.488384
0.494128
0.499976
0.505722
0.511553
0.517275
0.523045
0.528759
0.534553
0.540381
0.546091
0.551886
0.557677
0.563384
0.569173
0.574871
0.580618
0.586382
0.592135
0.597773
0.603594
0.609278
0.614976
0.620717
0.626409
0.632090
0.637830
0.643529
0.649203
0.654878
0.660555
0.666233
0.671985
0.677624
0.683203
0.689000
0.694636
0.700304
0.705958
0.711617
0.717232
0.722909
0.728521
0.734169
0.739831
0.745452
0.751078
0.756717
0.762311
0.767979
0.773633
0.779262
0.784829
0.790527
0.796019
0.801727
0.807260
0.812917
0.818475
0.824095
0.829713
0.835306
0.840921
0.846482
0.852045
0.857717
0.863299
0.868892
0.874483
0.880059
0.885556
0.891204
0.896812
0.902373
0.908027
0.913548
0.919136
0.924751
0.930347
0.935890
0.941583
0.947011
0.952689
0.958226
0.963789
0.969362
0.974968
0.980540
0.986143
0.991755
0.997312
1.002864
1.008455
1.014030
1.019618
1.025253
1.030736
1.036333
1.041897
1.047451
1.053000
1.058635
1.064151
1.069715
1.075306
1.080854
1.086424
1.092033
1.097536
1.103106
1.108679
1.114215
1.119764
1.125340
1.130876
1.136419
1.142055
1.147516
1.153035
1.158659
1.164076
1.169618
1.175311
1.180740
1.186303
1.191858
1.197380
1.202863
1.208399
1.213897
1.219479
1.224988
1.230447
1.235999
1.241539
1.247022
1.252630
1.258053
1.263533
1.269129
1.274615
1.280074
1.285596
1.291096
1.296585
1.302056
1.307557
1.312992
1.318510
1.324032
1.329452
1.334896
1.340382
1.345861
1.351371
1.356854
1.362265
1.367730
1.373245
1.378620
1.384061
1.389547
1.394958
1.400375
1.405818
1.411337
1.416679
1.422102
1.427525
1.432906
1.438359
1.443740
1.449153
1.454600
1.460023
1.465422
1.470836
1.476178
1.481547
1.486943
1.492324
1.497699
1.503118
1.508457
1.513862
1.519210
1.524600
1.529936
1.535326
1.540704
1.546013
1.551403
1.556715
1.562012
1.567390
1.572717
1.578110
1.583431
1.588761
1.594097
1.599573
1.604852
1.610152
1.615507
1.620824
1.626187
1.631562
1.636853
1.642204
1.647570
1.652876
1.658260
1.663515
1.668869
1.674241
1.679538
1.684853
1.690291
1.695513
1.700915
1.706188
1.711527
1.716848
1.722205
1.727514
1.732844
1.738162
1.743447
1.748765
1.754128
1.759452
1.764692
1.770019
1.775271
1.780670
1.786012
1.791261
1.796609
1.801924
1.807206
1.812542
1.817845
1.823172
1.828427
1.833715
1.838988
1.844333
1.849702
1.854888
1.860242
1.865569
1.870803
1.876103
1.881442
1.886674
1.892051
1.897325
1.902556
1.907817
1.913162
1.918369
1.923657
1.928993
1.934188
1.939488
1.944740
1.950025
1.955289
1.960592
1.965841
1.971171
1.976393
1.981624
1.986856
1.992186
1.997369
2.002642
2.007930
2.013155
2.018371
2.023665
2.028821
2.034032
2.039299
2.044566
2.049740
2.054983
2.060169
2.065349
2.070580
2.075809
2.080965
2.086232
2.091376
2.096607
2.101811
2.106992
2.112136
2.117322
2.122493
2.127670
2.132844
2.137947
2.143127
2.148295
2.153433
2.158575
2.163707
2.168869
2.173986
2.179173
2.184263
2.189395
2.194533
2.199618
2.204717
2.209840
2.214910
2.220000
2.225144
2.230237
2.235295
2.240412
2.245493
2.250596
2.255671
2.260761
2.265848
2.270894
2.275897
2.280951
2.286042
2.291024
2.296067
2.301184
2.306199
2.311245
2.316287
2.321368
2.326303
2.331396
2.336325
2.341367
2.346406
2.351464
2.356464
2.361447
2.366429
2.371408
2.376430
2.381424
2.386338
2.391392
2.396357
2.401348
2.406352
2.411313
2.416298
2.421293
2.426260
2.431234
2.436222
2.441151
2.446109
2.451116
2.456041
2.460990
2.465955
2.470949
2.475842
2.480773
2.485819
2.490679
2.495700
2.500610
2.505554
2.510548
2.515474
2.520411
2.525400
2.530277
2.535203
2.540164
2.545033
2.549922
2.554884
2.559794
2.564702
2.569649
2.574565
2.579509
2.584425
2.589300
2.594231
2.599199
2.604046
2.608981
2.613846
2.618763
2.623673
2.628536
2.633438
2.638318
2.643229
2.648109
2.653017
2.657906
2.662850
2.667629
2.672560
2.677429
2.682255
2.687142
2.691993
2.696900
2.701766
2.706604
2.711464
2.716344
2.721168
2.726019
2.730899
2.735720
2.740571
2.745415
2.750278
2.755113
2.759907
2.764755
2.769560
2.774390
2.779208
2.784070
2.788852
2.793601
2.798475
2.803329
2.808102
2.812880
2.817728
2.822480
2.827285
2.832091
2.836888
2.841649
2.846496
2.851284
2.855999
2.860766
2.865542
2.870306
2.875055
2.879791
2.884606
2.889289
2.894064
2.898861
2.903616
2.908341
2.913027
2.917793
2.922500
2.927231
2.931971
2.936665
2.941402
2.946097
2.950756
2.955457
2.960259
2.964909
2.969595
2.974263
2.978997
2.983662
2.988380
2.993051
2.997680
3.002372
3.006977
3.011723
3.016319
3.021013
3.025585
3.030289
3.034912
3.039550
3.044203
3.048817
3.053476
3.058069
3.062808
3.067291
3.072003
3.076539
3.081144
3.085779
3.090390
3.094908
3.099591
3.104118
3.108732
3.113289
3.117795
3.122451
3.127065
3.131619
3.136173
3.140727
3.145305
3.149868
3.154395
3.158934
3.163434
3.168024
3.172641
3.177111
3.181662
3.186165
3.190746
3.195255
3.199803
3.204351
3.208908
3.213336
3.217884
3.222498
3.226893
3.231450
3.235909
3.240442
3.244972
3.249451
3.253978
3.258463
3.263023
3.267496
3.271990
3.276496
3.281005
3.285448
3.289963
3.294436
3.298918
3.303431
3.307949
3.312380
3.316865
3.321326
3.325778
3.330293
3.334680
3.339233
3.343599
3.348129
3.352563
3.357090
3.361491
3.365955
3.370449
3.374869
3.379312
3.383716
3.388171
3.392653
3.397039
3.401471
3.405911
3.410333
3.414752
3.419186
3.423588
3.428043
3.432357
3.436845
3.441153
3.445615
3.449953
3.454375
3.458725
3.463052
3.467465
3.471848
3.476201
3.480557
3.484971
3.489315
3.493620
3.498024
3.502357
3.506707
3.511063
3.515363
3.519662
3.524054
3.528372
3.532617
3.537033
3.541266
3.545593
3.549943
3.554147
3.558491
3.562769
3.567030
3.571332
3.575646
3.579883
3.584128
3.588424
3.592676
3.596885
3.601191
3.605397
3.609679
3.613879
3.618184
3.622355
3.626552
3.630792
3.635052
3.639229
3.643423
3.647612
3.651830
3.656003
3.660186
3.664333
3.668488
3.672709
3.676898
3.681036
3.685224
3.689392
3.693517
3.697661
3.701846
3.705930
3.710079
3.714238
3.718393
3.722423
3.726624
3.730662
3.734770
3.738850
3.742886
3.746985
3.751077
3.755092
3.759158
3.763271
3.767301
3.771352
3.775474
3.779486
3.783567
3.787614
3.791629
3.795638
3.799664
3.803679
3.807664
3.811697
3.815621
3.819669
3.823666
3.827627
3.831539
3.835572
3.839539
3.843533
3.847505
3.851448
3.855439
3.859421
3.863352
3.867276
3.871243
3.875189
3.879069
3.883051
3.886940
3.890882
3.894816
3.898705
3.902633
3.906585
3.910476
3.914434
3.918290
3.922185
3.926023
3.929996
3.933846
3.937741
3.941633
3.945488
3.949365
3.953269
3.957089
3.960978
3.964843
3.968729
3.972552
3.976453
3.980309
3.984147
3.988045
3.991891
3.995693
3.999540
4.003414
4.007279
4.011066
4.014883
4.018742
4.022598
4.026391
4.030196
4.034001
4.037782
4.041632
4.045440
4.049236
4.053008
4.056852
4.060627
4.064417
4.068252
4.071967
4.075715
4.079592
4.083319
4.087061
4.090890
4.094608
4.098374
4.102176
4.105921
4.109657
4.113435
4.117133
4.120899
4.124661
4.128374
4.132128
4.135795
4.139570
4.143267
4.147009
4.150721
4.154437
4.158131
4.161900
4.165597
4.169351
4.173063
4.176703
4.180418
4.184124
4.187816
4.191534
4.195195
4.198871
4.202538
4.206178
4.209902
4.213575
4.217225
4.220892
4.224541
4.228211
4.231882
4.235579
4.239195
4.242829
4.246445
4.250145
4.253762
4.257423
4.261048
4.264668
4.268332
4.271948
4.275633
4.279240
4.282847
4.286494
4.290122
4.293663
4.297363
4.300959
4.304563
4.308158
4.311727
4.315300
4.318911
4.322521
4.326089
4.329655
4.333247
4.336833
4.340402
4.343997
4.347568
4.351103
4.354666
4.358195
4.361773
4.365344
4.368885
4.372394
4.375968
4.379479
4.382982
4.386520
4.390049
4.393543
4.397099
4.400559
4.404059
4.407597
4.411076
4.414596
4.418134
4.421565
4.425007
4.428465
4.431973
4.435416
4.438891
4.442346
4.445755
4.449213
4.452646
4.456082
4.459537
4.462946
4.466377
4.469795
4.473178
4.476573
4.480021
4.483416
4.486789
4.490183
4.493527
4.496891
4.500292
4.503657
4.507042
4.510422
4.513768
4.517106
4.520483
4.523820
4.527155
4.530492
4.533824
4.537170
4.540427
4.543750
4.547079
4.550431
4.553721
4.557004
4.560279
4.563647
4.566892
4.570160
4.573441
4.576710
4.579999
4.583277
4.586555
4.589832
4.593107
4.596349
4.599590
4.602832
4.606053
4.609274
4.612527
4.615775
4.618978
4.622166
4.625392
4.628589
4.631768
4.635034
4.638204
4.641391
4.644630
4.647773
4.650958
4.654104
4.657247
4.660419
4.663613
4.666753
4.669905
4.673081
4.676155
4.679313
4.682506
4.685646
4.688783
4.691911
4.695012
4.698137
4.701271
4.704336
4.707455
4.710561
4.713629
4.716712
4.719786
4.722908
4.725991
4.729050
4.732139
4.735168
4.738320
4.741331
4.744429
4.747431
4.750493
4.753540
4.756602
4.759640
4.762657
4.765743
4.768691
4.771771
4.774815
4.777832
4.780855
4.783863
4.786868
4.789891
4.792932
4.795928
4.798927
4.801929
4.804871
4.807861
4.810824
4.813818
4.816864
4.819788
4.822758
4.825682
4.828693
4.831638
4.834625
4.837633
4.840518
4.843484
4.846438
4.849384
4.852326
4.855253
4.858162
4.861077
4.864043
4.866955
4.869892
4.872834
4.875701
4.878613
4.881534
4.884438
4.887359
4.890292
4.893195
4.896062
4.898951
4.901824
4.904715
4.907582
4.910398
4.913299
4.916133
4.918982
4.921834
4.924677
4.927500
4.930382
4.933210
4.936027
4.938846
4.941704
4.944547
4.947393
4.950213
4.952999
4.955803
4.958632
4.961442
4.964262
4.967084
4.969879
4.972614
4.975428
4.978235
4.981000
4.983796
4.986522
4.989275
4.992032
4.994755
4.997509
5.000283
5.003042
5.005808
5.008531
5.011251
5.013969
5.016707
5.019413
5.022184
5.024899
5.027649
5.030313
5.033033
5.035720
5.038477
5.041149
5.043858
5.046524
5.049212
5.051893
5.054560
5.057259
5.059896
5.062559
5.065184
5.067820
5.070475
5.073117
5.075766
5.078411
5.081059
5.083660
5.086279
5.088873
5.091471
5.094057
5.096687
5.099308
5.101879
5.104477
5.107066
5.109621
5.112264
5.114846
5.117414
5.119978
5.122561
5.125120
5.127666
5.130219
5.132771
5.135330
5.137835
5.140388
5.142937
5.145454
5.147971
5.150508
5.153022
5.155571
5.158079
5.160572
5.163062
5.165581
5.168071
5.170561
5.173038
5.175546
5.178009
5.180490
5.182929
5.185385
5.187878
5.190353
5.192786
5.195245
5.197699
5.200144
5.202634
5.205019
5.207475
5.209905
5.212341
5.214738
5.217132
5.219516
5.221946
5.224346
5.226758
5.229119
5.231486
5.233889
5.236273
5.238658
5.241028
5.243380
5.245732
5.248135
5.250442
5.252827
5.255146
5.257471
5.259804
5.262136
5.264452
5.266776
5.269104
5.271414
5.273718
5.276010
5.278320
5.280621
5.282913
5.285205
5.287476
5.289708
5.291976
5.294250
5.296485
5.298741
5.300991
5.303238
5.305503
5.307714
5.309958
5.312149
5.314437
5.316625
5.318830
5.321029
5.323234
5.325442
5.327659
5.329789
5.331979
5.334139
5.336294
5.338457
5.340623
5.342759
5.344904
5.347055
5.349192
5.351319
5.353458
5.355582
5.357695
5.359825
5.361931
5.364046
5.366138
5.368247
5.370320
5.372414
5.374466
5.376507
5.378589
5.380647
5.382688
5.384800
5.386834
5.388854
5.390921
5.392952
5.394980
5.397027
5.399004
5.401048
5.403094
5.405053
5.407066
5.409089
5.411087
5.413077
5.415027
5.417005
5.419036
5.420965
5.422936
5.424956
5.426867
5.428830
5.430778
5.432728
5.434642
5.436587
5.438489
5.440431
5.442390
5.444269
5.446231
5.448133
5.450054
5.451960
5.453850
5.455750
5.457643
5.459548
5.461406
5.463287
5.465169
5.467053
5.468902
5.470760
5.472593
5.474436
5.476299
5.478160
5.480014
5.481863
5.483682
5.485527
5.487349
5.489164
5.490968
5.492808
5.494596
5.496430
5.498221
5.500019
5.501868
5.503671
5.505445
5.507231
5.509010
5.510808
5.512620
5.514403
5.516177
5.517924
5.519697
5.521492
5.523215
5.524982
5.526726
5.528449
5.530204
5.531906
5.533656
5.535412
5.537158
5.538869
5.540592
5.542321
5.544034
5.545763
5.547519
5.549212
5.550913
5.552585
5.554287
5.556025
5.557723
5.559392
5.561070
5.562733
5.564398
5.566076
5.567736
5.569423
5.571127
5.572787
5.574450
5.576122
5.577764
5.579391
5.581062
5.582684
5.584301
5.585931
5.587555
5.589185
5.590827
5.592469
5.594071
5.595704
5.597304
5.598925
5.600546
5.602164
5.603743
5.605337
5.606904
5.608473
5.610046
5.611640
5.613207
5.614807
5.616350
5.617908
5.619481
5.621012
5.622552
5.624116
5.625659
5.627211
5.628754
5.630273
5.631774
5.633287
5.634809
5.636334
5.637865
5.639369
5.640852
5.642347
5.643824
5.645310
5.646793
5.648288
5.649768
5.651242
5.652713
5.654157
5.655611
5.657040
5.658504
5.659964
5.661378
5.662813
5.664245
5.665677
5.667082
5.668511
5.669910
5.671325
5.672739
5.674126
5.675519
5.676907
5.678285
5.679663
5.681056
5.682410
5.683755
5.685136
5.686482
5.687848
5.689181
5.690532
5.691865
5.693241
5.694565
5.695904
5.697202
5.698502
5.699793
5.701115
5.702400
5.703709
5.705009
5.706295
5.707592
5.708880
5.710156
5.711430
5.712724
5.714009
5.715256
5.716505
5.717731
5.718968
5.720212
5.721431
5.722653
5.723882
5.725098
5.726296
5.727498
5.728702
5.729916
5.731144
5.732358
5.733571
5.734766
5.735947
5.737139
5.738328
5.739500
5.740651
5.741837
5.742972
5.744114
5.745265
5.746397
5.747526
5.748659
5.749774
5.750885
5.752024
5.753138
5.754297
5.755433
5.756545
5.757665
5.758768
5.759888
5.760993
5.762075
5.763157
5.764233
5.765305
5.766360
5.767423
5.768493
5.769553
5.770596
5.771642
5.772666
5.773709
5.774743
5.775809
5.776858
5.777909
5.778934
5.779968
5.781007
5.782056
5.783062
5.784093
5.785097
5.786088
5.787075
5.788057
5.789043
5.790034
5.791023
5.791997
5.792980
5.793921
5.794882
5.795859
5.796803
5.797758
5.798705
5.799658
5.800632
5.801599
5.802546
5.803502
5.804454
5.805401
5.806348
5.807286
5.808197
5.809122
5.810051
5.810953
5.811849
5.812747
5.813634
5.814515
5.815408
5.816292
5.817158
5.818048
5.818928
5.819812
5.820690
5.821571
5.822461
5.823350
5.824216
5.825097
5.825966
5.826853
5.827740
5.828599
5.829453
5.830292
5.831141
5.831955
5.832788
5.833612
5.834415
5.835224
5.836045
5.836854
5.837657
5.838454
5.839269
5.840077
5.840868
5.841632
5.842423
5.843203
5.843990
5.844781
5.845566
5.846351
5.847163
5.847969
5.848778
5.849581
5.850357
5.851130
5.851897
5.852643
5.853371
5.854111
5.854851
5.855576
5.856313
5.857029
5.857736
5.858431
5.859148
5.859869
5.860582
5.861296
5.862015
5.862725
5.863444
5.864133
5.864825
5.865517
5.866209
5.866904
5.867575
5.868277
5.868968
5.869676
5.870377
5.871087
5.871776
5.872471
5.873175
5.873864
5.874535
5.875197
5.875875
5.876540
5.877184
5.877819
5.878451
5.879086
5.879718
5.880348
5.880959
5.881579
5.882181
5.882798
5.883419
5.884039
5.884644
5.885258
5.885860
5.886463
5.887053
5.887652
5.888254
5.888850
5.889447
5.890040
5.890621
5.891199
5.891805
5.892406
5.893006
5.893620
5.894231
5.894839
5.895451
5.896047
5.896643
5.897230
5.897802
5.898372
5.898929
5.899492
5.900059
5.900613
5.901152
5.901682
5.902192
5.902728
5.903253
5.903789
5.904289
5.904813
5.905317
5.905829
5.906323
5.906815
5.907294
5.907806
5.908301
5.908783
5.909254
5.909736
5.910209
5.910671
5.911144
5.911617
5.912061
5.912498
5.912936
5.913394
5.913832
5.914284
5.914748
5.915222
5.915689
5.916168
5.916639
5.917106
5.917597
5.918089
5.918568
5.919060
5.919557
5.920036
5.920516
5.920986
5.921439
5.921879
5.922313
5.922733
5.923134
5.923542
5.923952
5.924351
5.924752
5.925136
5.925498
5.925873
5.926250
5.926619
5.926972
5.927338
5.927697
5.928054
5.928392
5.928740
5.929081
5.929414
5.929756
5.930091
5.930421
5.930744
5.931071
5.931382
5.931712
5.932026
5.932323
5.932605
5.932899
5.933198
5.933471
5.933746
5.934022
5.934286
5.934540
5.934789
5.935038
5.935298
5.935550
5.935811
5.936062
5.936326
5.936590
5.936856
5.937117
5.937384
5.937629
5.937896
5.938178
5.938471
5.938753
5.939040
5.939352
5.939651
5.939948
5.940254
5.940553
5.940850
5.941167
5.941476
5.941776
5.942084
5.942387
5.942689
5.942974
5.943259
5.943532
5.943795
5.944059
5.944331
5.944574
5.944814
5.945050
5.945278
5.945494
5.945692
5.945865
5.946036
5.946198
5.946351
5.946486
5.946611
5.946731
5.946842
5.946944
5.947040
5.947109
5.947177
5.947256
5.947319
5.947370
5.947414
5.947456
5.947486
5.947504
5.947516
5.947519
5.947519
5.947519
5.947519
5.947519
5.947519
5.947519
5.947519
5.947519
5.947519
5.947519
5.947519
5.947519
5.947519
5.947519
5.947519
5.947501
5.947459
5.947405
5.947354
5.947286
5.947228
5.947175
5.947112
5.947034
5.946962
5.946893
5.946815
5.946746
5.946665
5.946563
5.946474
5.946381
5.946282
5.946159
5.946036
5.945910
5.945781
5.945647
5.945506
5.945350
5.945188
5.945035
5.944886
5.944718
5.944562
5.944406
5.944242
5.944071
5.943903
5.943726
5.943541
5.943367
5.943202
5.943037
5.942881
5.942731
5.942588
5.942438
5.942288
5.942129
5.941988
5.941863
5.941731
5.941587
5.941461
5.941341
5.941225
5.941108
5.940991
5.940871
5.940757
5.940658
5.940574
5.940487
5.940415
5.940352
5.940301
5.940269
5.940233
5.940197
5.940161
5.940152
5.940152
5.940146
5.940143
5.940143
5.940143
5.940143
5.940143
5.940143
5.940143
5.940143
5.940143
5.940143
5.940143
5.940200
5.940272
5.940356
5.940434
5.940496
5.940568
5.940637
5.940712
5.940766
5.940838
5.940910
5.940991
5.941062
5.941129
5.941183
5.941248
5.941320
5.941386
5.941443
5.941503
5.941563
5.941620
5.941677
5.941725
5.941761
5.941797
5.941848
5.941902
5.941937
5.941982
5.942033
5.942075
5.942120
5.942162
5.942183
5.942207
5.942240
5.942273
5.942285
5.942300
5.942315
5.942330
5.942345
5.942354
5.942354
5.942360
5.942366
5.942372
5.942375
5.942375
5.942378
5.942393
5.942393
5.942393
5.942393
5.942393
5.942393
5.942393
5.942393
5.942393
5.942393
5.942393
5.942393
5.942393
5.942393
5.942393
5.942393
5.942393
5.942393
5.942393
5.942393
5.942393
5.942393
5.942393
5.942393
5.942393
5.942393
5.942393
5.942393
5.942393
5.942393
5.942393
5.942393
5.942393
5.942393
5.942393
5.942393
5.942393
5.942393
5.942393
5.942393
5.942393
5.942393
5.942393
5.942393
5.942393
5.942393
5.942393
5.942393
5.942393
5.942393
5.942393
5.942393
5.942393
5.942393
5.942393
5.942393
5.942393
5.942393
5.942393
5.942393
5.942393
5.942393
5.942393
5.942393
5.942393
5.942393
5.942393
5.942393
5.942393
5.942393
5.942393
5.942393
5.942393
5.942393
5.942393
5.942393
5.942393
5.942393
5.942393
5.942393
5.942393
5.942393
5.942393
5.942393
5.942393
5.942393
5.942393
5.942393
5.942393
5.942393
5.942393
5.942393
5.942393
5.942393
5.942393
5.942393
5.942393
5.942393
5.942393
5.942393