5.190943
5.190943
5.190943
5.190943
5.190943
5.190943
5.190943
5.190943
5.191255
5.191836
5.192555
5.193397
5.194346
5.195446
5.196749
5.198268
5.199997
5.201902
5.203970
5.206253
5.208652
5.211236
5.214034
5.216949
5.220071
5.223375
5.226938
5.230629
5.234380
5.238338
5.242466
5.246733
5.251256
5.255951
5.260976
5.265970
5.271142
5.276537
5.282164
5.287892
5.293762
5.300003
5.306309
5.312880
5.319558
5.326425
5.333462
5.340683
5.348095
5.355624
5.363465
5.371387
5.379470
5.387790
5.396221
5.404936
5.413766
5.422730
5.431913
5.441276
5.450767
5.460474
5.470418
5.480383
5.490761
5.501239
5.511803
5.522520
5.533758
5.544678
5.556225
5.567559
5.579319
5.591132
5.603140
5.615302
5.627762
5.640255
5.652884
5.665824
5.679151
5.692447
5.705797
5.719642
5.733388
5.747317
5.761602
5.775926
5.790487
5.805308
5.820160
5.835161
5.850501
5.865987
5.881651
5.897344
5.913394
5.929435
5.946096
5.962383
5.978954
5.995971
6.012713
6.029968
6.047285
6.064611
6.082312
6.100249
6.117791
6.135833
6.153660
6.171277
6.189154
6.207199
6.224909
6.243089
6.261257
6.279135
0.013818
0.031935
0.049636
0.067636
0.085666
0.103397
0.121394
0.139350
0.157221
0.175045
0.192970
0.210713
0.228800
0.246674
0.264633
0.282510
0.300663
0.318307
0.336373
0.354206
0.372020
0.389868
0.407634
0.425473
0.443332
0.461147
0.478824
0.496590
0.514609
0.532360
0.549824
0.567624
0.585369
0.602807
0.620765
0.638304
0.655837
0.673585
0.690956
0.708594
0.726193
0.743396
0.761004
0.778501
0.796283
0.813468
0.831178
0.848977
0.866196
0.883911
0.901130
0.918753
0.936262
0.953818
0.971250
0.988860
1.006204
1.023938
1.041801
1.059172
1.076705
1.094489
1.111926
1.129612
1.147238
1.164675
1.182328
1.200349
1.217705
1.235325
1.253196
1.270555
1.288098
1.305927
1.323259
1.341080
1.358610
1.376062
1.393678
1.411286
1.428702
1.446220
1.463714
1.481268
1.498852
1.516412
1.533828
1.551553
1.568846
1.586247
1.603726
1.621205
1.638846
1.656187
1.674202
1.691489
1.709073
1.726828
1.744454
1.761927
1.779538
1.797388
1.814918
1.832622
1.850400
1.867957
1.885733
1.903278
1.920853
1.938610
1.956604
1.974036
1.991844
2.009587
2.027213
2.044973
2.062497
2.080039
2.097889
2.115506
2.133171
2.150701
2.168252
2.185779
2.203297
2.220983
2.238318
2.255740
2.273401
2.290686
2.308240
2.325395
2.342796
2.360395
2.377460
2.394952
2.412463
2.429909
2.447074
2.464703
2.481696
2.499349
2.516612
2.533837
2.551190
2.568777
2.586001
2.603654
2.621004
2.638195
2.655953
2.673102
2.690683
2.707985
2.725545
2.742689
2.760075
2.777584
2.794811
2.812059
2.829395
2.846703
2.863981
2.881421
2.898463
2.915729
2.933145
2.950151
2.967312
2.984851
3.001692
3.018865
3.035940
3.052966
3.070194
3.086981
3.104214
3.121055
3.138132
3.154937
3.171910
3.188978
3.205792
3.222762
3.239872
3.256791
3.273809
3.290676
3.307577
3.324852
3.341756
3.358654
3.375597
3.392620
3.409530
3.426371
3.443730
3.460622
3.477474
3.494498
3.511384
3.528683
3.545515
3.562275
3.579394
3.596364
3.612944
3.629881
3.647168
3.663883
3.680490
3.697742
3.714148
3.731243
3.747910
3.764700
3.781553
3.798166
3.814995
3.832109
3.848317
3.865056
3.881936
3.898489
3.915135
3.931997
3.948463
3.965241
3.981723
3.998522
4.015207
4.031943
4.048643
4.065319
4.082103
4.098833
4.115509
4.132326
4.148974
4.165761
4.182659
4.199392
4.216173
4.233083
4.249876
4.266863
4.283629
4.300254
4.317224
4.334185
4.350921
4.368001
4.384797
4.401482
4.418320
4.435254
4.452122
4.468924
4.485818
4.502494
4.519494
4.536284
4.552954
4.569735
4.586821
4.603423
4.620173
4.637014
4.653747
4.670393
4.687513
4.704096
4.720820
4.737487
4.754130
4.771118
4.788018
4.804805
4.821517
4.838439
4.855382
4.872037
4.889120
4.906117
4.922634
4.939823
4.956765
4.973576
4.990749
5.007518
5.024581
5.041563
5.058577
5.075469
5.092591
5.109510
5.126411
5.143491
5.160464
5.177326
5.194541
5.211412
5.228328
5.245292
5.262075
5.278973
5.296015
5.312891
5.329502
5.346492
5.363228
5.380054
5.396967
5.413724
5.430493
5.447130
5.463791
5.480782
5.497239
5.513966
5.530639
5.547444
5.564027
5.580440
5.597340
5.613938
5.630653
5.647287
5.663981
5.680639
5.697546
5.714228
5.730886
5.747604
5.764154
5.780788
5.797746
5.814204
5.830913
5.847649
5.864247
5.880908
5.897698
5.914335
5.930732
5.947519
5.964225
5.980740
5.997488
6.013852
6.030537
6.047165
6.063598
6.079777
6.096456
6.112872
6.129419
6.145912
6.162208
6.178326
6.195092
6.211289
6.227528
6.243889
6.260227
6.276447
0.009596
0.025793
0.042343
0.058327
0.074910
0.090912
0.107220
0.123198
0.139787
0.155966
0.172357
0.188347
0.204724
0.221187
0.237422
0.253745
0.269996
0.286294
0.302506
0.318723
0.335184
0.351491
0.367583
0.383846
0.400477
0.416275
0.432741
0.449094
0.465249
0.481391
0.497711
0.513779
0.530053
0.546280
0.562393
0.578586
0.594648
0.610893
0.626886
0.643044
0.658857
0.675209
0.691121
0.707024
0.723116
0.739181
0.755153
0.771203
0.787474
0.803270
0.819137
0.835351
0.851257
0.867223
0.883255
0.899410
0.915238
0.931396
0.947458
0.963460
0.979710
0.995622
1.011783
1.027911
1.043940
1.060092
1.076261
1.092344
1.108463
1.124770
1.140937
1.156951
1.173316
1.189312
1.205469
1.221711
1.237869
1.253930
1.270244
1.286225
1.302500
1.318762
1.334833
1.351107
1.367319
1.383135
1.399374
1.415601
1.431462
1.447832
1.463861
1.479884
1.496102
1.512089
1.528019
1.544209
1.560517
1.576363
1.592446
1.608631
1.624656
1.640820
1.657071
1.672875
1.689221
1.705382
1.721495
1.737533
1.754170
1.770133
1.786207
1.802787
1.818975
1.835165
1.851413
1.867631
1.883917
1.900333
1.916487
1.932729
1.949180
1.965311
1.981720
1.997935
2.014132
2.030343
2.046726
2.062917
2.079140
2.095615
2.111698
2.127814
2.144113
2.160202
2.176497
2.192583
2.208498
2.224874
2.240945
2.256944
2.272991
2.289152
2.305097
2.321147
2.337209
2.353148
2.369236
2.385202
2.401117
2.417149
2.433358
2.449213
2.465080
2.481190
2.497099
2.513116
2.529262
2.545135
2.561125
2.577067
2.593296
2.609277
2.625231
2.641179
2.657205
2.673321
2.689230
2.705220
2.721435
2.737107
2.753436
2.769129
2.785236
2.801058
2.817204
2.832888
2.849100
2.864973
2.880789
2.896656
2.912385
2.928483
2.944221
2.960176
2.975791
2.991622
3.007495
3.023051
3.038843
3.054722
3.070359
3.085785
3.101640
3.117357
3.132979
3.148606
3.164030
3.179993
3.195588
3.211008
3.226735
3.242281
3.258016
3.273599
3.289298
3.304836
3.320661
3.336055
3.351751
3.367570
3.383135
3.398696
3.414413
3.430026
3.445611
3.461359
3.476911
3.492604
3.508286
3.523934
3.539346
3.555117
3.570679
3.586294
3.601964
3.617552
3.633027
3.648678
3.664018
3.679705
3.695315
3.710948
3.726264
3.741760
3.757138
3.772586
3.788130
3.803466
3.818854
3.834317
3.849627
3.865119
3.880369
3.895664
3.911058
3.926449
3.941665
3.956996
3.972435
3.987703
4.003052
4.018476
4.034034
4.049008
4.064585
4.079930
4.095390
4.110808
4.126220
4.141500
4.157037
4.172392
4.187800
4.203407
4.218750
4.234221
4.249744
4.265383
4.280615
4.296437
4.311732
4.327264
4.342739
4.358195
4.373673
4.389273
4.404562
4.420130
4.435463
4.451103
4.466341
4.482031
4.497605
4.512948
4.528617
4.543906
4.559201
4.574960
4.590075
4.605487
4.621057
4.636262
4.651707
4.667209
4.682428
4.697891
4.713372
4.728687
4.743964
4.759439
4.774931
4.790493
4.805650
4.821290
4.836671
4.852269
4.867495
4.882939
4.898708
4.913981
4.929612
4.945219
4.960702
4.976222
4.991861
5.007387
5.022984
5.038606
5.054152
5.069660
5.085386
5.100921
5.116371
5.132247
5.147545
5.162972
5.178806
5.194191
5.209884
5.225472
5.240765
5.256347
5.271966
5.287353
5.302927
5.318323
5.333549
5.349123
5.364592
5.380042
5.395352
5.410857
5.426062
5.441398
5.456822
5.472012
5.487235
5.502916
5.517978
5.533272
5.548525
5.563766
5.579034
5.594338
5.609591
5.625032
5.640339
5.655413
5.670674
5.686125
5.701225
5.716766
5.731878
5.747020
5.762264
5.777643
5.792842
5.808388
5.823758
5.839128
5.854195
5.869568
5.884776
5.899936
5.915320
5.930469
5.945760
5.961130
5.976015
5.991306
6.006407
6.021561
6.036676
6.052189
6.066993
6.082045
6.097277
6.112314
6.127199
6.142365
6.157387
6.172517
6.187459
6.202232
6.217425
6.232195
6.247059
6.261979
6.277106
0.008701
0.023564
0.038505
0.053333
0.068226
0.083150
0.097989
0.112867
0.127824
0.142639
0.157419
0.172642
0.187358
0.202273
0.217196
0.231859
0.246860
0.261759
0.276872
0.291558
0.306745
0.321597
0.336466
0.351374
0.366157
0.381023
0.396088
0.410816
0.425641
0.440600
0.455257
0.470315
0.485205
0.499862
0.514648
0.529520
0.544512
0.558953
0.574014
0.588449
0.603588
0.618230
0.632746
0.647328
0.662224
0.676869
0.691750
0.706158
0.721064
0.735490
0.750174
0.764812
0.779388
0.794123
0.808672
0.823250
0.837865
0.852465
0.867158
0.881787
0.896357
0.910990
0.925668
0.940360
0.955029
0.969707
0.984429
0.999014
1.013671
1.028498
1.043200
1.057976
1.072618
1.087440
1.102192
1.116936
1.131673
1.146423
1.161143
1.176030
1.190756
1.205490
1.220156
1.234917
1.249883
1.264590
1.279286
1.294003
1.308830
1.323619
1.338317
1.353073
1.367778
1.382524
1.397160
1.411966
1.426725
1.441193
1.456083
1.470836
1.485445
1.500119
1.514734
1.529415
1.544164
1.558707
1.573358
1.588254
1.602902
1.617385
1.632275
1.646872
1.661538
1.676287
1.691046
1.705745
1.720707
1.735241
1.750062
1.764980
1.779666
1.794554
1.809285
1.824080
1.838931
1.853759
1.868529
1.883531
1.898214
1.913060
1.928010
1.942799
1.957635
1.972573
1.987257
2.002234
2.017221
2.031862
2.046711
2.061616
2.076402
2.091217
2.105976
2.120737
2.135625
2.150404
2.164983
2.179829
2.194626
2.209172
2.223880
2.238671
2.253493
2.267994
2.282725
2.297211
2.311697
2.326698
2.341053
2.355775
2.370228
2.384753
2.399251
2.414099
2.428507
2.443107
2.457845
2.472268
2.486915
2.501497
2.516145
2.530682
2.545276
2.559750
2.574520
2.589030
2.603561
2.618140
2.632719
2.647435
2.662017
2.676632
2.691106
2.705693
2.720380
2.734884
2.749529
2.764149
2.778563
2.793082
2.807646
2.822009
2.836621
2.851215
2.865761
2.880121
2.894661
2.909039
2.923498
2.938065
2.952269
2.966764
2.981193
2.995484
3.009952
3.024126
3.038714
3.052802
3.067153
3.081423
3.095666
3.109951
3.124126
3.138384
3.152666
3.166885
3.181048
3.195333
3.209561
3.223786
3.237970
3.252063
3.266229
3.280882
3.294652
3.308967
3.323315
3.337559
3.351661
3.365931
3.380175
3.394349
3.408499
3.422802
3.437118
3.451346
3.465565
3.479620
3.494100
3.508181
3.522286
3.536632
3.550635
3.565022
3.579176
3.593401
3.607471
3.621675
3.635786
3.649796
3.664111
3.678186
3.692250
3.706457
3.720377
3.734662
3.748585
3.762453
3.776574
3.790685
3.804767
3.818459
3.832816
3.846526
3.860353
3.874461
3.888264
3.902360
3.916352
3.930233
3.944173
3.958000
3.972070
3.985690
3.999993
4.013607
4.027655
4.041584
4.055333
4.069429
4.083633
4.097292
4.111194
4.125450
4.139387
4.153370
4.167316
4.181362
4.195372
4.209480
4.223469
4.237427
4.251569
4.265458
4.279534
4.293642
4.307565
4.321670
4.335764
4.349764
4.363738
4.378011
4.391865
4.405880
4.420187
4.433999
4.447978
4.462066
4.475991
4.490183
4.504196
4.518026
4.532050
4.546069
4.559968
4.573977
4.587882
4.602047
4.615850
4.629889
4.643800
4.657783
4.671769
4.685595
4.699548
4.713612
4.727351
4.741340
4.755376
4.769278
4.783141
4.797207
4.811298
4.825065
4.839287
4.853156
4.867144
4.881199
4.895304
4.909257
4.923350
4.937387
4.951432
4.965547
4.979548
4.993521
5.007923
5.021819
5.035987
5.050086
5.064123
5.078285
5.092424
5.106361
5.120548
5.134689
5.148606
5.162765
5.176826
5.190898
5.205028
5.218953
5.232987
5.247218
5.261158
5.275057
5.289007
5.303026
5.316945
5.330808
5.345021
5.358761
5.372774
5.386594
5.400418
5.414497
5.428336
5.442100
5.455992
5.469720
5.483550
5.497239
5.511219
5.524950
5.538581
5.552606
5.566211
5.580074
5.593910
5.607545
5.621354
5.635093
5.648803
5.662816
5.676391
5.690122
5.703928
5.717868
5.731557
5.745444
5.759451
5.772927
5.786703
5.800545
5.814384
5.828057
5.841782
5.855624
5.869196
5.883194
5.896718
5.910575
5.924189
5.937938
5.951687
5.965564
5.979241
5.992754
6.006496
6.020167
6.033721
6.047414
6.060950
6.074678
6.088322
6.101771
6.115247
6.128852
6.142565
6.155940
6.169473
6.182920
6.196432
6.209929
6.223288
6.236854
6.250241
6.263699
6.277029
0.007400
0.020514
0.034002
0.047443
0.060808
0.074170
0.087599
0.100949
0.114533
0.127815
0.141165
0.154552
0.168049
0.181486
0.194858
0.208328
0.221723
0.235178
0.248520
0.261837
0.275362
0.288712
0.302125
0.315560
0.328922
0.342419
0.355665
0.369183
0.382495
0.395860
0.409435
0.422776
0.436097
0.449480
0.462738
0.476007
0.489412
0.502714
0.516203
0.529502
0.542748
0.556044
0.569371
0.582580
0.595850
0.609053
0.622467
0.635490
0.648751
0.661976
0.675299
0.688410
0.701425
0.714802
0.727826
0.741048
0.754317
0.767296
0.780503
0.793736
0.806883
0.819751
0.833176
0.846182
0.859329
0.872583
0.885604
0.898757
0.911940
0.925113
0.938194
0.951556
0.964616
0.977790
0.991009
1.004257
1.017458
1.030733
1.043967
1.057048
1.070308
1.083724
1.096808
1.110135
1.123266
1.136467
1.149794
1.163093
1.176261
1.189641
1.202800
1.216066
1.229552
1.242578
1.255920
1.269249
1.282402
1.295588
1.308857
1.322175
1.335516
1.348537
1.361815
1.374800
1.388375
1.401208
1.414651
1.427729
1.441004
1.454055
1.467324
1.480468
1.493636
1.506855
1.520067
1.533172
1.546324
1.559402
1.572690
1.585980
1.599007
1.611959
1.625438
1.638495
1.651687
1.664876
1.678016
1.691226
1.704507
1.717681
1.730900
1.744289
1.757436
1.770717
1.784119
1.797190
1.810457
1.823834
1.837257
1.850454
1.863691
1.876840
1.890260
1.903643
1.917081
1.930080
1.943658
1.956766
1.970263
1.983437
1.996719
2.010000
2.023345
2.036548
2.049971
2.063114
2.076486
2.089549
2.103067
2.116148
2.129372
2.142699
2.155986
2.169076
2.182378
2.195540
2.208657
2.221851
2.234995
2.248073
2.261267
2.274312
2.287381
2.300534
2.313585
2.326656
2.339794
2.352764
2.365860
2.378920
2.391913
2.405183
2.418108
2.431081
2.444087
2.457227
2.470338
2.483266
2.496347
2.509407
2.522464
2.535646
2.548592
2.561619
2.574739
2.587796
2.600837
2.613972
2.626903
2.639966
2.653125
2.666059
2.679154
2.692202
2.705250
2.718301
2.731495
2.744400
2.757363
2.770459
2.783438
2.796435
2.809603
2.822348
2.835297
2.848476
2.861387
2.874461
2.887243
2.900185
2.912991
2.925982
2.939050
2.951720
2.964703
2.977571
2.990268
3.003319
3.016031
3.028800
3.041677
3.054279
3.067177
3.079979
3.092682
3.105418
3.118191
3.130918
3.143588
3.156432
3.168989
3.181689
3.194458
3.207107
3.219882
3.232784
3.245250
3.258019
3.270732
3.283318
3.296033
3.308764
3.321395
3.334122
3.346853
3.359520
3.372277
3.385064
3.397726
3.410381
3.423198
3.435793
3.448754
3.461101
3.474035
3.486457
3.499199
3.512169
3.524608
3.537417
3.549976
3.562619
3.575272
3.587894
3.600555
3.613208
3.625797
3.638468
3.651027
3.663485
3.676176
3.688987
3.701352
3.713815
3.726618
3.738868
3.751446
3.764107
3.776421
3.788960
3.801408
3.813830
3.826174
3.838970
3.851218
3.863807
3.876142
3.888414
3.900919
3.913290
3.925718
3.938013
3.950495
3.962803
3.975203
3.987628
3.999948
4.012420
4.024830
4.037171
4.049572
4.062149
4.074529
4.086905
4.099315
4.111835
4.124068
4.136817
4.148927
4.161474
4.174220
4.186327
4.198991
4.211293
4.223804
4.236412
4.248719
4.261432
4.273736
4.286302
4.298703
4.311151
4.323689
4.336048
4.348626
4.361119
4.373529
4.386014
4.398711
4.410851
4.423506
4.436003
4.448682
4.460699
4.473528
4.485740
4.498276
4.510697
4.523092
4.535529
4.547956
4.560351
4.572746
4.585099
4.597433
4.610074
4.622366
4.634698
4.647162
4.659458
4.671823
4.684259
4.696450
4.708959
4.721440
4.733613
4.745984
4.758376
4.770779
4.783135
4.795554
4.807775
4.820265
4.832902
4.845144
4.857524
4.869969
4.882490
4.894897
4.907420
4.919755
4.932221
4.944697
4.957173
4.969585
4.982079
4.994507
5.006988
5.019458
5.032032
5.044331
5.056911
5.069270
5.081902
5.094428
5.106775
5.119245
5.131795
5.144217
5.156572
5.169168
5.181568
5.194065
5.206511
5.218893
5.231318
5.243712
5.256032
5.268574
5.280879
5.293180
5.305587
5.317982
5.330227
5.342669
5.354947
5.367300
5.379575
5.391865
5.403986
5.416337
5.428452
5.440844
5.452975
5.465295
5.477366
5.489560
5.501802
5.514020
5.526193
5.538231
5.550365
5.562625
5.574810
5.586932
5.599189
5.611278
5.623507
5.635459
5.647946
5.659949
5.672008
5.684474
5.696369
5.708506
5.720784
5.732831
5.744965
5.757168
5.769287
5.781460
5.793630
5.805722
5.817853
5.830041
5.842193
5.854168
5.866601
5.878502
5.890624
5.902887
5.914853
5.926945
5.939055
5.950980
5.963143
5.975146
5.987130
5.999153
6.011302
6.023325
6.035334
6.047405
6.059452
6.071256
6.083255
6.095177
6.107173
6.119136
6.131066
6.142907
6.154981
6.166759
6.178650
6.190628
6.202379
6.214051
6.225919
6.237792
6.249660
6.261446
6.273211
0.001899
0.013629
0.025428
0.037136
0.049156
0.060838
0.072493
0.084225
0.096066
0.107825
0.119659
0.131365
0.143191
0.154890
0.166829
0.178556
0.190342
0.202219
0.213906
0.225741
0.237470
0.249290
0.260918
0.272854
0.284526
0.296352
0.308096
0.319886
0.331702
0.343408
0.355167
0.366993
0.378746
0.390449
0.402254
0.413851
0.425596
0.437469
0.449178
0.460937
0.472676
0.484315
0.496009
0.507766
0.519411
0.531090
0.542766
0.554477
0.566069
0.577748
0.589330
0.600985
0.612682
0.624207
0.635928
0.647475
0.659019
0.670601
0.682259
0.693770
0.705341
0.716908
0.728440
0.739963
0.751504
0.763060
0.774520
0.786114
0.797454
0.808968
0.820725
0.832179
0.843674
0.855089
0.866702
0.878045
0.889784
0.901274
0.912689
0.924454
0.935716
0.947347
0.958930
0.970617
0.982113
0.993729
1.005171
1.016834
1.028393
1.039907
1.051583
1.063240
1.074811
1.086304
1.097929
1.109398
1.121133
1.132623
1.144275
1.155861
1.167581
1.179041
1.190726
1.202377
1.213900
1.225456
1.237114
1.248678
1.260138
1.271940
1.283430
1.294893
1.306706
1.318259
1.329683
1.341379
1.352869
1.364569
1.376166
1.387477
1.399230
1.410708
1.422198
1.433832
1.445420
1.456704
1.468322
1.479875
1.491404
1.502930
1.514381
1.525823
1.537354
1.548877
1.560334
1.571908
1.583368
1.594822
1.606398
1.617942
1.629432
1.640874
1.652505
1.664070
1.675437
1.686995
1.698596
1.710083
1.721720
1.733183
1.744732
1.756387
1.767946
1.779517
1.791129
1.802700
1.814310
1.825988
1.837448
1.849076
1.860719
1.872134
1.883905
1.895518
1.907080
1.918671
1.930320
1.941810
1.953662
1.965161
1.976696
1.988399
2.000041
2.011477
2.023258
2.034730
2.046381
2.057805
2.069571
2.080959
2.092617
2.104088
2.115563
2.127125
2.138735
2.150260
2.161813
2.173345
2.184751
2.196241
2.207782
2.219185
2.230660
2.242117
2.253601
2.264980
2.276445
2.287803
2.299263
2.310759
2.322090
2.333505
2.344878
2.356308
2.367514
2.379019
2.390260
2.401642
2.412934
2.424202
2.435806
2.446969
2.458336
2.469763
2.481076
2.492407
2.503843
2.515240
2.526409
2.538037
2.549146
2.560753
2.572060
2.583328
2.594597
2.606122
2.617442
2.628743
2.640188
2.651504
2.662883
2.674160
2.685563
2.697038
2.708288
2.719562
2.730872
2.742269
2.753561
2.764901
2.776128
2.787477
2.798766
2.810109
2.821389
2.832627
2.844027
2.855014
2.866528
2.877574
2.889094
2.900170
2.911376
2.922530
2.933843
2.945006
2.956197
2.967318
2.978454
2.989663
3.000781
3.011950
3.023113
3.034217
3.045197
3.056424
3.067338
3.078664
3.089542
3.100703
3.111752
3.122813
3.133743
3.144864
3.155869
3.166807
3.177836
3.188811
3.199890
3.210924
3.221836
3.233029
3.243980
3.254933
3.265788
3.277098
3.287851
3.299056
3.310052
3.321050
3.331992
3.343081
3.354046
3.365005
3.376136
3.387003
3.398082
3.409164
3.420025
3.431155
3.442265
3.453048
3.464019
3.475099
3.485965
3.496964
3.508031
3.518949
3.529980
3.540895
3.551849
3.562748
3.573744
3.584641
3.595492
3.606500
3.617453
3.628302
3.639303
3.650146
3.661082
3.672047
3.682785
3.693601
3.704486
3.715358
3.726165
3.736990
3.747785
3.758591
3.769437
3.780160
3.790934
3.801786
3.812515
3.823163
3.834023
3.844824
3.855484
3.866324
3.876915
3.887581
3.898381
3.909003
3.919686
3.930439
3.941084
3.951753
3.962479
3.973115
3.983823
3.994552
4.005245
4.015929
4.026652
4.037318
4.047981
4.058859
4.069376
4.080060
4.090728
4.101568
4.112081
4.122906
4.133581
4.144364
4.155051
4.165752
4.176511
4.187165
4.197972
4.208743
4.219424
4.230177
4.240852
4.251607
4.262315
4.273128
4.283857
4.294511
4.305243
4.316206
4.326734
4.337471
4.348251
4.358905
4.369658
4.380492
4.390981
4.401884
4.412621
4.423180
4.433936
4.444523
4.455354
4.465970
4.476590
4.487259
4.498138
4.508642
4.519308
4.530091
4.540616
4.551228
4.562029
4.572536
4.583481
4.593835
4.604417
4.614999
4.625668
4.636244
4.646889
4.657483
4.668125
4.678683
4.689215
4.699937
4.710463
4.720961
4.731540
4.742182
4.752701
4.763505
4.773862
4.784630
4.795200
4.805704
4.816328
4.826937
4.837504
4.848230
4.858794
4.869427
4.879973
4.890756
4.901254
4.911893
4.922559
4.933282
4.943843
4.954518
4.965037
4.975733
4.986492
4.996981
5.007722
5.018355
5.028943
5.039514
5.050200
5.060788
5.071481
5.082294
5.092702
5.103317
5.113989
5.124475
5.135178
5.145841
5.156560
5.167065
5.177629
5.188196
5.198790
5.209453
5.219903
5.230527
5.241154
5.251595
5.262144
5.272774
5.283197
5.293786
5.304311
5.314743
5.325202
5.335782
5.346130
5.356592
5.367090
5.377471
5.387892
5.398348
5.408810
5.419221
5.429564
5.440023
5.450279
5.460750
5.471089
5.481452
5.491774
5.502069
5.512396
5.522762
5.533132
5.543423
5.553648
5.563916
5.574459
5.584607
5.594952
5.605160
5.615523
5.625965
5.636187
5.646559
5.656938
5.667082
5.677368
5.687740
5.697858
5.708452
5.718459
5.728912
5.739224
5.749477
5.759748
5.770108
5.780327
5.790606
5.800988
5.811109
5.821301
5.831739
5.841902
5.852146
5.862455
5.872695
5.882930
5.893141
5.903358
5.913760
5.923874
5.934082
5.944331
5.954494
5.964767
5.974942
5.985090
5.995267
6.005343
6.015563
6.025749
6.035894
6.045990
6.056060
6.066316
6.076317
6.086455
6.096639
6.106574
6.116646
6.126767
6.136771
6.146814
6.156880
6.166845
6.176837
6.186880
6.197007
6.206789
6.217038
6.226911
6.236825
6.246822
6.256706
6.266641
6.276588
0.003424
0.013347
0.023246
0.033190
0.043062
0.053165
0.062953
0.072858
0.082754
0.092668
0.102567
0.112496
0.122365
0.132261
0.142223
0.152164
0.162024
0.171974
0.181858
0.191852
0.201823
0.211638
0.221471
0.231346
0.241395
0.251270
0.261151
0.271023
0.281009
0.290899
0.300804
0.310604
0.320563
0.330417
0.340292
0.350209
0.359970
0.370061
0.379801
0.389829
0.399506
0.409570
0.419196
0.429332
0.439123
0.448857
0.458744
0.468613
0.478377
0.488258
0.498184
0.507739
0.517680
0.527510
0.537208
0.547047
0.556847
0.566587
0.576438
0.586145
0.595877
0.605608
0.615360
0.625085
0.634816
0.644587
0.654264
0.663920
0.673702
0.683352
0.692940
0.702749
0.712285
0.722059
0.731658
0.741338
0.750923
0.760555
0.770193
0.779912
0.789659
0.799171
0.808800
0.818570
0.828194
0.837775
0.847482
0.857028
0.866660
0.876394
0.886018
0.895545
0.905258
0.914861
0.924523
0.934197
0.943884
0.953468
0.963103
0.972954
0.982635
0.992174
1.001779
1.011469
1.021233
1.030823
1.040518
1.050261
1.059879
1.069529
1.079260
1.088806
1.098504
1.108355
1.117987
1.127710
1.137492
1.147046
1.156675
1.166571
1.176039
1.185818
1.195507
1.205283
1.214850
1.224587
1.234243
1.243912
1.253658
1.263326
1.272916
1.282576
1.292175
1.302008
1.311715
1.321276
1.330995
1.340651
1.350221
1.359874
1.369617
1.379049
1.388696
1.398466
1.408069
1.417701
1.427432
1.436986
1.446601
1.456266
1.465842
1.475357
1.485031
1.494628
1.504230
1.513835
1.523342
1.532932
1.542565
1.552023
1.561634
1.571264
1.580671
1.590340
1.599846
1.609413
1.619039
1.628842
1.638255
1.647846
1.657316
1.667036
1.676449
1.686139
1.695651
1.705340
1.714985
1.724542
1.734162
1.743935
1.753445
1.763029
1.772695
1.782309
1.792085
1.801571
1.811170
1.820850
1.830572
1.840124
1.849741
1.859487
1.869138
1.878644
1.888408
1.897831
1.907784
1.917278
1.926899
1.936522
1.946157
1.955751
1.965356
1.975045
1.984618
1.994280
2.003906
2.013377
2.023174
2.032680
2.042226
2.051810
2.061451
2.071093
2.080773
2.090238
2.099963
2.109448
2.119057
2.128587
2.138192
2.147768
2.157208
2.166823
2.176266
2.185779
2.195336
2.204786
2.214355
2.223850
2.233260
2.242674
2.252303
2.261672
2.271127
2.280703
2.290051
2.299479
2.308929
2.318378
2.327744
2.337142
2.346631
2.355955
2.365303
2.374878
2.384118
2.393510
2.402849
2.412362
2.421691
2.431129
2.440495
2.449884
2.459328
2.468597
2.477969
2.487407
2.496811
2.506132
2.515618
2.524791
2.534358
2.543694
2.553020
2.562332
2.571821
2.581159
2.590618
2.599954
2.609373
2.618583
2.628081
2.637416
2.646779
2.656184
2.665510
2.674861
2.684278
2.693598
2.702880
2.712336
2.721650
2.731019
2.740319
2.749610
2.759128
2.768311
2.777755
2.786973
2.796453
2.805537
2.814819
2.824379
2.833442
2.842805
2.852204
2.861383
2.870647
2.879971
2.889265
2.898358
2.907780
2.916915
2.926242
2.935440
2.944611
2.953797
2.963043
2.972253
2.981400
2.990613
2.999645
3.009005
3.018110
3.027269
3.036383
3.045527
3.054686
3.063806
3.072878
3.081971
3.091103
3.100187
3.109268
3.118454
3.127535
3.136502
3.145571
3.154587
3.163656
3.172743
3.181809
3.190794
3.199926
3.208929
3.217983
3.227097
3.236118
3.245163
3.254235
3.263221
3.272257
3.281335
3.290323
3.299320
3.308416
3.317464
3.326395
3.335482
3.344483
3.353522
3.362645
3.371663
3.380681
3.389717
3.398630
3.407738
3.416786
3.425685
3.434733
3.443757
3.452661
3.461754
3.470754
3.479794
3.488686
3.497776
3.506683
3.515650
3.524701
3.533827
3.542648
3.551630
3.560573
3.569570
3.578382
3.587292
3.596370
3.605256
3.614140
3.623032
3.631972
3.640849
3.649799
3.658754
3.667517
3.676347
3.685353
3.694188
3.702979
3.711859
3.720610
3.729437
3.738284
3.747075
3.755862
3.764694
3.773440
3.782287
3.791078
3.799865
3.808560
3.817353
3.826189
3.834802
3.843626
3.852338
3.861045
3.869841
3.878470
3.887116
3.895856
3.904592
3.913191
3.921931
3.930583
3.939335
3.947987
3.956622
3.965382
3.974092
3.982643
3.991349
4.000044
4.008669
4.017325
4.026055
4.034816
4.043433
4.052073
4.060696
4.069387
4.078157
4.086782
4.095405
4.104184
4.112827
4.121384
4.130159
4.138863
4.147542
4.156258
4.164764
4.173668
4.182258
4.190859
4.199635
4.208326
4.217027
4.225713
4.234386
4.243054
4.251754
4.260464
4.269035
4.277787
4.286497
4.295047
4.303787
4.312437
4.321113
4.329736
4.338406
4.347026
4.355732
4.364433
4.373041
4.381747
4.390400
4.398986
4.407612
4.416289
4.424879
4.433438
4.442265
4.450768
4.459393
4.468004
4.476645
4.485222
4.493851
4.502446
4.510994
4.519596
4.528183
4.536736
4.545383
4.553843
4.562454
4.570927
4.579421
4.588077
4.596498
4.605070
4.613504
4.622139
4.630669
4.639142
4.647674
4.656210
4.664626
4.673093
4.681706
4.690098
4.698565
4.707164
4.715466
4.724038
4.732532
4.741010
4.749672
4.757869
4.766477
4.774863
4.783494
4.791910
4.800362
4.808970
4.817311
4.825840
4.834352
4.842783
4.851292
4.859792
4.868154
4.876681
4.885237
4.893710
4.902198
4.910647
4.919171
4.927724
4.936117
4.944616
4.953155
4.961520
4.969942
4.978684
4.986959
4.995528
5.003950
5.012489
5.020890
5.029378
5.037806
5.046327
5.054790
5.063272
5.071772
5.080119
5.088640
5.097076
5.105553
5.113986
5.122450
5.130905
5.139330
5.147749
5.156273
5.164575
5.172931
5.181544
5.189805
5.198191
5.206634
5.214995
5.223354
5.231791
5.240105
5.248500
5.256859
5.265122
5.273479
5.281915
5.290103
5.298528
5.306860
5.314995
5.323420
5.331716
5.339946
5.348197
5.356529
5.364768
5.373016
5.381273
5.389501
5.397734
5.405988
5.414146
5.422284
5.430564
5.438723
5.446995
5.455249
5.463305
5.471533
5.479703
5.487810
5.495935
5.504181
5.512240
5.520329
5.528491
5.536496
5.544789
5.552822
5.560830
5.568904
5.577108
5.585221
5.593287
5.601454
5.609534
5.617686
5.625731
5.633775
5.641945
5.650068
5.658043
5.666139
5.674234
5.682299
5.690373
5.698457
5.706507
5.714570
5.722677
5.730707
5.738799
5.746870
5.754951
5.762875
5.771153
5.779051
5.787083
5.795187
5.803175
5.811145
5.819195
5.827284
5.835173
5.843212
5.851322
5.859249
5.867231
5.875398
5.883344
5.891256
5.899274
5.907240
5.915236
5.923227
5.931286
5.939187
5.947067
5.955144
5.963060
5.970969
5.978909
5.986794
5.994725
6.002725
6.010586
6.018442
6.026459
6.034333
6.042171
6.050077
6.057927
6.065780
6.073710
6.081545
6.089262
6.097247
6.104917
6.112931
6.120754
6.128511
6.136259
6.144045
6.151832
6.159805
6.167457
6.175216
6.182982
6.190766
6.198505
6.206166
6.214057
6.221688
6.229403
6.237235
6.244818
6.252590
6.260293
6.267881
6.275692
0.000168
0.007922
0.015523
0.023276
0.030931
0.038493
0.046328
0.053827
0.061599
0.069314
0.076942
0.084660
0.092282
0.099895
0.107582
0.115219
0.122832
0.130517
0.138118
0.145830
0.153491
0.161155
0.168882
0.176522
0.184093
0.191718
0.199343
0.207063
0.214676
0.222256
0.229947
0.237617
0.245185
0.252843
0.260507
0.268180
0.275742
0.283430
0.291064
0.298689
0.306191
0.313990
0.321552
0.329045
0.336703
0.344349
0.351974
0.359533
0.367149
0.374792
0.382339
0.390030
0.397535
0.405205
0.412725
0.420281
0.427915
0.435468
0.442982
0.450592
0.458124
0.465653
0.473263
0.480822
0.488330
0.495865
0.503520
0.510906
0.518366
0.526101
0.533523
0.540986
0.548527
0.556002
0.563540
0.571084
0.578434
0.585978
0.593522
0.600970
0.608451
0.615950
0.623344
0.630805
0.638334
0.645683
0.653119
0.660666
0.668010
0.675416
0.682951
0.690336
0.697674
0.705125
0.712555
0.719952
0.727359
0.734711
0.742072
0.749529
0.756879
0.764324
0.771676
0.778984
0.786264
0.793820
0.800984
0.808468
0.815787
0.823128
0.830420
0.837877
0.845190
0.852573
0.859919
0.867313
0.874639
0.882135
0.889424
0.896732
0.904204
0.911409
0.918840
0.926183
0.933511
0.940816
0.948267
0.955631
0.962941
0.970345
0.977676
0.985016
0.992459
0.999823
1.007136
1.014471
1.021802
1.029217
1.036653
1.043994
1.051316
1.058668
1.066048
1.073400
1.080782
1.088054
1.095460
1.102914
1.110183
1.117487
1.124941
1.132285
1.139559
1.146911
1.154249
1.161616
1.168983
1.176303
1.183586
1.191091
1.198345
1.205670
1.213100
1.220381
1.227727
1.235097
1.242435
1.249805
1.257076
1.264333
1.271712
1.279055
1.286345
1.293655
1.300995
1.308264
1.315580
1.322897
1.330075
1.337422
1.344717
1.351994
1.359245
1.366600
1.373922
1.381203
1.388429
1.395740
1.402945
1.410295
1.417509
1.424751
1.432010
1.439216
1.446379
1.453668
1.460985
1.468280
1.475477
1.482649
1.489897
1.497207
1.504272
1.511678
1.518761
1.526056
1.533136
1.540560
1.547613
1.554929
1.562099
1.569229
1.576408
1.583637
1.590816
1.598006
1.605230
1.612540
1.619686
1.626918
1.634163
1.641335
1.648544
1.655722
1.662931
1.670184
1.677273
1.684542
1.691768
1.698971
1.706167
1.713418
1.720581
1.727796
1.735034
1.742165
1.749424
1.756681
1.763859
1.771077
1.778333
1.785637
1.792729
1.799995
1.807227
1.814394
1.821638
1.828808
1.836031
1.843291
1.850532
1.857699
1.864994
1.872173
1.879342
1.886605
1.893765
1.900974
1.908275
1.915415
1.922611
1.929853
1.937010
1.944276
1.951529
1.958564
1.965775
1.973050
1.980276
1.987470
1.994630
2.001791
2.008964
2.016223
2.023303
2.030469
2.037690
2.044841
2.051921
2.059273
2.066344
2.073478
2.080707
2.087691
2.095001
2.102021
2.109158
2.116408
2.123503
2.130526
2.137725
2.144868
2.151813
2.159006
2.166104
2.173195
2.180281
2.187355
2.194449
2.201550
2.208588
2.215662
2.222807
2.229875
2.236796
2.243941
2.250940
2.257900
2.264971
2.271951
2.278998
2.286033
2.292921
2.299914
2.307101
2.313947
2.320922
2.327897
2.334857
2.341891
2.348887
2.355901
2.362780
2.369770
2.376750
2.383579
2.390628
2.397588
2.404485
2.411475
2.418414
2.425364
2.432306
2.439227
2.446151
2.453225
2.460005
2.466944
2.473981
2.480821
2.487781
2.494693
2.501632
2.508502
2.515522
2.522353
2.529385
2.536177
2.543217
2.550081
2.556975
2.563881
2.570745
2.577765
2.584608
2.591514
2.598498
2.605365
2.612237
2.619197
2.626031
2.632985
2.639786
2.646815
2.653535
2.660579
2.667383
2.674268
2.681243
2.688059
2.694920
2.701859
2.708660
2.715539
2.722471
2.729296
2.736094
2.742991
2.749894
2.756624
2.763610
2.770429
2.777194
2.784064
2.790895
2.797771
2.804566
2.811364
2.818201
2.825083
2.831783
2.838572
2.845561
2.852216
2.859050
2.865884
2.872613
2.879408
2.886182
2.892944
2.899751
2.906570
2.913290
2.920064
2.926826
2.933528
2.940303
2.946948
2.953824
2.960415
2.967282
2.973810
2.980555
2.987398
2.993977
3.000766
3.007438
3.014122
3.020759
3.027506
3.034091
3.040802
3.047487
3.054075
3.060726
3.067410
3.074017
3.080692
3.087376
3.093910
3.100613
3.107321
3.113708
3.120417
3.127050
3.133623
3.140224
3.146824
3.153529
3.159952
3.166652
3.173219
3.179741
3.186336
3.192906
3.199450
3.206080
3.212593
3.219203
3.225803
3.232412
3.238833
3.245577
3.252033
3.258598
3.265105
3.271780
3.278255
3.284777
3.291312
3.297990
3.304506
3.311008
3.317551
3.324133
3.330650
3.337220
3.343734
3.350271
3.356757
3.363328
3.369802
3.376355
3.382880
3.389346
3.395847
3.402387
3.408919
3.415408
3.421898
3.428492
3.434865
3.441387
3.447853
3.454351
3.460870
3.467300
3.473771
3.480309
3.486651
3.493222
3.499666
3.506006
3.512579
3.518937
3.525453
3.531766
3.538405
3.544745
3.551168
3.557607
3.564028
3.570301
3.576752
3.583211
3.589560
3.595993
3.602335
3.608723
3.615083
3.621531
3.627805
3.634159
3.640577
3.646872
3.653310
3.659554
3.665896
3.672266
3.678549
3.684874
3.691243
3.697571
3.703710
3.710127
3.716359
3.722543
3.728826
3.735168
3.741322
3.747653
3.753960
3.760158
3.766381
3.772610
3.778821
3.785119
3.791207
3.797474
3.803670
3.809833
3.816062
3.822219
3.828373
3.834595
3.840755
3.846861
3.853003
3.859322
3.865329
3.871648
3.877763
3.883818
3.889960
3.896164
3.902220
3.908355
3.914515
3.920591
3.926730
3.932893
3.938930
3.945045
3.951187
3.957266
3.963396
3.969442
3.975557
3.981624
3.987748
3.993812
3.999957
4.006012
4.012037
4.018152
4.024258
4.030292
4.036377
4.042462
4.048490
4.054506
4.060669
4.066676
4.072764
4.078864
4.084886
4.090941
4.097038
4.103039
4.109124
4.115218
4.121294
4.127182
4.133398
4.139328
4.145385
4.151458
4.157430
4.163524
4.169563
4.175568
4.181632
4.187660
4.193703
4.199695
4.205807
4.211787
4.217785
4.223897
4.229817
4.235884
4.241933
4.247892
4.253963
4.259903
4.265913
4.271978
4.277946
4.283965
4.289936
4.295949
4.301890
4.307877
4.313892
4.319867
4.325838
4.331770
4.337804
4.343763
4.349741
4.355651
4.361635
4.367570
4.373568
4.379473
4.385406
4.391388
4.397309
4.403256
4.409233
4.415102
4.420992
4.426895
4.432785
4.438672
4.444730
4.450542
4.456403
4.462329
4.468256
4.474101
4.480000
4.485848
4.491849
4.497662
4.503576
4.509340
4.515182
4.521040
4.526861
4.532710
4.538567
4.544343
4.550159
4.556028
4.561831
4.567611
4.573474
4.579202
4.585006
4.590800
4.596603
4.602386
4.608159
4.613863
4.619619
4.625413
4.631136
4.636870
4.642683
4.648459
4.654101
4.659853
4.665534
4.671310
4.677083
4.682725
4.688454
4.694170
4.699893
4.705495
4.711259
4.716925
4.722686
4.728346
4.734000
4.739683
4.745430
4.751035
4.756674
4.762474
4.768106
4.773757
4.779500
4.785148
4.790733
4.796458
4.802049
4.807777
4.813458
4.819076
4.824756
4.830421
4.835988
4.841711
4.847385
4.852994
4.858692
4.864337
4.870018
4.875599
4.881298
4.886837
4.892551
4.898213
4.903843
4.909398
4.915051
4.920663
4.926241
4.931916
4.937477
4.943163
4.948760
4.954306
4.959950
4.965529
4.971110
4.976704
4.982304
4.987936
4.993422
4.999061
5.004660
5.010191
5.015841
5.021384
5.026936
5.032485
5.038081
5.043609
5.049188
5.054707
5.060339
5.065840
5.071350
5.076886
5.082447
5.087918
5.093431
5.098985
5.104498
5.110023
5.115670
5.121069
5.126543
5.132152
5.137598
5.143093
5.148570
5.154100
5.159610
5.165075
5.170531
5.175966
5.181581
5.186931
5.192399
5.197873
5.203272
5.208724
5.214243
5.219585
5.225053
5.230467
5.235866
5.241256
5.246688
5.252057
5.257459
5.262902
5.268229
5.273532
5.278985
5.284336
5.289660
5.294966
5.300284
5.305629
5.311088
5.316364
5.321667
5.326994
5.332309
5.337615
5.342888
5.348119
5.353488
5.358692
5.363941
5.369205
5.374464
5.379694
5.384941
5.390253
5.395448
5.400658
5.405892
5.411126
5.416316
5.421603
5.426760
5.431910
5.437123
5.442267
5.447528
5.452631
5.457829
5.463018
5.468165
5.473330
5.478400
5.483541
5.488628
5.493812
5.498968
5.504070
5.509220
5.514394
5.519443
5.524560
5.529704
5.534789
5.539843
5.544993
5.550074
5.555114
5.560201
5.565312
5.570366
5.575469
5.580556
5.585577
5.590713
5.595707
5.600791
5.605831
5.610864
5.615895
5.620952
5.626036
5.631043
5.636040
5.641032
5.646107
5.651116
5.656066
5.661120
5.666148
5.671130
5.676125
5.681179
5.686128
5.691138
5.696117
5.701043
5.706025
5.711013
5.715957
5.720960
5.725883
5.730883
5.735857
5.740770
5.745750
5.750654
5.755613
5.760544
5.765446
5.770419
5.775408
5.780258
5.785223
5.790122
5.795035
5.800011
5.804907
5.809814
5.814740
5.819635
5.824546
5.829484
5.834298
5.839272
5.844143
5.848997
5.853857
5.858758
5.863642
5.868489
5.873433
5.878202
5.883098
5.887937
5.892784
5.897635
5.902473
5.907315
5.912166
5.917070
5.921876
5.926672
5.931544
5.936323
5.941153
5.945991
5.950698
5.955513
5.960306
5.965097
5.969870
5.974633
5.979397
5.984176
5.989045
5.993805
5.998512
6.003264
6.008025
6.012797
6.017534
6.022217
6.026915
6.031610
6.036454
6.041071
6.045787
6.050529
6.055224
6.059937
6.064602
6.069345
6.073977
6.078681
6.083360
6.088043
6.092669
6.097349
6.102005
6.106652
6.111355
6.115915
6.120580
6.125287
6.129850
6.134476
6.139156
6.143725
6.148369
6.153013
6.157639
6.162255
6.166836
6.171393
6.176034
6.180663
6.185169
6.189744
6.194340
6.198870
6.203463
6.208065
6.212619
6.217227
6.221781
6.226296
6.230901
6.235443
6.239931
6.244485
6.249036
6.253545
6.258049
6.262560
6.267094
6.271668
6.276135
6.280639
0.001974
0.006528
0.010972
0.015475
0.020023
0.024475
0.028999
0.033511
0.037951
0.042442
0.046936
0.051340
0.055858
0.060395
0.064826
0.069269
0.073787
0.078227
0.082706
0.087161
0.091649
0.096087
0.100557
0.104985
0.109467
0.113913
0.118302
0.122811
0.127263
0.131701
0.136075
0.140605
0.144985
0.149416
0.153865
0.158327
0.162743
0.167177
0.171587
0.176057
0.180458
0.184869
0.189345
0.193689
0.198081
0.202491
0.206959
0.211330
0.215731
0.220162
0.224551
0.228947
0.233369
0.237791
0.242180
0.246522
0.251004
0.255333
0.259728
0.264066
0.268441
0.272869
0.277294
0.281617
0.285980
0.290339
0.294767
0.299078
0.303489
0.307827
0.312213
0.316575
0.320935
0.325369
0.329626
0.333961
0.338297
0.342677
0.347075
0.351371
0.355686
0.360039
0.364437
0.368725
0.373018
0.377407
0.381745
0.386048
0.390404
0.394667
0.398970
0.403344
0.407631
0.411934
0.416236
0.420511
0.424796
0.429140
0.433430
0.437703
0.441993
0.446296
0.450553
0.454849
0.459140
0.463430
0.467717
0.471963
0.476232
0.480469
0.484720
0.489013
0.493292
0.497510
0.501723
0.506001
0.510228
0.514438
0.518695
0.522980
0.527189
0.531402
0.535644
0.539850
0.544042
0.548272
0.552443
0.556667
0.560856
0.565113
0.569248
0.573478
0.577670
0.581930
0.586014
0.590202
0.594370
0.598564
0.602732
0.606995
0.611046
0.615249
0.619471
0.623539
0.627713
0.631886
0.635985
0.640197
0.644320
0.648445
0.652586
0.656739
0.660870
0.664999
0.669166
0.673193
0.677399
0.681462
0.685627
0.689698
0.693803
0.697925
0.702018
0.706125
0.710197
0.714299
0.718400
0.722466
0.726547
0.730669
0.734741
0.738809
0.742947
0.746926
0.751075
0.755096
0.759141
0.763191
0.767263
0.771287
0.775343
0.779382
0.783448
0.787492
0.791567
0.795582
0.799629
0.803623
0.807734
0.811731
0.815796
0.819838
0.823808
0.827891
0.831831
0.835900
0.839857
0.843935
0.847920
0.851962
0.855934
0.860006
0.864027
0.867999
0.872014
0.876035
0.880014
0.884016
0.887995
0.892010
0.895995
0.900021
0.903988
0.907991
0.912005
0.915960
0.919936
0.923954
0.927957
0.931923
0.935911
0.939899
0.943887
0.947886
0.951823
0.955826
0.959799
0.963768
0.967708
0.971702
0.975669
0.979647
0.983593
0.987620
0.991533
0.995512
0.999463
1.003439
1.007448
1.011391
1.015319
1.019297
1.023258
1.027183
1.031114
1.035081
1.039053
1.042990
1.046903
1.050810
1.054860
1.058809
1.062737
1.066704
1.070623
1.074566
1.078520
1.082430
1.086352
1.090298
1.094193
1.098114
1.102060
1.105973
1.109871
1.113838
1.117700
1.121631
1.125549
1.129474
1.133381
1.137300
1.141201
1.145111
1.149003
1.152885
1.156786
1.160699
1.164585
1.168459
1.172342
1.176255
1.180150
1.184008
1.187867
1.191765
1.195645
1.199507
1.203357
1.207291
1.211153
1.215039
1.218877
1.222715
1.226576
1.230411
1.234306
1.238213
1.242012
1.245880
1.249757
1.253592
1.257409
1.261268
1.265082
1.268914
1.272794
1.276623
1.280416
1.284260
1.288139
1.291884
1.295743
1.299539
1.303347
1.307191
1.310996
1.314780
1.318627
1.322411
1.326243
1.330060
1.333847
1.337658
1.341460
1.345268
1.349022
1.352824
1.356521
1.360380
1.364125
1.367948
1.371684
1.375465
1.379220
1.382980
1.386803
1.390482
1.394245
1.398047
1.401753
1.405552
1.409261
1.413012
1.416736
1.420451
1.424169
1.427911
1.431615
1.435351
1.439057
1.442781
1.446481
1.450214
1.453962
1.457668
1.461317
1.465044
1.468706
1.472403
1.476112
1.479821
1.483500
1.487194
1.490859
1.494523
1.498220
1.501851
1.505551
1.509215
1.512883
1.516544
1.520232
1.523878
1.527515
1.531194
1.534811
1.538454
1.542106
1.545743
1.549407
1.553039
1.556637
1.560298
1.563959
1.567543
1.571180
1.574856
1.578436
1.582065
1.585738
1.589315
1.592940
1.596565
1.600161
1.603762
1.607393
1.610997
1.614626
1.618182
1.621819
1.625444
1.629040
1.632629
1.636227
1.639873
1.643454
1.647061
1.650638
1.654219
1.657832
1.661478
1.665046
1.668621
1.672222
1.675793
1.679373
1.683011
1.686567
1.690138
1.693730
1.697299
1.700885
1.704471
1.708040
1.711596
1.715182
1.718742
1.722277
1.725866
1.729426
1.732991
1.736565
1.740112
1.743660
1.747219
1.750781
1.754329
1.757909
1.761441
1.765004
1.768551
1.772074
1.775616
1.779160
1.782689
1.786258
1.789793
1.793289
1.796819
1.800378
1.803961
1.807449
1.811026
1.814484
1.818004
1.821542
1.825057
1.828580
1.832097
1.835606
1.839102
1.842572
1.846137
1.849576
1.853130
1.856575
1.860137
1.863556
1.867091
1.870528
1.874108
1.877554
1.881032
1.884540
1.887992
1.891482
1.894988
1.898427
1.901929
1.905408
1.908856
1.912344
1.915774
1.919265
1.922704
1.926221
1.929649
1.933097
1.936561
1.940027
1.943476
1.946936
1.950361
1.953788
1.957270
1.960640
1.964116
1.967564
1.971022
1.974416
1.977885
1.981286
1.984743
1.988132
1.991565
1.994972
1.998420
2.001773
2.005219
2.008625
2.012020
2.015423
2.018847
2.022230
2.025637
2.029025
2.032438
2.035865
2.039191
2.042642
2.045965
2.049341
2.052784
2.056065
2.059477
2.062839
2.066212
2.069526
2.072920
2.076270
2.079602
2.082972
2.086313
2.089650
2.093030
2.096323
2.099705
2.102989
2.106311
2.109682
2.113002
2.116318
2.119611
2.122898
2.126226
2.129591
2.132848
2.136149
2.139469
2.142704
2.146054
2.149326
2.152612
2.155887
2.159195
2.162467
2.165765
2.169025
2.172297
2.175532
2.178828
2.182034
2.185353
2.188580
2.191780
2.195070
2.198386
2.201553
2.204822
2.208061
2.211296
2.214532
2.217765
2.221004
2.224212
2.227466
2.230651
2.233856
2.237113
2.240292
2.243546
2.246782
2.249945
2.253106
2.256321
2.259542
2.262712
2.265917
2.269108
2.272308
2.275532
2.278666
2.281892
2.284984
2.288184
2.291330
2.294557
2.297690
2.300842
2.303988
2.307239
2.310370
2.313528
2.316683
2.319822
2.322944
2.326075
2.329212
2.332352
2.335507
2.338650
2.341778
2.344890
2.348051
2.351143
2.354280
2.357411
2.360527
2.363637
2.366765
2.369886
2.372975
2.376079
2.379165
2.382287
2.385394
2.388465
2.391569
2.394652
2.397750
2.400827
2.403916
2.406984
2.410055
2.413108
2.416176
2.419282
2.422344
2.425427
2.428489
2.431590
2.434643
2.437666
2.440713
2.443757
2.446795
2.449851
2.452874
2.455879
2.458974
2.462063
2.465050
2.468112
2.471162
2.474203
2.477247
2.480288
2.483290
2.486304
2.489327
2.492341
2.495355
2.498366
2.501350
2.504400
2.507366
2.510381
2.513395
2.516379
2.519429
2.522452
2.525454
2.528408
2.531410
2.534352
2.537363
2.540347
2.543337
2.546327
2.549287
2.552227
2.555255
2.558186
2.561167
2.564133
2.567132
2.570083
2.573031
2.576015
2.578951
2.581896
2.584841
2.587808
2.590735
2.593719
2.596613
2.599573
2.602533
2.605409
2.608340
2.611297
2.614287
2.617181
2.620096
2.622984
2.625938
2.628869
2.631790
2.634663
2.637602
2.640511
2.643396
2.646288
2.649200
2.652067
2.655018
2.657918
2.660810
2.663701
2.666604
2.669468
2.672365
2.675256
2.678121
2.681051
2.683897
2.686788
2.689682
2.692469
2.695372
2.698227
2.701086
2.703950
2.706808
2.709672
2.712503
2.715359
2.718169
2.721066
2.723927
2.726747
2.729605
2.732478
2.735286
2.738036
2.740870
2.743704
2.746506
2.749361
2.752180
2.754991
2.757858
2.760641
2.763445
2.766268
2.769051
2.771861
2.774672
2.777449
2.780244
2.783046
2.785823
2.788594
2.791375
2.794221
2.796974
2.799761
2.802538
2.805300
2.808093
2.810843
2.813611
2.816377
2.819130
2.821868
2.824634
2.827390
2.830162
2.832864
2.835626
2.838383
2.841136
2.843851
2.846559
2.849327
2.852039
2.854762
2.857507
2.860212
2.862957
2.865683
2.868388
2.871121
2.873796
2.876460
2.879168
2.881895
2.884555
2.887272
2.889966
2.892635
2.895407
2.898052
2.900719
2.903382
2.906085
2.908748
2.911421
2.914117
2.916727
2.919441
2.922063
2.924750
2.927399
2.930077
2.932729
2.935371
2.938020
2.940653
2.943287
2.945941
2.948548
2.951178
2.953800
2.956454
2.959064
2.961718
2.964301
2.966917
2.969523
2.972106
2.974757
2.977355
2.979985
2.982559
2.985187
2.987790
2.990328
2.992925
2.995517
2.998132
3.000706
3.003274
3.005832
3.008382
3.010950
3.013502
3.016070
3.018682
3.021217
3.023806
3.026349
3.028899
3.031410
3.033971
3.036509
3.039074
3.041599
3.044122
3.046648
3.049173
3.051708
3.054228
3.056780
3.059261
3.061814
3.064303
3.066796
3.069337
3.071820
3.074325
3.076851
3.079365
3.081824
3.084302
3.086789
3.089270
3.091732
3.094204
3.096691
3.099154
3.101640
3.104088
3.106584
3.109029
3.111530
3.113999
3.116462
3.118927
3.121381
3.123814
3.126265
3.128746
3.131133
3.133557
3.135990
3.138417
3.140841
3.143276
3.145715
3.148154
3.150578
3.152972
3.155380
3.157840
3.160237
3.162691
3.165052
3.167521
3.169896
3.172302
3.174690
3.177087
3.179460
3.181851
3.184272
3.186665
3.189050
3.191429
3.193835
3.196202
3.198566
3.201010
3.203350
3.205711
3.208096
3.210460
3.212830
3.215167
3.217543
3.219898
3.222303
3.224619
3.226974
3.229290
3.231645
3.233985
3.236310
3.238683
3.241044
3.243360
3.245700
3.248043
3.250365
3.252701
3.255044
3.257363
3.259685
3.261974
3.264320
3.266636
3.268928
3.271247
3.273530
3.275861
3.278156
3.280436
3.282746
3.285044
3.287327
3.289640
3.291944
3.294221
3.296489
3.298811
3.301058
3.303335
3.305621
3.307892
3.310184
3.312452
3.314705
3.316937
3.319178
3.321461
3.323723
3.325943
3.328175
3.330458
3.332708
3.334955
3.337187
3.339425
3.341693
3.343892
3.346130
3.348398
3.350585
3.352791
3.355038
3.357267
3.359481
3.361665
3.363870
3.366051
3.368280
3.370458
3.372643
3.374871
3.377059
3.379249
3.381436
3.383641
3.385789
3.387976
3.390167
3.392323
3.394496
3.396713
3.398834
3.400979
3.403130
3.405335
3.407418
3.409548
3.411678
3.413823
3.415941
3.418078
3.420235
3.422407
3.424513
3.426646
3.428744
3.430826
3.432923
3.435044
3.437130
3.439224
3.441348
3.443445
3.445495
3.447613
3.449671
3.451729
3.453812
3.455891
3.457934
3.459996
3.462060
3.464112
3.466197
3.468217
3.470218
3.472273
3.474299
3.476321
3.478337
3.480384
3.482403
3.484396
3.486421
3.488434
3.490417
3.492437
3.494438
3.496433
3.498390
3.500361
3.502360
3.504340
3.506326
3.508304
3.510257
3.512214
3.514179
3.516106
3.518035
3.519965
3.521897
3.523833
3.525759
3.527691
3.529591
3.531529
3.533432
3.535355
3.537282
3.539175
3.541054
3.542953
3.544784
3.546698
3.548601
3.550494
3.552373
3.554230
3.556079
3.557937
3.559785
3.561610
3.563440
3.565241
3.567065
3.568920
3.570778
3.572599
3.574418
3.576240
3.578049
3.579835
3.581659
3.583451
3.585231
3.587010
3.588808
3.590597
3.592394
3.594192
3.595951
3.597724
3.599465
3.601203
3.602946
3.604702
3.606476
3.608222
3.609933
3.611716
3.613436
3.615173
3.616917
3.618631
3.620332
3.622016
3.623736
3.625426
3.627136
3.628853
3.630510
3.632188
3.633869
3.635550
3.637227
3.638950
3.640610
3.642264
3.643903
3.645559
3.647252
3.648888
3.650512
3.652136
3.653735
3.655359
3.657004
3.658661
3.660279
3.661909
3.663553
3.665135
3.666738
3.668335
3.669923
3.671502
3.673063
3.674642
3.676209
3.677785
3.679349
3.680922
3.682525
3.684083
3.685626
3.687171
3.688741
3.690254
3.691806
3.693364
3.694910
3.696432
3.697900
3.699389
3.700878
3.702383
3.703889
3.705417
3.706903
3.708422
3.709944
3.711440
3.712944
3.714415
3.715862
3.717291
3.718738
3.720143
3.721563
3.723001
3.724448
3.725916
3.727394
3.728820
3.730261
3.731681
3.733113
3.734527
3.735917
3.737334
3.738722
3.740106
3.741496
3.742841
3.744228
3.745565
3.746958
3.748354
3.749717
3.751065
3.752434
3.753783
3.755122
3.756479
3.757812
3.759182
3.760494
3.761827
3.763098
3.764431
3.765722
3.767043
3.768344
3.769650
3.770944
3.772229
3.773539
3.774818
3.776103
3.777383
3.778659
3.779932
3.781182
3.782416
3.783650
3.784903
3.786155
3.787405
3.788627
3.789837
3.791069
3.792285
3.793523
3.794760
3.795979
3.797184
3.798394
3.799589
3.800803
3.802001
3.803200
3.804395
3.805609
3.806768
3.807889
3.809042
3.810181
3.811340
3.812490
3.813665
3.814852
3.816020
3.817185
3.818345
3.819507
3.820670
3.821832
3.822974
3.824085
3.825212
3.826311
3.827417
3.828522
3.829616
3.830680
3.831758
3.832843
3.833894
3.834967
3.836091
3.837184
3.838316
3.839392
3.840471
3.841555
3.842607
3.843706
3.844797
3.845876
3.846912
3.847958
3.848985
3.850034
3.851047
3.852030
3.853036
3.854043
3.855043
3.856029
3.857051
3.858082
3.859103
3.860113
3.861129
3.862120
3.863121
3.864107
3.865101
3.866105
3.867118
3.868136
3.869095
3.870060
3.871024
3.871926
3.872846
3.873760
3.874692
3.875591
3.876525
3.877451
3.878389
3.879336
3.880276
3.881190
3.882095
3.883027
3.883919
3.884827
3.885750
3.886673
3.887608
3.888554
3.889459
3.890355
3.891275
3.892150
3.892995
3.893812
3.894663
3.895505
3.896353
3.897177
3.898019
3.898867
3.899751
3.900604
3.901443
3.902255
3.903058
3.903858
3.904652
3.905488
3.906327
3.907166
3.907993
3.908856
3.909716
3.910545
3.911393
3.912193
3.912990
3.913757
3.914494
3.915228
3.915971
3.916735
3.917505
3.918248
3.919006
3.919764
3.920531
3.921283
3.922038
3.922778
3.923512
3.924234
3.924959
3.925663
3.926407
3.927165
3.927896
3.928633
3.929364
3.930083
3.930823
3.931569
3.932303
3.933037
3.933771
3.934484
3.935197
3.935904
3.936578
3.937234
3.937891
3.938553
3.939197
3.939838
3.940479
3.941132
3.941785
3.942430
3.943083
3.943739
3.944386
3.945054
3.945695
3.946324
3.946950
3.947574
3.948200
3.948832
3.949476
3.950094
3.950711
3.951349
3.951987
3.952622
3.953266
3.953916
3.954557
3.955202
3.955819
3.956430
3.957029
3.957602
3.958156
3.958695
3.959231
3.959777
3.960325
3.960852
3.961368
3.961883
3.962428
3.963006
3.963579
3.964124
3.964672
3.965197
3.965718
3.966230
3.966758
3.967291
3.967806
3.968327
3.968825
3.969316
3.969826
3.970323
3.970826
3.971320
3.971803
3.972270
3.972764
3.973265
3.973804
3.974308
3.974841
3.975350
3.975851
3.976348
3.976857
3.977364
3.977861
3.978337
3.978808
3.979260
3.979721
3.980168
3.980605
3.981043
3.981462
3.981828
3.982202
3.982607
3.983005
3.983386
3.983781
3.984164
3.984554
3.984937
3.985312
3.985683
3.986067
3.986454
3.986822
3.987179
3.987568
3.987952
3.988326
3.988698
3.989057
3.989411
3.989767
3.990118
3.990471
3.990804
3.991133
3.991457
3.991777
3.992101
3.992404
3.992700
3.993000
3.993303
3.993608
3.993926
3.994267
3.994609
3.994935
3.995286
3.995625
3.995951
3.996281
3.996646
3.997003
3.997335
3.997665
3.998000
3.998357
3.998704
3.999049
3.999384
3.999723
4.000031
4.000325
4.000604
4.000909
4.001221
4.001497
4.001770
4.002048
4.002291
4.002539
4.002782
4.003022
4.003243
4.003444
4.003642
4.003851
4.004058
4.004247
4.004424
4.004628
4.004826
4.005002
4.005152
4.005317
4.005487
4.005637
4.005784
4.005919
4.006048
4.006174
4.006297
4.006419
4.006539
4.006671
4.006782
4.006893
4.006998
4.007114
4.007210
4.007315
4.007423
4.007537
4.007633
4.007740
4.007843
4.007953
4.008058
4.008142
4.008211
4.008295
4.008379
4.008453
4.008520
4.008597
4.008669
4.008738
4.008801
4.008861
4.008921
4.008987
4.009047
4.009098
4.009134
4.009181
4.009218
4.009251
4.009286
4.009307
4.009314
4.009319
4.009337
4.009358
4.009365
4.009370
4.009373
4.009373
4.009379
4.009379
4.009379
4.009379
4.009379
4.009379
4.009379
4.009379
4.009379
4.009379
4.009379
4.009379
4.009379
4.009379
4.009379
4.009379
4.009379
4.009379
4.009379
4.009370
4.009344
4.009310
4.009268
4.009239
4.009206
4.009170
4.009128
4.009092
4.009062
4.009035
4.009005
4.008966
4.008921
4.008882
4.008864
4.008843
4.008816
4.008798
4.008783
4.008762
4.008741
4.008711
4.008675
4.008663
4.008651
4.008639
4.008618
4.008612
4.008612
4.008612
4.008612
4.008612
4.008612
4.008612
4.008612
4.008612
4.008612
4.008612
4.008612
4.008612
4.008612
4.008612
4.008612
4.008612
4.008612
4.008612
4.008612
4.008612
4.008612
4.008612
4.008612
4.008612
4.008612
4.008612
4.008612
4.008612
4.008612
4.008612
4.008612
4.008612
4.008612
4.008612
4.008612
4.008612
4.008612
4.008612
4.008612
4.008612
4.008612
4.008612
4.008612
4.008612
4.008612
4.008612
4.008612
4.008612
4.008612
4.008612
4.008612
4.008612
4.008612
4.008612
4.008612
4.008612
4.008612
4.008612
4.008612
4.008612
4.008612
4.008612
4.008612
4.008612
4.008612
4.008612
4.008612
4.008612
4.008612
4.008612
4.008612
4.008612
4.008612
4.008612
4.008612
4.008612
4.008612
4.008612
4.008612
4.008612
4.008612
4.008612
4.008612
4.008612
4.008612
4.008612
4.008612
4.008612
4.008612
4.008612
4.008612
4.008612
4.008612
4.008612
4.008612
4.008612
4.008612
4.008612
4.008612