1.711227
1.711227
1.711227
1.711227
1.711227
1.711227
1.711227
1.711227
1.711323
1.711800
1.712441
1.713259
1.714254
1.715395
1.716671
1.718109
1.719766
1.721579
1.723478
1.725570
1.727769
1.730154
1.732745
1.735552
1.738459
1.741742
1.745092
1.748639
1.752342
1.756174
1.760294
1.764545
1.768923
1.773494
1.778261
1.783145
1.788271
1.793646
1.799078
1.804722
1.810661
1.816713
1.822902
1.829263
1.835827
1.842631
1.849507
1.856536
1.863805
1.871427
1.879022
1.886751
1.894802
1.903020
1.911484
1.919993
1.928720
1.937654
1.946828
1.956107
1.965521
1.975372
1.984971
1.995152
2.005374
2.015696
2.026212
2.037022
2.047864
2.058920
2.070389
2.081576
2.093458
2.105251
2.117235
2.129390
2.141761
2.154269
2.166988
2.179945
2.192930
2.206278
2.219676
2.233137
2.247087
2.260797
2.274932
2.289044
2.303380
2.317824
2.332561
2.347617
2.362693
2.378012
2.393307
2.408943
2.424525
2.440809
2.456946
2.473172
2.489585
2.506564
2.523293
2.540350
2.557359
2.574889
2.592538
2.609895
2.627637
2.645404
2.663230
2.680892
2.698695
2.716243
2.734228
2.751965
2.769641
2.787300
2.805261
2.822848
2.840738
2.858726
2.876436
2.894247
2.912137
2.929918
2.947589
2.965550
2.982676
3.000514
3.017853
3.035895
3.053080
3.070664
3.088065
3.105790
3.123269
3.140766
3.158098
3.175604
3.193044
3.210448
3.227945
3.245466
3.262930
3.280412
3.297516
3.314933
3.332735
3.349929
3.367390
3.384558
3.402178
3.419318
3.437160
3.454201
3.471851
3.489354
3.506815
3.524021
3.541494
3.558809
3.576111
3.593662
3.610820
3.628134
3.645520
3.662685
3.680014
3.697277
3.714523
3.731552
3.748968
3.766028
3.783144
3.800356
3.817380
3.834449
3.851610
3.868658
3.885705
3.902732
3.919665
3.936962
3.953689
3.970769
3.987664
4.004882
4.021741
4.038696
4.056067
4.072761
4.089839
4.106988
4.124335
4.141269
4.158418
4.175385
4.192633
4.209764
4.226830
4.243986
4.261495
4.278287
4.295757
4.312637
4.330095
4.346975
4.364379
4.381202
4.398699
4.415822
4.432893
4.450024
4.467216
4.484212
4.501386
4.518637
4.535766
4.552876
4.569888
4.586914
4.604028
4.621195
4.638276
4.655224
4.672341
4.689439
4.706388
4.723654
4.740351
4.757734
4.774638
4.791985
4.809134
4.826056
4.843512
4.860466
4.877855
4.894768
4.912007
4.929384
4.946423
4.963749
4.981075
4.998204
5.015569
5.032763
5.049793
5.067523
5.084718
5.101942
5.119245
5.136457
5.153819
5.170899
5.188417
5.205504
5.222483
5.239967
5.256868
5.274599
5.291455
5.308529
5.325822
5.342852
5.360002
5.377097
5.394121
5.411147
5.428312
5.445219
5.462146
5.479262
5.496077
5.513121
5.530004
5.546854
5.563937
5.580991
5.597733
5.614651
5.631747
5.648726
5.665509
5.682620
5.699434
5.716334
5.733457
5.750253
5.767217
5.784351
5.801195
5.818203
5.835305
5.852089
5.868915
5.885959
5.902878
5.919779
5.936593
5.953649
5.970334
5.987364
6.003980
6.020802
6.037688
6.054547
6.071208
6.088091
6.104635
6.121317
6.137934
6.154825
6.171391
6.188178
6.204479
6.221179
6.237960
6.254363
6.271015
0.004284
0.020769
0.037304
0.053878
0.070305
0.086799
0.103412
0.119845
0.136443
0.152937
0.169520
0.186028
0.202653
0.219159
0.235679
0.252496
0.268761
0.285177
0.302071
0.318361
0.334923
0.351524
0.367949
0.384547
0.400992
0.417429
0.434057
0.450619
0.467088
0.483408
0.500048
0.516415
0.532828
0.549369
0.565682
0.582008
0.598402
0.614704
0.631074
0.647346
0.663585
0.679994
0.696469
0.712594
0.728695
0.745305
0.761169
0.777546
0.793823
0.809972
0.826315
0.842452
0.858888
0.874941
0.891264
0.907431
0.923723
0.940040
0.956221
0.972553
0.989019
1.005246
1.021559
1.038014
1.054285
1.070814
1.086918
1.103522
1.119668
1.136344
1.152595
1.169124
1.185692
1.201757
1.218331
1.234828
1.251048
1.267440
1.284044
1.300408
1.316815
1.333149
1.349571
1.365887
1.382374
1.398532
1.414864
1.431648
1.447784
1.464107
1.480444
1.496725
1.513185
1.529385
1.545824
1.562093
1.578469
1.594744
1.611150
1.627551
1.643798
1.660199
1.676668
1.693152
1.709607
1.725905
1.742288
1.758745
1.775328
1.791734
1.808171
1.824898
1.841220
1.857899
1.874480
1.890949
1.907508
1.924106
1.940537
1.956976
1.973592
1.990223
2.006836
2.023153
2.039748
2.056253
2.072815
2.089528
2.105664
2.122358
2.138627
2.155057
2.171535
2.187939
2.204327
2.220749
2.236918
2.253238
2.269749
2.286186
2.302292
2.318519
2.334877
2.351098
2.367463
2.383686
2.399943
2.416245
2.432174
2.448802
2.464748
2.481076
2.497270
2.513757
2.529678
2.546093
2.562581
2.578478
2.595121
2.611222
2.627367
2.643744
2.660195
2.676236
2.692499
2.708797
2.724982
2.741343
2.757540
2.773608
2.790009
2.806124
2.822546
2.838449
2.854747
2.870926
2.886958
2.903125
2.919231
2.935299
2.951451
2.967414
2.983461
2.999696
3.015489
3.031470
3.047475
3.063393
3.079376
3.095280
3.111135
3.127050
3.142962
3.158751
3.174639
3.190581
3.206493
3.222219
3.238132
3.253948
3.269833
3.285757
3.301549
3.317485
3.333394
3.349282
3.365191
3.381157
3.396863
3.412721
3.428690
3.444692
3.460688
3.476486
3.492209
3.508094
3.524150
3.539789
3.555675
3.571667
3.587466
3.603255
3.619026
3.634977
3.650712
3.666460
3.682231
3.698014
3.713809
3.729326
3.745034
3.760776
3.776397
3.792138
3.807945
3.823252
3.838880
3.854819
3.870222
3.885927
3.901396
3.916921
3.932441
3.948119
3.963713
3.979167
3.994795
4.010341
4.026151
4.041659
4.057097
4.072578
4.088424
4.103980
4.119637
4.135303
4.150898
4.166600
4.182360
4.197936
4.213633
4.229410
4.245187
4.260626
4.276427
4.292339
4.307975
4.323761
4.339584
4.355154
4.370944
4.386610
4.402384
4.418293
4.433723
4.449674
4.465209
4.481061
4.496586
4.512498
4.528000
4.543900
4.559258
4.574981
4.590656
4.606311
4.621860
4.637694
4.653238
4.668781
4.684723
4.700240
4.715777
4.731525
4.747092
4.762714
4.778443
4.794292
4.809884
4.825409
4.841408
4.856982
4.872867
4.888521
4.904188
4.920049
4.935583
4.951723
4.967386
4.983289
4.999054
5.014892
5.030567
5.046383
5.062191
5.078180
5.094018
5.109825
5.125563
5.141532
5.157310
5.173131
5.188966
5.204878
5.220508
5.236333
5.252075
5.267792
5.283494
5.299370
5.315042
5.330751
5.346603
5.361892
5.377807
5.393441
5.408786
5.424642
5.440350
5.455693
5.471305
5.486836
5.502338
5.518046
5.533650
5.549035
5.564488
5.580287
5.595582
5.610918
5.626773
5.642095
5.657753
5.673090
5.688564
5.704171
5.719768
5.735500
5.750807
5.766326
5.781900
5.797452
5.813023
5.828501
5.844098
5.859621
5.875021
5.890525
5.906204
5.921468
5.936853
5.952633
5.967916
5.983499
5.998989
6.014061
6.029566
6.045050
6.060378
6.075603
6.091204
6.106340
6.121782
6.136984
6.152455
6.167475
6.182790
6.197908
6.213087
6.228322
6.243515
6.258638
6.273949
0.005749
0.021026
0.036049
0.051098
0.066243
0.081637
0.096485
0.111564
0.126787
0.141863
0.157155
0.172318
0.187292
0.202402
0.217637
0.232818
0.247957
0.263168
0.278268
0.293356
0.308672
0.323739
0.338869
0.354131
0.369291
0.384292
0.399473
0.414531
0.429593
0.444809
0.459847
0.475034
0.490305
0.505120
0.520205
0.535350
0.550142
0.565287
0.580423
0.595334
0.610533
0.625211
0.640362
0.655070
0.670110
0.685063
0.699804
0.714871
0.729728
0.744631
0.759557
0.774232
0.789158
0.804189
0.818978
0.833742
0.848825
0.863622
0.878411
0.893346
0.908302
0.923145
0.938053
0.952941
0.967906
0.982982
0.997837
1.012697
1.027857
1.042652
1.057692
1.072783
1.087631
1.102767
1.117739
1.132644
1.147741
1.162724
1.177846
1.192856
1.207920
1.222990
1.237842
1.252903
1.267889
1.282869
1.298095
1.312755
1.328137
1.342946
1.358022
1.372889
1.387902
1.402894
1.417833
1.432963
1.447721
1.462660
1.477808
1.492593
1.507487
1.522368
1.537591
1.552281
1.567417
1.582115
1.597263
1.611965
1.627209
1.642007
1.657173
1.671751
1.686962
1.701910
1.717103
1.731771
1.747132
1.762178
1.777201
1.792253
1.807233
1.822381
1.837460
1.852578
1.867604
1.882722
1.897777
1.912754
1.928034
1.943047
1.958339
1.973484
1.988399
2.003523
2.018833
2.033930
2.048958
2.064007
2.079044
2.094069
2.109313
2.124168
2.139349
2.154224
2.169136
2.184212
2.199291
2.214166
2.229042
2.244097
2.259077
2.273836
2.288933
2.303488
2.318669
2.333412
2.348219
2.363079
2.377928
2.392806
2.407556
2.422497
2.437223
2.452071
2.466971
2.481888
2.496563
2.511468
2.526287
2.541003
2.556100
2.570910
2.585761
2.600583
2.615482
2.630468
2.645035
2.660195
2.674786
2.689686
2.704561
2.719311
2.734261
2.748945
2.763787
2.778941
2.793304
2.808236
2.823079
2.837814
2.852701
2.867397
2.882056
2.896698
2.911672
2.926323
2.940932
2.955633
2.970215
2.985007
2.999708
3.014035
3.028968
3.043388
3.058042
3.072540
3.087065
3.101532
3.116036
3.130597
3.145089
3.159542
3.174049
3.188457
3.202832
3.217522
3.231906
3.246503
3.260863
3.275501
3.290059
3.304359
3.318848
3.333445
3.347919
3.362456
3.376924
3.391326
3.405833
3.420355
3.434823
3.449440
3.463771
3.478331
3.492856
3.507267
3.521711
3.536389
3.550887
3.565256
3.579640
3.594186
3.608408
3.622963
3.637440
3.651767
3.666223
3.680592
3.694901
3.709145
3.723684
3.737901
3.752405
3.766678
3.780837
3.795176
3.809497
3.823768
3.838014
3.852218
3.866450
3.880654
3.894864
3.909018
3.923153
3.937477
3.951615
3.965820
3.980078
3.993998
4.008106
4.022469
4.036511
4.050851
4.065016
4.079283
4.093506
4.107758
4.121968
4.136260
4.150650
4.164728
4.179001
4.193346
4.207625
4.221959
4.236349
4.250607
4.264712
4.279276
4.293301
4.307712
4.322323
4.336411
4.350777
4.365068
4.379279
4.393546
4.408050
4.422305
4.436404
4.450947
4.465083
4.479422
4.493752
4.507962
4.522217
4.536679
4.550938
4.565109
4.579406
4.593607
4.607749
4.622040
4.636292
4.650406
4.664719
4.678941
4.693038
4.707481
4.721485
4.735734
4.749962
4.764116
4.778491
4.792740
4.806860
4.821155
4.835509
4.849677
4.863795
4.878349
4.892494
4.906764
4.921205
4.935445
4.949755
4.964396
4.978418
4.993083
5.007393
5.021630
5.035972
5.050455
5.064812
5.079208
5.093535
5.107841
5.122381
5.136852
5.151132
5.165366
5.179801
5.194185
5.208497
5.222875
5.237124
5.251433
5.265707
5.279923
5.294331
5.308862
5.322638
5.337031
5.351259
5.365346
5.379545
5.394022
5.407983
5.422191
5.436410
5.450422
5.464528
5.478720
5.492577
5.506793
5.520935
5.534992
5.549023
5.563089
5.577365
5.591438
5.605409
5.619358
5.633521
5.647668
5.661684
5.675642
5.689873
5.703844
5.717931
5.732025
5.746121
5.760215
5.774356
5.788264
5.802399
5.816565
5.830559
5.844614
5.858794
5.872720
5.886759
5.900823
5.914796
5.928842
5.943067
5.956867
5.970847
5.984850
5.998707
6.012734
6.026660
6.040484
6.054391
6.068347
6.082213
6.096220
6.110028
6.123813
6.137691
6.151647
6.165243
6.179099
6.193007
6.206582
6.220379
6.234098
6.247763
6.261470
6.275303
0.005636
0.019226
0.033055
0.046738
0.060257
0.074000
0.087626
0.101330
0.115085
0.128860
0.142483
0.156107
0.169960
0.183431
0.197311
0.210940
0.224578
0.238375
0.252082
0.265717
0.279370
0.292984
0.306766
0.320431
0.334051
0.347860
0.361459
0.375271
0.388774
0.402562
0.416155
0.429835
0.443650
0.457201
0.470830
0.484513
0.497995
0.511652
0.525331
0.538901
0.552500
0.565982
0.579554
0.593132
0.606656
0.620175
0.633582
0.647178
0.660690
0.674092
0.687628
0.701062
0.714577
0.727994
0.741443
0.754707
0.768204
0.781680
0.795108
0.808597
0.821956
0.835348
0.848909
0.862154
0.875612
0.889104
0.902571
0.915909
0.929473
0.942940
0.956338
0.969748
0.983306
0.996800
1.010468
1.023896
1.037396
1.050984
1.064376
1.078056
1.091589
1.104990
1.118581
1.132087
1.145569
1.159126
1.172845
1.186333
1.199944
1.213580
1.226972
1.240382
1.254014
1.267536
1.281078
1.294833
1.308189
1.321650
1.335258
1.348735
1.362364
1.375843
1.389388
1.402742
1.416317
1.429760
1.443383
1.456769
1.470258
1.483761
1.497210
1.510615
1.524136
1.537546
1.551157
1.564568
1.577867
1.591424
1.604852
1.618278
1.631754
1.645308
1.658796
1.672318
1.685851
1.699420
1.712983
1.726537
1.740026
1.753574
1.767086
1.780694
1.794260
1.807787
1.821449
1.834917
1.848438
1.862106
1.875813
1.889406
1.903074
1.916589
1.930206
1.944021
1.957404
1.971051
1.984728
1.998325
2.011969
2.025448
2.039032
2.052646
2.066230
2.079814
2.093350
2.106848
2.120390
2.134007
2.147468
2.160894
2.174729
2.187981
2.201457
2.214999
2.228452
2.241787
2.255410
2.268758
2.281970
2.295521
2.308839
2.322261
2.335767
2.348965
2.362306
2.375819
2.389100
2.402510
2.415825
2.429044
2.442364
2.455771
2.469002
2.482328
2.495754
2.509182
2.522464
2.535847
2.549123
2.562530
2.575985
2.589165
2.602458
2.616189
2.629198
2.642459
2.656115
2.669222
2.682684
2.695914
2.709181
2.722762
2.735912
2.749295
2.762550
2.776002
2.789185
2.802439
2.815814
2.829074
2.842319
2.855643
2.868927
2.882149
2.895437
2.908494
2.921724
2.934832
2.948095
2.961155
2.974365
2.987566
3.000694
3.013883
3.027056
3.039996
3.053233
3.066200
3.079212
3.092304
3.105295
3.118304
3.131454
3.144391
3.157343
3.170376
3.183289
3.196355
3.209363
3.222366
3.235369
3.248438
3.261318
3.274462
3.287381
3.300264
3.313204
3.326569
3.339311
3.352284
3.365467
3.378398
3.391338
3.404440
3.417410
3.430398
3.443427
3.456451
3.469424
3.482454
3.495412
3.508184
3.521442
3.534109
3.547375
3.560288
3.573091
3.586135
3.599150
3.612057
3.624847
3.637817
3.650686
3.663709
3.676592
3.689224
3.702185
3.715002
3.728101
3.740708
3.753582
3.766426
3.779243
3.791887
3.804671
3.817422
3.830233
3.842963
3.855804
3.868439
3.881148
3.893833
3.906558
3.919192
3.931994
3.944733
3.957290
3.970002
3.982619
3.995496
4.008091
4.020890
4.033492
4.046273
4.059036
4.071685
4.084329
4.097146
4.110029
4.122471
4.135462
4.148139
4.160851
4.173503
4.186285
4.199087
4.211775
4.224721
4.237355
4.250238
4.262971
4.275813
4.288594
4.301624
4.314141
4.326955
4.339772
4.352488
4.365437
4.378149
4.390906
4.403669
4.416420
4.429295
4.442025
4.454749
4.467458
4.480269
4.492871
4.505739
4.518436
4.531218
4.543897
4.556690
4.569336
4.581935
4.594788
4.607410
4.620041
4.632856
4.645433
4.658005
4.670645
4.683393
4.696111
4.708734
4.721302
4.734077
4.746915
4.759226
4.772002
4.784825
4.797396
4.810114
4.822809
4.835557
4.848290
4.861062
4.873628
4.886271
4.899172
4.911974
4.924546
4.937612
4.950186
4.962970
4.975728
4.988463
5.001353
5.014272
5.026957
5.039702
5.052438
5.065043
5.077935
5.090770
5.103593
5.116443
5.129185
5.142008
5.154634
5.167511
5.180211
5.192968
5.205845
5.218444
5.231174
5.243946
5.256584
5.269185
5.281993
5.294487
5.307271
5.319977
5.332591
5.345243
5.357904
5.370422
5.383017
5.395655
5.408169
5.420753
5.433234
5.445799
5.458272
5.470778
5.483304
5.495828
5.508402
5.520779
5.533165
5.545814
5.558241
5.570678
5.583205
5.595644
5.608084
5.620500
5.633191
5.645388
5.657956
5.670582
5.682833
5.695566
5.707877
5.720499
5.732828
5.745390
5.757860
5.770264
5.782706
5.795266
5.807756
5.820091
5.832695
5.845117
5.857556
5.870098
5.882334
5.894860
5.907258
5.919521
5.931895
5.944302
5.956672
5.969016
5.981548
5.993853
6.006245
6.018616
6.030974
6.043180
6.055659
6.067796
6.080068
6.092423
6.104695
6.116964
6.129137
6.141307
6.153564
6.165821
6.177952
6.190158
6.202397
6.214564
6.226506
6.238925
6.250969
6.263025
6.275132
0.004171
0.016155
0.028199
0.040243
0.052341
0.064466
0.076486
0.088569
0.100889
0.112849
0.124831
0.137159
0.149021
0.161320
0.173292
0.185300
0.197383
0.209502
0.221603
0.233608
0.245832
0.257769
0.269996
0.282031
0.294165
0.306263
0.318310
0.330309
0.342491
0.354613
0.366529
0.378764
0.390737
0.402808
0.414798
0.426848
0.438949
0.450900
0.463028
0.474998
0.487045
0.499017
0.511037
0.522962
0.535096
0.546981
0.558860
0.570875
0.582796
0.594717
0.606647
0.618500
0.630439
0.642393
0.654138
0.666026
0.678163
0.689917
0.701799
0.713804
0.725534
0.737279
0.749206
0.760995
0.772743
0.784805
0.796424
0.808246
0.820107
0.831843
0.843668
0.855545
0.867304
0.879127
0.891033
0.902832
0.914576
0.926638
0.938308
0.950256
0.962171
0.973967
0.985771
0.997720
1.009515
1.021463
1.033379
1.045123
1.057081
1.069014
1.080749
1.092662
1.104664
1.116543
1.128471
1.140620
1.152400
1.164270
1.176258
1.188080
1.200001
1.212052
1.223802
1.235780
1.247681
1.259506
1.271457
1.283415
1.295279
1.307293
1.319101
1.331010
1.342910
1.354748
1.366663
1.378440
1.390467
1.402271
1.414195
1.425985
1.437780
1.449549
1.461527
1.473410
1.485355
1.497117
1.508820
1.520732
1.532570
1.544314
1.556122
1.567932
1.579662
1.591496
1.603411
1.615123
1.626969
1.638855
1.650692
1.662479
1.674364
1.686174
1.698237
1.709957
1.721869
1.733803
1.745544
1.757568
1.769435
1.781524
1.793268
1.805184
1.817009
1.828946
1.840867
1.852839
1.864718
1.876751
1.888675
1.900500
1.912500
1.924514
1.936387
1.948218
1.960281
1.972076
1.984135
1.995967
2.007870
2.019860
2.031802
2.043604
2.055519
2.067545
2.079284
2.091259
2.103324
2.114976
2.126861
2.138837
2.150542
2.162365
2.174181
2.186028
2.197745
2.209657
2.221306
2.233137
2.244945
2.256627
2.268443
2.280164
2.292028
2.303467
2.315436
2.326992
2.338773
2.350430
2.362175
2.373850
2.385520
2.397142
2.408835
2.420457
2.432010
2.443943
2.455544
2.467103
2.478853
2.490696
2.502096
2.513973
2.525553
2.537141
2.548829
2.560681
2.572261
2.583925
2.595663
2.607216
2.618874
2.630699
2.642207
2.654038
2.665714
2.677315
2.688910
2.700627
2.712243
2.723901
2.735591
2.747285
2.758832
2.770501
2.782090
2.793772
2.805474
2.816994
2.828607
2.840276
2.851745
2.863451
2.874986
2.886565
2.897989
2.909572
2.921149
2.932597
2.944045
2.955759
2.967075
2.978715
2.990034
3.001488
3.013065
3.024426
3.035883
3.047462
3.058692
3.070125
3.081582
3.092970
3.104445
3.115788
3.127074
3.138309
3.149787
3.161073
3.172470
3.183777
3.195006
3.206445
3.217755
3.228970
3.240316
3.251710
3.263041
3.274393
3.285754
3.297181
3.308296
3.319876
3.331147
3.342436
3.353710
3.365095
3.376382
3.387743
3.399002
3.410477
3.421700
3.433094
3.444509
3.455897
3.467093
3.478340
3.489797
3.500898
3.512376
3.523530
3.534876
3.546132
3.557412
3.568641
3.579982
3.591148
3.602476
3.613783
3.624985
3.636155
3.647462
3.658622
3.669863
3.681123
3.692220
3.703398
3.714681
3.725773
3.736963
3.748019
3.759155
3.770270
3.781404
3.792453
3.803673
3.814732
3.825697
3.836816
3.847913
3.858959
3.869985
3.881076
3.891892
3.903130
3.914087
3.925124
3.935961
3.947133
3.958069
3.969247
3.980015
3.991091
4.002180
4.013190
4.024321
4.035289
4.046246
4.057235
4.068267
4.079331
4.090288
4.101310
4.112426
4.123517
4.134345
4.145700
4.156438
4.167676
4.178608
4.189703
4.200798
4.211844
4.222867
4.233979
4.244905
4.256036
4.267178
4.278302
4.289205
4.300321
4.311472
4.322395
4.333469
4.344551
4.355562
4.366617
4.377757
4.388713
4.399849
4.410875
4.421846
4.432842
4.444023
4.454944
4.465963
4.476989
4.488086
4.499037
4.509945
4.520905
4.531907
4.543010
4.553880
4.564851
4.575856
4.587025
4.597832
4.608902
4.619634
4.630749
4.641652
4.652543
4.663355
4.674321
4.685368
4.696288
4.707182
4.718063
4.729047
4.740018
4.750861
4.761797
4.772780
4.783656
4.794400
4.805614
4.816376
4.827441
4.838334
4.849270
4.860160
4.871141
4.882196
4.892985
4.904074
4.915009
4.925906
4.937138
4.947990
4.958943
4.969963
4.980919
4.991963
5.003000
5.013906
5.024956
5.035960
5.046928
5.057885
5.069046
5.079882
5.090827
5.101972
5.112725
5.123810
5.134740
5.145792
5.156710
5.167766
5.178656
5.189592
5.200578
5.211412
5.222414
5.233361
5.244147
5.255146
5.266261
5.277074
5.287982
5.298777
5.309572
5.320421
5.331260
5.342244
5.352916
5.363786
5.374578
5.385324
5.396218
5.406896
5.417511
5.428395
5.439184
5.449850
5.460678
5.471296
5.482076
5.492904
5.503360
5.514065
5.524862
5.535385
5.546093
5.556842
5.567565
5.578166
5.588867
5.599551
5.610256
5.620892
5.631345
5.642089
5.652866
5.663298
5.674081
5.684831
5.695362
5.706091
5.716721
5.727315
5.737927
5.748662
5.759271
5.769892
5.780570
5.791164
5.801908
5.812517
5.823066
5.833678
5.844425
5.854920
5.865592
5.876270
5.886636
5.897320
5.907917
5.918460
5.929084
5.939708
5.950159
5.960759
5.971302
5.981857
5.992328
6.002940
6.013361
6.023910
6.034393
6.045029
6.055329
6.065878
6.076311
6.086791
6.097214
6.107560
6.117971
6.128355
6.138886
6.149094
6.159736
6.169988
6.180385
6.190736
6.200997
6.211364
6.221754
6.231992
6.242334
6.252548
6.263046
6.273232
0.000318
0.010615
0.020903
0.031138
0.041388
0.051766
0.062054
0.072259
0.082514
0.092845
0.103061
0.113164
0.123521
0.133750
0.144200
0.154444
0.164669
0.174895
0.185210
0.195520
0.205724
0.215989
0.226259
0.236488
0.246776
0.257053
0.267293
0.277549
0.287750
0.297943
0.308291
0.318687
0.328700
0.339010
0.349406
0.359608
0.369911
0.380017
0.390263
0.400513
0.410693
0.420937
0.431288
0.441283
0.451676
0.461911
0.472065
0.482140
0.492453
0.502517
0.512673
0.522935
0.532983
0.543083
0.553437
0.563564
0.573670
0.583767
0.593887
0.603969
0.614012
0.624079
0.634355
0.644356
0.654482
0.664495
0.674625
0.684584
0.694714
0.704672
0.714643
0.724818
0.734852
0.744799
0.754844
0.764854
0.774840
0.784919
0.794824
0.804831
0.814927
0.824925
0.834869
0.844921
0.854742
0.864908
0.874935
0.885047
0.894928
0.904869
0.914888
0.924901
0.935057
0.944959
0.955002
0.965141
0.975066
0.985175
0.995233
1.005153
1.015196
1.025331
1.035269
1.045354
1.055487
1.065488
1.075572
1.085705
1.095631
1.105635
1.115728
1.125822
1.135802
1.145956
1.155896
1.165972
1.176132
1.186115
1.196241
1.206290
1.216315
1.226349
1.236463
1.246479
1.256507
1.266592
1.276509
1.286519
1.296537
1.306613
1.316563
1.326779
1.336687
1.346676
1.356710
1.366840
1.376688
1.387003
1.396630
1.406711
1.416796
1.426623
1.436714
1.446742
1.456569
1.466555
1.476558
1.486430
1.496461
1.506426
1.516301
1.526320
1.536261
1.546211
1.556134
1.566155
1.575997
1.585902
1.595876
1.605856
1.615737
1.625747
1.635658
1.645566
1.655567
1.665421
1.675344
1.685509
1.695417
1.705301
1.715434
1.725279
1.735346
1.745323
1.755252
1.765285
1.775331
1.785239
1.795234
1.805358
1.815328
1.825284
1.835336
1.845466
1.855335
1.865366
1.875265
1.885448
1.895455
1.905432
1.915454
1.925616
1.935545
1.945501
1.955556
1.965494
1.975480
1.985645
1.995475
2.005539
2.015501
2.025556
2.035482
2.045491
2.055387
2.065415
2.075533
2.085273
2.095382
2.105254
2.115282
2.125207
2.135053
2.145023
2.155141
2.164953
2.174912
2.184796
2.194725
2.204429
2.214382
2.224287
2.234144
2.244004
2.253948
2.263715
2.273560
2.283411
2.293158
2.302999
2.312788
2.322600
2.332370
2.342269
2.351964
2.361740
2.371546
2.381310
2.391036
2.400863
2.410600
2.420334
2.430176
2.439910
2.449743
2.459519
2.469158
2.478928
2.488731
2.498525
2.508253
2.517967
2.527812
2.537510
2.547316
2.557104
2.566793
2.576599
2.586393
2.596059
2.605892
2.615581
2.625336
2.635118
2.644873
2.654662
2.664429
2.674052
2.683870
2.693571
2.703321
2.713088
2.722780
2.732475
2.742176
2.751938
2.761642
2.771334
2.781035
2.790683
2.800387
2.810241
2.819858
2.829496
2.839222
2.848770
2.858474
2.868179
2.877790
2.887353
2.897103
2.906666
2.916283
2.925913
2.935461
2.945075
2.954633
2.964076
2.973795
2.983329
2.992803
3.002369
3.012004
3.021367
3.031017
3.040518
3.049898
3.059462
3.069004
3.078427
3.087894
3.097404
3.106829
3.116321
3.125878
3.135226
3.144652
3.154041
3.163491
3.172758
3.182393
3.191681
3.201112
3.210673
3.219979
3.229407
3.238842
3.248255
3.257639
3.267065
3.276475
3.285990
3.295332
3.304605
3.314031
3.323597
3.332972
3.342314
3.351796
3.361117
3.370593
3.379971
3.389325
3.398654
3.408152
3.417586
3.426883
3.436294
3.445611
3.455085
3.464433
3.473867
3.483134
3.492650
3.501970
3.511210
3.520588
3.530085
3.539337
3.548784
3.558069
3.567302
3.576668
3.585935
3.595241
3.604741
3.613876
3.623221
3.632511
3.641868
3.651003
3.660297
3.669579
3.678839
3.688112
3.697310
3.706463
3.715901
3.724958
3.734114
3.743375
3.752503
3.761728
3.770902
3.780070
3.789256
3.798373
3.807454
3.816664
3.825847
3.834883
3.844159
3.853045
3.862363
3.871384
3.880465
3.889549
3.898630
3.907633
3.916774
3.925894
3.934859
3.943933
3.952964
3.962230
3.971171
3.980183
3.989360
3.998333
4.007498
4.016513
4.025594
4.034660
4.043615
4.052693
4.061801
4.070868
4.079871
4.088964
4.098066
4.107111
4.116114
4.125150
4.134150
4.143270
4.152363
4.161522
4.170609
4.179579
4.188681
4.197742
4.206804
4.215849
4.225041
4.234077
4.243201
4.252254
4.261264
4.270252
4.279528
4.288441
4.297531
4.306594
4.315705
4.324708
4.333804
4.342840
4.351868
4.360958
4.369987
4.379027
4.388084
4.397072
4.406144
4.415216
4.424183
4.433100
4.442136
4.451181
4.460196
4.469271
4.478130
4.487211
4.496242
4.505188
4.514176
4.523227
4.532098
4.541134
4.550081
4.559000
4.568036
4.576973
4.585847
4.594833
4.603740
4.612659
4.621554
4.630552
4.639360
4.648300
4.657207
4.666115
4.674980
4.683902
4.692765
4.701573
4.710546
4.719370
4.728211
4.737029
4.745897
4.754879
4.763714
4.772694
4.781514
4.790401
4.799230
4.808068
4.817005
4.825873
4.834706
4.843664
4.852574
4.861458
4.870413
4.879221
4.888171
4.897024
4.905904
4.914754
4.923800
4.932563
4.941599
4.950468
4.959330
4.968159
4.977139
4.986025
4.994947
5.003782
5.012729
5.021540
5.030462
5.039313
5.048139
5.057172
5.065966
5.074921
5.083888
5.092541
5.101379
5.110451
5.119212
5.128137
5.136978
5.145825
5.154688
5.163547
5.172352
5.181116
5.190086
5.198889
5.207721
5.216517
5.225275
5.234068
5.242958
5.251661
5.260427
5.269317
5.278032
5.286844
5.295580
5.304269
5.312966
5.321787
5.330398
5.339116
5.347874
5.356502
5.365197
5.373942
5.382616
5.391170
5.399963
5.408529
5.417106
5.425924
5.434465
5.443070
5.451783
5.460307
5.468827
5.477441
5.485986
5.494677
5.503171
5.511800
5.520339
5.528979
5.537446
5.545973
5.554446
5.563110
5.571592
5.580146
5.588645
5.597104
5.605852
5.614298
5.622783
5.631396
5.639857
5.648402
5.656944
5.665396
5.673955
5.682479
5.690844
5.699416
5.708005
5.716448
5.724843
5.733598
5.742005
5.750495
5.758941
5.767402
5.775896
5.784402
5.792770
5.801390
5.809886
5.818269
5.826763
5.835215
5.843625
5.852155
5.860565
5.868971
5.877453
5.885917
5.894375
5.902734
5.911222
5.919593
5.927982
5.936338
5.944766
5.953191
5.961592
5.969939
5.978322
5.986753
5.995085
6.003431
6.011778
6.020096
6.028521
6.036805
6.045149
6.053397
6.061744
6.069989
6.078333
6.086596
6.094820
6.103158
6.111481
6.119648
6.127912
6.136226
6.144450
6.152632
6.160931
6.169084
6.177359
6.185448
6.193618
6.201807
6.210217
6.218288
6.226479
6.234646
6.242723
6.250888
6.259067
6.267169
6.275311
0.000321
0.008392
0.016523
0.024705
0.032795
0.041019
0.049036
0.057141
0.065242
0.073379
0.081436
0.089540
0.097695
0.105761
0.113874
0.122020
0.130104
0.138124
0.146468
0.154474
0.162605
0.170670
0.178661
0.186846
0.194965
0.203034
0.211117
0.219212
0.227302
0.235385
0.243501
0.251546
0.259644
0.267859
0.275853
0.283942
0.292059
0.300142
0.308171
0.316327
0.324311
0.332323
0.340427
0.348699
0.356630
0.364761
0.372760
0.380766
0.388843
0.396909
0.404920
0.413045
0.421003
0.429101
0.437122
0.445106
0.453216
0.461138
0.469152
0.477209
0.485187
0.493151
0.501186
0.509144
0.517122
0.525140
0.533118
0.541019
0.549027
0.557036
0.564936
0.572867
0.580857
0.588746
0.596704
0.604592
0.612493
0.620516
0.628324
0.636228
0.644161
0.652086
0.659935
0.667800
0.675710
0.683697
0.691637
0.699390
0.707261
0.715153
0.722897
0.730837
0.738765
0.746375
0.754284
0.762065
0.769900
0.777854
0.785665
0.793398
0.801268
0.809076
0.816932
0.824614
0.832547
0.840391
0.848178
0.856012
0.863739
0.871547
0.879519
0.887120
0.894925
0.902856
0.910675
0.918441
0.926306
0.934200
0.941816
0.949750
0.957516
0.965404
0.973224
0.980948
0.988833
0.996680
1.004470
1.012329
1.020136
1.027938
1.035770
1.043625
1.051412
1.059391
1.067102
1.074988
1.082751
1.090675
1.098465
1.106225
1.114071
1.121885
1.129687
1.137576
1.145323
1.153233
1.161047
1.168818
1.176638
1.184500
1.192358
1.199962
1.207947
1.215608
1.223610
1.231316
1.239094
1.246872
1.254736
1.262499
1.270253
1.278145
1.285904
1.293637
1.301457
1.309325
1.317045
1.324853
1.332595
1.340379
1.348117
1.355838
1.363610
1.371421
1.379231
1.387012
1.394658
1.402367
1.410175
1.417988
1.425613
1.433292
1.441079
1.448842
1.456551
1.464248
1.472001
1.479719
1.487419
1.495005
1.502750
1.510645
1.518273
1.525921
1.533624
1.541288
1.548973
1.556685
1.564184
1.572016
1.579638
1.587335
1.594990
1.602689
1.610353
1.618071
1.625741
1.633465
1.641105
1.648799
1.656457
1.664165
1.671994
1.679595
1.687187
1.695028
1.702671
1.710410
1.718082
1.725761
1.733491
1.741212
1.748813
1.756528
1.764425
1.771976
1.779780
1.787414
1.795108
1.802853
1.810568
1.818274
1.825967
1.833718
1.841367
1.849073
1.856779
1.864551
1.872194
1.879950
1.887626
1.895413
1.903122
1.910696
1.918513
1.926224
1.933873
1.941567
1.949372
1.957066
1.964661
1.972400
1.980064
1.987767
1.995481
2.003142
2.010815
2.018461
2.026197
2.033828
2.041540
2.049162
2.056832
2.064513
2.072063
2.079790
2.087469
2.095016
2.102698
2.110368
2.117951
2.125498
2.133276
2.140661
2.148412
2.156007
2.163512
2.171092
2.178759
2.186309
2.193877
2.201352
2.209001
2.216521
2.224086
2.231678
2.239213
2.246788
2.254305
2.261771
2.269324
2.276802
2.284325
2.291770
2.299242
2.306873
2.314376
2.321770
2.329233
2.336741
2.344246
2.351721
2.359083
2.366633
2.374096
2.381535
2.388986
2.396423
2.403814
2.411253
2.418662
2.426182
2.433655
2.440974
2.448566
2.455903
2.463387
2.470779
2.478218
2.485639
2.493039
2.500494
2.507930
2.515414
2.522850
2.530145
2.537711
2.545042
2.552502
2.559899
2.567300
2.574688
2.582151
2.589468
2.597006
2.604343
2.611710
2.619323
2.626580
2.634112
2.641347
2.648756
2.656274
2.663644
2.671062
2.678429
2.685824
2.693215
2.700507
2.708015
2.715371
2.722651
2.730105
2.737494
2.744792
2.752195
2.759631
2.766807
2.774267
2.781593
2.788906
2.796306
2.803613
2.810951
2.818252
2.825608
2.832882
2.840195
2.847617
2.854876
2.862195
2.869467
2.876795
2.884118
2.891341
2.898586
2.905863
2.913146
2.920370
2.927689
2.935030
2.942070
2.949486
2.956631
2.963927
2.971138
2.978347
2.985549
2.992775
2.999975
3.007160
3.014392
3.021550
3.028785
3.036012
3.043109
3.050324
3.057478
3.064624
3.071740
3.078879
3.085977
3.093185
3.100295
3.107387
3.114565
3.121726
3.128763
3.135879
3.143010
3.150044
3.157130
3.164270
3.171329
3.178444
3.185539
3.192568
3.199677
3.206805
3.213908
3.220985
3.228098
3.235025
3.242242
3.249313
3.256363
3.263412
3.270513
3.277566
3.284645
3.291689
3.298718
3.305794
3.312919
3.319999
3.327028
3.334047
3.341190
3.348084
3.355307
3.362258
3.369365
3.376405
3.383344
3.390379
3.397504
3.404505
3.411537
3.418575
3.425649
3.432603
3.439736
3.446600
3.453728
3.460766
3.467719
3.474733
3.481672
3.488734
3.495649
3.502713
3.509589
3.516570
3.523608
3.530523
3.537480
3.544457
3.551381
3.558368
3.565244
3.572150
3.579212
3.586123
3.593047
3.599899
3.606874
3.613747
3.620638
3.627565
3.634393
3.641350
3.648256
3.655200
3.662008
3.668884
3.675796
3.682602
3.689514
3.696259
3.703102
3.709921
3.716689
3.723567
3.730441
3.737155
3.743944
3.750769
3.757570
3.764290
3.771133
3.777841
3.784570
3.791440
3.798064
3.804827
3.811589
3.818291
3.825038
3.831788
3.838439
3.845127
3.851892
3.858543
3.865227
3.871956
3.878638
3.885229
3.891943
3.898687
3.905338
3.912035
3.918623
3.925331
3.932048
3.938597
3.945258
3.951855
3.958557
3.965197
3.971857
3.978484
3.985117
3.991760
3.998345
4.005026
4.011710
4.018334
4.024941
4.031610
4.038208
4.044766
4.051468
4.058095
4.064645
4.071374
4.077920
4.084571
4.091198
4.097754
4.104294
4.111006
4.117540
4.124275
4.130827
4.137413
4.144019
4.150608
4.157151
4.163781
4.170370
4.177024
4.183540
4.190128
4.196702
4.203284
4.209920
4.216419
4.223052
4.229748
4.236178
4.242805
4.249424
4.255967
4.262561
4.269230
4.275741
4.282275
4.288795
4.295401
4.302010
4.308536
4.314980
4.321652
4.328112
4.334721
4.341198
4.347766
4.354372
4.360940
4.367468
4.373919
4.380450
4.386993
4.393489
4.399996
4.406525
4.413047
4.419453
4.426119
4.432488
4.438981
4.445653
4.451894
4.458590
4.464975
4.471371
4.477867
4.484299
4.490735
4.497161
4.503678
4.510086
4.516516
4.522936
4.529378
4.535850
4.542189
4.548625
4.554991
4.561424
4.567838
4.574184
4.580706
4.586965
4.593349
4.599794
4.606128
4.612473
4.618840
4.625222
4.631570
4.637922
4.644247
4.650628
4.656977
4.663250
4.669668
4.676020
4.682180
4.688559
4.694859
4.701139
4.707421
4.713746
4.720050
4.726243
4.732606
4.738847
4.745190
4.751467
4.757764
4.763972
4.770333
4.776639
4.782928
4.789136
4.795386
4.801692
4.807975
4.814174
4.820430
4.826799
4.833004
4.839212
4.845551
4.851762
4.858051
4.864316
4.870572
4.876824
4.883077
4.889219
4.895568
4.901758
4.908038
4.914251
4.920549
4.926712
4.933028
4.939164
4.945416
4.951588
4.957922
4.964127
4.970391
4.976650
4.982864
4.989063
4.995244
5.001496
5.007665
5.013888
5.020162
5.026334
5.032545
5.038665
5.044858
5.051138
5.057241
5.063461
5.069621
5.075784
5.081934
5.088166
5.094326
5.100534
5.106685
5.112830
5.118960
5.125159
5.131232
5.137464
5.143537
5.149627
5.155850
5.161938
5.168062
5.174156
5.180178
5.186377
5.192507
5.198517
5.204683
5.210705
5.216865
5.222881
5.228975
5.234988
5.241061
5.247143
5.253156
5.259226
5.265275
5.271282
5.277331
5.283374
5.289367
5.295413
5.301432
5.307412
5.313335
5.319378
5.325304
5.331188
5.337321
5.343188
5.349099
5.355091
5.360981
5.366940
5.372828
5.378841
5.384674
5.390627
5.396475
5.402378
5.408286
5.414110
5.420019
5.425918
5.431718
5.437566
5.443484
5.449314
5.455156
5.461022
5.466793
5.472569
5.478421
5.484197
5.490042
5.495825
5.501613
5.507441
5.513250
5.519038
5.524799
5.530546
5.536283
5.542072
5.547860
5.553607
5.559374
5.565145
5.570813
5.576685
5.582390
5.588157
5.593862
5.599671
5.605370
5.611050
5.616853
5.622561
5.628328
5.634024
5.639701
5.645415
5.651170
5.656818
5.662549
5.668346
5.673955
5.679660
5.685319
5.690994
5.696626
5.702349
5.707978
5.713626
5.719304
5.724951
5.730628
5.736312
5.741996
5.747583
5.753213
5.758938
5.764523
5.770185
5.775761
5.781364
5.787161
5.792677
5.798276
5.803930
5.809488
5.815061
5.820702
5.826227
5.831862
5.837477
5.843061
5.848650
5.854288
5.859818
5.865397
5.871015
5.876531
5.882103
5.887703
5.893230
5.898785
5.904364
5.909844
5.915428
5.920962
5.926535
5.931984
5.937596
5.943088
5.948606
5.954170
5.959710
5.965193
5.970700
5.976197
5.981668
5.987196
5.992643
5.998128
6.003584
6.009022
6.014481
6.019913
6.025420
6.030860
6.036325
6.041739
6.047198
6.052654
6.058085
6.063473
6.068923
6.074339
6.079705
6.085092
6.090446
6.095863
6.101307
6.106589
6.111964
6.117393
6.122707
6.128070
6.133491
6.138791
6.144132
6.149519
6.154819
6.160134
6.165515
6.170824
6.176082
6.181448
6.186760
6.192078
6.197363
6.202687
6.207927
6.213347
6.218575
6.223902
6.229169
6.234427
6.239688
6.245009
6.250226
6.255487
6.260763
6.266012
6.271234
6.276471
6.281714
0.003802
0.008988
0.014306
0.019432
0.024726
0.029970
0.035219
0.040390
0.045633
0.050837
0.056029
0.061218
0.066462
0.071657
0.076858
0.082071
0.087275
0.092449
0.097635
0.102861
0.108041
0.113239
0.118449
0.123620
0.128875
0.134074
0.139194
0.144401
0.149623
0.154740
0.159956
0.165107
0.170257
0.175425
0.180638
0.185845
0.190939
0.196173
0.201245
0.206482
0.211665
0.216807
0.221921
0.227068
0.232260
0.237387
0.242519
0.247699
0.252792
0.258020
0.263126
0.268246
0.273423
0.278480
0.283631
0.288781
0.293904
0.299036
0.304175
0.309298
0.314397
0.319532
0.324626
0.329737
0.334887
0.339992
0.345032
0.350179
0.355221
0.360303
0.365444
0.370519
0.375666
0.380691
0.385796
0.390877
0.395968
0.401028
0.406106
0.411179
0.416224
0.421272
0.426345
0.431372
0.436409
0.441499
0.446538
0.451587
0.456677
0.461671
0.466771
0.471759
0.476798
0.481787
0.486877
0.491851
0.496869
0.501893
0.506888
0.511912
0.516963
0.521943
0.526871
0.531944
0.536920
0.541915
0.546942
0.551930
0.556862
0.561856
0.566869
0.571770
0.576804
0.581690
0.586751
0.591649
0.596569
0.601506
0.606441
0.611387
0.616442
0.621331
0.626230
0.631203
0.636087
0.641012
0.645923
0.650845
0.655756
0.660603
0.665532
0.670493
0.675401
0.680228
0.685174
0.690082
0.694941
0.699834
0.704735
0.709592
0.714476
0.719392
0.724282
0.729054
0.734010
0.738783
0.743681
0.748481
0.753361
0.758191
0.763078
0.767886
0.772791
0.777572
0.782426
0.787274
0.792130
0.796897
0.801754
0.806574
0.811410
0.816201
0.821021
0.825824
0.830633
0.835480
0.840307
0.845131
0.849873
0.854667
0.859572
0.864326
0.869141
0.873986
0.878800
0.883576
0.888313
0.893217
0.897951
0.902802
0.907577
0.912347
0.917123
0.921919
0.926701
0.931456
0.936298
0.941076
0.945891
0.950670
0.955442
0.960164
0.965057
0.969784
0.974527
0.979330
0.984058
0.988869
0.993639
0.998388
1.003119
1.007957
1.012682
1.017455
1.022278
1.026988
1.031776
1.036501
1.041360
1.046040
1.050834
1.055627
1.060346
1.065092
1.069829
1.074551
1.079308
1.084063
1.088773
1.093507
1.098240
1.102998
1.107786
1.112490
1.117244
1.122011
1.126742
1.131503
1.136185
1.140907
1.145629
1.150357
1.155082
1.159776
1.164537
1.169298
1.173882
1.178645
1.183322
1.188113
1.192868
1.197500
1.202171
1.206892
1.211563
1.216249
1.220998
1.225654
1.230387
1.235037
1.239723
1.244445
1.249101
1.253745
1.258472
1.263152
1.267775
1.272479
1.277141
1.281794
1.286429
1.291132
1.295782
1.300441
1.305118
1.309744
1.314322
1.319044
1.323631
1.328328
1.332963
1.337544
1.342215
1.346868
1.351455
1.356123
1.360791
1.365354
1.369956
1.374624
1.379234
1.383806
1.388444
1.392953
1.397666
1.402214
1.406774
1.411421
1.416044
1.420574
1.425242
1.429784
1.434335
1.438940
1.443482
1.448126
1.452677
1.457240
1.461725
1.466339
1.470962
1.475504
1.480025
1.484639
1.489193
1.493777
1.498292
1.502807
1.507355
1.511933
1.516481
1.520915
1.525562
1.530032
1.534541
1.539044
1.543565
1.548134
1.552712
1.557131
1.561649
1.566200
1.570721
1.575111
1.579689
1.584192
1.588689
1.593222
1.597662
1.602207
1.606689
1.611168
1.615653
1.620204
1.624701
1.629133
1.633612
1.638169
1.642690
1.647136
1.651672
1.656085
1.660651
1.665040
1.669501
1.674040
1.678508
1.682948
1.687439
1.691933
1.696385
1.700903
1.705307
1.709759
1.714307
1.718763
1.723209
1.727694
1.732167
1.736646
1.741110
1.745529
1.750008
1.754521
1.758874
1.763356
1.767826
1.772257
1.776724
1.781132
1.785587
1.790069
1.794518
1.798886
1.803416
1.807898
1.812296
1.816752
1.821153
1.825587
1.830045
1.834509
1.838856
1.843297
1.847773
1.852159
1.856560
1.860967
1.865428
1.869857
1.874273
1.878713
1.883093
1.887560
1.891902
1.896297
1.900734
1.905138
1.909495
1.913875
1.918303
1.922704
1.927096
1.931423
1.935824
1.940306
1.944677
1.949013
1.953381
1.957782
1.962171
1.966530
1.970872
1.975243
1.979608
1.983967
1.988330
1.992644
1.997108
2.001390
2.005785
2.010093
2.014455
2.018853
2.023162
2.027473
2.031853
2.036189
2.040497
2.044832
2.049153
2.053491
2.057838
2.062030
2.066350
2.070754
2.075087
2.079368
2.083664
2.087970
2.092278
2.096634
2.100892
2.105161
2.109475
2.113748
2.117981
2.122304
2.126598
2.130864
2.135160
2.139382
2.143633
2.147954
2.152130
2.156489
2.160636
2.164908
2.169139
2.173405
2.177597
2.181833
2.186132
2.190366
2.194596
2.198743
2.202973
2.207216
2.211410
2.215587
2.219925
2.224036
2.228242
2.232364
2.236604
2.240789
2.244960
2.249112
2.253250
2.257451
2.261708
2.265776
2.269953
2.274123
2.278291
2.282426
2.286572
2.290689
2.294874
2.299006
2.303131
2.307302
2.311433
2.315553
2.319669
2.323795
2.327876
2.331995
2.336142
2.340235
2.344390
2.348396
2.352605
2.356665
2.360743
2.364844
2.368946
2.373038
2.377134
2.381221
2.385289
2.389382
2.393489
2.397504
2.401621
2.405677
2.409713
2.413779
2.417835
2.421877
2.425979
2.430056
2.434098
2.438101
2.442172
2.446247
2.450289
2.454387
2.458396
2.462447
2.466500
2.470563
2.474557
2.478571
2.482625
2.486616
2.490675
2.494651
2.498693
2.502798
2.506749
2.510830
2.514830
2.518811
2.522802
2.526835
2.530838
2.534789
2.538831
2.542825
2.546824
2.550824
2.554770
2.558773
2.562803
2.566769
2.570736
2.574739
2.578745
2.582714
2.586687
2.590645
2.594624
2.598588
2.602545
2.606476
2.610455
2.614424
2.618376
2.622364
2.626307
2.630268
2.634234
2.638171
2.642126
2.646075
2.650000
2.653934
2.657915
2.661810
2.665753
2.669726
2.673636
2.677540
2.681488
2.685395
2.689308
2.693206
2.697161
2.701017
2.705025
2.708848
2.712818
2.716728
2.720629
2.724515
2.728425
2.732301
2.736196
2.740061
2.743953
2.747905
2.751683
2.755617
2.759485
2.763415
2.767247
2.771121
2.774989
2.778881
2.782746
2.786650
2.790455
2.794290
2.798167
2.802029
2.805855
2.809705
2.813602
2.817363
2.821236
2.825092
2.828897
2.832729
2.836513
2.840375
2.844219
2.847997
2.851814
2.855673
2.859466
2.863283
2.867109
2.870881
2.874677
2.878470
2.882239
2.886035
2.889867
2.893651
2.897429
2.901210
2.904958
2.908712
2.912526
2.916250
2.920010
2.923770
2.927512
2.931273
2.935024
2.938807
2.942559
2.946292
2.950040
2.953770
2.957497
2.961203
2.964930
2.968663
2.972372
2.976067
2.979785
2.983482
2.987212
2.990936
2.994636
2.998315
3.002042
3.005728
3.009440
3.013116
3.016780
3.020453
3.024177
3.027812
3.031485
3.035215
3.038807
3.042507
3.046150
3.049856
3.053422
3.057143
3.060759
3.064390
3.068039
3.071683
3.075347
3.079029
3.082615
3.086223
3.089893
3.093482
3.097065
3.100720
3.104289
3.107851
3.111509
3.115077
3.118712
3.122346
3.125908
3.129503
3.133126
3.136688
3.140268
3.143852
3.147423
3.151015
3.154575
3.158140
3.161690
3.165244
3.168815
3.172347
3.175921
3.179484
3.183046
3.186626
3.190147
3.193745
3.197268
3.200774
3.204324
3.207916
3.211413
3.214939
3.218516
3.222013
3.225539
3.229105
3.232604
3.236103
3.239630
3.243123
3.246697
3.250158
3.253717
3.257205
3.260716
3.264200
3.267736
3.271229
3.274776
3.278243
3.281709
3.285227
3.288717
3.292177
3.295668
3.299188
3.302664
3.306100
3.309582
3.313063
3.316535
3.320008
3.323474
3.326890
3.330329
3.333811
3.337244
3.340657
3.344219
3.347544
3.351053
3.354462
3.357893
3.361336
3.364781
3.368142
3.371555
3.374970
3.378377
3.381780
3.385226
3.388602
3.391991
3.395380
3.398777
3.402154
3.405557
3.408931
3.412361
3.415756
3.419069
3.422446
3.425840
3.429205
3.432576
3.435940
3.439317
3.442616
3.446028
3.449339
3.452670
3.456014
3.459342
3.462668
3.465973
3.469283
3.472642
3.475946
3.479305
3.482577
3.485956
3.489225
3.492551
3.495840
3.499145
3.502489
3.505751
3.508984
3.512277
3.515530
3.518829
3.522086
3.525361
3.528629
3.531886
3.535128
3.538411
3.541704
3.544949
3.548161
3.551441
3.554602
3.557850
3.561082
3.564285
3.567497
3.570667
3.573861
3.577028
3.580248
3.583406
3.586600
3.589812
3.593009
3.596202
3.599399
3.602548
3.605688
3.608846
3.611995
3.615140
3.618268
3.621384
3.624500
3.627637
3.630774
3.633872
3.636985
3.640079
3.643183
3.646281
3.649313
3.652516
3.655572
3.658688
3.661726
3.664776
3.667835
3.670900
3.673971
3.676994
3.679990
3.683040
3.686015
3.689050
3.692130
3.695135
3.698167
3.701193
3.704186
3.707206
3.710241
3.713162
3.716140
3.719110
3.722096
3.725105
3.728122
3.731037
3.734018
3.736972
3.739923
3.742823
3.745852
3.748734
3.751734
3.754610
3.757486
3.760446
3.763421
3.766282
3.769207
3.772104
3.775007
3.777865
3.780780
3.783680
3.786560
3.789472
3.792336
3.795173
3.798139
3.800953
3.803871
3.806708
3.809546
3.812410
3.815220
3.818120
3.820951
3.823801
3.826608
3.829421
3.832268
3.835114
3.837951
3.840779
3.843572
3.846388
3.849219
3.852005
3.854825
3.857677
3.860457
3.863187
3.866027
3.868721
3.871549
3.874344
3.877125
3.879878
3.882655
3.885396
3.888171
3.890957
3.893711
3.896461
3.899214
3.901944
3.904691
3.907373
3.910162
3.912867
3.915603
3.918353
3.921065
3.923794
3.926493
3.929244
3.931997
3.934670
3.937327
3.940039
3.942702
3.945414
3.948098
3.950762
3.953413
3.956115
3.958758
3.961397
3.964070
3.966748
3.969448
3.972123
3.974760
3.977355
3.980000
3.982691
3.985336
3.987955
3.990552
3.993216
3.995825
3.998426
4.001081
4.003711
4.006297
4.008888
4.011504
4.014080
4.016695
4.019314
4.021933
4.024539
4.027146
4.029657
4.032278
4.034858
4.037440
4.040029
4.042593
4.045164
4.047708
4.050272
4.052801
4.055429
4.057954
4.060498
4.063051
4.065606
4.068141
4.070652
4.073193
4.075724
4.078295
4.080805
4.083292
4.085782
4.088281
4.090776
4.093257
4.095779
4.098300
4.100816
4.103279
4.105735
4.108228
4.110757
4.113223
4.115664
4.118154
4.120614
4.123080
4.125539
4.128002
4.130489
4.132961
4.135387
4.137817
4.140262
4.142695
4.145154
4.147635
4.150071
4.152510
4.154922
4.157321
4.159730
4.162139
4.164545
4.166990
4.169420
4.171799
4.174190
4.176577
4.178971
4.181365
4.183765
4.186141
4.188522
4.190940
4.193298
4.195650
4.198014
4.200408
4.202757
4.205103
4.207437
4.209792
4.212206
4.214504
4.216826
4.219202
4.221572
4.223930
4.226252
4.228547
4.230860
4.233230
4.235537
4.237829
4.240118
4.242490
4.244780
4.247084
4.249354
4.251644
4.253959
4.256204
4.258478
4.260739
4.263064
4.265303
4.267577
4.269859
4.272068
4.274318
4.276556
4.278851
4.281106
4.283312
4.285523
4.287806
4.290032
4.292246
4.294466
4.296668
4.298918
4.301159
4.303368
4.305549
4.307763
4.309986
4.312203
4.314414
4.316568
4.318809
4.320945
4.323150
4.325340
4.327537
4.329745
4.331884
4.334041
4.336210
4.338379
4.340507
4.342669
4.344839
4.346990
4.349135
4.351265
4.353405
4.355541
4.357686
4.359765
4.361880
4.364014
4.366123
4.368235
4.370371
4.372474
4.374596
4.376678
4.378760
4.380816
4.382901
4.384959
4.387032
4.389121
4.391155
4.393246
4.395334
4.397389
4.399460
4.401479
4.403504
4.405578
4.407642
4.409632
4.411702
4.413748
4.415752
4.417766
4.419812
4.421823
4.423800
4.425789
4.427800
4.429843
4.431832
4.433810
4.435823
4.437842
4.439811
4.441767
4.443759
4.445719
4.447688
4.449614
4.451552
4.453545
4.455489
4.457443
4.459384
4.461326
4.463231
4.465151
4.467075
4.468959
4.470853
4.472767
4.474685
4.476605
4.478493
4.480339
4.482220
4.484152
4.485980
4.487844
4.489683
4.491535
4.493392
4.495277
4.497098
4.498935
4.500802
4.502638
4.504498
4.506350
4.508142
4.509975
4.511815
4.513601
4.515392
4.517220
4.518988
4.520824
4.522628
4.524377
4.526136
4.527886
4.529680
4.531421
4.533192
4.534924
4.536631
4.538351
4.540059
4.541770
4.543531
4.545242
4.546929
4.548673
4.550359
4.552037
4.553754
4.555447
4.557133
4.558802
4.560471
4.562140
4.563866
4.565516
4.567203
4.568848
4.570481
4.572108
4.573773
4.575377
4.577003
4.578636
4.580284
4.581857
4.583487
4.585069
4.586692
4.588352
4.589925
4.591534
4.593095
4.594680
4.596259
4.597850
4.599408
4.600972
4.602530
4.604073
4.605616
4.607159
4.608693
4.610239
4.611790
4.613316
4.614843
4.616356
4.617855
4.619382
4.620883
4.622399
4.623891
4.625374
4.626831
4.628346
4.629806
4.631280
4.632739
4.634234
4.635705
4.637155
4.638623
4.640085
4.641535
4.643015
4.644454
4.645876
4.647324
4.648756
4.650191
4.651602
4.652998
4.654451
4.655871
4.657282
4.658700
4.660105
4.661477
4.662897
4.664296
4.665687
4.667053
4.668446
4.669803
4.671163
4.672547
4.673887
4.675241
4.676604
4.677979
4.679309
4.680661
4.682003
4.683336
4.684690
4.686012
4.687324
4.688651
4.689937
4.691255
4.692543
4.693846
4.695132
4.696435
4.697729
4.699029
4.700315
4.701600
4.702877
4.704186
4.705432
4.706717
4.707985
4.709237
4.710484
4.711730
4.712958
4.714196
4.715439
4.716679
4.717893
4.719118
4.720344
4.721584
4.722839
4.724029
4.725275
4.726491
4.727714
4.728939
4.730144
4.731342
4.732534
4.733724
4.734899
4.736064
4.737229
4.738374
4.739563
4.740741
4.741873
4.743042
4.744216
4.745367
4.746529
4.747706
4.748851
4.750010
4.751197
4.752345
4.753492
4.754669
4.755766
4.756901
4.758025
4.759137
4.760236
4.761333
4.762435
4.763538
4.764589
4.765677
4.766756
4.767855
4.768946
4.770051
4.771142
4.772244
4.773338
4.774413
4.775480
4.776582
4.777649
4.778710
4.779768
4.780807
4.781844
4.782874
4.783914
4.784947
4.785966
4.786976
4.787976
4.788995
4.790017
4.791002
4.792030
4.793034
4.794076
4.795089
4.796096
4.797117
4.798133
4.799170
4.800156
4.801141
4.802121
4.803080
4.804023
4.804994
4.805929
4.806867
4.807805
4.808715
4.809635
4.810555
4.811462
4.812382
4.813293
4.814216
4.815127
4.816031
4.816954
4.817880
4.818812
4.819717
4.820610
4.821499
4.822374
4.823261
4.824109
4.824972
4.825829
4.826650
4.827474
4.828298
4.829103
4.829918
4.830736
4.831533
4.832330
4.833139
4.833933
4.834733
4.835539
4.836330
4.837103
4.837900
4.838661
4.839464
4.840230
4.840989
4.841768
4.842546
4.843326
4.844087
4.844836
4.845576
4.846292
4.847014
4.847697
4.848371
4.849054
4.849710
4.850393
4.851058
4.851712
4.852353
4.853027
4.853701
4.854366
4.855040
4.855705
4.856352
4.856994
4.857623
4.858246
4.858869
4.859478
4.860076
4.860670
4.861260
4.861865
4.862471
4.863079
4.863684
4.864280
4.864864
4.865451
4.866066
4.866650
4.867237
4.867806
4.868334
4.868852
4.869355
4.869843
4.870326
4.870823
4.871309
4.871770
4.872238
4.872717
4.873190
4.873670
4.874143
4.874583
4.875033
4.875485
4.875926
4.876366
4.876812
4.877250
4.877672
4.878068
4.878490
4.878892
4.879299
4.879698
4.880105
4.880489
4.880875
4.881247
4.881615
4.881981
4.882343
4.882685
4.883032
4.883386
4.883721
4.884036
4.884377
4.884746
4.885108
4.885483
4.885852
4.886205
4.886571
4.886933
4.887305
4.887676
4.888042
4.888407
4.888749
4.889093
4.889426
4.889747
4.890052
4.890361
4.890663
4.890939
4.891212
4.891490
4.891745
4.891988
4.892230
4.892431
4.892632
4.892827
4.893015
4.893183
4.893351
4.893513
4.893660
4.893797
4.893926
4.894031
4.894130
4.894219
4.894310
4.894384
4.894456
4.894519
4.894567
4.894600
4.894618
4.894621
4.894621
4.894621
4.894621
4.894621
4.894621
4.894621
4.894621
4.894621
4.894621
4.894621
4.894621
4.894621
4.894621
4.894594
4.894543
4.894495
4.894441
4.894384
4.894316
4.894235
4.894166
4.894094
4.894019
4.893938
4.893866
4.893800
4.893722
4.893644
4.893560
4.893465
4.893372
4.893282
4.893189
4.893081
4.892970
4.892859
4.892745
4.892626
4.892497
4.892356
4.892224
4.892087
4.891952
4.891805
4.891658
4.891514
4.891365
4.891202
4.891050
4.890879
4.890702
4.890546
4.890397
4.890238
4.890091
4.889953
4.889818
4.889689
4.889564
4.889435
4.889315
4.889216
4.889117
4.889016
4.888920
4.888830
4.888743
4.888665
4.888590
4.888506
4.888440
4.888386
4.888341
4.888290
4.888251
4.888227
4.888204
4.888192
4.888174
4.888150
4.888134
4.888134
4.888134
4.888129
4.888123
4.888123
4.888123
4.888123
4.888123
4.888123
4.888123
4.888123
4.888123
4.888123
4.888123
4.888123
4.888123
4.888123
4.888123
4.888123
4.888123
4.888123
4.888123
4.888123
4.888123
4.888123
4.888123
4.888123
4.888123
4.888123
4.888123
4.888123
4.888123
4.888123
4.888123
4.888123
4.888123
4.888123
4.888123
4.888123
4.888123
4.888123
4.888123
4.888123
4.888123
4.888123
4.888123
4.888123
4.888123
4.888123
4.888123
4.888123
4.888123
4.888123
4.888123
4.888123
4.888123
4.888123
4.888123
4.888123
4.888123
4.888123
4.888123
4.888123
4.888123
4.888123
4.888123
4.888123
4.888123
4.888123
4.888123
4.888123
4.888123
4.888123
4.888123
4.888123
4.888123
4.888123
4.888123
4.888123
4.888123
4.888123
4.888123
4.888123
4.888123
4.888123
4.888123
4.888123
4.888123
4.888123
4.888123
4.888120
4.888120
4.888120
4.888120
4.888120
4.888120
4.888120
4.888120
4.888120
4.888120
4.888120
4.888120
4.888120
4.888120
4.888120
4.888120
4.888120
4.888120
4.888120
4.888120
4.888120
4.888120
4.888120
4.888120
4.888120
4.888120
4.888120
4.888120
4.888120
4.888120
4.888120
4.888120
4.888120
4.888120
4.888120
4.888120
4.888120
4.888120
4.888120
4.888120
4.888120
4.888120
4.888120
4.888120
4.888120
4.888120
4.888120
4.888120
4.888120
4.888120
4.888120
4.888120
4.888120
4.888120
4.888120
4.888120
4.888120
4.888120
4.888120
4.888120
4.888120
4.888120
4.888120
4.888120
4.888120
4.888120
4.888120
4.888120
4.888120
4.888120
4.888120
4.888120
4.888120
4.888120
4.888120
4.888120
4.888120
4.888120
4.888120
4.888120
4.888120
4.888120
4.888120
4.888120
4.888120
4.888120
4.888120
4.888120
4.888120
4.888120
4.888120
4.888120
4.888120
4.888120
4.888120
4.888120
4.888120
4.888120
4.888120
4.888120