3.573294
3.573294
3.573294
3.573294
3.573294
3.573294
3.573294
3.573438
3.573783
3.574289
3.574954
3.575733
3.576656
3.577780
3.579146
3.580739
3.582534
3.584455
3.586486
3.588610
3.590863
3.593161
3.595627
3.598300
3.601200
3.604334
3.607650
3.611180
3.614952
3.618867
3.622930
3.627113
3.631448
3.635903
3.640574
3.645332
3.650368
3.655566
3.660971
3.666559
3.672353
3.678336
3.684532
3.690800
3.697268
3.703902
3.710673
3.717668
3.724847
3.732178
3.739707
3.747341
3.755188
3.763265
3.771435
3.779771
3.788420
3.796902
3.805932
3.814917
3.824280
3.833421
3.843143
3.852698
3.862581
3.872633
3.882685
3.893054
3.903723
3.914425
3.925469
3.936494
3.947724
3.959136
3.970787
3.982607
3.994552
4.006851
4.019104
4.031595
4.044481
4.057250
4.070223
4.083511
4.096840
4.110577
4.124437
4.138318
4.152411
4.167098
4.181650
4.196129
4.211398
4.226303
4.241612
4.257192
4.272766
4.288459
4.304709
4.320798
4.337232
4.354022
4.370647
4.387626
4.404868
4.422125
4.439637
4.457323
4.474855
4.492655
4.510503
4.528467
4.546156
4.564129
4.582016
4.599872
4.617797
4.635690
4.653478
4.671702
4.689274
4.707182
4.725191
4.743116
4.761240
4.779156
4.797240
4.815217
4.833202
4.851052
4.869044
4.887536
4.905350
4.923440
4.941743
4.959648
4.977821
4.996181
5.014080
5.032275
5.050557
5.068572
5.086728
5.105124
5.123070
5.141128
5.159293
5.177329
5.195365
5.213447
5.231399
5.249468
5.267411
5.285247
5.303499
5.321332
5.339161
5.356915
5.374853
5.392748
5.410467
5.428318
5.446006
5.463806
5.481606
5.499243
5.516971
5.534827
5.552528
5.570214
5.588019
5.605921
5.623538
5.641352
5.658897
5.676613
5.694490
5.712098
5.730194
5.747847
5.765224
5.783248
5.801045
5.818680
5.836434
5.854036
5.871755
5.889438
5.907159
5.924698
5.942483
5.959881
5.977534
5.995030
6.012597
6.030228
6.047578
6.065282
6.082432
6.100012
6.117482
6.134836
6.152483
6.169752
6.186901
6.204515
6.221745
6.238721
6.256503
6.273430
0.007421
0.024831
0.041975
0.059271
0.076432
0.093669
0.110803
0.128237
0.145336
0.162653
0.179796
0.197167
0.214236
0.231631
0.248921
0.266110
0.283280
0.300603
0.317831
0.335190
0.352225
0.369435
0.386863
0.403919
0.421347
0.438203
0.455604
0.472951
0.489783
0.507301
0.524247
0.541256
0.558393
0.575420
0.592638
0.609697
0.626709
0.643622
0.660900
0.677720
0.694669
0.711842
0.728785
0.745733
0.762676
0.779562
0.796499
0.813567
0.830405
0.847216
0.864266
0.881305
0.898101
0.915238
0.932193
0.949190
0.966429
0.983237
1.000374
1.017386
1.034376
1.051283
1.068514
1.085582
1.102555
1.119827
1.136737
1.153898
1.171089
1.187939
1.205439
1.222646
1.239412
1.256582
1.273636
1.290908
1.307799
1.325054
1.342021
1.359125
1.376262
1.393238
1.410310
1.427603
1.444483
1.461593
1.478716
1.495628
1.512646
1.529774
1.546726
1.563789
1.580749
1.597677
1.614826
1.632084
1.648963
1.665933
1.683289
1.700292
1.717151
1.734681
1.751557
1.768836
1.786057
1.803075
1.820443
1.837829
1.854646
1.872074
1.889283
1.906486
1.923855
1.941052
1.958492
1.975582
1.992782
2.009949
2.027276
2.044419
2.061604
2.078895
2.096257
2.113292
2.130618
2.147621
2.164944
2.181929
2.199039
2.216129
2.233287
2.250191
2.267266
2.284253
2.301304
2.318468
2.335264
2.352324
2.368961
2.386320
2.403122
2.419963
2.436989
2.454037
2.470896
2.487853
2.504820
2.521834
2.538825
2.555771
2.572591
2.589809
2.606821
2.623512
2.640616
2.657430
2.674687
2.691450
2.708489
2.725416
2.742416
2.759272
2.776218
2.793247
2.810151
2.826929
2.843925
2.860712
2.877571
2.894541
2.911118
2.928231
2.944803
2.961838
2.978326
2.995370
3.011858
3.028524
3.045264
3.061769
3.078478
3.095139
3.111731
3.128149
3.144927
3.161298
3.177809
3.194470
3.211020
3.227663
3.244055
3.260752
3.277053
3.293831
3.310307
3.326890
3.343431
3.359774
3.376645
3.393100
3.409626
3.426287
3.442783
3.459267
3.475946
3.492455
3.508924
3.525453
3.542111
3.558392
3.575263
3.591630
3.608091
3.624746
3.641266
3.657577
3.673905
3.690575
3.707068
3.723226
3.739668
3.756237
3.772421
3.788861
3.805000
3.821287
3.838008
3.854163
3.870350
3.886490
3.902819
3.919072
3.935383
3.951600
3.967899
3.984138
4.000445
4.016597
4.032905
4.048984
4.065364
4.081779
4.097841
4.114199
4.130546
4.147090
4.163281
4.179822
4.196147
4.212551
4.228966
4.245436
4.261740
4.278084
4.294535
4.310807
4.327467
4.343832
4.359975
4.376663
4.392910
4.409356
4.425816
4.442109
4.458590
4.475143
4.491271
4.507633
4.524356
4.540349
4.556726
4.573399
4.589404
4.606038
4.622133
4.638506
4.654889
4.671256
4.687597
4.704111
4.720299
4.736630
4.752883
4.769329
4.785577
4.802034
4.818459
4.834787
4.851214
4.867750
4.884264
4.900622
4.917119
4.933549
4.950078
4.966643
4.983077
4.999729
5.016303
5.032664
5.049253
5.065825
5.082279
5.098787
5.115407
5.132073
5.148702
5.165117
5.181610
5.198056
5.214669
5.230997
5.247469
5.264254
5.280369
5.296944
5.313332
5.329738
5.346264
5.362626
5.378712
5.395043
5.411572
5.427787
5.444143
5.460573
5.476653
5.492960
5.509358
5.525483
5.541661
5.557978
5.574153
5.590419
5.606679
5.622993
5.639246
5.655353
5.671753
5.687674
5.704281
5.720166
5.736762
5.752844
5.769065
5.785310
5.801767
5.817808
5.834265
5.850414
5.866626
5.882747
5.899064
5.915177
5.931344
5.947609
5.963701
5.979946
5.996151
6.012096
6.028374
6.044510
6.060390
6.076532
6.092609
6.108533
6.124556
6.140567
6.156536
6.172583
6.188384
6.204446
6.220130
6.236318
6.251966
6.268061
0.000404
0.016206
0.032055
0.048051
0.063843
0.079545
0.095673
0.111531
0.127299
0.143086
0.158848
0.174874
0.190858
0.206254
0.222373
0.238195
0.254161
0.269702
0.285839
0.301718
0.317462
0.333473
0.349241
0.365087
0.380883
0.396681
0.412617
0.428496
0.444282
0.459952
0.475687
0.491467
0.507409
0.522971
0.538682
0.554690
0.570368
0.585921
0.601527
0.617511
0.633034
0.648646
0.664238
0.680069
0.695699
0.711327
0.726759
0.742378
0.758218
0.773483
0.789050
0.804567
0.820347
0.835909
0.851446
0.866960
0.882662
0.898212
0.913758
0.929422
0.945163
0.960691
0.976343
0.991925
1.007655
1.023318
1.038945
1.054492
1.070572
1.086115
1.101842
1.117505
1.133117
1.149158
1.164885
1.180530
1.196125
1.212052
1.227742
1.243468
1.259245
1.274939
1.290491
1.306424
1.322085
1.337784
1.353630
1.369392
1.385041
1.400695
1.416302
1.432019
1.447775
1.463472
1.479213
1.494744
1.510701
1.525948
1.541959
1.557383
1.573019
1.588737
1.604196
1.619785
1.635934
1.651324
1.666991
1.682804
1.698464
1.714379
1.730004
1.745805
1.761498
1.777431
1.793119
1.808848
1.824850
1.840528
1.856368
1.872272
1.887995
1.903865
1.919756
1.935581
1.951409
1.967309
1.983272
1.998972
2.014992
2.030613
2.046420
2.062455
2.078211
2.093896
2.109739
2.125510
2.141207
2.157005
2.172668
2.188448
2.204205
2.219778
2.235627
2.251321
2.266960
2.282578
2.298137
2.313671
2.329401
2.345052
2.360488
2.376049
2.391482
2.407337
2.422749
2.438382
2.453920
2.469427
2.485064
2.500568
2.516184
2.531931
2.547376
2.562865
2.578538
2.594042
2.609643
2.625327
2.640805
2.656423
2.672018
2.687669
2.703138
2.718753
2.734249
2.749804
2.765459
2.780903
2.796549
2.812027
2.827390
2.842952
2.858393
2.873925
2.889358
2.904718
2.920151
2.935596
2.950939
2.966398
2.981768
2.997183
3.012460
3.027826
3.043196
3.058512
3.073636
3.088991
3.104415
3.119350
3.134657
3.149772
3.164938
3.180185
3.195369
3.210670
3.225803
3.241056
3.256183
3.271451
3.286521
3.301762
3.316925
3.332073
3.347491
3.362714
3.377835
3.393229
3.408520
3.423567
3.438762
3.454030
3.469295
3.484446
3.499744
3.514847
3.529948
3.545353
3.560537
3.575670
3.590926
3.605987
3.621186
3.636271
3.651497
3.666490
3.681599
3.696792
3.711760
3.726920
3.741960
3.756905
3.771960
3.787102
3.801947
3.817101
3.831956
3.846897
3.861887
3.876741
3.891703
3.906908
3.921418
3.936521
3.951319
3.966272
3.981210
3.996191
4.011165
4.025971
4.040946
4.055815
4.071026
4.085935
4.100717
4.115712
4.130764
4.145673
4.160755
4.175768
4.190866
4.205780
4.220889
4.235839
4.250916
4.266097
4.280993
4.296084
4.311322
4.326176
4.341315
4.356437
4.371498
4.386463
4.401611
4.416502
4.431604
4.446699
4.461670
4.476710
4.491831
4.506797
4.521780
4.536784
4.551941
4.566808
4.581976
4.596780
4.611845
4.626783
4.641745
4.656722
4.671541
4.686437
4.701399
4.716550
4.731537
4.746272
4.761410
4.776349
4.791359
4.806429
4.821389
4.836465
4.851559
4.866494
4.881663
4.896736
4.911711
4.926796
4.941953
4.956966
4.972075
4.987319
5.002353
5.017582
5.032643
5.047666
5.062853
5.078037
5.093173
5.108315
5.123541
5.138524
5.153636
5.168967
5.183992
5.199197
5.214208
5.229304
5.244390
5.259511
5.274443
5.289606
5.304572
5.319516
5.334505
5.349605
5.364480
5.379497
5.394435
5.409328
5.424381
5.439331
5.454146
5.468992
5.484026
5.498641
5.513385
5.528362
5.543222
5.558011
5.572898
5.587672
5.602472
5.617387
5.632178
5.646973
5.661896
5.676831
5.691560
5.706429
5.721341
5.736087
5.751011
5.765871
5.780621
5.795436
5.810456
5.825178
5.840102
5.854848
5.869702
5.884524
5.899403
5.914110
5.928991
5.943636
5.958443
5.973267
5.987939
6.002686
6.017528
6.032233
6.046829
6.061564
6.076155
6.090824
6.105642
6.120062
6.134734
6.149336
6.163784
6.178407
6.192950
6.207460
6.222012
6.236639
6.251035
6.265523
6.279983
0.011217
0.025727
0.040111
0.054405
0.069152
0.083440
0.097824
0.112370
0.126889
0.141321
0.155831
0.170248
0.184695
0.199028
0.213637
0.227841
0.242582
0.256921
0.271407
0.285992
0.300406
0.314730
0.329395
0.343860
0.358349
0.372670
0.387025
0.401567
0.416071
0.430407
0.444795
0.459265
0.473635
0.487893
0.502466
0.516829
0.531021
0.545453
0.559819
0.574146
0.588521
0.602762
0.617083
0.631365
0.645425
0.659983
0.674119
0.688254
0.702581
0.716824
0.731008
0.745155
0.759377
0.773552
0.787603
0.801885
0.815916
0.830126
0.844361
0.858478
0.872676
0.886964
0.901220
0.915313
0.929574
0.943851
0.957998
0.972376
0.986478
1.000839
1.015211
1.029097
1.043565
1.057842
1.072259
1.086316
1.100673
1.114961
1.129468
1.143595
1.158063
1.172135
1.186675
1.200939
1.215233
1.229716
1.243948
1.258140
1.272620
1.286776
1.301124
1.315392
1.329689
1.343983
1.358280
1.372502
1.386803
1.401142
1.415364
1.429541
1.443955
1.458184
1.472265
1.486547
1.500635
1.515148
1.529340
1.543493
1.557769
1.572031
1.586259
1.600466
1.614829
1.629016
1.643235
1.657583
1.671784
1.686076
1.700415
1.714766
1.728952
1.743315
1.757594
1.771984
1.786363
1.800543
1.815008
1.829422
1.843737
1.858142
1.872727
1.886790
1.901498
1.915780
1.930248
1.944500
1.958983
1.973427
1.987832
2.002151
2.016454
2.030931
2.045423
2.059633
2.073999
2.088398
2.102812
2.117088
2.131694
2.145605
2.159953
2.174415
2.188628
2.202892
2.217184
2.231448
2.245724
2.259892
2.274117
2.288097
2.302451
2.316628
2.330974
2.344956
2.359071
2.373224
2.387446
2.401327
2.415648
2.429879
2.443937
2.457854
2.472046
2.486229
2.500362
2.514584
2.528656
2.543058
2.557056
2.571332
2.585354
2.599462
2.613664
2.627709
2.642003
2.655965
2.670169
2.684382
2.698392
2.712593
2.726687
2.740873
2.754982
2.769123
2.783082
2.797172
2.811310
2.825368
2.839527
2.853627
2.867600
2.881571
2.895727
2.909668
2.923579
2.937474
2.951604
2.965487
2.979434
2.993294
3.007145
3.021217
3.035092
3.048892
3.062853
3.076701
3.090420
3.104331
3.118047
3.131912
3.145784
3.159323
3.173183
3.187112
3.200726
3.214469
3.228224
3.242146
3.255850
3.269689
3.283408
3.297292
3.311026
3.324712
3.338401
3.352473
3.366069
3.379857
3.393777
3.407430
3.421221
3.435047
3.448874
3.462698
3.476360
3.490106
3.503954
3.517819
3.531404
3.545177
3.558952
3.572695
3.586441
3.600262
3.613900
3.627643
3.641386
3.655030
3.668653
3.682186
3.695887
3.709690
3.723130
3.737008
3.750379
3.764152
3.777676
3.791162
3.804755
3.818228
3.831980
3.845246
3.859043
3.872319
3.885948
3.899283
3.912805
3.926368
3.939859
3.953299
3.966805
3.980195
3.993650
4.007423
4.020545
4.034133
4.047687
4.061229
4.074669
4.088101
4.101691
4.115221
4.128892
4.142497
4.155836
4.169465
4.182977
4.196630
4.210142
4.223657
4.237259
4.250876
4.264431
4.278131
4.291524
4.305288
4.318770
4.332339
4.345840
4.359540
4.373277
4.386709
4.400436
4.414006
4.427563
4.441141
4.454677
4.468273
4.481827
4.495432
4.508915
4.522523
4.535876
4.549488
4.563096
4.576491
4.590069
4.603665
4.617015
4.630495
4.644148
4.657648
4.671100
4.684586
4.698158
4.711403
4.725092
4.738380
4.751979
4.765404
4.778898
4.792279
4.805872
4.819327
4.832891
4.846415
4.860167
4.873664
4.887245
4.900769
4.914326
4.928075
4.941500
4.955144
4.968731
4.982348
4.995986
5.009687
5.023110
5.036742
5.050407
5.064081
5.077587
5.091288
5.104863
5.118430
5.132115
5.145682
5.159137
5.172919
5.186419
5.200267
5.213620
5.227429
5.240749
5.254433
5.267843
5.281415
5.294870
5.308313
5.321727
5.335476
5.348793
5.362246
5.375806
5.389270
5.402510
5.416025
5.429255
5.442657
5.456265
5.469250
5.482801
5.496061
5.509358
5.522588
5.535882
5.549314
5.562799
5.575880
5.589392
5.602577
5.615796
5.629350
5.642410
5.655766
5.668832
5.682452
5.695632
5.708865
5.722255
5.735671
5.748851
5.762156
5.775639
5.788785
5.802168
5.815522
5.828624
5.842049
5.855247
5.868357
5.881828
5.895136
5.908244
5.921465
5.934759
5.948115
5.961271
5.974418
5.987582
6.000810
6.014038
6.027298
6.040502
6.053630
6.066574
6.079738
6.092912
6.105968
6.118987
6.132091
6.145088
6.158226
6.171298
6.184240
6.197264
6.210318
6.223192
6.236159
6.249084
6.262171
6.274991
0.004797
0.017851
0.030710
0.043518
0.056566
0.069338
0.082278
0.095245
0.107960
0.121262
0.133888
0.146972
0.159825
0.172672
0.185615
0.198659
0.211549
0.224399
0.237437
0.250285
0.263320
0.276152
0.289000
0.302059
0.315119
0.327924
0.340849
0.353756
0.366699
0.379582
0.392561
0.405384
0.418285
0.431189
0.444084
0.456896
0.469794
0.482590
0.495470
0.508365
0.521056
0.534095
0.546828
0.559615
0.572435
0.585151
0.598058
0.610755
0.623458
0.636228
0.649284
0.661769
0.674421
0.687116
0.700032
0.712561
0.725372
0.737971
0.750563
0.763281
0.776125
0.788601
0.801232
0.814034
0.826597
0.839324
0.851914
0.864653
0.877236
0.889925
0.902442
0.915178
0.927903
0.940732
0.953372
0.966102
0.978782
0.991485
1.004287
1.016954
1.029679
1.042562
1.055025
1.067914
1.080689
1.093408
1.106147
1.119069
1.131670
1.144482
1.157287
1.169957
1.182732
1.195573
1.208265
1.220899
1.233638
1.246350
1.259287
1.272107
1.284640
1.297448
1.310172
1.322963
1.335822
1.348606
1.361249
1.373925
1.386680
1.399527
1.412014
1.424936
1.437553
1.450028
1.462977
1.475624
1.488219
1.500964
1.513545
1.526236
1.538939
1.551490
1.564241
1.576959
1.589402
1.602279
1.614922
1.627533
1.640146
1.652978
1.665696
1.678379
1.691196
1.703665
1.716707
1.729300
1.741994
1.754835
1.767649
1.780278
1.793056
1.806011
1.818648
1.831393
1.844381
1.856938
1.869806
1.882677
1.895320
1.908215
1.921044
1.933819
1.946655
1.959538
1.972232
1.985046
1.997968
2.010662
2.023428
2.036198
2.049018
2.061673
2.074505
2.087322
2.099939
2.113040
2.125528
2.138333
2.151031
2.163743
2.176422
2.189134
2.201754
2.214493
2.227127
2.239870
2.252336
2.265054
2.277626
2.290254
2.302871
2.315415
2.328017
2.340525
2.353109
2.365773
2.378165
2.391003
2.403319
2.415909
2.428462
2.440929
2.453542
2.466069
2.478694
2.491101
2.503693
2.516448
2.528836
2.541369
2.554087
2.566407
2.579131
2.591651
2.604118
2.616597
2.629402
2.641833
2.654449
2.667005
2.679601
2.692014
2.704507
2.717105
2.729599
2.742347
2.754622
2.767158
2.779762
2.792190
2.804689
2.817335
2.829661
2.842110
2.854636
2.867133
2.879507
2.892051
2.904338
2.916820
2.929286
2.941585
2.953929
2.966386
2.978586
2.990924
3.003429
3.015674
3.027988
3.040365
3.052601
3.064846
3.077165
3.089449
3.101823
3.113909
3.126106
3.138303
3.150542
3.162784
3.174936
3.187243
3.199360
3.211479
3.223852
3.235918
3.248108
3.260389
3.272514
3.284726
3.296980
3.309108
3.321335
3.333715
3.345732
3.357950
3.370219
3.382356
3.394571
3.406732
3.419093
3.431188
3.443556
3.455672
3.467803
3.479982
3.492110
3.504370
3.516555
3.528659
3.540808
3.553104
3.565139
3.577264
3.589536
3.601595
3.613663
3.625914
3.637943
3.650080
3.662214
3.674268
3.686282
3.698353
3.710337
3.722411
3.734488
3.746499
3.758502
3.770528
3.782401
3.794388
3.806402
3.818378
3.830326
3.842325
3.854217
3.866048
3.878101
3.890049
3.901803
3.913742
3.925601
3.937552
3.949395
3.961278
3.973172
3.985168
3.996916
4.008786
4.020818
4.032674
4.044520
4.056453
4.068312
4.080320
4.092295
4.104145
4.115976
4.128059
4.139875
4.151803
4.163775
4.175603
4.187546
4.199512
4.211631
4.223549
4.235567
4.247317
4.259289
4.271439
4.283396
4.295350
4.307487
4.319309
4.331216
4.343272
4.355046
4.367231
4.379111
4.390951
4.403085
4.414994
4.427123
4.438738
4.450785
4.462811
4.474745
4.486723
4.498435
4.510632
4.522358
4.534291
4.546165
4.558212
4.569965
4.581767
4.593748
4.605810
4.617465
4.629470
4.641179
4.653184
4.665141
4.676835
4.688651
4.700561
4.712386
4.724175
4.736052
4.747859
4.759843
4.771501
4.783291
4.795236
4.807184
4.818881
4.830715
4.842807
4.854650
4.866482
4.878517
4.890352
4.902183
4.914197
4.926077
4.937974
4.949919
4.961771
4.973792
4.985758
4.997533
5.009562
5.021483
5.033443
5.045281
5.057271
5.069192
5.081135
5.093110
5.105007
5.116943
5.128928
5.140864
5.152575
5.164617
5.176490
5.188373
5.200345
5.212170
5.224092
5.235953
5.247670
5.259738
5.271537
5.283293
5.295191
5.307019
5.318761
5.330532
5.342439
5.354093
5.365913
5.377687
5.389357
5.401006
5.412939
5.424390
5.436332
5.447750
5.459560
5.471203
5.482825
5.494509
5.506113
5.517792
5.529342
5.541014
5.552588
5.564237
5.575808
5.587363
5.599156
5.610714
5.622465
5.633838
5.645541
5.657228
5.668772
5.680373
5.692012
5.703619
5.715148
5.726830
5.738715
5.749878
5.761743
5.773146
5.784839
5.796461
5.807999
5.819612
5.831236
5.842786
5.854276
5.865928
5.877591
5.888877
5.900736
5.912001
5.923551
5.935103
5.946651
5.958113
5.969651
5.981090
5.992583
6.004138
6.015649
6.027118
6.038584
6.049910
6.061618
6.072985
6.084364
6.095710
6.107155
6.118591
6.129796
6.141214
6.152596
6.163751
6.175339
6.186409
6.197987
6.209147
6.220370
6.231782
6.243014
6.254297
6.265488
6.276771
0.004830
0.015990
0.027480
0.038574
0.049750
0.061030
0.072292
0.083587
0.094651
0.105830
0.117041
0.128498
0.139427
0.150803
0.162171
0.173118
0.184569
0.195669
0.206968
0.218242
0.229456
0.240454
0.251905
0.263018
0.274307
0.285497
0.296693
0.308057
0.319263
0.330294
0.341523
0.352765
0.363904
0.375097
0.386467
0.397544
0.408659
0.419993
0.431049
0.442203
0.453474
0.464494
0.475684
0.486871
0.497951
0.509114
0.520511
0.531363
0.542478
0.553767
0.564649
0.575743
0.586856
0.597875
0.608930
0.620088
0.631023
0.642136
0.653020
0.664259
0.675080
0.686244
0.697146
0.708076
0.719122
0.730193
0.741149
0.752058
0.762904
0.773935
0.785003
0.795983
0.806796
0.817693
0.828760
0.839546
0.850634
0.861555
0.872464
0.883465
0.894404
0.905357
0.916565
0.927318
0.938368
0.949345
0.960308
0.971238
0.982245
0.993208
1.004095
1.015256
1.026197
1.037265
1.048305
1.059253
1.070248
1.081328
1.092311
1.103403
1.114383
1.125367
1.136494
1.147454
1.158437
1.169475
1.180590
1.191523
1.202539
1.213583
1.224578
1.235678
1.246662
1.257637
1.268551
1.279813
1.290659
1.301664
1.312626
1.323649
1.334647
1.345697
1.356635
1.367670
1.378740
1.389481
1.400647
1.411577
1.422480
1.433508
1.444477
1.455355
1.466360
1.477274
1.488360
1.499128
1.510105
1.521074
1.531985
1.542909
1.553785
1.564690
1.575662
1.586487
1.597410
1.608400
1.619344
1.630238
1.641219
1.652139
1.663117
1.674019
1.684913
1.695909
1.706943
1.717819
1.728721
1.739852
1.750778
1.761675
1.772761
1.783888
1.794770
1.806029
1.816850
1.827819
1.838991
1.849891
1.860904
1.871939
1.882905
1.893975
1.905066
1.915897
1.927024
1.938047
1.949051
1.960137
1.971126
1.982077
1.993189
2.004176
2.015016
2.026185
2.037180
2.048140
2.059103
2.070143
2.081103
2.092065
2.103034
2.113999
2.124983
2.135969
2.146785
2.157712
2.168713
2.179565
2.190459
2.201463
2.212117
2.223223
2.234018
2.244924
2.255680
2.266633
2.277362
2.288172
2.299045
2.309699
2.320562
2.331594
2.342170
2.352947
2.363748
2.374569
2.385337
2.396075
2.406795
2.417479
2.428313
2.439212
2.449761
2.460739
2.471465
2.482110
2.493111
2.503744
2.514440
2.525193
2.536000
2.546780
2.557658
2.568276
2.579083
2.589866
2.600502
2.611318
2.622124
2.632769
2.643501
2.654368
2.665094
2.675781
2.686633
2.697325
2.708060
2.718876
2.729530
2.740262
2.751000
2.761681
2.772266
2.783234
2.793783
2.804485
2.815271
2.825814
2.836504
2.847266
2.858016
2.868514
2.879273
2.889855
2.900500
2.911067
2.921589
2.932357
2.942930
2.953455
2.964025
2.974730
2.985237
2.995727
3.006282
3.016795
3.027353
3.037962
3.048448
3.058776
3.069409
3.079847
3.090414
3.100915
3.111276
3.121723
3.132167
3.142540
3.153190
3.163515
3.173836
3.184230
3.194689
3.205073
3.215511
3.225953
3.236340
3.246790
3.257297
3.267604
3.278012
3.288501
3.298960
3.309306
3.319792
3.330096
3.340528
3.350978
3.361300
3.371837
3.382200
3.392491
3.403091
3.413503
3.423980
3.434107
3.444710
3.455019
3.465481
3.475809
3.486214
3.496562
3.506983
3.517322
3.527715
3.538088
3.548532
3.558830
3.569160
3.579646
3.589815
3.600130
3.610353
3.620767
3.631247
3.641332
3.651815
3.661951
3.672209
3.682581
3.692777
3.703045
3.713342
3.723556
3.733697
3.744031
3.754181
3.764395
3.774587
3.784855
3.794850
3.805174
3.815391
3.825475
3.835680
3.845750
3.855969
3.866030
3.876103
3.886214
3.896356
3.906408
3.916585
3.926667
3.936695
3.946810
3.956856
3.967030
3.977052
3.987146
3.997194
4.007192
4.017529
4.027433
4.037536
4.047687
4.057877
4.067893
4.077935
4.088017
4.098195
4.108165
4.118373
4.128320
4.138629
4.148651
4.158727
4.168934
4.178977
4.189134
4.199215
4.209294
4.219304
4.229545
4.239611
4.249735
4.259928
4.270018
4.280118
4.290236
4.300398
4.310495
4.320559
4.330548
4.340707
4.350858
4.360921
4.371108
4.381145
4.391197
4.401419
4.411465
4.421478
4.431583
4.441692
4.451711
4.461781
4.471910
4.482055
4.491918
4.502117
4.512028
4.522103
4.532089
4.542168
4.552028
4.562284
4.572213
4.582181
4.592127
4.602275
4.612147
4.622310
4.632080
4.642161
4.652021
4.662007
4.671984
4.681976
4.691902
4.701819
4.711814
4.721743
4.731701
4.741705
4.751619
4.761668
4.771663
4.781490
4.791530
4.801492
4.811430
4.821422
4.831366
4.841234
4.851361
4.861320
4.871258
4.881382
4.891316
4.901102
4.911390
4.921298
4.931176
4.941165
4.951201
4.961059
4.971155
4.981186
4.991124
5.001191
5.011237
5.021139
5.031172
5.041146
5.051120
5.061094
5.071149
5.081080
5.091078
5.101097
5.110957
5.121165
5.131019
5.140957
5.150955
5.160962
5.170920
5.180787
5.190853
5.200704
5.210678
5.220571
5.230512
5.240369
5.250373
5.260179
5.270114
5.279986
5.289915
5.299817
5.309521
5.319495
5.329229
5.339047
5.349000
5.358701
5.368480
5.378223
5.387985
5.397934
5.407639
5.417388
5.427179
5.436865
5.446558
5.456385
5.466140
5.475605
5.485551
5.495124
5.504762
5.514532
5.524161
5.533794
5.543423
5.553038
5.562885
5.572497
5.582087
5.591755
5.601454
5.611047
5.620790
5.630339
5.640106
5.649759
5.659335
5.668961
5.678587
5.688357
5.697903
5.707532
5.717224
5.726722
5.736555
5.746169
5.755712
5.765293
5.774943
5.784528
5.794241
5.803711
5.813353
5.822949
5.832623
5.842181
5.851723
5.861341
5.870970
5.880470
5.890082
5.899618
5.909163
5.918796
5.928350
5.937824
5.947405
5.956801
5.966475
5.975892
5.985452
5.994956
6.004459
6.013963
6.023365
6.033032
6.042303
6.052007
6.061303
6.070720
6.080233
6.089715
6.098973
6.108396
6.117827
6.127241
6.136543
6.145948
6.155299
6.164778
6.173955
6.183387
6.192710
6.202013
6.211370
6.220631
6.230032
6.239428
6.248542
6.257785
6.267132
6.276387
0.002478
0.011643
0.020975
0.030278
0.039410
0.048662
0.057911
0.067205
0.076447
0.085762
0.094945
0.104128
0.113491
0.122691
0.131910
0.141129
0.150312
0.159576
0.168768
0.178032
0.187325
0.196601
0.205877
0.214916
0.224255
0.233426
0.242809
0.251926
0.261229
0.270361
0.279649
0.288898
0.298114
0.307311
0.316515
0.325713
0.334947
0.344253
0.353340
0.362625
0.371778
0.380943
0.390263
0.399431
0.408470
0.417899
0.426965
0.436109
0.445385
0.454451
0.463604
0.472802
0.481916
0.491096
0.500240
0.509324
0.518480
0.527629
0.536726
0.545786
0.555016
0.563960
0.573280
0.582122
0.591371
0.600443
0.609398
0.618440
0.627554
0.636638
0.645536
0.654716
0.663629
0.672842
0.681750
0.690924
0.699873
0.708831
0.717837
0.726897
0.735897
0.744772
0.753754
0.762766
0.771832
0.780622
0.789760
0.798635
0.807551
0.816533
0.825401
0.834516
0.843531
0.852402
0.861372
0.870468
0.879340
0.888247
0.897319
0.906250
0.915220
0.924292
0.933191
0.942155
0.951107
0.960074
0.969089
0.978063
0.987036
0.995955
1.005009
1.014024
1.022961
1.031977
1.040953
1.050001
1.058950
1.067902
1.076914
1.086007
1.094927
1.103897
1.112930
1.121876
1.130855
1.140029
1.148877
1.157925
1.166901
1.175910
1.184904
1.193815
1.202815
1.211842
1.220863
1.229821
1.238746
1.247774
1.256798
1.265702
1.274693
1.283648
1.292634
1.301649
1.310580
1.319511
1.328532
1.337463
1.346371
1.355296
1.364347
1.373197
1.382267
1.391084
1.399973
1.408946
1.417893
1.426749
1.435662
1.444561
1.453459
1.462396
1.471387
1.480097
1.489160
1.497836
1.506759
1.515636
1.524642
1.533424
1.542367
1.551169
1.560032
1.568852
1.577756
1.586627
1.595592
1.604409
1.613265
1.622215
1.631014
1.639924
1.648712
1.657691
1.666595
1.675413
1.684344
1.693230
1.702155
1.710928
1.719847
1.728817
1.737674
1.746560
1.755593
1.764372
1.773306
1.782243
1.791096
1.800067
1.809121
1.817857
1.826800
1.835756
1.844633
1.853627
1.862519
1.871418
1.880340
1.889307
1.898202
1.907137
1.916086
1.924972
1.933981
1.942862
1.951766
1.960628
1.969601
1.978470
1.987377
1.996311
2.005201
2.014096
2.023030
2.031892
2.040851
2.049785
2.058548
2.067492
2.076327
2.085147
2.094028
2.102935
2.111734
2.120477
2.129420
2.138306
2.146992
2.155914
2.164833
2.173549
2.182489
2.191253
2.199959
2.208774
2.217519
2.226289
2.235109
2.243845
2.252639
2.261292
2.270010
2.278740
2.287666
2.296258
2.304911
2.313680
2.322405
2.331174
2.339863
2.348540
2.357222
2.365905
2.374539
2.383231
2.391949
2.400470
2.409285
2.417979
2.426569
2.435198
2.443886
2.452587
2.461173
2.469943
2.478583
2.487170
2.495910
2.504586
2.513161
2.521858
2.530535
2.539137
2.547870
2.556418
2.565089
2.573777
2.582379
2.591097
2.599720
2.608253
2.617058
2.625675
2.634274
2.642848
2.651678
2.660195
2.668806
2.677477
2.686063
2.694704
2.703339
2.711880
2.720551
2.729201
2.737739
2.746308
2.755054
2.763547
2.772173
2.780823
2.789394
2.797945
2.806625
2.815169
2.823744
2.832289
2.840786
2.849360
2.857887
2.866369
2.874977
2.883491
2.892033
2.900503
2.909120
2.917506
2.926089
2.934568
2.943047
2.951541
2.959966
2.968412
2.976866
2.985354
2.993731
3.002171
3.010653
3.019054
3.027500
3.035913
3.044218
3.052840
3.061172
3.069525
3.077855
3.086309
3.094620
3.102916
3.111372
3.119643
3.127979
3.136362
3.144736
3.153002
3.161358
3.169630
3.178055
3.186468
3.194662
3.203012
3.211368
3.219592
3.227897
3.236265
3.244525
3.252842
3.261243
3.269383
3.277880
3.286128
3.294461
3.302724
3.311059
3.319328
3.327702
3.336028
3.344243
3.352548
3.360919
3.369146
3.377502
3.385777
3.394070
3.402384
3.410645
3.418905
3.427192
3.435431
3.443763
3.452056
3.460322
3.468609
3.476857
3.485058
3.493351
3.501653
3.509817
3.518089
3.526322
3.534456
3.542744
3.551118
3.559174
3.567365
3.575679
3.583847
3.591999
3.600250
3.608396
3.616635
3.624877
3.633048
3.641170
3.649409
3.657454
3.665594
3.673767
3.681764
3.690003
3.698164
3.706167
3.714292
3.722417
3.730449
3.738554
3.746691
3.754741
3.762735
3.770893
3.778851
3.786928
3.794981
3.802951
3.810951
3.818971
3.827006
3.835048
3.843104
3.850891
3.859010
3.866965
3.874994
3.882859
3.890840
3.898813
3.906797
3.914788
3.922671
3.930664
3.938576
3.946489
3.954411
3.962380
3.970278
3.978202
3.986130
3.994057
4.001961
4.009970
4.017834
4.025804
4.033762
4.041644
4.049439
4.057388
4.065331
4.073303
4.081255
4.089084
4.097008
4.104969
4.112893
4.120758
4.128802
4.136487
4.144600
4.152363
4.160401
4.168278
4.176215
4.184079
4.191977
4.199946
4.207817
4.215649
4.223633
4.231516
4.239443
4.247395
4.255355
4.263083
4.271124
4.278953
4.286841
4.294847
4.302591
4.310630
4.318402
4.326443
4.334182
4.342175
4.349968
4.357883
4.365730
4.373493
4.381370
4.389396
4.397150
4.405113
4.412897
4.420777
4.428594
4.436399
4.444272
4.452134
4.459926
4.467803
4.475608
4.483430
4.491298
4.499022
4.506997
4.514655
4.522511
4.530199
4.538022
4.545898
4.553643
4.561340
4.569199
4.576913
4.584673
4.592370
4.600211
4.607860
4.615625
4.623412
4.631022
4.638761
4.646593
4.654274
4.661986
4.669674
4.677428
4.685017
4.692741
4.700408
4.708086
4.715772
4.723477
4.731168
4.738835
4.746511
4.754139
4.761773
4.769428
4.777308
4.784837
4.792638
4.800284
4.807960
4.815651
4.823339
4.830991
4.838622
4.846292
4.854010
4.861712
4.869340
4.877091
4.884689
4.892383
4.900224
4.907708
4.915515
4.923129
4.930762
4.938420
4.946069
4.953871
4.961448
4.969172
4.976785
4.984443
4.992062
4.999810
5.007434
5.015117
5.022748
5.030390
5.038033
5.045724
5.053373
5.061022
5.068659
5.076335
5.084032
5.091531
5.099162
5.106826
5.114337
5.121947
5.129602
5.137280
5.144845
5.152462
5.160018
5.167592
5.175301
5.182788
5.190362
5.197960
5.205507
5.213051
5.220637
5.228202
5.235767
5.243254
5.250663
5.258228
5.265806
5.273337
5.280813
5.288474
5.295736
5.303220
5.310773
5.318299
5.325646
5.333202
5.340527
5.348050
5.355364
5.362818
5.370215
5.377660
5.385039
5.392425
5.399822
5.407285
5.414515
5.421966
5.429357
5.436674
5.444044
5.451300
5.458632
5.465975
5.473319
5.480700
5.487921
5.495244
5.502458
5.509748
5.517019
5.524299
5.531700
5.538890
5.546195
5.553505
5.560755
5.568108
5.575316
5.582546
5.589787
5.597064
5.604276
5.611532
5.618816
5.626117
5.633203
5.640588
5.647665
5.654999
5.662121
5.669333
5.676700
5.683848
5.691027
5.698265
5.705507
5.712673
5.719921
5.727132
5.734302
5.741424
5.748758
5.755849
5.763025
5.770248
5.777454
5.784615
5.791871
5.798945
5.806009
5.813338
5.820450
5.827575
5.834723
5.841860
5.848985
5.856211
5.863282
5.870428
5.877618
5.884740
5.891873
5.899070
5.906042
5.913211
5.920348
5.927449
5.934534
5.941617
5.948648
5.955779
5.962895
5.969909
5.977048
5.984095
5.991133
5.998173
6.005223
6.012285
6.019251
6.026321
6.033350
6.040403
6.047297
6.054293
6.061393
6.068299
6.075274
6.082314
6.089248
6.096169
6.103155
6.110175
6.117048
6.124023
6.130953
6.137925
6.144878
6.151680
6.158681
6.165551
6.172427
6.179354
6.186320
6.193133
6.200089
6.206960
6.213764
6.220613
6.227507
6.234385
6.241192
6.248075
6.254909
6.261724
6.268595
6.275360
6.282137
0.005851
0.012688
0.019477
0.026204
0.033052
0.039779
0.046691
0.053384
0.060218
0.067070
0.073814
0.080615
0.087455
0.094154
0.101132
0.107837
0.114533
0.121400
0.128084
0.134838
0.141645
0.148476
0.155232
0.162021
0.168918
0.175584
0.182334
0.189168
0.195870
0.202623
0.209391
0.216133
0.223011
0.229696
0.236359
0.243214
0.249997
0.256729
0.263404
0.270199
0.276902
0.283682
0.290402
0.297212
0.303962
0.310616
0.317321
0.324017
0.330822
0.337521
0.344208
0.351018
0.357621
0.364377
0.371083
0.377752
0.384475
0.391249
0.397843
0.404554
0.411272
0.417950
0.424619
0.431339
0.437981
0.444639
0.451329
0.457962
0.464694
0.471277
0.477916
0.484552
0.491248
0.497861
0.504530
0.511121
0.517674
0.524391
0.531000
0.537597
0.544255
0.550873
0.557446
0.564017
0.570662
0.577160
0.583755
0.590427
0.596955
0.603505
0.610123
0.616612
0.623222
0.629783
0.636335
0.642816
0.649338
0.655873
0.662527
0.669076
0.675569
0.682025
0.688638
0.695088
0.701566
0.708103
0.714547
0.721109
0.727640
0.734058
0.740577
0.747088
0.753580
0.759992
0.766547
0.773036
0.779520
0.785917
0.792502
0.798859
0.805400
0.811769
0.818259
0.824703
0.831082
0.837607
0.844178
0.850520
0.856932
0.863532
0.869878
0.876328
0.882941
0.889247
0.895671
0.902208
0.908593
0.915061
0.921476
0.927995
0.934434
0.940908
0.947344
0.953741
0.960203
0.966684
0.973143
0.979564
0.986032
0.992486
0.998984
1.005297
1.011762
1.018237
1.024687
1.031117
1.037567
1.043985
1.050429
1.056886
1.063249
1.069808
1.076291
1.082643
1.089135
1.095616
1.101982
1.108463
1.114874
1.121277
1.127758
1.134193
1.140563
1.146974
1.153443
1.159854
1.166254
1.172701
1.179173
1.185581
1.191960
1.198348
1.204795
1.211216
1.217567
1.224000
1.230486
1.236736
1.243246
1.249637
1.256016
1.262385
1.268869
1.275178
1.281593
1.288025
1.294341
1.300723
1.307146
1.313534
1.319892
1.326216
1.332568
1.338974
1.345343
1.351704
1.358046
1.364407
1.370771
1.377056
1.383486
1.389793
1.396069
1.402418
1.408764
1.415109
1.421434
1.427753
1.434068
1.440324
1.446691
1.452979
1.459313
1.465596
1.471900
1.478167
1.484474
1.490682
1.497147
1.503295
1.509518
1.515888
1.522140
1.528435
1.534613
1.540893
1.547154
1.553440
1.559678
1.565922
1.572186
1.578370
1.584692
1.590933
1.597153
1.603447
1.609682
1.615923
1.622197
1.628425
1.634666
1.640934
1.647169
1.653419
1.659617
1.665918
1.672111
1.678376
1.684736
1.690821
1.697125
1.703342
1.709577
1.715901
1.722079
1.728299
1.734711
1.740799
1.747048
1.753400
1.759665
1.765756
1.772068
1.778285
1.784574
1.790839
1.797124
1.803356
1.809606
1.815832
1.822103
1.828319
1.834578
1.840753
1.847084
1.853184
1.859526
1.865734
1.871966
1.878216
1.884415
1.890730
1.896932
1.903185
1.909369
1.915573
1.921820
1.928037
1.934218
1.940492
1.946691
1.952847
1.959130
1.965263
1.971513
1.977652
1.983839
1.990047
1.996386
2.002474
2.008628
2.014977
2.021008
2.027311
2.033468
2.039688
2.045854
2.052041
2.058198
2.064364
2.070497
2.076686
2.082822
2.088979
2.095079
2.101206
2.107474
2.113619
2.119680
2.125831
2.131901
2.138079
2.144187
2.150264
2.156367
2.162493
2.168522
2.174639
2.180763
2.186887
2.192805
2.198997
2.205040
2.211113
2.217154
2.223188
2.229258
2.235334
2.241386
2.247387
2.253430
2.259404
2.265486
2.271514
2.277464
2.283471
2.289550
2.295494
2.301502
2.307544
2.313471
2.319496
2.325479
2.331387
2.337367
2.343449
2.349364
2.355332
2.361324
2.367241
2.373191
2.379174
2.385142
2.391039
2.397055
2.402972
2.408880
2.414863
2.420807
2.426716
2.432666
2.438577
2.444509
2.450498
2.456341
2.462315
2.468214
2.474164
2.480031
2.485930
2.491931
2.497794
2.503765
2.509652
2.515558
2.521484
2.527380
2.533303
2.539221
2.545078
2.551025
2.556849
2.562841
2.568720
2.574604
2.580476
2.586360
2.592275
2.598120
2.604079
2.609942
2.615788
2.621738
2.627628
2.633452
2.639310
2.645215
2.651123
2.656954
2.662829
2.668674
2.674567
2.680449
2.686270
2.692112
2.698018
2.703887
2.709741
2.715586
2.721414
2.727229
2.733071
2.738929
2.744765
2.750613
2.756411
2.762214
2.768068
2.773842
2.779684
2.785505
2.791255
2.797121
2.802943
2.808677
2.814501
2.820334
2.826117
2.831878
2.837700
2.843425
2.849195
2.854981
2.860775
2.866492
2.872298
2.877955
2.883722
2.889531
2.895221
2.901060
2.906774
2.912502
2.918255
2.924001
2.929658
2.935404
2.941123
2.946807
2.952502
2.958201
2.963887
2.969619
2.975300
2.980953
2.986652
2.992362
2.997986
3.003630
3.009359
3.015000
3.020657
3.026373
3.031979
3.037680
3.043232
3.048805
3.054482
3.060145
3.065780
3.071350
3.077073
3.082525
3.088212
3.093815
3.099378
3.104987
3.110709
3.116180
3.121747
3.127418
3.132931
3.138474
3.144017
3.149649
3.155087
3.160764
3.166232
3.171880
3.177390
3.182884
3.188487
3.194060
3.199566
3.205139
3.210613
3.216239
3.221749
3.227283
3.232820
3.238302
3.243830
3.249334
3.254871
3.260482
3.265878
3.271481
3.276996
3.282479
3.287995
3.293535
3.299065
3.304536
3.310076
3.315514
3.321056
3.326521
3.332085
3.337571
3.343060
3.348473
3.353947
3.359457
3.364922
3.370389
3.375914
3.381361
3.386868
3.392318
3.397791
3.403220
3.408688
3.414114
3.419606
3.425044
3.430544
3.435919
3.441420
3.446852
3.452269
3.457733
3.463126
3.468549
3.474056
3.479302
3.484830
3.490130
3.495619
3.501003
3.506366
3.511681
3.517166
3.522568
3.527883
3.533249
3.538648
3.544002
3.549347
3.554779
3.560082
3.565484
3.570775
3.576150
3.581465
3.586759
3.592089
3.597401
3.602793
3.608052
3.613319
3.618640
3.623904
3.629201
3.634510
3.639771
3.645077
3.650401
3.655707
3.660836
3.666160
3.671361
3.676605
3.681800
3.687064
3.692268
3.697520
3.702763
3.707994
3.713225
3.718393
3.723691
3.728751
3.733955
3.739147
3.744291
3.749480
3.754682
3.759817
3.765027
3.770207
3.775318
3.780442
3.785595
3.790799
3.795826
3.800962
3.806016
3.811133
3.816317
3.821410
3.826497
3.831596
3.836687
3.841795
3.846873
3.851907
3.856997
3.862114
3.867162
3.872181
3.877280
3.882293
3.887326
3.892389
3.897486
3.902495
3.907501
3.912541
3.917535
3.922536
3.927614
3.932590
3.937606
3.942672
3.947556
3.952658
3.957623
3.962584
3.967569
3.972591
3.977531
3.982562
3.987535
3.992538
3.997506
4.002480
4.007414
4.012483
4.017394
4.022388
4.027374
4.032215
4.037285
4.042276
4.047204
4.052139
4.057106
4.062083
4.066990
4.071979
4.076866
4.081872
4.086824
4.091660
4.096640
4.101571
4.106488
4.111410
4.116318
4.121240
4.126121
4.131064
4.135939
4.140867
4.145793
4.150712
4.155602
4.160464
4.165357
4.170280
4.175160
4.180032
4.184903
4.189790
4.194667
4.199515
4.204396
4.209216
4.214115
4.219043
4.223816
4.228637
4.233541
4.238377
4.243218
4.248180
4.252908
4.257836
4.262660
4.267457
4.272292
4.277140
4.281940
4.286772
4.291593
4.296411
4.301237
4.306082
4.310882
4.315666
4.320556
4.325233
4.330038
4.335003
4.339664
4.344488
4.349288
4.354061
4.358836
4.363675
4.368397
4.373181
4.377921
4.382706
4.387475
4.392245
4.396946
4.401716
4.406551
4.411252
4.415875
4.420708
4.425406
4.430065
4.434819
4.439523
4.444290
4.449071
4.453640
4.458389
4.463033
4.467755
4.472393
4.477115
4.481785
4.486435
4.491097
4.495756
4.500457
4.505068
4.509691
4.514284
4.518988
4.523632
4.528209
4.532859
4.537563
4.542084
4.546758
4.551345
4.555923
4.560543
4.565109
4.569672
4.574319
4.578822
4.583466
4.588095
4.592589
4.597182
4.601730
4.606269
4.610847
4.615371
4.619919
4.624479
4.629000
4.633578
4.638045
4.642593
4.647024
4.651602
4.656099
4.660584
4.665090
4.669635
4.674063
4.678576
4.683136
4.687561
4.692037
4.696507
4.701031
4.705498
4.709911
4.714351
4.718833
4.723312
4.727777
4.732157
4.736636
4.741070
4.745474
4.749933
4.754361
4.758765
4.763262
4.767633
4.772064
4.776502
4.780963
4.785301
4.789726
4.794139
4.798541
4.802993
4.807319
4.811765
4.816175
4.820553
4.824849
4.829301
4.833666
4.838086
4.842439
4.846816
4.851211
4.855628
4.859984
4.864262
4.868618
4.872939
4.877352
4.881660
4.885990
4.890295
4.894690
4.898993
4.903301
4.907666
4.911959
4.916238
4.920588
4.924938
4.929208
4.933531
4.937845
4.942064
4.946456
4.950686
4.954941
4.959228
4.963515
4.967821
4.972120
4.976363
4.980659
4.984964
4.989194
4.993545
4.997679
5.001961
5.006230
5.010518
5.014646
5.018981
5.023203
5.027436
5.031637
5.035894
5.040050
5.044301
5.048543
5.052669
5.056879
5.061157
5.065331
5.069537
5.073758
5.077860
5.082108
5.086240
5.090497
5.094602
5.098790
5.102907
5.107146
5.111248
5.115493
5.119589
5.123733
5.127831
5.131921
5.136199
5.140199
5.144361
5.148477
5.152585
5.156692
5.160764
5.164847
5.168943
5.172976
5.177074
5.181173
5.185230
5.189298
5.193400
5.197477
5.201510
5.205639
5.209590
5.213749
5.217785
5.221725
5.225757
5.229766
5.233852
5.237823
5.241879
5.245822
5.249794
5.253893
5.257782
5.261824
5.265800
5.269793
5.273727
5.277745
5.281661
5.285592
5.289597
5.293468
5.297459
5.301387
5.305312
5.309191
5.313206
5.317095
5.320999
5.324894
5.328831
5.332731
5.336620
5.340443
5.344341
5.348218
5.352068
5.355921
5.359762
5.363576
5.367492
5.371317
5.375129
5.378922
5.382804
5.386610
5.390448
5.394247
5.398051
5.401859
5.405685
5.409499
5.413250
5.417028
5.420755
5.424588
5.428339
5.432107
5.435838
5.439571
5.443313
5.447043
5.450818
5.454500
5.458224
5.461975
5.465684
5.469432
5.473052
5.476767
5.480455
5.484221
5.487876
5.491549
5.495255
5.498950
5.502587
5.506266
5.509903
5.513519
5.517252
5.520839
5.524476
5.528179
5.531733
5.535433
5.539088
5.542704
5.546335
5.549910
5.553523
5.557160
5.560782
5.564344
5.567937
5.571520
5.575154
5.578771
5.582372
5.585916
5.589502
5.593149
5.596669
5.600303
5.603854
5.607449
5.610969
5.614520
5.618091
5.621629
5.625188
5.628697
5.632322
5.635884
5.639327
5.642931
5.646445
5.649978
5.653525
5.657019
5.660533
5.663990
5.667568
5.671058
5.674537
5.678039
5.681502
5.684984
5.688501
5.692000
5.695485
5.698993
5.702418
5.705905
5.709324
5.712760
5.716197
5.719636
5.723079
5.726518
5.729958
5.733382
5.736827
5.740228
5.743661
5.747083
5.750532
5.753914
5.757315
5.760691
5.764140
5.767582
5.770923
5.774323
5.777604
5.780993
5.784426
5.787757
5.791173
5.794519
5.797836
5.801219
5.804571
5.807915
5.811327
5.814602
5.817949
5.821307
5.824600
5.827935
5.831293
5.834532
5.837893
5.841162
5.844530
5.847801
5.851130
5.854393
5.857677
5.860993
5.864331
5.867599
5.870928
5.874158
5.877444
5.880758
5.884024
5.887292
5.890516
5.893734
5.896994
5.900286
5.903537
5.906764
5.910024
5.913238
5.916504
5.919749
5.923027
5.926205
5.929486
5.932659
5.935883
5.939109
5.942303
5.945551
5.948732
5.951947
5.955123
5.958335
5.961472
5.964725
5.967896
5.971041
5.974253
5.977435
5.980572
5.983754
5.986908
5.990066
5.993188
5.996403
5.999555
6.002676
6.005793
6.008899
6.012051
6.015224
6.018334
6.021438
6.024572
6.027664
6.030750
6.033889
6.036927
6.040034
6.043156
6.046152
6.049247
6.052354
6.055416
6.058490
6.061600
6.064557
6.067658
6.070705
6.073746
6.076808
6.079825
6.082776
6.085871
6.088894
6.091965
6.094934
6.097954
6.100887
6.103937
6.106978
6.109959
6.112947
6.115942
6.118887
6.121860
6.124850
6.127846
6.130797
6.133790
6.136726
6.139665
6.142653
6.145609
6.148540
6.151524
6.154424
6.157318
6.160257
6.163166
6.166156
6.169060
6.171936
6.174908
6.177838
6.180720
6.183611
6.186568
6.189454
6.192327
6.195215
6.198092
6.200983
6.203897
6.206780
6.209635
6.212538
6.215391
6.218231
6.221170
6.224025
6.226886
6.229730
6.232576
6.235371
6.238292
6.241096
6.243979
6.246813
6.249632
6.252530
6.255310
6.258162
6.260982
6.263771
6.266653
6.269472
6.272262
6.275090
6.277921
6.280707
0.000351
0.003125
0.005908
0.008695
0.011532
0.014303
0.017107
0.019939
0.022680
0.025460
0.028256
0.031000
0.033787
0.036636
0.039359
0.042113
0.044896
0.047631
0.050472
0.053234
0.055972
0.058762
0.061506
0.064214
0.066962
0.069718
0.072481
0.075246
0.078029
0.080750
0.083485
0.086253
0.088959
0.091706
0.094472
0.097117
0.099871
0.102627
0.105332
0.108065
0.110800
0.113464
0.116148
0.118892
0.121595
0.124333
0.127060
0.129765
0.132459
0.135176
0.137801
0.140530
0.143214
0.145929
0.148607
0.151295
0.153973
0.156628
0.159327
0.161949
0.164672
0.167330
0.169987
0.172660
0.175347
0.178002
0.180653
0.183332
0.185995
0.188626
0.191259
0.193884
0.196547
0.199208
0.201838
0.204448
0.207141
0.209754
0.212408
0.215045
0.217663
0.220294
0.222937
0.225534
0.228147
0.230768
0.233393
0.235993
0.238621
0.241218
0.243837
0.246426
0.248993
0.251591
0.254188
0.256789
0.259408
0.262014
0.264612
0.267221
0.269780
0.272324
0.274873
0.277486
0.280011
0.282585
0.285201
0.287741
0.290351
0.292891
0.295450
0.297952
0.300567
0.303051
0.305598
0.308195
0.310718
0.313283
0.315862
0.318361
0.320878
0.323406
0.325929
0.328485
0.331034
0.333497
0.336080
0.338563
0.341080
0.343576
0.346107
0.348603
0.351111
0.353625
0.356114
0.358598
0.361109
0.363598
0.366106
0.368614
0.371068
0.373539
0.376011
0.378495
0.380985
0.383468
0.385937
0.388415
0.390883
0.393382
0.395788
0.398308
0.400735
0.403203
0.405669
0.408114
0.410520
0.413012
0.415445
0.417896
0.420332
0.422765
0.425239
0.427675
0.430096
0.432502
0.434943
0.437394
0.439794
0.442254
0.444651
0.447057
0.449501
0.451880
0.454286
0.456698
0.459101
0.461515
0.463963
0.466354
0.468769
0.471157
0.473539
0.475933
0.478329
0.480684
0.483084
0.485466
0.487830
0.490215
0.492621
0.494990
0.497354
0.499733
0.502100
0.504431
0.506795
0.509165
0.511523
0.513890
0.516241
0.518593
0.520942
0.523246
0.525598
0.527896
0.530272
0.532570
0.534964
0.537277
0.539605
0.541954
0.544273
0.546601
0.548901
0.551196
0.553524
0.555864
0.558120
0.560466
0.562761
0.565044
0.567333
0.569643
0.571938
0.574242
0.576528
0.578820
0.581091
0.583374
0.585684
0.587955
0.590232
0.592488
0.594750
0.597012
0.599274
0.601521
0.603846
0.606078
0.608337
0.610590
0.612846
0.615081
0.617334
0.619539
0.621796
0.624058
0.626263
0.628489
0.630772
0.632962
0.635176
0.637420
0.639634
0.641827
0.644068
0.646261
0.648466
0.650692
0.652889
0.655058
0.657263
0.659465
0.661661
0.663857
0.666062
0.668222
0.670454
0.672609
0.674811
0.676986
0.679158
0.681306
0.683532
0.685638
0.687805
0.689968
0.692140
0.694294
0.696454
0.698602
0.700775
0.702938
0.705062
0.707192
0.709313
0.711456
0.713571
0.715722
0.717852
0.720003
0.722133
0.724258
0.726388
0.728479
0.730594
0.732695
0.734819
0.736928
0.739043
0.741146
0.743250
0.745344
0.747441
0.749523
0.751627
0.753688
0.755764
0.757858
0.759935
0.762035
0.764126
0.766217
0.768285
0.770364
0.772425
0.774484
0.776539
0.778624
0.780673
0.782729
0.784793
0.786824
0.788925
0.790953
0.792987
0.795054
0.797074
0.799117
0.801145
0.803189
0.805208
0.807302
0.809295
0.811347
0.813378
0.815404
0.817417
0.819454
0.821435
0.823445
0.825446
0.827451
0.829485
0.831534
0.833545
0.835573
0.837581
0.839585
0.841553
0.843525
0.845511
0.847497
0.849505
0.851512
0.853481
0.855476
0.857471
0.859440
0.861420
0.863392
0.865366
0.867379
0.869303
0.871271
0.873281
0.875232
0.877230
0.879187
0.881155
0.883094
0.885077
0.887006
0.888963
0.890913
0.892861
0.894832
0.896803
0.898733
0.900674
0.902601
0.904512
0.906475
0.908428
0.910325
0.912272
0.914202
0.916143
0.918073
0.920008
0.921928
0.923846
0.925778
0.927684
0.929571
0.931471
0.933373
0.935282
0.937208
0.939108
0.940998
0.942904
0.944806
0.946682
0.948578
0.950433
0.952305
0.954196
0.956062
0.957962
0.959855
0.961734
0.963643
0.965539
0.967403
0.969254
0.971130
0.972972
0.974833
0.976699
0.978575
0.980405
0.982269
0.984112
0.985972
0.987827
0.989669
0.991509
0.993351
0.995209
0.997025
0.998888
1.000701
1.002531
1.004356
1.006166
1.007996
1.009824
1.011645
1.013458
1.015280
1.017098
1.018926
1.020765
1.022581
1.024373
1.026203
1.027974
1.029760
1.031545
1.033316
1.035134
1.036953
1.038739
1.040515
1.042289
1.044048
1.045806
1.047574
1.049360
1.051124
1.052907
1.054690
1.056484
1.058237
1.060038
1.061784
1.063540
1.065269
1.067006
1.068762
1.070497
1.072262
1.074023
1.075779
1.077493
1.079266
1.080986
1.082709
1.084437
1.086142
1.087868
1.089609
1.091305
1.093015
1.094741
1.096446
1.098186
1.099915
1.101596
1.103292
1.105017
1.106710
1.108424
1.110138
1.111830
1.113562
1.115243
1.116936
1.118605
1.120291
1.121927
1.123605
1.125283
1.126961
1.128647
1.130334
1.132003
1.133678
1.135334
1.136955
1.138639
1.140278
1.141956
1.143589
1.145260
1.146923
1.148586
1.150261
1.151903
1.153536
1.155174
1.156804
1.158428
1.160043
1.161670
1.163309
1.164950
1.166592
1.168204
1.169834
1.171428
1.173067
1.174682
1.176249
1.177873
1.179487
1.181072
1.182672
1.184296
1.185881
1.187487
1.189090
1.190684
1.192281
1.193883
1.195456
1.197044
1.198650
1.200241
1.201832
1.203393
1.204972
1.206545
1.208121
1.209667
1.211219
1.212807
1.214352
1.215904
1.217468
1.219038
1.220617
1.222175
1.223694
1.225231
1.226792
1.228317
1.229848
1.231394
1.232925
1.234456
1.235996
1.237506
1.239025
1.240574
1.242120
1.243663
1.245188
1.246689
1.248178
1.249670
1.251171
1.252675
1.254179
1.255653
1.257142
1.258634
1.260114
1.261609
1.263134
1.264602
1.266068
1.267583
1.269040
1.270511
1.271994
1.273441
1.274957
1.276407
1.277875
1.279322
1.280781
1.282243
1.283681
1.285155
1.286605
1.288064
1.289503
1.290971
1.292382
1.293847
1.295252
1.296684
1.298101
1.299515
1.300938
1.302368
1.303791
1.305178
1.306583
1.308018
1.309423
1.310817
1.312219
1.313660
1.315065
1.316455
1.317842
1.319259
1.320647
1.322043
1.323427
1.324793
1.326150
1.327517
1.328880
1.330258
1.331657
1.333002
1.334396
1.335762
1.337122
1.338455
1.339809
1.341170
1.342521
1.343866
1.345208
1.346557
1.347911
1.349220
1.350550
1.351877
1.353223
1.354550
1.355883
1.357216
1.358556
1.359850
1.361144
1.362469
1.363796
1.365093
1.366381
1.367703
1.369021
1.370315
1.371598
1.372889
1.374186
1.375474
1.376772
1.378060
1.379369
1.380673
1.381970
1.383225
1.384496
1.385784
1.387051
1.388327
1.389604
1.390841
1.392079
1.393352
1.394610
1.395833
1.397100
1.398346
1.399581
1.400845
1.402082
1.403320
1.404581
1.405821
1.407059
1.408293
1.409522
1.410762
1.411960
1.413138
1.414363
1.415598
1.416793
1.418015
1.419184
1.420391
1.421632
1.422845
1.424023
1.425230
1.426470
1.427693
1.428870
1.430024
1.431222
1.432438
1.433580
1.434685
1.435848
1.437073
1.438236
1.439332
1.440480
1.441696
1.442895
1.444000
1.445136
1.446346
1.447545
1.448656
1.449783
1.450975
1.452155
1.453261
1.454373
1.455544
1.456704
1.457794
1.458867
1.460014
1.461174
1.462273
1.463337
1.464481
1.465617
1.466719
1.467783
1.468876
1.470039
1.471165
1.472244
1.473350
1.474467
1.475570
1.476636
1.477736
1.478820
1.479896
1.480942
1.481999
1.483096
1.484159
1.485163
1.486221
1.487338
1.488420
1.489429
1.490451
1.491530
1.492608
1.493672
1.494667
1.495748
1.496821
1.497872
1.498906
1.499931
1.500988
1.502022
1.503034
1.504053
1.505096
1.506102
1.507103
1.508092
1.509104
1.510105
1.511091
1.512107
1.513089
1.514099
1.515115
1.516133
1.517146
1.518153
1.519153
1.520178
1.521170
1.522128
1.523090
1.524064
1.525026
1.525978
1.526940
1.527890
1.528843
1.529819
1.530766
1.531713
1.532657
1.533597
1.534550
1.535500
1.536438
1.537381
1.538340
1.539320
1.540254
1.541180
1.542118
1.543089
1.544027
1.544940
1.545866
1.546771
1.547670
1.548554
1.549455
1.550351
1.551241
1.552116
1.553021
1.553920
1.554803
1.555642
1.556544
1.557452
1.558312
1.559148
1.560049
1.560975
1.561883
1.562707
1.563603
1.564535
1.565430
1.566266
1.567126
1.568022
1.568873
1.569670
1.570470
1.571291
1.572151
1.572959
1.573744
1.574565
1.575431
1.576240
1.577031
1.577852
1.578682
1.579515
1.580315
1.581115
1.581948
1.582778
1.583580
1.584371
1.585219
1.586055
1.586861
1.587643
1.588458
1.589294
1.590091
1.590867
1.591661
1.592467
1.593237
1.593986
1.594735
1.595490
1.596251
1.596991
1.597725
1.598480
1.599244
1.599999
1.600724
1.601470
1.602228
1.602983
1.603729
1.604457
1.605218
1.605988
1.606740
1.607477
1.608226
1.608969
1.609736
1.610458
1.611222
1.611959
1.612696
1.613415
1.614104
1.614802
1.615468
1.616154
1.616855
1.617544
1.618218
1.618895
1.619608
1.620315
1.620986
1.621624
1.622302
1.623024
1.623683
1.624300
1.624959
1.625642
1.626346
1.626984
1.627638
1.628321
1.629007
1.629654
1.630295
1.630963
1.631655
1.632320
1.632977
1.633651
1.634307
1.634936
1.635562
1.636200
1.636829
1.637402
1.638019
1.638672
1.639295
1.639864
1.640455
1.641078
1.641707
1.642273
1.642825
1.643439
1.644062
1.644619
1.645155
1.645752
1.646354
1.646920
1.647444
1.648011
1.648604
1.649161
1.649704
1.650261
1.650860
1.651438
1.651953
1.652496
1.653083
1.653670
1.654219
1.654770
1.655378
1.655995
1.656537
1.657089
1.657676
1.658233
1.658731
1.659222
1.659752
1.660298
1.660798
1.661274
1.661790
1.662335
1.662850
1.663300
1.663779
1.664300
1.664819
1.665277
1.665741
1.666227
1.666715
1.667179
1.667620
1.668093
1.668588
1.669049
1.669486
1.669933
1.670421
1.670874
1.671320
1.671781
1.672240
1.672695
1.673139
1.673591
1.674058
1.674514
1.674966
1.675428
1.675904
1.676371
1.676827
1.677282
1.677759
1.678247
1.678714
1.679173
1.679652
1.680098
1.680509
1.680952
1.681402
1.681818
1.682202
1.682612
1.683035
1.683415
1.683760
1.684134
1.684536
1.684928
1.685276
1.685614
1.685992
1.686366
1.686720
1.687049
1.687415
1.687783
1.688128
1.688460
1.688802
1.689144
1.689470
1.689800
1.690144
1.690483
1.690821
1.691145
1.691474
1.691819
1.692137
1.692427
1.692736
1.693071
1.693371
1.693656
1.693934
1.694234
1.694510
1.694788
1.695049
1.695330
1.695624
1.695918
1.696196
1.696487
1.696792
1.697089
1.697407
1.697715
1.698033
1.698347
1.698683
1.699013
1.699336
1.699651
1.699980
1.700304
1.700624
1.700945
1.701266
1.701580
1.701901
1.702206
1.702518
1.702826
1.703126
1.703399
1.703665
1.703938
1.704181
1.704402
1.704624
1.704855
1.705074
1.705274
1.705478
1.705679
1.705862
1.706032
1.706200
1.706371
1.706536
1.706685
1.706829
1.706955
1.707093
1.707222
1.707345
1.707470
1.707587
1.707686
1.707791
1.707899
1.708004
1.708106
1.708198
1.708294
1.708402
1.708495
1.708576
1.708651
1.708744
1.708843
1.708923
1.708992
1.709079
1.709163
1.709250
1.709325
1.709409
1.709484
1.709562
1.709652
1.709738
1.709822
1.709909
1.709990
1.710074
1.710164
1.710245
1.710326
1.710410
1.710490
1.710571
1.710643
1.710727
1.710799
1.710883
1.710958
1.711030
1.711093
1.711162
1.711236
1.711305
1.711353
1.711407
1.711470
1.711533
1.711569
1.711599
1.711632
1.711680
1.711719
1.711743
1.711764
1.711797
1.711830
1.711854
1.711878
1.711896
1.711899
1.711908
1.711923
1.711935
1.711935
1.711935
1.711935
1.711935
1.711935
1.711935
1.711935
1.711935
1.711935
1.711935
1.711935
1.711935
1.711935
1.711935
1.711935
1.711935
1.711935
1.711935
1.711935
1.711935
1.711935
1.711935
1.711935
1.711935
1.711935
1.711935
1.711935
1.711935
1.711929
1.711899
1.711869
1.711845
1.711821
1.711800
1.711770
1.711734
1.711698
1.711668
1.711650
1.711620
1.711593
1.711578
1.711554
1.711536
1.711518
1.711488
1.711452
1.711431
1.711425
1.711410
1.711380
1.711359
1.711344
1.711332
1.711314
1.711290
1.711272
1.711269
1.711266
1.711260
1.711251
1.711251
1.711251
1.711248
1.711242
1.711242
1.711239
1.711236
1.711236
1.711233
1.711227
1.711227
1.711227
1.711227
1.711227
1.711227
1.711227
1.711227
1.711227
1.711227
1.711227
1.711227
1.711227
1.711227
1.711227
1.711227
1.711227
1.711227
1.711227
1.711227
1.711227
1.711227
1.711227
1.711227
1.711227
1.711227
1.711227
1.711227
1.711227
1.711227
1.711227
1.711227
1.711227
1.711227
1.711227
1.711227
1.711227
1.711227
1.711227
1.711227
1.711227
1.711227
1.711227
1.711227
1.711227
1.711227
1.711227
1.711227
1.711227
1.711227
1.711227
1.711227
1.711227
1.711227
1.711227
1.711227
1.711227
1.711227
1.711227
1.711227
1.711227
1.711227
1.711227
1.711227
1.711227
1.711227
1.711227
1.711227
1.711227
1.711227
1.711227
1.711227
1.711227
1.711227
1.711227
1.711227
1.711227
1.711227
1.711227
1.711227
1.711227
1.711227
1.711227
1.711227
1.711227
1.711227
1.711227
1.711227
1.711227
1.711227
1.711227
1.711227
1.711227
1.711227
1.711227
1.711227
1.711227
1.711227
1.711227
1.711227