5.942393
5.942393
5.942393
5.942393
5.942393
5.942393
5.942471
5.942822
5.943334
5.944002
5.944775
5.945652
5.946695
5.947894
5.949254
5.950836
5.952615
5.954599
5.956792
5.959096
5.961595
5.964282
5.967161
5.970265
5.973507
5.976913
5.980524
5.984281
5.988188
5.992125
5.996304
6.000654
6.005148
6.010029
6.014942
6.020024
6.025300
6.030863
6.036292
6.042240
6.048139
6.054230
6.060692
6.067053
6.073863
6.080724
6.087749
6.094889
6.102487
6.109938
6.117779
6.125791
6.133892
6.142065
6.150667
6.159340
6.168062
6.177146
6.186281
6.195766
6.205048
6.214830
6.224562
6.234697
6.244776
6.255115
6.265712
6.276513
0.004063
0.015145
0.026332
0.037780
0.049435
0.061173
0.073128
0.085448
0.097576
0.110054
0.122826
0.135607
0.148667
0.161889
0.175287
0.188841
0.202668
0.216510
0.230714
0.245137
0.259518
0.274184
0.289119
0.304106
0.319149
0.334755
0.350002
0.366193
0.381982
0.397876
0.414163
0.430620
0.447242
0.463930
0.481029
0.497951
0.515175
0.532606
0.550073
0.567318
0.584839
0.602390
0.619671
0.637459
0.655067
0.672471
0.690159
0.707668
0.725136
0.742749
0.760306
0.777896
0.795369
0.812905
0.830405
0.847905
0.865366
0.883058
0.900387
0.917923
0.935357
0.952995
0.970456
0.988060
1.005716
1.023348
1.040620
1.058369
1.075875
1.093492
1.111114
1.128644
1.146273
1.163980
1.181468
1.198914
1.216752
1.234351
1.251923
1.269627
1.287121
1.304528
1.322193
1.339692
1.357175
1.374812
1.392336
1.409893
1.427312
1.444773
1.462288
1.479626
1.497057
1.514575
1.532120
1.549533
1.566937
1.584434
1.601820
1.619296
1.636892
1.654383
1.671937
1.689233
1.706754
1.724755
1.742051
1.759503
1.777428
1.794635
1.812461
1.830210
1.847653
1.865144
1.882985
1.900527
1.917958
1.935707
1.953243
1.970851
1.988620
2.006156
2.023776
2.041381
2.058992
2.076606
2.094318
2.111728
2.129426
2.146734
2.164021
2.181662
2.199186
2.216530
2.233955
2.251485
2.268749
2.286174
2.303467
2.320793
2.338266
2.355481
2.372766
2.389876
2.407571
2.424753
2.441978
2.459196
2.476780
2.493890
2.511411
2.528318
2.545926
2.563051
2.580572
2.597641
2.615581
2.632254
2.649901
2.667032
2.684538
2.701703
2.719080
2.736271
2.753531
2.770858
2.788085
2.805345
2.822633
2.839824
2.857081
2.874321
2.891437
2.908580
2.925835
2.942873
2.959948
2.977331
2.994097
3.011129
3.028105
3.045392
3.061966
3.079401
3.095987
3.113061
3.129887
3.146800
3.163572
3.180598
3.197475
3.214325
3.231292
3.248066
3.264952
3.282009
3.298706
3.315666
3.332555
3.349420
3.366228
3.383296
3.400251
3.416882
3.433999
3.450804
3.467669
3.484638
3.501512
3.518479
3.535361
3.552055
3.569034
3.585863
3.602572
3.619353
3.636355
3.652981
3.669729
3.686659
3.703374
3.720125
3.736780
3.753594
3.770150
3.786877
3.803383
3.819987
3.836816
3.853558
3.869988
3.886568
3.903214
3.919674
3.936261
3.952757
3.969178
3.985824
4.002447
4.019104
4.035754
4.052109
4.068731
4.085458
4.102087
4.118688
4.135415
4.151788
4.168811
4.185398
4.201948
4.218609
4.235363
4.252228
4.268676
4.285727
4.302244
4.319037
4.335809
4.352332
4.369203
4.385974
4.402651
4.419381
4.436192
4.452841
4.469585
4.486384
4.502884
4.519557
4.536455
4.553095
4.569537
4.586369
4.602898
4.619679
4.636295
4.652962
4.669456
4.686278
4.702751
4.719439
4.736156
4.752650
4.769305
4.786020
4.802735
4.819438
4.836240
4.852889
4.869616
4.886424
4.903112
4.919971
4.936728
4.953533
4.970304
4.987250
5.004031
5.020848
5.037836
5.054449
5.071280
5.088049
5.105055
5.121845
5.138653
5.155575
5.172410
5.189280
5.206076
5.223079
5.239734
5.256428
5.273281
5.290101
5.306825
5.323452
5.340129
5.356957
5.373511
5.390235
5.406881
5.423407
5.440140
5.456625
5.473160
5.489799
5.506386
5.522978
5.539405
5.555905
5.572518
5.589047
5.605588
5.622040
5.638638
5.655005
5.671687
5.688169
5.704638
5.721293
5.737885
5.754519
5.771111
5.787694
5.804176
5.820651
5.837387
5.853824
5.870368
5.886981
5.903465
5.919868
5.936485
5.952861
5.969423
5.985830
6.002269
6.018759
6.035085
6.051581
6.067910
6.084265
6.100654
6.116835
6.133212
6.149459
6.165794
6.182008
6.198223
6.214411
6.230853
6.246630
6.263040
6.278961
0.012233
0.027974
0.044470
0.060418
0.076552
0.092947
0.108829
0.125046
0.141225
0.157302
0.173418
0.189716
0.205685
0.221942
0.238109
0.254293
0.270313
0.286681
0.302844
0.318855
0.335166
0.351303
0.367137
0.383762
0.399569
0.415538
0.431762
0.447776
0.464185
0.480202
0.496069
0.512179
0.528447
0.544344
0.560541
0.576537
0.592416
0.608550
0.624489
0.640443
0.656349
0.672306
0.688062
0.704274
0.720075
0.735963
0.751812
0.767736
0.783514
0.799525
0.815622
0.831082
0.846979
0.863062
0.878776
0.894865
0.910394
0.926411
0.942556
0.958334
0.974228
0.990289
1.006184
1.022251
1.038184
1.054240
1.070125
1.086175
1.101994
1.118287
1.134244
1.150204
1.166320
1.182292
1.198372
1.214347
1.230492
1.246264
1.262568
1.278708
1.294689
1.310538
1.326762
1.342767
1.358613
1.374674
1.390620
1.406663
1.422626
1.438550
1.454516
1.470644
1.486589
1.502277
1.518443
1.534191
1.550127
1.566287
1.582163
1.598345
1.614011
1.630187
1.646060
1.662299
1.677929
1.694369
1.710230
1.726151
1.742318
1.758358
1.774354
1.790560
1.806883
1.822783
1.839012
1.855152
1.871232
1.887336
1.903601
1.919702
1.935827
1.951994
1.968124
1.984264
2.000470
2.016571
2.032728
2.049015
2.064960
2.081202
2.097386
2.113283
2.129462
2.145518
2.161565
2.177558
2.193539
2.209576
2.225620
2.241661
2.257507
2.273602
2.289331
2.305468
2.321287
2.337262
2.353123
2.368910
2.384993
2.400698
2.416574
2.432516
2.448185
2.464298
2.480168
2.496083
2.511798
2.527817
2.543658
2.559492
2.575560
2.591442
2.607225
2.623167
2.638980
2.655090
2.670858
2.686758
2.702626
2.718544
2.734324
2.750293
2.766202
2.782048
2.797843
2.813677
2.829389
2.845196
2.861192
2.877068
2.892456
2.908634
2.924127
2.939802
2.955574
2.971216
2.986921
3.002681
3.018146
3.033902
3.049545
3.065058
3.080593
3.096256
3.111728
3.127229
3.142710
3.158200
3.173815
3.189332
3.204956
3.220077
3.235759
3.251060
3.266771
3.282365
3.297840
3.313189
3.328759
3.344300
3.359753
3.375609
3.390852
3.406219
3.421970
3.437408
3.452934
3.468606
3.484024
3.499415
3.514880
3.530505
3.546060
3.561517
3.576926
3.592511
3.607962
3.623320
3.638932
3.654281
3.669708
3.685068
3.700468
3.715928
3.731013
3.746559
3.761692
3.777266
3.792612
3.807859
3.823073
3.838293
3.853549
3.868751
3.883914
3.899166
3.914506
3.929735
3.944679
3.960169
3.975233
3.990525
4.005739
4.020893
4.036137
4.051453
4.066790
4.081815
4.097224
4.112564
4.127649
4.143054
4.158454
4.173575
4.188975
4.204408
4.219430
4.235087
4.250340
4.265821
4.280897
4.296656
4.311735
4.327111
4.342628
4.357818
4.373076
4.388617
4.404044
4.419390
4.434690
4.450018
4.465361
4.480866
4.496056
4.511440
4.526772
4.542096
4.557376
4.572758
4.588011
4.603230
4.618675
4.634099
4.649253
4.664491
4.679594
4.694952
4.710325
4.725494
4.740735
4.756032
4.771333
4.786604
4.802022
4.817158
4.832345
4.848089
4.863312
4.878625
4.894004
4.909488
4.925013
4.940404
4.955759
4.971059
4.986573
5.002069
5.017487
5.033087
5.048304
5.063892
5.079355
5.094695
5.110151
5.125749
5.141128
5.156596
5.171987
5.187447
5.202873
5.218288
5.233784
5.249012
5.264598
5.279917
5.295191
5.310552
5.325903
5.341330
5.356733
5.371701
5.387023
5.402330
5.417490
5.432695
5.447849
5.463126
5.478328
5.493527
5.508812
5.523910
5.539052
5.554113
5.569414
5.584574
5.599557
5.614735
5.630084
5.645124
5.660197
5.675507
5.690536
5.705729
5.720973
5.736033
5.751188
5.766324
5.781496
5.796533
5.811861
5.826952
5.842133
5.857407
5.872387
5.887565
5.902734
5.917765
5.932857
5.947950
5.962979
5.978133
5.993503
6.008258
6.023172
6.038339
6.053220
6.068200
6.083103
6.098122
6.113021
6.127993
6.142811
6.157732
6.172556
6.187548
6.202480
6.217134
6.232018
6.246960
6.261398
6.276285
0.007898
0.022485
0.037580
0.052278
0.066842
0.081574
0.096548
0.111142
0.125993
0.140686
0.155555
0.170332
0.184974
0.199867
0.214566
0.229435
0.244104
0.258967
0.273741
0.288571
0.303294
0.318148
0.332808
0.347560
0.362391
0.377039
0.391707
0.406538
0.421482
0.436076
0.450877
0.465560
0.480316
0.494945
0.509536
0.524343
0.539131
0.553692
0.568214
0.583137
0.597554
0.612304
0.626883
0.641393
0.655933
0.670583
0.685087
0.699747
0.714191
0.728740
0.743247
0.757778
0.772317
0.786758
0.801298
0.815805
0.830231
0.844906
0.859263
0.873764
0.888457
0.902856
0.917383
0.932013
0.946457
0.961033
0.975675
0.990164
1.004820
1.019267
1.033933
1.048659
1.063210
1.077867
1.092380
1.107205
1.121613
1.136407
1.151037
1.165706
1.180251
1.195037
1.209565
1.224270
1.238893
1.253442
1.268123
1.282830
1.297628
1.312000
1.326711
1.341304
1.355799
1.370588
1.385104
1.399734
1.414393
1.428903
1.443725
1.457974
1.472963
1.487266
1.501872
1.516256
1.531063
1.545525
1.560032
1.574730
1.589066
1.603771
1.618125
1.633078
1.647411
1.661915
1.676869
1.691265
1.705912
1.720572
1.735148
1.749954
1.764641
1.779268
1.794021
1.808647
1.823283
1.838030
1.852923
1.867469
1.882096
1.896980
1.911649
1.926305
1.941088
1.955867
1.970515
1.985148
2.000149
2.014683
2.029579
2.044137
2.058695
2.073762
2.088206
2.103046
2.117559
2.132033
2.146896
2.161496
2.176141
2.190821
2.205421
2.219868
2.234525
2.249104
2.263553
2.278132
2.292696
2.307122
2.321563
2.335992
2.350496
2.365278
2.379339
2.394059
2.408188
2.422833
2.437316
2.451685
2.466072
2.480648
2.495074
2.509569
2.523992
2.538553
2.553005
2.567363
2.581944
2.596403
2.610805
2.625354
2.639879
2.654314
2.668809
2.683211
2.697835
2.711961
2.726756
2.741038
2.755506
2.770004
2.784388
2.798895
2.813282
2.827654
2.842026
2.856326
2.870860
2.885109
2.899523
2.913779
2.928246
2.942631
2.956841
2.971120
2.985366
2.999379
3.013841
3.028015
3.042192
3.056385
3.070718
3.084916
3.098773
3.113286
3.127244
3.141143
3.155488
3.169519
3.183660
3.197733
3.211835
3.225944
3.240118
3.254095
3.268065
3.282350
3.296501
3.310417
3.324571
3.338886
3.353042
3.367049
3.381163
3.395359
3.409419
3.423552
3.437705
3.452026
3.465844
3.480018
3.494193
3.508181
3.522242
3.536746
3.550464
3.564738
3.578720
3.592751
3.606847
3.620887
3.634932
3.648888
3.662930
3.676889
3.690875
3.704938
3.718798
3.732733
3.746736
3.760653
3.774590
3.788507
3.802346
3.816245
3.830158
3.843955
3.857791
3.871714
3.885594
3.899241
3.913245
3.926820
3.940680
3.954543
3.968252
3.982157
3.996029
4.009706
4.023521
4.037407
4.051073
4.065034
4.078819
4.092562
4.106431
4.120327
4.134129
4.147971
4.161951
4.175754
4.189763
4.203497
4.217707
4.231252
4.245196
4.259098
4.272999
4.286979
4.301081
4.314986
4.328876
4.342730
4.356703
4.370533
4.384531
4.398414
4.412385
4.426385
4.440317
4.454063
4.467950
4.481956
4.495807
4.509631
4.523590
4.537395
4.551402
4.565256
4.578921
4.592669
4.606688
4.620311
4.634393
4.648180
4.661881
4.675561
4.689427
4.703326
4.717069
4.730947
4.744624
4.758633
4.772544
4.786278
4.800140
4.814117
4.827854
4.841693
4.855607
4.869472
4.883269
4.897366
4.911210
4.925121
4.939122
4.953035
4.966928
4.980944
4.994809
5.008756
5.022729
5.036715
5.050587
5.064707
5.078567
5.092618
5.106526
5.120494
5.134429
5.148471
5.162265
5.176218
5.190266
5.204093
5.218057
5.231953
5.245906
5.259840
5.273598
5.287632
5.301381
5.315193
5.328974
5.342912
5.356685
5.370377
5.384198
5.398114
5.411707
5.425528
5.439262
5.452921
5.466613
5.480380
5.493958
5.507650
5.521381
5.534956
5.548600
5.562358
5.575945
5.589602
5.603296
5.617039
5.630641
5.644291
5.657938
5.671558
5.685266
5.698841
5.712574
5.726371
5.739860
5.753500
5.767262
5.780837
5.794498
5.808203
5.821802
5.835454
5.849132
5.862713
5.876360
5.890043
5.903462
5.917076
5.930942
5.944391
5.958035
5.971616
5.984985
5.998671
6.012180
6.025734
6.039177
6.052714
6.066148
6.079732
6.093205
6.106505
6.120107
6.133424
6.146808
6.160197
6.173611
6.186961
6.200219
6.213778
6.226781
6.240240
6.253572
6.266917
6.280126
0.010202
0.023468
0.036711
0.050217
0.063118
0.076465
0.090043
0.103025
0.116355
0.129582
0.142699
0.156035
0.169532
0.182592
0.195861
0.209227
0.222412
0.235700
0.249035
0.262281
0.275565
0.288967
0.302071
0.315410
0.328793
0.341859
0.355203
0.368542
0.381584
0.394760
0.408192
0.421341
0.434665
0.447889
0.461144
0.474240
0.487473
0.500653
0.513830
0.527048
0.540231
0.553354
0.566545
0.579680
0.592791
0.605982
0.619051
0.632039
0.645237
0.658437
0.671389
0.684479
0.697404
0.710557
0.723539
0.736613
0.749529
0.762718
0.775520
0.788748
0.801646
0.814514
0.827472
0.840699
0.853603
0.866564
0.879522
0.892663
0.905654
0.918756
0.931824
0.944854
0.957947
0.970869
0.983965
0.997162
1.010156
1.023300
1.036408
1.049492
1.062431
1.075566
1.088695
1.101875
1.114955
1.128018
1.141090
1.154282
1.167386
1.180524
1.193788
1.206800
1.219901
1.233027
1.246284
1.259176
1.272395
1.285488
1.298635
1.311871
1.324847
1.337913
1.351072
1.364194
1.377356
1.390194
1.403452
1.416368
1.429619
1.442568
1.455544
1.468520
1.481700
1.494628
1.507750
1.520699
1.533720
1.546834
1.559843
1.572977
1.585824
1.599004
1.612025
1.625004
1.638259
1.651234
1.664249
1.677300
1.690210
1.703662
1.716498
1.729560
1.742728
1.755821
1.768961
1.782096
1.795162
1.808342
1.821536
1.834794
1.847818
1.860916
1.874114
1.887183
1.900440
1.913536
1.926950
1.940078
1.953177
1.966384
1.979695
1.992677
2.005974
2.018961
2.032195
2.045285
2.058482
2.071590
2.084866
2.098015
2.111120
2.124039
2.137174
2.150207
2.163362
2.176506
2.189356
2.202458
2.215395
2.228607
2.241472
2.254520
2.267466
2.280430
2.293445
2.306337
2.319313
2.332133
2.345292
2.358118
2.371151
2.383830
2.396809
2.409752
2.422671
2.435473
2.448530
2.461428
2.474278
2.487179
2.500041
2.512870
2.525891
2.538684
2.551648
2.564507
2.577462
2.590390
2.603240
2.616210
2.629237
2.641988
2.654904
2.667907
2.680745
2.693766
2.706634
2.719424
2.732421
2.745098
2.757993
2.770825
2.783654
2.796594
2.809423
2.822318
2.835204
2.848042
2.860814
2.873590
2.886482
2.899236
2.911933
2.924705
2.937516
2.950285
2.962890
2.975650
2.988329
3.001108
3.013751
3.026412
3.039008
3.051753
3.064282
3.076893
3.089620
3.102185
3.114793
3.127340
3.139927
3.152477
3.165028
3.177713
3.190102
3.202697
3.215182
3.227870
3.240469
3.252884
3.265348
3.278189
3.290575
3.303134
3.315768
3.328358
3.340932
3.353372
3.366006
3.378725
3.391119
3.403646
3.416406
3.428792
3.441291
3.453959
3.466461
3.478961
3.491751
3.504065
3.516606
3.529333
3.541719
3.554183
3.566706
3.579481
3.591702
3.604202
3.616740
3.629276
3.641784
3.654275
3.666676
3.679022
3.691492
3.703961
3.716482
3.728712
3.741068
3.753471
3.765893
3.778153
3.790553
3.802945
3.815286
3.827483
3.839758
3.852221
3.864382
3.876777
3.888944
3.901216
3.913521
3.925768
3.938073
3.950402
3.962467
3.974724
3.987173
3.999247
4.011525
4.023805
4.035957
4.048145
4.060537
4.072752
4.085146
4.097529
4.109597
4.121914
4.134273
4.146515
4.158799
4.171103
4.183384
4.195713
4.208132
4.220323
4.232666
4.245043
4.257300
4.269608
4.282039
4.294436
4.306699
4.319091
4.331375
4.343718
4.356101
4.368310
4.380648
4.393024
4.405332
4.417718
4.429954
4.442214
4.454578
4.467120
4.479158
4.491493
4.503821
4.515979
4.528293
4.540724
4.552819
4.565214
4.577395
4.589659
4.601838
4.614205
4.626408
4.638518
4.650799
4.662945
4.675175
4.687429
4.699566
4.711853
4.724089
4.736205
4.748414
4.760725
4.772871
4.785157
4.797330
4.809488
4.821751
4.834170
4.846238
4.858500
4.870844
4.883062
4.895367
4.907621
4.919896
4.932272
4.944551
4.956777
4.969109
4.981456
4.993689
5.006128
5.018385
5.030636
5.042950
5.055440
5.067614
5.079918
5.092382
5.104599
5.116925
5.129326
5.141502
5.153876
5.166229
5.178450
5.190754
5.203119
5.215295
5.227537
5.239934
5.252066
5.264212
5.276495
5.288644
5.300895
5.313197
5.325253
5.337510
5.349761
5.361886
5.374017
5.386100
5.398237
5.410311
5.422421
5.434402
5.446539
5.458641
5.470562
5.482684
5.494578
5.506773
5.518726
5.530789
5.542746
5.554727
5.566801
5.578864
5.590878
5.602958
5.614813
5.626818
5.639057
5.650838
5.662849
5.674986
5.686856
5.698867
5.710978
5.722950
5.734793
5.747128
5.758896
5.770920
5.782868
5.795116
5.806965
5.819000
5.830978
5.842942
5.854962
5.866940
5.878726
5.890732
5.902887
5.914575
5.926723
5.938561
5.950419
5.962437
5.974259
5.986108
5.998069
6.009861
6.021815
6.033700
6.045499
6.057333
6.069309
6.080889
6.092885
6.104623
6.116365
6.128088
6.139995
6.151563
6.163409
6.175264
6.186790
6.198487
6.210196
6.221985
6.233556
6.245210
6.256817
6.268463
6.280030
0.008500
0.020232
0.031938
0.043299
0.055124
0.066731
0.078257
0.089885
0.101587
0.113206
0.124780
0.136443
0.148023
0.159618
0.171306
0.182840
0.194378
0.206147
0.217744
0.229372
0.241066
0.252666
0.264282
0.275874
0.287558
0.299150
0.310757
0.322316
0.333994
0.345607
0.357178
0.368821
0.380352
0.391881
0.403587
0.415050
0.426635
0.438479
0.449876
0.461509
0.473047
0.484642
0.496159
0.507796
0.519154
0.530808
0.542178
0.553752
0.565146
0.576588
0.588018
0.599634
0.611171
0.622398
0.634049
0.645611
0.656975
0.668249
0.679718
0.691235
0.702554
0.714029
0.725327
0.736721
0.748052
0.759356
0.770640
0.782300
0.793538
0.804900
0.816308
0.827559
0.838920
0.850305
0.861651
0.873015
0.884427
0.895701
0.907080
0.918525
0.929946
0.941238
0.952752
0.964026
0.975534
0.986886
0.998289
1.009677
1.021236
1.032525
1.044027
1.055454
1.066875
1.078236
1.089738
1.101213
1.112627
1.124036
1.135514
1.146887
1.158371
1.169777
1.181222
1.192733
1.204163
1.215602
1.227062
1.238534
1.249799
1.261364
1.272776
1.284191
1.295660
1.307092
1.318534
1.330111
1.341370
1.352641
1.364266
1.375621
1.386952
1.398475
1.409791
1.421179
1.432621
1.443973
1.455301
1.466728
1.477946
1.489343
1.500746
1.512104
1.523468
1.534736
1.546070
1.557443
1.568741
1.580108
1.591436
1.602803
1.614146
1.625498
1.636919
1.648211
1.659588
1.670847
1.682181
1.693641
1.705122
1.716432
1.727901
1.739331
1.750620
1.762128
1.773492
1.784996
1.796342
1.807793
1.819235
1.830536
1.841972
1.853360
1.864796
1.876334
1.887743
1.899191
1.910768
1.922156
1.933535
1.945031
1.956458
1.967786
1.979386
1.990777
2.002198
2.013706
2.025163
2.036659
2.048053
2.059357
2.070700
2.082151
2.093530
2.104795
2.116309
2.127742
2.139100
2.150365
2.161688
2.173028
2.184401
2.195861
2.207027
2.218550
2.229668
2.240888
2.252246
2.263410
2.274762
2.286075
2.297187
2.308578
2.319577
2.331007
2.342125
2.353285
2.364580
2.375645
2.386865
2.398040
2.409249
2.420460
2.431593
2.442852
2.454025
2.465188
2.476393
2.487632
2.498690
2.509802
2.521172
2.532267
2.543490
2.554623
2.565751
2.577169
2.588293
2.599417
2.610536
2.621990
2.633057
2.644262
2.655486
2.666535
2.677764
2.688853
2.700250
2.711338
2.722367
2.733668
2.744801
2.755964
2.767044
2.778123
2.789412
2.800342
2.811610
2.822743
2.833802
2.844830
2.856066
2.867130
2.878308
2.889307
2.900428
2.911304
2.922530
2.933579
2.944665
2.955511
2.966557
2.977592
2.988758
2.999601
3.010395
3.021595
3.032416
3.043268
3.054521
3.065259
3.076195
3.087235
3.097955
3.108834
3.119784
3.130609
3.141494
3.152400
3.163158
3.174022
3.184982
3.195731
3.206583
3.217680
3.228239
3.239054
3.250131
3.260895
3.271646
3.282461
3.293463
3.304348
3.315127
3.325913
3.336675
3.347775
3.358477
3.369326
3.380229
3.391080
3.401956
3.412769
3.423573
3.434409
3.445306
3.456008
3.467018
3.477888
3.488566
3.499385
3.510260
3.521031
3.531871
3.542711
3.553380
3.564270
3.575098
3.585770
3.596583
3.607393
3.618026
3.628940
3.639642
3.650317
3.661037
3.671790
3.682393
3.693158
3.703799
3.714504
3.725188
3.735893
3.746424
3.757040
3.767646
3.778497
3.788915
3.799628
3.810309
3.820658
3.831483
3.841867
3.852656
3.863106
3.873568
3.884114
3.894630
3.905200
3.915789
3.926359
3.936830
3.947388
3.957925
3.968324
3.978942
3.989438
3.999939
4.010449
4.020998
4.031508
4.041953
4.052574
4.063027
4.073594
4.084161
4.094692
4.105265
4.115611
4.126246
4.136942
4.147390
4.157873
4.168485
4.178986
4.189556
4.200174
4.210711
4.221249
4.231768
4.242293
4.252977
4.263550
4.274057
4.284627
4.295146
4.305758
4.316253
4.326943
4.337439
4.347910
4.358519
4.369056
4.379593
4.390157
4.400643
4.411222
4.421918
4.432258
4.442935
4.453440
4.463830
4.474275
4.484997
4.495397
4.506060
4.516480
4.526966
4.537428
4.547938
4.558308
4.568794
4.579316
4.589760
4.600211
4.610706
4.621048
4.631447
4.641928
4.652408
4.662687
4.673264
4.683591
4.694122
4.704509
4.714771
4.725389
4.735672
4.746014
4.756533
4.766881
4.777268
4.787692
4.798202
4.808496
4.818950
4.829430
4.839868
4.850244
4.860807
4.871174
4.881648
4.892098
4.902596
4.912996
4.923506
4.933855
4.944332
4.954821
4.965271
4.975724
4.986226
4.996661
5.007090
5.017627
5.028059
5.038543
5.049086
5.059494
5.069986
5.080433
5.090899
5.101298
5.111793
5.122339
5.132628
5.143204
5.153609
5.164030
5.174402
5.184969
5.195233
5.205740
5.216026
5.226482
5.236819
5.247248
5.257593
5.267962
5.278308
5.288644
5.299002
5.309377
5.319495
5.329927
5.340189
5.350405
5.360756
5.371030
5.381235
5.391574
5.401931
5.411929
5.422272
5.432413
5.442615
5.452801
5.462934
5.473298
5.483385
5.493497
5.503614
5.513759
5.523952
5.534099
5.544220
5.554404
5.564452
5.574765
5.584697
5.594859
5.605064
5.615068
5.625185
5.635414
5.645442
5.655676
5.665704
5.675849
5.685906
5.696213
5.706142
5.716275
5.726446
5.736495
5.746565
5.756901
5.766785
5.776989
5.786916
5.797048
5.807229
5.817221
5.827260
5.837336
5.847499
5.857437
5.867525
5.877639
5.887715
5.897671
5.907834
5.917768
5.927784
5.937860
5.947831
5.957915
5.967805
5.977914
5.987855
5.997850
6.007872
6.017867
6.027766
6.037736
6.047620
6.057723
6.067511
6.077335
6.087300
6.097166
6.107116
6.116940
6.126767
6.136633
6.146541
6.156266
6.166121
6.176178
6.185760
6.195787
6.205606
6.215421
6.225086
6.234886
6.244659
6.254423
6.264184
6.273931
0.000464
0.010208
0.019963
0.029703
0.039470
0.049129
0.058810
0.068601
0.078218
0.088072
0.097791
0.107594
0.117209
0.126907
0.136644
0.146405
0.156295
0.165769
0.175536
0.185375
0.194992
0.204724
0.214494
0.224270
0.233992
0.243672
0.253451
0.263096
0.272827
0.282510
0.292310
0.302005
0.311692
0.321414
0.331121
0.340882
0.350365
0.360111
0.369908
0.379454
0.389376
0.398970
0.408677
0.418408
0.428014
0.437607
0.447353
0.456839
0.466573
0.476259
0.485852
0.495545
0.505234
0.514818
0.524283
0.534074
0.543616
0.553240
0.562839
0.572367
0.581930
0.591610
0.601045
0.610611
0.620199
0.629690
0.639215
0.648865
0.658323
0.667794
0.677333
0.686813
0.696310
0.705841
0.715272
0.724749
0.734423
0.743723
0.753241
0.762733
0.772099
0.781572
0.791037
0.800399
0.810023
0.819460
0.828808
0.838231
0.847707
0.857157
0.866495
0.875987
0.885415
0.894979
0.904431
0.913875
0.923397
0.932765
0.942335
0.951811
0.961183
0.970587
0.980355
0.989651
0.999062
1.008511
1.018036
1.027488
1.037007
1.046450
1.056002
1.065488
1.074946
1.084423
1.093935
1.103451
1.112981
1.122320
1.131832
1.141390
1.150932
1.160367
1.169849
1.179329
1.188727
1.198363
1.207818
1.217292
1.226741
1.236284
1.245778
1.255267
1.264725
1.274148
1.283588
1.293263
1.302503
1.312030
1.321494
1.330908
1.340352
1.349882
1.359302
1.368829
1.378168
1.387644
1.397022
1.406543
1.415924
1.425290
1.434823
1.444192
1.453549
1.463055
1.472337
1.481781
1.491197
1.500605
1.509994
1.519291
1.528702
1.538079
1.547580
1.556817
1.566140
1.575512
1.585075
1.594291
1.603705
1.613077
1.622481
1.631835
1.641258
1.650608
1.660040
1.669376
1.678759
1.688305
1.697544
1.707069
1.716438
1.725836
1.735364
1.744774
1.754098
1.763509
1.772916
1.782423
1.791776
1.801352
1.810670
1.820158
1.829623
1.838913
1.848432
1.857950
1.867262
1.876903
1.886206
1.895620
1.905078
1.914591
1.924130
1.933355
1.942915
1.952257
1.961671
1.971141
1.980573
1.989921
1.999577
2.008847
2.018224
2.027632
2.037049
2.046492
2.055966
2.065250
2.074757
2.084150
2.093503
2.102857
2.112220
2.121657
2.130930
2.140371
2.149625
2.158979
2.168417
2.177612
2.187016
2.196238
2.205664
2.214790
2.224185
2.233344
2.242728
2.252075
2.261223
2.270666
2.279699
2.289065
2.298152
2.307467
2.316617
2.325904
2.335204
2.344330
2.353582
2.362723
2.372026
2.381005
2.390419
2.399571
2.408745
2.417961
2.427144
2.436270
2.445603
2.454612
2.463798
2.473140
2.482134
2.491475
2.500520
2.509940
2.518821
2.528273
2.537201
2.546483
2.555630
2.564813
2.573936
2.583182
2.592263
2.601482
2.610620
2.619751
2.628994
2.638183
2.647300
2.656480
2.665579
2.674789
2.683810
2.693035
2.702167
2.711305
2.720545
2.729641
2.738764
2.747905
2.756971
2.766115
2.775328
2.784382
2.793412
2.802583
2.811643
2.820799
2.829868
2.839000
2.848012
2.857186
2.866132
2.875129
2.884282
2.893348
2.902394
2.911535
2.920316
2.929502
2.938460
2.947523
2.956490
2.965461
2.974503
2.983386
2.992503
3.001299
3.010290
3.019354
3.028165
3.037270
3.046016
3.054965
3.063860
3.072830
3.081633
3.090621
3.099549
3.108384
3.117265
3.126241
3.134992
3.143882
3.152729
3.161585
3.170418
3.179271
3.188076
3.196966
3.205915
3.214717
3.223574
3.232415
3.241245
3.250026
3.258948
3.267691
3.276586
3.285334
3.294236
3.303065
3.311907
3.320724
3.329502
3.338410
3.347179
3.356062
3.364925
3.373580
3.382476
3.391416
3.400048
3.408964
3.417835
3.426548
3.435482
3.444293
3.453009
3.461763
3.470590
3.479359
3.488134
3.497006
3.505643
3.514524
3.523422
3.532027
3.540736
3.549617
3.558410
3.567006
3.575847
3.584625
3.593365
3.602062
3.610763
3.619410
3.628221
3.636913
3.645592
3.654314
3.662870
3.671637
3.680284
3.688888
3.697508
3.706331
3.714807
3.723409
3.732002
3.740720
3.749301
3.757899
3.766546
3.775025
3.783638
3.792168
3.800779
3.809390
3.817853
3.826479
3.834994
3.843473
3.851982
3.860562
3.869026
3.877514
3.886101
3.894558
3.903013
3.911456
3.919971
3.928456
3.937040
3.945426
3.953880
3.962359
3.970805
3.979284
3.987691
3.996191
4.004649
4.013157
4.021648
4.030034
4.038525
4.046971
4.055605
4.063878
4.072446
4.080913
4.089281
4.097799
4.106239
4.114685
4.123158
4.131624
4.140049
4.148519
4.156935
4.165354
4.173821
4.182393
4.190742
4.199264
4.207712
4.216194
4.224736
4.233302
4.241592
4.250152
4.258540
4.267067
4.275489
4.283932
4.292363
4.300770
4.309306
4.317679
4.326119
4.334595
4.343077
4.351496
4.359939
4.368370
4.376801
4.385214
4.393615
4.402000
4.410542
4.418937
4.427260
4.435727
4.444080
4.452508
4.460954
4.469265
4.477720
4.486076
4.494402
4.502806
4.511252
4.519527
4.527862
4.536251
4.544637
4.552921
4.561274
4.569615
4.577920
4.586348
4.594614
4.602928
4.611227
4.619502
4.627810
4.636116
4.644426
4.652678
4.660977
4.669237
4.677506
4.685709
4.694014
4.702379
4.710531
4.718789
4.727078
4.735291
4.743530
4.751787
4.760056
4.768334
4.776553
4.784866
4.793136
4.801342
4.809647
4.817862
4.826131
4.834496
4.842718
4.850926
4.859324
4.867426
4.875629
4.883988
4.892254
4.900511
4.908813
4.917032
4.925364
4.933594
4.941890
4.950168
4.958512
4.966601
4.974927
4.983217
4.991433
4.999672
5.007905
5.016165
5.024404
5.032784
5.040847
5.049248
5.057376
5.065747
5.073938
5.082213
5.090359
5.098647
5.106838
5.115035
5.123256
5.131507
5.139689
5.147887
5.156171
5.164266
5.172520
5.180736
5.188891
5.197067
5.205264
5.213342
5.221542
5.229721
5.237846
5.246032
5.254079
5.262165
5.270329
5.278428
5.286508
5.294735
5.302699
5.310764
5.318896
5.326979
5.334928
5.343077
5.351073
5.359129
5.367096
5.375195
5.383119
5.391172
5.399148
5.407091
5.415093
5.423101
5.430951
5.438995
5.447061
5.454836
5.462871
5.470831
5.478804
5.486651
5.494587
5.502440
5.510383
5.518325
5.526142
5.534037
5.541955
5.549817
5.557687
5.565648
5.573534
5.581377
5.589275
5.597136
5.604953
5.612827
5.620712
5.628592
5.636481
5.644291
5.652144
5.660017
5.667801
5.675645
5.683513
5.691344
5.699167
5.707056
5.714893
5.722752
5.730569
5.738356
5.746157
5.754016
5.761821
5.769604
5.777520
5.785322
5.793060
5.800907
5.808643
5.816474
5.824337
5.832048
5.839844
5.847717
5.855459
5.863189
5.871036
5.878796
5.886519
5.894270
5.902102
5.909745
5.917526
5.925261
5.932992
5.940760
5.948457
5.956205
5.963923
5.971578
5.979328
5.987109
5.994743
6.002329
6.010074
6.017753
6.025425
6.033102
6.040606
6.048381
6.055985
6.063598
6.071208
6.078923
6.086527
6.094128
6.101795
6.109390
6.117015
6.124628
6.132091
6.139710
6.147215
6.154822
6.162327
6.169955
6.177454
6.185008
6.192566
6.200057
6.207559
6.215094
6.222581
6.230086
6.237594
6.245070
6.252572
6.260098
6.267501
6.274958
6.282415
0.006654
0.014093
0.021572
0.029053
0.036507
0.043979
0.051349
0.058834
0.066342
0.073730
0.081136
0.088587
0.096018
0.103445
0.110959
0.118395
0.125759
0.133226
0.140629
0.148032
0.155411
0.162973
0.170212
0.177780
0.185168
0.192604
0.200065
0.207435
0.214751
0.222325
0.229597
0.237111
0.244439
0.251947
0.259315
0.266706
0.274121
0.281545
0.288901
0.296271
0.303707
0.311113
0.318514
0.325860
0.333281
0.340688
0.348010
0.355572
0.362813
0.370148
0.377503
0.384981
0.392277
0.399602
0.407056
0.414313
0.421734
0.429008
0.436424
0.443698
0.451155
0.458406
0.465650
0.472978
0.480346
0.487647
0.494856
0.502352
0.509527
0.516796
0.524115
0.531399
0.538721
0.546061
0.553207
0.560547
0.567908
0.574949
0.582343
0.589564
0.596722
0.604014
0.611279
0.618536
0.625714
0.632941
0.640089
0.647364
0.654587
0.661769
0.668998
0.676249
0.683424
0.690624
0.697743
0.704957
0.712088
0.719368
0.726463
0.733602
0.740733
0.747974
0.755057
0.762254
0.769351
0.776485
0.783672
0.790839
0.797901
0.805127
0.812228
0.819403
0.826447
0.833662
0.840699
0.847905
0.854886
0.862079
0.869267
0.876319
0.883507
0.890728
0.897639
0.904935
0.912053
0.919097
0.926234
0.933454
0.940492
0.947590
0.954768
0.961884
0.969065
0.976097
0.983327
0.990391
0.997561
1.004647
1.011744
1.018998
1.025988
1.033235
1.040390
1.047445
1.054570
1.061799
1.068843
1.075962
1.083104
1.090214
1.097404
1.104424
1.111681
1.118688
1.125792
1.133001
1.139993
1.147295
1.154300
1.161400
1.168549
1.175643
1.182813
1.189908
1.196981
1.204121
1.211225
1.218256
1.225354
1.232488
1.239567
1.246608
1.253721
1.260833
1.267928
1.275074
1.282135
1.289197
1.296334
1.303356
1.310442
1.317588
1.324547
1.331666
1.338758
1.345769
1.352791
1.359895
1.366951
1.373878
1.381098
1.388025
1.395063
1.402109
1.409120
1.416179
1.423247
1.430209
1.437184
1.444255
1.451188
1.458243
1.465245
1.472160
1.479222
1.486185
1.493207
1.500164
1.507175
1.514123
1.521101
1.528118
1.535038
1.541995
1.549030
1.555921
1.562857
1.569790
1.576791
1.583754
1.590705
1.597725
1.604631
1.611579
1.618571
1.625537
1.632413
1.639466
1.646390
1.653389
1.660298
1.667260
1.674268
1.681189
1.688068
1.695061
1.702188
1.709007
1.716000
1.722993
1.729950
1.736934
1.743873
1.750799
1.757825
1.764773
1.771652
1.778648
1.785676
1.792552
1.799539
1.806625
1.813417
1.820470
1.827424
1.834410
1.841391
1.848258
1.855314
1.862226
1.869218
1.876115
1.883222
1.890110
1.897067
1.904099
1.910909
1.917940
1.924972
1.931830
1.938775
1.945837
1.952707
1.959633
1.966647
1.973544
1.980498
1.987473
1.994382
2.001306
2.008268
2.015153
2.022095
2.029019
2.035922
2.042813
2.049758
2.056661
2.063561
2.070497
2.077354
2.084183
2.091256
2.097946
2.104939
2.111743
2.118625
2.125570
2.132365
2.139232
2.146066
2.152969
2.159758
2.166565
2.173507
2.180227
2.187229
2.193937
2.200678
2.207539
2.214448
2.221264
2.227984
2.234761
2.241553
2.248372
2.255129
2.261912
2.268692
2.275484
2.282219
2.288924
2.295638
2.302433
2.309183
2.315918
2.322687
2.329374
2.336103
2.342778
2.349537
2.356263
2.362936
2.369638
2.376412
2.383060
2.389711
2.396486
2.403152
2.409839
2.416502
2.423225
2.429868
2.436633
2.443359
2.449986
2.456697
2.463291
2.469919
2.476666
2.483350
2.489959
2.496695
2.503373
2.510009
2.516645
2.523261
2.529945
2.536590
2.543331
2.549953
2.556634
2.563327
2.569987
2.576602
2.583287
2.589935
2.596559
2.603144
2.609802
2.616465
2.623071
2.629785
2.636380
2.642980
2.649583
2.656414
2.662889
2.669552
2.676248
2.682702
2.689311
2.696013
2.702628
2.709223
2.715859
2.722426
2.729030
2.735654
2.742335
2.748849
2.755428
2.761974
2.768620
2.775085
2.781703
2.788304
2.794796
2.801337
2.807934
2.814492
2.821000
2.827573
2.834128
2.840645
2.847194
2.853696
2.860239
2.866857
2.873212
2.879872
2.886362
2.892905
2.899284
2.905854
2.912266
2.918860
2.925349
2.931707
2.938220
2.944737
2.951214
2.957632
2.964184
2.970500
2.977109
2.983467
2.989899
2.996344
3.002707
3.009116
3.015674
3.022038
3.028405
3.034798
3.041213
3.047630
3.053991
3.060483
3.066772
3.073130
3.079520
3.085791
3.092251
3.098539
3.104930
3.111258
3.117660
3.123970
3.130253
3.136655
3.142956
3.149224
3.155644
3.162002
3.168207
3.174555
3.180931
3.187145
3.193541
3.199827
3.206119
3.212434
3.218702
3.224979
3.231375
3.237649
3.243971
3.250373
3.256542
3.262840
3.269198
3.275462
3.281721
3.288085
3.294338
3.300644
3.306948
3.313177
3.319445
3.325724
3.332013
3.338179
3.344516
3.350867
3.356985
3.363439
3.369586
3.375881
3.382056
3.388327
3.394526
3.400877
3.407049
3.413383
3.419603
3.425864
3.432012
3.438346
3.444434
3.450789
3.456931
3.463109
3.469241
3.475578
3.481693
3.487967
3.494079
3.500266
3.506491
3.512744
3.518862
3.525064
3.531221
3.537402
3.543517
3.549739
3.555881
3.562011
3.568132
3.574304
3.580428
3.586531
3.592679
3.598752
3.604858
3.611060
3.617100
3.623197
3.629267
3.635400
3.641488
3.647549
3.653595
3.659680
3.665714
3.671814
3.677827
3.683864
3.689907
3.695902
3.701957
3.707970
3.713965
3.720026
3.726051
3.732038
3.738008
3.744001
3.749975
3.755928
3.761929
3.767864
3.773803
3.779744
3.785700
3.791620
3.797558
3.803469
3.809384
3.815382
3.821278
3.827201
3.833061
3.839027
3.844800
3.850789
3.856590
3.862621
3.868415
3.874254
3.880145
3.886014
3.891910
3.897725
3.903541
3.909374
3.915246
3.921122
3.926943
3.932743
3.938568
3.944506
3.950246
3.956053
3.961898
3.967689
3.973490
3.979335
3.985180
3.990981
3.996850
4.002560
4.008432
4.014299
4.020027
4.025789
4.031610
4.037330
4.043214
4.048990
4.054734
4.060498
4.066359
4.072096
4.077875
4.083747
4.089404
4.095253
4.101056
4.106733
4.112498
4.118283
4.124053
4.129800
4.135603
4.141278
4.147105
4.152810
4.158559
4.164284
4.170043
4.175747
4.181494
4.187312
4.193032
4.198754
4.204527
4.210232
4.216012
4.221758
4.227492
4.233137
4.239000
4.244609
4.250313
4.256063
4.261800
4.267475
4.273215
4.278908
4.284627
4.290352
4.296015
4.301723
4.307424
4.313182
4.318881
4.324487
4.330203
4.335856
4.341558
4.347224
4.352907
4.358588
4.364295
4.369970
4.375608
4.381250
4.386877
4.392584
4.398166
4.403804
4.409467
4.415075
4.420711
4.426380
4.431919
4.437618
4.443217
4.448817
4.454404
4.459995
4.465538
4.471186
4.476752
4.482331
4.487892
4.493491
4.498998
4.504622
4.510149
4.515662
4.521255
4.526831
4.532326
4.537905
4.543366
4.548822
4.554383
4.559986
4.565484
4.570945
4.576470
4.581953
4.587481
4.592972
4.598422
4.603917
4.609436
4.614841
4.620335
4.625779
4.631250
4.636712
4.642140
4.647521
4.653058
4.658421
4.663913
4.669318
4.674782
4.680151
4.685571
4.690997
4.696393
4.701792
4.707182
4.712548
4.717935
4.723330
4.728646
4.734077
4.739470
4.744824
4.750232
4.755628
4.760940
4.766324
4.771675
4.777023
4.782446
4.787695
4.793094
4.798555
4.803811
4.809197
4.814488
4.819930
4.825251
4.830628
4.835938
4.841249
4.846645
4.851909
4.857281
4.862689
4.867959
4.873271
4.878583
4.883919
4.889216
4.894585
4.899852
4.905182
4.910512
4.915767
4.921073
4.926353
4.931685
4.937006
4.942288
4.947567
4.952856
4.958128
4.963381
4.968719
4.973987
4.979224
4.984500
4.989752
4.995043
5.000280
5.005580
5.010796
5.016054
5.021307
5.026556
5.031789
5.037000
5.042240
5.047462
5.052756
5.057939
5.063125
5.068410
5.073603
5.078777
5.084035
5.089203
5.094416
5.099614
5.104767
5.109957
5.115173
5.120329
5.125503
5.130713
5.135837
5.140915
5.146191
5.151293
5.156453
5.161591
5.166720
5.171849
5.177014
5.182102
5.187216
5.192363
5.197480
5.202619
5.207703
5.212814
5.217928
5.223025
5.228040
5.233119
5.238155
5.243209
5.248321
5.253411
5.258396
5.263484
5.268517
5.273538
5.278566
5.283641
5.288593
5.293597
5.298621
5.303595
5.308568
5.313608
5.318542
5.323506
5.328486
5.333399
5.338352
5.343307
5.348218
5.353158
5.358126
5.363030
5.367956
5.372864
5.377753
5.382637
5.387556
5.392431
5.397296
5.402198
5.407142
5.411896
5.416825
5.421672
5.426514
5.431334
5.436215
5.440958
5.445838
5.450644
5.455453
5.460361
5.465118
5.469921
5.474718
5.479550
5.484257
5.489117
5.493877
5.498599
5.503435
5.508130
5.512980
5.517726
5.522471
5.527190
5.531981
5.536634
5.541458
5.546170
5.550844
5.555572
5.560357
5.565075
5.569821
5.574543
5.579217
5.583933
5.588690
5.593406
5.598071
5.602814
5.607473
5.612150
5.616848
5.621548
5.626189
5.630920
5.635531
5.640205
5.644941
5.649606
5.654214
5.658882
5.663607
5.668125
5.672894
5.677500
5.682102
5.686697
5.691401
5.695922
5.700695
5.705213
5.709806
5.714417
5.719007
5.723702
5.728232
5.732810
5.737453
5.742047
5.746573
5.751149
5.755742
5.760320
5.764868
5.769457
5.773991
5.778544
5.783171
5.787599
5.792266
5.796767
5.801332
5.805836
5.810420
5.814938
5.819458
5.823965
5.828453
5.832995
5.837489
5.841980
5.846507
5.851127
5.855537
5.860070
5.864600
5.869097
5.873654
5.878095
5.882565
5.887071
5.891559
5.896023
5.900460
5.904930
5.909472
5.913898
5.918365
5.922832
5.927323
5.931742
5.936173
5.940592
5.945083
5.949491
5.953916
5.958347
5.962739
5.967170
5.971566
5.976045
5.980422
5.984823
5.989194
5.993608
5.998003
6.002362
6.006730
6.011096
6.015464
6.019835
6.024221
6.028563
6.032829
6.037251
6.041529
6.045922
6.050269
6.054526
6.058912
6.063248
6.067499
6.071865
6.076131
6.080472
6.084702
6.089047
6.093292
6.097568
6.101873
6.106139
6.110433
6.114696
6.118929
6.123184
6.127483
6.131741
6.135938
6.140241
6.144429
6.148665
6.152911
6.157162
6.161335
6.165605
6.169820
6.174036
6.178251
6.182452
6.186661
6.190934
6.195131
6.199320
6.203553
6.207679
6.211945
6.216104
6.220268
6.224411
6.228597
6.232770
6.236929
6.241082
6.245249
6.249426
6.253572
6.257689
6.261865
6.266018
6.270176
6.274305
6.278413
6.282553
0.003484
0.007577
0.011715
0.015810
0.019978
0.024076
0.028190
0.032309
0.036423
0.040492
0.044593
0.048731
0.052826
0.056991
0.061045
0.065137
0.069233
0.073343
0.077445
0.081460
0.085570
0.089633
0.093720
0.097815
0.101860
0.105917
0.109973
0.114093
0.118096
0.122209
0.126284
0.130313
0.134406
0.138442
0.142468
0.146519
0.150585
0.154644
0.158683
0.162749
0.166740
0.170784
0.174820
0.178850
0.182897
0.186963
0.190984
0.195016
0.199073
0.203058
0.207108
0.211075
0.215135
0.219123
0.223176
0.227179
0.231191
0.235202
0.239190
0.243232
0.247220
0.251216
0.255246
0.259255
0.263222
0.267212
0.271281
0.275179
0.279164
0.283190
0.287199
0.291106
0.295180
0.299066
0.303093
0.307033
0.311021
0.315017
0.318987
0.322945
0.326891
0.330854
0.334794
0.338758
0.342713
0.346647
0.350628
0.354598
0.358535
0.362472
0.366415
0.370313
0.374246
0.378207
0.382120
0.386069
0.390009
0.393930
0.397837
0.401777
0.405663
0.409558
0.413477
0.417378
0.421290
0.425227
0.429098
0.433002
0.436897
0.440789
0.444663
0.448534
0.452476
0.456356
0.460197
0.464116
0.467960
0.471819
0.475705
0.479564
0.483462
0.487285
0.491164
0.495029
0.498825
0.502720
0.506597
0.510360
0.514261
0.518084
0.521907
0.525766
0.529574
0.533352
0.537232
0.541073
0.544878
0.548686
0.552494
0.556257
0.560068
0.563900
0.567696
0.571450
0.575252
0.579030
0.582832
0.586655
0.590421
0.594193
0.597977
0.601707
0.605512
0.609254
0.613014
0.616789
0.620543
0.624252
0.628012
0.631778
0.635523
0.639260
0.643041
0.646735
0.650498
0.654222
0.657976
0.661691
0.665433
0.669130
0.672773
0.676528
0.680279
0.683949
0.687670
0.691367
0.695097
0.698806
0.702494
0.706179
0.709847
0.713529
0.717289
0.720944
0.724674
0.728320
0.731981
0.735607
0.739313
0.742974
0.746605
0.750359
0.753979
0.757634
0.761328
0.764959
0.768623
0.772251
0.775925
0.779559
0.783205
0.786854
0.790465
0.794087
0.797766
0.801349
0.805013
0.808630
0.812237
0.815862
0.819511
0.823125
0.826756
0.830447
0.834018
0.837607
0.841233
0.844795
0.848486
0.852033
0.855653
0.859275
0.862858
0.866444
0.870064
0.873674
0.877272
0.880847
0.884484
0.888034
0.891641
0.895249
0.898820
0.902385
0.906016
0.909561
0.913141
0.916733
0.920320
0.923888
0.927444
0.931009
0.934539
0.938167
0.941717
0.945352
0.948887
0.952446
0.955964
0.959556
0.963085
0.966594
0.970219
0.973727
0.977320
0.980876
0.984432
0.987950
0.991509
0.995035
0.998544
1.002103
1.005707
1.009204
1.012757
1.016286
1.019831
1.023381
1.026895
1.030404
1.033936
1.037486
1.040959
1.044521
1.047987
1.051517
1.055112
1.058585
1.062090
1.065610
1.069098
1.072597
1.076120
1.079602
1.083125
1.086622
1.090076
1.093608
1.097174
1.100577
1.104050
1.107579
1.111022
1.114542
1.118062
1.121523
1.125013
1.128525
1.131952
1.135451
1.138936
1.142378
1.145821
1.149305
1.152757
1.156220
1.159657
1.163111
1.166595
1.170050
1.173483
1.176920
1.180443
1.183811
1.187250
1.190711
1.194081
1.197584
1.201005
1.204394
1.207794
1.211267
1.214712
1.218101
1.221513
1.224953
1.228341
1.231742
1.235169
1.238561
1.241943
1.245416
1.248765
1.252190
1.255581
1.258901
1.262379
1.265747
1.269102
1.272488
1.275910
1.279268
1.282648
1.286018
1.289332
1.292780
1.296139
1.299524
1.302871
1.306212
1.309594
1.312929
1.316290
1.319583
1.322972
1.326312
1.329662
1.332990
1.336319
1.339681
1.342970
1.346308
1.349693
1.352998
1.356333
1.359673
1.363026
1.366313
1.369632
1.372910
1.376217
1.379546
1.382839
1.386110
1.389451
1.392750
1.396006
1.399350
1.402652
1.405950
1.409195
1.412479
1.415771
1.419073
1.422300
1.425592
1.428894
1.432139
1.435381
1.438649
1.441921
1.445196
1.448416
1.451706
1.454930
1.458175
1.461434
1.464700
1.467924
1.471169
1.474401
1.477607
1.480816
1.484064
1.487293
1.490517
1.493741
1.496953
1.500182
1.503385
1.506603
1.509761
1.513017
1.516214
1.519396
1.522581
1.525807
1.528986
1.532183
1.535353
1.538517
1.541696
1.544886
1.548101
1.551238
1.554420
1.557587
1.560786
1.563950
1.567093
1.570212
1.573418
1.576594
1.579719
1.582882
1.586028
1.589198
1.592365
1.595481
1.598642
1.601788
1.604885
1.608067
1.611213
1.614353
1.617493
1.620624
1.623743
1.626886
1.630031
1.633135
1.636242
1.639406
1.642492
1.645608
1.648763
1.651870
1.654992
1.658149
1.661181
1.664312
1.667461
1.670544
1.673663
1.676770
1.679859
1.682966
1.686058
1.689131
1.692194
1.695318
1.698437
1.701514
1.704594
1.707686
1.710769
1.713837
1.716899
1.720000
1.723098
1.726148
1.729213
1.732323
1.735355
1.738465
1.741467
1.744529
1.747597
1.750671
1.753685
1.756744
1.759838
1.762900
1.765914
1.769045
1.772050
1.775088
1.778144
1.781161
1.784256
1.787258
1.790272
1.793298
1.796330
1.799377
1.802377
1.805379
1.808441
1.811446
1.814510
1.817453
1.820467
1.823550
1.826510
1.829503
1.832538
1.835546
1.838524
1.841571
1.844507
1.847494
1.850496
1.853426
1.856425
1.859451
1.862423
1.865384
1.868353
1.871355
1.874312
1.877266
1.880274
1.883216
1.886194
1.889139
1.892105
1.895077
1.898023
1.901046
1.903946
1.906888
1.909878
1.912832
1.915762
1.918656
1.921625
1.924574
1.927507
1.930449
1.933349
1.936303
1.939275
1.942158
1.945070
1.947991
1.950930
1.953833
1.956778
1.959628
1.962552
1.965500
1.968322
1.971279
1.974251
1.977053
1.979962
1.982874
1.985762
1.988614
1.991544
1.994397
1.997309
2.000200
2.003064
2.005944
2.008841
2.011714
2.014602
2.017457
2.020325
2.023207
2.026026
2.028869
2.031737
2.034610
2.037414
2.040266
2.043149
2.046070
2.048820
2.051669
2.054525
2.057368
2.060205
2.063036
2.065889
2.068744
2.071548
2.074353
2.077154
2.079958
2.082768
2.085582
2.088368
2.091175
2.094010
2.096784
2.099582
2.102381
2.105149
2.107917
2.110695
2.113520
2.116270
2.119036
2.121810
2.124620
2.127389
2.130121
2.132863
2.135649
2.138357
2.141155
2.143846
2.146585
2.149335
2.152076
2.154791
2.157583
2.160315
2.162991
2.165738
2.168483
2.171173
2.173876
2.176575
2.179298
2.182043
2.184742
2.187397
2.190057
2.192820
2.195495
2.198159
2.200843
2.203531
2.206224
2.208875
2.211515
2.214226
2.216902
2.219547
2.222205
2.224841
2.227514
2.230156
2.232802
2.235480
2.238105
2.240703
2.243339
2.246023
2.248663
2.251287
2.253897
2.256564
2.259191
2.261801
2.264404
2.266999
2.269626
2.272254
2.274834
2.277422
2.280041
2.282638
2.285227
2.287845
2.290446
2.293029
2.295611
2.298212
2.300782
2.303371
2.305948
2.308545
2.311101
2.313659
2.316233
2.318774
2.321341
2.323918
2.326488
2.329062
2.331609
2.334150
2.336693
2.339252
2.341810
2.344375
2.346898
2.349423
2.351979
2.354520
2.356994
2.359520
2.362085
2.364599
2.367121
2.369635
2.372137
2.374671
2.377209
2.379693
2.382203
2.384750
2.387261
2.389762
2.392255
2.394754
2.397232
2.399757
2.402211
2.404683
2.407184
2.409662
2.412176
2.414627
2.417128
2.419654
2.422111
2.424598
2.427084
2.429550
2.432001
2.434460
2.436947
2.439392
2.441843
2.444293
2.446744