3.674142
3.674142
3.674142
3.674142
3.674142
3.674142
3.674142
3.674142
3.674142
3.674235
3.674708
3.675328
3.676080
3.676922
3.677998
3.679277
3.680799
3.682540
3.684463
3.686509
3.688646
3.690842
3.693155
3.695599
3.698233
3.701019
3.704099
3.707371
3.710900
3.714489
3.718349
3.722300
3.726438
3.730668
3.735085
3.739698
3.744447
3.749349
3.754451
3.759733
3.765270
3.770872
3.776804
3.782833
3.788965
3.795317
3.801834
3.808566
3.815367
3.822440
3.829670
3.837079
3.844749
3.852455
3.860425
3.868523
3.876864
3.885343
3.893917
3.902633
3.911693
3.920804
3.930098
3.939568
3.949222
3.959040
3.969328
3.979332
3.989977
4.000517
4.011183
4.022100
4.033345
4.044544
4.056034
4.067734
4.079541
4.091672
4.103842
4.116183
4.128847
4.141481
4.154484
4.167535
4.180994
4.194383
4.207997
4.221812
4.235893
4.250229
4.264323
4.279060
4.293801
4.308697
4.323738
4.339062
4.354618
4.370251
4.386125
4.402126
4.418344
4.434562
4.451408
4.468013
4.484850
4.502033
4.519093
4.536553
4.553999
4.571104
4.588574
4.605936
4.623307
4.640697
4.658151
4.675337
4.692702
4.710477
4.727468
4.744896
4.762543
4.779896
4.797384
4.814881
4.832902
4.849953
4.867612
4.885241
4.902830
4.920408
4.937929
4.955780
4.973300
4.990837
5.008432
5.026223
5.043816
5.061553
5.079253
5.096717
5.114394
5.132061
5.149349
5.167026
5.184702
5.202178
5.219660
5.237415
5.254738
5.272193
5.289831
5.307100
5.324507
5.342145
5.359387
5.376801
5.394180
5.411363
5.428911
5.446138
5.463294
5.480386
5.497838
5.514775
5.531999
5.549358
5.566388
5.583720
5.600749
5.617956
5.635282
5.652501
5.669485
5.686637
5.703919
5.721191
5.738377
5.755346
5.772655
5.789834
5.807112
5.823917
5.841513
5.858392
5.875758
5.892667
5.909873
5.926939
5.943957
5.961106
5.978139
5.995183
6.012258
6.029075
6.046074
6.063209
6.079969
6.096977
6.113941
6.130893
6.147371
6.164566
6.181038
6.198124
6.214947
6.231542
6.248434
6.265095
6.281861
0.015310
0.032271
0.048716
0.065566
0.082347
0.098810
0.115531
0.132372
0.149141
0.165709
0.182484
0.199109
0.215710
0.232596
0.249272
0.265855
0.282756
0.299264
0.316201
0.332829
0.349370
0.365992
0.383091
0.399362
0.416272
0.432999
0.449534
0.466144
0.482826
0.499511
0.516131
0.532645
0.549216
0.565706
0.582334
0.598813
0.615399
0.631976
0.648368
0.664771
0.681501
0.697662
0.714182
0.730645
0.747154
0.763191
0.779894
0.796103
0.812524
0.828880
0.845220
0.861735
0.878201
0.894419
0.910816
0.927303
0.943740
0.960107
0.976636
0.992884
1.009626
1.026125
1.042499
1.058839
1.075398
1.092033
1.108631
1.125325
1.141647
1.158221
1.174721
1.191316
1.207917
1.224383
1.240874
1.257616
1.273971
1.290479
1.307188
1.323610
1.340268
1.356650
1.373248
1.389493
1.406328
1.422608
1.438976
1.455871
1.472079
1.488531
1.505216
1.521490
1.537974
1.554444
1.570868
1.587379
1.603888
1.620189
1.636680
1.653359
1.669666
1.686375
1.702934
1.719230
1.735852
1.752648
1.768866
1.785742
1.802122
1.818936
1.835297
1.852339
1.868610
1.885559
1.902010
1.918710
1.935234
1.952272
1.968550
1.985220
2.002309
2.018662
2.035422
2.051837
2.068531
2.085192
2.101988
2.118502
2.134936
2.151615
2.168207
2.184634
2.201190
2.217780
2.234144
2.250691
2.267185
2.283357
2.300099
2.316260
2.332906
2.349061
2.365482
2.381943
2.398427
2.414576
2.430910
2.447428
2.463639
2.479854
2.496575
2.512613
2.529022
2.545752
2.561907
2.578313
2.594767
2.611090
2.627487
2.643891
2.660216
2.676611
2.693056
2.709450
2.725794
2.742242
2.758421
2.774780
2.791156
2.807757
2.823699
2.840106
2.856221
2.872754
2.888980
2.905204
2.921451
2.937753
2.953869
2.970030
2.986250
3.002369
3.018287
3.034741
3.050566
3.066652
3.082780
3.098767
3.114658
3.130975
3.146524
3.162895
3.178774
3.194749
3.210607
3.226495
3.242724
3.258553
3.274704
3.290392
3.306639
3.322411
3.338368
3.354405
3.370380
3.386559
3.402477
3.418647
3.434448
3.450468
3.466584
3.482559
3.498525
3.514572
3.530472
3.546456
3.562452
3.578454
3.594138
3.610143
3.626256
3.641937
3.658116
3.673818
3.689835
3.705528
3.721587
3.737266
3.753154
3.768880
3.784705
3.800521
3.816242
3.831845
3.847598
3.863283
3.879051
3.894870
3.910414
3.926281
3.941845
3.957596
3.973178
3.988806
4.004577
4.020078
4.036182
4.051660
4.067314
4.083154
4.098917
4.114544
4.130504
4.146122
4.161801
4.177581
4.193556
4.209204
4.225218
4.240849
4.256991
4.272610
4.288513
4.304260
4.320274
4.335800
4.351739
4.367669
4.383419
4.399481
4.415327
4.431059
4.447011
4.462772
4.478568
4.494279
4.510149
4.525771
4.541572
4.557445
4.573288
4.588973
4.604962
4.620832
4.636340
4.652255
4.667736
4.683756
4.699434
4.715086
4.730923
4.746697
4.762486
4.778059
4.794139
4.809869
4.825592
4.841477
4.857227
4.873133
4.889120
4.904880
4.920813
4.936650
4.952604
4.968549
4.984416
5.000430
5.016192
5.032320
5.048100
5.064156
5.080110
5.096097
5.112018
5.127915
5.143671
5.159874
5.175876
5.191632
5.207742
5.223525
5.239626
5.255361
5.271306
5.287189
5.302942
5.318767
5.334496
5.350453
5.366404
5.382031
5.397818
5.413529
5.429156
5.444895
5.460660
5.476345
5.491954
5.507665
5.523425
5.538797
5.554646
5.570124
5.585715
5.601615
5.617195
5.632739
5.648582
5.664086
5.679657
5.695485
5.710954
5.726683
5.742313
5.758081
5.773805
5.789151
5.805084
5.820621
5.836093
5.851693
5.867327
5.883173
5.898710
5.914329
5.929977
5.945617
5.961106
5.976710
5.992235
6.007662
6.023244
6.038698
6.054305
6.069582
6.085101
6.100755
6.115877
6.131444
6.146862
6.162133
6.177317
6.192872
6.208137
6.223492
6.238511
6.254049
6.269203
0.001336
0.016496
0.031713
0.046930
0.062336
0.077442
0.092782
0.107816
0.122952
0.138403
0.153533
0.168693
0.184099
0.199426
0.214706
0.229866
0.245320
0.260384
0.275724
0.290986
0.306251
0.321570
0.336649
0.352189
0.367200
0.382396
0.397625
0.413009
0.428193
0.443554
0.458549
0.473871
0.489016
0.504098
0.519199
0.534377
0.549644
0.564640
0.579779
0.594909
0.610141
0.625001
0.640215
0.655244
0.670182
0.685366
0.700214
0.715072
0.730160
0.745338
0.760028
0.775185
0.790342
0.805172
0.820209
0.834998
0.849999
0.865093
0.880068
0.894979
0.910112
0.925101
0.940162
0.955098
0.970186
0.985274
1.000233
1.015250
1.030353
1.045588
1.060379
1.075572
1.090870
1.105859
1.120849
1.136185
1.151205
1.166311
1.181384
1.196739
1.211704
1.227011
1.242084
1.257175
1.272308
1.287366
1.302431
1.317707
1.332924
1.347794
1.363002
1.378129
1.393253
1.408344
1.423250
1.438323
1.453561
1.468478
1.483473
1.498708
1.513578
1.528612
1.543784
1.558701
1.573858
1.588818
1.603816
1.618940
1.634148
1.648898
1.664246
1.679161
1.694270
1.709274
1.724587
1.739561
1.754703
1.770100
1.785158
1.800330
1.815484
1.830617
1.845813
1.861141
1.876559
1.891563
1.906843
1.922075
1.937277
1.952575
1.967759
1.983060
1.998247
2.013515
2.028579
2.043853
2.058872
2.074299
2.089384
2.104382
2.119985
2.134945
2.150198
2.165133
2.180344
2.195264
2.210448
2.225585
2.240568
2.255584
2.270798
2.285389
2.300750
2.315478
2.330482
2.345460
2.360566
2.375447
2.390499
2.405273
2.420283
2.435078
2.450184
2.465215
2.479989
2.494984
2.509913
2.524762
2.539799
2.554773
2.569639
2.584665
2.599723
2.614664
2.629668
2.644445
2.659452
2.674453
2.689200
2.704249
2.719239
2.734273
2.749220
2.764189
2.778935
2.793879
2.808869
2.823699
2.838610
2.853453
2.868248
2.883452
2.897878
2.912901
2.927752
2.942289
2.957206
2.971875
2.986658
3.001308
3.016061
3.030897
3.045491
3.060079
3.074856
3.089479
3.103962
3.118658
3.133294
3.147905
3.162439
3.177138
3.191570
3.206301
3.220760
3.235291
3.250035
3.264458
3.279025
3.293774
3.308260
3.322920
3.337505
3.352036
3.366629
3.381301
3.395922
3.410489
3.425157
3.439712
3.454201
3.468852
3.483505
3.498096
3.512642
3.527269
3.541845
3.556501
3.570873
3.585428
3.600142
3.614622
3.629177
3.643699
3.658215
3.672629
3.687175
3.701553
3.716050
3.730542
3.744894
3.759299
3.773844
3.788267
3.802478
3.816817
3.831087
3.845339
3.859723
3.874120
3.888393
3.902615
3.916855
3.931386
3.945743
3.959717
3.974262
3.988404
4.002878
4.017037
4.031481
4.045770
4.060007
4.074471
4.088538
4.102967
4.117387
4.131567
4.146036
4.160489
4.174839
4.189203
4.203605
4.218081
4.232651
4.246912
4.261237
4.275657
4.290247
4.304335
4.319016
4.333388
4.347730
4.362228
4.376726
4.391206
4.405473
4.419872
4.434280
4.448652
4.463162
4.477534
4.492008
4.506338
4.520716
4.535073
4.549661
4.563773
4.578273
4.592667
4.606838
4.621153
4.635567
4.649828
4.664165
4.678369
4.692831
4.706987
4.721236
4.735677
4.749957
4.764266
4.778569
4.793082
4.807316
4.821565
4.836054
4.850507
4.864795
4.879254
4.893635
4.907879
4.922407
4.936979
4.951396
4.965768
4.980288
4.994752
5.009178
5.023685
5.038111
5.052705
5.067164
5.081764
5.096127
5.110586
5.124883
5.139621
5.153948
5.168332
5.182851
5.197241
5.211682
5.226171
5.240642
5.254810
5.269377
5.283800
5.298145
5.312721
5.326766
5.341321
5.355510
5.369769
5.384123
5.398504
5.412666
5.426900
5.441120
5.455300
5.469543
5.483634
5.497970
5.512243
5.526414
5.540487
5.554598
5.568916
5.583055
5.597127
5.611461
5.625449
5.639803
5.654088
5.668065
5.682371
5.696483
5.710780
5.724646
5.739012
5.753162
5.767405
5.781642
5.795808
5.809865
5.823959
5.838304
5.852376
5.866590
5.880755
5.894822
5.909041
5.923185
5.937387
5.951378
5.965463
5.979601
5.993610
6.007617
6.021680
6.035822
6.049730
6.063943
6.077833
6.091812
6.105702
6.119720
6.133703
6.147569
6.161491
6.175621
6.189241
6.203089
6.217224
6.230856
6.244710
6.258396
6.272367
0.003047
0.016694
0.030539
0.044360
0.058106
0.071911
0.085732
0.099352
0.113221
0.127189
0.140716
0.154719
0.168351
0.182298
0.195879
0.209832
0.223599
0.237387
0.251243
0.265139
0.278837
0.292760
0.306371
0.320395
0.334072
0.347797
0.361567
0.375301
0.389110
0.402928
0.416847
0.430342
0.444285
0.457878
0.471741
0.485559
0.499185
0.512862
0.526611
0.540339
0.553977
0.567660
0.581349
0.594816
0.608574
0.622230
0.635793
0.649416
0.663126
0.676528
0.690010
0.703831
0.717277
0.730795
0.744457
0.757849
0.771404
0.784931
0.798410
0.812201
0.825405
0.839078
0.852435
0.866139
0.879597
0.893235
0.906762
0.920299
0.933736
0.947362
0.960865
0.974470
0.988102
1.001615
1.015372
1.028927
1.042472
1.056062
1.069757
1.083362
1.096994
1.110638
1.124246
1.137839
1.151768
1.165247
1.178903
1.192550
1.206203
1.219736
1.233554
1.247114
1.260806
1.274489
1.288073
1.301691
1.315317
1.328877
1.342470
1.356126
1.369719
1.383426
1.397052
1.410552
1.424142
1.437900
1.451305
1.464877
1.478563
1.492243
1.505602
1.519330
1.532764
1.546280
1.559975
1.573394
1.587011
1.600559
1.613997
1.627640
1.641297
1.654914
1.668387
1.682052
1.695666
1.709265
1.723086
1.736523
1.750095
1.763946
1.777536
1.791276
1.804923
1.818735
1.832262
1.845876
1.859568
1.873437
1.886982
1.900884
1.914453
1.928343
1.942032
1.955664
1.969478
1.983099
1.996803
2.010599
2.024178
2.037854
2.051711
2.065322
2.078901
2.092691
2.106326
2.119895
2.133641
2.147202
2.160792
2.174436
2.188065
2.201694
2.215287
2.228781
2.242329
2.255898
2.269351
2.282986
2.296261
2.309935
2.323325
2.336810
2.350214
2.363595
2.377365
2.390631
2.404078
2.417596
2.430985
2.444332
2.457842
2.471291
2.484689
2.498286
2.511540
2.525121
2.538555
2.551924
2.565502
2.578861
2.592284
2.605817
2.619128
2.632629
2.646105
2.659608
2.673066
2.686504
2.699983
2.713429
2.726834
2.740157
2.753606
2.767229
2.780622
2.793894
2.807499
2.820754
2.834101
2.847503
2.860928
2.874165
2.887464
2.900854
2.914174
2.927330
2.940785
2.954021
2.967243
2.980552
2.993779
3.006977
3.020255
3.033366
3.046579
3.059848
3.072905
3.086076
3.099258
3.112348
3.125327
3.138594
3.151725
3.164665
3.177938
3.190944
3.203917
3.217135
3.230357
3.243171
3.256453
3.269596
3.282584
3.295932
3.308671
3.321883
3.335252
3.348060
3.361488
3.374431
3.387560
3.400611
3.413733
3.426835
3.439961
3.452997
3.466120
3.479260
3.492392
3.505431
3.518569
3.531571
3.544640
3.557796
3.570571
3.583763
3.597008
3.609780
3.623032
3.635861
3.648909
3.661891
3.674852
3.688010
3.700828
3.713743
3.726881
3.739552
3.752668
3.765518
3.778404
3.791362
3.804177
3.817134
3.829949
3.842607
3.855493
3.868325
3.881382
3.894037
3.906863
3.919590
3.932486
3.945420
3.958051
3.970877
3.983643
3.996448
4.009176
4.022142
4.034906
4.047585
4.060549
4.073339
4.086186
4.098964
4.111994
4.124521
4.137629
4.150422
4.163227
4.176236
4.188999
4.201927
4.214894
4.227627
4.240456
4.253405
4.266219
4.279051
4.291961
4.304881
4.317805
4.330772
4.343614
4.356712
4.369484
4.382412
4.395164
4.408217
4.420990
4.433794
4.446753
4.459561
4.472429
4.485330
4.498195
4.510973
4.523949
4.536625
4.549469
4.562361
4.575137
4.588077
4.600834
4.613717
4.626366
4.639084
4.652033
4.664698
4.677530
4.690428
4.702960
4.715898
4.728487
4.741436
4.754193
4.766899
4.779686
4.792531
4.805305
4.818072
4.830955
4.843733
4.856565
4.869439
4.882373
4.895157
4.908092
4.920792
4.933687
4.946555
4.959438
4.972381
4.985462
4.998060
5.011186
5.024003
5.036880
5.049763
5.062592
5.075472
5.088469
5.101286
5.114151
5.127151
5.140073
5.152771
5.165773
5.178671
5.191269
5.204401
5.217129
5.229964
5.242631
5.255826
5.268259
5.281262
5.293977
5.306809
5.319489
5.332270
5.344961
5.357718
5.370536
5.383113
5.395823
5.408571
5.421178
5.433971
5.446548
5.459147
5.471865
5.484302
5.497074
5.509571
5.522310
5.534735
5.547357
5.559952
5.572470
5.584970
5.597912
5.610127
5.622921
5.635381
5.647932
5.660773
5.673158
5.685790
5.698460
5.711073
5.723588
5.736115
5.748842
5.761263
5.773871
5.786490
5.799091
5.811471
5.824276
5.836710
5.849171
5.862018
5.874308
5.887041
5.899489
5.912127
5.924519
5.937156
5.949574
5.962059
5.974711
5.987073
5.999531
6.012105
6.024512
6.036973
6.049373
6.061738
6.074081
6.086536
6.098889
6.111149
6.123642
6.135953
6.148354
6.160709
6.172859
6.185196
6.197666
6.209734
6.222027
6.234293
6.246543
6.258887
6.271087
6.283170
0.012272
0.024481
0.036618
0.048842
0.061170
0.073260
0.085391
0.097644
0.109820
0.121999
0.134133
0.146372
0.158575
0.170760
0.183005
0.195238
0.207576
0.219770
0.231844
0.244089
0.256235
0.268492
0.280739
0.292844
0.305061
0.317333
0.329587
0.341655
0.353990
0.366022
0.378204
0.390449
0.402571
0.414720
0.426965
0.439105
0.451233
0.463406
0.475504
0.487653
0.499799
0.512023
0.523938
0.536168
0.548233
0.560206
0.572331
0.584363
0.596386
0.608673
0.620579
0.632533
0.644673
0.656601
0.668594
0.680731
0.692589
0.704535
0.716558
0.728467
0.740373
0.752376
0.764285
0.776164
0.788235
0.800091
0.811946
0.824023
0.835834
0.847740
0.859643
0.871616
0.883633
0.895455
0.907544
0.919427
0.931420
0.943224
0.955373
0.967400
0.979435
0.991230
1.003277
1.015148
1.027288
1.039290
1.051226
1.063216
1.075273
1.087314
1.099247
1.111381
1.123296
1.135403
1.147355
1.159462
1.171371
1.183493
1.195570
1.207494
1.219658
1.231559
1.243612
1.255626
1.267625
1.279664
1.291801
1.303668
1.315652
1.327702
1.339743
1.351572
1.363676
1.375681
1.387794
1.399482
1.411625
1.423567
1.435497
1.447329
1.459598
1.471330
1.483563
1.495308
1.507178
1.519210
1.531209
1.543071
1.554971
1.567033
1.578721
1.590843
1.602713
1.614554
1.626514
1.638549
1.650458
1.662365
1.674358
1.686255
1.698219
1.710359
1.722232
1.734327
1.746284
1.758233
1.770280
1.782351
1.794329
1.806445
1.818342
1.830467
1.842482
1.854553
1.866594
1.878587
1.890700
1.902726
1.914869
1.926952
1.938967
1.951005
1.963118
1.975096
1.987173
1.999352
2.011232
2.023285
2.035461
2.047325
2.059372
2.071398
2.083380
2.095388
2.107453
2.119314
2.131361
2.143301
2.155315
2.167227
2.179140
2.191103
2.203075
2.215065
2.226801
2.238821
2.250754
2.262622
2.274330
2.286356
2.298158
2.309923
2.321836
2.333568
2.345376
2.357171
2.368973
2.380684
2.392684
2.404287
2.416170
2.428019
2.439766
2.451484
2.463331
2.475114
2.486975
2.498789
2.510470
2.522320
2.534124
2.545938
2.557625
2.569457
2.581243
2.593030
2.604861
2.616744
2.628506
2.640326
2.651977
2.663728
2.675490
2.687322
2.699081
2.711140
2.722678
2.734402
2.746371
2.758032
2.769806
2.781497
2.793211
2.804986
2.816667
2.828349
2.840159
2.851853
2.863382
2.875132
2.886922
2.898397
2.910060
2.921766
2.933406
2.945045
2.956718
2.968295
2.979794
2.991430
3.003130
3.014623
3.026313
3.037809
3.049320
3.060861
3.072345
3.083850
3.095507
3.106847
3.118286
3.129932
3.141257
3.152627
3.164246
3.175574
3.187085
3.198512
3.209945
3.221411
3.232898
3.244292
3.255754
3.267265
3.278554
3.290149
3.301681
3.312928
3.324376
3.335842
3.347398
3.358615
3.370366
3.381517
3.393180
3.404587
3.416046
3.427440
3.438948
3.450270
3.461766
3.473187
3.484608
3.496041
3.507612
3.518832
3.530349
3.541791
3.553116
3.564459
3.575988
3.587220
3.598614
3.610014
3.621330
3.632661
3.644082
3.655371
3.666690
3.678010
3.689344
3.700621
3.711994
3.723142
3.734425
3.745834
3.757007
3.768212
3.779498
3.790721
3.801905
3.813215
3.824274
3.835641
3.846610
3.858001
3.869014
3.880297
3.891419
3.902519
3.913706
3.924804
3.936033
3.946963
3.958243
3.969280
3.980434
3.991679
4.002668
4.013954
4.024887
4.036101
4.047270
4.058416
4.069483
4.080724
4.091870
4.103012
4.114166
4.125225
4.136517
4.147612
4.158850
4.169914
4.181149
4.192276
4.203356
4.214582
4.225826
4.236894
4.248132
4.259436
4.270587
4.281811
4.293043
4.304137
4.315388
4.326530
4.337729
4.348938
4.360065
4.371258
4.382460
4.393558
4.404766
4.415977
4.427086
4.438262
4.449461
4.460526
4.471695
4.482936
4.493989
4.505233
4.516303
4.527440
4.538498
4.549682
4.560606
4.571820
4.582926
4.593988
4.605073
4.616075
4.627223
4.638231
4.649448
4.660291
4.671532
4.682393
4.693421
4.704542
4.715760
4.726704
4.737631
4.748698
4.759688
4.770752
4.781736
4.792860
4.803967
4.815040
4.826101
4.837166
4.848317
4.859310
4.870440
4.881567
4.892551
4.903660
4.914800
4.925759
4.937066
4.948020
4.959192
4.970412
4.981468
4.992613
5.003707
5.014949
5.025962
5.037089
5.048190
5.059479
5.070502
5.081542
5.092646
5.103770
5.114951
5.126000
5.137056
5.148219
5.159266
5.170321
5.181476
5.192540
5.203562
5.214651
5.225709
5.236819
5.247814
5.258884
5.269910
5.280843
5.291904
5.302954
5.313871
5.324882
5.335925
5.346747
5.357650
5.368675
5.379416
5.390477
5.401458
5.412316
5.423194
5.434052
5.444844
5.455806
5.466775
5.477456
5.488251
5.499103
5.509849
5.520740
5.531514
5.542422
5.553121
5.564027
5.574648
5.585572
5.596417
5.607080
5.617857
5.628859
5.639608
5.650454
5.661207
5.671918
5.682719
5.693624
5.704323
5.715082
5.726009
5.736597
5.747535
5.758168
5.769080
5.779755
5.790568
5.801239
5.812073
5.822910
5.833648
5.844374
5.855160
5.865889
5.876626
5.887364
5.898075
5.908840
5.919569
5.930289
5.940970
5.951674
5.962347
5.973058
5.983715
5.994470
6.005083
6.015574
6.026375
6.036873
6.047657
6.058064
6.068769
6.079400
6.089865
6.100564
6.111364
6.121626
6.132109
6.142838
6.153447
6.163877
6.174359
6.184789
6.195443
6.205779
6.216146
6.226877
6.237166
6.247589
6.258051
6.268577
6.278961
0.006193
0.016589
0.027156
0.037370
0.047868
0.058309
0.068640
0.079096
0.089444
0.099868
0.110141
0.120594
0.130895
0.141486
0.151786
0.162257
0.172645
0.182990
0.193458
0.203825
0.214212
0.224647
0.235095
0.245497
0.255941
0.266218
0.276557
0.286986
0.297421
0.307755
0.318154
0.328577
0.338917
0.349358
0.359769
0.370094
0.380442
0.391045
0.401268
0.411622
0.421917
0.432256
0.442745
0.452902
0.463433
0.473587
0.483989
0.494292
0.504596
0.514959
0.525224
0.535443
0.545795
0.556044
0.566335
0.576642
0.586817
0.597048
0.607265
0.617646
0.627761
0.638028
0.648230
0.658461
0.668678
0.678813
0.689006
0.699247
0.709373
0.719563
0.729848
0.739897
0.749979
0.760201
0.770217
0.780428
0.790716
0.800582
0.810916
0.821042
0.831142
0.841269
0.851365
0.861513
0.871816
0.881739
0.892004
0.902125
0.912266
0.922363
0.932645
0.942691
0.952860
0.963025
0.973269
0.983446
0.993561
1.003748
1.013886
1.024073
1.034266
1.044545
1.054666
1.064894
1.075078
1.085261
1.095370
1.105724
1.115725
1.126146
1.136227
1.146405
1.156631
1.166796
1.177010
1.187217
1.197359
1.207512
1.217756
1.228029
1.238198
1.248400
1.258553
1.268749
1.278983
1.289098
1.299261
1.309570
1.319619
1.329776
1.339995
1.350134
1.360344
1.370402
1.380502
1.390862
1.400818
1.411041
1.421182
1.431279
1.441537
1.451406
1.461641
1.471618
1.481786
1.492012
1.502028
1.512244
1.522239
1.532351
1.542379
1.552622
1.562545
1.572579
1.582709
1.592793
1.602875
1.612969
1.623083
1.633090
1.643283
1.653341
1.663488
1.673555
1.683709
1.693757
1.703995
1.713972
1.724158
1.734321
1.744541
1.754443
1.764833
1.774804
1.784921
1.795117
1.805202
1.815430
1.825617
1.835717
1.845831
1.856021
1.866109
1.876286
1.886503
1.896650
1.906783
1.916955
1.927111
1.937292
1.947496
1.957698
1.967711
1.977933
1.988069
1.998163
2.008397
2.018512
2.028648
2.038804
2.048841
2.058971
2.069133
2.079212
2.089324
2.099495
2.109496
2.119593
2.129761
2.139789
2.149835
2.159797
2.169966
2.179919
2.190042
2.200049
2.209999
2.220051
2.230097
2.240232
2.250131
2.260090
2.270049
2.280200
2.289955
2.299964
2.309953
2.319867
2.329760
2.339737
2.349696
2.359538
2.369458
2.379492
2.389304
2.399221
2.409150
2.419118
2.429008
2.438754
2.448931
2.458549
2.468604
2.478535
2.488342
2.498250
2.508196
2.518047
2.527937
2.537905
2.547807
2.557643
2.567653
2.577546
2.587538
2.597416
2.607174
2.617100
2.627047
2.636928
2.646791
2.656720
2.666592
2.676482
2.686393
2.696226
2.706176
2.716042
2.725845
2.735759
2.745691
2.755494
2.765375
2.775121
2.785002
2.794916
2.804782
2.814513
2.824265
2.834203
2.843970
2.853929
2.863672
2.873434
2.883225
2.893097
2.902729
2.912514
2.922365
2.932081
2.941849
2.951571
2.961239
2.970922
2.980684
2.990337
2.999966
3.009757
3.019470
3.029142
3.038795
3.048349
3.058048
3.067743
3.077396
3.086972
3.096655
3.106179
3.115785
3.125489
3.135124
3.144511
3.154098
3.163563
3.173297
3.182908
3.192331
3.201933
3.211622
3.221162
3.230710
3.240262
3.249786
3.259356
3.269045
3.278527
3.287956
3.297567
3.307254
3.316697
3.326407
3.335788
3.345387
3.355002
3.364553
3.374015
3.383839
3.393174
3.402903
3.412358
3.421952
3.431374
3.440869
3.450600
3.459897
3.469556
3.479086
3.488575
3.498138
3.507603
3.517133
3.526682
3.536284
3.545650
3.555255
3.564603
3.574044
3.583493
3.593062
3.602377
3.612078
3.621312
3.630759
3.640274
3.649652
3.658997
3.668572
3.677962
3.687225
3.696897
3.706128
3.715517
3.724925
3.734236
3.743581
3.752989
3.762223
3.771597
3.780921
3.790194
3.799509
3.808901
3.818084
3.827390
3.836774
3.845980
3.855241
3.864526
3.873739
3.882997
3.892383
3.901473
3.910704
3.920001
3.929175
3.938355
3.947637
3.956837
3.966149
3.975269
3.984539
3.993665
4.002845
4.012139
4.021358
4.030564
4.039690
4.048960
4.058293
4.067542
4.076731
4.085940
4.095099
4.104366
4.113654
4.122771
4.132038
4.141383
4.150440
4.159826
4.169009
4.178204
4.187417
4.196609
4.205867
4.215113
4.224370
4.233580
4.242814
4.252162
4.261252
4.270525
4.279851
4.288977
4.298220
4.307481
4.316676
4.325922
4.335188
4.344347
4.353584
4.362866
4.372004
4.381196
4.390445
4.399631
4.408834
4.417994
4.427146
4.436386
4.445662
4.454803
4.463842
4.473190
4.482441
4.491442
4.500607
4.509736
4.518960
4.528059
4.537147
4.546297
4.555468
4.564528
4.573647
4.582809
4.591938
4.600960
4.610181
4.619184
4.628260
4.637407
4.646437
4.655554
4.664578
4.673605
4.682596
4.691755
4.700821
4.709804
4.718905
4.727909
4.737010
4.746011
4.755023
4.764077
4.773143
4.782062
4.791266
4.800215
4.809320
4.818413
4.827524
4.836473
4.845558
4.854627
4.863678
4.872744
4.881942
4.890864
4.900083
4.909077
4.918152
4.927131
4.936326
4.945287
4.954297
4.963563
4.972504
4.981566
4.990609
4.999708
5.008855
5.017831
5.026873
5.035981
5.045077
5.054125
5.063158
5.072260
5.081150
5.090372
5.099396
5.108402
5.117405
5.126483
5.135486
5.144504
5.153462
5.162526
5.171612
5.180571
5.189538
5.198640
5.207571
5.216515
5.225488
5.234521
5.243506
5.252479
5.261380
5.270282
5.279267
5.288216
5.297033
5.305884
5.314902
5.323776
5.332672
5.341573
5.350438
5.359313
5.368196
5.377094
5.385888
5.394708
5.403501
5.412349
5.421229
5.429989
5.438693
5.447534
5.456328
5.465079
5.473876
5.482531
5.491286
5.500079
5.508762
5.517525
5.526349
5.534998
5.543795
5.552516
5.561151
5.570001
5.578636
5.587240
5.596201
5.604803
5.613459
5.622288
5.630797
5.639666
5.648330
5.657040
5.665701
5.674531
5.683072
5.691875
5.700623
5.709153
5.717875
5.726488
5.735242
5.743841
5.752572
5.761149
5.769760
5.778535
5.787170
5.795802
5.804475
5.813131
5.821778
5.830511
5.839065
5.847705
5.856388
5.864954
5.873603
5.882259
5.890807
5.899447
5.908133
5.916657
5.925345
5.933863
5.942435
5.950994
5.959593
5.968114
5.976725
5.985275
5.993778
6.002308
6.010921
6.019359
6.027799
6.036415
6.044999
6.053391
6.061893
6.070369
6.078863
6.087333
6.095749
6.104102
6.112656
6.121024
6.129508
6.137916
6.146256
6.154711
6.163034
6.171468
6.179842
6.188237
6.196653
6.204892
6.213461
6.221634
6.230107
6.238469
6.246759
6.254972
6.263504
6.271677
6.280015
0.005102
0.013455
0.021700
0.029988
0.038233
0.046484
0.054954
0.063118
0.071483
0.079767
0.088012
0.096275
0.104652
0.112840
0.121110
0.129406
0.137648
0.145926
0.154297
0.162419
0.170748
0.179056
0.187274
0.195535
0.203828
0.212076
0.220375
0.228665
0.236865
0.245110
0.253448
0.261658
0.269933
0.278286
0.286411
0.294680
0.302868
0.311081
0.319329
0.327664
0.335828
0.344052
0.352369
0.360518
0.368827
0.377141
0.385284
0.393505
0.401783
0.409914
0.418037
0.426432
0.434587
0.442697
0.451038
0.459158
0.467328
0.475537
0.483680
0.491866
0.500096
0.508206
0.516445
0.524457
0.532771
0.540773
0.548961
0.556964
0.565122
0.573307
0.581484
0.589390
0.597716
0.605641
0.613760
0.621909
0.629927
0.638004
0.646168
0.654189
0.662218
0.670317
0.678313
0.686349
0.694393
0.702521
0.710461
0.718520
0.726508
0.734543
0.742641
0.750635
0.758673
0.766595
0.774561
0.782609
0.790599
0.798599
0.806547
0.814580
0.822573
0.830528
0.838515
0.846497
0.854385
0.862484
0.870528
0.878348
0.886443
0.894398
0.902340
0.910391
0.918549
0.926393
0.934461
0.942380
0.950385
0.958381
0.966381
0.974273
0.982473
0.990274
0.998373
1.006375
1.014357
1.022368
1.030386
1.038325
1.046367
1.054387
1.062345
1.070332
1.078371
1.086340
1.094319
1.102402
1.110344
1.118362
1.126439
1.134346
1.142369
1.150420
1.158416
1.166398
1.174463
1.182358
1.190411
1.198360
1.206284
1.214404
1.222388
1.230333
1.238255
1.246261
1.254233
1.262218
1.270271
1.278133
1.286147
1.294129
1.302053
1.309990
1.317920
1.325950
1.333901
1.341913
1.349777
1.357579
1.365543
1.373512
1.381455
1.389469
1.397292
1.405219
1.413207
1.421098
1.428957
1.436897
1.444701
1.452653
1.460544
1.468478
1.476367
1.484309
1.492042
1.499979
1.507927
1.515852
1.523659
1.531533
1.539383
1.547193
1.555136
1.563001
1.570796
1.578658
1.586376
1.594249
1.602228
1.609997
1.617861
1.625756
1.633507
1.641351
1.649296
1.657149
1.665091
1.672923
1.680785
1.688568
1.696547
1.704370
1.712192
1.720135
1.727969
1.735924
1.743747
1.751530
1.759458
1.767332
1.775187
1.783061
1.791018
1.798856
1.806727
1.814669
1.822456
1.830384
1.838284
1.846173
1.854038
1.861941
1.869803
1.877682
1.885586
1.893397
1.901366
1.909177
1.917086
1.924912
1.932879
1.940728
1.948461
1.956542
1.964259
1.972133
1.979986
1.987847
1.995676
2.003586
2.011426
2.019345
2.027108
2.034999
2.042933
2.050582
2.058500
2.066329
2.074104
2.081935
2.089818
2.097632
2.105392
2.113256
2.120983
2.128827
2.136637
2.144343
2.152130
2.159959
2.167698
2.175514
2.183232
2.190986
2.198773
2.206578
2.214185
2.221911
2.229731
2.237290
2.245134
2.252777
2.260542
2.268137
2.275855
2.283471
2.291207
2.298916
2.306541
2.314256
2.321905
2.329554
2.337178
2.344896
2.352530
2.360110
2.367822
2.375294
2.383057
2.390688
2.398298
2.405869
2.413533
2.421167
2.428663
2.436453
2.443973
2.451643
2.459250
2.466839
2.474473
2.482125
2.489681
2.497354
2.504976
2.512544
2.520133
2.527722
2.535431
2.542822
2.550507
2.558150
2.565736
2.573346
2.580857
2.588521
2.596107
2.603669
2.611228
2.618925
2.626352
2.634007
2.641713
2.649101
2.656693
2.664339
2.671865
2.679475
2.687064
2.694602
2.702191
2.709741
2.717285
2.724838
2.732475
2.739959
2.747384
2.755069
2.762577
2.770040
2.777647
2.785119
2.792612
2.800129
2.807631
2.815229
2.822683
2.830141
2.837646
2.845190
2.852650
2.860119
2.867636
2.874992
2.882578
2.890017
2.897471
2.904859
2.912349
2.919786
2.927192
2.934682
2.942136
2.949507
2.956874
2.964274
2.971731
2.979114
2.986451
2.993857
3.001269
3.008550
3.016052
3.023374
3.030673
3.038040
3.045386
3.052691
3.060043
3.067470
3.074742
3.082001
3.089389
3.096646
3.103932
3.111273
3.118478
3.125809
3.133126
3.140367
3.147672
3.154991
3.162190
3.169444
3.176799
3.183972
3.191168
3.198521
3.205759
3.212947
3.220356
3.227582
3.234803
3.242104
3.249301
3.256569
3.263790
3.271049
3.278243
3.285487
3.292744
3.299982
3.307250
3.314369
3.321716
3.328945
3.336157
3.343440
3.350661
3.357839
3.365053
3.372292
3.379467
3.386670
3.393933
3.401117
3.408290
3.415600
3.422680
3.429879
3.437136
3.444314
3.451496
3.458683
3.465856
3.472971
3.480183
3.487340
3.494507
3.501701
3.508816
3.515926
3.523221
3.530286
3.537339
3.544511
3.551723
3.558748
3.565993
3.573097
3.580194
3.587325
3.594417
3.601544
3.608534
3.615721
3.622783
3.629845
3.636877
3.643992
3.651087
3.658095
3.665073
3.672221
3.679190
3.686177
3.693265
3.700219
3.707242
3.714289
3.721231
3.728230
3.735213
3.742152
3.749115
3.756123
3.763041
3.770054
3.776972
3.783908
3.790868
3.797882
3.804680
3.811691
3.818630
3.825451
3.832348
3.839287
3.846166
3.853036
3.859990
3.866851
3.873748
3.880525
3.887392
3.894256
3.901093
3.907927
3.914776
3.921613
3.928417
3.935308
3.942190
3.948925
3.955795
3.962566
3.969511
3.976201
3.983068
3.989887
3.996661
4.003504
4.010227
4.017130
4.023839
4.030771
4.037500
4.044349
4.051073
4.057877
4.064713
4.071500
4.078367
4.085144
4.091918
4.098671
4.105460
4.112234
4.119029
4.125890
4.132658
4.139441
4.146269
4.153040
4.159745
4.166630
4.173342
4.180137
4.186887
4.193709
4.200432
4.207278
4.213914
4.220823
4.227621
4.234284
4.241076
4.247755
4.254559
4.261372
4.268128
4.274854
4.281628
4.288399
4.295077
4.301839
4.308692
4.315292
4.322102
4.328852
4.335569
4.342259
4.349010
4.355732
4.362411
4.369239
4.375950
4.382631
4.389375
4.396069
4.402764
4.409523
4.416076
4.422793
4.429523
4.436189
4.442873
4.449536
4.456208
4.462821
4.469583
4.476213
4.482795
4.489518
4.496149
4.502797
4.509382
4.516165
4.522649
4.529306
4.535871
4.542489
4.549110
4.555728
4.562272
4.568815
4.575388
4.582006
4.588556
4.595171
4.601706
4.608303
4.614861
4.621399
4.627888
4.634360
4.641005
4.647512
4.654005
4.660635
4.667121
4.673608
4.680121
4.686632
4.693127
4.699638
4.706109
4.712646
4.719187
4.725602
4.732109
4.738637
4.745124
4.751571
4.758106
4.764554
4.771037
4.777619
4.784064
4.790529
4.796979
4.803466
4.809947
4.816424
4.822856
4.829331
4.835847
4.842259
4.848670
4.855220
4.861635
4.868193
4.874536
4.880941
4.887545
4.893962
4.900364
4.906869
4.913278
4.919704
4.926161
4.932707
4.939071
4.945464
4.951939
4.958263
4.964831
4.971164
4.977591
4.983961
4.990486
4.996835
5.003249
5.009673
5.016138
5.022517
5.028881
5.035403
5.041718
5.048199
5.054539
5.060950
5.067299
5.073750
5.080095
5.086464
5.092840
5.099168
5.105523
5.111916
5.118384
5.124664
5.131034
5.137293
5.143758
5.150041
5.156365
5.162750
5.169030
5.175406
5.181670
5.188043
5.194221
5.200629
5.206846
5.213180
5.219439
5.225799
5.231938
5.238296
5.244548
5.250768
5.257051
5.263295
5.269491
5.275749
5.281984
5.288207
5.294385
5.300638
5.306800
5.313005
5.319216
5.325352
5.331578
5.337729
5.343883
5.350109
5.356221
5.362371
5.368549
5.374607
5.380725
5.386939
5.393057
5.399064
5.405299
5.411255
5.417514
5.423536
5.429630
5.435700
5.441782
5.447789
5.453904
5.460019
5.466011
5.472018
5.478082
5.484074
5.490138
5.496112
5.502099
5.508088
5.514238
5.520159
5.526142
5.532161
5.538141
5.544124
5.550155
5.556067
5.562070
5.568057
5.573965
5.579984
5.585943
5.591944
5.597840
5.603938
5.609720
5.615772
5.621743
5.627612
5.633577
5.639582
5.645445
5.651383
5.657339
5.663256
5.669135
5.675154
5.681026
5.686874
5.692782
5.698676
5.704596
5.710498
5.716400
5.722270
5.728232
5.734104
5.739991
5.745935
5.751751
5.757653
5.763486
5.769347
5.775249
5.781148
5.786991
5.792833
5.798717
5.804517
5.810330
5.816289
5.821993
5.827782
5.833702
5.839499
5.845315
5.851163
5.856942
5.862758
5.868630
5.874317
5.880114
5.886028
5.891700
5.897596
5.903333
5.909086
5.914877
5.920674
5.926334
5.932140
5.937884
5.943642
5.949392
5.955201
5.960822
5.966688
5.972279
5.978049
5.983729
5.989473
5.995186
6.000873
6.006566
6.012249
6.017927
6.023586
6.029368
6.034959
6.040702
6.046278
6.051982
6.057567
6.063236
6.068961
6.074516
6.080116
6.085787
6.091387
6.096992
6.102577
6.108240
6.113782
6.119430
6.125009
6.130593
6.136166
6.141813
6.147305
6.152887
6.158493
6.163933
6.169524
6.175117
6.180597
6.186203
6.191767
6.197219
6.202774
6.208251
6.213785
6.219357
6.224915
6.230320
6.235830
6.241352
6.246855
6.252245
6.257779
6.263286
6.268717
6.274281
6.279674
0.001950
0.007403
0.012838
0.018354
0.023825
0.029224
0.034676
0.040228
0.045570
0.051041
0.056515
0.061902
0.067360
0.072903
0.078158
0.083743
0.089103
0.094526
0.099912
0.105401
0.110719
0.116247
0.121664
0.127165
0.132498
0.137923
0.143328
0.148781
0.154135
0.159507
0.164927
0.170395
0.175734
0.181154
0.186570
0.191933
0.197323
0.202719
0.208181
0.213556
0.218991
0.224312
0.229747
0.235080
0.240472
0.245865
0.251234
0.256582
0.261978
0.267344
0.272719
0.278115
0.283496
0.288901
0.294225
0.299525
0.304894
0.310260
0.315596
0.321015
0.326265
0.331598
0.337068
0.342341
0.347728
0.353016
0.358343
0.363646
0.369000
0.374336
0.379633
0.384978
0.390308
0.395686
0.400917
0.406253
0.411550
0.416859
0.422189
0.427426
0.432690
0.438050
0.443314
0.448558
0.453843
0.459089
0.464407
0.469680
0.474935
0.480247
0.485475
0.490772
0.495994
0.501258
0.506468
0.511717
0.516976
0.522198
0.527417
0.532669
0.537906
0.543083
0.548332
0.553536
0.558723
0.563981
0.569161
0.574344
0.579569
0.584734
0.589989
0.595101
0.600317
0.605461
0.610650
0.615806
0.620984
0.626164
0.631296
0.636482
0.641632
0.646768
0.651915
0.657098
0.662206
0.667336
0.672477
0.677609
0.682723
0.687826
0.692964
0.698084
0.703234
0.708352
0.713418
0.718529
0.723673
0.728695
0.733908
0.738929
0.743957
0.749107
0.754188
0.759243
0.764363
0.769333
0.774412
0.779553
0.784589
0.789599
0.794680
0.799722
0.804819
0.809915
0.814909
0.820012
0.825093
0.830132
0.835175
0.840211
0.845232
0.850221
0.855356
0.860336
0.865474
0.870423
0.875430
0.880496
0.885544
0.890551
0.895680
0.900695
0.905678
0.910738
0.915772
0.920757
0.925808
0.930845
0.935854
0.940861
0.945918
0.950849
0.955901
0.960976
0.965967
0.970962
0.975974
0.980990
0.986026
0.991030
0.996033
1.001072
1.006100
1.011073
1.016098
1.021110
1.026107
1.031069
1.036138
1.041034
1.046160
1.051094
1.056116
1.061071
1.066033
1.070994
1.076034
1.081112
1.085998
1.091050
1.096020
1.101000
1.105973
1.110992
1.115941
1.120926
1.125933
1.130936
1.135865
1.140841
1.145788
1.150725
1.155807
1.160717
1.165670
1.170706
1.175601
1.180551
1.185527
1.190471
1.195375
1.200391
1.205322
1.210284
1.215251
1.220222
1.225111
1.230055
1.235019
1.239957
1.244909
1.249841
1.254766
1.259716
1.264617
1.269537
1.274447
1.279361
1.284298
1.289236
1.294090
1.299048
1.303938
1.308866
1.313678
1.318702
1.323526
1.328421
1.333320
1.338176
1.343054
1.347953
1.352872
1.357684
1.362594
1.367421
1.372257
1.377164
1.382000
1.386874
1.391725
1.396570
1.401432
1.406283
1.411145
1.415936
1.420811
1.425625
1.430401
1.435294
1.440126
1.444923
1.449729
1.454507
1.459328
1.464167
1.468942
1.473736
1.478566
1.483329
1.488087
1.492923
1.497693
1.502501
1.507298
1.512068
1.516879
1.521580
1.526338
1.531123
1.535895
1.540629
1.545396
1.550195
1.554947
1.559720
1.564499
1.569289
1.574005
1.578775
1.583464
1.588227
1.593054
1.597707
1.602453
1.607246
1.611971
1.616690
1.621424
1.626169
1.630927
1.635628
1.640353
1.645126
1.649880
1.654563
1.659288
1.664082
1.668806
1.673474
1.678235
1.682981
1.687702
1.692424
1.697134
1.701856
1.706578
1.711356
1.716009
1.720755
1.725465
1.730154
1.734890
1.739597
1.744313
1.749014
1.753712
1.758457
1.763113
1.767865
1.772545
1.777225
1.781934
1.786611
1.791399
1.796103
1.800783
1.805495
1.810205
1.814903
1.819580
1.824302
1.828993
1.833676
1.838272
1.843006
1.847701
1.852402
1.857022
1.861764
1.866408
1.871112
1.875795
1.880436
1.885131
1.889834
1.894511
1.899140
1.903823
1.908485
1.913141
1.917821
1.922485
1.927117
1.931815
1.936414
1.941085
1.945777
1.950403
1.955044
1.959660
1.964340
1.968963
1.973649
1.978218
1.982874
1.987506
1.992069
1.996773
2.001309
2.006027
2.010638
2.015180
2.019869
2.024495
2.029043
2.033642
2.038268
2.042909
2.047448
2.052023
2.056619
2.061293
2.065859
2.070335
2.074913
2.079647
2.084114
2.088626
2.093225
2.097818
2.102381
2.106929
2.111447
2.116040
2.120582
2.125136
2.129648
2.134223
2.138738
2.143229
2.147789
2.152346
2.156867
2.161397
2.165804
2.170370
2.174936
2.179340
2.183849
2.188397
2.192939
2.197416
2.201853
2.206398
2.210871
2.215335
2.219751
2.224251
2.228754
2.233185
2.237620
2.242072
2.246578
2.251033
2.255413
2.259847
2.264365
2.268767
2.273129
2.277536
2.282084
2.286473
2.290874
2.295267
2.299677
2.304117
2.308551
2.312835
2.317288
2.321653
2.326078
2.330422
2.334785
2.339255
2.343626
2.348024
2.352273
2.356707
2.361096
2.365410
2.369731
2.374132
2.378506
2.382892
2.387171
2.391494
2.395952
2.400234
2.404626
2.408940
2.413323
2.417605
2.421979
2.426275
2.430587
2.434979
2.439233
2.443583
2.447907
2.452311
2.456565
2.460850
2.465218
2.469562
2.473859
2.478125
2.482460
2.486789
2.491101
2.495412
2.499625
2.504035
2.508283
2.512535
2.516894
2.521163
2.525496
2.529792
2.534070
2.538352
2.542681
2.546953
2.551211
2.555555
2.559803
2.564070
2.568330
2.572585
2.576896
2.581177
2.585399
2.589674
2.593952
2.598198
2.602455
2.606752
2.610985
2.615248
2.619542
2.623745
2.628039
2.632302
2.636499
2.640703
2.644963
2.649254
2.653478
2.657742
2.661921
2.666167
2.670454
2.674639
2.678873
2.683124
2.687301
2.691462
2.695705
2.699890
2.704103
2.708432
2.712536
2.716779
2.720997
2.725174
2.729338
2.733521
2.737691
2.741886
2.746089
2.750263
2.754469
2.758619
2.762807
2.766990
2.771229
2.775316
2.779495
2.783606
2.787773
2.791944
2.796069
2.800204
2.804422
2.808548
2.812713
2.816802
2.820988
2.825092
2.829206
2.833334
2.837514
2.841690
2.845750
2.849846
2.853956
2.858094
2.862186
2.866276
2.870453
2.874491
2.878587
2.882658
2.886790
2.890889
2.895020
2.899089
2.903140
2.907229
2.911286
2.915360
2.919456
2.923501
2.927578
2.931623
2.935677
2.939763
2.943799
2.947808
2.951840
2.955897
2.959906
2.963927
2.967980
2.972001
2.976013
2.980072
2.984087
2.988075
2.992090
2.996083
3.000062
3.004089
3.008070
3.012016
3.016061
3.020037
3.024030
3.028039
3.032030
3.035970
3.039951
3.043897
3.047843
3.051801
3.055729
3.059675
3.063668
3.067620
3.071581
3.075548
3.079401
3.083415
3.087286
3.091271
3.095145
3.099082
3.102962
3.106931
3.110874
3.114718
3.118673
3.122535
3.126490
3.130375
3.134234
3.138153
3.142027
3.145910
3.149793
3.153673
3.157604
3.161465
3.165330
3.169222
3.173084
3.176934
3.180808
3.184640
3.188535
3.192352
3.196190
3.200112
3.203935
3.207853
3.211649
3.215523
3.219364
3.223229
3.227061
3.230887
3.234749
3.238599
3.242440
3.246272
3.250125
3.253924
3.257738
3.261606
3.265387
3.269261
3.273027
3.276886
3.280679
3.284517
3.288342
3.292168
3.295985
3.299773
3.303583
3.307379
3.311133
3.314968
3.318764
3.322533
3.326356
3.330101
3.333910
3.337718
3.341448
3.345220
3.349037
3.352773
3.356572
3.360338
3.364083
3.367888
3.371696
3.375372
3.379120
3.382928
3.386595
3.390331
3.394145
3.397794
3.401542
3.405267
3.409021
3.412727
3.416463
3.420085
3.423833
3.427539
3.431251
3.434952
3.438631
3.442340
3.445965
3.449743
3.453380
3.457080
3.460768
3.464379
3.468067
3.471746
3.475371
3.478997
3.482664
3.486298
3.489926
3.493560
3.497219
3.500835
3.504457
3.508073
3.511615
3.515246
3.518883
3.522544
3.526142
3.529726
3.533312
3.536934
3.540512
3.544122
3.547654
3.551231
3.554815
3.558371
3.561921
3.565484
3.569046
3.572587
3.576126
3.579706
3.583157
3.586738
3.590297
3.593820
3.597329
3.600876
3.604348
3.607842
3.611377
3.614859
3.618337
3.621830
3.625303
3.628811
3.632242
3.635747
3.639223
3.642758
3.646143
3.649586
3.653052
3.656483
3.659925
3.663371
3.666795
3.670232
3.673653
3.677054
3.680463
3.683888
3.687261
3.690650
3.694095
3.697430
3.700828
3.704222
3.707590
3.710978
3.714349
3.717683
3.721036
3.724424
3.727726
3.731046
3.734362
3.737643
3.740984
3.744375
3.747650
3.750921
3.754229
3.757510
3.760835
3.764116
3.767412
3.770731
3.773991
3.777293
3.780526
3.783797
3.787057
3.790299
3.793585
3.796794
3.800018
3.803251
3.806486
3.809719
3.812949
3.816158
3.819408
3.822593
3.825868
3.829014
3.832217
3.835434
3.838619
3.841825
3.845052
3.848201
3.851391
3.854591
3.857791
3.861000
3.864151
3.867300
3.870458
3.873622
3.876801
3.879983
3.883132
3.886280
3.889447
3.892554
3.895706
3.898852
3.902001
3.905123
3.908251
3.911300
3.914467
3.917556
3.920666
3.923794
3.926952
3.930062
3.933160
3.936282
3.939373
3.942453
3.945534
3.948646
3.951744
3.954839
3.957877
3.960969
3.964052
3.967114
3.970266
3.973301
3.976402
3.979407
3.982484
3.985510
3.988590
3.991640
3.994687
3.997716
4.000763
4.003756
4.006773
4.009814
4.012825
4.015839
4.018898
4.021897
4.024914
4.027934
4.030945
4.033935
4.036937
4.040014
4.042950
4.045991
4.048915
4.051884
4.054902
4.057870
4.060858
4.063812
4.066799
4.069735
4.072707
4.075643
4.078573
4.081584
4.084520
4.087420
4.090294
4.093248
4.096145
4.099078
4.101957
4.104899
4.107818
4.110673
4.113600
4.116530
4.119452
4.122352
4.125273
4.128125
4.131034
4.133953
4.136835
4.139693
4.142578
4.145403
4.148252
4.151156
4.153981
4.156836
4.159658
4.162478
4.165324
4.168191
4.171059
4.173899
4.176772
4.179555
4.182384
4.185230
4.188055
4.190856
4.193759
4.196522
4.199362
4.202152
4.204944
4.207793
4.210616
4.213435
4.216230
4.219049
4.221830
4.224619
4.227429
4.230222
4.232999
4.235734
4.238503
4.241262
4.244063
4.246844
4.249591
4.252371
4.255083
4.257872
4.260638
4.263421
4.266162
4.268907
4.271663
4.274411
4.277107
4.279833
4.282569
4.285334
4.288066
4.290721
4.293420
4.296156
4.298828
4.301597
4.304272
4.307002
4.309704
4.312376
4.315061
4.317805
4.320478
4.323144
4.325829
4.328483
4.331144
4.333789
4.336465
4.339134
4.341825
4.344443
4.347074
4.349758
4.352401
4.355046
4.357692
4.360341
4.362971
4.365578
4.368160
4.370749
4.373430
4.376007
4.378623
4.381229
4.383826
4.386418
4.388971
4.391556
4.394199
4.396754
4.399310
4.401878
4.404445
4.406983
4.409548
4.412067
4.414620
4.417181
4.419698
4.422200
4.424728
4.427287
4.429780
4.432309
4.434795
4.437315
4.439847
4.442339
4.444772
4.447310
4.449776
4.452286
4.454809
4.457203
4.459704
4.462128
4.464642
4.467108
4.469583
4.471997
4.474460
4.476899
4.479368
4.481740
4.484236
4.486675
4.489120
4.491520
4.493935
4.496343
4.498764
4.501128
4.503543
4.505952
4.508364
4.510715
4.513097
4.515473
4.517846
4.520225
4.522583
4.524940
4.527302
4.529630
4.531972
4.534321
4.536646
4.538965
4.541323
4.543645
4.545964
4.548268
4.550590
4.552885
4.555183
4.557508
4.559788
4.562122
4.564387
4.566703
4.568950
4.571194
4.573513
4.575805
4.577995
4.580314
4.582558
4.584805
4.587097
4.589335
4.591555
4.593793
4.596034
4.598263
4.600492
4.602700
4.604869
4.607090
4.609334
4.611503
4.613696
4.615868
4.618040
4.620206
4.622390
4.624545
4.626711
4.628883
4.631061
4.633206
4.635360
4.637473
4.639675
4.641790
4.643878
4.646008
4.648160
4.650266
4.652357
4.654481
4.656588
4.658679
4.660785
4.662870
4.664977
4.667083
4.669168
4.671244
4.673332
4.675394
4.677464
4.679546
4.681592
4.683654
4.685709
4.687731
4.689778
4.691839
4.693846
4.695893
4.697897
4.699934
4.701945
4.703964
4.705963
4.707946
4.709941
4.711925
4.713917
4.715868
4.717833
4.719801
4.721797
4.723744
4.725716
4.727687
4.729622
4.731588
4.733526
4.735492
4.737442
4.739389
4.741325
4.743275
4.745172
4.747098
4.749040
4.750981
4.752875
4.754792
4.756691
4.758609
4.760497
4.762378
4.764287
4.766165
4.768062
4.769952
4.771842
4.773727
4.775576
4.777431
4.779303
4.781146
4.783003
4.784861
4.786703
4.788567
4.790412
4.792246
4.794100
4.795973
4.797810
4.799628
4.801447
4.803259
4.805084
4.806906
4.808703
4.810507
4.812242
4.814051
4.815834
4.817665
4.819426
4.821197
4.822958
4.824696
4.826494
4.828279
4.830011
4.831758
4.833514
4.835254
4.836968
4.838745
4.840461
4.842178
4.843922
4.845623
4.847334
4.849075
4.850783
4.852518
4.854174
4.855861
4.857560
4.859286
4.860972
4.862632
4.864334
4.866009
4.867648
4.869308
4.870973
4.872609
4.874272
4.875908
4.877543
4.879164
4.880770
4.882415
4.884087
4.885705
4.887308
4.888956
4.890543
4.892155
4.893764
4.895340
4.896913
4.898501
4.900080
4.901608
4.903184
4.904748
4.906324
4.907897
4.909449
4.910997
4.912540
4.914081
4.915615
4.917142
4.918662
4.920184
4.921711
4.923206
4.924707
4.926188
4.927710
4.929202
4.930717
4.932207
4.933699
4.935170
4.936638
4.938112
4.939586
4.941051
4.942513
4.943948
4.945407
4.946813
4.948271
4.949749
4.951154
4.952628
4.954012
4.955399
4.956798
4.958185
4.959597
4.960999
4.962389
4.963776
4.965196
4.966578
4.967958
4.969325
4.970685
4.972054
4.973438
4.974795
4.976141
4.977504
4.978867
4.980218
4.981573
4.982918
4.984236
4.985569
4.986891
4.988206
4.989509
4.990795
4.992089
4.993371
4.994659
4.995915
4.997200
4.998452
4.999738
5.001020
5.002299
5.003600
5.004894
5.006161
5.007420
5.008648
5.009873
5.011120
5.012339
5.013546
5.014745
5.015944
5.017154
5.018337
5.019536
5.020701
5.021891
5.023122
5.024317
5.025510
5.026717
5.027898
5.029075
5.030229
5.031388
5.032536
5.033653
5.034798
5.035921
5.037027
5.038165
5.039292
5.040397
5.041503
5.042605
5.043693
5.044793
5.045913
5.047045
5.048133
5.049239
5.050338
5.051423
5.052495
5.053571
5.054646
5.055707
5.056759
5.057804
5.058838
5.059863
5.060896
5.061945
5.062973
5.063979
5.064968
5.065966
5.066978
5.067991
5.068974
5.069977
5.070990
5.072015
5.073018
5.074031
5.075028
5.076029
5.077024
5.077998
5.078962
5.079912
5.080865
5.081820
5.082773
5.083714
5.084619
5.085518
5.086411
5.087337
5.088247
5.089137
5.090048
5.090961
5.091852
5.092762
5.093685
5.094593
5.095513
5.096426
5.097304
5.098206
5.099096
5.099968
5.100846
5.101711
5.102551
5.103371
5.104213
5.105040
5.105858
5.106670
5.107479
5.108291
5.109112
5.109906
5.110700
5.111491
5.112303
5.113084
5.113861
5.114655
5.115439
5.116251
5.117048
5.117845
5.118645
5.119418
5.120212
5.121018
5.121788
5.122582
5.123337
5.124068
5.124802
5.125512
5.126210
5.126908
5.127613
5.128307
5.128991
5.129656
5.130330
5.131019
5.131708
5.132394
5.133095
5.133751
5.134429
5.135103
5.135765
5.136421
5.137092
5.137766
5.138401
5.139057
5.139705
5.140355
5.141017
5.141676
5.142335
5.142988
5.143644
5.144289
5.144929
5.145562
5.146140
5.146718
5.147315
5.147881
5.148423
5.148977
5.149529
5.150074
5.150601
5.151132
5.151659
5.152207
5.152731
5.153262
5.153795
5.154316
5.154847
5.155380
5.155901
5.156414
5.156905
5.157393
5.157897
5.158388
5.158864
5.159341
5.159820
5.160302
5.160770
5.161246
5.161702
5.162178
5.162666
5.163136
5.163613
5.164095
5.164566
5.165036
5.165518
5.165992
5.166453
5.166903
5.167367
5.167831
5.168275
5.168712
5.169162
5.169596
5.169998
5.170375
5.170741
5.171109
5.171474
5.171831
5.172164
5.172482
5.172799
5.173125
5.173446
5.173773
5.174069
5.174375
5.174684
5.174983
5.175268
5.175561
5.175864
5.176178
5.176478
5.176766
5.177026
5.177302
5.177581
5.177859
5.178132
5.178392
5.178650
5.178911
5.179160
5.179414
5.179657
5.179891
5.180130
5.180373
5.180604
5.180825
5.181056
5.181284
5.181493
5.181694
5.181880
5.182060
5.182249
5.182422
5.182584
5.182746
5.182905
5.183052
5.183195
5.183342
5.183477
5.183615
5.183746
5.183876
5.183977
5.184088
5.184220
5.184349
5.184463
5.184567
5.184657
5.184750
5.184855
5.184966
5.185059
5.185161
5.185266
5.185364
5.185457
5.185556
5.185640
5.185727
5.185835
5.185946
5.186053
5.186164
5.186290
5.186416
5.186545
5.186680
5.186818
5.186955
5.187105
5.187249
5.187387
5.187524
5.187665
5.187815
5.187959
5.188097
5.188231
5.188369
5.188507
5.188645
5.188771
5.188888
5.189016
5.189151
5.189280
5.189400
5.189505
5.189610
5.189712
5.189805
5.189891
5.189978
5.190071
5.190161
5.190245
5.190317
5.190380
5.190440
5.190515
5.190592
5.190655
5.190715
5.190766
5.190811
5.190847
5.190886
5.190901
5.190919
5.190943
5.190955
5.190958
5.190964
5.190973
5.190976
5.190976
5.190976
5.190976
5.190976
5.190976
5.190976
5.190976
5.190976
5.190976
5.190976
5.190976
5.190976
5.190976
5.190976
5.190976
5.190976
5.190976
5.190976
5.190976
5.190976
5.190976
5.190976
5.190976
5.190976
5.190976
5.190976
5.190976
5.190976
5.190976
5.190976
5.190976
5.190976
5.190976
5.190976
5.190976
5.190976
5.190976
5.190976
5.190976
5.190976
5.190976
5.190976
5.190976
5.190976
5.190976
5.190976
5.190976
5.190976
5.190976
5.190976
5.190976
5.190976
5.190976
5.190976
5.190976
5.190976
5.190976
5.190976
5.190976
5.190976
5.190976
5.190976
5.190976
5.190976
5.190973
5.190973
5.190973
5.190973
5.190973
5.190973
5.190973
5.190973
5.190973
5.190973
5.190973
5.190973
5.190973
5.190973
5.190973
5.190973
5.190973
5.190973
5.190973
5.190973
5.190973
5.190973
5.190973
5.190973
5.190973
5.190973
5.190973
5.190973
5.190973
5.190973
5.190973
5.190973
5.190973
5.190973
5.190973
5.190973
5.190973
5.190973
5.190973
5.190973
5.190973
5.190973
5.190973
5.190973
5.190973
5.190973
5.190973
5.190973
5.190973
5.190967
5.190967
5.190967
5.190967
5.190967
5.190964
5.190964
5.190964
5.190964
5.190964
5.190964
5.190964
5.190964
5.190964
5.190964
5.190964
5.190964
5.190964
5.190964
5.190964
5.190964
5.190964
5.190964
5.190964
5.190964
5.190964
5.190964
5.190964
5.190964
5.190964
5.190964
5.190961
5.190961
5.190961
5.190961
5.190961
5.190961
5.190961
5.190961
5.190961
5.190961
5.190961
5.190961
5.190961
5.190961
5.190961
5.190961
5.190961
5.190961
5.190961
5.190961
5.190961
5.190961
5.190961
5.190961
5.190961
5.190961
5.190961
5.190961
5.190961
5.190961
5.190961
5.190961
5.190961
5.190961
5.190961
5.190961
5.190961
5.190961
5.190961
5.190961
5.190958
5.190958
5.190958
5.190958
5.190958
5.190958
5.190958
5.190958
5.190958
5.190958
5.190958
5.190958
5.190958
5.190958
5.190958
5.190958
5.190958
5.190958
5.190958
5.190958
5.190958
5.190958
5.190958
5.190958
5.190958
5.190958
5.190958
5.190958
5.190958
5.190958
5.190958
5.190958
5.190958
5.190958
5.190958
5.190958
5.190958
5.190958
5.190958
5.190958
5.190958
5.190958
5.190958
5.190958
5.190958
5.190958
5.190958
5.190958
5.190958
5.190958
5.190958
5.190958
5.190958
5.190958
5.190958
5.190958
5.190958
5.190958
5.190958
5.190958
5.190958
5.190958
5.190958
5.190958
5.190958
5.190958
5.190958
5.190958
5.190958
5.190958
5.190958
5.190958
5.190958
5.190958
5.190958
5.190958
5.190958
5.190958
5.190958
5.190958
5.190958
5.190958
5.190958
5.190958
5.190958
5.190958
5.190958
5.190958
5.190958
5.190958
5.190958
5.190958
5.190958
5.190958
5.190958
5.190958
5.190958
5.190958
5.190958
5.190958