4.888069
4.888069
4.888069
4.888069
4.888069
4.888069
4.888069
4.888069
4.888069
4.888069
4.888069
4.888090
4.888230
4.888386
4.888584
4.888821
4.889087
4.889372
4.889693
4.890019
4.890394
4.890795
4.891206
4.891643
4.892131
4.892626
4.893147
4.893707
4.894279
4.894867
4.895496
4.896185
4.896880
4.897629
4.898405
4.899226
4.900083
4.900955
4.901868
4.902818
4.903819
4.904850
4.905922
4.907025
4.908190
4.909389
4.910584
4.911824
4.913107
4.914389
4.915734
4.917116
4.918506
4.919938
4.921415
4.922913
4.924474
4.926044
4.927659
4.929283
4.930987
4.932713
4.934460
4.936272
4.938058
4.939909
4.941818
4.943757
4.945695
4.947690
4.949671
4.951756
4.953865
4.956001
4.958173
4.960433
4.962632
4.964867
4.967206
4.969481
4.971871
4.974298
4.976725
4.979206
4.981743
4.984290
4.986873
4.989476
4.992146
4.994812
4.997560
5.000319
5.003132
5.005972
5.008792
5.011674
5.014610
5.017639
5.020590
5.023631
5.026660
5.029746
5.032916
5.036065
5.039277
5.042545
5.045820
5.049107
5.052489
5.055743
5.059087
5.062457
5.065831
5.069171
5.072533
5.075868
5.079229
5.082576
5.085896
5.089245
5.092609
5.095959
5.099324
5.102670
5.105978
5.109259
5.112644
5.115937
5.119295
5.122612
5.125875
5.129191
5.132472
5.135798
5.139099
5.142422
5.145715
5.148947
5.152234
5.155533
5.158864
5.162097
5.165342
5.168604
5.171855
5.175106
5.178354
5.181628
5.184807
5.188019
5.191264
5.194490
5.197690
5.200911
5.204113
5.207311
5.210567
5.213728
5.216919
5.220092
5.223202
5.226410
5.229589
5.232753
5.235914
5.239087
5.242197
5.245321
5.248449
5.251571
5.254696
5.257827
5.260919
5.263936
5.267085
5.270156
5.273263
5.276361
5.279428
5.282464
5.285534
5.288602
5.291640
5.294700
5.297729
5.300766
5.303807
5.306849
5.309893
5.312912
5.315948
5.318923
5.321928
5.324894
5.327968
5.330964
5.333933
5.336911
5.339868
5.342822
5.345788
5.348790
5.351757
5.354674
5.357595
5.360538
5.363504
5.366464
5.369397
5.372306
5.375251
5.378151
5.381091
5.383952
5.386882
5.389797
5.392683
5.395583
5.398471
5.401356
5.404271
5.407142
5.410000
5.412834
5.415701
5.418553
5.421418
5.424285
5.427110
5.429912
5.432746
5.435556
5.438387
5.441210
5.444023
5.446833
5.449653
5.452418
5.455195
5.458026
5.460831
5.463641
5.466415
5.469169
5.471943
5.474732
5.477465
5.480263
5.483019
5.485770
5.488517
5.491229
5.493961
5.496699
5.499420
5.502192
5.504888
5.507614
5.510299
5.512998
5.515746
5.518436
5.521121
5.523799
5.526459
5.529156
5.531831
5.534519
5.537206
5.539864
5.542494
5.545158
5.547821
5.550419
5.553142
5.555788
5.558445
5.561070
5.563706
5.566304
5.568908
5.571559
5.574181
5.576769
5.579403
5.581982
5.584559
5.587177
5.589739
5.592402
5.594964
5.597526
5.600102
5.602643
5.605211
5.607817
5.610334
5.612914
5.615427
5.617959
5.620527
5.623001
5.625557
5.628071
5.630599
5.633203
5.635674
5.638191
5.640693
5.643156
5.645660
5.648198
5.650727
5.653162
5.655676
5.658121
5.660581
5.663097
5.665560
5.668014
5.670480
5.672943
5.675373
5.677814
5.680256
5.682692
5.685145
5.687590
5.690047
5.692483
5.694850
5.697258
5.699665
5.702070
5.704452
5.706864
5.709261
5.711679
5.714030
5.716403
5.718794
5.721203
5.723591
5.725958
5.728337
5.730712
5.733077
5.735419
5.737768
5.740111
5.742469
5.744815
5.747179
5.749519
5.751850
5.754138
5.756524
5.758854
5.761149
5.763493
5.765793
5.768130
5.770428
5.772708
5.775021
5.777319
5.779617
5.781927
5.784216
5.786505
5.788764
5.791059
5.793327
5.795607
5.797884
5.800134
5.802390
5.804700
5.806920
5.809134
5.811396
5.813643
5.815881
5.818101
5.820336
5.822584
5.824828
5.827060
5.829289
5.831494
5.833714
5.835949
5.838196
5.840374
5.842573
5.844781
5.846953
5.849138
5.851319
5.853476
5.855663
5.857868
5.860058
5.862171
5.864378
5.866521
5.868696
5.870847
5.872995
5.875137
5.877295
5.879437
5.881549
5.883700
5.885767
5.887934
5.890055
5.892161
5.894258
5.896377
5.898495
5.900607
5.902716
5.904778
5.906919
5.909011
5.911054
5.913130
5.915248
5.917277
5.919350
5.921430
5.923473
5.925534
5.927619
5.929668
5.931745
5.933800
5.935832
5.937851
5.939918
5.941956
5.944002
5.946015
5.948043
5.950093
5.952073
5.954107
5.956082
5.958098
5.960088
5.962095
5.964102
5.966062
5.968051
5.970058
5.972015
5.974010
5.976000
5.977983
5.979949
5.981926
5.983855
5.985788
5.987753
5.989716
5.991666
5.993605
5.995519
5.997469
5.999399
6.001301
6.003234
6.005163
6.007075
6.008983
6.010907
6.012854
6.014754
6.016629
6.018502
6.020389
6.022280
6.024155
6.026028
6.027930
6.029803
6.031672
6.033551
6.035414
6.037299
6.039138
6.040963
6.042806
6.044672
6.046506
6.048367
6.050239
6.052022
6.053885
6.055716
6.057543
6.059338
6.061132
6.062960
6.064758
6.066586
6.068395
6.070256
6.072044
6.073830
6.075631
6.077413
6.079181
6.080943
6.082728
6.084484
6.086257
6.088022
6.089802
6.091585
6.093376
6.095114
6.096864
6.098610
6.100369
6.102116
6.103862
6.105594
6.107305
6.109046
6.110774
6.112515
6.114238
6.115952
6.117674
6.119388
6.121075
6.122788
6.124490
6.126237
6.127927
6.129641
6.131270
6.133005
6.134653
6.136343
6.138032
6.139701
6.141358
6.143030
6.144717
6.146403
6.148108
6.149717
6.151410
6.153046
6.154687
6.156312
6.157968
6.159631
6.161288
6.162927
6.164547
6.166153
6.167804
6.169413
6.171073
6.172676
6.174291
6.175897
6.177505
6.179099
6.180717
6.182353
6.183968
6.185592
6.187180
6.188737
6.190326
6.191898
6.193474
6.195059
6.196668
6.198223
6.199814
6.201378
6.202957
6.204524
6.206094
6.207646
6.209219
6.210780
6.212335
6.213874
6.215442
6.216979
6.218543
6.220094
6.221583
6.223135
6.224648
6.226173
6.227698
6.229265
6.230790
6.232336
6.233843
6.235344
6.236842
6.238382
6.239898
6.241396
6.242873
6.244353
6.245833
6.247344
6.248817
6.250321
6.251820
6.253309
6.254789
6.256275
6.257749
6.259247
6.260721
6.262162
6.263645
6.265098
6.266554
6.267983
6.269427
6.270872
6.272325
6.273811
6.275261
6.276729
6.278167
6.279602
6.281019
6.282460
0.000695
0.002133
0.003523
0.004926
0.006340
0.007754
0.009171
0.010585
0.012002
0.013413
0.014845
0.016260
0.017647
0.019028
0.020430
0.021838
0.023231
0.024634
0.026024
0.027417
0.028792
0.030158
0.031516
0.032900
0.034296
0.035668
0.037040
0.038421
0.039749
0.041109
0.042445
0.043796
0.045172
0.046535
0.047907
0.049258
0.050606
0.051931
0.053264
0.054588
0.055939
0.057261
0.058588
0.059936
0.061290
0.062609
0.063921
0.065248
0.066557
0.067861
0.069182
0.070473
0.071786
0.073122
0.074422
0.075719
0.077008
0.078278
0.079542
0.080879
0.082170
0.083455
0.084749
0.086038
0.087329
0.088614
0.089891
0.091152
0.092425
0.093684
0.094948
0.096212
0.097453
0.098708
0.099963
0.101204
0.102453
0.103708
0.104961
0.106216
0.107478
0.108739
0.110000
0.111199
0.112415
0.113652
0.114872
0.116100
0.117311
0.118536
0.119761
0.120969
0.122188
0.123375
0.124573
0.125780
0.126985
0.128186
0.129412
0.130616
0.131838
0.133022
0.134208
0.135380
0.136563
0.137729
0.138903
0.140075
0.141234
0.142397
0.143580
0.144754
0.145923
0.147082
0.148245
0.149383
0.150555
0.151702
0.152877
0.154045
0.155181
0.156343
0.157467
0.158587
0.159717
0.160849
0.161976
0.163096
0.164226
0.165349
0.166473
0.167599
0.168690
0.169801
0.170916
0.172034
0.173142
0.174263
0.175377
0.176474
0.177582
0.178670
0.179754
0.180848
0.181921
0.182993
0.184090
0.185153
0.186226
0.187313
0.188386
0.189441
0.190510
0.191568
0.192616
0.193698
0.194759
0.195816
0.196883
0.197946
0.199016
0.200086
0.201125
0.202147
0.203181
0.204217
0.205239
0.206260
0.207270
0.208307
0.209364
0.210356
0.211363
0.212366
0.213385
0.214380
0.215383
0.216384
0.217400
0.218424
0.219446
0.220474
0.221492
0.222493
0.223503
0.224500
0.225459
0.226427
0.227380
0.228347
0.229333
0.230310
0.231275
0.232257
0.233237
0.234193
0.235139
0.236086
0.237030
0.237971
0.238929
0.239885
0.240841
0.241827
0.242788
0.243744
0.244697
0.245629
0.246548
0.247498
0.248421
0.249341
0.250252
0.251174
0.252130
0.253047
0.253964
0.254866
0.255758
0.256657
0.257556
0.258437
0.259309
0.260216
0.261109
0.261993
0.262880
0.263788
0.264678
0.265600
0.266514
0.267410
0.268294
0.269193
0.270074
0.270951
0.271817
0.272692
0.273543
0.274403
0.275263
0.276111
0.276946
0.277785
0.278645
0.279487
0.280329
0.281162
0.281980
0.282822
0.283637
0.284455
0.285278
0.286123
0.286974
0.287825
0.288685
0.289515
0.290345
0.291202
0.292023
0.292835
0.293634
0.294437
0.295243
0.296046
0.296849
0.297631
0.298425
0.299207
0.300004
0.300777
0.301538
0.302305
0.303093
0.303863
0.304627
0.305379
0.306116
0.306886
0.307650
0.308408
0.309190
0.309978
0.310778
0.311569
0.312351
0.313115
0.313867
0.314631
0.315365
0.316081
0.316812
0.317543
0.318268
0.318993
0.319724
0.320443
0.321165
0.321878
0.322591
0.323286
0.323997
0.324692
0.325393
0.326079
0.326780
0.327457
0.328125
0.328811
0.329512
0.330201
0.330890
0.331595
0.332302
0.333003
0.333707
0.334396
0.335088
0.335786
0.336472
0.337149
0.337814
0.338491
0.339133
0.339807
0.340448
0.341083
0.341727
0.342374
0.343015
0.343657
0.344262
0.344900
0.345538
0.346173
0.346794
0.347420
0.348016
0.348630
0.349265
0.349867
0.350467
0.351090
0.351677
0.352288
0.352887
0.353493
0.354086
0.354712
0.355341
0.355949
0.356579
0.357202
0.357819
0.358427
0.359032
0.359617
0.360216
0.360806
0.361396
0.361972
0.362526
0.363086
0.363655
0.364219
0.364773
0.365315
0.365848
0.366391
0.366927
0.367445
0.367967
0.368497
0.369036
0.369570
0.370100
0.370606
0.371124
0.371658
0.372188
0.372715
0.373228
0.373737
0.374237
0.374738
0.375244
0.375738
0.376224
0.376709
0.377236
0.377734
0.378237
0.378764
0.379271
0.379795
0.380313
0.380823
0.381338
0.381868
0.382402
0.382917
0.383411
0.383915
0.384409
0.384882
0.385356
0.385805
0.386252
0.386716
0.387156
0.387585
0.388010
0.388424
0.388864
0.389293
0.389712
0.390128
0.390557
0.390982
0.391402
0.391815
0.392220
0.392636
0.393047
0.393469
0.393880
0.394275
0.394667
0.395075
0.395485
0.395881
0.396273
0.396663
0.397043
0.397427
0.397810
0.398194
0.398559
0.398949
0.399344
0.399716
0.400096
0.400492
0.400905
0.401316
0.401726
0.402143
0.402562
0.402994
0.403410
0.403817
0.404222
0.404638
0.405067
0.405471
0.405867
0.406253
0.406637
0.407011
0.407368
0.407709
0.408045
0.408380
0.408722
0.409058
0.409375
0.409690
0.409980
0.410289
0.410586
0.410873
0.411149
0.411433
0.411721
0.411997
0.412275
0.412539
0.412812
0.413084
0.413360
0.413633
0.413899
0.414166
0.414435
0.414687
0.414939
0.415184
0.415418
0.415655
0.415886
0.416107
0.416332
0.416566
0.416805
0.417039
0.417276
0.417503
0.417731
0.417962
0.418178
0.418387
0.418591
0.418801
0.418998
0.419184
0.419376
0.419562
0.419735
0.419915
0.420110
0.420287
0.420464
0.420643
0.420820
0.421006
0.421189
0.421359
0.421536
0.421725
0.421911
0.422093
0.422273
0.422468
0.422660
0.422854
0.423055
0.423250
0.423451
0.423669
0.423900
0.424122
0.424346
0.424577
0.424826
0.425071
0.425320
0.425560
0.425806
0.426063
0.426324
0.426569
0.426818
0.427073
0.427328
0.427585
0.427837
0.428077
0.428316
0.428553
0.428796
0.429026
0.429239
0.429458
0.429658
0.429844
0.430018
0.430177
0.430327
0.430479
0.430623
0.430746
0.430857
0.430965
0.431067
0.431159
0.431246
0.431309
0.431360
0.431414
0.431456
0.431480
0.431495
0.431504
0.431522
0.431534
0.431543
0.431543
0.431543
0.431543
0.431543
0.431543
0.431543
0.431543
0.431543
0.431543
0.431543
0.431504
0.431402
0.431303
0.431204
0.431094
0.430977
0.430860
0.430728
0.430596
0.430455
0.430294
0.430138
0.429988
0.429832
0.429661
0.429491
0.429317
0.429146
0.428969
0.428790
0.428610
0.428433
0.428268
0.428094
0.427921
0.427741
0.427570
0.427423
0.427277
0.427130
0.426965
0.426812
0.426677
0.426546
0.426396
0.426246
0.426120
0.425997
0.425883
0.425773
0.425668
0.425566
0.425476
0.425407
0.425347
0.425293
0.425248
0.425215
0.425182
0.425158
0.425137
0.425119
0.425113
0.425113
0.425113
0.425113
0.425113
0.425113
0.425113
0.425113
0.425113
0.425113
0.425128
0.425212
0.425293
0.425371
0.425461
0.425560
0.425653
0.425743
0.425832
0.425925
0.426027
0.426132
0.426228
0.426321
0.426423
0.426531
0.426641
0.426749
0.426848
0.426932
0.427028
0.427121
0.427205
0.427286
0.427369
0.427459
0.427537
0.427609
0.427684
0.427753
0.427837
0.427912
0.427984
0.428050
0.428124
0.428193
0.428262
0.428325
0.428376
0.428421
0.428472
0.428517
0.428553
0.428583
0.428616
0.428652
0.428685
0.428706
0.428724
0.428739
0.428754
0.428766
0.428766
0.428766
0.428766
0.428766
0.428766
0.428766
0.428766
0.428766
0.428766
0.428766
0.428766
0.428766
0.428766
0.428766
0.428766
0.428766
0.428766
0.428766
0.428745
0.428709
0.428664
0.428616
0.428580
0.428544
0.428511
0.428478
0.428439
0.428406
0.428382
0.428358
0.428331
0.428298
0.428277
0.428268
0.428253
0.428241
0.428226
0.428211
0.428196
0.428187
0.428163
0.428154
0.428151
0.428151
0.428151
0.428148
0.428142
0.428136
0.428133
0.428133
0.428133
0.428133
0.428133
0.428133
0.428133
0.428133
0.428133
0.428133
0.428133
0.428133
0.428133
0.428133
0.428133
0.428133
0.428133
0.428133
0.428133
0.428133
0.428133
0.428133
0.428133
0.428133
0.428133
0.428133
0.428133
0.428133
0.428133
0.428133
0.428133
0.428133
0.428133
0.428133
0.428133
0.428133
0.428133
0.428133
0.428133
0.428133
0.428133
0.428133
0.428133
0.428133
0.428133
0.428133
0.428133
0.428133
0.428133
0.428133
0.428133
0.428133
0.428133
0.428133
0.428133
0.428133
0.428133
0.428133
0.428133
0.428133
0.428133
0.428133
0.428133
0.428133
0.428133
0.428133
0.428133
0.428133
0.428133
0.428133
0.428133
0.428133
0.428133
0.428133
0.428133
0.428133
0.428133
0.428133
0.428133
0.428133
0.428133
0.428133
0.428133
0.428133
0.428133
0.428133
0.428133
0.428133
0.428133
0.428133
0.428133
0.428133
0.428133
0.428133
0.428133
0.428133
0.428133
0.428133
0.428133
0.428133