0.428133
0.428133
0.428133
0.428133
0.428133
0.428133
0.428133
0.428133
0.428133
0.428133
0.428133
0.428133
0.428202
0.428325
0.428463
0.428601
0.428778
0.428990
0.429230
0.429479
0.429742
0.430036
0.430348
0.430701
0.431085
0.431510
0.431971
0.432478
0.432990
0.433547
0.434129
0.434746
0.435396
0.436079
0.436813
0.437565
0.438371
0.439192
0.440055
0.440951
0.441882
0.442853
0.443857
0.444935
0.446047
0.447182
0.448363
0.449561
0.450781
0.452042
0.453357
0.454661
0.456039
0.457432
0.458873
0.460344
0.461860
0.463400
0.464994
0.466609
0.468260
0.469940
0.471666
0.473434
0.475246
0.477029
0.478890
0.480798
0.482725
0.484708
0.486730
0.488765
0.490790
0.492947
0.495074
0.497261
0.499482
0.501741
0.504006
0.506342
0.508679
0.511088
0.513500
0.515957
0.518435
0.520957
0.523486
0.526072
0.528732
0.531381
0.534122
0.536812
0.539593
0.542442
0.545279
0.548128
0.551008
0.554034
0.556949
0.560017
0.563076
0.566126
0.569215
0.572373
0.575536
0.578733
0.582047
0.585271
0.588536
0.591784
0.595077
0.598315
0.601605
0.604871
0.608140
0.611429
0.614683
0.617994
0.621262
0.624534
0.627851
0.631155
0.634421
0.637681
0.640955
0.644197
0.647490
0.650770
0.654057
0.657299
0.660594
0.663809
0.667090
0.670317
0.673582
0.676806
0.680138
0.683376
0.686636
0.689929
0.693135
0.696346
0.699567
0.702890
0.706111
0.709319
0.712531
0.715818
0.719024
0.722256
0.725435
0.728707
0.731880
0.735085
0.738315
0.741482
0.744688
0.747914
0.751144
0.754266
0.757502
0.760666
0.763866
0.767071
0.770247
0.773420
0.776605
0.779772
0.782977
0.786150
0.789308
0.792496
0.795600
0.798776
0.801909
0.805100
0.808216
0.811386
0.814607
0.817708
0.820839
0.823981
0.827100
0.830216
0.833386
0.836484
0.839621
0.842749
0.845898
0.849064
0.852195
0.855281
0.858403
0.861564
0.864689
0.867799
0.870891
0.874004
0.877152
0.880196
0.883306
0.886410
0.889499
0.892618
0.895716
0.898829
0.901879
0.904965
0.908072
0.911161
0.914280
0.917315
0.920385
0.923498
0.926602
0.929676
0.932747
0.935791
0.938820
0.941936
0.944959
0.948000
0.951074
0.954130
0.957222
0.960254
0.963301
0.966357
0.969428
0.972472
0.975489
0.978545
0.981568
0.984609
0.987644
0.990664
0.993705
0.996755
0.999775
1.002807
1.005848
1.008877
1.011885
1.014890
1.017931
1.020927
1.023944
1.026976
1.029936
1.032974
1.035943
1.038954
1.041968
1.044937
1.047928
1.050927
1.053935
1.056898
1.059927
1.062902
1.065856
1.068870
1.071794
1.074799
1.077801
1.080734
1.083722
1.086715
1.089666
1.092596
1.095580
1.098495
1.101464
1.104493
1.107363
1.110305
1.113257
1.116241
1.119189
1.122113
1.125064
1.127979
1.130921
1.133837
1.136791
1.139703
1.142612
1.145563
1.148445
1.151414
1.154333
1.157221
1.160106
1.163054
1.165969
1.168845
1.171737
1.174682
1.177588
1.180485
1.183373
1.186273
1.189123
1.192044
1.194881
1.197769
1.200673
1.203579
1.206431
1.209340
1.212204
1.215072
1.217957
1.220770
1.223664
1.226516
1.229360
1.232236
1.235082
1.237949
1.240805
1.243609
1.246476
1.249334
1.252181
1.255003
1.257810
1.260657
1.263491
1.266376
1.269210
1.271991
1.274840
1.277668
1.280466
1.283262
1.286096
1.288885
1.291681
1.294548
1.297310
1.300082
1.302913
1.305666
1.308498
1.311293
1.314079
1.316923
1.319694
1.322426
1.325201
1.327972
1.330743
1.333488
1.336277
1.339012
1.341787
1.344540
1.347309
1.350068
1.352797
1.355530
1.358286
1.361060
1.363775
1.366498
1.369243
1.371951
1.374647
1.377386
1.380115
1.382836
1.385529
1.388241
1.390943
1.393675
1.396336
1.399035
1.401753
1.404446
1.407143
1.409815
1.412482
1.415160
1.417854
1.420502
1.423175
1.425859
1.428532
1.431207
1.433874
1.436543
1.439222
1.441849
1.444537
1.447167
1.449872
1.452515
1.455146
1.457779
1.460401
1.462998
1.465617
1.468232
1.470899
1.473520
1.476094
1.478701
1.481352
1.483962
1.486574
1.489154
1.491784
1.494430
1.497027
1.499583
1.502160
1.504808
1.507367
1.509910
1.512547
1.515118
1.517718
1.520292
1.522871
1.525460
1.528067
1.530637
1.533172
1.535763
1.538331
1.540872
1.543412
1.545971
1.548497
1.551049
1.553572
1.556113
1.558677
1.561188
1.563747
1.566287
1.568834
1.571342
1.573909
1.576393
1.578928
1.581477
1.583991
1.586529
1.589072
1.591559
1.594061
1.596574
1.599091
1.601581
1.604095
1.606593
1.609110
1.611642
1.614128
1.616615
1.619144
1.621636
1.624072
1.626595
1.629052
1.631580
1.634061
1.636527
1.639026
1.641497
1.643963
1.646423
1.648906
1.651390
1.653835
1.656337
1.658776
1.661250
1.663740
1.666134
1.668585
1.671056
1.673489
1.675925
1.678391
1.680847
1.683307
1.685731
1.688161
1.690561
1.693017
1.695447
1.697895
1.700394
1.702758
1.705214
1.707620
1.710053
1.712414
1.714862
1.717241
1.719664
1.722085
1.724461
1.726870
1.729303
1.731694
1.734111
1.736508
1.738899
1.741275
1.743669
1.746045
1.748433
1.750784
1.753199
1.755575
1.757924
1.760282
1.762649
1.765004
1.767434
1.769782
1.772128
1.774516
1.776889
1.779199
1.781578
1.783921
1.786270
1.788619
1.790971
1.793298
1.795626
1.797966
1.800303
1.802637
1.804995
1.807290
1.809603
1.811937
1.814295
1.816578
1.818873
1.821213
1.823529
1.825815
1.828131
1.830423
1.832739
1.835045
1.837340
1.839632
1.841942
1.844231
1.846520
1.848794
1.851077
1.853399
1.855664
1.857923
1.860218
1.862489
1.864769
1.867040
1.869302
1.871597
1.873832
1.876079
1.878335
1.880592
1.882833
1.885113
1.887375
1.889631
1.891854
1.894155
1.896327
1.898595
1.900827
1.903020
1.905288
1.907514
1.909722
1.911948
1.914192
1.916415
1.918620
1.920853
1.923052
1.925272
1.927489
1.929697
1.931893
1.934101
1.936297
1.938511
1.940728
1.942906
1.945094
1.947296
1.949480
1.951664
1.953848
1.956020
1.958210
1.960397
1.962555
1.964754
1.966944
1.969074
1.971240
1.973427
1.975575
1.977736
1.979902
1.982065
1.984171
1.986334
1.988485
1.990595
1.992758
1.994888
1.997018
1.999190
2.001303
2.003439
2.005572
2.007702
2.009794
2.011927
2.014024
2.016142
2.018260
2.020373
2.022470
2.024558
2.026685
2.028797
2.030901
2.032980
2.035101
2.037207
2.039275
2.041366
2.043454
2.045512
2.047604
2.049674
2.051705
2.053787
2.055903
2.057946
2.059986
2.062075
2.064142
2.066203
2.068234
2.070269
2.072315
2.074383
2.076414
2.078469
2.080524
2.082562
2.084578
2.086606
2.088635
2.090642
2.092670
2.094657
2.096721
2.098707
2.100730
2.102719
2.104735
2.106719
2.108729
2.110794
2.112726
2.114736
2.116729
2.118697
2.120666
2.122670
2.124647
2.126613
2.128593
2.130583
2.132527
2.134510
2.136479
2.138447
2.140373
2.142321
2.144307
2.146258
2.148205
2.150171
2.152097
2.153985
2.155944
2.157861
2.159779
2.161685
2.163659
2.165576
2.167503
2.169483
2.171344
2.173294
2.175200
2.177099
2.178948
2.180832
2.182720
2.184613
2.186501
2.188394
2.190306
2.192208
2.194081
2.195965
2.197844
2.199725
2.201598
2.203434
2.205310
2.207132
2.208992
2.210838
2.212707
2.214589
2.216449
2.218256
2.220153
2.221950
2.223799
2.225608
2.227451
2.229261
2.231070
2.232883
2.234710
2.236559
2.238387
2.240214
2.242042
2.243863
2.245619
2.247447
2.249205
2.251030
2.252786
2.254544
2.256345
2.258176
2.259970
2.261777
2.263577
2.265372
2.267146
2.268880
2.270633
2.272368
2.274130
2.275861
2.277626
2.279387
2.281140
2.282920
2.284691
2.286437
2.288169
2.289940
2.291662
2.293373
2.295132
2.296834
2.298526
2.300240
2.301951
2.303686
2.305423
2.307164
2.308887
2.310622
2.312296
2.314028
2.315700
2.317399
2.319070
2.320763
2.322435
2.324122
2.325832
2.327525
2.329233
2.330908
2.332595
2.334221
2.335917
2.337574
2.339225
2.340882
2.342559
2.344207
2.345864
2.347509
2.349163
2.350841
2.352506
2.354154
2.355820
2.357447
2.359083
2.360701
2.362348
2.363930
2.365551
2.367124
2.368769
2.370408
2.371996
2.373635
2.375297
2.376936
2.378542
2.380142
2.381733
2.383324
2.384906
2.386476
2.388046
2.389616
2.391191
2.392767
2.394370
2.395985
2.397582
2.399185
2.400773
2.402355
2.403904
2.405459
2.406990
2.408584
2.410082
2.411658
2.413150
2.414716
2.416271
2.417841
2.419378
2.420963
2.422506
2.424049
2.425589
2.427114
2.428618
2.430101
2.431614
2.433181
2.434676
2.436165
2.437666
2.439209
2.440719
2.442208
2.443724
2.445246
2.446765
2.448254
2.449710
2.451232
2.452736
2.454192
2.455661
2.457144
2.458609
2.460074
2.461542
2.463016
2.464493
2.465991
2.467465
2.468933
2.470431
2.471866
2.473280
2.474721
2.476171
2.477648
2.479042
2.480483
2.481912
2.483377
2.484785
2.486229
2.487676
2.489100
2.490541
2.491961
2.493354
2.494786
2.496203
2.497602
2.499005
2.500422
2.501827
2.503196
2.504610
2.506033
2.507400
2.508787
2.510174
2.511570
2.512987
2.514389
2.515746
2.517134
2.518497
2.519860
2.521229
2.522589
2.523968
2.525340
2.526703
2.528045
2.529391
2.530727
2.532087
2.533435
2.534801
2.536141
2.537492
2.538840
2.540185
2.541522
2.542825
2.544164
2.545479
2.546795
2.548113
2.549434
2.550746
2.552059
2.553374
2.554677
2.555969
2.557302
2.558593
2.559899
2.561242
2.562521
2.563818
2.565106
2.566404
2.567653
2.568941
2.570191
2.571494
2.572782
2.574026
2.575302
2.576590
2.577852
2.579137
2.580404
2.581663
2.582924
2.584194
2.585438
2.586672
2.587924
2.589171
2.590402
2.591651
2.592868
2.594108
2.595316
2.596556
2.597781
2.599022
2.600220
2.601464
2.602692
2.603932
2.605128
2.606353
2.607567
2.608783
2.610017
2.611201
2.612345
2.613559
2.614742
2.615923
2.617112
2.618266
2.619464
2.620653
2.621813
2.622987
2.624189
2.625375
2.626559
2.627739
2.628922
2.630082
2.631241
2.632392
2.633548
2.634702
2.635828
2.636970
2.638111
2.639247
2.640373
2.641479
2.642593
2.643753
2.644892
2.646018
2.647160
2.648316
2.649442
2.650557
2.651680
2.652798
2.653916
2.655024
2.656139
2.657232
2.658329
2.659416
2.660501
2.661580
2.662658
2.663704
2.664788
2.665879
2.666955
2.668015
2.669088
2.670166
2.671248
2.672332
2.673399
2.674480
2.675544
2.676623
2.677686
2.678732
2.679786
2.680835
2.681869
2.682909
2.683945
2.684946
2.685958
2.687010
2.688026
2.689026
2.690060
2.691091
2.692094
2.693110
2.694114
2.695132
2.696166
2.697167
2.698188
2.699246
2.700271
2.701277
2.702293
2.703273
2.704255
2.705193
2.706152
2.707119
2.708084
2.709037
2.710002
2.710984
2.711970
2.712938
2.713917
2.714843
2.715826
2.716782
2.717735
2.718687
2.719676
2.720656
2.721621
2.722606
2.723547
2.724488
2.725420
2.726330
2.727244
2.728137
2.729057
2.729953
2.730863
2.731807
2.732727
2.733659
2.734578
2.735498
2.736427
2.737314
2.738195
2.739094
2.739983
2.740870
2.741796
2.742695
2.743639
2.744564
2.745472
2.746365
2.747255
2.748118
2.748981
2.749828
2.750679
2.751512
2.752372
2.753229
2.754107
2.754955
2.755838
2.756695
2.757546
2.758385
2.759218
2.760042
2.760863
2.761717
2.762568
2.763427
2.764290
2.765156
2.766004
2.766867
2.767688
2.768479
2.769288
2.770103
2.770894
2.771688
2.772470
2.773269
2.774070
2.774869
2.775660
2.776466
2.777251
2.778036
2.778836
2.779603
2.780406
2.781167
2.781949
2.782707
2.783489
2.784214
2.784984
2.785766
2.786542
2.787309
2.788097
2.788897
2.789697
2.790467
2.791204
2.791965
2.792702
2.793454
2.794167
2.794889
2.795611
2.796330
2.797022
2.797741
2.798472
2.799173
2.799881
2.800596
2.801331
2.802017
2.802718
2.803422
2.804117
2.804809
2.805486
2.806151
2.806846
2.807541
2.808230
2.808905
2.809600
2.810319
2.811035
2.811748
2.812458
2.813150
2.813845
2.814528
2.815190
2.815846
2.816499
2.817153
2.817809
2.818450
2.819085
2.819726
2.820349
2.820991
2.821635
2.822252
2.822884
2.823522
2.824140
2.824757
2.825380
2.825988
2.826614
2.827214
2.827831
2.828424
2.829014
2.829619
2.830213
2.830818
2.831426
2.832019
2.832627
2.833254
2.833889
2.834500
2.835126
2.835764
2.836390
2.837008
2.837601
2.838194
2.838790
2.839371
2.839935
2.840492
2.841055
2.841609
2.842140
2.842685
2.843254
2.843782
2.844303
2.844845
2.845408
2.845960
2.846478
2.847003
2.847557
2.848090
2.848605
2.849109
2.849636
2.850139
2.850634
2.851119
2.851622
2.852129
2.852638
2.853132
2.853630
2.854130
2.854645
2.855155
2.855676
2.856191
2.856728
2.857264
2.857791
2.858334
2.858873
2.859373
2.859891
2.860407
2.860922
2.861389
2.861872
2.862348
2.862831
2.863298
2.863747
2.864188
2.864643
2.865102
2.865560
2.865988
2.866429
2.866884
2.867325
2.867765
2.868212
2.868643
2.869086
2.869527
2.869952
2.870366
2.870773
2.871186
2.871597
2.872001
2.872409
2.872792
2.873197
2.873595
2.873994
2.874374
2.874767
2.875156
2.875543
2.875926
2.876316
2.876693
2.877098
2.877487
2.877889
2.878278
2.878686
2.879099
2.879501
2.879917
2.880325
2.880720
2.881134
2.881553
2.881978
2.882377
2.882793
2.883201
2.883590
2.883971
2.884357
2.884705
2.885076
2.885436
2.885792
2.886128
2.886472
2.886805
2.887146
2.887479
2.887800
2.888105
2.888420
2.888722
2.889016
2.889307
2.889597
2.889894
2.890200
2.890493
2.890778
2.891053
2.891338
2.891620
2.891895
2.892162
2.892447
2.892734
2.893001
2.893265
2.893528
2.893783
2.894037
2.894292
2.894532
2.894778
2.895035
2.895281
2.895514
2.895754
2.895994
2.896207
2.896437
2.896665
2.896893
2.897099
2.897303
2.897528
2.897747
2.897956
2.898166
2.898358
2.898574
2.898792
2.899005
2.899194
2.899412
2.899637
2.899853
2.900074
2.900305
2.900533
2.900767
2.901000
2.901237
2.901462
2.901704
2.901953
2.902187
2.902442
2.902696
2.902930
2.903172
2.903433
2.903694
2.903949
2.904209
2.904470
2.904730
2.904967
2.905210
2.905443
2.905689
2.905926
2.906151
2.906360
2.906585
2.906801
2.907010
2.907202
2.907394
2.907568
2.907759
2.907939
2.908116
2.908272
2.908419
2.908571
2.908715
2.908847
2.908964
2.909069
2.909177
2.909281
2.909377
2.909449
2.909527
2.909599
2.909665
2.909719
2.909764
2.909797
2.909818
2.909851
2.909872
2.909881
2.909896
2.909896
2.909896
2.909896
2.909896
2.909896
2.909896
2.909896
2.909896
2.909896
2.909896
2.909896
2.909896
2.909896
2.909872
2.909788
2.909719
2.909629
2.909536
2.909431
2.909344
2.909242
2.909144
2.909033
2.908922
2.908793
2.908688
2.908580
2.908452
2.908320
2.908197
2.908065
2.907933
2.907792
2.907640
2.907475
2.907313
2.907166
2.907017
2.906858
2.906714
2.906561
2.906414
2.906255
2.906106
2.905938
2.905791
2.905641
2.905485
2.905324
2.905177
2.905027
2.904880
2.904737
2.904608
2.904464
2.904347
2.904230
2.904116
2.904005
2.903898
2.903814
2.903730
2.903643
2.903562
2.903475
2.903418
2.903352
2.903295
2.903238
2.903197
2.903163
2.903127
2.903100
2.903077
2.903053
2.903041
2.903041
2.903041
2.903041
2.903041
2.903041
2.903041
2.903041
2.903041
2.903041
2.903041
2.903041
2.903041
2.903041
2.903041
2.903047
2.903119
2.903193
2.903268
2.903334
2.903421
2.903502
2.903577
2.903652
2.903736
2.903826
2.903919
2.904002
2.904092
2.904176
2.904272
2.904368
2.904461
2.904545
2.904644
2.904742
2.904838
2.904931
2.905012
2.905081
2.905153
2.905240
2.905321
2.905380
2.905458
2.905533
2.905593
2.905653
2.905716
2.905758
2.905812
2.905860
2.905902
2.905923
2.905959
2.905986
2.906010
2.906028
2.906037
2.906037
2.906037
2.906037
2.906037
2.906037
2.906037
2.906037
2.906037
2.906037
2.906037
2.906037
2.906037
2.906037
2.906037
2.906037
2.906037
2.906037
2.906037
2.906010
2.905965
2.905902
2.905851
2.905812
2.905767
2.905713
2.905674
2.905635
2.905593
2.905545
2.905509
2.905458
2.905428
2.905387
2.905342
2.905294
2.905255
2.905234
2.905207
2.905180
2.905156
2.905123
2.905114
2.905102
2.905093
2.905078
2.905069
2.905069
2.905069
2.905063
2.905057
2.905039
2.905039
2.905039
2.905039
2.905039
2.905039
2.905039
2.905039
2.905039
2.905039
2.905039
2.905039
2.905039
2.905039
2.905039
2.905039
2.905039
2.905039
2.905039
2.905039
2.905039
2.905039
2.905039
2.905039
2.905039
2.905039
2.905054
2.905072
2.905081
2.905090
2.905093
2.905105
2.905108
2.905111
2.905111
2.905111
2.905111
2.905111
2.905117
2.905120
2.905120
2.905120
2.905120
2.905123
2.905123
2.905123
2.905123
2.905123
2.905123
2.905123
2.905123
2.905123
2.905123
2.905123
2.905123
2.905123
2.905123
2.905123
2.905123
2.905123
2.905123
2.905123
2.905123
2.905123
2.905123
2.905123
2.905123
2.905123
2.905123
2.905123
2.905123
2.905123
2.905123
2.905123
2.905123
2.905123
2.905123
2.905123
2.905123
2.905123
2.905123
2.905123
2.905123
2.905123
2.905123
2.905123
2.905123
2.905123
2.905123
2.905123
2.905123
2.905123
2.905123
2.905123
2.905123
2.905123
2.905123
2.905123
2.905123
2.905123
2.905123
2.905123
2.905123
2.905123
2.905123
2.905123
2.905123
2.905123
2.905123
2.905123
2.905123
2.905123
2.905123
2.905123
2.905123
2.905123
2.905123
2.905123
2.905123
2.905123
2.905123
2.905123
2.905123
2.905123
2.905123
2.905123
2.905123
2.905123
2.905123
2.905123
2.905123
2.905123
2.905123
2.905123
2.905123
2.905123
2.905123
2.905123
2.905123
2.905123
2.905123
2.905123
2.905123