4.519994
4.519994
4.519994
4.519994
4.519994
4.519994
4.519994
4.519994
4.519994
4.520048
4.520135
4.520225
4.520342
4.520504
4.520686
4.520881
4.521130
4.521417
4.521714
4.522019
4.522370
4.522766
4.523176
4.523620
4.524111
4.524620
4.525175
4.525726
4.526337
4.526975
4.527646
4.528353
4.529108
4.529899
4.530720
4.531580
4.532482
4.533429
4.534399
4.535373
4.536392
4.537426
4.538492
4.539598
4.540739
4.541895
4.543100
4.544343
4.545629
4.546935
4.548295
4.549643
4.551048
4.552526
4.554011
4.555528
4.557067
4.558667
4.560264
4.561897
4.563569
4.565270
4.566988
4.568755
4.570553
4.572386
4.574265
4.576182
4.578145
4.580116
4.582132
4.584158
4.586210
4.588307
4.590495
4.592660
4.594839
4.597077
4.599342
4.601664
4.604007
4.606335
4.608768
4.611224
4.613705
4.616195
4.618717
4.621354
4.623928
4.626630
4.629257
4.631963
4.634719
4.637475
4.640319
4.643156
4.646035
4.648932
4.651881
4.654868
4.657882
4.660911
4.663982
4.667107
4.670243
4.673392
4.676622
4.679825
4.683028
4.686236
4.689460
4.692618
4.695863
4.699099
4.702310
4.705543
4.708728
4.711919
4.715158
4.718384
4.721596
4.724817
4.728025
4.731240
4.734482
4.737664
4.740930
4.744144
4.747299
4.750544
4.753728
4.756949
4.760173
4.763352
4.766570
4.769752
4.772960
4.776181
4.779366
4.782566
4.785783
4.788899
4.792075
4.795245
4.798406
4.801560
4.804724
4.807855
4.811016
4.814174
4.817278
4.820376
4.823516
4.826634
4.829783
4.832896
4.836009
4.839098
4.842214
4.845309
4.848425
4.851592
4.854642
4.857722
4.860799
4.863861
4.866901
4.870050
4.873133
4.876204
4.879233
4.882271
4.885279
4.888347
4.891400
4.894403
4.897405
4.900452
4.903441
4.906465
4.909461
4.912433
4.915486
4.918470
4.921424
4.924483
4.927449
4.930451
4.933453
4.936401
4.939412
4.942360
4.945359
4.948326
4.951241
4.954198
4.957125
4.960070
4.963045
4.966017
4.968950
4.971878
4.974757
4.977678
4.980590
4.983574
4.986444
4.989374
4.992296
4.995190
4.998099
5.000996
5.003881
5.006787
5.009670
5.012519
5.015398
5.018295
5.021177
5.024042
5.026915
5.029761
5.032608
5.035472
5.038339
5.041185
5.044067
5.046890
5.049688
5.052522
5.055357
5.058179
5.061001
5.063797
5.066580
5.069399
5.072167
5.074975
5.077827
5.080610
5.083400
5.086201
5.088939
5.091720
5.094503
5.097271
5.100049
5.102847
5.105558
5.108318
5.111092
5.113786
5.116569
5.119275
5.122073
5.124766
5.127487
5.130207
5.132895
5.135725
5.138353
5.141008
5.143677
5.146377
5.149064
5.151740
5.154418
5.157130
5.159781
5.162445
5.165045
5.167738
5.170384
5.173057
5.175690
5.178336
5.180939
5.183564
5.186143
5.188744
5.191420
5.193987
5.196599
5.199191
5.201771
5.204339
5.206933
5.209486
5.212089
5.214669
5.217209
5.219747
5.222321
5.224795
5.227363
5.229907
5.232418
5.234937
5.237448
5.239946
5.242451
5.244956
5.247419
5.249948
5.252452
5.254918
5.257384
5.259882
5.262345
5.264826
5.267292
5.269727
5.272187
5.274629
5.277061
5.279489
5.281870
5.284321
5.286754
5.289193
5.291563
5.293983
5.296368
5.298780
5.301156
5.303535
5.305902
5.308317
5.310668
5.312996
5.315375
5.317775
5.320100
5.322461
5.324807
5.327144
5.329451
5.331769
5.334101
5.336422
5.338748
5.341019
5.343335
5.345638
5.347928
5.350202
5.352472
5.354746
5.357020
5.359292
5.361571
5.363824
5.366063
5.368351
5.370586
5.372818
5.375045
5.377289
5.379521
5.381738
5.383934
5.386151
5.388368
5.390516
5.392748
5.394878
5.397036
5.399265
5.401425
5.403606
5.405790
5.407948
5.410122
5.412277
5.414422
5.416555
5.418709
5.420827
5.422994
5.425139
5.427263
5.429357
5.431481
5.433552
5.435682
5.437788
5.439877
5.441995
5.444089
5.446159
5.448259
5.450338
5.452364
5.454428
5.456495
5.458539
5.460570
5.462637
5.464666
5.466706
5.468738
5.470760
5.472776
5.474802
5.476815
5.478849
5.480871
5.482873
5.484865
5.486852
5.488865
5.490812
5.492816
5.494758
5.496747
5.498710
5.500672
5.502641
5.504618
5.506545
5.508465
5.510374
5.512327
5.514266
5.516216
5.518116
5.520030
5.521977
5.523835
5.525776
5.527676
5.529581
5.531463
5.533381
5.535256
5.537155
5.539058
5.540921
5.542773
5.544672
5.546494
5.548373
5.550212
5.552058
5.553903
5.555731
5.557570
5.559416
5.561285
5.563077
5.564902
5.566735
5.568509
5.570333
5.572197
5.574004
5.575817
5.577635
5.579406
5.581224
5.583010
5.584781
5.586560
5.588361
5.590093
5.591884
5.593604
5.595417
5.597139
5.598940
5.600642
5.602365
5.604138
5.605846
5.607602
5.609372
5.611056
5.612779
5.614504
5.616215
5.617938
5.619643
5.621384
5.623058
5.624760
5.626411
5.628134
5.629802
5.631477
5.633176
5.634824
5.636472
5.638104
5.639782
5.641472
5.643102
5.644756
5.646377
5.648025
5.649669
5.651266
5.652890
5.654514
5.656126
5.657743
5.659359
5.660940
5.662582
5.664161
5.665773
5.667355
5.668907
5.670474
5.672047
5.673638
5.675205
5.676730
5.678282
5.679845
5.681362
5.682925
5.684451
5.686011
5.687578
5.689106
5.690640
5.692150
5.693690
5.695189
5.696683
5.698173
5.699644
5.701097
5.702589
5.704099
5.705579
5.707062
5.708566
5.710040
5.711520
5.712985
5.714441
5.715885
5.717359
5.718782
5.720208
5.721646
5.723105
5.724535
5.725958
5.727360
5.728759
5.730206
5.731629
5.733040
5.734452
5.735842
5.737253
5.738625
5.740006
5.741396
5.742790
5.744174
5.745534
5.746885
5.748249
5.749594
5.750966
5.752332
5.753689
5.755025
5.756350
5.757692
5.759046
5.760386
5.761695
5.763022
5.764355
5.765611
5.766917
5.768208
5.769524
5.770818
5.772115
5.773427
5.774704
5.775971
5.777256
5.778551
5.779818
5.781100
5.782359
5.783614
5.784869
5.786125
5.787377
5.788623
5.789879
5.791092
5.792305
5.793531
5.794720
5.795960
5.797159
5.798397
5.799589
5.800799
5.802012
5.803211
5.804419
5.805614
5.806788
5.807960
5.809155
5.810342
5.811498
5.812643
5.813802
5.814968
5.816100
5.817242
5.818410
5.819516
5.820627
5.821766
5.822877
5.823986
5.825124
5.826239
5.827363
5.828501
5.829588
5.830703
5.831830
5.832914
5.833983
5.835050
5.836132
5.837214
5.838301
5.839358
5.840410
5.841477
5.842493
5.843526
5.844515
5.845563
5.846576
5.847621
5.848652
5.849713
5.850731
5.851771
5.852781
5.853845
5.854851
5.855867
5.856862
5.857856
5.858848
5.859825
5.860768
5.861733
5.862722
5.863684
5.864621
5.865574
5.866533
5.867467
5.868426
5.869346
5.870314
5.871266
5.872207
5.873142
5.874098
5.875044
5.876000
5.876932
5.877867
5.878766
5.879634
5.880495
5.881387
5.882265
5.883149
5.884024
5.884934
5.885830
5.886705
5.887568
5.888416
5.889282
5.890145
5.890986
5.891822
5.892679
5.893548
5.894396
5.895268
5.896137
5.896985
5.897827
5.898674
5.899522
5.900364
5.901206
5.902042
5.902875
5.903684
5.904487
5.905293
5.906090
5.906878
5.907660
5.908442
5.909214
5.909997
5.910769
5.911563
5.912352
5.913100
5.913879
5.914649
5.915420
5.916177
5.916941
5.917711
5.918496
5.919257
5.920022
5.920767
5.921528
5.922313
5.923069
5.923826
5.924551
5.925288
5.926016
5.926735
5.927449
5.928141
5.928842
5.929555
5.930244
5.930918
5.931607
5.932308
5.932994
5.933677
5.934366
5.935029
5.935706
5.936380
5.937057
5.937725
5.938408
5.939073
5.939742
5.940410
5.941069
5.941740
5.942417
5.943097
5.943786
5.944439
5.945101
5.945755
5.946399
5.947022
5.947654
5.948271
5.948867
5.949484
5.950114
5.950704
5.951318
5.951896
5.952481
5.953065
5.953637
5.954176
5.954731
5.955300
5.955860
5.956418
5.956972
5.957553
5.958134
5.958685
5.959237
5.959785
5.960351
5.960899
5.961436
5.961954
5.962470
5.963003
5.963554
5.964102
5.964651
5.965184
5.965726
5.966278
5.966814
5.967338
5.967889
5.968443
5.968983
5.969513
5.970032
5.970520
5.971008
5.971499
5.971973
5.972425
5.972890
5.973348
5.973804
5.974256
5.974717
5.975131
5.975556
5.975994
5.976419
5.976830
5.977252
5.977686
5.978124
5.978546
5.978966
5.979370
5.979805
5.980215
5.980614
5.981003
5.981420
5.981818
5.982211
5.982612
5.983007
5.983370
5.983747
5.984110
5.984478
5.984823
5.985170
5.985521
5.985889
5.986249
5.986606
5.986965
5.987328
5.987720
5.988095
5.988466
5.988844
5.989239
5.989626
5.990000
5.990386
5.990752
5.991127
5.991504
5.991864
5.992211
5.992547
5.992895
5.993242
5.993568
5.993895
5.994192
5.994488
5.994779
5.995049
5.995303
5.995549
5.995803
5.996049
5.996286
5.996517
5.996736
5.996963
5.997185
5.997413
5.997601
5.997805
5.998012
5.998215
5.998413
5.998602
5.998782
5.998955
5.999144
5.999327
5.999492
5.999674
5.999851
6.000019
6.000184
6.000355
6.000504
6.000666
6.000825
6.000993
6.001133
6.001287
6.001433
6.001568
6.001688
6.001805
6.001901
6.002008
6.002113
6.002209
6.002284
6.002365
6.002449
6.002527
6.002599
6.002665
6.002713
6.002775
6.002832
6.002883
6.002907
6.002949
6.002988
6.003015
6.003033
6.003048
6.003054
6.003060
6.003078
6.003087
6.003087
6.003087
6.003093
6.003099
6.003102
6.003102
6.003102
6.003102
6.003102
6.003102
6.003102
6.003102
6.003102
6.003102
6.003102
6.003102
6.003102
6.003102
6.003102
6.003102
6.003102
6.003102
6.003102
6.003102
6.003102
6.003102
6.003102
6.003102
6.003102
6.003102
6.003102
6.003102
6.003102
6.003102
6.003102
6.003102
6.003102
6.003102
6.003102
6.003102
6.003102
6.003102
6.003102
6.003102
6.003102
6.003102
6.003102
6.003102
6.003102
6.003102
6.003102
6.003102
6.003102
6.003102
6.003102
6.003102
6.003102
6.003102
6.003102
6.003102
6.003102
6.003102
6.003102
6.003102
6.003102
6.003102
6.003102
6.003102
6.003102
6.003102
6.003102
6.003102
6.003102
6.003102
6.003102
6.003102
6.003102
6.003102
6.003102
6.003102
6.003102
6.003102
6.003102
6.003102
6.003102
6.003102
6.003102
6.003102
6.003102
6.003102
6.003102
6.003102
6.003102
6.003102
6.003102
6.003102
6.003102
6.003102
6.003102
6.003102
6.003102
6.003102
6.003102
6.003102