0.183796
0.183796
0.183796
0.183796
0.183796
0.183796
0.183796
0.183796
0.183796
0.183796
0.183877
0.183991
0.184129
0.184302
0.184512
0.184746
0.185009
0.185297
0.185621
0.185980
0.186373
0.186783
0.187236
0.187748
0.188290
0.188865
0.189486
0.190145
0.190858
0.191601
0.192380
0.193165
0.194025
0.194896
0.195801
0.196742
0.197689
0.198689
0.199747
0.200823
0.201928
0.203064
0.204238
0.205428
0.206686
0.207947
0.209266
0.210641
0.212049
0.213514
0.214985
0.216459
0.217999
0.219545
0.221154
0.222793
0.224462
0.226160
0.227904
0.229681
0.231487
0.233324
0.235178
0.237117
0.239076
0.241060
0.243064
0.245107
0.247181
0.249299
0.251531
0.253700
0.255923
0.258203
0.260495
0.262802
0.265214
0.267569
0.270005
0.272503
0.275002
0.277561
0.280158
0.282777
0.285425
0.288110
0.290833
0.293527
0.296385
0.299189
0.302047
0.304936
0.307857
0.310835
0.313828
0.316827
0.319913
0.323023
0.326175
0.329324
0.332544
0.335780
0.339040
0.342368
0.345700
0.349044
0.352510
0.355890
0.359284
0.362676
0.366049
0.369492
0.372982
0.376314
0.379783
0.383229
0.386656
0.390107
0.393595
0.397034
0.400474
0.403946
0.407329
0.410762
0.414217
0.417647
0.421096
0.424544
0.427954
0.431384
0.434857
0.438203
0.441676
0.445109
0.448549
0.451955
0.455341
0.458771
0.462172
0.465602
0.469072
0.472397
0.475783
0.479201
0.482623
0.486014
0.489415
0.492794
0.496216
0.499604
0.502966
0.506354
0.509689
0.513069
0.516454
0.519822
0.523156
0.526530
0.529844
0.533274
0.536615
0.539934
0.543281
0.546660
0.549947
0.553267
0.556604
0.559933
0.563253
0.566608
0.569889
0.573202
0.576576
0.579854
0.583161
0.586463
0.589720
0.593048
0.596356
0.599601
0.602902
0.606183
0.609449
0.612759
0.616046
0.619276
0.622584
0.625873
0.629136
0.632426
0.635643
0.638924
0.642139
0.645419
0.648646
0.651975
0.655178
0.658401
0.661643
0.664909
0.668121
0.671356
0.674601
0.677816
0.681040
0.684314
0.687514
0.690663
0.693944
0.697125
0.700328
0.703540
0.706716
0.709934
0.713118
0.716279
0.719476
0.722712
0.725891
0.729090
0.732260
0.735397
0.738576
0.741797
0.744927
0.748079
0.751228
0.754413
0.757562
0.760756
0.763904
0.767002
0.770196
0.773378
0.776446
0.779670
0.782720
0.785875
0.789083
0.792181
0.795315
0.798437
0.801553
0.804651
0.807809
0.810877
0.813963
0.817138
0.820251
0.823376
0.826504
0.829539
0.832706
0.835783
0.838887
0.841940
0.845077
0.848139
0.851225
0.854328
0.857393
0.860485
0.863571
0.866618
0.869734
0.872784
0.875843
0.878914
0.882030
0.885065
0.888139
0.891222
0.894266
0.897304
0.900375
0.903419
0.906457
0.909519
0.912551
0.915595
0.918654
0.921686
0.924685
0.927744
0.930797
0.933796
0.936834
0.939854
0.942880
0.945939
0.948935
0.951934
0.954981
0.957929
0.960988
0.963963
0.966968
0.969988
0.972984
0.976007
0.979042
0.982020
0.984995
0.987962
0.990976
0.993963
0.996977
0.999916
1.002915
1.005905
1.008874
1.011822
1.014833
1.017805
1.020789
1.023722
1.026686
1.029694
1.032651
1.035608
1.038574
1.041546
1.044479
1.047418
1.050372
1.053326
1.056260
1.059235
1.062159
1.065077
1.068040
1.070961
1.073858
1.076798
1.079746
1.082643
1.085579
1.088500
1.091439
1.094373
1.097282
1.100161
1.103064
1.105979
1.108888
1.111798
1.114731
1.117619
1.120495
1.123488
1.126325
1.129214
1.132114
1.135038
1.137941
1.140793
1.143628
1.146579
1.149416
1.152295
1.155186
1.158084
1.160885
1.163734
1.166604
1.169463
1.172360
1.175230
1.178109
1.180970
1.183805
1.186627
1.189461
1.192332
1.195178
1.197997
1.200843
1.203681
1.206515
1.209361
1.212150
1.215045
1.217822
1.220665
1.223479
1.226274
1.229105
1.231939
1.234723
1.237500
1.240370
1.243121
1.245919
1.248735
1.251510
1.254287
1.257097
1.259878
1.262679
1.265501
1.268246
1.271002
1.273803
1.276596
1.279343
1.282156
1.284862
1.287651
1.290386
1.293128
1.295878
1.298632
1.301373
1.304132
1.306874
1.309633
1.312369
1.315116
1.317854
1.320599
1.323322
1.326033
1.328760
1.331507
1.334204
1.336912
1.339648
1.342323
1.345031
1.347743
1.350439
1.353124
1.355838
1.358574
1.361270
1.363976
1.366645
1.369297
1.372023
1.374701
1.377380
1.380052
1.382749
1.385406
1.388031
1.390673
1.393331
1.396006
1.398652
1.401339
1.403988
1.406612
1.409264
1.411880
1.414543
1.417132
1.419765
1.422414
1.425041
1.427669
1.430278
1.432888
1.435497
1.438104
1.440761
1.443383
1.445963
1.448584
1.451212
1.453821
1.456425
1.458992
1.461557
1.464131
1.466746
1.469326
1.471900
1.474500
1.477062
1.479626
1.482173
1.484702
1.487317
1.489891
1.492435
1.494966
1.497537
1.500056
1.502600
1.505135
1.507690
1.510204
1.512814
1.515282
1.517814
1.520367
1.522886
1.525379
1.527917
1.530442
1.532980
1.535503
1.537995
1.540509
1.543044
1.545534
1.548023
1.550522
1.553009
1.555486
1.558015
1.560469
1.562929
1.565436
1.567932
1.570380
1.572867
1.575314
1.577822
1.580306
1.582772
1.585225
1.587715
1.590172
1.592581
1.595067
1.597491
1.599978
1.602435
1.604867
1.607321
1.609775
1.612220
1.614653
1.617085
1.619512
1.621972
1.624396
1.626847
1.629276
1.631709
1.634121
1.636500
1.638951
1.641341
1.643774
1.646198
1.648628
1.651043
1.653466
1.655863
1.658329
1.660678
1.663069
1.665496
1.667889
1.670259
1.672644
1.675047
1.677486
1.679841
1.682199
1.684584
1.686944
1.689347
1.691666
1.694036
1.696484
1.698854
1.701215
1.703570
1.705909
1.708249
1.710619
1.712989
1.715317
1.717678
1.720045
1.722358
1.724755
1.727047
1.729432
1.731750
1.734102
1.736454
1.738785
1.741098
1.743417
1.745769
1.748070
1.750389
1.752675
1.755006
1.757319
1.759644
1.761915
1.764222
1.766550
1.768839
1.771143
1.773480
1.775756
1.778054
1.780337
1.782611
1.784927
1.787198
1.789487
1.791758
1.794038
1.796304
1.798530
1.800843
1.803084
1.805337
1.807566
1.809834
1.812090
1.814355
1.816590
1.818831
1.821060
1.823262
1.825503
1.827723
1.829952
1.832226
1.834446
1.836678
1.838898
1.841136
1.843312
1.845529
1.847794
1.849987
1.852183
1.854391
1.856602
1.858843
1.861000
1.863184
1.865411
1.867595
1.869752
1.871939
1.874123
1.876295
1.878473
1.880657
1.882869
1.885029
1.887186
1.889349
1.891530
1.893708
1.895850
1.897981
1.900147
1.902319
1.904473
1.906627
1.908751
1.910900
1.913051
1.915160
1.917293
1.919447
1.921593
1.923702
1.925835
1.927989
1.930071
1.932208
1.934287
1.936393
1.938535
1.940642
1.942721
1.944866
1.946963
1.949075
1.951182
1.953267
1.955376
1.957506
1.959559
1.961647
1.963750
1.965838
1.967924
1.969997
1.972061
1.974131
1.976199
1.978263
1.980318
1.982416
1.984468
1.986517
1.988590
1.990646
1.992695
1.994738
1.996764
1.998843
2.000886
2.002918
2.004958
2.006992
2.009029
2.011058
2.013056
2.015096
2.017167
2.019198
2.021199
2.023237
2.025274
2.027293
2.029304
2.031305
2.033303
2.035296
2.037264
2.039263
2.041270
2.043257
2.045255
2.047262
2.049254
2.051265
2.053266
2.055199
2.057197
2.059165
2.061137
2.063036
2.065059
2.066994
2.068990
2.070955
2.072905
2.074886
2.076839
2.078742
2.080668
2.082592
2.084524
2.086442
2.088386
2.090337
2.092251
2.094192
2.096131
2.098057
2.099954
2.101826
2.103738
2.105637
2.107477
2.109355
2.111261
2.113193
2.115069
2.116962
2.118850
2.120767
2.122661
2.124503
2.126340
2.128231
2.130067
2.131910
2.133743
2.135583
2.137455
2.139307
2.141168
2.143001
2.144871
2.146698
2.148505
2.150326
2.152163
2.153985
2.155773
2.157568
2.159422
2.161259
2.163060
2.164833
2.166649
2.168480
2.170253
2.172027
2.173807
2.175613
2.177366
2.179119
2.180910
2.182729
2.184488
2.186246
2.188077
2.189859
2.191582
2.193311
2.195073
2.196804
2.198536
2.200256
2.201969
2.203761
2.205496
2.207246
2.208992
2.210742
2.212486
2.214206
2.215919
2.217639
2.219305
2.221006
2.222684
2.224368
2.226073
2.227789
2.229512
2.231256
2.232925
2.234653
2.236334
2.238012
2.239696
2.241377
2.243027
2.244708
2.246347
2.248028
2.249700
2.251365
2.253013
2.254733
2.256387
2.258032
2.259703
2.261306
2.262966
2.264611
2.266256
2.267901
2.269536
2.271154
2.272805
2.274441
2.276080
2.277707
2.279349
2.280997
2.282578
2.284214
2.285760
2.287393
2.289002
2.290590
2.292172
2.293757
2.295383
2.297004
2.298613
2.300216
2.301831
2.303431
2.305010
2.306586
2.308138
2.309702
2.311254
2.312791
2.314334
2.315912
2.317473
2.319022
2.320607
2.322213
2.323777
2.325335
2.326896
2.328436
2.329967
2.331489
2.333017
2.334536
2.336076
2.337592
2.339108
2.340624
2.342146
2.343680
2.345214
2.346766
2.348261
2.349765
2.351263
2.352770
2.354277
2.355775
2.357270
2.358753
2.360215
2.361719
2.363184
2.364655
2.366138
2.367654
2.369138
2.370617
2.372116
2.373599
2.375061
2.376514
2.377958
2.379408
2.380861
2.382308
2.383728
2.385172
2.386607
2.388055
2.389520
2.390976
2.392426
2.393867
2.395302
2.396737
2.398163
2.399562
2.400985
2.402415
2.403805
2.405201
2.406609
2.408008
2.409395
2.410825
2.412242
2.413638
2.415058
2.416463
2.417868
2.419271
2.420640
2.422012
2.423372
2.424759
2.426113
2.427486
2.428858
2.430206
2.431581
2.432924
2.434308
2.435668
2.437031
2.438391
2.439764
2.441118
2.442469
2.443841
2.445180
2.446514
2.447841
2.449144
2.450475
2.451787
2.453081
2.454390
2.455745
2.457072
2.458402
2.459753
2.461030
2.462384
2.463705
2.465008
2.466324
2.467612
2.468912
2.470186
2.471474
2.472756
2.474014
2.475279
2.476561
2.477852
2.479126
2.480396
2.481678
2.482991
2.484294
2.485546
2.486831
2.488084
2.489357
2.490633
2.491850
2.493099
2.494370
2.495592
2.496808
2.498061
2.499292
2.500520
2.501740
2.503001
2.504227
2.505506
2.506707
2.507960
2.509194
2.510422
2.511642
2.512843
2.514054
2.515252
2.516448
2.517625
2.518829
2.520043
2.521223
2.522407
2.523605
2.524797
2.525987
2.527174
2.528372
2.529561
2.530751
2.531937
2.533136
2.534286
2.535428
2.536560
2.537719
2.538894
2.540056
2.541186
2.542331
2.543496
2.544628
2.545773
2.546911
2.548062
2.549206
2.550357
2.551474
2.552616
2.553761
2.554899
2.556005
2.557146
2.558252
2.559342
2.560442
2.561553
2.562668
2.563758
2.564873
2.565963
2.567096
2.568162
2.569235
2.570326
2.571404
2.572483
2.573567
2.574637
2.575752
2.576845
2.577921
2.578993
2.580063
2.581123
2.582193
2.583245
2.584287
2.585336
2.586375
2.587403
2.588440
2.589473
2.590504
2.591544
2.592583
2.593623
2.594663
2.595663
2.596712
2.597737
2.598785
2.599813
2.600843
2.601901
2.602908
2.603941
2.604957
2.605937
2.606910
2.607872
2.608834
2.609799
2.610790
2.611755
2.612750
2.613744
2.614718
2.615707
2.616678
2.617666
2.618619
2.619593
2.620575
2.621537
2.622523
2.623515
2.624473
2.625435
2.626394
2.627329
2.628275
2.629183
2.630088
2.631017
2.631943
2.632874
2.633791
2.634717
2.635661
2.636589
2.637518
2.638429
2.639337
2.640206
2.641116
2.642033
2.642941
2.643846
2.644787
2.645724
2.646671
2.647591
2.648493
2.649392
2.650275
2.651135
2.651983
2.652828
2.653673
2.654533
2.655423
2.656288
2.657187
2.658053
2.658928
2.659788
2.660633
2.661454
2.662287
2.663131
2.663970
2.664815
2.665669
2.666535
2.667419
2.668294
2.669130
2.669960
2.670816
2.671643
2.672458
2.673249
2.674049
2.674849
2.675667
2.676473
2.677291
2.678106
2.678909
2.679700
2.680511
2.681293
2.682073
2.682848
2.683621
2.684415
2.685206
2.685964
2.686734
2.687516
2.688298
2.689077
2.689853
2.690635
2.691435
2.692238
2.693002
2.693781
2.694566
2.695321
2.696061
2.696810
2.697538
2.698275
2.698991
2.699716
2.700444
2.701199
2.701924
2.702649
2.703387
2.704118
2.704816
2.705511
2.706206
2.706925
2.707608
2.708297
2.708992
2.709711
2.710415
2.711107
2.711814
2.712543
2.713261
2.713959
2.714658
2.715362
2.716081
2.716767
2.717447
2.718133
2.718795
2.719448
2.720104
2.720764
2.721408
2.722052
2.722693
2.723355
2.724017
2.724664
2.725288
2.725947
2.726588
2.727235
2.727846
2.728472
2.729105
2.729725
2.730333
2.730947
2.731555
2.732146
2.732751
2.733359
2.733955
2.734590
2.735217
2.735828
2.736484
2.737128
2.737736
2.738356
2.738983
2.739606
2.740202
2.740801
2.741389
2.741979
2.742560
2.743111
2.743659
2.744229
2.744798
2.745337
2.745892
2.746422
2.746991
2.747539
2.748085
2.748630
2.749175
2.749700
2.750245
2.750778
2.751308
2.751830
2.752348
2.752875
2.753406
2.753927
2.754415
2.754925
2.755443
2.755961
2.756462
2.756983
2.757504
2.758026
2.758559
2.759095
2.759625
2.760171
2.760713
2.761243
2.761789
2.762298
2.762813
2.763338
2.763850
2.764344
2.764809
2.765276
2.765758
2.766223
2.766666
2.767119
2.767577
2.768017
2.768440
2.768886
2.769327
2.769779
2.770222
2.770663
2.771094
2.771526
2.771960
2.772389
2.772829
2.773246
2.773650
2.774051
2.774465
2.774878
2.775262
2.775660
2.776065
2.776469
2.776856
2.777260
2.777650
2.778048
2.778438
2.778839
2.779238
2.779633
2.780035
2.780448
2.780864
2.781269
2.781679
2.782108
2.782536
2.782950
2.783369
2.783792
2.784217
2.784634
2.785047
2.785457
2.785847
2.786237
2.786617
2.786997
2.787360
2.787735
2.788094
2.788450
2.788798
2.789134
2.789454
2.789778
2.790113
2.790434
2.790730
2.791045
2.791354
2.791653
2.791944
2.792238
2.792507
2.792795
2.793061
2.793343
2.793613
2.793861
2.794137
2.794404
2.794673
2.794943
2.795198
2.795452
2.795713
2.795959
2.796195
2.796450
2.796711
2.796947
2.797190
2.797424
2.797642
2.797867
2.798095
2.798326
2.798547
2.798781
2.798997
2.799212
2.799428
2.799626
2.799812
2.800003
2.800201
2.800393
2.800573
2.800767
2.800959
2.801148
2.801342
2.801528
2.801711
2.801897
2.802098
2.802292
2.802463
2.802664
2.802874
2.803080
2.803287
2.803488
2.803691
2.803907
2.804129
2.804351
2.804569
2.804788
2.805022
2.805273
2.805522
2.805777
2.806019
2.806277
2.806526
2.806771
2.807005
2.807239
2.807469
2.807721
2.807955
2.808188
2.808404
2.808614
2.808851
2.809075
2.809285
2.809498
2.809701
2.809893
2.810073
2.810253
2.810409
2.810564
2.810711
2.810852
2.810975
2.811083
2.811197
2.811307
2.811415
2.811505
2.811565
2.811640
2.811712
2.811772
2.811805
2.811844
2.811883
2.811907
2.811916
2.811916
2.811916
2.811916
2.811916
2.811916
2.811916
2.811916
2.811916
2.811916
2.811916
2.811916
2.811916
2.811895
2.811826
2.811751
2.811655
2.811559
2.811457
2.811361
2.811248
2.811128
2.810996
2.810870
2.810744
2.810615
2.810477
2.810346
2.810205
2.810061
2.809920
2.809764
2.809600
2.809444
2.809285
2.809120
2.808953
2.808785
2.808629
2.808476
2.808326
2.808173
2.808015
2.807874
2.807736
2.807598
2.807457
2.807320
2.807203
2.807083
2.806960
2.806843
2.806723
2.806612
2.806523
2.806436
2.806343
2.806274
2.806211
2.806157
2.806112
2.806073
2.806031
2.806007
2.805986
2.805971
2.805948
2.805923
2.805921
2.805921
2.805921
2.805921
2.805921
2.805921
2.805921
2.805921
2.805921
2.805921
2.805921
2.805935
2.806007
2.806079
2.806139
2.806223
2.806301
2.806376
2.806448
2.806538
2.806631
2.806717
2.806804
2.806906
2.806990
2.807080
2.807188
2.807293
2.807379
2.807467
2.807562
2.807661
2.807748
2.807826
2.807898
2.807979
2.808063
2.808141
2.808201
2.808275
2.808347
2.808404
2.808461
2.808512
2.808551
2.808596
2.808629
2.808662
2.808680
2.808689
2.808707
2.808722
2.808734
2.808740
2.808740
2.808740
2.808740
2.808740
2.808740
2.808740
2.808740
2.808740
2.808740
2.808740
2.808740
2.808740
2.808740
2.808740
2.808740
2.808719
2.808677
2.808626
2.808572
2.808527
2.808464
2.808422
2.808380
2.808341
2.808287
2.808233
2.808194
2.808153
2.808114
2.808066
2.808015
2.807985
2.807952
2.807919
2.807883
2.807859
2.807835
2.807808
2.807790
2.807781
2.807763
2.807748
2.807742
2.807736
2.807718
2.807712
2.807712
2.807712
2.807712
2.807712
2.807712
2.807712
2.807712
2.807712
2.807712
2.807712
2.807712
2.807712
2.807712
2.807712
2.807712
2.807712
2.807712
2.807712
2.807712
2.807712
2.807712
2.807712
2.807712
2.807712
2.807712
2.807712
2.807736
2.807757
2.807766
2.807769
2.807793
2.807808
2.807820
2.807829
2.807829
2.807832
2.807847
2.807850
2.807850
2.807850
2.807850
2.807853
2.807862
2.807862
2.807862
2.807862
2.807862
2.807862
2.807862
2.807862
2.807862
2.807862
2.807862
2.807862
2.807862
2.807862
2.807862
2.807862
2.807862
2.807862
2.807862
2.807862
2.807862
2.807862
2.807862
2.807862
2.807862
2.807862
2.807862
2.807862
2.807862
2.807862
2.807862
2.807862
2.807862
2.807862
2.807862
2.807862
2.807862
2.807862
2.807862
2.807862
2.807862
2.807862
2.807862
2.807862
2.807862
2.807862
2.807862
2.807862
2.807862
2.807862
2.807862
2.807862
2.807862
2.807862
2.807862
2.807862
2.807862
2.807862
2.807862
2.807862
2.807862
2.807862
2.807862
2.807862
2.807862
2.807862
2.807862
2.807862
2.807862
2.807862
2.807862
2.807862
2.807862
2.807862
2.807862
2.807862
2.807862
2.807862
2.807862
2.807862
2.807862
2.807862
2.807862
2.807862
2.807862
2.807862
2.807862
2.807862
2.807862
2.807862
2.807862
2.807862
2.807862
2.807862
2.807862
2.807862
2.807862
2.807862
2.807862
2.807862