2.807862
2.807862
2.807862
2.807862
2.807862
2.807862
2.807862
2.807862
2.807862
2.807862
2.807862
2.807868
2.807964
2.808099
2.808260
2.808440
2.808656
2.808902
2.809168
2.809462
2.809758
2.810073
2.810433
2.810810
2.811212
2.811637
2.812122
2.812626
2.813165
2.813734
2.814345
2.814993
2.815682
2.816398
2.817147
2.817926
2.818750
2.819618
2.820523
2.821464
2.822420
2.823408
2.824445
2.825530
2.826653
2.827798
2.828978
2.830245
2.831522
2.832819
2.834155
2.835492
2.836903
2.838323
2.839779
2.841262
2.842787
2.844357
2.845966
2.847632
2.849285
2.851029
2.852776
2.854583
2.856380
2.858220
2.860089
2.862013
2.863981
2.865964
2.868005
2.870084
2.872163
2.874302
2.876463
2.878701
2.880900
2.883174
2.885436
2.887812
2.890191
2.892602
2.894984
2.897555
2.900021
2.902588
2.905165
2.907810
2.910468
2.913185
2.915873
2.918617
2.921437
2.924223
2.927063
2.929969
2.932908
2.935895
2.938906
2.941911
2.944994
2.948113
2.951244
2.954417
2.957659
2.960844
2.964157
2.967471
2.970746
2.974035
2.977274
2.980537
2.983823
2.987068
2.990430
2.993668
2.996937
3.000215
3.003561
3.006884
3.010150
3.013466
3.016843
3.020106
3.023407
3.026673
3.029974
3.033339
3.036602
3.039850
3.043169
3.046468
3.049788
3.053020
3.056256
3.059570
3.062835
3.066092
3.069352
3.072671
3.075940
3.079197
3.082478
3.085674
3.088919
3.092161
3.095414
3.098656
3.101916
3.105134
3.108321
3.111554
3.114790
3.118029
3.121246
3.124509
3.127688
3.130951
3.134147
3.137362
3.140553
3.143723
3.146896
3.150128
3.153331
3.156486
3.159683
3.162835
3.166038
3.169252
3.172386
3.175559
3.178759
3.181893
3.185050
3.188223
3.191354
3.194497
3.197670
3.200843
3.203985
3.207152
3.210286
3.213402
3.216572
3.219724
3.222900
3.225959
3.229152
3.232235
3.235381
3.238491
3.241613
3.244765
3.247857
3.250943
3.254056
3.257169
3.260302
3.263418
3.266507
3.269560
3.272670
3.275741
3.278860
3.281964
3.285050
3.288145
3.291219
3.294281
3.297355
3.300431
3.303493
3.306529
3.309650
3.312625
3.315679
3.318764
3.321802
3.324864
3.327878
3.330914
3.333954
3.337016
3.340030
3.343045
3.346103
3.349097
3.352138
3.355152
3.358160
3.361144
3.364164
3.367127
3.370144
3.373164
3.376187
3.379159
3.382155
3.385109
3.388090
3.391083
3.394085
3.397051
3.400002
3.402945
3.405908
3.408895
3.411849
3.414809
3.417775
3.420684
3.423644
3.426616
3.429538
3.432474
3.435410
3.438316
3.441237
3.444221
3.447142
3.450004
3.452931
3.455786
3.458743
3.461637
3.464550
3.467468
3.470356
3.473217
3.476105
3.478997
3.481867
3.484755
3.487634
3.490469
3.493321
3.496176
3.499010
3.501898
3.504763
3.507558
3.510380
3.513175
3.516025
3.518835
3.521687
3.524510
3.527302
3.530097
3.532905
3.535676
3.538504
3.541287
3.544068
3.546869
3.549587
3.552412
3.555180
3.557937
3.560681
3.563422
3.566137
3.568881
3.571623
3.574349
3.577096
3.579826
3.582519
3.585225
3.587939
3.590609
3.593341
3.596056
3.598755
3.601415
3.604052
3.606725
3.609433
3.612096
3.614766
3.617444
3.620078
3.622702
3.625327
3.627960
3.630609
3.633242
3.635870
3.638486
3.641137
3.643675
3.646341
3.648936
3.651545
3.654110
3.656705
3.659308
3.661846
3.664434
3.667023
3.669597
3.672164
3.674756
3.677263
3.679801
3.682363
3.684886
3.687486
3.689943
3.692502
3.694976
3.697487
3.699971
3.702493
3.705034
3.707503
3.710043
3.712533
3.715005
3.717483
3.719930
3.722417
3.724904
3.727385
3.729823
3.732280
3.734743
3.737218
3.739653
3.742122
3.744498
3.746943
3.749355
3.751772
3.754175
3.756602
3.759047
3.761474
3.763855
3.766255
3.768583
3.771025
3.773383
3.775774
3.778153
3.780544
3.782913
3.785289
3.787620
3.789960
3.792291
3.794694
3.797001
3.799347
3.801663
3.804006
3.806355
3.808682
3.811013
3.813347
3.815642
3.817973
3.820283
3.822563
3.824891
3.827150
3.829478
3.831761
3.834038
3.836273
3.838544
3.840830
3.843122
3.845387
3.847658
3.849899
3.852179
3.854435
3.856676
3.858932
3.861206
3.863447
3.865700
3.867915
3.870108
3.872358
3.874563
3.876762
3.878958
3.881145
3.883332
3.885546
3.887748
3.889933
3.892126
3.894352
3.896485
3.898675
3.900841
3.903013
3.905147
3.907373
3.909506
3.911678
3.913823
3.915965
3.918092
3.920241
3.922374
3.924522
3.926634
3.928792
3.930931
3.933028
3.935140
3.937279
3.939332
3.941480
3.943571
3.945626
3.947690
3.949827
3.951882
3.953973
3.956064
3.958144
3.960205
3.962281
3.964358
3.966389
3.968483
3.970503
3.972600
3.974628
3.976698
3.978706
3.980788
3.982795
3.984827
3.986843
3.988853
3.990876
3.992919
3.994956
3.996946
3.998992
4.001011
4.003034
4.005023
4.006991
4.008999
4.010997
4.013026
4.014988
4.016993
4.018943
4.020986
4.022919
4.024878
4.026834
4.028767
4.030723
4.032689
4.034666
4.036653
4.038588
4.040547
4.042477
4.044412
4.046324
4.048214
4.050138
4.052076
4.054008
4.055923
4.057882
4.059782
4.061715
4.063605
4.065495
4.067380
4.069273
4.071146
4.073021
4.074927
4.076808
4.078714
4.080593
4.082438
4.084293
4.086180
4.088017
4.089871
4.091684
4.093512
4.095351
4.097203
4.099051
4.100882
4.102715
4.104549
4.106344
4.108174
4.109975
4.111763
4.113582
4.115359
4.117138
4.118966
4.120740
4.122540
4.124353
4.126153
4.127918
4.129677
4.131442
4.133213
4.134974
4.136724
4.138455
4.140208
4.141976
4.143725
4.145502
4.147234
4.148987
4.150701
4.152417
4.154155
4.155892
4.157594
4.159302
4.161031
4.162714
4.164413
4.166145
4.167856
4.169537
4.171206
4.172865
4.174540
4.176239
4.177919
4.179603
4.181293
4.182923
4.184610
4.186264
4.187932
4.189571
4.191201
4.192846
4.194488
4.196103
4.197739
4.199380
4.201010
4.202625
4.204231
4.205807
4.207377
4.208986
4.210609
4.212269
4.213833
4.215448
4.217015
4.218579
4.220158
4.221725
4.223280
4.224838
4.226375
4.227900
4.229455
4.231004
4.232564
4.234152
4.235674
4.237206
4.238709
4.240220
4.241747
4.243272
4.244768
4.246302
4.247806
4.249303
4.250760
4.252270
4.253759
4.255260
4.256773
4.258247
4.259715
4.261231
4.262666
4.264155
4.265656
4.267118
4.268562
4.269976
4.271414
4.272861
4.274293
4.275732
4.277170
4.278605
4.280025
4.281460
4.282866
4.284288
4.285717
4.287105
4.288486
4.289930
4.291332
4.292710
4.294088
4.295464
4.296830
4.298205
4.299613
4.301001
4.302382
4.303778
4.305129
4.306507
4.307891
4.309255
4.310636
4.311987
4.313329
4.314704
4.316023
4.317365
4.318689
4.320019
4.321350
4.322680
4.323980
4.325295
4.326653
4.327947
4.329253
4.330551
4.331845
4.333157
4.334434
4.335725
4.336992
4.338280
4.339554
4.340800
4.342055
4.343344
4.344620
4.345884
4.347143
4.348413
4.349662
4.350927
4.352167
4.353437
4.354663
4.355894
4.357117
4.358366
4.359601
4.360802
4.362000
4.363202
4.364427
4.365620
4.366809
4.367992
4.369206
4.370377
4.371558
4.372744
4.373930
4.375102
4.376276
4.377433
4.378607
4.379779
4.380890
4.382068
4.383200
4.384357
4.385450
4.386595
4.387722
4.388842
4.389975
4.391092
4.392224
4.393360
4.394472
4.395583
4.396686
4.397803
4.398909
4.400008
4.401093
4.402210
4.403298
4.404374
4.405449
4.406507
4.407549
4.408607
4.409673
4.410707
4.411747
4.412798
4.413820
4.414865
4.415896
4.416894
4.417882
4.418919
4.419965
4.420990
4.422005
4.423030
4.424055
4.425058
4.426041
4.427027
4.428006
4.428959
4.429882
4.430829
4.431784
4.432728
4.433672
4.434597
4.435526
4.436449
4.437360
4.438295
4.439232
4.440170
4.441099
4.442040
4.442963
4.443882
4.444814
4.445725
4.446621
4.447493
4.448340
4.449188
4.450030
4.450875
4.451720
4.452565
4.453416
4.454228
4.455013
4.455840
4.456694
4.457506
4.458302
4.459117
4.459932
4.460732
4.461517
4.462320
4.463141
4.463959
4.464735
4.465514
4.466299
4.467075
4.467851
4.468612
4.469376
4.470122
4.470841
4.471551
4.472264
4.472986
4.473666
4.474361
4.475048
4.475718
4.476387
4.477067
4.477753
4.478454
4.479140
4.479796
4.480455
4.481135
4.481773
4.482430
4.483083
4.483739
4.484359
4.485009
4.485668
4.486331
4.486966
4.487595
4.488236
4.488877
4.489497
4.490094
4.490681
4.491256
4.491831
4.492385
4.492913
4.493458
4.494007
4.494534
4.495037
4.495543
4.496050
4.496595
4.497131
4.497629
4.498132
4.498635
4.499115
4.499585
4.500085
4.500571
4.501038
4.501488
4.501934
4.502387
4.502833
4.503282
4.503723
4.504163
4.504589
4.504993
4.505397
4.505817
4.506242
4.506662
4.507075
4.507515
4.507953
4.508381
4.508813
4.509233
4.509658
4.510077
4.510491
4.510907
4.511312
4.511719
4.512117
4.512519
4.512906
4.513259
4.513607
4.513960
4.514305
4.514622
4.514922
4.515227
4.515512
4.515794
4.516060
4.516321
4.516567
4.516794
4.517025
4.517247
4.517463
4.517675
4.517879
4.518071
4.518239
4.518385
4.518514
4.518649
4.518784
4.518907
4.519014
4.519123
4.519218
4.519296
4.519368
4.519437
4.519503
4.519578
4.519650
4.519703
4.519754
4.519812
4.519862
4.519907
4.519949
4.519970
4.519973
4.519985
4.519994
4.519994
4.519994
4.519994
4.519994
4.519994
4.519994
4.519994
4.519994
4.519994
4.519994
4.519994
4.519994
4.519994
4.519994
4.519994
4.519994
4.519994
4.519994
4.519994
4.519994
4.519994
4.519994
4.519994
4.519994
4.519994
4.519994
4.519994
4.519994
4.519994
4.519994
4.519994
4.519994
4.519994
4.519994
4.519994
4.519994
4.519994
4.519994
4.519994
4.519994
4.519994
4.519994
4.519994
4.519994
4.519994
4.519994
4.519994
4.519994
4.519994
4.519994
4.519994
4.519994
4.519994
4.519994
4.519994
4.519994
4.519994
4.519994
4.519994
4.519994
4.519994
4.519994
4.519994
4.519994
4.519994
4.519994
4.519994
4.519994
4.519994
4.519994
4.519994
4.519994
4.519994
4.519994
4.519994
4.519994
4.519994
4.519994
4.519994
4.519994
4.519994
4.519994
4.519994
4.519994
4.519994
4.519994
4.519994
4.519994
4.519994
4.519994
4.519994
4.519994
4.519994
4.519994
4.519994
4.519994
4.519994
4.519994
4.519994