2.905123
2.905123
2.905123
2.905123
2.905123
2.905123
2.905123
2.905123
2.905177
2.905282
2.905414
2.905569
2.905755
2.905953
2.906202
2.906486
2.906777
2.907091
2.907448
2.907822
2.908224
2.908652
2.909108
2.909611
2.910147
2.910696
2.911289
2.911924
2.912586
2.913275
2.914033
2.914806
2.915606
2.916448
2.917341
2.918267
2.919225
2.920208
2.921239
2.922335
2.923414
2.924567
2.925739
2.926940
2.928199
2.929514
2.930793
2.932129
2.933522
2.934931
2.936414
2.937873
2.939413
2.940929
2.942514
2.944153
2.945863
2.947583
2.949306
2.951085
2.952892
2.954714
2.956556
2.958471
2.960436
2.962395
2.964415
2.966449
2.968540
2.970692
2.972846
2.975060
2.977283
2.979518
2.981801
2.984135
2.986502
2.988881
2.991334
2.993785
2.996278
2.998846
3.001419
3.004014
3.006686
3.009335
3.012037
3.014806
3.017598
3.020399
3.023278
3.026122
3.029034
3.031967
3.035005
3.038004
3.041072
3.044140
3.047277
3.050417
3.053619
3.056843
3.060127
3.063437
3.066802
3.070086
3.073504
3.076836
3.080275
3.083664
3.087073
3.090534
3.093928
3.097296
3.100771
3.104106
3.107569
3.110928
3.114400
3.117795
3.121240
3.124653
3.128026
3.131532
3.134944
3.138327
3.141754
3.145134
3.148529
3.151983
3.155339
3.158760
3.162268
3.165570
3.169024
3.172392
3.175858
3.179217
3.182639
3.186012
3.189422
3.192792
3.196178
3.199542
3.202973
3.206337
3.209687
3.213145
3.216434
3.219841
3.223220
3.226585
3.229937
3.233341
3.236738
3.240070
3.243474
3.246817
3.250185
3.253537
3.256827
3.260201
3.263574
3.266891
3.270219
3.273620
3.276933
3.280271
3.283630
3.286943
3.290281
3.293625
3.296899
3.300240
3.303571
3.306876
3.310205
3.313542
3.316850
3.320128
3.323447
3.326716
3.330029
3.333334
3.336630
3.339923
3.343227
3.346490
3.349771
3.353054
3.356356
3.359637
3.362890
3.366138
3.369407
3.372654
3.375908
3.379150
3.382419
3.385630
3.388872
3.392150
3.395347
3.398594
3.401827
3.405039
3.408281
3.411549
3.414773
3.417937
3.421188
3.424372
3.427557
3.430745
3.433921
3.437097
3.440296
3.443445
3.446615
3.449866
3.452988
3.456146
3.459255
3.462386
3.465538
3.468690
3.471794
3.474958
3.478092
3.481199
3.484329
3.487478
3.490564
3.493731
3.496793
3.499897
3.503013
3.506075
3.509188
3.512331
3.515375
3.518458
3.521528
3.524585
3.527634
3.530679
3.533720
3.536782
3.539858
3.542908
3.545937
3.548999
3.551980
3.555022
3.558086
3.561103
3.564100
3.567128
3.570089
3.573085
3.576114
3.579110
3.582139
3.585123
3.588062
3.591046
3.594015
3.596987
3.599956
3.602964
3.605922
3.608843
3.611836
3.614742
3.617717
3.620647
3.623538
3.626477
3.629393
3.632326
3.635208
3.638147
3.641014
3.643932
3.646872
3.649733
3.652696
3.655566
3.658442
3.661273
3.664156
3.667014
3.669887
3.672749
3.675607
3.678450
3.681287
3.684113
3.686959
3.689829
3.692639
3.695467
3.698254
3.701070
3.703862
3.706676
3.709468
3.712234
3.715050
3.717833
3.720583
3.723412
3.726144
3.728915
3.731702
3.734449
3.737188
3.739947
3.742718
3.745478
3.748198
3.750904
3.753645
3.756288
3.759035
3.761758
3.764506
3.767139
3.769821
3.772487
3.775166
3.777832
3.780547
3.783222
3.785877
3.788567
3.791180
3.793843
3.796477
3.799182
3.801798
3.804476
3.807080
3.809689
3.812314
3.814938
3.817572
3.820202
3.822824
3.825428
3.828040
3.830617
3.833259
3.835854
3.838436
3.841049
3.843632
3.846181
3.848782
3.851346
3.853920
3.856497
3.859076
3.861599
3.864119
3.866662
3.869200
3.871789
3.874356
3.876906
3.879434
3.882008
3.884477
3.887002
3.889543
3.892087
3.894603
3.897123
3.899610
3.902133
3.904631
3.907133
3.909647
3.912172
3.914662
3.917161
3.919632
3.922107
3.924642
3.927129
3.929612
3.932099
3.934532
3.937010
3.939451
3.941926
3.944386
3.946861
3.949332
3.951747
3.954186
3.956637
3.959069
3.961514
3.963989
3.966413
3.968849
3.971267
3.973645
3.976066
3.978457
3.980947
3.983341
3.985723
3.988113
3.990528
3.992919
3.995274
3.997680
4.000110
4.002501
4.004894
4.007228
4.009565
4.011944
4.014371
4.016720
4.019051
4.021411
4.023748
4.026145
4.028482
4.030807
4.033135
4.035505
4.037857
4.040146
4.042480
4.044805
4.047118
4.049437
4.051734
4.054041
4.056322
4.058643
4.060879
4.063156
4.065418
4.067739
4.069987
4.072320
4.074559
4.076857
4.079098
4.081338
4.083601
4.085827
4.088074
4.090303
4.092568
4.094818
4.097044
4.099240
4.101475
4.103662
4.105870
4.108060
4.110283
4.112515
4.114721
4.116935
4.119116
4.121291
4.123487
4.125650
4.127850
4.130010
4.132137
4.134309
4.136487
4.138656
4.140831
4.142962
4.145101
4.147288
4.149394
4.151506
4.153657
4.155824
4.157942
4.160081
4.162229
4.164332
4.166460
4.168569
4.170687
4.172805
4.174914
4.176997
4.179112
4.181248
4.183357
4.185458
4.187597
4.189661
4.191731
4.193775
4.195860
4.197915
4.199995
4.202053
4.204135
4.206223
4.208288
4.210337
4.212410
4.214429
4.216467
4.218522
4.220565
4.222597
4.224667
4.226692
4.228718
4.230761
4.232780
4.234785
4.236804
4.238793
4.240819
4.242847
4.244845
4.246874
4.248866
4.250874
4.252866
4.254879
4.256860
4.258840
4.260827
4.262819
4.264793
4.266783
4.268748
4.270722
4.272703
4.274647
4.276595
4.278539
4.280466
4.282422
4.284337
4.286305
4.288210
4.290161
4.292111
4.294047
4.295970
4.297858
4.299790
4.301690
4.303568
4.305474
4.307373
4.309290
4.311184
4.313056
4.314962
4.316916
4.318764
4.320640
4.322545
4.324385
4.326233
4.328097
4.329946
4.331812
4.333682
4.335542
4.337402
4.339239
4.341070
4.342885
4.344716
4.346540
4.348368
4.350184
4.351994
4.353845
4.355679
4.357503
4.359307
4.361107
4.362845
4.364649
4.366435
4.368190
4.369952
4.371726
4.373481
4.375267
4.377040
4.378799
4.380522
4.382287
4.384006
4.385702
4.387452
4.389201
4.390912
4.392665
4.394349
4.396032
4.397728
4.399445
4.401176
4.402878
4.404565
4.406258
4.407942
4.409640
4.411318
4.412999
4.414641
4.416280
4.417928
4.419537
4.421220
4.422868
4.424516
4.426155
4.427749
4.429388
4.430984
4.432617
4.434211
4.435805
4.437435
4.439014
4.440611
4.442211
4.443834
4.445414
4.446980
4.448556
4.450102
4.451648
4.453191
4.454776
4.456352
4.457895
4.459444
4.460990
4.462509
4.464031
4.465574
4.467099
4.468633
4.470161
4.471674
4.473163
4.474679
4.476189
4.477699
4.479209
4.480710
4.482151
4.483610
4.485075
4.486537
4.488026
4.489480
4.490960
4.492415
4.493854
4.495277
4.496715
4.498138
4.499576
4.501014
4.502416
4.503830
4.505233
4.506632
4.508067
4.509487
4.510883
4.512297
4.513706
4.515131
4.516519
4.517903
4.519254
4.520653
4.522011
4.523362
4.524728
4.526064
4.527391
4.528722
4.530055
4.531391
4.532740
4.534049
4.535355
4.536694
4.537982
4.539271
4.540607
4.541904
4.543201
4.544502
4.545775
4.547058
4.548358
4.549640
4.550901
4.552187
4.553469
4.554728
4.555983
4.557253
4.558482
4.559731
4.560992
4.562218
4.563443
4.564662
4.565885
4.567095
4.568326
4.569531
4.570742
4.571931
4.573129
4.574334
4.575505
4.576683
4.577872
4.579071
4.580200
4.581371
4.582555
4.583705
4.584859
4.586010
4.587160
4.588274
4.589446
4.590551
4.591708
4.592825
4.593934
4.595042
4.596163
4.597260
4.598353
4.599450
4.600540
4.601628
4.602709
4.603809
4.604894
4.605966
4.607078
4.608150
4.609226
4.610298
4.611368
4.612441
4.613498
4.614550
4.615581
4.616620
4.617636
4.618651
4.619646
4.620656
4.621671
4.622675
4.623682
4.624664
4.625659
4.626630
4.627655
4.628649
4.629629
4.630630
4.631591
4.632586
4.633566
4.634536
4.635486
4.636448
4.637389
4.638332
4.639261
4.640178
4.641101
4.642026
4.642937
4.643857
4.644762
4.645643
4.646523
4.647440
4.648312
4.649205
4.650095
4.650961
4.651854
4.652719
4.653597
4.654469
4.655353
4.656219
4.657079
4.657930
4.658783
4.659631
4.660459
4.661267
4.662073
4.662888
4.663691
4.664485
4.665264
4.666037
4.666819
4.667601
4.668368
4.669138
4.669902
4.670663
4.671433
4.672209
4.672979
4.673767
4.674561
4.675331
4.676092
4.676859
4.677599
4.678357
4.679109
4.679831
4.680535
4.681230
4.681907
4.682590
4.683267
4.683953
4.684616
4.685260
4.685907
4.686554
4.687207
4.687851
4.688508
4.689155
4.689775
4.690401
4.691009
4.691638
4.692265
4.692897
4.693520
4.694104
4.694721
4.695347
4.695961
4.696582
4.697184
4.697792
4.698389
4.698976
4.699557
4.700150
4.700749
4.701324
4.701891
4.702445
4.702984
4.703503
4.704027
4.704554
4.705051
4.705534
4.706034
4.706502
4.706966
4.707421
4.707862
4.708299
4.708746
4.709186
4.709624
4.710067
4.710514
4.710948
4.711391
4.711823
4.712254
4.712677
4.713102
4.713524
4.713926
4.714327
4.714726
4.715116
4.715502
4.715879
4.716248
4.716613
4.716985
4.717360
4.717731
4.718126
4.718540
4.718941
4.719343
4.719729
4.720110
4.720511
4.720925
4.721320
4.721695
4.722072
4.722462
4.722839
4.723226
4.723606
4.723963
4.724292
4.724616
4.724930
4.725233
4.725530
4.725820
4.726096
4.726347
4.726575
4.726785
4.726995
4.727216
4.727435
4.727627
4.727807
4.727995
4.728181
4.728361
4.728547
4.728714
4.728867
4.729020
4.729161
4.729296
4.729424
4.729557
4.729673
4.729790
4.729898
4.729997
4.730087
4.730192
4.730299
4.730395
4.730494
4.730605
4.730710
4.730812
4.730914
4.731003
4.731091
4.731189
4.731288
4.731372
4.731471
4.731564
4.731654
4.731738
4.731815
4.731878
4.731944
4.732019
4.732085
4.732145
4.732196
4.732244
4.732295
4.732340
4.732373
4.732394
4.732415
4.732436
4.732460
4.732469
4.732478
4.732492
4.732504
4.732513
4.732516
4.732520
4.732520
4.732520
4.732520
4.732520
4.732520
4.732520
4.732520
4.732520
4.732520
4.732520
4.732520
4.732520
4.732520
4.732520
4.732520
4.732520
4.732520
4.732520
4.732520
4.732520
4.732520
4.732520
4.732502
4.732474
4.732445
4.732432
4.732427
4.732415
4.732409
4.732388
4.732378
4.732376
4.732376
4.732370
4.732364
4.732364
4.732364
4.732364
4.732364
4.732358
4.732343
4.732340
4.732340
4.732340
4.732340
4.732340
4.732340
4.732340
4.732340
4.732340
4.732340
4.732340
4.732340
4.732340
4.732340
4.732340
4.732340
4.732340
4.732340
4.732340
4.732340
4.732340
4.732340
4.732340
4.732340
4.732340
4.732340
4.732340
4.732340
4.732340
4.732340
4.732340
4.732340
4.732340
4.732340
4.732340
4.732340
4.732340
4.732340
4.732340
4.732340
4.732340
4.732340
4.732340
4.732340
4.732340
4.732340
4.732340
4.732340
4.732340
4.732340
4.732340
4.732340
4.732340
4.732340
4.732340
4.732340
4.732340
4.732340
4.732340
4.732340
4.732340
4.732340
4.732340
4.732340
4.732340
4.732340
4.732340
4.732340
4.732340
4.732340
4.732340
4.732340
4.732340
4.732340
4.732340
4.732340
4.732340
4.732340
4.732340
4.732340
4.732340
4.732340
4.732340
4.732340
4.732340
4.732340
4.732340
4.732340
4.732340
4.732340
4.732340
4.732340
4.732340
4.732340
4.732340
4.732340
4.732340
4.732340
4.732340
4.732340